56292 0 6
57828 0 7
59302 0 5
60736 0 1
62211 0 11
63665 0 8
65242 0 11
66757 0 12
68191 0 3
69645 0 10
71201 0 15
72614 0 18
74109 0 22
75645 0 21
77079 0 30
78471 0 10
79885 0 20
81359 0 27
82875 0 12
84410 0 15
85824 0 17
87360 0 19
88834 0 19
90247 0 14
91660 0 19
93176 0 33
94691 0 6
96125 0 17
97517 0 35
98992 0 10
100528 0 19
102002 0 19
103559 0 21
105115 0 22
106590 0 36
108126 0 1
109641 0 13
111116 0 25
112549 0 7
114045 0 24
115458 0 16
116830 0 36
118284 0 10
119738 0 21
121253 0 36
122789 0 6
124284 0 23
125738 0 13
127151 0 24
128708 0 27
130182 0 11
131636 0 17
133070 0 18
134524 0 14
136019 0 16
137412 0 20
138845 0 33
140320 0 6
141876 0 14
143310 0 21
144866 0 20
146361 0 24
147877 0 19
149392 0 20
150867 0 27
152403 0 10
153980 0 21
155413 0 18
156970 0 18
158465 0 36
159980 0 7
161393 0 17
162888 0 20
164465 0 18
165899 0 22
167435 0 21
168930 0 16
170404 0 34
171838 0 1
173251 0 22
174767 0 23
176221 0 13
177654 0 17
179129 0 31
180583 0 3
182057 0 16
183552 0 21
185068 0 33
186522 0 4
188037 0 20
189573 0 19
191068 0 15
192481 0 33
194017 0 7
195512 0 23
196946 0 13
198339 0 23
199793 0 13
201267 0 33
202721 0 6
204278 0 13
205752 0 19
207206 0 24
208701 0 19
210135 0 20
211671 0 23
213186 0 27
214661 0 12
216054 0 21
217569 0 18
219003 0 26
220518 0 8
222013 0 16
223488 0 19
225065 0 24
226560 0 32
227993 0 9
229468 0 24
230942 0 17
232437 0 20
234014 0 24
235509 0 34
237025 0 2
238561 0 15
240056 0 35
241612 0 12
243107 0 22
244561 0 25
246118 0 10
247613 0 14
249087 0 22
250562 0 36
252118 0 4
253634 0 23
255108 0 23
256644 0 22
258201 0 18
259757 0 30
261129 0 5
262542 0 24
263996 0 16
265471 0 28
266904 0 8
268399 0 15
269813 0 36
271267 0 1
272721 0 21
274216 0 15
275731 0 18
277247 0 23
278701 0 14
280114 0 29
281547 0 8
283124 0 17
284517 0 13
286032 0 27
287548 0 8
289104 0 17
290579 0 29
292053 0 5
293487 0 18
294982 0 28
296375 0 1
297829 0 23
299303 0 18
300880 0 13
302334 0 20
303809 0 21
305222 0 36
306737 0 7
308171 0 13
309666 0 19
311140 0 22
312615 0 35
314008 0 1
315441 0 15
316875 0 14
318349 0 18
319824 0 33
321298 0 6
322793 0 14
324268 0 21
325845 0 22
327278 0 13
328773 0 35
330186 0 3
331579 0 13
333115 0 16
334528 0 21
336044 0 18
337457 0 28
338993 0 7
340529 0 18
342024 0 17
343457 0 24
344932 0 25
346468 0 2
347922 0 18
349396 0 13
350871 0 32
352345 0 5
353861 0 21
355376 0 36
356831 0 2
358366 0 21
359841 0 24
361377 0 29
362892 0 3
364367 0 18
365842 0 36
367357 0 9
368852 0 23
370306 0 23
371822 0 26
373214 0 9
374709 0 21
376266 0 20
377822 0 22
379399 0 22
380874 0 32
382246 0 8
383802 0 14
385277 0 17
386710 0 32
388246 0 7
389782 0 14
391195 0 29
392711 0 8
394165 0 22
395639 0 26
397011 0 10
398466 0 23
399920 0 14
401456 0 13
402992 0 32
404425 0 10
405920 0 13
407333 0 23
408726 0 23
410139 0 21
411634 0 31
413190 0 9
414665 0 15
416180 0 16
417696 0 15
419150 0 22
420665 0 24
422079 0 30
423553 0 8
425007 0 18
426543 0 18
428079 0 14
429513 0 14
431008 0 22
432462 0 35
433875 0 6
435349 0 15
436865 0 16
438278 0 19
439732 0 33
441288 0 7
442824 0 16
444360 0 25
445814 0 10
447371 0 21
448804 0 26
450259 0 3
451672 0 14
453146 0 14
454539 0 17
456034 0 17
457549 0 26
459044 0 5
460580 0 18
462014 0 31
463529 0 9
465106 0 16
466540 0 15
468014 0 26
469407 0 11
470943 0 13
472336 0 36
473892 0 8
475326 0 15
476739 0 24
478193 0 19
479708 0 21
481224 0 16
482698 0 18
484173 0 34
485586 0 6
487142 0 18
488699 0 18
490255 0 22
491689 0 24
493204 0 14
494597 0 26
496112 0 10
497587 0 15
499061 0 22
500516 0 19
502031 0 27
503485 0 1
504980 0 14
506393 0 19
507929 0 17
509363 0 24
510899 0 13
512353 0 14
513766 0 24
515322 0 31
516899 0 10
518415 0 16
519869 0 21
521343 0 22
522920 0 15
524456 0 20
526033 0 18
527446 0 33
528921 0 1
530395 0 16
531890 0 15
533426 0 36
534901 0 4
536334 0 17
537768 0 24
539283 0 13
540758 0 34
542273 0 4
543748 0 17
545161 0 33
546615 0 1
548028 0 19
549441 0 23
550854 0 22
552288 0 18
553701 0 26
555114 0 7
556609 0 23
558002 0 21
559415 0 21
560849 0 23
562405 0 28
563900 0 9
565436 0 16
566931 0 33
568385 0 1
569819 0 14
571293 0 24
572809 0 23
574263 0 25
575696 0 6
577150 0 18
578625 0 13
580120 0 35
581574 0 8
583110 0 20
584564 0 26
585936 0 3
587452 0 20
588947 0 17
590483 0 18
591916 0 36
593452 0 3
594845 0 24
596258 0 14
597732 0 18
599145 0 16
600640 0 14
602054 0 31
603569 0 10
605125 0 19
606559 0 24
608095 0 17
609529 0 17
610962 0 32
612457 0 11
614014 0 22
615570 0 17
617004 0 22
618478 0 14
619994 0 16
621366 0 15
622820 0 35
624335 0 8
625912 0 18
627346 0 18
628861 0 13
630397 0 21
631831 0 13
633326 0 27
634801 0 10
636357 0 23
637790 0 18
639326 0 20
640821 0 31
642276 0 7
643730 0 17
645225 0 33
646740 0 8
648235 0 14
649730 0 13
651164 0 24
652638 0 20
654174 0 24
655731 0 31
657144 0 8
658659 0 20
660175 0 17
661567 0 35
663103 0 11
664537 0 19
666032 0 17
667547 0 17
669042 0 13
670496 0 16
671869 0 14
673282 0 33
674797 0 4
676190 0 21
677705 0 36
679221 0 3
680634 0 20
682211 0 18
683726 0 19
685139 0 22
686675 0 18
688211 0 18
689768 0 32
691304 0 1
692737 0 19
694273 0 16
695686 0 30
697059 0 7
698594 0 17
700090 0 17
701503 0 20
702936 0 17
704411 0 32
705803 0 3
707196 0 23
708630 0 26
710022 0 9
711476 0 23
712889 0 30
714364 0 3
715818 0 13
717272 0 21
718828 0 22
720344 0 30
721757 0 1
723191 0 22
724665 0 15
726119 0 31
727655 0 9
729068 0 24
730584 0 17
731997 0 34
733389 0 11
734884 0 18
736379 0 36
737895 0 4
739369 0 17
740844 0 35
742380 0 12
743895 0 14
745288 0 17
746804 0 33
748237 0 3
749712 0 18
751186 0 36
752763 0 7
754217 0 13
755651 0 14
757166 0 21
758620 0 36
760197 0 1
761651 0 19
763208 0 26
764682 0 7
766136 0 14
767590 0 23
769024 0 17
770560 0 14
771953 0 20
773468 0 13
774881 0 32
776315 0 5
777707 0 18
779120 0 17
780595 0 26
782110 0 11
783646 0 16
785059 0 21
786555 0 23
788090 0 15
789504 0 35
791040 0 11
792596 0 17
794111 0 16
795484 0 30
796979 0 6
798412 0 24
799969 0 25
801402 0 9
802918 0 22
804474 0 19
806051 0 15
807505 0 15
808898 0 23
810434 0 13
811826 0 26
813219 0 7
814653 0 17
816188 0 19
817622 0 24
819097 0 30
820448 0 9
822025 0 24
823500 0 17
824974 0 28
826510 0 4
827944 0 13
829480 0 18
831016 0 13
832449 0 22
833903 0 20
835501 0 21
837057 0 35
838470 0 7
839986 0 23
841419 0 18
842853 0 29
844266 0 7
845741 0 24
847154 0 23
848608 0 13
850123 0 13
851516 0 30
852929 0 12
854363 0 22
855939 0 29
857394 0 9
858868 0 18
860363 0 17
861858 0 17
863312 0 18
864848 0 20
866343 0 29
867818 0 5
869251 0 17
870787 0 32
872303 0 9
873757 0 17
875170 0 23
876562 0 21
878078 0 20
879634 0 16
881129 0 23
882542 0 33
884038 0 6
885451 0 17
886843 0 28
888297 0 9
889792 0 19
891267 0 19
892803 0 16
894298 0 15
895772 0 32
897185 0 1
898619 0 21
900114 0 14
901609 0 22
903125 0 26
904620 0 6
906033 0 19
907507 0 13
909002 0 13
910497 0 19
912033 0 22
913467 0 18
914982 0 34
916395 0 2
917829 0 21
919283 0 24
920819 0 19
922334 0 13
923850 0 30
925304 0 8
926758 0 21
928212 0 13
929687 0 35
931100 0 11
932533 0 19
934028 0 15
935421 0 21
936998 0 24
938472 0 17
939926 0 34
941421 0 6
942937 0 23
944432 0 14
945927 0 28
947381 0 9
948815 0 23
950310 0 28
951743 0 11
953197 0 19
954733 0 19
956249 0 23
1005360 0 101
1006814 0 101
1008248 0 101
1009640 0 101
1011094 0 101
1012548 0 101
1014002 0 101
1015498 0 101
1016972 0 101
1018365 0 101
1019819 0 102
1021293 0 102
1022829 0 102
1024365 0 102
1025819 0 102
1027232 0 102
1028707 0 103
1030222 0 101
1031738 0 102
1033192 0 103
1034728 0 101
1036120 0 102
1037575 0 103
1039090 0 101
1040544 0 102
1042039 0 103
1043555 0 101
1045070 0 102
1046463 0 103
1047999 0 101
1049412 0 102
1050907 0 102
1052340 0 102
1053815 0 102
1055310 0 103
1056764 0 101
1058177 0 102
1059713 0 102
1061208 0 102
1062703 0 102
1064178 0 103
1065591 0 101
1067004 0 102
1068417 0 102
1069871 0 102
1071366 0 102
1072840 0 102
1074315 0 103
1075830 0 101
1077346 0 102
1078739 0 102
1080254 0 102
1081749 0 103
1083265 0 101
1084739 0 102
1086152 0 102
1087709 0 102
1089204 0 102
1090596 0 102
1092132 0 102
1093566 0 103
1095061 0 101
1096576 0 102
1097989 0 103
1099546 0 101
1100959 0 102
1102372 0 102
1103847 0 102
1105321 0 102
1106837 0 102
1108373 0 102
1109909 0 103
1111445 0 101
1113001 0 102
1114476 0 102
1115868 0 102
1117302 0 102
1118715 0 102
1120230 0 102
1121623 0 103
1123159 0 101
1124592 0 102
1125985 0 102
1127398 0 102
1128893 0 103
1130409 0 101
1131822 0 102
1133296 0 102
1134812 0 103
1136225 0 101
1137761 0 102
1139276 0 103
1140792 0 101
1142205 0 102
1143720 0 102
1145215 0 102
1146711 0 102
1148144 0 102
1149537 0 102
1150950 0 103
1152465 0 101
1154022 0 102
1155517 0 102
1156950 0 102
1158425 0 102
1159961 0 102
1161394 0 103
1162910 0 101
1164425 0 102
1165818 0 103
1167252 0 101
1168747 0 102
1170139 0 102
1171634 0 102
1173088 0 102
1174501 0 103
1175996 0 101
1177389 0 102
1178843 0 102
1180277 0 102
1181751 0 102
1183144 0 102
1184618 0 103
1186093 0 101
1187526 0 102
1189042 0 102
1190578 0 102
1192032 0 102
1193425 0 103
1194838 0 101
1196292 0 102
1197705 0 102
1199138 0 102
1200674 0 103
1202231 0 101
1203746 0 102
1205241 0 103
1206695 0 101
1208211 0 102
1209665 0 102
1211201 0 102
1212737 0 102
1214170 0 103
1215686 0 101
1217119 0 102
1218655 0 102
1220109 0 102
1221646 0 102
1223181 0 102
1224615 0 102
1226069 0 103
1227503 0 101
1228957 0 102
1230452 0 103
1231947 0 101
1233339 0 102
1234896 0 102
1236350 0 102
1237763 0 102
1239299 0 103
1240753 0 101
1242309 0 102
1243723 0 103
1245238 0 101
1246672 0 102
1248064 0 103
1249498 0 101
1250890 0 102
1252406 0 102
1253798 0 102
1255212 0 102
1256645 0 103
1258202 0 101
1259656 0 102
1261192 0 103
1262769 0 101
1264223 0 102
1265759 0 102
1267295 0 102
1268687 0 102
1270182 0 102
1271575 0 102
1273070 0 103
1274503 0 101
1275978 0 102
1277494 0 103
1278988 0 101
1280463 0 102
1281856 0 103
1283330 0 101
1284805 0 102
1286259 0 103
1287815 0 101
1289249 0 102
1290764 0 102
1292198 0 102
1293672 0 102
1295085 0 102
1296601 0 102
1298075 0 103
1299529 0 101
1300943 0 102
1302479 0 103
1303994 0 101
1305387 0 102
1306779 0 103
1308274 0 101
1309667 0 102
1311121 0 102
1312575 0 102
1314029 0 102
1315524 0 102
1317081 0 102
1318514 0 103
1320071 0 101
1321545 0 102
1323040 0 102
1324494 0 102
1325907 0 102
1327361 0 103
1328918 0 101
1330433 0 102
1331826 0 102
1333239 0 102
1334754 0 103
1336270 0 101
1337683 0 102
1339076 0 103
1340530 0 101
1341943 0 102
1343335 0 102
1344789 0 102
1346223 0 102
1347759 0 103
1349295 0 101
1350831 0 102
1352224 0 103
1353739 0 101
1355193 0 102
1356688 0 102
1358122 0 102
1359514 0 102
1360968 0 103
1362422 0 101
1363856 0 102
1365371 0 103
1366928 0 101
1368464 0 102
1369959 0 102
1371413 0 103
1372990 0 101
1374383 0 102
1375878 0 102
1377373 0 102
1378765 0 102
1380199 0 102
1381653 0 103
1383230 0 101
1384643 0 102
1386138 0 102
1387592 0 102
1389087 0 103
1390582 0 101
1392015 0 102
1393490 0 102
1394883 0 102
1396337 0 103
1397791 0 101
1399245 0 102
1400740 0 102
1402132 0 102
1403525 0 103
1405020 0 101
1406433 0 102
1407908 0 102
1409423 0 103
1410959 0 101
1412475 0 102
1413970 0 103
1415506 0 101
1416980 0 102
1418516 0 102
1420073 0 102
1421588 0 102
1423063 0 103
1424496 0 101
1425909 0 102
1427384 0 103
1428899 0 101
1430353 0 102
1431807 0 102
1433200 0 102
1434593 0 103
1436149 0 101
1437583 0 102
1438996 0 102
1440409 0 102
1441822 0 102
1443235 0 103
1444730 0 101
1446164 0 102
1447618 0 102
1449133 0 102
1450587 0 102
1452000 0 102
1453475 0 103
1454970 0 101
1456485 0 102
1458001 0 103
1459516 0 101
1460950 0 102
1462363 0 102
1463817 0 102
1465333 0 102
1466807 0 103
1468261 0 101
1469756 0 102
1471169 0 103
1472726 0 101
1474241 0 102
1475798 0 103
1477252 0 101
1478767 0 102
1480180 0 102
1481634 0 103
1483088 0 101
1484542 0 102
1486058 0 103
1487553 0 101
1489048 0 102
1490584 0 102
1492058 0 102
1493574 0 102
1495110 0 102
1496503 0 102
1497998 0 103
1499513 0 101
1500926 0 102
1502462 0 103
1503916 0 101
1505452 0 102
1506886 0 102
1508278 0 102
1509773 0 103
1511227 0 101
1512784 0 102
1514238 0 102
1515753 0 103
1517228 0 101
1518702 0 102
1520156 0 102
1521549 0 102
1523065 0 102
1524539 0 103
1526014 0 101
1527406 0 102
1528901 0 102
1530396 0 102
1531850 0 102
1533345 0 103
1534799 0 101
1536294 0 102
1537708 0 103
1539264 0 101
1540779 0 102
1542336 0 102
1543831 0 102
1545367 0 102
1546821 0 103
1548336 0 101
1549729 0 102
1551245 0 102
1552760 0 102
1554235 0 102
1555750 0 102
1557245 0 103
1558699 0 101
1560215 0 102
1561730 0 103
1563266 0 101
1564720 0 102
1566277 0 103
1567731 0 101
1569144 0 102
1570700 0 102
1572236 0 103
1573772 0 101
1575308 0 102
1576762 0 102
1578278 0 102
1579732 0 102
1581206 0 103
1582722 0 101
1584135 0 102
1585671 0 103
1587125 0 101
1588517 0 102
1590033 0 103
1591528 0 101
1592941 0 102
1594436 0 103
1595890 0 101
1597344 0 102
1598880 0 103
1600314 0 101
1601727 0 102
1603222 0 103
1604635 0 101
1606028 0 102
1607543 0 103
1608956 0 101
1610451 0 102
1611987 0 102
1613380 0 102
1614916 0 102
1616472 0 102
1617926 0 103
1619380 0 101
1620896 0 102
1622370 0 102
1623804 0 103
1625278 0 101
1626732 0 102
1628227 0 103
1629784 0 101
1631197 0 102
1632651 0 102
1634187 0 102
1635580 0 102
1637034 0 103
1638467 0 101
1640003 0 102
1641539 0 103
1642973 0 101
1644468 0 102
1645983 0 102
1647417 0 102
1648953 0 102
1650407 0 102
1651902 0 103
1653397 0 101
1654953 0 102
1656387 0 103
1657862 0 101
1659377 0 102
1660893 0 102
1662285 0 102
1663760 0 102
1665275 0 102
1666811 0 103
1668286 0 101
1669719 0 102
1671194 0 102
1672689 0 102
1674184 0 102
1675679 0 103
1677174 0 101
1678628 0 102
1680061 0 103
1681495 0 101
1682908 0 102
1684444 0 102
1685837 0 103
1687250 0 101
1688745 0 102
1690178 0 102
1691591 0 103
1693127 0 101
1694622 0 102
1696138 0 102
1697653 0 102
1699169 0 102
1700602 0 102
1701995 0 103
1703490 0 101
1705006 0 102
1706439 0 103
1707852 0 101
1709245 0 102
1710781 0 102
1712276 0 102
1713750 0 102
1715164 0 103
1716659 0 101
1718051 0 102
1719567 0 102
1721062 0 102
1722516 0 102
1724011 0 102
1725444 0 103
1726878 0 101
1728414 0 102
1729868 0 102
1731363 0 103
1732837 0 101
1734291 0 102
1735746 0 102
1737200 0 102
1738592 0 102
1740067 0 102
1741541 0 102
1743036 0 102
1744572 0 103
1746067 0 101
1747562 0 102
1749078 0 102
1750573 0 102
1751986 0 102
1753542 0 103
1755058 0 101
1756471 0 102
1757986 0 102
1759522 0 102
1761058 0 103
1762533 0 101
1764069 0 102
1765523 0 102
1766956 0 102
1768411 0 102
1769803 0 102
1771319 0 103
1772773 0 101
1774247 0 102
1775742 0 102
1777196 0 102
1778609 0 102
1780002 0 102
1781538 0 102
1783033 0 103
1784446 0 101
1785900 0 102
1787436 0 102
1788972 0 103
1790406 0 101
1791880 0 102
1793396 0 102
1794932 0 102
1796447 0 102
1797983 0 102
1799437 0 103
1800973 0 101
1802509 0 102
1804045 0 102
1805479 0 102
1806974 0 102
1808510 0 102
1809943 0 102
1811377 0 102
1812872 0 103
1814285 0 101
1815759 0 102
1817193 0 102
1818647 0 103
1820060 0 101
1821514 0 102
1823009 0 102
1824463 0 102
1825999 0 102
1827412 0 102
1828907 0 102
1830341 0 103
1831897 0 101
1833290 0 102
1834683 0 103
1836116 0 101
1837652 0 102
1839127 0 103
1840581 0 101
1842035 0 102
1843571 0 103
1845086 0 101
1846520 0 102
1847912 0 102
1849305 0 102
1850718 0 103
1852152 0 101
1853585 0 102
1855060 0 102
1856452 0 103
1857907 0 101
1859381 0 102
1860876 0 102
1862392 0 102
1863846 0 102
1865361 0 102
1866856 0 102
1868269 0 102
1869764 0 103
1871280 0 101
1872795 0 102
1874290 0 102
1875826 0 102
1877362 0 102
1878775 0 102
1880168 0 102
1881601 0 102
1883137 0 103
1884612 0 101
1886005 0 102
1887541 0 102
1888954 0 103
1890510 0 101
1891923 0 102
1893377 0 103
1894872 0 101
1896265 0 102
1897678 0 102
1899071 0 102
1900545 0 102
1901938 0 102
2122636 0 44
2124049 0 39
2125585 0 43
2127141 0 40
2128575 0 43
2130131 0 45
2131667 0 45
2133121 0 44
2134616 0 46
2136132 0 40
2137668 0 60
2139224 0 53
2140678 0 59
2142214 0 69
2143627 0 40
2145040 0 52
2146474 0 53
2147928 0 52
2149402 0 70
2150795 0 39
2152229 0 52
2153724 0 63
2155260 0 48
2156714 0 53
2158168 0 54
2159581 0 50
2161055 0 55
2162612 0 68
2164168 0 39
2165684 0 56
2167199 0 56
2168715 0 63
2170148 0 44
2171643 0 55
2173179 0 51
2174592 0 56
2176149 0 49
2177582 0 71
2179118 0 39
2180613 0 51
2182026 0 69
2183501 0 48
2185016 0 50
2186532 0 54
2187925 0 67
2189460 0 40
2190996 0 53
2192451 0 50
2193966 0 51
2195420 0 59
2196956 0 69
2198369 0 45
2199844 0 56
2201257 0 71
2202772 0 43
2204308 0 54
2205762 0 58
2207298 0 60
2208752 0 53
2210186 0 51
2211722 0 63
2213176 0 47
2214630 0 55
2216145 0 55
2217579 0 52
2219013 0 51
2220467 0 56
2221921 0 70
2223354 0 37
2224767 0 53
2226221 0 51
2227757 0 51
2229211 0 59
2230625 0 69
2232181 0 37
2233696 0 54
2235110 0 59
2236666 0 56
2238100 0 53
2239554 0 67
2241049 0 43
2242544 0 50
2244100 0 51
2245493 0 53
2246947 0 54
2248442 0 51
2249937 0 56
2251350 0 57
2252845 0 69
2254319 0 44
2255774 0 51
2257330 0 62
2258805 0 47
2260238 0 57
2261733 0 68
2263269 0 47
2264723 0 51
2266218 0 50
2267734 0 49
2269249 0 53
2270785 0 63
2272198 0 47
2273673 0 52
2275209 0 71
2276745 0 44
2278240 0 56
2279714 0 50
2281230 0 71
2282643 0 42
2284097 0 57
2285551 0 54
2287107 0 51
2288643 0 53
2290118 0 69
2291633 0 44
2293169 0 50
2294623 0 57
2296118 0 56
2297613 0 49
2299088 0 58
2300562 0 54
2302017 0 57
2303471 0 67
2305027 0 42
2306502 0 53
2307997 0 62
2309451 0 42
2310966 0 58
2312482 0 60
2313956 0 57
2315513 0 71
2316926 0 41
2318359 0 56
2319854 0 54
2321390 0 57
2322947 0 54
2324462 0 55
2325957 0 57
2327452 0 49
2328906 0 71
2330401 0 38
2331958 0 57
2333432 0 60
2334968 0 64
2336443 0 39
2337938 0 52
2339351 0 50
2340866 0 55
2342361 0 59
2343836 0 52
2345310 0 59
2346703 0 70
2348157 0 40
2349693 0 50
2351127 0 72
2352519 0 39
2353932 0 58
2355386 0 50
2356800 0 51
2358295 0 60
2359708 0 49
2361100 0 67
2362616 0 46
2364090 0 56
2365647 0 57
2367203 0 52
2368739 0 50
2370193 0 55
2371668 0 66
2373081 0 45
2374535 0 49
2376071 0 54
2377607 0 49
2379143 0 52
2380556 0 62
2382071 0 37
2383566 0 54
2385061 0 54
2386556 0 57
2387990 0 55
2389505 0 60
2391021 0 61
2392455 0 38
2393991 0 49
2395383 0 65
2396940 0 39
2398373 0 58
2399827 0 50
2401343 0 56
2402797 0 71
2404189 0 39
2405643 0 50
2407036 0 60
2408552 0 58
2410108 0 50
2411623 0 66
2413057 0 43
2414532 0 53
2415965 0 58
2417460 0 57
2418894 0 54
2420409 0 66
2421966 0 46
2423461 0 54
2424915 0 57
2426471 0 51
2428028 0 52
2429584 0 55
2431038 0 58
2432595 0 62
2434131 0 48
2435544 0 51
2436977 0 55
2438513 0 51
2439967 0 52
2441483 0 52
2442937 0 54
2444432 0 61
2445845 0 45
2447340 0 60
2448753 0 56
2450166 0 53
2451620 0 56
2453095 0 60
2454610 0 64
2456126 0 40
2457600 0 59
2459116 0 58
2460549 0 52
2461983 0 59
2463498 0 53
2464932 0 72
2466406 0 46
2467983 0 51
2469396 0 56
2470830 0 53
2472305 0 53
2473861 0 49
2475397 0 59
2476872 0 66
2478346 0 37
2479903 0 52
2481357 0 72
2482872 0 38
2484347 0 55
2485842 0 61
2487378 0 40
2488934 0 55
2490511 0 56
2492067 0 55
2493562 0 70
2494996 0 42
2496389 0 50
2497822 0 57
2499358 0 58
2500812 0 65
2502287 0 39
2503741 0 55
2505215 0 56
2506751 0 60
2508246 0 54
2509639 0 52
2511073 0 52
2512527 0 65
2514042 0 46
2515578 0 49
2517114 0 54
2518568 0 54
2520022 0 49
2521456 0 56
2522930 0 69
2524384 0 45
2525838 0 50
2527354 0 58
2528869 0 67
2530303 0 38
2531716 0 49
2533272 0 58
2534829 0 60
2536303 0 60
2537696 0 51
2539109 0 55
2540604 0 66
2542161 0 47
2543717 0 52
2545171 0 66
2546666 0 45
2548202 0 50
2549677 0 56
2551151 0 51
2552626 0 49
2554141 0 62
2555677 0 46
2557234 0 56
2558729 0 63
2560183 0 42
2561698 0 57
2563255 0 51
2564688 0 58
2566122 0 54
2567555 0 53
2569050 0 64
2570463 0 42
2571999 0 58
2573576 0 51
2574990 0 52
2576444 0 59
2578000 0 58
2579515 0 55
2580990 0 71
2582424 0 48
2583898 0 60
2585332 0 54
2586868 0 68
2588322 0 38
2589837 0 53
2591312 0 70
2592704 0 44
2594158 0 56
2595653 0 53
2597087 0 62
2598521 0 42
2599975 0 50
2601490 0 60
2602985 0 62
2604460 0 41
2605975 0 58
2607552 0 55
2608986 0 66
2610501 0 47
2612037 0 58
2613573 0 57
2615109 0 50
2616522 0 50
2617976 0 55
2619553 0 63
2621048 0 44
2622461 0 50
2623895 0 64
2625410 0 45
2626967 0 55
2628503 0 60
2629916 0 58
2631411 0 60
2632926 0 52
2634339 0 52
2635896 0 65
2637370 0 37
2638784 0 55
2640340 0 66
2641753 0 45
2643269 0 56
2644723 0 49
2646279 0 71
2647672 0 45
2649208 0 51
2650744 0 64
2652300 0 45
2653836 0 60
2655270 0 56
2656806 0 50
2658219 0 58
2659673 0 51
2661168 0 60
2662683 0 67
2664096 0 38
2665632 0 54
2667045 0 60
2668458 0 57
2669933 0 50
2671469 0 53
2672862 0 52
2674316 0 70
2675831 0 47
2677285 0 55
2678780 0 64
2680337 0 46
2681914 0 54
2683450 0 60
2684924 0 53
2686337 0 50
2687873 0 55
2689409 0 72
2690904 0 39
2692440 0 58
2693935 0 65
2695471 0 46
2696946 0 54
2698502 0 70
2699956 0 48
2701492 0 57
2703028 0 53
2704441 0 57
2705957 0 72
2707431 0 41
2708906 0 54
2710421 0 65
2711875 0 39
2713350 0 50
2714804 0 55
2716299 0 57
2717773 0 58
2719227 0 64
2720743 0 40
2722258 0 53
2723794 0 54
2725310 0 52
2726866 0 56
2728382 0 55
2729795 0 55
2731351 0 72
2732744 0 38
2734198 0 50
2735714 0 67
2737209 0 44
2738745 0 59
2740219 0 65
2741673 0 47
2743209 0 57
2744725 0 62
2746240 0 46
2747756 0 55
2749312 0 65
2750766 0 41
2752200 0 57
2753633 0 52
2755190 0 49
2756705 0 60
2758139 0 64
2759675 0 40
2761149 0 49
2762562 0 66
2764016 0 43
2765552 0 55
2767129 0 56
2768563 0 59
2769976 0 56
2771451 0 55
2772864 0 58
2774420 0 65
2775956 0 47
2777410 0 51
2778926 0 59
2780482 0 54
2781998 0 56
2783472 0 70
2784865 0 43
2786339 0 58
2787875 0 64
2789288 0 45
2790845 0 54
2792360 0 54
2793794 0 53
2795207 0 71
2796743 0 44
2798299 0 60
2799835 0 57
2801371 0 56
2802907 0 67
2804423 0 37
2805815 0 52
2807249 0 53
2808805 0 57
2810239 0 57
2811734 0 61
2813249 0 42
2814724 0 53
2816280 0 61
2817755 0 42
2819270 0 57
2830573 0 104
2832006 0 104
2833501 0 104
2834935 0 104
2836409 0 104
2837863 0 104
2839420 0 104
2840935 0 104
2842451 0 104
2843864 0 104
2845277 0 105
2846710 0 105
2848103 0 106
2849639 0 104
2851175 0 105
2852588 0 105
2853981 0 106
2855496 0 104
2856991 0 105
2858404 0 105
2859838 0 105
2861251 0 106
2862807 0 104
2864282 0 105
2865715 0 105
2867251 0 105
2868706 0 105
2870098 0 106
2871491 0 104
2872924 0 105
2874378 0 106
2875812 0 104
2877266 0 105
2878700 0 105
2880215 0 105
2881628 0 106
2883021 0 104
2884454 0 105
2885929 0 105
2887383 0 106
2888796 0 104
2890250 0 105
2891704 0 106
2893240 0 104
2894674 0 105
2896189 0 106
2897602 0 104
2899056 0 105
2900592 0 105
2902128 0 106
2903603 0 104
2905036 0 105
2906552 0 105
2907965 0 106
2909460 0 104
2910955 0 105
2912368 0 105
2913802 0 105
2915297 0 105
2916689 0 106
2918246 0 104
2919700 0 105
2921256 0 106
2922710 0 104
2924226 0 105
2925700 0 106
2927175 0 104
2928690 0 105
2930124 0 105
2931557 0 105
2933012 0 106
2934547 0 104
2935940 0 105
2937394 0 105
2938848 0 105
2940343 0 106
2941818 0 104
2943272 0 105
2944828 0 105
2946364 0 105
2947900 0 105
2949375 0 106
2950890 0 104
2952303 0 105
2953737 0 105
2955273 0 105
2956809 0 106
2958242 0 104
2959778 0 105
2961314 0 105
2962727 0 105
2964202 0 106
2965697 0 104
2967172 0 105
2968585 0 105
2970018 0 105
2971493 0 105
2973049 0 105
2974544 0 106
2976019 0 104
2977514 0 105
2979009 0 105
2980442 0 105
2981876 0 106
2983350 0 104
2984784 0 105
2986279 0 106
2987815 0 104
2989228 0 105
2990662 0 105
2992198 0 105
2993611 0 105
2995065 0 106
2996519 0 104
2998034 0 105
2999488 0 105
3001004 0 105
3002540 0 105
3003932 0 105
3005407 0 106
3006820 0 104
3008274 0 105
3009790 0 106
3011244 0 104
3012739 0 105
3014172 0 105
3015729 0 105
3017203 0 105
3018637 0 105
3020050 0 105
3021504 0 106
3022979 0 104
3024514 0 105
3026010 0 105
3027545 0 105
3029102 0 106
3030658 0 104
3032215 0 105
3033689 0 105
3035164 0 105
3036720 0 105
3038174 0 106
3039608 0 104
3041001 0 105
3042475 0 106
3044011 0 104
3045506 0 105
3046940 0 105
3048373 0 105
3049848 0 105
3051322 0 105
3052776 0 105
3054210 0 106
3055705 0 104
3057261 0 105
3058797 0 105
3060251 0 105
3061665 0 105
3063098 0 105
3064614 0 106
3066068 0 104
3067542 0 105
3068976 0 105
3070491 0 105
3071884 0 105
3073338 0 105
3074812 0 105
3076328 0 105
3077802 0 106
3079257 0 104
3080752 0 105
3082185 0 105
3083701 0 105
3085237 0 106
3086691 0 104
3088165 0 105
3089619 0 105
3091155 0 105
3092671 0 105
3094125 0 106
3095538 0 104
3097074 0 105
3098507 0 105
3099982 0 105
3101497 0 106
3102890 0 104
3104365 0 105
3105921 0 105
3107477 0 105
3108932 0 105
3110427 0 105
3111881 0 106
3113376 0 104
3114932 0 105
3116345 0 105
3117840 0 105
3119294 0 105
3120789 0 105
3122325 0 106
3123779 0 104
3125254 0 105
3126728 0 105
3128264 0 105
3129739 0 105
3131275 0 106
3132667 0 104
3134101 0 105
3135494 0 105
3136989 0 105
3138504 0 105
3139999 0 105
3141453 0 106
3143010 0 104
3144505 0 105
3145979 0 106
3147454 0 104
3148990 0 105
3150526 0 105
3151959 0 106
3153372 0 104
3154806 0 105
3156301 0 105
3157714 0 105
3159188 0 105
3160622 0 105
3162056 0 105
3163592 0 105
3165005 0 106
3166418 0 104
3167933 0 105
3169469 0 105
3170944 0 105
3172357 0 106
3173893 0 104
3175306 0 105
3176719 0 105
3178112 0 105
3179607 0 105
3181040 0 105
3182453 0 106
3183887 0 104
3185361 0 105
3186775 0 106
3188249 0 104
3189683 0 105
3191198 0 105
3192734 0 105
3194229 0 105
3195663 0 106
3197117 0 104
3198612 0 105
3200148 0 106
