58115 0 12
59569 0 5
60982 0 1
62457 0 5
63870 0 11
65406 0 1
66839 0 11
68252 0 9
69686 0 1
71079 0 5
72553 0 15
74089 0 14
75564 0 19
77038 0 24
78451 0 21
80008 0 24
81400 0 24
82916 0 34
84308 0 6
85824 0 22
87237 0 17
88671 0 20
90227 0 24
91661 0 15
93176 0 30
94548 0 8
96064 0 14
97518 0 22
98992 0 22
100467 0 27
101859 0 3
103273 0 18
104768 0 14
106222 0 14
107717 0 35
109273 0 11
110809 0 13
112325 0 18
113799 0 15
115335 0 19
116789 0 35
118264 0 8
119841 0 14
121254 0 18
122749 0 13
124162 0 32
125636 0 12
127172 0 24
128647 0 30
130039 0 4
131473 0 21
132886 0 35
134422 0 11
135958 0 24
137494 0 21
138989 0 35
140484 0 1
141938 0 15
143372 0 16
144867 0 19
146444 0 22
147959 0 21
149516 0 14
150990 0 32
152444 0 5
153939 0 20
155475 0 22
157052 0 14
158527 0 36
160022 0 2
161414 0 18
162909 0 15
164363 0 18
165797 0 14
167189 0 22
168746 0 17
170220 0 33
171695 0 2
173231 0 23
174787 0 26
176180 0 12
177655 0 20
179150 0 22
180583 0 36
182140 0 3
183655 0 21
185089 0 31
186666 0 3
188058 0 16
189533 0 31
191069 0 7
192625 0 16
194100 0 21
195513 0 17
197049 0 33
198482 0 10
200059 0 17
201513 0 35
202947 0 6
204421 0 18
205896 0 22
207370 0 14
208784 0 23
210197 0 17
211589 0 27
213002 0 4
214477 0 15
215931 0 13
217344 0 18
218778 0 25
220232 0 1
221645 0 23
223099 0 17
224614 0 22
226068 0 15
227604 0 32
229038 0 12
230472 0 22
231885 0 20
233318 0 21
234895 0 22
236349 0 17
237824 0 15
239319 0 33
240732 0 4
242186 0 24
243701 0 19
245258 0 15
246671 0 24
248145 0 18
249620 0 14
251156 0 24
252692 0 35
254228 0 1
255641 0 14
257156 0 32
258590 0 9
260167 0 16
261539 0 18
262993 0 21
264427 0 15
265963 0 30
267396 0 12
268830 0 13
270284 0 26
271697 0 3
273151 0 18
274564 0 36
275998 0 11
277411 0 17
278947 0 21
280442 0 20
281998 0 25
283452 0 11
284886 0 18
286401 0 29
287794 0 11
289309 0 16
290825 0 20
292381 0 31
293917 0 9
295371 0 13
296887 0 32
298423 0 7
299897 0 24
301290 0 30
302765 0 11
304239 0 19
305714 0 17
307209 0 22
308683 0 15
310199 0 15
311632 0 26
313086 0 5
314561 0 23
316056 0 24
317469 0 35
318984 0 5
320520 0 23
321975 0 22
323551 0 16
324924 0 18
326480 0 35
327934 0 5
329429 0 16
330883 0 19
332378 0 22
333914 0 19
335348 0 32
336802 0 6
338317 0 24
339710 0 22
341225 0 13
342679 0 23
344154 0 14
345567 0 19
347062 0 36
348557 0 8
350011 0 22
351527 0 21
353022 0 14
354435 0 20
355909 0 25
357343 0 1
358858 0 20
360374 0 36
361807 0 7
363323 0 23
364797 0 24
366293 0 33
367767 0 6
369262 0 17
370716 0 29
372232 0 6
373747 0 21
375263 0 28
376737 0 12
378212 0 16
379727 0 15
381263 0 22
382819 0 18
384253 0 17
385687 0 13
387223 0 35
388779 0 2
390254 0 16
391687 0 22
393223 0 36
394759 0 9
396316 0 13
397852 0 27
399388 0 4
400801 0 16
402316 0 28
403811 0 6
405286 0 17
406842 0 29
408358 0 3
409771 0 18
411184 0 30
412699 0 11
414235 0 16
415751 0 25
417164 0 8
418679 0 16
420195 0 19
421690 0 14
423226 0 14
424659 0 20
426175 0 32
427690 0 7
429165 0 15
430558 0 32
432073 0 12
433568 0 18
435002 0 31
436558 0 3
438114 0 18
439569 0 19
440982 0 24
442477 0 23
443910 0 35
445344 0 3
446880 0 15
448293 0 23
449706 0 31
451221 0 2
452655 0 15
454211 0 16
455604 0 35
457099 0 2
458594 0 20
460069 0 18
461502 0 18
463018 0 24
464472 0 34
465967 0 5
467441 0 20
468895 0 25
470308 0 7
471824 0 19
473401 0 13
474875 0 35
476329 0 7
477804 0 24
479238 0 17
480774 0 27
482269 0 6
483743 0 13
485300 0 28
486733 0 3
488269 0 22
489805 0 29
491280 0 11
492775 0 15
494270 0 33
495765 0 3
497198 0 23
498611 0 14
500106 0 20
501642 0 25
503137 0 3
504612 0 24
506107 0 28
507581 0 2
509076 0 17
510551 0 17
511985 0 22
513520 0 21
515097 0 28
516511 0 1
517924 0 16
519460 0 32
520975 0 3
522429 0 21
523945 0 22
525460 0 23
526935 0 24
528471 0 15
530007 0 15
531481 0 35
533017 0 3
534430 0 14
535823 0 25
537359 0 3
538772 0 13
540185 0 14
541619 0 29
543155 0 7
544588 0 15
546001 0 14
547414 0 17
548930 0 29
550302 0 11
551776 0 14
553251 0 14
554787 0 19
556261 0 14
557797 0 14
559211 0 15
560624 0 36
562180 0 2
563696 0 19
565109 0 25
566604 0 3
568099 0 13
569573 0 32
571007 0 3
572502 0 16
573935 0 29
575328 0 11
576864 0 16
578359 0 23
579915 0 18
581451 0 19
583008 0 33
584564 0 5
586080 0 13
587554 0 18
588967 0 13
590381 0 20
591957 0 19
593391 0 36
594886 0 8
596422 0 18
597876 0 15
599330 0 15
600866 0 17
602320 0 24
603877 0 32
605351 0 11
606908 0 15
608341 0 32
609857 0 3
611331 0 18
612806 0 21
614219 0 21
615673 0 24
617168 0 25
618704 0 11
620096 0 19
621653 0 25
623087 0 6
624520 0 18
626056 0 21
627531 0 16
629005 0 23
630541 0 29
632036 0 8
633511 0 23
634985 0 14
636460 0 18
637914 0 36
639470 0 1
640986 0 17
642399 0 21
643935 0 21
645348 0 19
646904 0 29
648358 0 10
649874 0 21
651410 0 13
652823 0 15
654359 0 22
655915 0 14
657431 0 28
658905 0 2
660380 0 16
661834 0 32
663247 0 7
664783 0 24
666340 0 20
667794 0 15
669207 0 15
670661 0 18
672156 0 13
673610 0 36
675043 0 7
676518 0 24
677992 0 21
679549 0 20
681023 0 20
682580 0 20
684034 0 19
685549 0 34
687003 0 9
688478 0 19
689973 0 30
691345 0 9
692840 0 23
694335 0 25
695892 0 7
697325 0 20
698841 0 20
700397 0 14
701831 0 14
703326 0 24
704800 0 27
706275 0 7
707790 0 18
709265 0 16
710698 0 14
712234 0 18
713791 0 15
715245 0 34
716678 0 9
718153 0 14
719648 0 18
721082 0 19
722638 0 15
724113 0 21
725567 0 33
727103 0 7
728639 0 16
730052 0 24
731526 0 16
733001 0 24
734516 0 32
736011 0 9
737445 0 23
738878 0 25
740332 0 12
741766 0 13
743281 0 18
744838 0 13
746312 0 14
747767 0 20
749282 0 30
750736 0 10
752211 0 14
753726 0 17
755201 0 19
756757 0 28
758293 0 7
759870 0 23
761283 0 16
762737 0 20
764253 0 13
765727 0 14
767243 0 23
768758 0 19
770294 0 32
771707 0 2
773223 0 14
774738 0 21
776274 0 16
777769 0 13
779285 0 23
780677 0 15
782213 0 31
783729 0 7
785142 0 23
786596 0 14
788009 0 16
789422 0 18
790958 0 25
792433 0 10
793928 0 24
795423 0 29
796815 0 4
798331 0 24
799744 0 14
801218 0 14
802652 0 35
804167 0 2
805581 0 22
807117 0 21
808612 0 34
810127 0 9
811561 0 14
812994 0 24
814489 0 20
816046 0 28
817459 0 3
818851 0 23
820264 0 23
821759 0 17
823213 0 21
824627 0 17
826101 0 34
827555 0 6
828968 0 24
830504 0 20
831979 0 35
833371 0 2
834866 0 21
836341 0 20
837775 0 17
839290 0 14
840785 0 26
842260 0 4
843693 0 14
845106 0 21
846560 0 17
848055 0 23
849468 0 18
851004 0 33
852540 0 6
853953 0 24
855469 0 36
856923 0 4
858397 0 24
859933 0 17
861347 0 19
862862 0 14
864234 0 33
865791 0 5
867204 0 21
868740 0 20
870255 0 19
871709 0 18
873143 0 33
874679 0 4
876133 0 13
877587 0 24
878980 0 21
880454 0 20
882031 0 21
883526 0 24
885001 0 23
886516 0 26
888011 0 3
889486 0 14
890940 0 35
892455 0 4
893848 0 17
895261 0 19
896797 0 15
898251 0 18
899828 0 16
901343 0 27
902797 0 7
904354 0 15
905890 0 16
907262 0 20
908818 0 19
910395 0 24
911808 0 35
913242 0 7
914655 0 20
916150 0 18
917707 0 21
919140 0 21
920574 0 17
922110 0 36
923666 0 10
925100 0 15
926574 0 35
928008 0 4
929400 0 15
930916 0 32
932370 0 1
933885 0 13
935319 0 32
936773 0 3
938268 0 13
939722 0 23
941279 0 21
942794 0 34
944248 0 11
945805 0 20
947361 0 14
948856 0 17
950392 0 23
951928 0 20
953464 0 19
955041 0 21
956536 0 28
958092 0 2
959526 0 16
1005019 0 101
1006534 0 101
1007948 0 101
1009361 0 101
1010897 0 101
1012412 0 101
1013805 0 101
1015341 0 101
1016774 0 101
1018331 0 101
1019867 0 102
1021259 0 102
1022754 0 102
1024229 0 102
1025765 0 103
1027178 0 101
1028673 0 102
1030107 0 102
1031520 0 103
1032953 0 101
1034448 0 102
1035923 0 102
1037377 0 102
1038913 0 102
1040387 0 103
1041862 0 101
1043275 0 102
1044790 0 102
1046224 0 103
1047637 0 101
1049050 0 102
1050463 0 103
1051938 0 101
1053371 0 102
1054866 0 102
1056300 0 102
1057774 0 102
1059229 0 103
1060683 0 101
1062178 0 102
1063591 0 102
1065045 0 102
1066458 0 103
1067912 0 101
1069468 0 102
1071025 0 103
1072458 0 101
1073974 0 102
1075428 0 103
1076943 0 101
1078336 0 102
1079790 0 103
1081367 0 101
1082842 0 102
1084398 0 102
1085934 0 103
1087347 0 101
1088781 0 102
1090255 0 102
1091689 0 102
1093122 0 102
1094556 0 102
1095989 0 102
1097382 0 102
1098795 0 103
1100311 0 101
1101826 0 102
1103301 0 103
1104816 0 101
1106352 0 102
1107806 0 102
1109219 0 102
1110694 0 103
1112250 0 101
1113663 0 102
1115179 0 102
1116612 0 103
1118026 0 101
1119541 0 102
1121057 0 102
1122552 0 102
1123985 0 102
1125542 0 102
1126934 0 102
1128470 0 103
1129965 0 101
1131481 0 102
1132935 0 103
1134430 0 101
1135843 0 102
1137317 0 103
1138812 0 101
1140307 0 102
1141823 0 102
1143359 0 103
1144915 0 101
1146431 0 102
1147864 0 103
1149421 0 101
1150854 0 102
1152370 0 102
1153844 0 102
1155258 0 102
1156814 0 102
1158207 0 103
1159661 0 101
1161135 0 102
1162528 0 102
1164043 0 102
1165518 0 102
1166972 0 102
1168487 0 103
1169941 0 101
1171355 0 102
1172890 0 102
1174324 0 102
1175799 0 103
1177212 0 101
1178707 0 102
1180202 0 102
1181635 0 102
1183171 0 102
1184584 0 103
1186079 0 101
1187574 0 102
1189008 0 102
1190462 0 102
1191875 0 102
1193309 0 103
1194722 0 101
1196237 0 102
1197753 0 102
1199145 0 102
1200558 0 102
1202094 0 103
1203508 0 101
1205023 0 102
1206477 0 103
1207890 0 101
1209406 0 102
1210839 0 102
1212252 0 103
1213809 0 101
1215242 0 102
1216696 0 102
1218212 0 102
1219686 0 102
1221120 0 102
1222554 0 103
1224049 0 101
1225462 0 102
1226916 0 102
1228349 0 102
1229783 0 102
1231176 0 103
1232732 0 101
1234145 0 102
1235681 0 102
1237135 0 102
1238610 0 102
1240043 0 103
1241497 0 101
1243033 0 102
1244426 0 102
1245859 0 102
1247313 0 102
1248788 0 102
1250242 0 103
1251717 0 101
1253253 0 102
1254645 0 103
1256058 0 101
1257471 0 102
1258864 0 103
1260400 0 101
1261813 0 102
1263206 0 103
1264762 0 101
1266196 0 102
1267609 0 103
1269124 0 101
1270599 0 102
1271991 0 102
1273445 0 102
1274920 0 103
1276415 0 101
1277869 0 102
1279405 0 103
1280900 0 101
1282354 0 102
1283849 0 102
1285262 0 103
1286798 0 101
1288293 0 102
1289768 0 102
1291263 0 102
1292799 0 102
1294314 0 102
1295830 0 103
1297345 0 101
1298840 0 102
1300274 0 102
1301830 0 103
1303366 0 101
1304800 0 102
1306315 0 102
1307708 0 102
1309182 0 102
1310616 0 103
1312172 0 101
1313627 0 102
1315122 0 102
1316596 0 102
1318091 0 102
1319525 0 103
1321061 0 101
1322535 0 102
1323969 0 103
1325484 0 101
1327020 0 102
1328433 0 102
1329867 0 102
1331362 0 102
1332816 0 102
1334352 0 102
1335888 0 103
1337444 0 101
1338960 0 102
1340352 0 103
1341888 0 101
1343383 0 102
1344858 0 102
1346373 0 102
1347889 0 102
1349363 0 102
1350838 0 103
1352292 0 101
1353828 0 102
1355262 0 102
1356818 0 103
1358313 0 101
1359788 0 102
1361283 0 102
1362798 0 102
1364355 0 102
1365891 0 103
1367386 0 101
1368819 0 102
1370294 0 102
1371727 0 102
1373181 0 102
1374615 0 102
1376007 0 103
1377462 0 101
1378998 0 102
1380493 0 102
1382008 0 102
1383442 0 103
1384978 0 101
1386370 0 102
1387906 0 102
1389442 0 102
1390958 0 103
1392473 0 101
1393866 0 102
1395340 0 102
1396835 0 102
1398248 0 103
1399703 0 101
1401157 0 102
1402672 0 102
1404147 0 102
1405580 0 102
1406993 0 102
1408386 0 103
1409860 0 101
1411396 0 102
1412912 0 102
1414345 0 102
1415758 0 102
1417151 0 103
1418605 0 101
1420100 0 102
1421575 0 102
1423070 0 102
1424483 0 102
1425978 0 103
1427452 0 101
1428886 0 102
1430279 0 103
1431692 0 101
1433125 0 102
1434600 0 102
1436074 0 102
1437487 0 102
1438900 0 102
1440375 0 103
1441911 0 101
1443426 0 102
1444819 0 102
1446273 0 102
1447707 0 102
1449243 0 102
1450676 0 103
1452089 0 101
1453625 0 102
1455100 0 102
1456554 0 102
1458049 0 102
1459462 0 102
1461018 0 102
1462534 0 103
1464090 0 101
1465606 0 102
1467039 0 102
1468473 0 102
1469866 0 102
1471320 0 102
1472753 0 103
1474166 0 101
1475702 0 102
1477218 0 102
1478733 0 102
1480228 0 102
1481764 0 103
1483321 0 101
1484816 0 102
1486331 0 102
1487826 0 102
1489280 0 102
1490693 0 102
1492250 0 102
1493683 0 102
1495199 0 103
1496714 0 101
1498128 0 102
1499561 0 102
1500974 0 102
1502449 0 102
1503985 0 103
1505439 0 101
1506872 0 102
1508388 0 103
1509801 0 101
1511235 0 102
1512627 0 102
1514040 0 102
1515474 0 102
1517010 0 103
1518484 0 101
1519959 0 102
1521392 0 102
1522826 0 102
1524260 0 102
1525755 0 102
1527229 0 103
1528786 0 101
1530178 0 102
1531591 0 103
1533168 0 101
1534622 0 102
1536015 0 102
1537448 0 102
1538964 0 102
1540438 0 102
1541872 0 102
1543326 0 102
1544719 0 103
1546214 0 101
1547688 0 102
1549183 0 102
1550699 0 103
1552173 0 101
1553607 0 102
1555081 0 102
1556556 0 102
1557969 0 102
1559362 0 103
1560877 0 101
1562413 0 102
1563949 0 102
1565485 0 102
1566980 0 103
1568393 0 101
1569786 0 102
1571260 0 102
1572694 0 102
1574209 0 102
1575622 0 103
1577077 0 101
1578592 0 102
1580108 0 102
1581500 0 103
1582995 0 101
1584490 0 102
1585903 0 103
1587378 0 101
1588873 0 102
1590265 0 102
1591801 0 103
1593214 0 101
1594628 0 102
1596041 0 103
1597536 0 101
1599031 0 102
1600505 0 102
1602041 0 102
1603516 0 103
1605011 0 101
1606465 0 102
1607878 0 102
1609393 0 102
1610786 0 103
1612301 0 101
1613694 0 102
1615087 0 103
1616520 0 101
1618015 0 102
1619531 0 102
1621026 0 102
1622418 0 102
1623832 0 103
1625245 0 101
1626678 0 102
1628091 0 102
1629545 0 102
1630958 0 103
1632433 0 101
1633928 0 102
1635484 0 102
1637020 0 102
1638577 0 103
1640092 0 101
1641505 0 102
1642898 0 103
1644434 0 101
1645909 0 102
1647445 0 103
1648940 0 101
1650476 0 102
1651971 0 103
1653486 0 101
1654961 0 102
1656374 0 102
1657828 0 102
1659323 0 103
1660838 0 101
1662231 0 102
1663644 0 103
1665098 0 101
1666532 0 102
1667965 0 103
1669419 0 101
1670873 0 102
1672327 0 103
1673802 0 101
1675276 0 102
1676812 0 102
1678266 0 102
1679680 0 102
1681175 0 102
1682710 0 102
1684124 0 103
1685598 0 101
1687073 0 102
1688527 0 102
1690063 0 103
1691619 0 101
1693073 0 102
1694568 0 102
1696063 0 102
1697599 0 102
1699094 0 103
1700651 0 101
1702166 0 102
1703620 0 103
1705197 0 101
1706631 0 102
1708085 0 103
1709580 0 101
1711116 0 102
1712631 0 102
1714044 0 102
1715457 0 103
1716871 0 101
1718386 0 102
1719799 0 102
1721335 0 103
1722871 0 101
1724305 0 102
1725718 0 102
1727254 0 102
1728687 0 102
1730162 0 103
1731677 0 101
1733213 0 102
1734606 0 103
1736101 0 101
1737514 0 102
1738948 0 103
1740422 0 101
1741979 0 102
1743412 0 102
1744948 0 102
1746464 0 103
1747897 0 101
1749331 0 102
1750846 0 102
1752341 0 102
1753795 0 102
1755249 0 102
1756683 0 102
1758198 0 102
1759611 0 103
1761127 0 101
1762642 0 102
1764056 0 102
1765489 0 102
1766923 0 102
1768397 0 103
1769831 0 101
1771326 0 102
1772841 0 102
1774336 0 102
1775770 0 103
1777183 0 101
1778699 0 102
1780153 0 103
1781689 0 101
1783225 0 102
1784617 0 102
1786112 0 103
1787525 0 101
1788979 0 102
1790433 0 102
1791846 0 102
1793239 0 102
1794734 0 102
1796188 0 103
1797622 0 101
1799076 0 102
1800612 0 102
1802045 0 102
1803479 0 102
1804871 0 102
1806407 0 102
1807821 0 102
1809213 0 103
1810749 0 101
1812224 0 102
1813698 0 102
1815234 0 102
1816750 0 103
1818163 0 101
1819637 0 102
1821030 0 103
1822484 0 101
1823938 0 102
1825392 0 102
1826846 0 102
1828259 0 102
1829754 0 102
1831167 0 102
1832601 0 102
1834035 0 103
1835591 0 101
1837106 0 102
1838560 0 102
1840055 0 103
1841530 0 101
1843005 0 102
1844541 0 102
1846056 0 102
1847490 0 102
1848923 0 102
1850418 0 102
1851872 0 103
1853388 0 101
1854842 0 102
1856275 0 102
1857729 0 103
1859245 0 101
1860699 0 102
1862173 0 103
1863730 0 101
1865266 0 102
1866781 0 103
1868256 0 101
1869771 0 102
1871307 0 102
1872802 0 103
1874216 0 101
1875751 0 102
1877287 0 102
1878803 0 103
1880278 0 101
1881773 0 102
1883186 0 102
1884660 0 102
1886094 0 102
1887527 0 103
1888940 0 101
1890476 0 102
1891951 0 102
1893425 0 102
1894859 0 102
1896272 0 103
1897767 0 101
1899221 0 102
1900716 0 102
1938028 0 47
1939523 0 46
1940957 0 40
1942411 0 44
1943865 0 43
1945319 0 42
1946855 0 48
1948350 0 46
1949927 0 44
1951463 0 46
1952876 0 51
1954289 0 53
1955764 0 50
1957300 0 49
1958754 0 62
1960208 0 48
1961744 0 50
1963198 0 57
1964631 0 52
1966167 0 59
1967642 0 54
1969157 0 70
1970652 0 38
1972127 0 50
1973663 0 60
1975137 0 63
1976612 0 37
1978005 0 54
1979418 0 66
1980831 0 38
1982264 0 57
1983718 0 53
1985152 0 59
1986565 0 52
1988060 0 65
1989617 0 43
1991071 0 53
1992484 0 57
1993999 0 52
1995474 0 63
1997030 0 46
1998587 0 56
2000102 0 69
2001577 0 46
2003113 0 51
2004587 0 57
2006164 0 71
2007557 0 46
2009113 0 57
2010649 0 58
2012226 0 51
2013639 0 49
2015114 0 60
2016670 0 53
2018124 0 61
2019660 0 48
2021094 0 60
2022507 0 51
2023981 0 54
2025394 0 59
2026930 0 70
2028405 0 45
2029900 0 58
2031334 0 53
2032788 0 50
2034303 0 61
2035839 0 37
2037334 0 53
2038891 0 51
2040345 0 51
2041758 0 64
2043253 0 40
2044666 0 54
2046079 0 67
2047574 0 45
2049069 0 52
2050605 0 71
2052120 0 40
2053574 0 55
2054988 0 59
2056421 0 61
2057957 0 38
2059493 0 54
2060947 0 70
2062463 0 42
2063937 0 59
2065473 0 71
2066866 0 42
2068258 0 57
2069671 0 71
2071105 0 47
2072661 0 56
2074218 0 64
2075651 0 45
2077146 0 53
2078580 0 53
2080055 0 54
2081488 0 54
2082983 0 70
2084355 0 40
2085912 0 55
2087325 0 51
2088738 0 55
2090212 0 57
2091667 0 55
2093162 0 66
2094595 0 45
2096172 0 52
2097729 0 57
2099264 0 55
2100698 0 62
2102173 0 38
2103627 0 53
2105163 0 66
2106678 0 39
2108112 0 49
2109607 0 72
2110999 0 40
2112453 0 51
2113989 0 68
2115505 0 41
2116938 0 54
2118331 0 60
2119765 0 59
2121280 0 66
2122775 0 39
2124250 0 55
2125663 0 58
2127158 0 59
2128714 0 59
2130230 0 50
2131684 0 72
2133179 0 40
2134694 0 54
2136107 0 68
2137623 0 45
2139179 0 50
2140613 0 54
2142087 0 59
2143521 0 69
2145077 0 39
2146552 0 50
2148047 0 53
2149583 0 53
2151016 0 49
2152532 0 58
2153986 0 68
2155481 0 44
2157038 0 52
2158594 0 57
2160109 0 55
2161645 0 70
2163038 0 45
2164533 0 54
2165987 0 57
2167441 0 53
2168998 0 56
2170472 0 66
2171906 0 44
2173380 0 50
2174793 0 50
2176247 0 59
2177661 0 54
2179176 0 62
2180712 0 41
2182146 0 55
2183702 0 58
2185136 0 59
2186672 0 53
2188228 0 61
2189784 0 47
2191300 0 54
2192713 0 71
2194249 0 43
2195765 0 58
2197280 0 54
2198693 0 52
2200209 0 60
2201683 0 55
2203199 0 62
2204714 0 43
2206189 0 51
2207643 0 54
2209076 0 53
2210571 0 66
2212128 0 37
2213541 0 50
2215036 0 56
2216592 0 53
2218128 0 51
2219644 0 69
2221180 0 45
2222613 0 50
2224088 0 50
2225644 0 62
2227098 0 38
2228491 0 60
2230047 0 55
2231522 0 49
2233058 0 59
2234553 0 64
2236007 0 42
2237400 0 54
2238936 0 52
2240472 0 52
2241885 0 53
2243339 0 51
2244875 0 58
2246431 0 50
2247865 0 65
2249298 0 39
2250793 0 52
2252227 0 58
2253701 0 52
2255176 0 67
2256691 0 48
2258084 0 58
2259538 0 68
2261013 0 41
2262549 0 51
2263982 0 49
2265498 0 56
2267054 0 61
2268570 0 37
2269983 0 59
2271478 0 56
2273034 0 54
2274447 0 57
2275881 0 50
2277355 0 55
2278891 0 63
2280468 0 45
2281922 0 52
2283458 0 58
2284892 0 54
2286387 0 50
2287943 0 68
2289418 0 40
2290913 0 58
2292408 0 67
2293923 0 41
2295357 0 57
2296791 0 68
2298326 0 41
2299883 0 49
2301378 0 49
2302852 0 59
2304286 0 52
2305802 0 70
2307235 0 40
2308669 0 56
2310205 0 62
2311720 0 38
2313174 0 54
2314690 0 58
2316287 0 72
2317680 0 42
2319175 0 57
2320629 0 50
2322042 0 58
2323639 0 55
2325093 0 65
2326527 0 42
2328083 0 57
2329496 0 58
2331012 0 53
2332425 0 62
2333879 0 39
2335292 0 59
2336787 0 56
2338282 0 53
2339777 0 60
2341211 0 53
2342644 0 70
2344037 0 44
2345491 0 55
2346945 0 53
2348338 0 51
2349751 0 68
2351205 0 40
2352720 0 55
2354154 0 60
2355690 0 51
2357124 0 57
2358700 0 60
2360155 0 53
2361588 0 69
2363145 0 40
2364558 0 58
2366053 0 69
2367568 0 45
2369104 0 50
2370558 0 61
2372012 0 47
2373446 0 60
2375002 0 50
2376559 0 49
2378074 0 57
2379569 0 67
2381064 0 45
2382518 0 55
2384054 0 58
2385529 0 50
2387044 0 63
2388498 0 42
2390014 0 49
2391509 0 51
2392963 0 52
2394396 0 55
2395851 0 56
2397325 0 55
2398779 0 67
2400213 0 37
2401728 0 58
2403203 0 59
2404698 0 52
2406234 0 60
2407708 0 53
2409265 0 59
2410760 0 51
2412152 0 67
2413586 0 44
2415081 0 57
2416617 0 62
2418153 0 39
2419648 0 54
2421102 0 58
2422658 0 58
2424235 0 69
2425689 0 44
2427184 0 60
2428577 0 55
2430092 0 50
2431547 0 54
2433021 0 55
2434578 0 63
2436093 0 42
2437486 0 54
2438940 0 58
2440394 0 52
2441848 0 49
2443261 0 67
2444817 0 48
2446312 0 51
2447787 0 58
2449323 0 52
2450818 0 58
2452231 0 56
2453726 0 55
2455241 0 72
2456757 0 39
2458252 0 59
2459808 0 72
2461344 0 45
2462901 0 53
2464375 0 62
2465829 0 42
2467304 0 56
2468840 0 51
2470253 0 55
2471789 0 62
2473202 0 44
2474615 0 59
2476090 0 57
2477626 0 56
2479059 0 52
2480636 0 64
2482070 0 45
2483565 0 54
2484978 0 51
2486473 0 58
2487906 0 49
2489401 0 59
2490958 0 68
2492453 0 45
2493886 0 60
2495320 0 58
2496836 0 59
2498310 0 61
2499846 0 41
2501300 0 55
2502713 0 72
2504229 0 42
2505662 0 56
2507075 0 63
2508529 0 40
2510045 0 50
2511438 0 63
2512974 0 37
2514428 0 59
2515841 0 58
2517418 0 64
2518851 0 43
2520285 0 51
2521800 0 63
2523295 0 47
2524811 0 59
2526224 0 55
2527739 0 49
2529275 0 51
2530770 0 65
2532265 0 48
2533760 0 53
2535235 0 56
2536648 0 54
2538204 0 52
2539638 0 56
2541153 0 52
2542648 0 64
2544082 0 38
2545598 0 57
2547052 0 60
2548608 0 52
2550083 0 54
2551598 0 67
2553011 0 39
2554424 0 55
2555940 0 52
2557394 0 60
2558889 0 52
2560445 0 70
2561817 0 46
2563395 0 53
2564930 0 58
2566466 0 65
2567920 0 37
2569313 0 59
2570869 0 53
2572303 0 58
2573778 0 55
2575252 0 61
2576768 0 44
2578324 0 58
2579901 0 65
2581437 0 48
2582973 0 49
2584468 0 70
2585840 0 37
2587274 0 60
2588687 0 69
2590202 0 42
2591615 0 52
2593049 0 69
2594626 0 42
2596162 0 60
2597698 0 53
2599254 0 61
2600790 0 47
2602347 0 52
2603883 0 60
2605316 0 54
2606811 0 70
2608327 0 47
2609801 0 50
2611296 0 57
2612791 0 51
2614327 0 53
2615740 0 55
2617317 0 72
2618792 0 44
2620287 0 52
2621761 0 59
2623297 0 54
2624731 0 54
2626287 0 65
2627803 0 44
2629359 0 52
2630772 0 64
2632247 0 41
2633762 0 56
2635298 0 56
2636814 0 51
2638206 0 66
2639620 0 47
2641094 0 50
2642528 0 51
2643961 0 56
2645374 0 51
2646931 0 69
2648467 0 40
2649880 0 58
2651354 0 61
2652890 0 40
2654447 0 50
2655860 0 61
2657355 0 47
2658768 0 58
2660284 0 54
2661758 0 52
2663171 0 53
2664687 0 60
2666202 0 63
2667677 0 43
2669172 0 49
2670605 0 51
2672162 0 51
2673698 0 72
2675172 0 45
2676729 0 52
2678285 0 58
2679760 0 60
2681214 0 51
2682647 0 62
2684060 0 39
2685514 0 53
2686928 0 59
2688402 0 53
2689897 0 53
2691454 0 71
2692990 0 40
2694505 0 53
2695939 0 53
2697495 0 60
2699031 0 55
2700587 0 70
2702103 0 37
2703577 0 58
2705154 0 58
2706608 0 64
2708103 0 40
2709517 0 57
2711032 0 49
2712527 0 70
2713940 0 47
2715353 0 52
2716848 0 56
2718364 0 55
2719838 0 60
2721313 0 60
2722787 0 53
2724262 0 53
2725695 0 63
2727272 0 41
2728706 0 50
2730201 0 51
2731737 0 63
2733293 0 47
2734809 0 56
2736345 0 65
2737860 0 41
2739314 0 51
2740728 0 68
2742182 0 41
2743697 0 59
2745151 0 53
2746646 0 54
2748039 0 51
2749513 0 60
2751070 0 58
2752544 0 57
2753978 0 69
2755514 0 48
2756988 0 51
2758422 0 67
2759835 0 41
2761310 0 59
2762723 0 63
2764279 0 43
2765692 0 60
2767208 0 60
2768641 0 60
2770095 0 54
2771570 0 67
2773085 0 39
2774498 0 55
2775973 0 52
2777427 0 55
2778963 0 55
2780397 0 52
2781810 0 64
2783284 0 40
2784820 0 60
2786233 0 56
2787769 0 51
2789285 0 59
2790759 0 59
2792316 0 66
2793872 0 39
2795347 0 52
2796883 0 50
2798419 0 56
2799934 0 67
2801327 0 40
2802740 0 60
2804153 0 65
2805607 0 39
2807102 0 58
2808577 0 59
2810072 0 51
2811587 0 51
2813021 0 55
2814495 0 67
2816031 0 37
2817444 0 55
2818857 0 54
2820414 0 68
2821868 0 37
2823383 0 59
2824940 0 58
2826435 0 50
2827909 0 56
2829363 0 49
2830776 0 66
2832190 0 46
2833726 0 57
2835262 0 65
2836818 0 42
2838374 0 53
2839931 0 60
2841385 0 56
2875478 0 104
2877014 0 104
2878509 0 104
2879984 0 104
2881376 0 104
2882769 0 104
2884305 0 104
2885841 0 104
2887254 0 104
2888646 0 104
2890162 0 105
2891555 0 105
2893029 0 105
2894422 0 105
2895917 0 105
2897432 0 105
2898866 0 106
2900361 0 104
2901856 0 105
2903248 0 106
2904682 0 104
2906177 0 105
2907713 0 106
2909188 0 104
2910621 0 105
2912116 0 105
2913591 0 105
2915004 0 106
2916540 0 104
2918096 0 105
2919509 0 105
2921025 0 105
2922479 0 105
2923871 0 105
2925366 0 105
2926780 0 106
2928316 0 104
2929811 0 105
2931265 0 106
2932698 0 104
2934193 0 105
2935750 0 105
2937163 0 105
2938719 0 106
2940235 0 104
2941771 0 105
2943266 0 105
2944720 0 105
2946256 0 105
2947648 0 105
2949061 0 106
2950597 0 104
2952072 0 105
2953485 0 105
2954898 0 105
2956393 0 105
2957929 0 105
2959363 0 105
2960817 0 106
2962332 0 104
2963868 0 105
2965343 0 106
2966858 0 104
2968312 0 105
2969828 0 105
2971343 0 105
2972900 0 105
2974354 0 105
2975849 0 106
2977405 0 104
2978921 0 105
2980416 0 106
2981972 0 104
2983406 0 105
2984860 0 105
2986355 0 105
2987768 0 105
2989304 0 106
2990717 0 104
2992212 0 105
2993666 0 105
2995141 0 105
2996574 0 105
2997967 0 105
2999380 0 106
3000936 0 104
3002452 0 105
3003885 0 106
3005380 0 104
3006896 0 105
3008411 0 105
3009845 0 105
3011279 0 105
3012753 0 106
3014166 0 104
3015579 0 105
3017115 0 106
3018631 0 104
3020105 0 105
3021498 0 105
3022952 0 105
3024365 0 105
3025840 0 105
3027253 0 105
3028748 0 106
3030263 0 104
3031758 0 105
3033274 0 105
3034789 0 105
3036243 0 105
3037677 0 105
3039213 0 105
3040687 0 105
3042223 0 106
3043657 0 104
3045152 0 105
3046667 0 105
3048203 0 106
3049760 0 104
3051296 0 105
3052832 0 105
3054347 0 105
3055781 0 106
3057214 0 104
3058750 0 105
3060307 0 106
3061843 0 104
3063276 0 105
3064710 0 105
3066225 0 106
3067720 0 104
3069133 0 105
3070588 0 105
3072001 0 105
3073434 0 105
3074909 0 106
3076404 0 104
3077837 0 105
3079312 0 106
3080745 0 104
3082240 0 105
3083674 0 105
3085210 0 105
3086664 0 106
3088077 0 104
3089511 0 105
3090944 0 105
3092337 0 105
3093832 0 106
3095368 0 104
3096781 0 105
3098215 0 105
3099648 0 105
3101143 0 105
3102679 0 105
3104195 0 105
3105649 0 106
3107103 0 104
3108495 0 105
3109970 0 105
3111485 0 106
3112898 0 104
3114393 0 105
3115909 0 105
3117465 0 106
3118981 0 104
3120496 0 105
3121909 0 106
3123466 0 104
3124961 0 105
3126497 0 105
3128012 0 106
3129507 0 104
3131023 0 105
3132579 0 105
3134013 0 105
3135549 0 105
3137044 0 105
3138478 0 106
3139973 0 104
3141529 0 105
3142983 0 106
3144519 0 104
3145912 0 105
3147407 0 105
3148922 0 105
3150417 0 106
3151830 0 104
3153243 0 105
3154718 0 105
3156213 0 105
3157769 0 105
3159203 0 106
3160636 0 104
3162131 0 105
3163627 0 105
3165162 0 105
3166617 0 105
3168152 0 106
3169627 0 104
3171122 0 105
3172658 0 106
3174133 0 104
3175628 0 105
3177102 0 106
3178577 0 104
3180051 0 105
3181526 0 106
3183000 0 104
3184495 0 105
3185990 0 106
3187547 0 104
3189103 0 105
3190639 0 105
3192155 0 105
3193609 0 105
3195104 0 105
3196619 0 105
3198176 0 106
3199650 0 104
3201063 0 105
3202497 0 105
3204053 0 105
3205589 0 105
3207105 0 105
3208600 0 106
3210095 0 104
3211651 0 105
3213208 0 105
3214764 0 105
3216259 0 105
3217795 0 105
3219290 0 106
3220785 0 104
3222219 0 105
3223693 0 105
3225209 0 106
3226622 0 104
3228076 0 105
3229550 0 106
3230984 0 104
3232397 0 105
3233954 0 105
3235469 0 106
3236985 0 104
3238541 0 105
3239975 0 106
3241449 0 104
3242883 0 105
3244419 0 105
3245893 0 105
3247368 0 106
3248801 0 104
3250255 0 105
3251689 0 105
3253122 0 105
3254638 0 106
3256113 0 104
3257587 0 105
3258980 0 106
3260536 0 104
3262052 0 105
3263588 0 105
3265021 0 105
3266537 0 105
3268052 0 105
3269609 0 106
3271083 0 104
3272558 0 105
3274053 0 105
3275486 0 105
3276981 0 106
3278456 0 104
3279930 0 105
3281466 0 106
3283023 0 104
3284456 0 105
3285869 0 106
3287303 0 104
3288798 0 105
3290232 0 106
3291768 0 104
3293222 0 105
3294696 0 106
3296232 0 104
3297666 0 105
3299079 0 105
3300574 0 105
3302130 0 106
3303543 0 104
3304936 0 105
3306451 0 105
3307885 0 105
3309380 0 106
3310834 0 104
3312350 0 105
3313886 0 105
3315340 0 106
3316794 0 104
3318309 0 105
3319763 0 105
3321238 0 105
3322794 0 105
3324269 0 106
3325764 0 104
3327197 0 105
3328754 0 105
3330208 0 105
3331764 0 105
3333177 0 105
3334631 0 106
3336065 0 104
3337540 0 105
3338953 0 106
3340509 0 104
3342004 0 105
3343561 0 105
3345096 0 105
3346571 0 105
3348025 0 105
3349520 0 106
3350954 0 104
3352490 0 105
3353903 0 105
3355439 0 105
3356934 0 105
3358429 0 106
3359883 0 104
3361439 0 105
3362934 0 105
3364347 0 105
3365760 0 105
3367153 0 105
3368689 0 105
3370184 0 106
3371638 0 104
3373092 0 105
3374546 0 105
3375980 0 106
3377536 0 104
3379072 0 105
3380588 0 106
3382021 0 104
3383496 0 105
3384991 0 105
3386383 0 105
3387817 0 105
3389333 0 105
3390889 0 105
3392323 0 106
3393879 0 104
3395333 0 105
3396726 0 105
3398262 0 106
3399675 0 104
3401108 0 105
3402521 0 105
3403934 0 105
3405429 0 105
3406924 0 105
3408460 0 105
3409915 0 105
3411369 0 106
3412884 0 104
3414277 0 105
3415792 0 105
3417246 0 106
3418721 0 104
3420134 0 105
3421547 0 105
3423042 0 105
3424517 0 105
3425930 0 106
3427486 0 104
3428899 0 105
3430333 0 106
3431807 0 104
3433261 0 105
3434654 0 106
3436088 0 104
3437521 0 105
3438934 0 106
3440368 0 104
3441822 0 105
3443358 0 105
3444750 0 106
3446266 0 104
3447679 0 105
3449235 0 106
3450710 0 104
3452246 0 105
3453782 0 106
3455256 0 104
3456690 0 105
3458185 0 105
3459680 0 105
3461175 0 106
3462588 0 104
3464104 0 105
3465599 0 105
3467135 0 105
3468589 0 105
3470002 0 105
3471517 0 105
3473012 0 106
3474507 0 104
3475900 0 105
3477313 0 105
3478726 0 106
3480139 0 104
3481634 0 105
3483170 0 105
3484706 0 105
3486119 0 105
3487655 0 105
3489212 0 105
3490707 0 105
3492161 0 106
3493615 0 104
3495048 0 105
3496482 0 106
3497977 0 104
3499513 0 105
3500906 0 106
3502360 0 104
3503855 0 105
3505329 0 106
3506845 0 104
3508340 0 105
3509814 0 105
3511330 0 105
3512784 0 105
3514217 0 105
3515753 0 106
3517310 0 104
3518805 0 105
3520300 0 105
3521733 0 105
3523126 0 105
3524539 0 106
3526096 0 104
3527529 0 105
3528983 0 106
3530540 0 104
3531953 0 105
3533489 0 105
3534902 0 105
3536315 0 106
3537728 0 104
3539264 0 105
3540820 0 106
3542233 0 104
3543728 0 105
3545285 0 106
3546821 0 104
3548336 0 105
3549729 0 105
3551265 0 105
3552719 0 105
3554112 0 105
3555504 0 105
3556938 0 106
3558351 0 104
3559866 0 105
3561402 0 105
3562795 0 105
3564310 0 105
3565826 0 105
3567301 0 105
3568796 0 106
3570331 0 104
3571888 0 105
3573424 0 105
3574980 0 105
3576434 0 105
3577888 0 106
3579424 0 104
3580838 0 105
3582251 0 105
3583705 0 105
3585179 0 105
3586572 0 105
3587964 0 106
3589480 0 104
3590893 0 105
3592409 0 105
3593822 0 105
3595276 0 105
3596730 0 106
3598225 0 104
3599740 0 105
3601215 0 105
3602669 0 105
3604205 0 105
3605741 0 105
3607215 0 106
3608649 0 104
3610103 0 105
3611577 0 105
3613134 0 105
3614649 0 105
3616165 0 105
3617578 0 105
3619114 0 106
3620527 0 104
3621920 0 105
3623312 0 106
3624787 0 104
3626282 0 105
3627797 0 105
3629272 0 106
3630726 0 104
3632241 0 105
3633655 0 105
3635129 0 105
3636665 0 105
3638140 0 106
3639635 0 104
3641089 0 105
3642502 0 106
3644058 0 104
3645594 0 105
3647110 0 106
3648666 0 104
3650223 0 105
3651656 0 105
3653172 0 105
3654585 0 105
3655998 0 105
3657431 0 105
3658906 0 106
3660360 0 104
3661773 0 105
3663207 0 105
3664702 0 105
3666176 0 106
3667671 0 104
3669084 0 105
3670620 0 105
3672013 0 105
3673508 0 105
3674921 0 106
3676416 0 104
3677870 0 105
3679304 0 106
3680819 0 104
3682273 0 105
3683789 0 106
3685222 0 104
3686697 0 105
3688110 0 105
3689543 0 105
3690977 0 105
3692411 0 105
3693844 0 106
3695380 0 104
3696896 0 105
3698432 0 105
3699947 0 105
3701401 0 105
3702917 0 105
3704432 0 106
3705886 0 104
3707443 0 105
3708979 0 105
3710535 0 105
3712030 0 106
3713505 0 104
3715041 0 105
3716597 0 105
3718072 0 105
3719567 0 105
3720959 0 105
3722454 0 106
3723970 0 104
3725506 0 105
3726939 0 106
3728496 0 104
3729950 0 105
3731445 0 106
3733001 0 104
3734517 0 105
3735991 0 105
3737486 0 105
3738899 0 105
3740333 0 106
3741766 0 104
3743282 0 105
3744736 0 105
3746231 0 105
3747624 0 105
3749119 0 105
3750614 0 106
3752150 0 104
3753563 0 105
3755119 0 106
3756676 0 104
3758089 0 105
3759584 0 105
3761099 0 105
3762574 0 106
3764130 0 104
3765564 0 105
3767059 0 105
3768492 0 105
3769987 0 105
3771441 0 105
3772936 0 106
3774350 0 104
3775763 0 105
