61670 0 11
63124 0 2
64558 0 4
66012 0 7
67446 0 10
68920 0 11
70436 0 6
71890 0 12
73364 0 5
74921 0 7
76375 0 20
77849 0 13
79385 0 23
80860 0 17
82375 0 14
83768 0 32
85181 0 9
86635 0 21
88171 0 36
89605 0 11
91038 0 14
92451 0 22
94028 0 17
95523 0 13
96916 0 30
98329 0 6
99783 0 22
101339 0 19
102855 0 36
104309 0 3
105743 0 14
107258 0 14
108651 0 23
110187 0 16
111579 0 18
113115 0 17
114651 0 28
116105 0 11
117539 0 21
119013 0 25
120508 0 10
122003 0 17
123498 0 23
125055 0 34
126550 0 10
128106 0 14
129519 0 35
130994 0 6
132550 0 14
133984 0 33
135520 0 11
136954 0 23
138449 0 13
139841 0 22
141295 0 14
142790 0 15
144224 0 34
145719 0 4
147111 0 15
148647 0 26
150142 0 9
151678 0 15
153132 0 19
154566 0 15
156061 0 14
157495 0 34
158949 0 7
160464 0 17
162021 0 24
163454 0 27
164908 0 4
166301 0 14
167775 0 13
169168 0 19
170602 0 24
172015 0 17
173510 0 14
175025 0 27
176459 0 5
177974 0 22
179469 0 33
181005 0 6
182439 0 15
183831 0 16
185326 0 14
186780 0 17
188296 0 17
189832 0 32
191368 0 11
192801 0 15
194194 0 15
195710 0 18
197205 0 21
198638 0 13
200113 0 14
201628 0 30
203103 0 5
204598 0 23
206154 0 15
207567 0 16
209021 0 13
210475 0 16
211868 0 18
213343 0 26
214756 0 1
216169 0 18
217602 0 19
219159 0 16
220654 0 26
222026 0 7
223541 0 18
225077 0 33
226634 0 7
228129 0 18
229583 0 19
231119 0 29
232532 0 9
234007 0 14
235481 0 34
237017 0 11
238471 0 20
240048 0 24
241461 0 25
242874 0 5
244390 0 15
245885 0 35
247400 0 4
248916 0 23
250411 0 15
251967 0 19
253524 0 35
255019 0 7
256473 0 22
257947 0 19
259401 0 23
260937 0 28
262350 0 2
263784 0 19
265320 0 27
266712 0 6
268228 0 14
269641 0 22
271198 0 29
272693 0 12
274208 0 21
275785 0 24
277280 0 21
278693 0 16
280188 0 18
281683 0 21
283158 0 30
284612 0 1
286066 0 23
287561 0 21
289015 0 21
290530 0 19
292005 0 13
293500 0 25
294913 0 2
296408 0 13
297883 0 13
299296 0 20
300811 0 32
302286 0 9
303719 0 24
305255 0 24
306730 0 24
308286 0 17
309761 0 14
311215 0 26
312648 0 4
314143 0 18
315577 0 15
317010 0 29
318403 0 3
319939 0 21
321373 0 15
322909 0 20
324342 0 13
325817 0 17
327291 0 24
328766 0 30
330199 0 1
331694 0 20
333169 0 17
334603 0 23
336016 0 25
337490 0 5
339006 0 22
340480 0 13
342037 0 14
343573 0 29
344986 0 11
346440 0 22
347894 0 16
349348 0 15
350781 0 16
352235 0 31
353689 0 11
355123 0 20
356720 0 34
358134 0 7
359629 0 15
361103 0 26
362516 0 1
363909 0 14
365301 0 25
366817 0 12
368312 0 15
369868 0 24
371404 0 21
372920 0 21
374497 0 14
375910 0 18
377364 0 26
378736 0 10
380211 0 14
381624 0 13
383160 0 15
384614 0 22
386047 0 23
387604 0 21
389037 0 36
390532 0 8
392007 0 13
393420 0 17
394956 0 22
396410 0 26
397803 0 2
399339 0 14
400854 0 15
402349 0 18
403906 0 18
405421 0 29
406916 0 7
408350 0 23
409763 0 27
411217 0 6
412671 0 16
414166 0 22
415661 0 19
417217 0 18
418651 0 17
420146 0 23
421620 0 26
423116 0 12
424549 0 21
426003 0 22
427560 0 24
429034 0 25
430529 0 9
432045 0 22
433519 0 24
435035 0 28
436550 0 7
438127 0 21
439561 0 15
441097 0 19
442592 0 29
444046 0 12
445459 0 24
446933 0 21
448367 0 15
449780 0 17
451316 0 35
452729 0 9
454163 0 14
455535 0 13
456927 0 36
458484 0 7
460020 0 18
461556 0 27
463071 0 11
464525 0 17
466000 0 16
467474 0 13
468990 0 21
470567 0 24
472062 0 16
473454 0 29
474888 0 5
476363 0 14
477837 0 15
479373 0 24
480868 0 35
482343 0 7
483920 0 17
485455 0 35
486930 0 11
488343 0 14
489859 0 16
491354 0 30
492849 0 4
494323 0 14
495859 0 22
497293 0 19
498788 0 24
500283 0 30
501716 0 11
503273 0 15
504665 0 30
506119 0 4
507512 0 24
508966 0 36
510379 0 10
511833 0 16
513308 0 16
514741 0 35
516175 0 4
517588 0 16
519063 0 14
520578 0 19
522012 0 25
523466 0 8
525002 0 21
526558 0 27
527992 0 6
529528 0 20
530982 0 25
532538 0 12
533951 0 15
535508 0 36
536982 0 9
538498 0 19
539952 0 23
541488 0 15
543024 0 24
544498 0 34
545973 0 1
547365 0 13
548922 0 17
550458 0 22
551994 0 19
553550 0 15
555107 0 22
556663 0 34
558158 0 9
559694 0 23
561210 0 24
562725 0 24
564241 0 21
565756 0 23
567231 0 25
568644 0 5
570139 0 21
571552 0 21
573067 0 19
574624 0 16
576139 0 25
577675 0 10
579232 0 23
580727 0 24
582181 0 14
583717 0 15
585253 0 18
586686 0 16
588079 0 32
589492 0 5
590885 0 17
592298 0 14
593690 0 18
595104 0 35
596578 0 10
598053 0 14
599527 0 22
601002 0 22
602435 0 20
603951 0 30
605343 0 2
606777 0 16
608231 0 13
609705 0 24
611119 0 21
612573 0 27
614088 0 12
615542 0 14
616976 0 35
618430 0 2
619925 0 19
621502 0 22
622997 0 16
624512 0 17
625946 0 15
627338 0 26
628854 0 8
630308 0 18
631844 0 30
633339 0 3
634752 0 23
636308 0 20
637742 0 16
639135 0 31
640712 0 8
642145 0 17
643579 0 16
645115 0 16
646569 0 14
648023 0 17
649415 0 27
650931 0 6
652446 0 14
653941 0 28
655457 0 8
656993 0 15
658386 0 26
659778 0 12
661273 0 24
662748 0 29
664284 0 1
665676 0 14
667192 0 13
668605 0 27
670038 0 8
671533 0 13
672926 0 16
674319 0 18
675793 0 18
677268 0 16
678640 0 34
680012 0 9
681528 0 16
683002 0 13
684436 0 13
685951 0 32
687405 0 4
688859 0 23
690334 0 18
691767 0 15
693180 0 24
694655 0 13
696089 0 21
697522 0 28
699058 0 9
700492 0 22
702048 0 13
703605 0 28
705079 0 7
706513 0 17
707946 0 13
709482 0 16
710875 0 16
712390 0 36
713906 0 10
715462 0 16
716978 0 16
718432 0 23
719988 0 23
721442 0 25
722896 0 3
724453 0 20
725989 0 15
727443 0 15
728856 0 24
730310 0 33
731785 0 2
733239 0 22
734754 0 18
736290 0 19
737765 0 13
739239 0 20
740816 0 18
742332 0 32
743827 0 1
745281 0 19
746837 0 36
748271 0 11
749827 0 23
751302 0 25
752838 0 9
754374 0 16
755869 0 30
757241 0 2
758695 0 20
760272 0 27
761746 0 1
763262 0 21
764736 0 20
766252 0 20
767747 0 14
769201 0 16
770593 0 17
772068 0 13
773481 0 35
774935 0 1
776389 0 18
777823 0 22
779256 0 22
780731 0 28
782267 0 12
783762 0 22
785236 0 30
786690 0 6
788104 0 17
789496 0 31
790991 0 11
792486 0 19
794022 0 16
795415 0 34
796930 0 3
798405 0 14
799900 0 15
801333 0 16
802726 0 34
804201 0 8
805778 0 18
807252 0 19
808768 0 23
810242 0 15
811635 0 13
813027 0 36
814440 0 5
815853 0 18
817410 0 26
818823 0 10
820298 0 18
821711 0 18
823247 0 16
824619 0 13
826073 0 33
827609 0 8
829145 0 16
830599 0 15
832073 0 34
833486 0 2
834961 0 15
836415 0 33
837951 0 4
839426 0 23
840941 0 22
842497 0 17
843911 0 28
845467 0 3
846921 0 15
848396 0 21
849870 0 21
851324 0 19
852778 0 13
854335 0 22
855789 0 36
857304 0 1
858717 0 18
860212 0 26
861585 0 2
862998 0 21
864513 0 36
866049 0 9
867483 0 24
868957 0 25
870514 0 4
871886 0 22
873463 0 18
874937 0 18
876473 0 36
877948 0 3
879504 0 17
880897 0 26
882371 0 11
883866 0 13
885259 0 13
886754 0 19
888188 0 22
889662 0 18
891137 0 31
892611 0 1
894045 0 14
895499 0 19
896953 0 21
898509 0 30
899922 0 6
901458 0 18
902892 0 21
904469 0 32
905964 0 1
907438 0 22
908913 0 24
910428 0 20
911985 0 32
913378 0 7
914913 0 24
916449 0 29
917965 0 4
919419 0 23
920853 0 21
922286 0 17
923699 0 19
925215 0 17
926710 0 28
928123 0 9
929597 0 22
931113 0 23
932506 0 18
933960 0 16
935475 0 34
936888 0 1
938363 0 21
939796 0 14
941230 0 14
942622 0 16
944117 0 27
945592 0 6
947046 0 17
948500 0 28
949913 0 12
951470 0 19
952965 0 20
954480 0 21
956016 0 19
957511 0 15
959027 0 20
960460 0 14
975863 0 101
977255 0 101
978709 0 101
980225 0 101
981720 0 101
983256 0 101
984689 0 101
986082 0 101
987577 0 101
989072 0 101
990526 0 102
992001 0 102
993496 0 103
995073 0 101
996588 0 102
998083 0 102
999476 0 102
1000930 0 103
1002384 0 101
1003858 0 102
1005272 0 102
1006746 0 102
1008262 0 103
1009736 0 101
1011170 0 102
1012665 0 103
1014160 0 101
1015634 0 102
1017191 0 103
1018665 0 101
1020140 0 102
1021635 0 102
1023109 0 102
1024645 0 102
1026058 0 102
1027574 0 103
1029110 0 101
1030564 0 102
1031977 0 103
1033472 0 101
1034987 0 102
1036523 0 102
1037916 0 102
1039350 0 102
1040763 0 102
1042176 0 102
1043650 0 103
1045125 0 101
1046640 0 102
1048176 0 102
1049630 0 103
1051105 0 101
1052518 0 102
1053972 0 102
1055426 0 102
1056901 0 102
1058314 0 102
1059850 0 103
1061263 0 101
1062778 0 102
1064232 0 102
1065748 0 103
1067325 0 101
1068779 0 102
1070172 0 102
1071728 0 102
1073243 0 102
1074636 0 103
1076111 0 101
1077565 0 102
1078957 0 102
1080493 0 102
1081947 0 103
1083360 0 101
1084814 0 102
1086248 0 102
1087723 0 102
1089218 0 102
1090651 0 102
1092126 0 102
1093662 0 103
1095218 0 101
1096754 0 102
1098208 0 102
1099744 0 103
1101280 0 101
1102673 0 102
1104147 0 103
1105642 0 101
1107117 0 102
1108612 0 102
1110004 0 102
1111520 0 102
1112912 0 102
1114305 0 102
1115698 0 103
1117193 0 101
1118626 0 102
1120039 0 102
1121555 0 102
1123050 0 102
1124504 0 102
1126019 0 102
1127494 0 102
1128928 0 103
1130382 0 101
1131877 0 102
1133310 0 102
1134723 0 103
1136259 0 101
1137775 0 102
1139249 0 102
1140683 0 102
1142178 0 103
1143591 0 101
1145086 0 102
1146622 0 103
1148199 0 101
1149714 0 102
1151107 0 103
1152541 0 101
1154036 0 102
1155510 0 102
1156923 0 102
1158357 0 102
1159872 0 102
1161265 0 103
1162821 0 101
1164316 0 102
1165852 0 102
1167306 0 102
1168842 0 102
1170378 0 103
1171914 0 101
1173348 0 102
1174741 0 102
1176215 0 102
1177608 0 102
1179082 0 103
1180618 0 101
1182113 0 102
1183506 0 102
1184939 0 102
1186332 0 103
1187827 0 101
1189261 0 102
1190735 0 102
1192251 0 102
1193705 0 102
1195241 0 102
1196736 0 103
1198210 0 101
1199726 0 102
1201118 0 103
1202675 0 101
1204067 0 102
1205583 0 102
1207098 0 102
1208552 0 102
1209966 0 103
1211522 0 101
1213078 0 102
1214532 0 102
1215925 0 102
1217400 0 102
1218813 0 102
1220328 0 103
1221885 0 101
1223339 0 102
1224813 0 102
1226349 0 102
1227844 0 102
1229401 0 103
1230814 0 101
1232329 0 102
1233763 0 103
1235258 0 101
1236712 0 102
1238166 0 103
1239722 0 101
1241115 0 102
1242651 0 103
1244064 0 101
1245518 0 102
1247034 0 102
1248488 0 102
1250024 0 102
1251437 0 103
1252993 0 101
1254509 0 102
1255942 0 102
1257437 0 102
1258994 0 102
1260448 0 102
1261840 0 102
1263274 0 102
1264708 0 103
1266264 0 101
1267759 0 102
1269152 0 102
1270606 0 102
1272080 0 102
1273596 0 102
1275132 0 103
1276627 0 101
1278019 0 102
1279453 0 103
1280907 0 101
1282361 0 102
1283877 0 102
1285351 0 102
1286785 0 103
1288300 0 101
1289775 0 102
1291270 0 102
1292806 0 102
1294260 0 102
1295755 0 102
1297291 0 102
1298724 0 103
1300219 0 101
1301673 0 102
1303127 0 103
1304622 0 101
1306015 0 102
1307551 0 102
1308944 0 102
1310480 0 102
1311913 0 102
1313306 0 102
1314780 0 102
1316316 0 103
1317791 0 101
1319224 0 102
1320658 0 102
1322051 0 102
1323566 0 102
1325041 0 102
1326597 0 103
1328092 0 101
1329526 0 102
1331021 0 103
1332454 0 101
1333990 0 102
1335465 0 102
1336857 0 102
1338291 0 102
1339765 0 102
1341260 0 102
1342735 0 103
1344189 0 101
1345602 0 102
1347077 0 102
1348490 0 103
1350046 0 101
1351562 0 102
1353036 0 102
1354470 0 103
1355985 0 101
1357501 0 102
1358893 0 103
1360368 0 101
1361904 0 102
1363399 0 102
1364812 0 103
1366307 0 101
1367700 0 102
1369092 0 102
1370546 0 102
1372000 0 102
1373414 0 102
1374827 0 103
1376342 0 101
1377796 0 102
1379250 0 103
1380745 0 101
1382240 0 102
1383694 0 103
1385169 0 101
1386582 0 102
1388138 0 103
1389654 0 101
1391087 0 102
1392623 0 102
1394057 0 102
1395470 0 102
1396986 0 102
1398481 0 102
1399914 0 103
1401368 0 101
1402822 0 102
1404256 0 102
1405751 0 102
1407266 0 103
1408741 0 101
1410133 0 102
1411547 0 102
1412960 0 102
1414434 0 102
1415868 0 103
1417363 0 101
1418796 0 102
1420312 0 103
1421827 0 101
1423302 0 102
1424735 0 102
1426128 0 102
1427644 0 102
1429057 0 102
1430593 0 102
1432006 0 103
1433583 0 101
1435139 0 102
1436634 0 103
1438191 0 101
1439706 0 102
1441160 0 103
1442573 0 101
1443966 0 102
1445358 0 103
1446813 0 101
1448308 0 102
1449762 0 103
1451195 0 101
1452752 0 102
1454288 0 102
1455701 0 102
1457257 0 103
1458834 0 101
1460350 0 102
1461742 0 103
1463155 0 101
1464650 0 102
1466084 0 102
1467579 0 102
1469053 0 102
1470508 0 103
1472064 0 101
1473538 0 102
1474972 0 102
1476385 0 102
1477798 0 102
1479273 0 103
1480706 0 101
1482140 0 102
1483533 0 103
1485068 0 101
1486482 0 102
1487915 0 102
1489390 0 102
1490844 0 102
1492318 0 102
1493875 0 103
1495308 0 101
1496762 0 102
1498278 0 103
1499814 0 101
1501309 0 102
1502742 0 103
1504237 0 101
1505692 0 102
1507166 0 102
1508600 0 102
1510054 0 103
1511508 0 101
1512962 0 102
1514375 0 102
1515808 0 102
1517262 0 102
1518778 0 102
1520212 0 103
1521666 0 101
1523202 0 102
1524594 0 103
1526048 0 101
1527482 0 102
1528895 0 102
1530349 0 103
1531885 0 101
1533400 0 102
1534895 0 102
1536411 0 102
1537824 0 102
1539258 0 102
1540753 0 102
1542289 0 102
1543804 0 103
1545320 0 101
1546856 0 102
1548392 0 103
1549907 0 101
1551402 0 102
1552897 0 103
1554454 0 101
1555867 0 102
1557382 0 102
1558857 0 103
1560311 0 101
1561744 0 102
1563198 0 102
1564673 0 102
1566147 0 103
1567601 0 101
1569035 0 102
1570571 0 102
1572066 0 102
1573459 0 102
1575015 0 103
1576510 0 101
1577964 0 102
1579357 0 103
1580872 0 101
1582367 0 102
1583801 0 103
1585337 0 101
1586873 0 102
1588409 0 102
1589822 0 102
1591235 0 102
1592771 0 102
1594286 0 103
1595761 0 101
1597317 0 102
1598792 0 103
1600266 0 101
1601720 0 102
1603236 0 103
1604751 0 101
1606267 0 102
1607803 0 102
1609298 0 103
1610711 0 101
1612165 0 102
1613681 0 102
1615094 0 102
1616486 0 103
1618063 0 101
1619456 0 102
1620869 0 102
1622262 0 102
1623716 0 102
1625190 0 102
1626644 0 102
1628139 0 103
1629614 0 101
1631068 0 102
1632522 0 103
1633976 0 101
1635410 0 102
1636966 0 103
1638400 0 101
1639956 0 102
1641471 0 102
1642946 0 102
1644441 0 102
1645834 0 102
1647267 0 103
1648803 0 101
1650216 0 102
1651670 0 102
1653063 0 102
1654538 0 103
1656012 0 101
1657507 0 102
1659002 0 102
1660538 0 102
1661951 0 103
1663426 0 101
1664900 0 102
1666313 0 102
1667726 0 103
1669283 0 101
1670778 0 102
1672211 0 103
1673645 0 101
1675161 0 102
1676574 0 102
1678069 0 103
1679523 0 101
1680915 0 102
1682308 0 102
1683762 0 102
1685216 0 102
1686691 0 103
1688206 0 101
1689660 0 102
1691135 0 103
1692630 0 101
1694084 0 102
1695476 0 102
1696951 0 103
1698384 0 101
1699859 0 102
1701333 0 102
1702767 0 102
1704180 0 102
1705675 0 102
1707068 0 103
1708563 0 101
1709996 0 102
1711532 0 102
1712966 0 102
1714481 0 102
1715894 0 103
1717430 0 101
1718864 0 102
1720298 0 102
1721731 0 102
1723124 0 103
1724680 0 101
1726155 0 102
1727547 0 102
1729001 0 102
1730394 0 102
1731930 0 103
1733405 0 101
1734900 0 102
1736313 0 102
1737828 0 102
1739323 0 102
1740839 0 102
1742272 0 103
1743849 0 101
1745303 0 102
1746839 0 102
1748273 0 102
1749686 0 102
1751140 0 102
1752635 0 102
1754110 0 103
1755584 0 101
1757120 0 102
1758513 0 102
1759926 0 102
1761339 0 102
1762772 0 103
1764267 0 101
1765681 0 102
1767176 0 103
1768712 0 101
1770206 0 102
1771599 0 103
1773176 0 101
1774630 0 102
1776043 0 103
1777579 0 101
1779074 0 102
1780590 0 102
1782003 0 102
1783416 0 102
1784911 0 102
1786447 0 103
1787942 0 101
1789355 0 102
1790870 0 102
1792345 0 102
1793738 0 103
1795274 0 101
1796748 0 102
1798182 0 102
1799615 0 102
1801069 0 102
1802626 0 103
1804121 0 101
1805657 0 102
1807152 0 103
1808626 0 101
1810121 0 102
1811555 0 102
1813070 0 102
1814606 0 102
1816040 0 102
1817555 0 102
1819050 0 103
1820586 0 101
1822020 0 102
1823413 0 102
1824805 0 102
1826321 0 102
1827877 0 103
1829434 0 101
1830949 0 102
1832342 0 102
1833796 0 102
1835209 0 102
1836601 0 102
1838096 0 102
1839632 0 103
1841148 0 101
1842643 0 102
1844097 0 103
1845572 0 101
1847005 0 102
1848459 0 102
1849954 0 102
1851429 0 102
1852965 0 103
1854378 0 101
1855852 0 102
1857347 0 102
1858801 0 102
1860235 0 103
1861751 0 101
1863286 0 102
1864822 0 103
1866297 0 101
1867812 0 102
1869246 0 102
1870782 0 102
1872236 0 102
