11672 0 48
13147 0 37
14580 0 40
16075 0 45
17550 0 37
19004 0 39
20417 0 46
21932 0 42
23448 0 47
24902 0 45
26397 0 52
27810 0 53
29325 0 66
30861 0 43
32336 0 54
33749 0 50
35162 0 61
36575 0 43
38111 0 51
39627 0 57
41122 0 54
42637 0 64
44050 0 41
45504 0 60
47040 0 60
48515 0 57
49989 0 62
51525 0 47
53000 0 53
54556 0 72
55990 0 48
57485 0 53
58980 0 61
60393 0 46
61929 0 55
63383 0 50
64817 0 54
66271 0 50
67827 0 71
69363 0 47
70899 0 51
72456 0 59
73951 0 57
75446 0 56
76900 0 51
78456 0 56
79869 0 51
81344 0 65
82900 0 45
84354 0 53
85849 0 57
87262 0 54
88798 0 51
90273 0 54
91665 0 71
93181 0 37
94717 0 49
96232 0 49
97727 0 51
99222 0 49
100717 0 53
102151 0 51
103626 0 69
105182 0 38
106657 0 57
108233 0 49
109688 0 52
111203 0 50
112739 0 55
114254 0 56
115729 0 68
117163 0 38
118596 0 51
120030 0 57
121566 0 55
123102 0 63
124638 0 38
126194 0 56
127751 0 52
129225 0 67
130679 0 39
132174 0 57
133649 0 51
135185 0 53
136741 0 58
138277 0 70
139690 0 37
141083 0 51
142557 0 72
144032 0 42
145527 0 56
146940 0 63
148353 0 43
149828 0 57
151302 0 61
152838 0 47
154251 0 55
155808 0 56
157221 0 51
158654 0 68
160108 0 41
161521 0 55
163017 0 53
164450 0 53
165863 0 51
167317 0 53
168853 0 55
170287 0 69
171802 0 47
173256 0 51
174751 0 58
176287 0 54
177700 0 72
179154 0 46
180629 0 53
182083 0 60
183517 0 71
184991 0 39
186404 0 57
187961 0 52
189374 0 58
190951 0 55
192384 0 59
193859 0 60
195292 0 54
196726 0 71
198201 0 37
199593 0 59
201129 0 50
202563 0 54
203976 0 69
205450 0 48
206904 0 57
208420 0 50
209833 0 51
211348 0 58
212843 0 68
214359 0 43
215854 0 57
217328 0 60
218762 0 59
220319 0 70
221814 0 39
223288 0 58
224824 0 52
226237 0 53
227671 0 65
229104 0 48
230599 0 53
232012 0 60
233425 0 58
234921 0 69
236375 0 39
237931 0 54
239467 0 55
240982 0 57
242518 0 71
243993 0 47
245488 0 58
247003 0 54
248539 0 60
249953 0 55
251468 0 54
252902 0 53
254315 0 68
255789 0 38
257264 0 54
258800 0 59
260356 0 53
261851 0 69
263326 0 40
264759 0 52
266275 0 64
267811 0 47
269224 0 60
270678 0 71
272173 0 46
273607 0 56
275102 0 56
276638 0 69
278112 0 43
279566 0 59
281041 0 50
282454 0 52
283969 0 65
285485 0 45
286918 0 57
288352 0 57
289826 0 59
291342 0 62
292755 0 38
294250 0 59
295725 0 71
297220 0 38
298653 0 50
300128 0 50
301664 0 60
303118 0 67
304531 0 38
306005 0 54
307500 0 58
308995 0 52
310470 0 57
311944 0 62
313480 0 43
314934 0 55
316429 0 57
317863 0 52
319379 0 53
320792 0 51
322225 0 54
323700 0 72
325113 0 41
326567 0 55
327980 0 71
329495 0 45
331031 0 52
332445 0 70
333837 0 43
335353 0 49
336909 0 64
338466 0 40
339879 0 52
341374 0 59
342869 0 59
344343 0 60
345736 0 68
347272 0 43
348685 0 51
350241 0 54
351757 0 53
353170 0 56
354644 0 60
356098 0 53
357553 0 61
359109 0 40
360686 0 58
362099 0 53
363656 0 52
365171 0 64
366707 0 41
368120 0 56
369615 0 53
371172 0 49
372585 0 55
374141 0 63
375698 0 46
377152 0 57
378585 0 52
379998 0 51
381411 0 57
382968 0 51
384442 0 50
385978 0 65
387453 0 41
388886 0 59
390443 0 63
391938 0 46
393371 0 55
394866 0 66
396423 0 37
397959 0 57
399372 0 53
400806 0 53
402362 0 56
403898 0 50
405352 0 54
406908 0 62
408465 0 45
409960 0 59
411373 0 71
412827 0 45
414281 0 49
415694 0 64
417189 0 41
418705 0 53
420159 0 71
421654 0 41
423169 0 50
424664 0 63
426180 0 38
427736 0 55
429252 0 50
430747 0 59
432180 0 65
433675 0 39
435170 0 57
436624 0 59
438140 0 65
439574 0 48
441130 0 60
442584 0 55
443997 0 60
445533 0 49
447090 0 53
448585 0 54
450059 0 64
451452 0 47
452865 0 58
454339 0 61
455814 0 48
457329 0 50
458804 0 67
460360 0 48
461773 0 53
463289 0 51
464784 0 68
466238 0 40
467774 0 50
469228 0 59
470703 0 51
472218 0 50
473713 0 54
475188 0 54
476662 0 65
478178 0 41
479714 0 53
481209 0 59
482745 0 59
484240 0 50
485796 0 59
487250 0 58
488827 0 68
490302 0 48
491776 0 53
493333 0 59
494869 0 60
496343 0 49
497756 0 68
499292 0 45
500767 0 54
502262 0 70
503654 0 40
505231 0 57
506685 0 55
508180 0 54
509737 0 59
511232 0 63
512706 0 44
514222 0 51
515676 0 66
517171 0 46
518727 0 58
520263 0 56
521799 0 58
523356 0 54
524912 0 55
526407 0 67
527902 0 48
529438 0 59
530974 0 57
532510 0 51
533985 0 68
535439 0 38
536975 0 59
538511 0 51
539944 0 59
541398 0 68
542934 0 47
544347 0 56
545842 0 57
547358 0 63
548832 0 46
550368 0 54
551884 0 49
553297 0 58
554751 0 49
556164 0 69
557700 0 45
559257 0 53
560670 0 61
562226 0 45
563680 0 54
565073 0 53
566588 0 51
568083 0 66
569578 0 39
571135 0 59
572630 0 60
574145 0 53
575681 0 52
577238 0 59
578651 0 60
580084 0 63
581620 0 44
583074 0 59
584610 0 52
586126 0 57
587580 0 60
589034 0 61
590508 0 48
591983 0 52
593498 0 55
595075 0 51
596591 0 51
598065 0 60
599560 0 67
601096 0 47
602653 0 60
604189 0 64
605602 0 47
607179 0 50
608592 0 69
610046 0 47
611623 0 54
613179 0 66
614613 0 40
616149 0 55
617562 0 70
619078 0 46
620573 0 51
622027 0 53
623542 0 49
625078 0 49
626614 0 58
628170 0 58
629727 0 63
631263 0 46
632799 0 60
634355 0 65
635891 0 44
637448 0 58
639025 0 53
640581 0 59
641994 0 56
643428 0 51
644923 0 71
646336 0 47
647892 0 53
649449 0 70
650882 0 38
652377 0 57
653913 0 66
655388 0 43
656944 0 60
658357 0 60
659812 0 63
661225 0 41
662699 0 54
664215 0 56
665710 0 53
667266 0 71
668761 0 44
670256 0 55
671833 0 58
673308 0 69
674762 0 42
676277 0 50
677731 0 67
679165 0 41
680701 0 51
682134 0 56
683629 0 66
685042 0 44
686599 0 52
688073 0 54
689609 0 51
691022 0 55
692538 0 69
694115 0 41
695651 0 56
697187 0 54
698723 0 62
700197 0 38
701733 0 53
703228 0 56
704723 0 57
706198 0 54
707652 0 49
709147 0 57
710703 0 67
712198 0 40
713673 0 54
715107 0 58
716540 0 71
718035 0 38
719571 0 56
720984 0 66
722397 0 38
723831 0 58
725408 0 49
726882 0 49
728295 0 54
729770 0 58
731224 0 56
732719 0 66
734132 0 43
735689 0 56
737163 0 65
738617 0 43
740153 0 53
741628 0 71
743020 0 37
744474 0 58
745928 0 59
747505 0 56
748980 0 60
750413 0 55
751888 0 58
753424 0 51
754939 0 70
756312 0 41
757766 0 54
759179 0 50
760653 0 55
762107 0 50
763602 0 57
765159 0 55
766695 0 66
768190 0 44
769746 0 56
771159 0 52
772613 0 56
774149 0 59
775644 0 70
777160 0 38
778593 0 49
780088 0 55
781604 0 51
783037 0 54
784451 0 58
786007 0 51
787502 0 64
789018 0 41
790451 0 52
791946 0 52
793462 0 49
794854 0 59
796329 0 68
797824 0 42
799257 0 54
800670 0 59
802124 0 53
803579 0 61
805094 0 43
806528 0 54
807982 0 70
809497 0 42
810910 0 52
812467 0 55
813982 0 71
815416 0 43
816870 0 53
818283 0 56
819737 0 61
821232 0 48
822788 0 53
824202 0 71
825697 0 46
827212 0 57
828768 0 56
830243 0 55
831759 0 70
833254 0 48
834790 0 49
836244 0 56
837800 0 50
839234 0 55
840770 0 50
842244 0 58
843760 0 68
845214 0 43
846647 0 50
848204 0 61
849617 0 39
851153 0 57
852709 0 56
854225 0 53
855658 0 68
857092 0 46
858669 0 53
860225 0 58
861720 0 66
863236 0 42
864772 0 57
866328 0 55
867844 0 66
869380 0 39
870834 0 56
872308 0 52
873783 0 49
875216 0 57
876711 0 53
878247 0 51
879783 0 66
881196 0 37
882589 0 50
884125 0 56
885620 0 52
887176 0 50
888589 0 49
890003 0 57
891477 0 60
892972 0 72
894365 0 42
895798 0 50
897273 0 66
898706 0 42
900160 0 55
901574 0 60
903069 0 60
904523 0 69
905977 0 47
907451 0 53
908987 0 63
910482 0 48
911936 0 59
913493 0 63
915029 0 47
916503 0 50
937847 0 104
939321 0 104
940878 0 104
942434 0 104
943827 0 104
945342 0 104
946817 0 104
948291 0 104
949766 0 104
951322 0 104
952715 0 105
954128 0 105
955582 0 105
957098 0 105
958531 0 105
960088 0 106
961542 0 104
962934 0 105
964368 0 105
965904 0 105
967399 0 105
968873 0 105
970287 0 105
971700 0 105
973174 0 106
974731 0 104
976226 0 105
977721 0 106
979134 0 104
980670 0 105
982144 0 105
983557 0 105
985032 0 105
986568 0 105
988124 0 106
989640 0 104
991114 0 105
992568 0 106
994084 0 104
995599 0 105
997012 0 105
998446 0 105
999900 0 105
1001436 0 105
1002870 0 106
1004344 0 104
1005880 0 105
1007293 0 106
1008850 0 104
1010365 0 105
1011799 0 105
1013294 0 106
1014707 0 104
1016161 0 105
1017697 0 105
1019151 0 105
1020646 0 105
1022121 0 105
1023595 0 105
1025029 0 106
1026462 0 104
1027937 0 105
1029432 0 106
1030906 0 104
1032319 0 105
1033753 0 105
1035146 0 105
1036682 0 106
1038156 0 104
1039631 0 105
1041085 0 106
1042580 0 104
1044013 0 105
1045426 0 105
1046860 0 105
1048273 0 105
1049686 0 105
1051243 0 106
1052738 0 104
1054192 0 105
1055687 0 105
1057182 0 105
1058738 0 105
1060172 0 105
1061708 0 105
1063244 0 105
1064636 0 106
1066111 0 104
1067544 0 105
1068937 0 106
1070391 0 104
1071907 0 105
1073361 0 105
1074774 0 105
1076330 0 106
1077825 0 104
1079320 0 105
1080815 0 105
1082351 0 106
1083846 0 104
1085362 0 105
1086795 0 105
1088229 0 105
1089683 0 106
1091198 0 104
1092611 0 105
1094066 0 105
1095499 0 106
1096933 0 104
1098489 0 105
1100005 0 106
1101418 0 104
1102892 0 105
1104387 0 105
1105862 0 105
1107275 0 105
1108811 0 106
1110347 0 104
1111760 0 105
1113234 0 105
1114648 0 105
1116081 0 105
1117576 0 105
1119051 0 106
1120607 0 104
1122082 0 105
1123536 0 105
1124969 0 105
1126423 0 105
1127898 0 106
1129393 0 104
1130888 0 105
1132342 0 106
1133755 0 104
1135168 0 105
1136581 0 105
1138076 0 105
1139571 0 105
1140984 0 105
1142397 0 106
1143954 0 104
1145490 0 105
1146985 0 105
1148459 0 105
1149913 0 105
1151408 0 105
1152965 0 105
1154399 0 105
1155791 0 106
1157286 0 104
1158802 0 105
1160297 0 106
1161792 0 104
1163348 0 105
1164864 0 105
1166297 0 105
1167731 0 105
1169164 0 105
1170680 0 106
1172236 0 104
1173690 0 105
1175124 0 105
1176516 0 105
1177950 0 105
1179425 0 106
1180879 0 104
1182292 0 105
1183705 0 105
1185261 0 105
1186756 0 106
1188313 0 104
1189726 0 105
1191200 0 105
1192757 0 106
1194211 0 104
1195624 0 105
1197037 0 106
1198471 0 104
1199986 0 105
1201481 0 105
1202894 0 105
1204451 0 105
1206007 0 106
1207441 0 104
1208915 0 105
1210308 0 105
1211762 0 105
1213318 0 105
1214772 0 105
1216186 0 106
1217681 0 104
1219217 0 105
1220671 0 105
1222186 0 105
1223599 0 106
1225115 0 104
1226589 0 105
1227982 0 105
1229497 0 105
1230972 0 105
1232426 0 105
1233859 0 105
1235314 0 106
1236747 0 104
1238242 0 105
1239717 0 105
1241150 0 106
1242707 0 104
1244222 0 105
1245635 0 105
1247130 0 106
1248646 0 104
1250182 0 105
1251636 0 106
1253049 0 104
1254462 0 105
1255977 0 105
1257493 0 106
1259029 0 104
1260524 0 105
1261958 0 106
1263473 0 104
1264866 0 105
1266361 0 105
1267917 0 105
1269392 0 106
1270948 0 104
1272361 0 105
1273856 0 106
1275310 0 104
1276846 0 105
1278280 0 105
1279693 0 105
1281208 0 106
1282765 0 104
1284219 0 105
1285714 0 105
1287250 0 106
1288806 0 104
1290199 0 105
1291653 0 105
1293169 0 105
1294684 0 105
1296118 0 105
1297633 0 105
1299169 0 106
1300705 0 104
1302118 0 105
1303593 0 105
1305006 0 105
1306542 0 106
1308098 0 104
1309491 0 105
1310883 0 105
1312440 0 105
1313914 0 105
1315450 0 105
1316925 0 106
1318461 0 104
1320017 0 105
1321512 0 105
1322905 0 106
1324359 0 104
1325834 0 105
1327369 0 105
1328906 0 105
1330400 0 105
1331936 0 106
1333472 0 104
1335008 0 105
1336565 0 105
1337978 0 105
1339534 0 105
1340947 0 105
1342483 0 106
1343917 0 104
1345310 0 105
1346866 0 106
1348341 0 104
1349795 0 105
1351249 0 106
1352703 0 104
1354177 0 105
1355590 0 105
1357085 0 105
1358499 0 106
1359953 0 104
1361427 0 105
1362902 0 105
1364356 0 105
1365892 0 106
1367346 0 104
1368800 0 105
1370295 0 106
1371769 0 104
1373285 0 105
1374800 0 106
1376336 0 104
1377893 0 105
1379326 0 106
1380760 0 104
1382296 0 105
1383852 0 105
1385347 0 105
1386801 0 106
1388235 0 104
1389710 0 105
1391245 0 106
1392720 0 104
1394154 0 105
1395587 0 105
1397103 0 105
1398598 0 105
1400113 0 106
1401608 0 104
1403103 0 105
1404537 0 105
1405950 0 105
1407424 0 106
1408919 0 104
1410353 0 105
1411848 0 105
1413343 0 105
1414838 0 105
1416313 0 105
1417787 0 106
1419323 0 104
1420757 0 105
1422170 0 106
1423624 0 104
1425098 0 105
1426532 0 106
1428068 0 104
1429563 0 105
1431078 0 105
1432553 0 105
1433946 0 105
1435461 0 106
1436895 0 104
1438431 0 105
1439864 0 105
1441380 0 106
1442854 0 104
1444267 0 105
1445721 0 106
1447278 0 104
1448752 0 105
1450145 0 106
1451558 0 104
1453033 0 105
1454568 0 106
1455982 0 104
1457477 0 105
1458972 0 106
1460467 0 104
1461962 0 105
1463498 0 105
1465034 0 105
1466529 0 105
1468024 0 105
1469519 0 105
1471014 0 105
1472550 0 106
1474065 0 104
1475458 0 105
1476850 0 106
1478386 0 104
1479799 0 105
1481213 0 106
1482769 0 104
1484182 0 105
1485616 0 105
1487111 0 106
1488667 0 104
1490224 0 105
1491637 0 105
1493193 0 105
1494688 0 105
1496204 0 106
1497760 0 104
1499255 0 105
1500730 0 105
1502225 0 105
1503679 0 105
1505092 0 105
1506546 0 105
1508102 0 106
1509536 0 104
1511031 0 105
1512464 0 105
1513939 0 105
1515475 0 106
1516909 0 104
1518424 0 105
1519960 0 105
1521394 0 105
1522950 0 106
1524486 0 104
1525940 0 105
1527353 0 105
1528848 0 105
1530384 0 105
1531900 0 105
1533395 0 106
1534910 0 104
1536323 0 105
1537798 0 106
1539293 0 104
1540685 0 105
1542180 0 105
1543716 0 105
1545252 0 106
1546788 0 104
1548345 0 105
1549860 0 106
1551376 0 104
1552932 0 105
1554345 0 106
1555861 0 104
1557274 0 105
1558728 0 105
1560264 0 106
1561779 0 104
1563315 0 105
1564831 0 106
1566264 0 104
1567698 0 105
1569193 0 105
1570729 0 105
1572224 0 105
1573678 0 105
1575235 0 106
1576689 0 104
1578122 0 105
1579658 0 106
1581153 0 104
1582669 0 105
1584225 0 105
1585679 0 105
1587092 0 105
1588587 0 106
1590000 0 104
1591475 0 105
1592929 0 105
1594362 0 105
1595878 0 105
1597291 0 105
1598745 0 105
1600281 0 106
1601694 0 104
1603148 0 105
1604684 0 105
1606241 0 105
1607715 0 105
1609149 0 105
1610644 0 105
1612118 0 106
1613552 0 104
1615108 0 105
1616644 0 106
1618098 0 104
1619634 0 105
1621150 0 105
1622563 0 105
1624078 0 105
1625553 0 106
1627089 0 104
1628645 0 105
1630059 0 106
1631472 0 104
1632926 0 105
1634462 0 105
1636018 0 105
1637452 0 105
1638865 0 105
1640339 0 105
1641814 0 106
1643309 0 104
1644845 0 105
1646278 0 106
1647814 0 104
1649289 0 105
1650743 0 105
1652156 0 105
1653610 0 106
1655146 0 104
1656662 0 105
1658136 0 105
1659529 0 105
1661044 0 105
1662478 0 106
1664014 0 104
1665427 0 105
1666881 0 105
1668335 0 105
1669850 0 105
1671366 0 105
1672800 0 106
1674233 0 104
1675667 0 105
1677203 0 106
1678677 0 104
1680131 0 105
1681606 0 106
1683142 0 104
1684555 0 105
1686111 0 105
1687627 0 105
1689081 0 105
1690617 0 106
1692030 0 104
1693586 0 105
1695081 0 105
1696556 0 105
1698051 0 105
1699566 0 105
1701041 0 105
1702474 0 105
1703949 0 106
1705362 0 104
1706919 0 105
1708352 0 105
1709806 0 106
1711322 0 104
1712858 0 105
1714353 0 105
1715827 0 105
1717220 0 105
1718653 0 106
1720087 0 104
1721500 0 105
1722995 0 106
1724470 0 104
1725944 0 105
1727357 0 105
1728852 0 105
1730368 0 106
1731924 0 104
1733460 0 105
1734853 0 106
1736327 0 104
1737863 0 105
1739399 0 105
1740894 0 105
1742410 0 105
1743843 0 105
1745359 0 105
1746915 0 105
1748472 0 106
1749946 0 104
1751482 0 105
1753018 0 106
1754493 0 104
1755926 0 105
1757442 0 105
1758896 0 105
1760411 0 105
1761906 0 105
1763360 0 105
1764794 0 105
1766269 0 106
1767702 0 104
1769136 0 105
1770651 0 106
1772126 0 104
1773559 0 105
1775075 0 106
1776549 0 104
1778044 0 105
1779580 0 105
1781055 0 105
1782591 0 105
1784004 0 105
1785458 0 106
1786892 0 104
1788325 0 105
1789759 0 105
1791233 0 105
1792749 0 105
1794285 0 106
1795841 0 104
1797295 0 105
1798831 0 105
1800326 0 105
1801719 0 106
1803193 0 104
1804750 0 105
1806245 0 106
1807740 0 104
1809153 0 105
1810648 0 105
1812041 0 105
1813536 0 105
1814969 0 105
1816444 0 105
1817980 0 106
1819516 0 104
1820990 0 105
1822526 0 105
1824042 0 105
1825455 0 106
1826970 0 104
1828424 0 105
1829837 0 105
1831312 0 105
1832766 0 106
1834302 0 104
1835715 0 105
1837230 0 105
1838685 0 105
