43503 0 9
45019 0 10
46493 0 11
48050 0 9
49586 0 2
50999 0 6
52412 0 10
53825 0 2
55320 0 6
56794 0 8
58330 0 17
59825 0 21
61320 0 28
62836 0 2
64290 0 20
65867 0 30
67218 0 10
68652 0 24
70086 0 31
71601 0 1
72994 0 18
74489 0 16
75861 0 13
77356 0 18
78769 0 36
80203 0 12
81677 0 22
83172 0 20
84647 0 16
86101 0 18
87534 0 32
88947 0 5
90442 0 15
91835 0 21
93289 0 22
94723 0 35
96177 0 2
97713 0 19
99249 0 18
100805 0 22
102239 0 29
103672 0 3
105188 0 16
106642 0 22
108178 0 15
109652 0 33
111209 0 7
112724 0 15
114260 0 26
115632 0 11
117168 0 18
118663 0 13
120199 0 17
121715 0 18
123189 0 33
124664 0 3
126138 0 13
127613 0 24
129149 0 13
130603 0 19
132077 0 18
133654 0 35
135047 0 9
136603 0 17
138119 0 20
139614 0 20
141089 0 29
142502 0 4
144017 0 17
145492 0 23
147048 0 19
148543 0 26
149977 0 11
151533 0 20
153131 0 21
154585 0 15
155977 0 24
157493 0 13
158885 0 13
160339 0 21
161793 0 33
163268 0 10
164763 0 18
166238 0 25
167712 0 7
169187 0 23
170723 0 33
172218 0 9
173672 0 14
175167 0 30
176559 0 8
178136 0 22
179713 0 16
181147 0 15
182703 0 13
184096 0 35
185632 0 7
187127 0 15
188642 0 26
190035 0 9
191448 0 19
192882 0 30
194295 0 12
195769 0 23
197223 0 18
198759 0 22
200193 0 22
201688 0 15
203142 0 19
204698 0 28
206132 0 11
207606 0 16
209019 0 13
210412 0 14
211948 0 27
213341 0 1
214774 0 24
216208 0 34
217662 0 6
219218 0 19
220775 0 17
222229 0 32
223724 0 2
225157 0 21
226652 0 16
228045 0 14
229540 0 21
230994 0 22
232551 0 26
233943 0 1
235418 0 22
236831 0 34
238223 0 3
239657 0 17
241050 0 32
242565 0 4
243937 0 18
245371 0 29
246763 0 12
248279 0 17
249794 0 16
251249 0 35
252641 0 3
254054 0 18
255488 0 13
256962 0 25
258437 0 8
259911 0 23
261365 0 28
262860 0 3
264294 0 15
265830 0 23
267264 0 17
268779 0 16
270192 0 18
271769 0 19
273326 0 16
274841 0 36
276275 0 12
277688 0 20
279224 0 19
280801 0 15
282214 0 17
283729 0 13
285163 0 18
286678 0 31
288214 0 6
289689 0 15
291143 0 22
292638 0 13
294092 0 23
295628 0 20
297143 0 19
298638 0 34
300174 0 12
301710 0 24
303205 0 30
304598 0 11
306052 0 13
307465 0 22
309022 0 19
310517 0 34
312053 0 8
313486 0 17
314961 0 17
316415 0 30
317889 0 12
319405 0 21
320961 0 17
322415 0 17
323931 0 22
325364 0 34
326818 0 5
328211 0 20
329726 0 22
331140 0 31
332676 0 12
334068 0 20
335522 0 28
336956 0 2
338410 0 14
339843 0 24
341318 0 23
342833 0 15
344328 0 35
345783 0 12
347318 0 23
348875 0 14
350390 0 20
351906 0 22
353380 0 21
354814 0 15
356309 0 28
357784 0 1
359197 0 15
360692 0 18
362228 0 23
363764 0 19
365218 0 18
366733 0 32
368208 0 10
369703 0 21
371136 0 19
372672 0 20
374106 0 14
375601 0 35
377096 0 2
378632 0 20
380147 0 14
381560 0 16
382953 0 26
384448 0 3
385841 0 20
387315 0 20
388831 0 20
390408 0 16
391923 0 32
393459 0 6
394913 0 20
396367 0 16
397760 0 15
399234 0 14
400668 0 27
402204 0 9
403781 0 18
405235 0 16
406628 0 27
408041 0 2
409495 0 23
411051 0 29
412567 0 10
414144 0 14
415536 0 27
416949 0 8
418403 0 21
419939 0 17
421434 0 18
422868 0 20
424322 0 36
425837 0 4
427230 0 18
428643 0 18
430077 0 17
431531 0 18
433067 0 17
434582 0 24
435975 0 26
437470 0 9
438965 0 14
440439 0 18
441914 0 24
443429 0 15
444924 0 23
446338 0 18
447894 0 36
449450 0 5
450884 0 23
452297 0 21
453772 0 13
455226 0 21
456762 0 24
458195 0 19
459711 0 27
461226 0 1
462721 0 23
464216 0 23
465629 0 32
467083 0 12
468558 0 24
470073 0 17
471568 0 16
472961 0 22
474415 0 25
475951 0 3
477385 0 14
478818 0 33
480375 0 1
481788 0 15
483242 0 16
484757 0 28
486170 0 3
487625 0 13
489058 0 20
490492 0 19
491925 0 16
493441 0 18
494895 0 25
496328 0 11
497741 0 17
499216 0 14
500609 0 15
502063 0 17
503496 0 16
504950 0 15
506466 0 30
507961 0 3
509415 0 19
510910 0 20
512425 0 19
513941 0 14
515415 0 26
516808 0 12
518262 0 17
519716 0 22
521170 0 24
522686 0 16
524181 0 21
525737 0 29
527109 0 5
528522 0 13
530017 0 13
531471 0 18
532925 0 30
534400 0 3
535813 0 22
537267 0 17
538762 0 20
540237 0 25
541650 0 9
543104 0 14
544517 0 26
545951 0 7
547446 0 20
548920 0 15
550415 0 23
551931 0 14
553364 0 22
554818 0 30
556293 0 1
557685 0 13
559221 0 14
560696 0 15
562252 0 21
563706 0 19
565181 0 26
566696 0 9
568232 0 20
569686 0 18
571140 0 24
572554 0 24
574008 0 20
575605 0 36
577039 0 6
578493 0 14
579988 0 34
581442 0 12
582855 0 13
584247 0 24
585661 0 18
587156 0 17
588610 0 17
590023 0 21
591456 0 27
592910 0 5
594405 0 17
595880 0 31
597395 0 7
598829 0 19
600344 0 28
601839 0 5
603375 0 19
604809 0 30
606181 0 3
607574 0 21
609028 0 33
610461 0 3
611915 0 17
613308 0 22
614742 0 25
616216 0 2
617691 0 15
619145 0 14
620660 0 13
622135 0 21
623630 0 35
625063 0 10
626538 0 13
628012 0 26
629507 0 10
631023 0 14
632395 0 30
633788 0 2
635283 0 15
636798 0 21
638355 0 15
639870 0 19
641447 0 14
642942 0 13
644355 0 28
645871 0 12
647345 0 19
648840 0 17
650397 0 16
651789 0 33
653346 0 6
654820 0 24
656233 0 15
657708 0 15
659203 0 36
660677 0 4
662111 0 21
663565 0 18
665122 0 16
666514 0 14
667948 0 30
669402 0 12
670876 0 13
672392 0 14
673887 0 28
675423 0 8
676979 0 13
678474 0 27
679867 0 11
681300 0 18
682755 0 19
684168 0 20
685683 0 24
687199 0 28
688735 0 11
690250 0 20
691827 0 32
693342 0 12
694858 0 23
696271 0 14
697787 0 18
699200 0 18
700633 0 21
702087 0 13
703582 0 35
704995 0 8
706470 0 19
707944 0 17
709399 0 16
710791 0 26
712327 0 7
713740 0 17
715235 0 16
716710 0 31
718205 0 7
719720 0 19
721195 0 32
722608 0 10
724041 0 21
725475 0 23
726888 0 13
728383 0 27
729817 0 8
731394 0 15
732827 0 15
734363 0 13
735756 0 27
737251 0 12
738725 0 24
740261 0 21
741797 0 14
743333 0 29
744726 0 3
746180 0 22
747654 0 19
749129 0 21
750706 0 27
752160 0 4
753614 0 19
755150 0 15
756543 0 35
758079 0 6
759533 0 21
761048 0 19
762543 0 14
764079 0 27
765513 0 2
766905 0 17
768380 0 19
769895 0 19
771431 0 20
772885 0 13
774299 0 31
775732 0 1
777186 0 20
778702 0 15
780135 0 27
781569 0 3
783084 0 14
784518 0 20
786054 0 24
787508 0 13
789044 0 14
790580 0 29
792116 0 2
793529 0 23
794983 0 15
796437 0 15
797973 0 22
799448 0 31
800943 0 4
802376 0 20
803953 0 14
805407 0 35
806882 0 6
808315 0 17
809810 0 17
811203 0 24
812616 0 19
814172 0 17
815606 0 24
817101 0 22
818616 0 34
820152 0 5
821627 0 14
823040 0 19
824596 0 27
826132 0 7
827627 0 23
829123 0 26
830618 0 6
832194 0 17
833649 0 29
835082 0 4
836454 0 18
837929 0 18
839506 0 19
841001 0 29
842455 0 6
843909 0 20
845404 0 35
846919 0 12
848353 0 17
849889 0 21
851425 0 14
852858 0 18
854374 0 16
855767 0 21
857323 0 33
858736 0 8
860272 0 14
861747 0 16
863242 0 27
864716 0 9
866273 0 17
867788 0 33
869222 0 5
870758 0 21
872294 0 33
873809 0 7
875366 0 19
876799 0 19
878356 0 31
879871 0 8
881448 0 24
882943 0 17
884336 0 13
885851 0 36
887305 0 2
888698 0 14
890213 0 30
891606 0 7
893060 0 23
894494 0 18
895948 0 16
897381 0 13
898815 0 19
900248 0 36
901764 0 3
903177 0 14
904570 0 19
906085 0 21
907498 0 21
909014 0 30
910447 0 8
911881 0 17
913294 0 18
914768 0 17
916263 0 20
917717 0 16
919171 0 29
920687 0 6
922182 0 16
923595 0 15
925131 0 26
926524 0 12
927937 0 23
929350 0 35
930865 0 4
932319 0 21
933773 0 33
935187 0 9
936743 0 13
938218 0 13
939733 0 16
941249 0 18
953973 0 101
955407 0 101
956881 0 101
958397 0 101
959933 0 101
961448 0 101
962861 0 101
964274 0 101
965810 0 101
967244 0 101
968698 0 102
970152 0 102
971668 0 102
973122 0 103
974535 0 101
975927 0 102
977422 0 102
978917 0 103
980392 0 101
981825 0 102
983239 0 103
984775 0 101
986208 0 102
987724 0 102
989137 0 102
990570 0 103
992004 0 101
993540 0 102
995014 0 103
996448 0 101
997943 0 102
999356 0 103
1000912 0 101
1002407 0 102
1003862 0 103
1005377 0 101
1006811 0 102
1008244 0 102
1009780 0 103
1011234 0 101
1012627 0 102
1014163 0 102
1015617 0 102
1017132 0 103
1018586 0 101
1020081 0 102
1021535 0 102
1023030 0 103
1024464 0 101
1025980 0 102
1027413 0 103
1028970 0 101
1030465 0 102
1032001 0 103
1033414 0 101
1034970 0 102
1036363 0 103
1037858 0 101
1039353 0 102
1040889 0 102
1042404 0 102
1043797 0 103
1045210 0 101
1046643 0 102
1048179 0 103
1049613 0 101
1051088 0 102
1052603 0 103
1054160 0 101
1055573 0 102
1057068 0 102
1058481 0 102
1059955 0 102
1061368 0 102
1062904 0 103
1064399 0 101
1065853 0 102
1067410 0 102
1068946 0 102
1070482 0 102
1071915 0 102
1073451 0 103
1074946 0 101
1076421 0 102
1077854 0 102
1079247 0 102
1080742 0 102
1082155 0 103
1083671 0 101
1085125 0 102
1086620 0 102
1088033 0 102
1089425 0 102
1090859 0 102
1092375 0 103
1093829 0 101
1095242 0 102
1096634 0 102
1098088 0 102
1099604 0 102
1101140 0 103
1102655 0 101
1104191 0 102
1105666 0 102
1107079 0 102
1108553 0 103
1110028 0 101
1111421 0 102
1112875 0 102
1114329 0 103
1115865 0 101
1117298 0 102
1118834 0 102
1120350 0 103
1121804 0 101
1123319 0 102
1124712 0 102
1126125 0 102
1127600 0 102
1129135 0 103
1130651 0 101
1132044 0 102
1133457 0 102
1134993 0 102
1136488 0 102
1137942 0 102
1139355 0 103
1140911 0 101
1142324 0 102
1143737 0 102
1145192 0 102
1146687 0 102
1148079 0 102
1149595 0 103
1151008 0 101
1152421 0 102
1153895 0 102
1155288 0 103
1156763 0 101
1158196 0 102
1159671 0 103
1161104 0 101
1162497 0 102
1164033 0 102
1165569 0 102
1166982 0 102
1168456 0 102
1169890 0 102
1171426 0 103
1172962 0 101
1174457 0 102
1175993 0 102
1177467 0 102
1178881 0 103
1180396 0 101
1181871 0 102
1183407 0 103
1184820 0 101
1186294 0 102
1187687 0 102
1189100 0 103
1190615 0 101
1192090 0 102
1193503 0 103
1195039 0 101
1196473 0 102
1197968 0 102
1199463 0 102
1200896 0 102
1202350 0 103
1203784 0 101
1205197 0 102
1206610 0 102
1208105 0 102
1209580 0 102
1211136 0 103
1212651 0 101
1214044 0 102
1215498 0 102
1216952 0 103
1218447 0 101
1220004 0 102
1221437 0 102
1222891 0 102
1224386 0 102
1225922 0 102
1227376 0 102
1228871 0 103
1230366 0 101
1231800 0 102
1233213 0 102
1234749 0 102
1236142 0 102
1237637 0 103
1239152 0 101
1240668 0 102
1242122 0 102
1243637 0 103
1245112 0 101
1246648 0 102
1248143 0 102
1249597 0 102
1251133 0 103
1252648 0 101
1254184 0 102
1255618 0 102
1257113 0 102
1258546 0 102
1260000 0 102
1261413 0 102
1262868 0 102
1264281 0 103
1265796 0 101
1267189 0 102
1268684 0 102
1270117 0 102
1271674 0 102
1273066 0 102
1274561 0 102
1276015 0 102
1277470 0 103
1278944 0 101
1280419 0 102
1281873 0 103
1283368 0 101
1284822 0 102
1286235 0 102
1287668 0 102
1289102 0 102
1290515 0 102
1292051 0 102
1293505 0 102
1294980 0 103
1296557 0 101
1297949 0 102
1299403 0 102
1300939 0 103
1302496 0 101
1304011 0 102
1305404 0 102
1306796 0 102
1308291 0 102
1309827 0 103
1311240 0 101
1312756 0 102
1314210 0 102
1315746 0 102
1317282 0 102
1318756 0 102
1320292 0 102
1321726 0 102
1323119 0 103
1324552 0 101
1326047 0 102
1327522 0 102
1328976 0 102
1330368 0 103
1331802 0 101
1333338 0 102
1334772 0 103
1336287 0 101
1337700 0 102
1339154 0 102
1340629 0 103
1342124 0 101
1343639 0 102
1345114 0 103
1346691 0 101
1348104 0 102
1349578 0 102
1351114 0 102
1352527 0 103
1353961 0 101
1355497 0 102
1357012 0 102
1358426 0 102
1359900 0 102
1361334 0 102
1362870 0 102
1364344 0 103
1365798 0 101
1367273 0 102
1368727 0 102
1370119 0 102
1371553 0 102
1372946 0 102
1374420 0 103
1375997 0 101
1377451 0 102
1378926 0 102
1380482 0 102
1382018 0 102
1383493 0 103
1384926 0 101
1386360 0 102
1387793 0 102
1389227 0 102
1390763 0 102
1392237 0 102
1393691 0 103
1395146 0 101
1396538 0 102
1398013 0 102
1399467 0 102
1400921 0 102
1402375 0 102
1403788 0 102
1405201 0 103
1406757 0 101
1408293 0 102
1409829 0 102
1411263 0 102
1412738 0 102
1414151 0 102
1415687 0 102
1417161 0 103
1418574 0 101
1420069 0 102
1421482 0 102
1422895 0 102
1424390 0 102
1425804 0 103
1427237 0 101
1428753 0 102
1430227 0 103
1431640 0 101
1433115 0 102
1434630 0 102
1436146 0 102
1437538 0 102
1439033 0 103
1440447 0 101
1441962 0 102
1443355 0 102
1444870 0 102
1446406 0 102
1447942 0 102
1449355 0 103
1450809 0 101
1452243 0 102
1453758 0 102
1455253 0 102
1456707 0 103
1458223 0 101
1459697 0 102
1461213 0 102
1462646 0 103
1464162 0 101
1465698 0 102
1467172 0 102
1468729 0 102
1470162 0 103
1471596 0 101
1473132 0 102
1474648 0 103
1476122 0 101
1477576 0 102
1478969 0 102
1480402 0 103
1481856 0 101
1483413 0 102
1484867 0 102
1486403 0 102
1487898 0 102
1489434 0 102
1490949 0 102
1492383 0 103
1493857 0 101
1495311 0 102
1496827 0 103
1498261 0 101
1499674 0 102
1501230 0 103
1502787 0 101
1504200 0 102
1505695 0 102
1507108 0 102
1508603 0 102
1510098 0 103
1511511 0 101
1513026 0 102
1514521 0 103
1516016 0 101
1517511 0 102
1518904 0 102
1520358 0 103
1521771 0 101
1523246 0 102
1524782 0 102
1526277 0 103
1527792 0 101
1529308 0 102
1530782 0 102
1532339 0 102
1533752 0 102
1535144 0 102
1536598 0 103
1538093 0 101
1539527 0 102
1540981 0 103
1542435 0 101
1543951 0 102
1545364 0 102
1546756 0 102
1548210 0 103
1549746 0 101
1551159 0 102
1552634 0 102
1554149 0 102
1555604 0 102
1557037 0 102
1558532 0 102
1560048 0 103
1561604 0 101
1563058 0 102
1564574 0 102
1566110 0 102
1567584 0 102
1569059 0 102
1570595 0 103
1572110 0 101
1573503 0 102
1574895 0 103
1576431 0 101
1577865 0 102
1579421 0 103
1580957 0 101
1582493 0 102
1584009 0 103
1585422 0 101
1586896 0 102
1588310 0 102
1589845 0 102
1591259 0 102
1592795 0 102
1594269 0 103
1595723 0 101
1597198 0 102
1598631 0 102
1600167 0 102
1601703 0 102
1603178 0 103
1604611 0 101
1606024 0 102
1607581 0 102
1609117 0 102
1610653 0 102
1612189 0 102
1613643 0 102
1615097 0 103
1616592 0 101
1618046 0 102
1619439 0 102
1620872 0 102
1622306 0 102
1623719 0 102
1625111 0 102
1626525 0 103
1628040 0 101
1629515 0 102
1631010 0 103
1632464 0 101
1633938 0 102
1635454 0 102
1636867 0 102
1638341 0 102
1639754 0 103
1641208 0 101
1642601 0 102
1644014 0 102
1645509 0 102
1647025 0 103
1648438 0 101
1649871 0 102
1651264 0 103
1652718 0 101
1654131 0 102
1655647 0 102
1657162 0 103
1658678 0 101
1660111 0 102
1661524 0 102
1662999 0 102
1664473 0 103
1666030 0 101
1667484 0 102
1668917 0 102
1670392 0 102
1671887 0 102
1673300 0 103
1674836 0 101
1676372 0 102
1677928 0 102
1679342 0 102
1680816 0 102
1682352 0 103
1683786 0 101
1685240 0 102
1686714 0 102
1688271 0 102
1689786 0 102
1691261 0 102
1692715 0 102
1694251 0 103
1695828 0 101
1697302 0 102
1698797 0 102
1700231 0 102
1701705 0 103
1703139 0 101
1704634 0 102
1706088 0 102
1707521 0 102
1708935 0 103
1710491 0 101
1712007 0 102
1713481 0 102
1714976 0 102
1716492 0 103
1718048 0 101
1719441 0 102
1720956 0 102
1722410 0 102
1723823 0 102
1725277 0 103
1726690 0 101
1728165 0 102
1729578 0 103
1731073 0 101
1732589 0 102
1733981 0 103
1735415 0 101
1736910 0 102
1738343 0 103
1739859 0 101
1741354 0 102
1742890 0 102
1744323 0 102
1745839 0 102
1747334 0 102
1748727 0 102
1750140 0 103
1751594 0 101
1753048 0 102
1754502 0 103
1755976 0 101
1757430 0 102
1758884 0 103
1760379 0 101
1761915 0 102
1763308 0 103
1764742 0 101
1766196 0 102
1767711 0 102
1769124 0 103
1770619 0 101
1772053 0 102
1773568 0 102
1775022 0 102
1776476 0 102
1777890 0 102
1779364 0 103
1780921 0 101
1782477 0 102
1783911 0 102
1785385 0 102
1786819 0 102
1788273 0 103
1789727 0 101
1791119 0 102
1792553 0 103
1793966 0 101
1795359 0 102
1796874 0 102
1798328 0 103
1799741 0 101
1801257 0 102
1802711 0 102
1804226 0 102
1805639 0 102
1807032 0 103
1808507 0 101
1810002 0 102
1811456 0 103
1812910 0 101
1814323 0 102
1815777 0 102
1817313 0 103
1818849 0 101
1820344 0 102
1821900 0 103
1823354 0 101
1824890 0 102
1826385 0 102
1827860 0 102
1829293 0 102
1830829 0 103
1832365 0 101
1833758 0 102
1835192 0 102
1836605 0 103
1838079 0 101
1839533 0 102
1840987 0 103
1842462 0 101
1843936 0 102
1845493 0 102
1847008 0 103
1848483 0 101
1849957 0 102
1870337 0 46
1871914 0 42
1873409 0 47
1874925 0 38
1876338 0 41
1877812 0 41
1879266 0 46
1880741 0 47
1882154 0 43
1883588 0 42
1885083 0 59
1886639 0 57
1888216 0 70
1889629 0 44
1891124 0 50
1892537 0 53
1893950 0 52
1895425 0 63
1896920 0 46
1898394 0 49
1899808 0 50
1901364 0 54
1902900 0 49
1904415 0 51
1905972 0 66
1907528 0 39
1908962 0 52
1910518 0 49
1911993 0 59
1913467 0 53
1914942 0 51
1916376 0 70
1917891 0 41
1919427 0 59
1920943 0 60
1922417 0 58
1923851 0 68
1925243 0 45
1926677 0 49
1928131 0 60
1929646 0 58
1931203 0 56
1932657 0 71
1934172 0 44
1935688 0 50
1937142 0 50
1938575 0 50
1940050 0 54
1941463 0 50
1942856 0 53
1944310 0 60
1945805 0 62
1947238 0 42
1948754 0 57
1950249 0 60
1951723 0 56
1953137 0 60
1954611 0 56
1956147 0 52
1957663 0 72
1959198 0 47
1960673 0 60
1962107 0 72
1963602 0 37
1965138 0 57
1966653 0 64
1968189 0 48
1969643 0 55
1971056 0 59
1972551 0 56
1974026 0 68
1975521 0 37
1976954 0 59
1978388 0 69
1979883 0 42
1981357 0 53
1982893 0 54
1984347 0 51
1985863 0 60
1987399 0 65
1988812 0 41
1990266 0 57
1991679 0 68
1993195 0 48
1994690 0 52
1996164 0 60
1997598 0 68
1998990 0 39
2000506 0 56
2001980 0 49
2003414 0 54
2004950 0 60
2006445 0 70
2007817 0 47
2009353 0 53
2010910 0 60
2012384 0 50
2013941 0 64
2015395 0 42
2016828 0 49
2018262 0 66
2019736 0 46
2021211 0 59
2022726 0 49
2024221 0 71
2025634 0 38
2027170 0 51
2028645 0 54
2030119 0 50
2031614 0 52
2033048 0 69
2034564 0 42
2036079 0 56
2037574 0 63
2039008 0 44
2040564 0 54
2042018 0 72
2043534 0 37
2044926 0 50
2046421 0 51
2047875 0 68
2049309 0 38
2050845 0 57
2052401 0 63
2053917 0 38
2055453 0 53
2056907 0 54
2058381 0 56
2059917 0 54
2061330 0 55
2062887 0 72
2064320 0 46
2065856 0 50
2067392 0 66
2068826 0 38
2070321 0 58
2071877 0 49
2073311 0 56
2074786 0 49
2076199 0 68
2077714 0 41
2079148 0 58
2080725 0 70
2082097 0 43
2083551 0 52
2085107 0 61
2086520 0 41
2087995 0 51
2089429 0 67
2090944 0 43
2092357 0 51
2093770 0 59
2095245 0 55
2096781 0 52
2098337 0 57
2099832 0 49
2101225 0 54
2102638 0 64
2104174 0 46
2105689 0 59
2107184 0 53
2108638 0 54
2110092 0 50
2111506 0 60
2113021 0 56
2114557 0 62
2115991 0 38
2117424 0 56
2118981 0 57
2120435 0 54
2121950 0 54
2123466 0 51
2124961 0 49
2126374 0 62
2127848 0 44
2129261 0 55
2130818 0 49
2132354 0 56
2133890 0 54
2135344 0 56
2136777 0 66
2138211 0 40
2139645 0 52
2141160 0 57
2142594 0 50
2144109 0 49
2145563 0 57
2147079 0 56
2148615 0 64
2150110 0 39
2151543 0 59
2152977 0 59
2154390 0 56
2155823 0 55
2157257 0 57
2158793 0 53
2160206 0 58
2161660 0 69
2163114 0 37
2164568 0 58
2166084 0 52
2167517 0 63
2169033 0 46
2170466 0 50
2172023 0 54
2173538 0 49
2175074 0 55
2176569 0 53
2178044 0 59
2179580 0 71
2181054 0 44
2182529 0 59
2184004 0 62
2185539 0 46
2186994 0 59
2188550 0 54
2190106 0 54
2191520 0 69
2192953 0 43
2194387 0 58
2195882 0 53
2197377 0 50
2198933 0 56
2200408 0 64
2201964 0 48
2203439 0 50
2204934 0 68
2206449 0 46
2207944 0 54
2209378 0 50
2210893 0 53
2212347 0 64
2213740 0 39
2215214 0 51
2216648 0 72
2218143 0 45
2219618 0 52
2221092 0 64
2222628 0 45
2224144 0 59
2225680 0 58
2227175 0 70
2228588 0 47
2230083 0 57
2231639 0 59
2233134 0 55
2234691 0 49
2236124 0 55
2237558 0 59
2239073 0 50
2240466 0 63
2241981 0 48
2243456 0 50
2244930 0 57
2246507 0 62
2247900 0 42
2249456 0 53
2250951 0 54
2252487 0 60
2253921 0 59
2255355 0 64
2256809 0 48
2258345 0 55
2259799 0 50
2261355 0 52
2262830 0 57
2264345 0 54
2265820 0 49
2267315 0 65
2268769 0 47
2270305 0 53
2271738 0 58
2273233 0 63
2274810 0 37
2276203 0 58
2277657 0 54
2279193 0 50
2280626 0 60
2282040 0 59
2283596 0 56
2285132 0 66
2286586 0 37
2287979 0 49
2289494 0 56
2291030 0 50
2292443 0 65
2293918 0 40
2295351 0 49
2296908 0 62
2298341 0 39
2299877 0 57
2301331 0 64
2302826 0 41
2304280 0 49
2305673 0 58
2307250 0 58
2308765 0 65
2310301 0 40
2311776 0 60
2313271 0 67
2314725 0 46
2316200 0 51
2317633 0 59
2319149 0 55
2320685 0 52
2322221 0 63
2323695 0 48
2325190 0 57
2326767 0 50
2328201 0 56
2329696 0 60
2331211 0 49
2332686 0 61
2334222 0 44
2335614 0 49
2337150 0 55
2338645 0 49
2340120 0 55
2341615 0 70
2342987 0 46
2344523 0 59
2346018 0 62
2347431 0 44
2348967 0 55
2350544 0 60
2351957 0 53
2353391 0 49
2354824 0 55
2356278 0 64
2357753 0 43
2359227 0 51
2360722 0 50
2362197 0 62
2363630 0 48
2365044 0 56
2366539 0 56
2368013 0 54
2369426 0 52
2370901 0 54
2372314 0 60
2373850 0 55
2375386 0 70
2376819 0 46
2378253 0 51
2379727 0 60
2381181 0 52
2382738 0 68
2384171 0 39
2385646 0 57
2387059 0 59
2388493 0 58
2390029 0 58
2391585 0 59
2393060 0 72
2394555 0 40
2396050 0 53
2397606 0 60
2399040 0 54
2400555 0 49
2401968 0 66
2403361 0 44
2404815 0 50
2406269 0 60
2407744 0 57
2409218 0 49
2410672 0 60
2412229 0 72
2413662 0 46
2415198 0 53
2416734 0 64
2418229 0 43
2419704 0 49
2421260 0 64
2422796 0 38
2424291 0 50
2425848 0 66
2427261 0 47
2428715 0 51
2430148 0 57
2431725 0 58
2433200 0 57
2434736 0 56
2436210 0 49
2437726 0 59
2439180 0 63
2440654 0 38
2442067 0 60
2443481 0 62
2445017 0 42
2446511 0 58
2447925 0 56
2449420 0 56
2450812 0 57
2452348 0 54
2453761 0 67
2455277 0 45
2456792 0 54
2458226 0 58
2459721 0 53
2461216 0 58
2462772 0 49
2464226 0 66
2465742 0 38
2467278 0 52
2468732 0 60
2470288 0 51
2471763 0 56
2473319 0 49
2474773 0 71
2476268 0 39
2477682 0 58
2479197 0 55
2480651 0 59
2482146 0 57
2483662 0 63
2485116 0 37
2486529 0 51
2488024 0 57
2489437 0 60
2490911 0 53
2492447 0 57
2493963 0 51
2495499 0 71
2496994 0 42
2498427 0 54
2499984 0 63
2501499 0 38
2502913 0 56
2504346 0 53
2505780 0 58
2507295 0 68
2508708 0 46
2510244 0 49
2511678 0 61
2513234 0 45
2514668 0 52
2516224 0 56
2517719 0 68
2519132 0 44
2520566 0 60
2522020 0 72
2523413 0 47
2524826 0 51
2526280 0 54
2527795 0 61
2529311 0 38
2530826 0 50
2532239 0 71
2533673 0 46
2535127 0 58
2536642 0 65
2538158 0 41
2539653 0 59
2541168 0 54
2542663 0 55
2544199 0 50
2545613 0 49
2547087 0 69
2548541 0 46
2550057 0 57
2551490 0 70
2552965 0 37
2554521 0 60
2555975 0 56
2557388 0 49
2558842 0 69
2560276 0 39
2561709 0 57
2563245 0 49
2564802 0 70
2566235 0 46
2567710 0 59
2569226 0 50
2570639 0 59
2572134 0 50
2573629 0 70
2575001 0 43
2576455 0 49
2577847 0 57
2579301 0 55
2580776 0 56
2582251 0 67
2583746 0 37
2585261 0 55
2586695 0 60
2588210 0 49
2589644 0 50
2591159 0 54
2592593 0 69
2594026 0 45
2595460 0 58
2596914 0 53
2598409 0 59
2599884 0 63
2601440 0 41
2602976 0 58
2604532 0 71
2606027 0 39
2607522 0 53
2608915 0 51
2610431 0 55
2611926 0 51
2613482 0 57
2614977 0 67
2616493 0 47
2618008 0 60
2619503 0 72
2620916 0 42
2622411 0 57
2623947 0 70
2625401 0 46
2626978 0 60
2628391 0 50
2629907 0 60
2631422 0 69
2632938 0 48
2634453 0 56
2635969 0 60
2637484 0 56
2639020 0 51
2640515 0 67
2641949 0 43
2643526 0 54
2644918 0 55
2646372 0 59
2647929 0 67
2649362 0 40
2650857 0 56
2652373 0 52
2653888 0 55
2655445 0 55
2656940 0 57
2658394 0 67
2659950 0 41
2661466 0 60
2663002 0 56
2664497 0 54
2666033 0 63
2667548 0 40
2669064 0 52
2670579 0 59
2672115 0 52
2673569 0 52
2675085 0 72
2676600 0 44
2678116 0 49
2679652 0 62
2681065 0 40
2682498 0 55
2684034 0 69
2685529 0 38
2687024 0 59
2688540 0 52
2689973 0 55
2691509 0 62
2693004 0 37
2694438 0 54
2695892 0 63
2697326 0 42
2698780 0 54
2700234 0 56
2701688 0 61
2703101 0 42
2704494 0 56
2705948 0 52
2707402 0 50
2708958 0 72
2710392 0 37
2711866 0 60
2713300 0 70
2714713 0 42
2716228 0 50
2717744 0 49
2719300 0 64
2720693 0 46
2722167 0 60
2723662 0 65
2725178 0 45
2726714 0 55
2728127 0 69
2729684 0 41
2731219 0 58
2732714 0 49
2734107 0 51
2735623 0 51
2737056 0 50
2738572 0 63
2740149 0 48
2741664 0 60
2743180 0 62
2744593 0 43
2746026 0 54
2747501 0 56
2748934 0 58
2750429 0 59
2751924 0 57
2753502 0 72
2755037 0 48
2756450 0 49
2757925 0 51
2759338 0 54
2760813 0 72
2762328 0 37
2763823 0 50
2765277 0 62
2766752 0 42
2768226 0 59
2769721 0 69
2771298 0 43
2772752 0 54
2858805 0 104
2860218 0 104
2861693 0 104
2863126 0 104
2864683 0 104
2866137 0 104
2867612 0 104
2869147 0 104
2870663 0 104
2872138 0 104
2873592 0 105
2875107 0 105
2876582 0 106
2878036 0 104
2879428 0 105
2880862 0 105
2882255 0 105
2883770 0 105
2885285 0 105
2886719 0 105
2888255 0 106
2889811 0 104
2891327 0 105
2892883 0 105
2894419 0 105
2895832 0 105
2897389 0 105
2898925 0 106
2900318 0 104
2901874 0 105
2903349 0 105
2904782 0 105
2906339 0 105
2907875 0 105
2909329 0 105
2910783 0 106
2912196 0 104
2913752 0 105
2915206 0 105
2916681 0 105
2918155 0 105
2919589 0 105
2921063 0 106
2922477 0 104
2923890 0 105
2925446 0 105
2926982 0 106
2928538 0 104
2929972 0 105
2931426 0 106
2932983 0 104
2934416 0 105
2935870 0 105
2937365 0 105
2938901 0 105
2940417 0 106
2941932 0 104
2943407 0 105
2944820 0 105
2946294 0 105
2947789 0 105
2949284 0 106
2950779 0 104
2952192 0 105
2953687 0 105
2955101 0 105
2956514 0 105
2958009 0 105
2959483 0 105
2960999 0 105
2962412 0 106
2963804 0 104
2965299 0 105
2966815 0 105
2968371 0 106
2969784 0 104
2971300 0 105
2972795 0 105
2974290 0 105
2975724 0 105
2977157 0 105
2978591 0 105
2980106 0 106
2981581 0 104
2983117 0 105
2984632 0 105
2986045 0 105
2987561 0 105
2989117 0 105
2990653 0 106
2992107 0 104
2993541 0 105
2994995 0 105
2996490 0 105
2998005 0 106
2999419 0 104
3000852 0 105
3002286 0 106
3003699 0 104
3005153 0 105
3006648 0 106
3008163 0 104
3009699 0 105
3011174 0 106
3012689 0 104
3014082 0 105
3015618 0 105
3017154 0 105
3018649 0 105
3020144 0 106
3021537 0 104
3023032 0 105
3024486 0 105
3026042 0 105
3027476 0 106
3029012 0 104
3030527 0 105
3032022 0 106
3033517 0 104
3034971 0 105
3036446 0 105
3037879 0 105
3039272 0 106
3040787 0 104
3042180 0 105
3043675 0 105
3045088 0 105
3046563 0 105
3047996 0 105
3049430 0 105
3050843 0 106
3052276 0 104
3053792 0 105
3055307 0 105
3056761 0 105
3058277 0 105
3059772 0 105
3061247 0 106
3062762 0 104
3064278 0 105
3065732 0 106
3067206 0 104
3068701 0 105
3070237 0 106
3071650 0 104
3073186 0 105
3074599 0 106
3076053 0 104
3077507 0 105
3078920 0 105
3080457 0 105
3081992 0 105
3083508 0 105
3085064 0 106
3086559 0 104
3088054 0 105
3089590 0 105
3091126 0 105
3092683 0 106
3094239 0 104
3095673 0 105
3097188 0 105
3098642 0 105
3100096 0 106
3101509 0 104
3103025 0 105
3104479 0 106
3105892 0 104
3107367 0 105
3108800 0 105
3110254 0 106
3111770 0 104
3113203 0 105
3114719 0 106
3116275 0 104
3117729 0 105
3119224 0 105
3120678 0 105
3122071 0 105
3123525 0 105
3124979 0 105
3126536 0 106
3128010 0 104
3129444 0 105
3130857 0 105
3132311 0 105
3133724 0 105
3135158 0 106
3136591 0 104
3138045 0 105
3139520 0 106
3141035 0 104
3142510 0 105
3143923 0 105
3145418 0 105
3146831 0 105
3148326 0 105
3149800 0 106
3151214 0 104
3152750 0 105
3154265 0 106
3155781 0 104
3157194 0 105
3158627 0 106
3160102 0 104
3161638 0 105
3163174 0 105
3164710 0 105
3166123 0 105
3167597 0 106
3169113 0 104
3170567 0 105
3171959 0 105
3173454 0 105
3174909 0 105
3176424 0 105
3177919 0 106
3179435 0 104
3180991 0 105
3182404 0 105
3183940 0 105
3185476 0 105
3186889 0 105
3188343 0 106
3189777 0 104
3191210 0 105
3192603 0 105
3194057 0 105
3195572 0 105
3197129 0 106
3198665 0 104
3200119 0 105
3201532 0 105
3203007 0 105
3204522 0 105
3206038 0 106
3207553 0 104
3209048 0 105
3210461 0 105
3211977 0 106
3213410 0 104
3214905 0 105
3216359 0 105
3217834 0 105
3219247 0 106
3220742 0 104
3222257 0 105
3223712 0 106
3225166 0 104
3226579 0 105
3228094 0 105
3229507 0 105
3230982 0 105
3232374 0 105
3233808 0 105
3235262 0 106
3236818 0 104
3238293 0 105
3239727 0 105
3241263 0 105
3242737 0 105
3244253 0 105
3245666 0 106
3247222 0 104
3248697 0 105
3250130 0 105
3251646 0 106
3253202 0 104
3254718 0 105
3256151 0 105
3257667 0 105
3259182 0 105
3260657 0 106
3262090 0 104
3263524 0 105
3264957 0 105
3266493 0 105
3268009 0 106
3269402 0 104
3270876 0 105
3272371 0 105
3273887 0 105
3275300 0 105
3276713 0 105
3278126 0 106
3279662 0 104
3281198 0 105
3282590 0 106
3284004 0 104
3285560 0 105
3287035 0 105
3288427 0 105
3289861 0 105
3291376 0 106
3292789 0 104
3294325 0 105
3295882 0 105
3297356 0 105
3298851 0 106
3300285 0 104
3301718 0 105
3303152 0 105
3304586 0 105
3306081 0 105
3307596 0 106
3309030 0 104
3310525 0 105
3312061 0 105
3313535 0 105
3315010 0 106
3316546 0 104
3318020 0 105
3319454 0 106
3320908 0 104
3322341 0 105
3323877 0 105
3325372 0 105
3326867 0 105
3328403 0 105
3329837 0 106
3331393 0 104
3332827 0 105
3334363 0 106
3335899 0 104
3337394 0 105
3338848 0 105
3340384 0 106
3341797 0 104
3343333 0 105
3344849 0 105
3346323 0 105
3347839 0 106
3349334 0 104
3350849 0 105
3352365 0 106
3353921 0 104
3355396 0 105
3356809 0 105
3358242 0 105
3359655 0 105
3361068 0 105
3362543 0 106
3363997 0 104
3365513 0 105
3366967 0 105
3368380 0 105
3369793 0 105
3371226 0 105
3372619 0 106
3374073 0 104
3375609 0 105
3377022 0 105
3378415 0 106
3379910 0 104
3381323 0 105
3382797 0 105
3384333 0 105
3385767 0 106
3387323 0 104
3388859 0 105
3390293 0 106
3391747 0 104
3393181 0 105
3394717 0 105
3396211 0 105
3397625 0 105
3399099 0 105
3400574 0 106
3402130 0 104
3403666 0 105
3405141 0 105
3406615 0 106
3408028 0 104
3409564 0 105
3411080 0 105
3412575 0 105
3414008 0 105
3415442 0 105
3416957 0 106
3418514 0 104
3420070 0 105
3421483 0 106
3422937 0 104
3424432 0 105
3425948 0 106
3427504 0 104
3428938 0 105
3430433 0 105
3431908 0 105
3433341 0 105
3434734 0 105
3436270 0 106
3437744 0 104
3439239 0 105
3440775 0 105
3442188 0 105
3443663 0 106
3445076 0 104
3446530 0 105
3447923 0 106
3449479 0 104
3450954 0 105
3452387 0 105
3453800 0 105
3455213 0 105
3456667 0 105
3458162 0 106
3459596 0 104
3461009 0 105
3462422 0 105
3463938 0 106
3465412 0 104
3466866 0 105
3468402 0 106
3469836 0 104
3471392 0 105
3472908 0 105
3474321 0 106
3475877 0 104
3477290 0 105
3478826 0 105
3480362 0 106
3481816 0 104
3483250 0 105
3484725 0 105
3486138 0 105
3487694 0 106
3489230 0 104
3490664 0 105
3492077 0 105
3493613 0 106
3495108 0 104
3496562 0 105
3498036 0 105
3499572 0 105
3501026 0 105
3502501 0 105
3504037 0 105
3505491 0 106
3507006 0 104
3508399 0 105
3509935 0 106
3511450 0 104
3512925 0 105
3514440 0 106
3515997 0 104
3517430 0 105
3518966 0 105
3520461 0 105
3521977 0 106
3523390 0 104
3524865 0 105
3526278 0 106
3527834 0 104
3529268 0 105
3530742 0 105
3532196 0 105
3533609 0 105
3535063 0 106
3536497 0 104
3537951 0 105
3539508 0 105
3540900 0 105
3542313 0 105
3543808 0 105
3545201 0 106
3546614 0 104
3548027 0 105
3549420 0 105
3550874 0 105
3552389 0 106
3553823 0 104
3555277 0 105
3556792 0 106
3558328 0 104
3559721 0 105
3561114 0 106
3562588 0 104
3564042 0 105
3565496 0 105
3566909 0 105
3568425 0 105
3569961 0 105
3571374 0 105
3572889 0 106
3574384 0 104
3575859 0 105
3577272 0 105
3578726 0 105
3580160 0 106
3581675 0 104
3583109 0 105
3584522 0 105
3585935 0 105
3587450 0 105
3588945 0 105
3590440 0 106
3591915 0 104
3593369 0 105
3594905 0 105
3596339 0 105
3597854 0 106
3599329 0 104
3600844 0 105
3602400 0 105
3603875 0 105
3605288 0 106
3606722 0 104
3608258 0 105
3609732 0 105
3611166 0 105
3612599 0 105
3614074 0 105
3615589 0 105
3617125 0 105
3618559 0 106
3620013 0 104
3621488 0 105
3622983 0 105
3624437 0 105
3625850 0 105
3627283 0 105
3628676 0 106
3630171 0 104
3631604 0 105
3633058 0 105
3634513 0 105
3635946 0 105
3637359 0 105
3638772 0 105
3640267 0 105
3641660 0 106
3643135 0 104
3644670 0 105
3646145 0 105
3647579 0 106
3649074 0 104
3650528 0 105
3651961 0 105
3653436 0 106
3654951 0 104
3656446 0 105
3657900 0 106
3659293 0 104
3660727 0 105
3662222 0 105
3663717 0 105
3665253 0 106
3666727 0 104
3668222 0 105
3669697 0 106
3671130 0 104
3672605 0 105
3674100 0 106
3675615 0 104
3677028 0 105
3678544 0 106
3679957 0 104
3681390 0 105
3682947 0 105
3684401 0 106
3685835 0 104
3687350 0 105
3688784 0 105
3690258 0 105
3691774 0 106
3693310 0 104
3694805 0 105
3696320 0 105
3697713 0 105
3699105 0 106
3700662 0 104
3702177 0 105
3703652 0 106
3705126 0 104
3706539 0 105
3708055 0 105
3709489 0 106
3710943 0 104
3712376 0 105
3713892 0 105
3715305 0 105
3716841 0 105
3718233 0 105
3719728 0 106
3721285 0 104
3722718 0 105
3724131 0 106
3725545 0 104
3727101 0 105
3728596 0 106
3730152 0 104
3731586 0 105
3733081 0 106
3734515 0 104
3736030 0 105
3737566 0 105
3739082 0 105
3740577 0 105
3742010 0 106
3743505 0 104
3745021 0 105
3746495 0 105
3747949 0 105
3749424 0 106
3750919 0 104
3752434 0 105
3753970 0 106
3755404 0 104
3756899 0 105
