19472 0 101
20988 0 101
22401 0 101
23875 0 101
25248 0 101
26702 0 101
28176 0 101
29651 0 101
31084 0 101
32620 0 101
34013 0 102
35487 0 102
36982 0 103
38477 0 101
39932 0 102
41427 0 102
42963 0 102
44498 0 102
46014 0 102
47488 0 102
49024 0 103
50540 0 101
52014 0 102
53428 0 102
54923 0 102
56377 0 103
57933 0 101
59367 0 102
60821 0 102
62377 0 102
63770 0 103
65285 0 101
66719 0 102
68112 0 103
69647 0 101
71040 0 102
72433 0 102
73907 0 102
75300 0 102
76754 0 103
78249 0 101
79764 0 102
81218 0 103
82713 0 101
84208 0 102
85601 0 103
87117 0 101
88653 0 102
90045 0 102
91479 0 102
92974 0 102
94510 0 103
95923 0 101
97356 0 102
98851 0 102
100265 0 103
101760 0 101
103152 0 102
104668 0 103
106142 0 101
107596 0 102
109071 0 103
110566 0 101
112102 0 102
113597 0 103
115112 0 101
116648 0 102
118102 0 102
119556 0 103
121092 0 101
122505 0 102
123919 0 103
125475 0 101
126990 0 102
128424 0 102
129940 0 102
131332 0 103
132745 0 101
134240 0 102
135653 0 103
137169 0 101
138705 0 102
140220 0 102
141654 0 102
143087 0 102
144582 0 102
145975 0 103
147450 0 101
148924 0 102
150337 0 102
151812 0 102
153266 0 102
154802 0 103
156235 0 101
157710 0 102
159246 0 102
160679 0 102
162093 0 102
163629 0 102
165103 0 102
166516 0 103
168073 0 101
169588 0 102
171001 0 102
172476 0 102
173930 0 102
175425 0 102
176858 0 102
178333 0 103
179889 0 101
181282 0 102
182797 0 102
184333 0 102
185869 0 103
187303 0 101
188798 0 102
190211 0 102
191604 0 103
193119 0 101
194532 0 102
196048 0 103
197604 0 101
199079 0 102
200574 0 102
202089 0 102
203564 0 102
204997 0 102
206451 0 103
208028 0 101
209523 0 102
210916 0 103
212411 0 101
213968 0 102
215422 0 102
216814 0 102
218289 0 102
219804 0 102
221320 0 103
222876 0 101
224371 0 102
225784 0 103
227238 0 101
228651 0 102
230085 0 103
231539 0 101
232973 0 102
234427 0 102
235963 0 103
237376 0 101
238830 0 102
240366 0 102
241840 0 103
243335 0 101
244769 0 102
246305 0 103
247861 0 101
249356 0 102
250892 0 102
252326 0 102
253821 0 102
255357 0 102
256831 0 102
258245 0 103
259678 0 101
261194 0 102
262607 0 102
264122 0 102
265638 0 102
267112 0 102
268628 0 102
270041 0 103
271577 0 101
273092 0 102
274505 0 102
275939 0 102
277393 0 102
278806 0 103
280240 0 101
281653 0 102
283086 0 102
284561 0 102
285974 0 102
287510 0 102
289005 0 103
290439 0 101
291893 0 102
293367 0 103
294780 0 101
296234 0 102
297647 0 103
299163 0 101
300617 0 102
302153 0 102
303668 0 102
305081 0 102
306536 0 102
308051 0 102
309566 0 102
311062 0 103
312516 0 101
313949 0 102
315383 0 102
316857 0 102
318352 0 102
319745 0 103
321301 0 101
322837 0 102
324353 0 102
325786 0 102
327199 0 102
328695 0 102
330210 0 102
331685 0 102
333200 0 103
334756 0 101
336272 0 102
337787 0 102
339201 0 102
340655 0 102
342068 0 102
343522 0 102
344935 0 102
346471 0 103
348007 0 101
349481 0 102
350997 0 102
352430 0 103
353864 0 101
355400 0 102
356874 0 102
358410 0 103
359967 0 101
361380 0 102
362773 0 103
364247 0 101
365660 0 102
367073 0 103
368507 0 101
369941 0 102
371354 0 102
372828 0 102
374344 0 102
375818 0 102
377252 0 102
378644 0 103
380180 0 101
381655 0 102
383047 0 102
384440 0 102
385935 0 102
387471 0 102
388966 0 102
390400 0 103
391956 0 101
393431 0 102
394905 0 102
396441 0 102
397957 0 102
399472 0 102
400906 0 103
402339 0 101
403896 0 102
405350 0 102
406886 0 103
408319 0 101
409753 0 102
411166 0 103
412620 0 101
414013 0 102
415405 0 102
416921 0 102
418457 0 102
419972 0 102
421488 0 102
422901 0 102
424355 0 103
425809 0 101
427263 0 102
428697 0 102
430151 0 102
431625 0 103
433182 0 101
434697 0 102
436090 0 102
437482 0 102
438916 0 102
440309 0 102
441845 0 103
443319 0 101
444835 0 102
446248 0 103
447681 0 101
449217 0 102
450692 0 102
452125 0 102
453661 0 102
455156 0 103
456569 0 101
458023 0 102
459498 0 102
460952 0 102
462345 0 102
463758 0 102
465294 0 103
466871 0 101
468325 0 102
469779 0 102
471233 0 102
472646 0 103
474182 0 101
475616 0 102
477090 0 102
478606 0 102
480121 0 102
481514 0 102
482968 0 102
484381 0 103
485855 0 101
487248 0 102
488722 0 103
490217 0 101
491631 0 102
493064 0 102
494539 0 102
495952 0 102
497447 0 102
498839 0 102
500314 0 103
501788 0 101
503181 0 102
504635 0 102
506110 0 103
507523 0 101
509059 0 102
510595 0 103
512151 0 101
513687 0 102
515080 0 102
516575 0 102
518111 0 103
519565 0 101
521101 0 102
522616 0 102
524050 0 102
525565 0 103
527142 0 101
528617 0 102
530091 0 102
531484 0 102
532877 0 102
534372 0 103
535887 0 101
537382 0 102
538898 0 103
540331 0 101
541888 0 102
543362 0 102
544857 0 102
546352 0 102
547786 0 102
549322 0 102
550837 0 102
552353 0 103
553868 0 101
555281 0 102
556715 0 102
558148 0 102
559684 0 103
561241 0 101
562756 0 102
564231 0 102
565746 0 103
567282 0 101
568736 0 102
570252 0 102
571685 0 102
573181 0 102
574614 0 103
576048 0 101
577461 0 102
578874 0 102
580410 0 102
581905 0 103
583420 0 101
584956 0 102
586349 0 102
587885 0 102
589380 0 103
590916 0 101
592411 0 102
593844 0 102
595278 0 102
596712 0 103
598248 0 101
599763 0 102
601299 0 102
602794 0 102
604228 0 103
605661 0 101
607177 0 102
608672 0 103
610167 0 101
611682 0 102
613136 0 102
614672 0 103
616188 0 101
617580 0 102
619075 0 102
620611 0 102
622004 0 102
623417 0 102
624953 0 102
626387 0 103
627800 0 101
629233 0 102
630769 0 102
632203 0 102
633698 0 102
635090 0 102
636504 0 103
638060 0 101
639453 0 102
640886 0 102
642381 0 102
643897 0 102
645392 0 102
646887 0 103
648382 0 101
649918 0 102
651413 0 102
652949 0 102
654341 0 102
655857 0 102
657249 0 103
658765 0 101
660301 0 102
661796 0 103
663209 0 101
664602 0 102
665994 0 102
667469 0 102
668902 0 102
670418 0 102
671810 0 102
673224 0 102
674637 0 103
676173 0 101
677606 0 102
679101 0 102
680494 0 102
681989 0 102
683422 0 102
684815 0 102
686249 0 103
687744 0 101
689280 0 102
690713 0 102
692249 0 102
693703 0 102
695157 0 103
696734 0 101
698209 0 102
699601 0 102
700994 0 102
702428 0 102
703861 0 102
705274 0 103
706708 0 101
708182 0 102
709595 0 103
711070 0 101
712544 0 102
714060 0 102
715473 0 102
716886 0 103
718422 0 101
719876 0 102
721269 0 103
722846 0 101
724279 0 102
725672 0 102
727085 0 102
728580 0 103
730075 0 101
731488 0 102
732963 0 103
734376 0 101
735830 0 102
737284 0 103
738697 0 101
740192 0 102
741728 0 102
743121 0 102
744657 0 102
746152 0 102
747565 0 102
748998 0 102
750514 0 103
752029 0 101
753504 0 102
754896 0 103
756391 0 101
757927 0 102
759402 0 102
760958 0 102
762474 0 103
763989 0 101
765382 0 102
766795 0 102
768208 0 103
769765 0 101
771260 0 102
772775 0 102
774168 0 102
775622 0 103
777158 0 101
778632 0 102
780025 0 103
781438 0 101
782974 0 102
784387 0 103
785903 0 101
787357 0 102
788852 0 102
790306 0 103
791760 0 101
793234 0 102
794709 0 102
796122 0 102
797556 0 102
799010 0 102
800423 0 102
801856 0 103
803392 0 101
804928 0 102
806464 0 102
807898 0 103
809393 0 101
810847 0 102
812301 0 102
813775 0 103
815311 0 101
816765 0 102
818199 0 103
819735 0 101
821128 0 102
822561 0 102
823954 0 102
825469 0 102
826985 0 103
828480 0 101
829893 0 102
831285 0 102
832699 0 103
834112 0 101
835545 0 102
836979 0 102
838453 0 102
839948 0 103
841423 0 101
842856 0 102
844392 0 102
845888 0 103
847444 0 101
848857 0 102
850352 0 103
851806 0 101
853342 0 102
854735 0 103
856148 0 101
857561 0 102
858994 0 103
860489 0 101
861964 0 102
863500 0 102
864934 0 103
866408 0 101
867924 0 102
869378 0 102
870791 0 103
872265 0 101
873719 0 102
875214 0 103
876750 0 101
878245 0 102
879679 0 103
881133 0 101
882587 0 102
884021 0 102
885557 0 102
886990 0 102
888506 0 103
890021 0 101
891516 0 102
892991 0 103
894486 0 101
895899 0 102
897373 0 102
898868 0 102
900302 0 103
901735 0 101
903251 0 102
904726 0 103
906261 0 101
907716 0 102
909149 0 102
910562 0 102
912098 0 103
913593 0 101
915088 0 102
931973 0 46
933489 0 43
934984 0 44
936438 0 48
937974 0 38
939448 0 48
940902 0 45
942377 0 43
943851 0 42
945265 0 39
946800 0 50
948296 0 58
949770 0 60
951245 0 52
952658 0 58
954235 0 59
955750 0 57
957307 0 64
958761 0 44
960235 0 59
961689 0 56
963184 0 52
964700 0 49
966154 0 71
967567 0 37
969021 0 49
970516 0 50
971929 0 49
973383 0 50
974919 0 58
976496 0 54
978012 0 71
979404 0 40
980858 0 52
982374 0 58
983869 0 49
985364 0 69
986818 0 40
988292 0 53
989787 0 53
991200 0 50
992675 0 53
994149 0 50
995685 0 72
997139 0 38
998614 0 53
1000129 0 53
1001686 0 52
1003120 0 55
1004635 0 57
1006171 0 61
1007625 0 39
1009100 0 49
1010492 0 70
1011864 0 39
1013277 0 57
1014691 0 49
1016206 0 49
1017701 0 58
1019257 0 53
1020732 0 58
1022207 0 67
1023640 0 45
1025176 0 51
1026671 0 59
1028125 0 56
1029682 0 54
1031238 0 50
1032774 0 50
1034330 0 71
1035866 0 46
1037402 0 59
1038959 0 55
1040454 0 58
1041888 0 71
1043342 0 38
1044898 0 49
1046373 0 64
1047868 0 47
1049363 0 53
1050899 0 61
1052434 0 45
1053930 0 53
1055404 0 55
1056817 0 58
1058353 0 51
1059787 0 70
1061220 0 42
1062674 0 53
1064149 0 59
1065705 0 56
1067139 0 71
1068531 0 44
1070067 0 53
1071603 0 54
1072996 0 57
1074512 0 52
1075945 0 63
1077461 0 47
1078976 0 60
1080533 0 51
1082007 0 57
1083564 0 50
1085079 0 57
1086574 0 61
1088069 0 42
1089585 0 57
1091100 0 70
1092493 0 39
1093926 0 60
1095339 0 59
1096875 0 59
1098329 0 49
1099742 0 61
1101237 0 45
1102814 0 58
1104371 0 55
1105804 0 55
1107340 0 62
1108774 0 42
1110228 0 60
1111744 0 49
1113198 0 55
1114693 0 57
1116208 0 59
1117744 0 67
1119157 0 47
1120652 0 53
1122147 0 63
1123683 0 45
1125219 0 57
1126653 0 59
1128107 0 56
1129561 0 63
1131076 0 37
1132510 0 55
1134066 0 61
1135500 0 48
1136974 0 56
1138531 0 68
1140087 0 40
1141603 0 52
1143118 0 53
1144675 0 60
1146149 0 54
1147583 0 57
1149160 0 52
1150675 0 65
1152109 0 46
1153665 0 59
1155099 0 53
1156614 0 57
1158171 0 56
1159645 0 67
1161161 0 39
1162636 0 60
1164171 0 61
1165687 0 47
1167223 0 56
1168657 0 59
1170152 0 63
1171565 0 38
1172978 0 59
1174452 0 54
1175886 0 53
1177381 0 55
1178855 0 56
1180268 0 55
1181804 0 72
1183299 0 48
1184713 0 52
1186126 0 54
1187682 0 50
1189198 0 57
1190775 0 70
1192290 0 45
1193744 0 53
1195137 0 63
1196693 0 38
1198229 0 50
1199786 0 65
1201342 0 48
1202817 0 56
1204291 0 65
1205807 0 41
1207343 0 60
1208817 0 59
1210230 0 61
1211684 0 46
1213159 0 58
1214654 0 65
1216149 0 40
1217562 0 53
1218995 0 55
1220409 0 54
1221965 0 61
1223419 0 40
1224873 0 53
1226368 0 56
1227843 0 71
1229297 0 46
1230730 0 55
1232205 0 68
1233597 0 39
1235072 0 56
1236506 0 57
1238042 0 58
1239577 0 56
1240991 0 63
1242404 0 47
1243837 0 53
1245250 0 70
1246643 0 41
1248138 0 49
1249613 0 68
1251169 0 48
1252684 0 50
1254241 0 49
1255715 0 50
1257108 0 60
1258603 0 49
1260016 0 61
1261450 0 38
1262904 0 59
1264337 0 57
1265914 0 54
1267450 0 68
1268904 0 40
1270399 0 55
1271853 0 50
1273287 0 50
1274741 0 60
1276257 0 70
1277731 0 44
1279144 0 50
1280598 0 57
1282073 0 49
1283609 0 63
1285104 0 47
1286599 0 53
1288012 0 65
1289425 0 48
1290981 0 54
1292517 0 68
1294033 0 42
1295507 0 54
1296961 0 65
1298436 0 45
1299952 0 56
1301447 0 54
1303003 0 57
1304457 0 52
1305993 0 67
1307488 0 48
1308901 0 51
1310437 0 55
1311953 0 56
1313386 0 65
1314881 0 44
1316315 0 50
1317707 0 51
1319141 0 52
1320554 0 56
1322111 0 60
1323626 0 60
1325121 0 61
1326534 0 39
1328029 0 55
1329463 0 67
1330937 0 45
1332514 0 53
1333948 0 58
1335525 0 69
1337040 0 44
1338597 0 54
1340071 0 57
1341546 0 49
1343041 0 58
1344556 0 66
1345990 0 43
1347485 0 53
1348959 0 50
1350495 0 59
1351908 0 53
1353342 0 54
1354796 0 58
1356250 0 70
1357725 0 46
1359158 0 56
1360571 0 68
1362005 0 38
1363459 0 52
1364995 0 64
1366469 0 48
1367923 0 57
1369337 0 59
1370852 0 58
1372408 0 62
1373965 0 47
1375521 0 50
1376934 0 71
1378389 0 37
1379843 0 55
1381379 0 59
1382833 0 58
1384287 0 49
1385802 0 72
1387256 0 38
1388710 0 60
1390185 0 58
1391741 0 67
1393216 0 46
1394649 0 60
1396124 0 66
1397660 0 48
1399196 0 57
1400732 0 60
1402206 0 58
1403660 0 67
1405094 0 40
1406528 0 53
1408002 0 49
1409395 0 51
1410931 0 63
1412426 0 43
1413900 0 54
1415395 0 72
1416788 0 38
1418324 0 55
1419778 0 53
1421314 0 56
1422829 0 62
1424304 0 45
1425738 0 58
1427212 0 66
1428687 0 48
1430223 0 52
1431697 0 71
1433192 0 46
1434667 0 59
1436162 0 68
1437677 0 48
1439234 0 57
1440749 0 54
1442183 0 62
1443657 0 47
1445091 0 58
1446586 0 68
1448081 0 37
1449555 0 55
1451071 0 51
1452627 0 62
1454143 0 39
1455679 0 54
1457153 0 56
1458628 0 50
1460102 0 54
1461495 0 53
1462969 0 68
1464505 0 40
1465960 0 53
1467414 0 54
1468970 0 49
1470486 0 69
1472042 0 40
1473598 0 50
1475134 0 54
1476650 0 51
1478186 0 59
1479701 0 66
1481176 0 45
1482650 0 55
1484084 0 53
1485620 0 61
1487156 0 43
1488610 0 49
1490105 0 64
1491661 0 47
1493197 0 57
1494713 0 50
1496167 0 53
1497683 0 57
1499198 0 62
1500611 0 41
1502106 0 51
1503540 0 61
1504973 0 42
1506448 0 49
1507861 0 56
1509274 0 52
1510810 0 72
1512305 0 43
1513718 0 58
1515193 0 53
1516667 0 51
1518142 0 60
1519555 0 49
1521070 0 62
1522483 0 47
1523978 0 49
1525412 0 49
1526886 0 59
1528300 0 54
1529856 0 57
1531433 0 51
1532887 0 66
1534300 0 48
1535734 0 54
1537290 0 65
1538703 0 47
1540157 0 50
1541714 0 59
1543188 0 59
1544663 0 70
1546117 0 42
1547653 0 54
1549148 0 49
1550684 0 50
1552220 0 60
1553674 0 49
1555148 0 63
1556684 0 48
1558220 0 57
1559797 0 55
1561231 0 72
1562664 0 48
1564118 0 55
1565634 0 59
1567068 0 52
1568481 0 64
1569935 0 41
1571491 0 53
1572904 0 64
1574317 0 47
1575812 0 55
1577328 0 52
1578843 0 51
1580256 0 53
1581792 0 56
1583226 0 62
1584660 0 46
1586216 0 50
1587752 0 71
1589186 0 38
1590681 0 56
1592196 0 49
1593712 0 54
1595207 0 65
1596763 0 41
1598258 0 56
1599692 0 51
1601187 0 68
1602641 0 37
1604136 0 51
1605631 0 51
1607167 0 49
1608559 0 54
1610116 0 52
1611652 0 54
1613065 0 62
1614539 0 40
1616055 0 57
1617529 0 49
1619086 0 60
1620642 0 68
1622158 0 37
1623591 0 53
1625148 0 59
1626704 0 58
1628138 0 54
1629653 0 56
1631148 0 66
1632684 0 48
1634220 0 58
1635654 0 59
1637210 0 55
1638705 0 62
1640159 0 43
1641634 0 60
1643190 0 62
1644624 0 41
1646078 0 58
1647655 0 51
1649129 0 54
1650584 0 55
1652099 0 72
1653512 0 45
1654966 0 59
1656420 0 59
1657895 0 51
1659410 0 67
1660905 0 42
1662318 0 49
1663752 0 71
1665308 0 37
1666803 0 56
1668339 0 50
1669793 0 59
1671227 0 58
1672702 0 61
1674176 0 46
1675671 0 51
1677187 0 49
1678641 0 54
1680074 0 54
1681569 0 56
1683105 0 61
1684600 0 48
1686136 0 55
1687652 0 59
1689085 0 57
1690642 0 57
1692178 0 62
1693632 0 44
1695045 0 53
1696478 0 61
1697932 0 40
1699468 0 51
1700861 0 51
1702356 0 50
1703892 0 58
1705428 0 53
1706944 0 49
1708398 0 62
1709934 0 45
1711429 0 59
1712842 0 49
1714275 0 58
1715709 0 49
1717204 0 53
1718658 0 61
1720132 0 42
1721668 0 59
1723122 0 72
1724536 0 43
1726072 0 58
1727567 0 53
1728980 0 49
1730475 0 55
1731949 0 54
1733465 0 61
1735021 0 48
1736434 0 58
1738011 0 55
1739547 0 51
1740960 0 53
1742455 0 52
1743909 0 67
1745343 0 45
1746817 0 60
1748333 0 56
1749828 0 59
1751302 0 49
1752838 0 51
1754292 0 63
1755808 0 45
1757344 0 57
1758818 0 56
1760375 0 57
1761829 0 59
1763324 0 51
1764778 0 52
1766335 0 54
1767809 0 63
1769222 0 38
1770779 0 57
1772294 0 56
1773728 0 68
1775182 0 48
1776677 0 59
1778151 0 64
1779708 0 41
1781121 0 56
1782636 0 70
1784029 0 38
1785503 0 55
1786958 0 58
1788514 0 55
1790070 0 69
1791647 0 37
1793163 0 55
1794576 0 51
1796010 0 59
1797443 0 55
1798959 0 49
1800413 0 70
1801908 0 43
1803321 0 60
1804857 0 56
1806290 0 71
1807826 0 39
1809383 0 57
1810960 0 51
1812475 0 67
1813991 0 37
1815383 0 58
1816817 0 52
1818230 0 59
1819663 0 58
1821199 0 57
1822735 0 66
1824169 0 44
1825603 0 49
1827098 0 55
1828572 0 67
1830026 0 47
1831542 0 49
1832996 0 53
1834532 0 60
1836027 0 50
1855312 0 104
1856848 0 104
1858364 0 104
1859757 0 104
1861252 0 104
1862726 0 104
1864119 0 104
1865532 0 104
1866945 0 104
1868399 0 104
1869914 0 105
1871389 0 105
1872884 0 105
1874297 0 105
1875731 0 106
1877164 0 104
1878680 0 105
1880195 0 105
1881690 0 105
1883185 0 105
1884721 0 106
1886175 0 104
1887609 0 105
1889124 0 105
1890619 0 105
1892114 0 105
1893609 0 106
1895145 0 104
1896538 0 105
1897992 0 105
1899385 0 105
1900818 0 105
1902293 0 105
1903788 0 106
1905324 0 104
1906839 0 105
1908314 0 105
1909829 0 105
1911324 0 105
1912840 0 105
1914314 0 105
1915850 0 106
1917284 0 104
1918758 0 105
1920192 0 105
1921667 0 105
1923059 0 105
1924595 0 105
1926029 0 105
1927442 0 105
1928957 0 106
1930452 0 104
1931968 0 105
1933524 0 105
1935019 0 105
1936432 0 105
1937845 0 105
1939299 0 105
1940835 0 105
1942351 0 106
1943785 0 104
1945280 0 105
1946836 0 105
1948352 0 105
1949867 0 106
1951382 0 104
1952878 0 105
1954373 0 105
1955908 0 105
1957424 0 105
1958980 0 105
1960516 0 106
1961970 0 104
1963384 0 105
1964879 0 105
1966374 0 105
1967848 0 106
1969364 0 104
1970756 0 105
1972272 0 105
1973808 0 105
1975221 0 105
1976613 0 106
1978047 0 104
1979522 0 105
1980976 0 106
1982430 0 104
1983986 0 105
1985522 0 105
1986976 0 105
1988492 0 105
1989987 0 105
1991420 0 106
1992874 0 104
1994410 0 105
1995823 0 105
1997318 0 106
1998854 0 104
2000390 0 105
2001865 0 106
2003298 0 104
2004773 0 105
2006227 0 105
2007722 0 105
2009237 0 105
2010733 0 105
2012166 0 106
2013723 0 104
2015218 0 105
2016754 0 106
2018310 0 104
2019703 0 105
2021218 0 106
2022734 0 104
2024290 0 105
2025724 0 106
2027137 0 104
2028632 0 105
2030127 0 105
2031642 0 105
2033199 0 106
2034612 0 104
2036148 0 105
2037602 0 106
2039076 0 104
2040489 0 105
2042005 0 105
2043541 0 105
2044995 0 106
2046531 0 104
2048046 0 105
2049541 0 105
2050975 0 106
2052368 0 104
2053801 0 105
2055276 0 106
2056689 0 104
2058225 0 105
2059699 0 106
2061215 0 104
2062730 0 105
2064225 0 106
2065659 0 104
2067133 0 105
2068649 0 105
2070123 0 105
2071680 0 105
2073154 0 105
2074690 0 106
2076165 0 104
2077558 0 105
2078950 0 106
2080486 0 104
2081920 0 105
2083394 0 106
2084848 0 104
2086343 0 105
2087818 0 105
2089354 0 105
2090808 0 105
2092344 0 105
2093859 0 105
2095293 0 106
2096768 0 104
2098181 0 105
2099676 0 106
2101089 0 104
2102584 0 105
2104017 0 105
2105553 0 105
2106966 0 105
2108400 0 105
2109834 0 105
2111390 0 106
2112905 0 104
2114380 0 105
2115793 0 105
2117247 0 105
2118660 0 106
2120155 0 104
2121712 0 105
2123125 0 105
2124620 0 105
2126115 0 105
2127630 0 105
2129105 0 105
2130661 0 105
2132095 0 106
2133651 0 104
2135126 0 105
2136682 0 105
2138177 0 105
2139734 0 106
2141249 0 104
2142642 0 105
2144116 0 105
2145611 0 105
2147045 0 105
2148499 0 105
2149892 0 105
2151346 0 105
2152759 0 106
2154213 0 104
2155749 0 105
2157223 0 105
2158616 0 105
2160070 0 105
2161606 0 105
2163081 0 105
2164596 0 106
2166153 0 104
2167688 0 105
2169081 0 106
2170638 0 104
2172133 0 105
2173587 0 106
2175082 0 104
2176536 0 105
2178051 0 106
2179587 0 104
2181021 0 105
2182516 0 105
2184031 0 105
2185444 0 106
2186878 0 104
2188414 0 105
2189929 0 105
2191363 0 105
2192858 0 105
2194394 0 105
2195950 0 105
2197425 0 106
2198920 0 104
2200374 0 105
2201910 0 105
2203344 0 105
2204880 0 105
2206272 0 106
2207808 0 104
2209242 0 105
2210655 0 105
2212068 0 105
2213604 0 106
2215119 0 104
2216614 0 105
2218007 0 105
2219543 0 105
2220977 0 106
2222513 0 104
2223987 0 105
2225462 0 105
2226977 0 105
2228411 0 106
2229865 0 104
2231380 0 105
2232834 0 106
2234309 0 104
2235742 0 105
2237217 0 106
2238630 0 104
2240084 0 105
2241538 0 105
2242951 0 105
2244487 0 105
2245982 0 106
2247518 0 104
2248911 0 105
2250365 0 106
2251860 0 104
2253314 0 105
2254850 0 105
2256324 0 105
2257819 0 105
2259294 0 106
2260789 0 104
2262182 0 105
2263636 0 105
2265028 0 105
2266564 0 105
2268080 0 105
2269636 0 105
2271049 0 106
2272565 0 104
2273998 0 105
2275411 0 106
2276927 0 104
2278320 0 105
2279753 0 105
2281269 0 106
2282682 0 104
2284238 0 105
2285692 0 106
2287208 0 104
2288744 0 105
2290239 0 106
2291693 0 104
2293188 0 105
2294683 0 106
2296219 0 104
2297693 0 105
2299147 0 106
2300663 0 104
2302117 0 105
2303571 0 105
2305046 0 105
2306561 0 105
2308015 0 106
2309531 0 104
2311087 0 105
2312602 0 105
2314036 0 105
2315593 0 105
2317047 0 105
2318501 0 106
2320016 0 104
2321470 0 105
2322986 0 106
2324419 0 104
2325832 0 105
2327389 0 105
2328945 0 105
2330399 0 105
2331833 0 105
2333225 0 106
2334761 0 104
2336236 0 105
2337731 0 106
2339144 0 104
2340619 0 105
2342073 0 105
2343629 0 105
2345063 0 105
2346517 0 105
2347971 0 105
2349445 0 106
2350940 0 104
2352415 0 105
2353848 0 105
2355364 0 106
2356798 0 104
2358293 0 105
2359849 0 106
2361365 0 104
2362819 0 105
2364252 0 106
2365706 0 104
2367119 0 105
2368655 0 106
2370150 0 104
2371604 0 105
2373058 0 105
2374533 0 105
2376069 0 105
2377482 0 106
2378977 0 104
2380513 0 105
2382028 0 105
2383421 0 106
2384978 0 104
2386391 0 105
2387804 0 105
2389196 0 106
2390691 0 104
2392105 0 105
2393559 0 105
2395054 0 106
2396549 0 104
2398044 0 105
2399457 0 105
2400849 0 105
2402324 0 105
2403798 0 106
2405355 0 104
2406850 0 105
2408345 0 105
2409881 0 105
2411294 0 105
2412727 0 106
2414222 0 104
2415677 0 105
2417213 0 105
2418748 0 105
2420162 0 105
2421636 0 105
2423049 0 105
2424524 0 105
2426019 0 106
2427575 0 104
2429132 0 105
2430586 0 106
2432081 0 104
2433596 0 105
2435071 0 106
2436586 0 104
2438122 0 105
2439535 0 105
2440948 0 106
2442362 0 104
2443754 0 105
2445188 0 105
2446683 0 105
2448096 0 105
2449488 0 105
2450942 0 105
2452376 0 106
2453789 0 104
2455264 0 105
2456738 0 105
2458233 0 105
2459626 0 105
2461162 0 105
2462677 0 105
2464152 0 106
2465626 0 104
2467060 0 105
2468473 0 106
2469907 0 104
2471361 0 105
2472835 0 106
2474289 0 104
2475784 0 105
2477238 0 106
2478713 0 104
2480187 0 105
2481723 0 105
2483198 0 105
2484652 0 105
2486147 0 105
2487601 0 105
2489096 0 106
2490509 0 104
2492045 0 105
2493438 0 105
2494974 0 106
2496469 0 104
2497923 0 105
2499377 0 105
2500831 0 105
2502326 0 106
2503719 0 104
2505193 0 105
2506606 0 105
2508142 0 105
2509596 0 105
2511009 0 106
2512463 0 104
2513938 0 105
2515474 0 105
2516989 0 105
2518505 0 105
2520061 0 106
2521495 0 104
2523031 0 105
2524485 0 106
2525918 0 104
2527393 0 105
2528806 0 106
2530240 0 104
2531796 0 105
2533189 0 105
2534602 0 105
2536015 0 105
2537428 0 106
2538903 0 104
2540295 0 105
2541749 0 105
2543265 0 105
2544657 0 106
2546132 0 104
2547565 0 105
2549101 0 106
2550556 0 104
2552091 0 105
2553484 0 105
2554979 0 105
2556413 0 105
2557928 0 106
2559403 0 104
2560959 0 105
2562372 0 106
2563908 0 104
2565342 0 105
2566796 0 105
2568332 0 105
2569765 0 105
2571301 0 106
2572735 0 104
2574189 0 105
2575705 0 106
2577240 0 104
2578654 0 105
2580128 0 106
2581664 0 104
2583221 0 105
2584654 0 105
2586149 0 105
2587665 0 105
2589078 0 105
2590491 0 105
2591945 0 106
2593358 0 104
2594873 0 105
2596368 0 105
2597904 0 105
2599318 0 105
2600833 0 106
2602267 0 104
2603803 0 105
2605236 0 105
2606793 0 106
2608329 0 104
2609721 0 105
2611257 0 106
2612732 0 104
2614206 0 105
2615722 0 105
2617135 0 105
2618548 0 105
2619961 0 106
2621354 0 104
2622787 0 105
2624323 0 105
2625818 0 106
2627354 0 104
2628808 0 105
2630221 0 105
2631655 0 105
2633048 0 105
2634584 0 105
2636119 0 106
2637533 0 104
2638966 0 105
2640523 0 105
2642079 0 105
2643636 0 105
2645090 0 105
2646585 0 106
2648121 0 104
2649657 0 105
2651111 0 105
2652524 0 105
2654019 0 105
2655473 0 105
2656988 0 105
2658524 0 106
2660081 0 104
2661576 0 105
2663030 0 105
2664566 0 105
2665979 0 106
2667474 0 104
2668989 0 105
2670423 0 105
2671979 0 105
2673474 0 105
2674969 0 106
2676505 0 104
2677959 0 105
2679413 0 106
2680949 0 104
2682424 0 105
2683878 0 105
2685271 0 106
2686786 0 104
2688343 0 105
2689817 0 105
2691271 0 106
2692828 0 104
2694302 0 105
2695838 0 105
2697354 0 105
2698869 0 105
2700385 0 106
2701839 0 104
2703293 0 105
2704706 0 105
2706262 0 106
2707675 0 104
2709211 0 105
2710706 0 106
2712263 0 104
2713655 0 105
2715069 0 105
2716482 0 105
2717977 0 105
2719410 0 105
2720844 0 105
2722339 0 106
2723875 0 104
2725390 0 105
2726865 0 106
2728421 0 104
2729814 0 105
2731288 0 105
2732845 0 106
2734401 0 104
2735835 0 105
2737309 0 105
2738804 0 106
2740340 0 104
2741794 0 105
2743269 0 106
2744723 0 104
2746198 0 105
2747693 0 105
2749167 0 105
2750724 0 105
2752178 0 105
2753591 0 105
2755086 0 105
