40238 0 12
41671 0 12
43187 0 10
44600 0 8
46074 0 1
47487 0 12
48880 0 6
50416 0 1
51829 0 12
53242 0 5
54676 0 16
56048 0 20
57543 0 13
58956 0 30
60431 0 1
61864 0 20
63339 0 16
64793 0 24
66288 0 23
67742 0 17
69298 0 26
70834 0 1
72247 0 13
73681 0 26
75135 0 10
76569 0 20
78064 0 32
79477 0 8
81033 0 23
82569 0 13
83982 0 21
85436 0 18
87013 0 19
88529 0 21
90003 0 17
91396 0 36
92829 0 2
94324 0 22
95799 0 19
97273 0 22
98830 0 15
100284 0 26
101799 0 6
103295 0 24
104830 0 13
106366 0 15
107841 0 15
109336 0 16
110770 0 32
112244 0 1
113739 0 21
115214 0 17
116729 0 24
118224 0 14
119596 0 23
121132 0 15
122586 0 21
124081 0 32
125535 0 4
127010 0 21
128546 0 17
129959 0 22
131474 0 22
132908 0 16
134383 0 15
135857 0 18
137434 0 26
138929 0 7
140404 0 24
141837 0 16
143291 0 21
144766 0 13
146281 0 22
147838 0 34
149312 0 10
150869 0 24
152343 0 24
153838 0 33
155313 0 1
156767 0 18
158241 0 35
159798 0 7
161375 0 17
162870 0 22
164303 0 23
165696 0 24
167232 0 36
168747 0 3
170140 0 18
171656 0 23
173151 0 14
174584 0 16
176100 0 22
177677 0 36
179192 0 6
180687 0 20
182162 0 33
183636 0 4
185090 0 20
186585 0 31
188142 0 4
189637 0 19
191173 0 21
192729 0 14
194122 0 35
195596 0 10
197091 0 19
198668 0 16
200143 0 17
201617 0 18
203071 0 25
204587 0 9
206164 0 23
207720 0 34
209236 0 7
210731 0 19
212226 0 19
213782 0 23
215216 0 22
216711 0 24
218247 0 30
219762 0 3
221237 0 23
222691 0 17
224206 0 14
225701 0 23
227196 0 17
228671 0 28
230166 0 12
231640 0 20
233176 0 28
234651 0 9
236125 0 20
237580 0 15
239116 0 14
240529 0 32
242044 0 11
243580 0 18
245116 0 13
246570 0 18
248127 0 14
249642 0 33
251096 0 8
252550 0 23
254107 0 31
255643 0 2
257097 0 19
258653 0 21
260107 0 13
261561 0 22
263056 0 31
264490 0 3
266046 0 14
267480 0 36
268975 0 7
270449 0 24
271862 0 16
273316 0 22
274832 0 21
276388 0 20
277945 0 19
279440 0 36
280996 0 8
282512 0 13
283904 0 36
285461 0 4
286874 0 23
288349 0 34
289844 0 6
291298 0 18
292834 0 22
294411 0 22
295947 0 19
297503 0 14
298916 0 31
300493 0 6
302029 0 22
303524 0 33
305039 0 7
306596 0 17
308070 0 16
309463 0 19
310979 0 34
312494 0 5
314010 0 21
315546 0 29
316959 0 7
318515 0 20
319990 0 20
321423 0 20
322877 0 25
324372 0 10
325867 0 22
327444 0 29
328939 0 7
330434 0 17
331909 0 14
333445 0 17
334960 0 27
336476 0 7
337909 0 21
339363 0 17
340838 0 17
342251 0 16
343664 0 20
345159 0 20
346675 0 29
348129 0 1
349562 0 21
351016 0 18
352450 0 20
353883 0 18
355337 0 31
356792 0 10
358328 0 17
359741 0 13
361195 0 13
362690 0 24
364205 0 19
365680 0 20
367257 0 31
368731 0 6
370247 0 20
371680 0 31
373216 0 9
374752 0 16
376186 0 36
377742 0 4
379258 0 22
380794 0 27
382330 0 9
383825 0 19
385279 0 33
386692 0 4
388207 0 15
389682 0 18
391218 0 18
392692 0 16
394208 0 18
395662 0 35
397095 0 8
398631 0 15
400086 0 18
401499 0 17
402994 0 36
404550 0 8
406127 0 18
407643 0 24
409035 0 34
410510 0 6
412025 0 21
413582 0 16
414995 0 22
416428 0 19
417882 0 29
419398 0 9
420831 0 14
422347 0 32
423883 0 12
425337 0 21
426914 0 23
428450 0 14
429822 0 24
431317 0 26
432832 0 7
434409 0 23
435904 0 20
437461 0 20
438915 0 21
440430 0 27
441925 0 12
443482 0 17
444875 0 19
446451 0 26
447824 0 7
449319 0 23
450793 0 19
452329 0 36
453824 0 2
455360 0 22
456855 0 31
458350 0 1
459866 0 19
461320 0 36
462856 0 5
464310 0 19
465846 0 25
467361 0 1
468836 0 22
470392 0 15
471785 0 23
473321 0 16
474836 0 14
476290 0 15
477703 0 32
479178 0 10
480673 0 14
482107 0 15
483602 0 21
485076 0 15
486612 0 14
488107 0 18
489520 0 32
490954 0 9
492469 0 13
494005 0 16
495398 0 13
496872 0 22
498388 0 14
499801 0 34
501296 0 5
502730 0 23
504204 0 22
505679 0 33
507092 0 8
508525 0 18
510000 0 20
511536 0 26
513051 0 10
514546 0 24
515959 0 30
517352 0 7
518827 0 20
520362 0 35
521817 0 3
523250 0 22
524766 0 24
526281 0 17
527838 0 23
529292 0 21
530725 0 18
532200 0 23
533613 0 36
535128 0 6
536582 0 15
538077 0 13
539572 0 22
541067 0 17
542542 0 20
544078 0 20
545552 0 32
546966 0 4
548399 0 23
549935 0 19
551410 0 18
552884 0 34
554400 0 8
555936 0 22
557369 0 20
558946 0 18
560503 0 33
562018 0 10
563493 0 19
564947 0 20
566524 0 24
567998 0 20
569555 0 19
571111 0 17
572606 0 36
574122 0 8
575555 0 19
577050 0 16
578463 0 35
579938 0 10
581371 0 19
582887 0 30
584382 0 3
585836 0 22
587351 0 18
588805 0 19
590362 0 14
591857 0 14
593229 0 17
594724 0 34
596158 0 4
597612 0 21
599148 0 36
600684 0 2
602158 0 22
603612 0 25
605046 0 11
606438 0 18
607974 0 26
609428 0 2
610964 0 18
612398 0 18
613852 0 21
615368 0 32
616801 0 12
618214 0 21
619627 0 20
621061 0 14
622495 0 22
624071 0 15
625485 0 20
626939 0 34
628331 0 7
629888 0 19
631301 0 26
632755 0 3
634311 0 21
635868 0 14
637281 0 15
638673 0 15
640209 0 20
641704 0 21
643158 0 25
644633 0 3
646149 0 22
647644 0 21
649077 0 23
650552 0 13
652088 0 22
653624 0 15
655139 0 34
656614 0 12
658150 0 21
659645 0 36
661160 0 1
662573 0 20
664130 0 25
665645 0 2
667038 0 21
668594 0 34
670110 0 6
671605 0 14
673059 0 15
674472 0 20
676008 0 22
677564 0 18
679080 0 14
680616 0 17
682049 0 29
683483 0 2
684957 0 15
686493 0 25
687968 0 4
689361 0 16
690856 0 20
692433 0 17
693866 0 34
695279 0 10
696733 0 18
698228 0 15
699723 0 13
701177 0 24
702570 0 14
703963 0 14
705355 0 25
706891 0 9
708325 0 13
709738 0 28
711294 0 8
712748 0 16
714223 0 14
715636 0 32
717070 0 6
718606 0 20
720039 0 20
721514 0 30
722927 0 2
724360 0 22
725855 0 33
727412 0 6
728948 0 13
730381 0 17
731794 0 26
733289 0 1
734743 0 16
736238 0 16
737693 0 34
739167 0 5
740580 0 13
742096 0 19
743632 0 19
745127 0 23
746560 0 15
747973 0 32
749366 0 5
750840 0 13
752274 0 31
753708 0 3
755162 0 14
756575 0 18
758131 0 24
759667 0 23
761080 0 13
762534 0 32
764029 0 1
765565 0 23
767019 0 17
768576 0 16
770071 0 16
771443 0 23
772958 0 30
774433 0 2
775949 0 19
777403 0 31
778836 0 8
780290 0 23
781785 0 23
783321 0 21
784816 0 29
786229 0 10
787806 0 24
789342 0 13
790858 0 16
792312 0 23
793868 0 21
795322 0 28
796838 0 10
798292 0 20
799746 0 17
801241 0 14
802777 0 14
804292 0 26
805726 0 12
807160 0 20
808655 0 21
810190 0 29
811624 0 2
813078 0 24
814614 0 23
816109 0 35
817502 0 6
819058 0 23
820594 0 30
821987 0 4
823400 0 24
824874 0 34
826410 0 12
827905 0 17
829339 0 15
830793 0 18
832329 0 21
833865 0 13
835319 0 34
836814 0 8
838330 0 13
839722 0 36
841217 0 11
842651 0 14
844187 0 26
845723 0 12
847197 0 18
848651 0 22
850085 0 36
851600 0 6
853054 0 19
854611 0 32
856126 0 4
857642 0 15
859096 0 34
860489 0 5
861963 0 15
863479 0 19
864912 0 22
866346 0 24
867841 0 33
869295 0 3
870769 0 14
872203 0 18
873677 0 24
875172 0 29
876688 0 1
878101 0 20
879555 0 14
881050 0 14
882566 0 29
884081 0 4
885556 0 15
886989 0 20
888525 0 18
889979 0 28
891495 0 8
893010 0 15
894526 0 17
896041 0 25
897577 0 9
899093 0 22
900547 0 18
902042 0 24
903537 0 35
905032 0 4
906547 0 18
908042 0 30
909394 0 9
910889 0 18
912425 0 17
913879 0 18
915394 0 21
916849 0 14
918323 0 32
919757 0 2
921231 0 14
922624 0 14
924057 0 13
925573 0 21
927068 0 27
928604 0 3
930037 0 24
931553 0 18
933027 0 21
934522 0 14
935915 0 18
937328 0 24
938741 0 31
940298 0 6
941793 0 21
943370 0 17
