39053 0 10
40487 0 8
41982 0 1
43415 0 7
44910 0 10
46364 0 7
47859 0 2
49293 0 10
50829 0 9
52324 0 12
53778 0 20
55253 0 23
56768 0 22
58304 0 17
59697 0 26
61110 0 9
62646 0 23
64100 0 27
65636 0 8
67213 0 22
68646 0 31
70080 0 8
71595 0 22
73152 0 14
74688 0 19
76224 0 35
77678 0 8
79173 0 13
80688 0 23
82163 0 18
83637 0 19
85112 0 30
86607 0 3
88143 0 18
89617 0 35
91071 0 4
92525 0 14
93959 0 22
95454 0 22
96970 0 23
98403 0 15
99857 0 20
101311 0 14
102765 0 25
104178 0 6
105694 0 24
107148 0 35
108582 0 12
109995 0 16
111408 0 21
112862 0 29
114336 0 9
115872 0 19
117347 0 13
118760 0 21
120173 0 27
121709 0 4
123204 0 15
124760 0 34
126153 0 1
127546 0 18
129020 0 17
130536 0 13
132051 0 33
133608 0 6
135041 0 14
136454 0 30
137908 0 6
139465 0 18
140980 0 13
142434 0 19
143909 0 33
145424 0 4
146899 0 20
148476 0 18
149889 0 36
151323 0 3
152797 0 21
154251 0 18
155664 0 18
157139 0 15
158572 0 19
159985 0 18
161460 0 16
162873 0 32
164307 0 8
165761 0 19
167194 0 18
168628 0 18
170041 0 20
171638 0 21
173113 0 13
174567 0 23
176041 0 31
177557 0 10
179052 0 21
180526 0 36
182103 0 1
183537 0 22
185052 0 31
186609 0 3
188002 0 14
189497 0 33
191074 0 6
192650 0 22
194145 0 22
195702 0 19
197156 0 15
198631 0 21
200166 0 36
201723 0 3
203136 0 22
204631 0 18
206065 0 18
207539 0 20
209034 0 15
210550 0 13
212045 0 20
213519 0 25
215076 0 8
216509 0 14
218045 0 29
219458 0 6
220892 0 13
222325 0 23
223759 0 32
225295 0 6
226831 0 23
228326 0 17
229739 0 14
231193 0 20
232729 0 21
234224 0 19
235719 0 30
237214 0 6
238791 0 22
240266 0 22
241740 0 17
243235 0 23
244792 0 14
246328 0 32
247761 0 9
249338 0 24
250751 0 19
252328 0 22
253823 0 20
255359 0 19
256916 0 30
258308 0 6
259783 0 15
261278 0 15
262670 0 13
264227 0 23
265640 0 19
267135 0 19
268671 0 16
270145 0 32
271579 0 4
273013 0 20
274467 0 17
275982 0 19
277416 0 22
278931 0 13
280488 0 19
281962 0 28
283498 0 12
285034 0 22
286550 0 22
288106 0 25
289642 0 4
291137 0 14
292653 0 32
294066 0 9
295581 0 19
297158 0 23
298571 0 22
300087 0 14
301623 0 23
303036 0 24
304531 0 34
306005 0 7
307480 0 15
308954 0 28
310367 0 9
311903 0 22
313419 0 21
314873 0 13
316388 0 15
317802 0 17
319297 0 25
320833 0 11
322246 0 13
323679 0 21
325133 0 32
326669 0 5
328082 0 13
329536 0 18
331093 0 18
332526 0 32
334062 0 8
335598 0 24
337052 0 15
338506 0 32
339920 0 1
341374 0 22
342951 0 31
344446 0 1
345982 0 22
347538 0 15
349033 0 20
350467 0 21
352023 0 20
353498 0 36
354952 0 7
356406 0 24
357880 0 13
359293 0 32
360747 0 4
362181 0 17
363655 0 19
365212 0 29
366727 0 11
368284 0 23
369717 0 16
371212 0 14
372605 0 25
374018 0 5
375411 0 22
376906 0 24
378462 0 18
379896 0 15
381411 0 19
382865 0 28
384299 0 7
385733 0 18
387187 0 18
388620 0 19
390197 0 19
391733 0 25
393269 0 2
394744 0 16
396177 0 31
397672 0 9
399229 0 23
400683 0 14
402137 0 20
403570 0 16
405045 0 22
406478 0 13
407932 0 29
409366 0 3
410861 0 17
412377 0 36
413851 0 12
415367 0 15
416882 0 13
418398 0 21
419913 0 24
421449 0 28
422985 0 1
424378 0 19
425893 0 20
427347 0 23
428801 0 30
430173 0 3
431648 0 15
433061 0 23
434556 0 24
436051 0 18
437566 0 18
439021 0 24
440475 0 34
442011 0 7
443588 0 14
445083 0 23
446578 0 13
448052 0 28
449486 0 11
451022 0 21
452517 0 15
453930 0 23
455343 0 27
456776 0 6
458333 0 24
459807 0 19
461323 0 29
462797 0 6
464251 0 24
465685 0 26
467057 0 10
468573 0 22
470088 0 22
471583 0 19
473119 0 24
474635 0 36
476191 0 11
477707 0 14
479140 0 19
480594 0 14
482007 0 20
483461 0 13
484915 0 18
486390 0 21
487905 0 25
489380 0 5
490875 0 20
492309 0 35
493783 0 10
495299 0 16
496814 0 21
498391 0 22
499866 0 20
501422 0 20
503019 0 19
504494 0 30
505928 0 12
507423 0 15
508836 0 28
510331 0 11
511846 0 19
513300 0 15
514775 0 29
516208 0 9
517744 0 19
519301 0 19
520796 0 19
522332 0 36
523745 0 12
525137 0 18
526694 0 24
528148 0 36
529643 0 1
531056 0 24
532531 0 27
534067 0 11
535582 0 21
537016 0 32
538490 0 10
539944 0 20
541398 0 29
542791 0 2
544245 0 21
545801 0 21
547235 0 22
548750 0 21
550245 0 15
551659 0 28
553174 0 9
554608 0 21
556144 0 14
557598 0 20
559031 0 21
560526 0 25
562021 0 5
563475 0 23
564991 0 24
566527 0 19
568001 0 16
569517 0 20
570991 0 27
572425 0 7
574002 0 24
575517 0 20
577012 0 15
578548 0 20
580125 0 31
581559 0 3
583074 0 22
584549 0 23
586064 0 19
587518 0 15
588972 0 15
590427 0 26
591881 0 4
593376 0 17
594809 0 19
596284 0 28
597799 0 2
599212 0 20
600646 0 23
602182 0 18
603636 0 31
605110 0 4
606483 0 20
607916 0 24
609391 0 14
610783 0 13
612237 0 16
613671 0 25
615084 0 12
616477 0 24
617992 0 36
619549 0 10
620982 0 23
622457 0 16
623849 0 20
625283 0 21
626819 0 20
628314 0 19
629891 0 14
631304 0 31
632881 0 10
634417 0 23
635850 0 21
637263 0 17
638820 0 18
640376 0 28
641769 0 12
643162 0 21
644595 0 29
646111 0 9
647585 0 17
649039 0 21
650575 0 20
652091 0 21
653606 0 29
655060 0 10
656596 0 17
658132 0 20
659586 0 35
661040 0 11
662494 0 15
663969 0 33
665525 0 7
667020 0 20
668618 0 27
670113 0 1
671505 0 14
673000 0 27
674414 0 6
675827 0 23
677260 0 19
678817 0 21
680332 0 19
681807 0 21
683220 0 32
684653 0 3
686169 0 14
687623 0 21
689118 0 20
690695 0 21
692210 0 23
693664 0 14
695098 0 35
696511 0 2
697945 0 15
699378 0 29
700894 0 1
702389 0 18
703945 0 22
705440 0 21
706956 0 15
708389 0 23
709843 0 35
711297 0 11
712731 0 19
714206 0 32
715680 0 1
717175 0 22
718629 0 17
720022 0 24
721414 0 26
722848 0 1
724281 0 14
725674 0 16
727190 0 20
728664 0 16
730118 0 15
731654 0 33
733067 0 7
734542 0 22
736098 0 13
737573 0 22
739129 0 35
740624 0 4
742160 0 14
743614 0 18
745171 0 26
746563 0 5
748079 0 21
749512 0 23
751028 0 31
752584 0 6
754018 0 23
755431 0 19
756906 0 15
758339 0 20
759814 0 29
761309 0 11
762783 0 21
764258 0 18
765753 0 22
767227 0 13
768640 0 15
770156 0 14
771610 0 27
773105 0 8
774580 0 21
776034 0 33
777549 0 4
778962 0 15
780478 0 19
781952 0 25
783386 0 8
784901 0 24
786314 0 34
787748 0 4
789202 0 15
790595 0 34
792049 0 8
793544 0 22
794977 0 35
796493 0 6
797926 0 20
799483 0 13
800978 0 20
802555 0 23
804009 0 17
805401 0 25
806835 0 5
808289 0 20
809784 0 20
811279 0 23
812774 0 17
814208 0 23
815621 0 14
817034 0 28
818467 0 8
819921 0 23
821416 0 30
822932 0 1
824447 0 17
825861 0 16
827376 0 29
828892 0 11
830427 0 16
831882 0 16
833336 0 19
834831 0 24
836305 0 14
837759 0 33
839213 0 12
840729 0 13
842142 0 29
843616 0 7
845029 0 20
846565 0 24
848060 0 32
849576 0 4
851030 0 16
852443 0 17
853918 0 21
855351 0 31
856908 0 6
858321 0 18
859754 0 22
861229 0 14
862744 0 13
864157 0 22
865632 0 29
867066 0 2
868561 0 19
869994 0 32
871530 0 8
873046 0 21
874582 0 29
876015 0 2
877387 0 17
878821 0 36
880336 0 7
881749 0 15
883204 0 36
884617 0 1
886030 0 19
887484 0 28
888958 0 5
890412 0 18
891866 0 28
893382 0 9
894938 0 17
896454 0 17
897969 0 21
899382 0 25
900939 0 9
902454 0 20
903990 0 16
905403 0 29
906858 0 2
908332 0 24
909725 0 20
911281 0 24
912756 0 22
914189 0 23
915602 0 35
917118 0 5
918674 0 15
920169 0 21
921726 0 26
923098 0 6
924654 0 14
926190 0 25
927644 0 3
929057 0 22
930634 0 13
932068 0 19
933583 0 24
934976 0 16
936389 0 26
937802 0 3
939256 0 20
960683 0 101
962178 0 101
963714 0 101
965250 0 101
966704 0 101
968199 0 101
969694 0 101
971107 0 101
972643 0 101
974077 0 101
975592 0 102
976985 0 102
978419 0 102
979955 0 102
981490 0 103
982944 0 101
984337 0 102
985771 0 102
987286 0 102
988822 0 103
990317 0 101
991751 0 102
993246 0 102
994679 0 102
996195 0 102
997710 0 102
999144 0 103
1000598 0 101
1002011 0 102
1003445 0 103
1004858 0 101
1006271 0 102
1007684 0 103
1009117 0 101
1010653 0 102
1012128 0 102
1013623 0 102
1015118 0 103
1016593 0 101
1017985 0 102
1019542 0 103
1021037 0 101
1022491 0 102
1023883 0 103
1025440 0 101
1026976 0 102
1028368 0 103
1029863 0 101
1031297 0 102
1032833 0 102
1034348 0 103
1035802 0 101
1037338 0 102
1038833 0 102
1040369 0 102
1041885 0 102
1043359 0 102
1044854 0 102
1046309 0 103
1047804 0 101
1049237 0 102
1050732 0 102
1052166 0 102
1053681 0 102
1055197 0 102
1056733 0 102
1058146 0 103
1059579 0 101
1061115 0 102
1062528 0 102
1064023 0 102
1065416 0 102
1066850 0 102
1068324 0 102
1069819 0 102
1071314 0 103
1072850 0 101
1074263 0 102
1075717 0 103
1077212 0 101
1078646 0 102
1080079 0 102
1081636 0 102
1083131 0 102
1084565 0 102
1085957 0 103
1087493 0 101
1088968 0 102
1090401 0 102
1091814 0 103
1093289 0 101
1094681 0 102
1096095 0 102
1097528 0 102
1099085 0 103
1100518 0 101
1102054 0 102
1103549 0 103
1105003 0 101
1106519 0 102
1108055 0 102
1109447 0 102
1110860 0 102
1112417 0 103
1113871 0 101
1115345 0 102
1116738 0 102
1118192 0 102
1119728 0 102
1121244 0 102
1122698 0 102
1124234 0 103
1125667 0 101
1127162 0 102
1128678 0 102
1130070 0 102
1131483 0 103
1133040 0 101
1134473 0 102
1135927 0 103
1137422 0 101
1138856 0 102
1140310 0 102
1141867 0 102
1143280 0 102
1144816 0 102
1146249 0 102
1147683 0 103
1149198 0 101
1150611 0 102
1152168 0 102
1153642 0 102
1155096 0 102
1156632 0 102
1158107 0 103
1159643 0 101
1161076 0 102
1162633 0 103
1164148 0 101
1165643 0 102
1167200 0 103
1168674 0 101
1170128 0 102
1171583 0 102
1172996 0 103
1174409 0 101
1175945 0 102
1177337 0 102
1178750 0 102
1180204 0 102
1181679 0 103
1183133 0 101
1184587 0 102
1186021 0 103
1187536 0 101
1188949 0 102
1190465 0 103
1191939 0 101
1193455 0 102
1194970 0 102
1196383 0 102
1197817 0 102
1199210 0 102
1200746 0 102
1202281 0 103
1203736 0 101
1205251 0 102
1206787 0 103
1208262 0 101
1209777 0 102
1211272 0 102
1212706 0 103
1214201 0 101
1215675 0 102
1217088 0 102
1218563 0 102
1219976 0 102
1221430 0 103
1222864 0 101
1224338 0 102
1225731 0 102
1227144 0 103
1228577 0 101
1230072 0 102
1231526 0 103
1233001 0 101
1234496 0 102
1235889 0 103
1237445 0 101
1238899 0 102
1240394 0 102
1241787 0 103
1243302 0 101
1244797 0 102
1246333 0 103
1247890 0 101
1249303 0 102
1250695 0 103
1252211 0 101
1253665 0 102
1255119 0 103
1256573 0 101
1258007 0 102
1259543 0 102
1260935 0 102
1262348 0 102
1263761 0 102
1265174 0 103
1266649 0 101
1268103 0 102
1269619 0 103
1271032 0 101
1272527 0 102
1274063 0 103
1275517 0 101
1276991 0 102
1278404 0 102
1279817 0 103
1281312 0 101
1282787 0 102
1284262 0 102
1285675 0 102
1287211 0 103
1288767 0 101
1290303 0 102
1291737 0 102
1293150 0 102
1294645 0 102
1296058 0 103
1297491 0 101
1299027 0 102
1300502 0 102
1301935 0 102
1303328 0 102
1304782 0 102
1306216 0 103
1307629 0 101
1309021 0 102
1310496 0 103
1312052 0 101
1313588 0 102
1315001 0 102
1316496 0 102
1317930 0 102
1319384 0 102
1320838 0 103
1322354 0 101
1323746 0 102
1325262 0 103
1326695 0 101
1328231 0 102
1329624 0 103
1331057 0 101
1332553 0 102
1334048 0 103
1335543 0 101
1336976 0 102
1338410 0 102
1339884 0 103
1341420 0 101
1342874 0 102
1344369 0 102
1345864 0 103
1347298 0 101
1348690 0 102
1350165 0 102
1351680 0 102
1353196 0 102
1354589 0 102
1356022 0 103
1357456 0 101
1358889 0 102
1360364 0 102
1361900 0 102
1363354 0 102
1364808 0 102
1366303 0 102
1367737 0 103
1369232 0 101
1370768 0 102
1372283 0 103
1373778 0 101
1375191 0 102
1376604 0 103
1378161 0 101
1379697 0 102
1381233 0 102
1382707 0 103
1384161 0 101
1385554 0 102
1387008 0 102
1388544 0 102
1389998 0 103
1391432 0 101
1392967 0 102
1394422 0 102
1395937 0 102
1397330 0 102
1398825 0 102
1400279 0 103
1401794 0 101
1403187 0 102
1404600 0 102
1406095 0 102
1407611 0 102
1409044 0 103
1410559 0 101
1412095 0 102
1413550 0 102
1415004 0 102
1416499 0 103
1417994 0 101
1419407 0 102
1420861 0 103
1422315 0 101
1423830 0 102
1425346 0 103
1426882 0 101
1428418 0 102
1429913 0 102
1431469 0 102
1432862 0 102
1434316 0 103
1435811 0 101
1437265 0 102
1438678 0 103
1440234 0 101
1441791 0 102
1443327 0 102
1444720 0 102
1446112 0 102
1447505 0 102
1449041 0 102
1450433 0 102
1451846 0 103
1453301 0 101
1454775 0 102
1456209 0 103
1457663 0 101
1459137 0 102
1460653 0 102
1462168 0 102
1463704 0 103
1465220 0 101
1466756 0 102
1468210 0 102
1469746 0 102
1471241 0 102
1472633 0 102
1474108 0 102
1475664 0 103
1477180 0 101
1478654 0 102
1480129 0 102
1481542 0 103
1483016 0 101
1484409 0 102
1485843 0 102
1487317 0 102
1488710 0 102
1490123 0 102
1491618 0 102
1493113 0 102
1494669 0 103
1496185 0 101
1497639 0 102
1499154 0 102
1500690 0 102
1502083 0 102
1503517 0 102
1505032 0 103
1506466 0 101
1507858 0 102
1509394 0 102
1510889 0 102
1512323 0 102
1513818 0 102
1515313 0 102
1516849 0 102
1518262 0 103
1519716 0 101
1521231 0 102
1522706 0 103
1524181 0 101
1525676 0 102
1527171 0 102
1528563 0 102
1530079 0 102
1531492 0 102
1532884 0 103
1534400 0 101
1535833 0 102
1537328 0 103
1538742 0 101
1540257 0 102
1541711 0 102
1543186 0 102
1544722 0 102
1546217 0 103
1547732 0 101
1549227 0 102
1550661 0 103
1552197 0 101
1553692 0 102
1555125 0 102
1556559 0 102
1557972 0 102
1559406 0 103
1560962 0 101
1562498 0 102
1563993 0 102
1565427 0 102
1566983 0 102
1568519 0 102
1569973 0 102
1571386 0 102
1572820 0 103
1574294 0 101
1575789 0 102
1577243 0 102
1578718 0 102
1580151 0 102
1581585 0 102
1583080 0 103
1584657 0 101
1586131 0 102
1587545 0 102
1589060 0 102
1590453 0 102
1591927 0 102
1593340 0 103
1594835 0 101
1596289 0 102
1597825 0 103
1599259 0 101
1600693 0 102
1602167 0 102
1603662 0 102
1605055 0 102
1606529 0 102
1607942 0 102
1609437 0 103
1610932 0 101
1612427 0 102
1613943 0 102
1615376 0 102
1616871 0 102
1618387 0 102
1619780 0 103
1621275 0 101
1622810 0 102
1624285 0 103
1625698 0 101
1627111 0 102
1628606 0 103
1630040 0 101
1631473 0 102
1632886 0 102
1634279 0 102
1635795 0 102
1637331 0 103
1638764 0 101
1640280 0 102
1641816 0 102
1643311 0 102
1644806 0 102
1646198 0 103
1647673 0 101
1649147 0 102
1650642 0 102
1652158 0 102
1653591 0 102
1655045 0 102
1656459 0 103
1657933 0 101
1659469 0 102
1660882 0 102
1662295 0 102
1663688 0 102
1665101 0 102
1666637 0 103
1668111 0 101
1669647 0 102
1671142 0 103
1672637 0 101
1674112 0 102
1675566 0 103
1677061 0 101
1678515 0 102
1680010 0 102
1681464 0 102
1682939 0 102
1684434 0 102
1685888 0 102
1687383 0 102
1688775 0 103
1690270 0 101
1691745 0 102
1693179 0 102
1694674 0 102
1696169 0 103
1697623 0 101
1699036 0 102
1700551 0 103
1702067 0 101
1703603 0 102
1705139 0 102
1706531 0 102
1708047 0 102
1709521 0 102
1710996 0 102
1712450 0 103
1713904 0 101
1715440 0 102
1716874 0 103
1718369 0 101
1719823 0 102
1721277 0 103
1722833 0 101
1724308 0 102
1725803 0 102
1727236 0 102
1728649 0 102
1730185 0 102
1731660 0 103
1733175 0 101
1734732 0 102
1736247 0 102
1737804 0 103
1739258 0 101
1740691 0 102
1742145 0 103
1743620 0 101
1745013 0 102
1746446 0 103
1747982 0 101
1749518 0 102
1750952 0 103
1752508 0 101
1753901 0 102
1755396 0 102
1756891 0 102
1758304 0 103
1759840 0 101
1761376 0 102
1762912 0 102
1764386 0 102
1765861 0 103
1767376 0 101
1768871 0 102
1770264 0 102
1771677 0 103
1773111 0 101
1774503 0 102
1775978 0 103
1777391 0 101
1778804 0 102
1780278 0 103
1781774 0 101
1783248 0 102
1784702 0 102
1786115 0 102
1787528 0 103
1789044 0 101
1790518 0 102
1792013 0 102
1793467 0 102
1795003 0 102
1796498 0 103
1797932 0 101
1799406 0 102
1800840 0 102
1802315 0 102
1803707 0 102
1805141 0 102
1806636 0 102
1808110 0 103
1809523 0 101
1811039 0 102
1812595 0 102
1813988 0 103
1815401 0 101
1816917 0 102
1818371 0 102
1819763 0 102
1821238 0 103
1822733 0 101
1824207 0 102
1825620 0 102
1827095 0 102
1828529 0 102
1829942 0 103
1831375 0 101
1832911 0 102
1834304 0 102
1835799 0 102
1837335 0 102
1838748 0 102
1840222 0 103
1841697 0 101
1843151 0 102
1844564 0 102
1845998 0 102
1847472 0 102
1849008 0 103
1850544 0 101
1852039 0 102
1853432 0 102
1854886 0 102
1856319 0 102
1874164 0 37
1875597 0 38
1877113 0 44
1878649 0 48
1880205 0 45
1881741 0 39
1883236 0 40
1884711 0 39
1886144 0 42
1887557 0 37
1889073 0 51
1890547 0 59
1892104 0 50
1893599 0 52
1895135 0 51
1896568 0 53
1898043 0 69
1899538 0 39
1901012 0 52
1902466 0 52
1903982 0 72
1905518 0 48
1907013 0 56
1908487 0 62
1910044 0 43
1911580 0 57
1913095 0 59
1914590 0 71
1915983 0 44
1917396 0 54
1918871 0 55
1920325 0 54
1921820 0 51
1923274 0 54
1924769 0 54
1926264 0 49
1927697 0 67
1929213 0 37
1930728 0 59
1932203 0 71
1933718 0 39
1935234 0 54
1936626 0 56
1938122 0 51
1939637 0 57
1941173 0 52
1942709 0 69
1944265 0 42
1945740 0 52
1947153 0 51
1948566 0 68
1950041 0 45
1951536 0 50
1953072 0 55
1954526 0 54
1956041 0 58
1957577 0 56
1959113 0 60
1960608 0 67
1962124 0 38
1963598 0 50
1965155 0 66
1966588 0 43
1968124 0 58
1969660 0 53
1971094 0 51
1972650 0 58
1974145 0 68
1975681 0 44
1977115 0 55
1978589 0 55
1980084 0 60
1981600 0 50
1983054 0 62
1984487 0 46
1986023 0 55
1987539 0 53
1989075 0 59
1990570 0 55
1992024 0 62
1993580 0 37
1995116 0 59
1996611 0 60
1998147 0 51
1999581 0 71
2000974 0 44
2002407 0 51
2003902 0 62
2005315 0 37
2006708 0 55
2008244 0 54
2009718 0 53
2011213 0 64
2012729 0 45
2014162 0 54
2015596 0 50
2017132 0 54
2018586 0 56
2020081 0 55
2021515 0 65
2023071 0 47
2024505 0 51
2026041 0 55
2027577 0 68
2028990 0 43
2030403 0 52
2031898 0 60
2033372 0 60
2034806 0 59
2036342 0 71
2037796 0 45
2039332 0 59
2040786 0 67
2042281 0 48
2043735 0 50
2045251 0 51
2046746 0 67
2048220 0 41
2049715 0 51
2051190 0 72
2052623 0 47
2054118 0 51
2055675 0 52
2057231 0 56
2058747 0 62
2060160 0 40
2061716 0 54
2063129 0 59
2064686 0 58
2066242 0 59
2067758 0 60
2069232 0 52
2070748 0 63
2072284 0 44
2073697 0 50
2075089 0 55
2076605 0 66
2078141 0 42
2079595 0 50
2081008 0 58
2082483 0 57
2084060 0 69
2085554 0 45
2087070 0 58
2088585 0 53
2089999 0 51
2091432 0 53
2092968 0 66
2094443 0 48
2095979 0 55
2097474 0 50
2098989 0 49
2100525 0 58
2102082 0 52
2103536 0 63
2105010 0 45
2106423 0 57
2107898 0 56
2109372 0 55
2110908 0 51
2112383 0 50
2113919 0 68
2115393 0 37
2116909 0 60
2118342 0 56
2119878 0 62
2121332 0 46
2122848 0 59
2124322 0 58
2125817 0 65
2127292 0 42
2128685 0 59
2130221 0 50
2131716 0 70
2133108 0 43
2134665 0 55
2136160 0 53
2137573 0 56
2138986 0 62
2140501 0 39
2141976 0 50
2143409 0 58
2144925 0 50
2146440 0 58
2147956 0 65
2149471 0 42
2150925 0 56
2152339 0 49
2153793 0 55
2155267 0 59
2156721 0 62
2158237 0 46
2159793 0 58
2161268 0 52
2162681 0 60
2164094 0 56
2165507 0 66
2166961 0 40
2168456 0 59
2169890 0 57
2171405 0 68
2172859 0 45
2174395 0 49
2175808 0 60
2177221 0 56
2178778 0 60
2180191 0 54
2181604 0 61
2183058 0 43
2184594 0 49
2186089 0 55
2187543 0 67
2189038 0 46
2190513 0 56
2191946 0 59
2193462 0 57
2194998 0 53
2196534 0 66
2198070 0 41
2199524 0 58
2200998 0 63
2202493 0 47
2204029 0 49
2205442 0 53
2206855 0 60
2208269 0 63
2209784 0 43
2211299 0 52
2212713 0 62
2214249 0 47
2215785 0 57
2217321 0 62
2218754 0 46
2220229 0 60
2221642 0 59
2223116 0 53
2224529 0 72
2226004 0 46
2227478 0 58
2229014 0 58
2230591 0 61
2232127 0 41
2233540 0 57
2234953 0 60
2236367 0 66
2237841 0 40
2239357 0 49
2240893 0 72
2242429 0 43
2243924 0 55
2245419 0 50
2246934 0 62
2248368 0 40
2249801 0 50
2251337 0 61
2252873 0 42
2254348 0 60
2255781 0 64
2257297 0 41
2258792 0 51
2260328 0 58
2261823 0 54
2263236 0 49
2264690 0 56
2266164 0 69
2267618 0 38
2269073 0 55
2270547 0 68
2272001 0 46
2273455 0 54
2274971 0 64
2276404 0 38
2277920 0 60
2279353 0 65
2280889 0 39
2282323 0 51
2283818 0 57
2285272 0 67
2286726 0 40
2288221 0 54
2289655 0 54
2291191 0 72
2292624 0 43
2294160 0 55
2295676 0 51
2297130 0 68
2298584 0 46
2300038 0 49
2301553 0 68
2302966 0 45
2304420 0 55
2305956 0 58
2307533 0 49
2308946 0 52
2310421 0 53
2311895 0 63
2313329 0 46
2314824 0 52
2316381 0 57
2317835 0 54
2319391 0 55
2320886 0 49
2322299 0 67
2323753 0 45
2325228 0 55
2326641 0 52
2328197 0 55
2329713 0 57
2331228 0 53
2332764 0 66
2334239 0 44
2335713 0 57
2337208 0 56
2338765 0 60
2340280 0 59
2341755 0 49
2343291 0 56
2344827 0 55
2346240 0 68
2347776 0 37
2349230 0 51
2350746 0 51
2352158 0 51
2353572 0 52
2354985 0 62
2356521 0 44
2358016 0 57
2359490 0 68
2361026 0 47
2362501 0 54
2363955 0 71
2365470 0 37
2366965 0 60
2368440 0 58
2369873 0 59
2371327 0 53
2372843 0 63
2374256 0 40
2375669 0 60
2377062 0 72
2378598 0 45
2380031 0 49
2381485 0 53
2382980 0 60
2384434 0 54
2385929 0 51
2387465 0 51
2388960 0 56
2390394 0 64
2391909 0 40
2393404 0 57
2394899 0 69
2396354 0 38
2397910 0 57
2399466 0 52
2401002 0 49
2402436 0 59
2403870 0 53
2405426 0 57
2406982 0 70
2408477 0 45
2409952 0 50
2411386 0 59
2412840 0 55
2414376 0 58
2415912 0 61
2417345 0 41
2418738 0 60
2420294 0 62
2421748 0 45
2423325 0 55
2424820 0 65
2426213 0 43
2427728 0 54
2429203 0 56
2430677 0 56
2432234 0 68
2433647 0 41
2435060 0 54
2436494 0 62
2437948 0 39
2439340 0 49
2440876 0 56
2442330 0 49
2443743 0 56
2445198 0 55
2446733 0 56
2448269 0 53
2449723 0 70
2451178 0 46
2452754 0 53
2454249 0 52
2455683 0 60
2457096 0 50
2458571 0 59
2460086 0 55
2461499 0 56
2462953 0 67
2464428 0 40
2465841 0 56
2467356 0 51
2468811 0 67
2470285 0 44
2471841 0 51
2473234 0 66
2474729 0 45
2476204 0 58
2477658 0 49
2479050 0 53
2480545 0 54
2481999 0 56
2483433 0 50
2484989 0 66
2486484 0 37
2487918 0 54
2489413 0 61
2490847 0 38
2492362 0 59
2493775 0 71
2495209 0 48
2496642 0 53
2498199 0 57
2499735 0 70
2501168 0 37
2502602 0 54
2504056 0 54
2505510 0 49
2507046 0 53
2508459 0 54
2509872 0 54
2511326 0 71
2512739 0 37
2514173 0 54
2515688 0 63
2517142 0 39
2518617 0 50
2520092 0 63
2521546 0 40
2523020 0 59
2524515 0 50
2525969 0 49
2527464 0 65
2529000 0 44
2530393 0 51
2531929 0 54
2533485 0 50
2534980 0 49
2536414 0 51
2537950 0 58
2539445 0 72
2540878 0 46
2542455 0 54
2543971 0 67
2545363 0 44
2546838 0 56
2548251 0 55
2549828 0 56
2551241 0 60
2552675 0 49
2554170 0 71
2555562 0 45
2557119 0 60
2558532 0 52
2560027 0 66
2561522 0 43
2563017 0 58
2564553 0 56
2565986 0 49
2567440 0 57
2568935 0 58
2570431 0 52
2571926 0 67
2573441 0 38
2574997 0 55
2576554 0 61
2578110 0 39
2579564 0 49
2580978 0 64
2582432 0 41
2583886 0 51
2585299 0 59
2586794 0 55
2588330 0 66
2589866 0 38
2591279 0 51
2592692 0 57
2594207 0 58
2595661 0 69
2597218 0 46
2598672 0 59
2600126 0 51
2601621 0 54
2603075 0 57
2604509 0 65
2605983 0 40
2607519 0 56
2608973 0 50
2610407 0 52
2611881 0 60
2613335 0 54
2614810 0 50
2616285 0 64
2617820 0 45
2619295 0 54
2620729 0 61
2622121 0 39
2623514 0 53
2625070 0 52
2626545 0 55
2628122 0 56
2629555 0 58
2631091 0 68
2632566 0 45
2634081 0 49
2635576 0 56
2636989 0 62
2638546 0 37
2639979 0 55
2641413 0 56
2642969 0 50
2644382 0 60
2645898 0 59
2647352 0 55
2648806 0 53
2650363 0 70
2651817 0 44
2653271 0 50
2654704 0 57
2656220 0 67
2657715 0 43
2659128 0 56
2660684 0 62
2662241 0 42
2663777 0 57
2665333 0 54
2666828 0 51
2668364 0 52
2669859 0 50
2671334 0 60
2672808 0 66
2674385 0 47
2675819 0 54
2677375 0 71
2678809 0 37
2680242 0 56
2681696 0 59
2683253 0 72
2684768 0 39
2686181 0 57
2687717 0 50
2689212 0 49
2690646 0 69
2692100 0 48
2693595 0 49
2695131 0 64
2696565 0 40
2698060 0 60
2699555 0 49
2700947 0 54
2702504 0 50
2703958 0 54
2705494 0 69
2706968 0 37
2708381 0 60
2709815 0 54
2711310 0 66
2712764 0 39
2714177 0 51
2715734 0 62
2717167 0 38
2718724 0 49
2720198 0 67
2721591 0 45
2723127 0 49
2724642 0 60
2726178 0 55
2727714 0 69
2729127 0 41
2730581 0 54
2732138 0 56
2733592 0 49
2735087 0 52
2736541 0 56
2737974 0 70
2739347 0 37
2740821 0 50
2742337 0 71
2743873 0 40
2745368 0 54
2746883 0 64
2748419 0 46
2749996 0 50
2751471 0 50
2752884 0 56
2754420 0 59
2755894 0 56
2757328 0 56
2758823 0 57
2760236 0 61
2761649 0 40
2763123 0 56
2764557 0 52
2766052 0 54
2767486 0 51
2768919 0 51
2770394 0 56
2771930 0 53
2773343 0 72
2774797 0 44
2776353 0 52
2791888 0 104
2793321 0 104
2794796 0 104
2796311 0 104
2797745 0 104
2799281 0 104
2800735 0 104
2802127 0 104
2803643 0 104
2805138 0 104
2806571 0 105
2808025 0 105
2809480 0 105
2810934 0 105
2812449 0 106
2813903 0 104
2815378 0 105
2816914 0 105
2818409 0 106
2819842 0 104
2821317 0 105
2822750 0 106
2824184 0 104
2825597 0 105
2827072 0 106
2828546 0 104
2829939 0 105
2831475 0 105
2833011 0 105
2834547 0 106
2836021 0 104
2837475 0 105
2838868 0 106
2840363 0 104
2841858 0 105
2843271 0 106
2844766 0 104
2846281 0 105
2847777 0 105
2849312 0 105
2850869 0 105
2852323 0 105
2853798 0 106
2855313 0 104
2856767 0 105
2858221 0 105
2859655 0 105
2861170 0 105
2862624 0 106
2864181 0 104
2865676 0 105
2867212 0 105
2868666 0 106
2870181 0 104
2871676 0 105
2873130 0 106
2874687 0 104
2876120 0 105
2877636 0 105
2879028 0 105
2880442 0 105
2881896 0 105
2883452 0 105
2885008 0 106
2886442 0 104
2887978 0 105
2889534 0 105
2891070 0 106
2892504 0 104
2894020 0 105
2895494 0 105
2897030 0 105
2898484 0 106
2900000 0 104
2901474 0 105
2903031 0 105
2904567 0 106
2906041 0 104
2907598 0 105
2909011 0 105
2910506 0 105
2911939 0 106
2913393 0 104
2914847 0 105
2916322 0 106
2917858 0 104
2919394 0 105
2920827 0 106
2922240 0 104
2923776 0 105
2925231 0 105
2926664 0 105
2928200 0 105
2929593 0 105
2931108 0 105
2932644 0 105
2934057 0 106
2935532 0 104
2936986 0 105
2938440 0 106
2939853 0 104
2941307 0 105
2942700 0 106
2944154 0 104
2945546 0 105
2947082 0 106
2948598 0 104
2950011 0 105
2951547 0 105
2952980 0 106
2954394 0 104
2955868 0 105
2957363 0 106
2958838 0 104
2960333 0 105
2961787 0 106
2963302 0 104
2964736 0 105
2966292 0 105
2967808 0 105
2969262 0 105
2970818 0 106
2972313 0 104
2973788 0 105
2975221 0 105
2976716 0 105
2978170 0 105
2979604 0 105
2981140 0 105
2982574 0 106
2984007 0 104
2985441 0 105
2986936 0 106
2988451 0 104
2989905 0 105
2991380 0 105
2992854 0 105
2994349 0 105
2995783 0 105
2997278 0 105
2998732 0 106
3000227 0 104
3001701 0 105
3003258 0 105
3004651 0 106
3006166 0 104
3007559 0 105
3009115 0 106
3010549 0 104
3012023 0 105
3013539 0 106
3015034 0 104
3016529 0 105
3017962 0 105
3019416 0 105
3020850 0 105
3022243 0 106
3023676 0 104
3025089 0 105
3026502 0 105
3027997 0 105
3029410 0 105
3030926 0 105
3032339 0 105
3033814 0 106
3035247 0 104
3036640 0 105
3038094 0 105
3039630 0 105
3041104 0 105
3042640 0 105
3044074 0 106
3045528 0 104
3047023 0 105
3048497 0 105
3049890 0 105
3051447 0 105
3052880 0 106
3054437 0 104
3055932 0 105
3057447 0 105
3058983 0 105
3060519 0 105
3061994 0 105
3063468 0 106
3065004 0 104
3066438 0 105
3067830 0 105
3069243 0 105
3070779 0 105
3072254 0 106
3073790 0 104
3075326 0 105
3076800 0 105
3078357 0 106
3079913 0 104
3081306 0 105
3082760 0 106
3084214 0 104
3085668 0 105
3087122 0 105
3088576 0 105
3090112 0 106
3091628 0 104
3093061 0 105
3094618 0 106
3096092 0 104
3097608 0 105
3099144 0 106
3100618 0 104
3102154 0 105
3103649 0 105
3105206 0 105
3106639 0 106
3108134 0 104
3109527 0 105
3111042 0 105
3112496 0 105
3113971 0 106
3115404 0 104
3116920 0 105
3118436 0 106
3119930 0 104
3121364 0 105
3122798 0 105
3124313 0 106
3125808 0 104
3127242 0 105
3128634 0 105
3130068 0 105
3131583 0 105
3133037 0 105
3134512 0 105
3136048 0 105
3137563 0 106
3139099 0 104
3140574 0 105
3142069 0 105
3143625 0 105
3145059 0 105
3146574 0 105
3148090 0 106
3149544 0 104
3151060 0 105
3152616 0 105
3154070 0 106
3155545 0 104
3157019 0 105
3158412 0 106
3159968 0 104
3161422 0 105
3162856 0 106
3164371 0 104
3165887 0 105
3167443 0 105
3168979 0 105
3170495 0 105
3171969 0 105
3173464 0 105
3175021 0 106
3176454 0 104
3177847 0 105
3179301 0 106
3180857 0 104
3182373 0 105
3183929 0 105
3185445 0 105
3186858 0 105
3188292 0 106
3189787 0 104
3191282 0 105
3192818 0 105
3194333 0 105
3195746 0 105
3197303 0 106
3198716 0 104
3200272 0 105
3201747 0 106
3203201 0 104
3204716 0 105
3206129 0 106
3207645 0 104
3209119 0 105
3210573 0 105
3211987 0 105
3213543 0 105
3215017 0 106
3216431 0 104
3217844 0 105
3219277 0 105
3220711 0 105
3222144 0 105
3223578 0 105
3225012 0 106
3226568 0 104
3228083 0 105
3229599 0 106
3231073 0 104
3232507 0 105
3234043 0 106
3235518 0 104
3237013 0 105
3238528 0 105
3239962 0 105
3241457 0 105
3242993 0 105
3244529 0 105
3245942 0 106
3247478 0 104
3249034 0 105
3250488 0 105
3251922 0 105
3253396 0 105
3254953 0 106
3256468 0 104
3258025 0 105
3259458 0 106
3261015 0 104
3262469 0 105
3264005 0 105
3265520 0 105
3266954 0 105
3268469 0 105
3269944 0 105
3271418 0 106
3272852 0 104
3274286 0 105
3275801 0 105
3277317 0 106
3278873 0 104
3280348 0 105
3281843 0 106
3283297 0 104
3284751 0 105
3286246 0 105
3287802 0 105
3289195 0 105
3290710 0 105
3292103 0 105
3293495 0 106
3294909 0 104
3296424 0 105
3297899 0 105
3299435 0 105
3300991 0 105
3302466 0 105
3303940 0 105
3305415 0 106
3306828 0 104
3308302 0 105
3309695 0 106
3311231 0 104
3312664 0 105
3314077 0 106
3315572 0 104
3317006 0 105
3318481 0 106
3319996 0 104
3321512 0 105
3323068 0 106
3324624 0 104
3326120 0 105
3327533 0 106
3329048 0 104
3330523 0 105
3332018 0 105
3333533 0 105
3335090 0 105
3336564 0 105
3338121 0 106
3339636 0 104
3341029 0 105
3342483 0 105
3343896 0 105
3345391 0 106
3346804 0 104
3348319 0 105
3349814 0 105
3351330 0 105
3352866 0 105
3354340 0 106
3355795 0 104
3357228 0 105
3358723 0 105
3360157 0 105
3361652 0 105
3363126 0 106
3364601 0 104
3366116 0 105
3367529 0 105
3369004 0 105
3370417 0 105
3371973 0 106
3373407 0 104
3374841 0 105
3376254 0 105
3377687 0 106
3379203 0 104
3380636 0 105
3382049 0 105
3383503 0 105
3384998 0 105
3386391 0 106
3387948 0 104
3389381 0 105
3390876 0 106
3392269 0 104
3393702 0 105
3395259 0 106
3396815 0 104
3398372 0 105
3399764 0 105
3401280 0 105
3402693 0 105
3404147 0 105
3405703 0 105
3407137 0 106
3408673 0 104
3410168 0 105
3411581 0 105
3413097 0 105
3414612 0 105
3416087 0 105
3417561 0 105
3418974 0 106
3420387 0 104
3421800 0 105
3423316 0 105
3424872 0 105
3426347 0 105
3427801 0 105
3429235 0 105
3430771 0 106
3432266 0 104
3433802 0 105
3435317 0 105
3436730 0 106
3438225 0 104
3439720 0 105
3441154 0 106
3442567 0 104
3444082 0 105
3445516 0 105
3447031 0 105
3448506 0 105
3450021 0 105
3451496 0 105
3452889 0 106
3454424 0 104
3455879 0 105
3457394 0 105
3458807 0 105
3460302 0 105
3461715 0 105
3463210 0 106
3464705 0 104
3466200 0 105
3467716 0 106
3469252 0 104
3470706 0 105
3472119 0 106
3473573 0 104
3474986 0 105
3476481 0 105
3477894 0 105
3479348 0 105
3480802 0 105
3482195 0 106
3483649 0 104
3485205 0 105
3486680 0 106
3488195 0 104
3489629 0 105
3491145 0 105
3492578 0 106
3494135 0 104
3495548 0 105
3497002 0 105
3498456 0 105
3499951 0 105
3501384 0 105
3502797 0 105
3504231 0 105
3505726 0 106
3507201 0 104
3508593 0 105
3510129 0 105
3511665 0 105
3513119 0 105
3514573 0 105
3516027 0 105
3517461 0 105
3518997 0 106
3520553 0 104
3522089 0 105
3523543 0 105
3525079 0 105
3526492 0 106
3527926 0 104
3529360 0 105
3530916 0 106
3532472 0 104
3534008 0 105
3535421 0 105
3536876 0 105
3538350 0 105
3539866 0 105
3541320 0 105
3542856 0 106
3544330 0 104
3545866 0 105
3547279 0 105
3548733 0 105
3550187 0 106
3551641 0 104
3553075 0 105
3554549 0 105
3556045 0 106
3557580 0 104
3559116 0 105
3560632 0 106
3562127 0 104
3563520 0 105
3565015 0 105
3566530 0 105
3567923 0 106
3569356 0 104
3570769 0 105
3572203 0 105
3573636 0 105
3575132 0 105
3576565 0 106
3578019 0 104
3579514 0 105
3581050 0 105
3582463 0 105
3584020 0 105
3585494 0 105
3586928 0 106
3588382 0 104
3589918 0 105
3591372 0 106
3592867 0 104
3594280 0 105
3595714 0 105
3597250 0 105
3598745 0 105
3600280 0 105
3601714 0 105
3603250 0 106
3604806 0 104
3606322 0 105
3607735 0 105
3609271 0 105
3610725 0 105
3612261 0 105
3613695 0 105
3615190 0 106
3616603 0 104
3618118 0 105
3619654 0 105
3621067 0 106
3622480 0 104
3623914 0 105
3625470 0 105
3627006 0 106
3628420 0 104
3629976 0 105
3631512 0 105
3632946 0 105
3634502 0 106
3636017 0 104
3637553 0 105
3639089 0 105
3640523 0 105
3641977 0 106
3643370 0 104
3644824 0 105
3646278 0 105
3647773 0 105
3649206 0 105
3650701 0 106
3652114 0 104
3653548 0 105
3655023 0 106
3656497 0 104
3657992 0 105
3659405 0 105
3660921 0 106
3662416 0 104
3663972 0 105
3665488 0 105
3666983 0 105
3668519 0 105
3669932 0 105
3671447 0 106
3672983 0 104
3674540 0 105
3675994 0 106
3677407 0 104
3678861 0 105
3680335 0 105
3681749 0 105
3683162 0 105
3684575 0 106
3686131 0 104
3687606 0 105
3689039 0 105
3690575 0 105
3692091 0 105
