27771 0 9
29205 0 6
30659 0 5
32051 0 3
33465 0 9
35041 0 10
36577 0 1
38093 0 5
39629 0 9
41124 0 8
42557 0 16
44032 0 17
45527 0 36
46961 0 4
48415 0 17
49807 0 21
51261 0 16
52756 0 17
54313 0 13
55746 0 22
57221 0 36
58757 0 4
60190 0 16
61624 0 16
63078 0 29
64573 0 9
66109 0 15
67522 0 15
69058 0 20
70492 0 21
71987 0 16
73482 0 31
74895 0 1
76328 0 19
77823 0 28
79298 0 11
80793 0 20
82370 0 16
83783 0 20
85339 0 23
86773 0 24
88227 0 35
89661 0 8
91197 0 21
92753 0 23
94289 0 22
95723 0 16
97177 0 24
98631 0 35
100105 0 7
101518 0 17
102972 0 32
104447 0 3
105962 0 19
107519 0 16
108993 0 30
110427 0 6
111840 0 17
113376 0 22
114912 0 33
116428 0 9
117861 0 24
119356 0 17
120851 0 15
122326 0 14
123800 0 25
125295 0 1
126811 0 17
128285 0 15
129760 0 36
131214 0 6
132688 0 21
134204 0 19
135719 0 25
137132 0 8
138628 0 16
140123 0 33
141659 0 7
143174 0 14
144628 0 17
146144 0 23
147598 0 16
149113 0 15
150629 0 15
152124 0 16
153639 0 32
155134 0 7
156650 0 22
158186 0 24
159701 0 15
161217 0 20
162732 0 30
164084 0 10
165599 0 23
167012 0 15
168507 0 14
169961 0 18
171518 0 28
172931 0 4
174405 0 22
175921 0 17
177436 0 15
178891 0 33
180406 0 3
181819 0 13
183212 0 33
184727 0 5
186263 0 23
187758 0 22
189335 0 22
190892 0 20
192387 0 33
193943 0 12
195438 0 23
196933 0 18
198408 0 16
199903 0 26
201398 0 1
202872 0 19
204326 0 32
205801 0 8
207275 0 22
208832 0 30
210204 0 11
211740 0 20
213337 0 19
214791 0 25
216245 0 7
217781 0 23
219235 0 26
220710 0 9
222184 0 22
223761 0 30
225256 0 6
226792 0 13
228328 0 23
229844 0 15
231359 0 16
232875 0 24
234349 0 13
235742 0 26
237135 0 7
238650 0 22
240125 0 17
241640 0 21
243053 0 32
244548 0 6
245982 0 20
247559 0 15
249033 0 33
250446 0 9
251880 0 15
253314 0 14
254768 0 21
256345 0 16
257819 0 28
259253 0 8
260830 0 19
262325 0 31
263861 0 9
265417 0 16
266830 0 13
268305 0 35
269738 0 2
271192 0 21
272626 0 15
274059 0 16
275534 0 16
277029 0 17
278544 0 16
279917 0 31
281350 0 5
282763 0 13
284217 0 14
285630 0 19
287064 0 17
288600 0 23
290115 0 35
291590 0 4
293024 0 22
294580 0 15
296014 0 15
297468 0 30
298963 0 4
300458 0 19
301973 0 18
303448 0 15
304861 0 13
306397 0 17
307871 0 14
309366 0 33
310861 0 7
312315 0 18
313851 0 35
315367 0 12
316882 0 22
318316 0 24
319791 0 18
321326 0 23
322740 0 29
324214 0 8
325709 0 15
327245 0 20
328802 0 21
330235 0 14
331751 0 17
333266 0 14
334700 0 18
336215 0 25
337731 0 6
339164 0 13
340557 0 26
342031 0 10
343445 0 14
344960 0 20
346476 0 17
347971 0 23
349404 0 31
350899 0 9
352374 0 16
353746 0 17
355200 0 22
356654 0 23
358149 0 17
359582 0 17
360996 0 16
362491 0 27
363924 0 7
365460 0 18
366976 0 24
368450 0 23
369966 0 19
371440 0 22
372976 0 24
374410 0 35
375864 0 1
377318 0 13
378772 0 29
380185 0 12
381680 0 21
383093 0 36
384506 0 2
386042 0 15
387455 0 24
388930 0 32
390466 0 4
391940 0 16
393456 0 14
394930 0 28
396446 0 1
397920 0 18
399354 0 33
400829 0 7
402344 0 16
403859 0 26
405232 0 8
406788 0 15
408304 0 22
409840 0 27
411273 0 9
412768 0 19
414345 0 28
415820 0 12
417335 0 19
418810 0 21
420223 0 22
421759 0 34
423254 0 11
424687 0 21
426100 0 32
427595 0 5
429049 0 21
430606 0 20
432080 0 25
433535 0 10
435030 0 14
436525 0 33
438061 0 3
439494 0 13
440969 0 30
442341 0 2
443856 0 23
445351 0 15
446887 0 22
448382 0 16
449795 0 14
451229 0 32
452683 0 4
454076 0 16
455571 0 36
457066 0 3
458602 0 16
459994 0 28
461489 0 4
462882 0 21
464438 0 19
465913 0 13
467449 0 17
468882 0 18
470418 0 27
471811 0 5
473326 0 19
474842 0 18
476337 0 13
477771 0 31
479286 0 3
480699 0 20
482153 0 24
483689 0 23
485184 0 22
486700 0 19
488236 0 32
489690 0 5
491123 0 14
492659 0 14
494093 0 17
495485 0 26
497001 0 4
498373 0 24
499868 0 27
501322 0 10
502776 0 19
504210 0 35
505664 0 2
507036 0 14
508408 0 28
509883 0 11
511275 0 24
512770 0 23
514183 0 14
515658 0 21
517132 0 16
518587 0 30
520000 0 1
521392 0 14
522846 0 22
524403 0 33
525857 0 2
527352 0 20
528929 0 14
530465 0 23
532001 0 21
533434 0 13
534868 0 18
536342 0 14
537817 0 36
539291 0 5
540745 0 21
542241 0 18
543715 0 14
545231 0 14
546726 0 15
548200 0 31
549716 0 12
551211 0 24
552747 0 28
554303 0 4
555696 0 13
557109 0 13
558501 0 21
559976 0 26
561430 0 7
562884 0 24
564379 0 18
565895 0 24
567328 0 18
568823 0 23
570380 0 28
571813 0 3
573329 0 22
574844 0 31
576360 0 3
577752 0 14
579247 0 21
580681 0 24
582196 0 18
583691 0 33
585207 0 8
586640 0 21
588176 0 32
589671 0 5
591207 0 16
592682 0 20
594136 0 14
595631 0 24
597105 0 20
598641 0 17
600075 0 18
601488 0 32
602922 0 1
604396 0 20
605830 0 27
607345 0 10
608922 0 21
610438 0 19
611933 0 26
613428 0 1
614923 0 17
616438 0 25
617851 0 7
619387 0 21
620903 0 26
622336 0 1
623790 0 22
625306 0 36
626760 0 2
628153 0 24
629648 0 14
631081 0 16
632474 0 29
633907 0 9
635464 0 19
636979 0 28
638474 0 9
640051 0 15
641444 0 19
642959 0 19
644373 0 19
645868 0 21
647322 0 20
648776 0 16
650189 0 27
651684 0 3
653158 0 18
654633 0 16
656066 0 17
657623 0 14
659138 0 14
660551 0 24
662067 0 30
663460 0 9
664914 0 16
666286 0 21
667719 0 21
669173 0 14
670586 0 35
672082 0 6
673617 0 17
675174 0 15
676689 0 18
678225 0 28
679741 0 9
681174 0 13
682608 0 34
684103 0 12
685516 0 21
686970 0 29
688486 0 5
690042 0 19
691496 0 24
692930 0 19
694404 0 17
695961 0 36
697497 0 10
698971 0 20
700569 0 16
702084 0 31
703661 0 6
705136 0 13
706549 0 15
708085 0 15
709498 0 20
711054 0 13
712508 0 16
713983 0 36
715478 0 3
717014 0 17
718447 0 14
719861 0 17
721315 0 33
722830 0 10
724407 0 13
725841 0 15
727233 0 21
728708 0 13
730141 0 13
731554 0 25
733049 0 1
734442 0 15
735958 0 16
737350 0 20
738886 0 21
740340 0 31
741876 0 4
743330 0 19
744764 0 36
746341 0 3
747774 0 24
749249 0 13
750703 0 21
752198 0 23
753713 0 15
755126 0 16
756642 0 18
758198 0 35
759632 0 12
761168 0 16
762561 0 33
764035 0 5
765510 0 17
767005 0 29
768438 0 2
769974 0 19
771531 0 28
772964 0 6
774521 0 21
775975 0 34
777347 0 9
778883 0 16
780378 0 33
781873 0 10
783307 0 21
784842 0 36
786256 0 9
787751 0 23
789225 0 24
790679 0 20
792195 0 18
793751 0 14
795267 0 31
796782 0 10
798339 0 17
799793 0 20
801247 0 24
802762 0 32
804278 0 5
805711 0 16
807165 0 16
808619 0 15
810094 0 22
811548 0 22
812982 0 20
814497 0 14
815992 0 28
817508 0 10
819023 0 14
820539 0 18
821952 0 14
823426 0 32
824921 0 5
826457 0 13
827973 0 20
829468 0 25
831024 0 4
832396 0 20
833850 0 14
835325 0 21
836861 0 24
838294 0 13
839830 0 13
841305 0 32
842698 0 12
844193 0 19
845728 0 16
847101 0 22
848555 0 21
850009 0 26
851483 0 7
852896 0 22
854330 0 13
855743 0 19
857259 0 13
858692 0 17
860249 0 28
861662 0 11
863136 0 18
864549 0 15
866024 0 24
867498 0 20
869055 0 17
870570 0 27
872004 0 6
873437 0 13
874912 0 20
876489 0 18
877902 0 18
879315 0 25
880851 0 6
882285 0 21
883739 0 21
885295 0 14
886688 0 22
888142 0 21
889678 0 18
891193 0 28
892688 0 2
894163 0 19
895637 0 17
897091 0 14
898546 0 25
899979 0 12
901413 0 22
902846 0 18
904280 0 35
905775 0 11
907249 0 14
908703 0 15
910219 0 23
911693 0 22
913270 0 15
914704 0 22
916219 0 30
917592 0 5
919148 0 22
920602 0 25
922077 0 7
923572 0 18
924985 0 26
926398 0 10
927934 0 13
945795 0 101
947290 0 101
948703 0 101
950239 0 101
951693 0 101
953188 0 101
954724 0 101
956219 0 101
957612 0 101
959086 0 101
960561 0 102
962015 0 102
963530 0 103
964964 0 101
966418 0 102
967933 0 102
969326 0 102
970739 0 102
972275 0 102
973668 0 102
975101 0 103
976555 0 101
978009 0 102
979464 0 103
980938 0 101
982433 0 102
983826 0 102
985321 0 102
986795 0 102
988249 0 102
989765 0 102
991157 0 103
992714 0 101
994168 0 102
995704 0 102
997117 0 103
998571 0 101
1000046 0 102
1001520 0 103
1003097 0 101
1004490 0 102
1005882 0 103
1007418 0 101
1008893 0 102
1010367 0 102
1011821 0 102
1013234 0 102
1014668 0 102
1016122 0 103
1017597 0 101
1019133 0 102
1020628 0 102
1022082 0 103
1023638 0 101
1025154 0 102
1026587 0 103
1028144 0 101
1029618 0 102
1031052 0 102
1032588 0 102
1034103 0 102
1035598 0 102
1037114 0 102
1038506 0 103
1039940 0 101
1041374 0 102
1042889 0 103
1044364 0 101
1045879 0 102
1047272 0 102
1048787 0 102
1050323 0 102
1051757 0 103
1053313 0 101
1054747 0 102
1056283 0 103
1057757 0 101
1059232 0 102
1060727 0 103
1062201 0 101
1063594 0 102
1065089 0 102
1066543 0 102
1067977 0 103
1069390 0 101
1070864 0 102
1072380 0 102
1073916 0 102
1075308 0 102
1076701 0 102
1078237 0 103
1079691 0 101
1081186 0 102
1082599 0 102
1083992 0 103
1085507 0 101
1086941 0 102
1088333 0 103
1089890 0 101
1091303 0 102
1092777 0 102
1094293 0 102
1095808 0 102
1097262 0 103
1098778 0 101
1100171 0 102
1101563 0 102
1103099 0 103
1104574 0 101
1106110 0 102
1107605 0 103
1109141 0 101
1110697 0 102
1112213 0 103
1113687 0 101
1115100 0 102
1116493 0 102
1117967 0 102
1119503 0 102
1120937 0 102
1122473 0 102
1123988 0 102
1125483 0 103
1126958 0 101
1128473 0 102
1129907 0 102
1131402 0 103
1132938 0 101
1134392 0 102
1135826 0 103
1137321 0 101
1138754 0 102
1140147 0 102
1141703 0 102
1143178 0 102
1144591 0 102
1146086 0 103
1147642 0 101
1149096 0 102
1150571 0 102
1152025 0 102
1153418 0 102
1154954 0 102
1156408 0 102
1157841 0 103
1159336 0 101
1160831 0 102
1162326 0 103
1163760 0 101
1165214 0 102
1166750 0 102
1168224 0 102
1169760 0 102
1171153 0 102
1172669 0 102
1174143 0 102
1175638 0 103
1177195 0 101
1178628 0 102
1180164 0 103
1181598 0 101
1183011 0 102
1184526 0 102
1186001 0 102
1187434 0 102
1188970 0 102
1190383 0 103
1191858 0 101
1193394 0 102
1194889 0 102
1196425 0 103
1197981 0 101
1199435 0 102
1200930 0 102
1202344 0 102
1203859 0 103
1205334 0 101
1206849 0 102
1208283 0 102
1209778 0 102
1211293 0 102
1212686 0 102
1214078 0 103
1215594 0 101
1217027 0 102
1218461 0 103
1219997 0 101
1221410 0 102
1222926 0 102
1224339 0 102
1225854 0 102
1227370 0 102
1228906 0 102
1230442 0 102
1231916 0 103
1233411 0 101
1234906 0 102
1236299 0 102
1237691 0 102
1239146 0 103
1240661 0 101
1242136 0 102
1243590 0 102
1245044 0 102
1246436 0 102
1247870 0 103
1249406 0 101
1250921 0 102
1252396 0 102
1253788 0 102
1255263 0 102
1256758 0 103
1258253 0 101
1259748 0 102
1261243 0 103
1262738 0 101
1264233 0 102
1265749 0 102
1267244 0 102
1268780 0 102
1270213 0 102
1271626 0 103
1273060 0 101
1274534 0 102
1276050 0 103
1277504 0 101
1279019 0 102
1280535 0 102
1282050 0 102
1283586 0 102
1285081 0 102
1286597 0 102
1288051 0 103
1289566 0 101
1291020 0 102
1292536 0 102
1293949 0 102
1295342 0 102
1296857 0 102
1298291 0 102
1299683 0 102
1301158 0 103
1302673 0 101
1304189 0 102
1305684 0 103
1307199 0 101
1308715 0 102
1310148 0 102
1311684 0 102
1313118 0 102
1314511 0 103
1316006 0 101
1317501 0 102
1318893 0 102
1320450 0 102
1321883 0 102
1323296 0 103
1324853 0 101
1326389 0 102
1327802 0 102
1329297 0 103
1330792 0 101
1332226 0 102
1333700 0 102
1335175 0 102
1336711 0 102
1338226 0 102
1339660 0 102
1341052 0 103
1342568 0 101
1343960 0 102
1345394 0 103
1346828 0 101
1348302 0 102
1349838 0 102
1351374 0 102
1352767 0 102
1354282 0 102
1355716 0 103
1357211 0 101
1358706 0 102
1360098 0 102
1361634 0 103
1363088 0 101
1364481 0 102
1366017 0 102
1367533 0 103
1368966 0 101
1370441 0 102
1371956 0 103
1373451 0 101
1374885 0 102
1376421 0 103
1377834 0 101
1379370 0 102
1380783 0 103
1382319 0 101
1383814 0 102
1385268 0 102
1386701 0 102
1388155 0 102
1389691 0 103
1391227 0 101
1392702 0 102
1394238 0 103
1395753 0 101
1397208 0 102
1398682 0 102
1400075 0 102
1401570 0 102
1402983 0 103
1404498 0 101
1405993 0 102
1407447 0 103
1408922 0 101
1410437 0 102
1411932 0 103
1413345 0 101
1414738 0 102
1416254 0 103
1417728 0 101
1419264 0 102
1420759 0 103
1422254 0 101
1423811 0 102
1425244 0 103
1426760 0 101
1428173 0 102
1429565 0 103
1431101 0 101
1432576 0 102
1433989 0 103
1435545 0 101
1436999 0 102
1438413 0 102
1439846 0 102
1441280 0 102
1442693 0 102
1444147 0 103
1445683 0 101
1447096 0 102
1448611 0 102
1450065 0 102
1451499 0 102
1452892 0 103
1454428 0 101
1455902 0 102
1457438 0 102
1458872 0 102
1460367 0 102
1461862 0 102
1463377 0 103
1464852 0 101
1466367 0 102
1467760 0 102
1469214 0 102
1470709 0 102
1472224 0 103
1473740 0 101
1475255 0 102
1476730 0 102
1478123 0 102
1479515 0 102
1481031 0 102
1482546 0 103
1484062 0 101
1485557 0 102
1487052 0 102
1488444 0 102
1489837 0 103
1491250 0 101
1492766 0 102
1494302 0 102
1495817 0 102
1497251 0 102
1498746 0 103
1500179 0 101
1501633 0 102
1503149 0 103
1504644 0 101
1506118 0 102
1507613 0 102
1509088 0 102
1510480 0 102
1511955 0 102
1513491 0 103
1515006 0 101
1516399 0 102
1517853 0 102
1519410 0 102
1520884 0 103
1522359 0 101
1523854 0 102
1525328 0 102
1526721 0 102
1528175 0 102
1529649 0 103
1531063 0 101
1532455 0 102
1533889 0 102
1535281 0 103
1536735 0 101
1538251 0 102
1539746 0 102
1541241 0 103
1542736 0 101
1544169 0 102
1545685 0 102
1547221 0 102
1548655 0 102
1550170 0 102
1551583 0 103
1553058 0 101
1554450 0 102
1555904 0 102
1557358 0 102
1558772 0 102
1560164 0 103
1561700 0 101
1563134 0 102
1564567 0 102
1565960 0 102
1567434 0 102
1568888 0 103
1570363 0 101
1571899 0 102
1573394 0 102
1574787 0 102
1576241 0 102
1577633 0 103
1579108 0 101
1580500 0 102
1581995 0 103
1583449 0 101
1584903 0 102
1586317 0 103
1587873 0 101
1589368 0 102
1590884 0 102
1592276 0 102
1593730 0 102
1595246 0 102
1596659 0 102
1598051 0 102
1599505 0 103
1601041 0 101
1602455 0 102
1603868 0 103
1605383 0 101
1606919 0 102
1608414 0 102
1609807 0 102
1611322 0 102
1612735 0 102
1614230 0 102
1615643 0 103
1617200 0 101
1618715 0 102
1620251 0 103
1621787 0 101
1623200 0 102
1624614 0 103
1626129 0 101
1627604 0 102
1628996 0 102
1630409 0 103
1631884 0 101
1633276 0 102
1634833 0 102
1636328 0 102
1637864 0 102
1639379 0 102
1640915 0 103
1642431 0 101
1643844 0 102
1645257 0 102
1646670 0 102
1648124 0 102
1649599 0 102
1651135 0 103
1652548 0 101
1654022 0 102
1655456 0 102
1656849 0 102
1658364 0 102
1659818 0 102
1661211 0 103
1662706 0 101
1664180 0 102
1665737 0 103
1667170 0 101
1668563 0 102
1670099 0 103
1671573 0 101
1673007 0 102
1674543 0 103
1675977 0 101
1677431 0 102
1678885 0 102
1680400 0 103
1681916 0 101
1683349 0 102
1684844 0 102
1686237 0 102
1687752 0 102
1689186 0 102
1690681 0 102
1692114 0 102
1693610 0 103
1695023 0 101
1696538 0 102
1697972 0 103
1699405 0 101
1700921 0 102
1702375 0 102
1703829 0 103
1705324 0 101
1706737 0 102
1708293 0 102
1709686 0 103
1711161 0 101
1712656 0 102
1714130 0 102
1715625 0 103
1717161 0 101
1718554 0 102
1720069 0 102
1721585 0 102
1723100 0 103
1724513 0 101
1725906 0 102
1727360 0 102
1728753 0 102
1730207 0 102
1731620 0 102
1733074 0 103
1734651 0 101
1736187 0 102
1737723 0 102
1739238 0 103
1740713 0 101
1742105 0 102
1743539 0 103
1745013 0 101
1746549 0 102
1748044 0 102
1749458 0 102
1750850 0 103
1752284 0 101
1753676 0 102
1755212 0 102
1756728 0 103
1758223 0 101
1759677 0 102
1761090 0 102
1762565 0 102
1764060 0 103
1765493 0 101
1767050 0 102
1768565 0 102
1770081 0 103
1771657 0 101
1773071 0 102
1774586 0 102
1776122 0 102
1777597 0 102
1779071 0 103
1780607 0 101
1782082 0 102
1783556 0 102
1785051 0 102
1786567 0 102
1788082 0 103
1789536 0 101
1790990 0 102
1792526 0 102
1793919 0 102
1795352 0 102
1796847 0 103
1798363 0 101
1799899 0 102
1801353 0 103
1802848 0 101
1804241 0 102
1805674 0 103
1807169 0 101
1808644 0 102
1810098 0 102
1811490 0 102
1812944 0 103
1814358 0 101
1815791 0 102
1817286 0 102
1818740 0 102
1820153 0 103
1821566 0 101
1823082 0 102
1824618 0 102
1826072 0 102
1827587 0 102
1829103 0 102
1830516 0 102
1831950 0 102
1833486 0 103
1834960 0 101
1836394 0 102
1837786 0 102
1839261 0 102
1840776 0 102
1842312 0 102
1856802 0 41
1858297 0 37
1859792 0 41
1861266 0 48
1862720 0 45
1864236 0 39
1865670 0 47
1867205 0 41
1868762 0 37
1870175 0 45
1871650 0 60
1873186 0 55
1874660 0 66
1876176 0 43
1877630 0 55
1879125 0 62
1880558 0 48
1882053 0 58
1883630 0 62
1885064 0 44
1886559 0 56
1888074 0 65
1889549 0 40
1890962 0 59
1892416 0 53
1893850 0 56
1895386 0 50
1896778 0 49
1898314 0 55
1899891 0 66
1901304 0 40
1902758 0 51
1904315 0 58
1905789 0 49
1907202 0 52
1908779 0 53
1910213 0 65
1911749 0 46
1913326 0 60
1914780 0 60
1916316 0 59
1917811 0 65
1919347 0 44
1920760 0 49
1922173 0 54
1923627 0 56
1925142 0 72
1926637 0 37
1928173 0 59
1929648 0 55
1931102 0 71
1932618 0 37
1934113 0 50
1935546 0 49
1937021 0 66
1938516 0 43
1939970 0 60
1941424 0 59
1942980 0 55
1944516 0 57
1946052 0 64
1947547 0 37
1949104 0 50
1950640 0 57
1952114 0 53
1953671 0 50
1955227 0 69
1956702 0 45
1958135 0 51
1959589 0 58
1961166 0 51
1962702 0 54
1964136 0 64
1965528 0 42
1967023 0 54
1968539 0 55
1969972 0 54
1971386 0 55
1972942 0 49
1974396 0 60
1975809 0 70
1977243 0 40
1978717 0 56
1980253 0 51
1981769 0 58
1983202 0 50
1984738 0 54
1986274 0 56
1987687 0 70
1989162 0 38
1990657 0 59
1992111 0 61
1993667 0 41
1995080 0 52
1996616 0 66
1998091 0 44
1999504 0 59
2000938 0 60
2002351 0 58
2003825 0 51
2005320 0 61
2006795 0 47
2008290 0 57
2009785 0 59
2011300 0 49
2012734 0 51
2014270 0 70
2015765 0 39
2017321 0 56
2018878 0 49
2020393 0 51
2021806 0 56
2023363 0 61
2024837 0 38
2026291 0 57
2027766 0 51
2029220 0 51
2030776 0 57
2032312 0 68
2033767 0 48
2035323 0 54
2036818 0 55
2038333 0 51
2039747 0 57
2041262 0 51
2042696 0 62
2044191 0 42
2045624 0 50
2047058 0 60
2048553 0 51
2050089 0 51
2051502 0 53
2052935 0 58
2054390 0 70
2055864 0 45
2057421 0 50
2058977 0 56
2060411 0 55
2061824 0 53
2063237 0 66
2064691 0 46
2066124 0 50
2067537 0 63
2068971 0 47
2070466 0 50
2071961 0 58
2073518 0 52
2074972 0 59
2076385 0 69
2077880 0 40
2079375 0 58
2080829 0 51
2082385 0 61
2083839 0 48
2085252 0 52
2086686 0 50
2088120 0 61
2089553 0 42
2090987 0 53
2092543 0 64
2093997 0 37
2095554 0 58
2097110 0 56
2098585 0 64
2099998 0 46
2101534 0 54
2102988 0 62
2104503 0 41
2105937 0 51
2107370 0 57
2108865 0 51
2110360 0 58
2111937 0 58
2113514 0 49
2114968 0 62
2116463 0 48
2118020 0 57
2119474 0 53
2121030 0 49
2122505 0 54
2124020 0 58
2125556 0 69
2127072 0 46
2128587 0 57
2130103 0 60
2131536 0 49
2132949 0 54
2134465 0 56
2135899 0 72
2137435 0 42
2138868 0 58
2140343 0 56
2141776 0 57
2143333 0 66
2144848 0 47
2146261 0 51
2147654 0 55
2149169 0 57
2150623 0 52
2152159 0 72
2153654 0 37
2155190 0 52
2156603 0 54
2158037 0 54
2159491 0 59
2160925 0 61
2162461 0 41
2163976 0 58
2165471 0 50
2166946 0 49
2168441 0 62
2169956 0 39
2171369 0 54
2172844 0 52
2174400 0 55
2175916 0 64
2177390 0 40
2178885 0 55
2180442 0 55
2181937 0 55
2183432 0 71
2184845 0 44
2186381 0 57
2187896 0 56
2189350 0 57
2190784 0 58
2192218 0 49
2193651 0 64
2195105 0 43
2196682 0 53
2198218 0 55
2199713 0 49
2201188 0 53
2202601 0 49
2204116 0 57
2205550 0 66
2206983 0 47
2208397 0 56
2209912 0 49
2211407 0 55
2212820 0 57
2214356 0 69
2215872 0 42
2217387 0 50
2218841 0 63
2220295 0 44
2221708 0 58
2223265 0 63
2224760 0 45
2226316 0 56
2227832 0 54
2229306 0 55
2230760 0 50
2232255 0 57
2233709 0 72
2235184 0 40
2236679 0 56
2238092 0 69
2239608 0 47
2241123 0 53
2242536 0 55
2244093 0 56
2245588 0 50
2247124 0 56
2248578 0 61
2249991 0 38
2251547 0 52
2252981 0 67
2254394 0 44
2255827 0 50
2257240 0 58
2258776 0 58
2260312 0 54
2261848 0 51
2263384 0 62
2264797 0 38
2266333 0 55
2267890 0 61
2269364 0 37
2270880 0 53
2272293 0 49
2273727 0 54
2275140 0 59
2276573 0 61
2277986 0 43
2279502 0 55
2280935 0 60
2282410 0 58
2283966 0 67
2285441 0 40
2286854 0 51
2288390 0 59
2289824 0 54
2291360 0 72
2292793 0 46
2294309 0 58
2295824 0 61
2297319 0 40
2298753 0 59
2300309 0 71
2301763 0 45
2303258 0 60
2304733 0 52
2306187 0 52
2307661 0 55
2309218 0 49
2310651 0 58
2312146 0 68
2313560 0 47
2314973 0 57
2316529 0 59
2318086 0 54
2319519 0 52
2320953 0 57
2322366 0 49
2323799 0 57
2325377 0 71
2326871 0 45
2328448 0 50
2330005 0 69
2331459 0 48
2332933 0 51
2334387 0 56
2335944 0 51
2337459 0 53
2338995 0 51
2340490 0 56
2342006 0 68
2343501 0 48
2345037 0 57
2346511 0 50
2347945 0 70
2349440 0 40
2350996 0 56
2352409 0 50
2353966 0 68
2355440 0 42
2356894 0 60
2358349 0 57
2359905 0 57
2361359 0 61
2362834 0 42
2364329 0 55
2365885 0 51
2367298 0 67
2368814 0 40
2370309 0 49
2371824 0 58
2373278 0 59
2374773 0 56
2376207 0 57
2377784 0 51
2379197 0 49
2380610 0 62
2382023 0 40
2383436 0 55
2384870 0 59
2386426 0 64
2387921 0 46
2389355 0 56
2390809 0 59
2392263 0 52
2393676 0 68
2395151 0 37
2396666 0 53
2398079 0 63
2399574 0 38
2401110 0 50
2402564 0 61
2404059 0 38
2405575 0 56
2406988 0 56
2408544 0 69
2410060 0 46
2411493 0 60
2412927 0 58
2414360 0 50
2415835 0 49
2417268 0 56
2418784 0 71
2420279 0 42
2421672 0 57
2423249 0 54
2424723 0 52
2426259 0 52
2427754 0 49
2429249 0 68
2430703 0 44
2432116 0 58
2433550 0 60
2435024 0 57
2436560 0 52
2438055 0 65
2439468 0 40
2440902 0 52
2442458 0 53
2444015 0 53
2445551 0 59
2447046 0 64
2448561 0 37
2450077 0 53
2451633 0 65
2453108 0 46
2454562 0 53
2456077 0 56
2457491 0 69
2459027 0 44
2460522 0 55
2462078 0 70
2463553 0 40
2465109 0 57
2466543 0 61
2467956 0 46
2469389 0 57
2470823 0 55
2472256 0 70
2473772 0 45
2475205 0 55
2476782 0 51
2478175 0 52
2479629 0 49
2481104 0 63
2482640 0 38
2484073 0 55
2485589 0 49
2487084 0 56
2488579 0 57
2490033 0 69
2491569 0 42
2493043 0 60
2494579 0 55
2496095 0 69
2497672 0 40
2499208 0 52
2500662 0 60
2502095 0 55
2503508 0 59
2504962 0 52
2506478 0 65
2508014 0 42
2509406 0 49
2510901 0 62
2512335 0 43
2513789 0 53
2515223 0 61
2516718 0 40
2518151 0 52
2519667 0 69
2521162 0 38
2522657 0 59
2524172 0 54
2525729 0 65
2527285 0 46
2528842 0 59
2530378 0 49
2531852 0 52
2533409 0 62
2534924 0 39
2536358 0 55
2537791 0 55
2539204 0 50
2540597 0 51
2542072 0 62
2543587 0 41
2545000 0 55
2546557 0 69
2548093 0 48
2549567 0 59
2551042 0 61
2552557 0 45
2554073 0 60
2555506 0 61
2556919 0 47
2558332 0 51
2559807 0 71
2561363 0 48
2562858 0 55
2564374 0 49
2565910 0 58
2567364 0 59
2568838 0 68
2570354 0 39
2571890 0 49
2573364 0 68
2574778 0 45
2576211 0 54
2577706 0 70
2579201 0 39
2580737 0 58
2582314 0 56
2583768 0 59
2585304 0 54
2586861 0 64
2588356 0 42
2589789 0 54
2591223 0 70
2592677 0 37
2594192 0 56
2595605 0 58
2597182 0 49
2598595 0 51
2600152 0 66
2601565 0 44
2603039 0 56
2604453 0 69
2605989 0 45
2607422 0 57
2608979 0 49
2610392 0 49
2611907 0 55
2613464 0 53
2614877 0 69
2616413 0 38
2617826 0 57
2619382 0 62
2620877 0 40
2622372 0 51
2623888 0 51
2625403 0 50
2626857 0 57
2628414 0 68
2629929 0 46
2631465 0 56
2632940 0 62
2634414 0 40
2635848 0 50
2637404 0 70
2638776 0 45
2640271 0 58
2641787 0 57
2643241 0 57
2644777 0 54
2646211 0 55
2647747 0 69
2649201 0 47
2650737 0 60
2652191 0 51
2653665 0 53
2655201 0 52
2656676 0 59
2658212 0 51
2659727 0 70
2661222 0 47
2662676 0 51
2664192 0 56
2665707 0 54
2667182 0 67
2668595 0 46
2670008 0 56
2671441 0 54
2672957 0 54
2674391 0 60
2675886 0 66
2677319 0 41
2678794 0 60
2680309 0 56
2681866 0 57
2683381 0 49
2684917 0 55
2686351 0 64
2687887 0 42
2689402 0 49
2690959 0 57
2692515 0 55
2693969 0 52
2695444 0 50
2696898 0 56
2698434 0 69
2699847 0 42
2701321 0 54
2702755 0 60
2704147 0 49
2705704 0 49
2707137 0 50
2708694 0 51
2710230 0 66
2711745 0 46
2713261 0 60
2714776 0 58
2716353 0 72
2717828 0 39
2719302 0 58
2720756 0 50
2722313 0 52
2723828 0 69
2725282 0 37
2726777 0 53
2728191 0 51
2729686 0 69
2731119 0 48
2732635 0 59
2734068 0 49
2735481 0 66
2736956 0 39
2738492 0 52
2740007 0 63
2741441 0 43
2742977 0 49
2744370 0 54
2745762 0 62
2747196 0 40
2748711 0 54
2750165 0 54
2751558 0 50
2753073 0 62
2754568 0 48
2756043 0 51
2757538 0 66
2759053 0 37
2760569 0 59
2776246 0 104
2777721 0 104
2779257 0 104
2780649 0 104
2782042 0 104
2783434 0 104
2784929 0 104
2786404 0 104
2787858 0 104
2789394 0 104
2790848 0 105
2792384 0 105
2793797 0 105
2795231 0 105
2796623 0 106
2798098 0 104
2799613 0 105
2801026 0 105
2802583 0 105
2803976 0 105
2805368 0 106
2806925 0 104
2808420 0 105
2809956 0 105
2811492 0 106
2812905 0 104
2814420 0 105
2815915 0 106
2817390 0 104
2818803 0 105
2820359 0 105
2821793 0 105
2823329 0 106
2824803 0 104
2826196 0 105
2827589 0 106
2829125 0 104
2830538 0 105
2832053 0 106
2833548 0 104
2834941 0 105
2836436 0 106
2837869 0 104
2839303 0 105
2840737 0 106
2842232 0 104
2843645 0 105
2845099 0 106
2846573 0 104
2847966 0 105
2849440 0 105
2850874 0 105
2852287 0 106
2853823 0 104
2855338 0 105
2856731 0 106
2858226 0 104
2859639 0 105
2861093 0 105
2862629 0 105
2864165 0 105
2865681 0 105
2867196 0 105
2868650 0 106
2870207 0 104
2871640 0 105
2873156 0 106
2874610 0 104
2876105 0 105
2877518 0 105
2878992 0 105
2880508 0 105
2882044 0 105
2883498 0 105
2884911 0 106
2886406 0 104
2887881 0 105
2889273 0 106
2890768 0 104
2892202 0 105
2893738 0 105
2895151 0 105
2896666 0 105
2898202 0 106
2899738 0 104
2901151 0 105
2902667 0 105
2904080 0 105
2905514 0 105
2907029 0 105
2908483 0 105
2910040 0 106
2911555 0 104
2912948 0 105
2914402 0 105
2915815 0 105
2917228 0 105
2918662 0 106
2920095 0 104
2921570 0 105
2923085 0 106
2924498 0 104
2925993 0 105
2927386 0 105
2928819 0 105
2930212 0 105
2931707 0 105
2933141 0 105
2934533 0 106
2936008 0 104
2937482 0 105
2938936 0 106
2940350 0 104
2941742 0 105
2943176 0 105
2944589 0 105
2946022 0 105
2947476 0 105
2948951 0 106
2950487 0 104
2951941 0 105
2953416 0 106
2954911 0 104
2956406 0 105
2957819 0 105
2959355 0 106
2960768 0 104
2962181 0 105
2963614 0 105
2965027 0 106
2966502 0 104
2967895 0 105
2969287 0 105
2970823 0 105
2972298 0 106
2973731 0 104
2975165 0 105
2976680 0 105
2978094 0 105
2979527 0 105
2981002 0 105
2982558 0 106
2984115 0 104
2985651 0 105
2987105 0 105
2988538 0 105
2989992 0 105
2991405 0 106
2992921 0 104
2994354 0 105
2995911 0 105
2997344 0 105
2998798 0 105
3000253 0 105
3001788 0 106
3003283 0 104
3004819 0 105
3006253 0 105
3007666 0 105
3009100 0 105
3010615 0 105
3012172 0 105
3013626 0 106
3015059 0 104
3016513 0 105
3017947 0 105
3019381 0 105
3020814 0 106
3022248 0 104
3023661 0 105
3025135 0 105
3026528 0 105
3028043 0 105
3029477 0 105
3030931 0 106
3032467 0 104
3033962 0 105
3035437 0 105
3036932 0 105
3038427 0 106
3039881 0 104
3041376 0 105
3042809 0 105
3044243 0 105
3045635 0 106
3047192 0 104
3048584 0 105
3050059 0 105
3051554 0 105
3052967 0 105
3054442 0 105
3055896 0 105
3057350 0 106
3058865 0 104
3060258 0 105
3061691 0 105
3063125 0 106
3064579 0 104
3066095 0 105
3067651 0 105
3069064 0 105
3070457 0 105
3071870 0 105
3073426 0 106
3074962 0 104
3076478 0 105
3077973 0 105
3079468 0 105
3080922 0 105
3082458 0 106
3083973 0 104
3085530 0 105
3086984 0 106
3088479 0 104
3089912 0 105
3091387 0 105
3092800 0 105
3094275 0 105
3095770 0 105
3097203 0 105
3098657 0 106
3100091 0 104
3101504 0 105
3103040 0 106
3104494 0 104
3106030 0 105
3107586 0 105
3109102 0 105
3110556 0 105
3112030 0 105
3113546 0 106
3115020 0 104
3116454 0 105
3117929 0 105
3119383 0 105
3120857 0 106
3122352 0 104
3123806 0 105
3125240 0 105
3126735 0 106
3128189 0 104
3129725 0 105
3131240 0 106
3132715 0 104
3134251 0 105
3135766 0 106
3137261 0 104
3138756 0 105
3140251 0 106
3141808 0 104
3143364 0 105
3144900 0 106
3146334 0 104
3147849 0 105
3149262 0 105
3150717 0 106
3152212 0 104
3153727 0 105
3155243 0 105
3156799 0 105
3158335 0 105
3159728 0 106
3161202 0 104
3162595 0 105
3164110 0 105
3165544 0 105
3167018 0 105
3168575 0 105
3170029 0 105
3171483 0 106
3172937 0 104
3174330 0 105
3175825 0 105
3177299 0 105
3178794 0 106
3180207 0 104
3181702 0 105
3183177 0 105
3184651 0 105
3186105 0 106
3187518 0 104
3188993 0 105
3190468 0 105
3192003 0 105
3193539 0 106
3194994 0 104
3196509 0 105
3197963 0 105
3199376 0 106
3200789 0 104
3202346 0 105
3203882 0 106
3205397 0 104
3206851 0 105
3208264 0 106
3209739 0 104
3211234 0 105
3212770 0 106
3214203 0 104
3215617 0 105
3217071 0 105
3218627 0 105
3220163 0 105
3221576 0 105
3223112 0 105
3224648 0 105
3226123 0 106
3227556 0 104
3228990 0 105
3230403 0 105
3231836 0 106
3233331 0 104
3234847 0 105
3236280 0 105
3237755 0 105
3239271 0 105
3240704 0 106
3242179 0 104
3243694 0 105
3245230 0 105
3246725 0 105
3248220 0 106
3249654 0 104
3251128 0 105
3252644 0 105
3254118 0 106
3255675 0 104
3257170 0 105
3258665 0 106
3260098 0 104
3261573 0 105
3263047 0 106
3264460 0 104
3265976 0 105
3267512 0 106
3269068 0 104
3270604 0 105
3272140 0 105
3273574 0 105
3275048 0 105
3276482 0 106
3277936 0 104
3279390 0 105
3280926 0 106
3282360 0 104
3283793 0 105
3285247 0 105
3286804 0 106
3288278 0 104
3289732 0 105
3291248 0 106
3292681 0 104
3294197 0 105
3295733 0 106
3297167 0 104
3298600 0 105
3300075 0 105
3301488 0 106
3303044 0 104
3304539 0 105
3305993 0 105
3307447 0 105
3308860 0 105
3310273 0 105
3311728 0 105
3313182 0 106
3314697 0 104
3316213 0 105
3317708 0 105
3319141 0 105
3320636 0 105
3322131 0 105
3323667 0 105
3325183 0 106
3326719 0 104
3328275 0 105
3329811 0 106
3331245 0 104
3332740 0 105
3334214 0 105
3335730 0 106
3337143 0 104
3338617 0 105
3340071 0 105
3341607 0 105
3343164 0 105
3344556 0 106
3346113 0 104
3347567 0 105
3349103 0 105
3350536 0 105
3351970 0 105
3353445 0 105
3354899 0 106
3356373 0 104
3357848 0 105
3359281 0 105
3360797 0 106
3362251 0 104
3363684 0 105
3365118 0 105
3366674 0 105
3368231 0 105
3369767 0 105
3371241 0 105
3372716 0 106
3374252 0 104
3375808 0 105
3377221 0 106
3378778 0 104
3380273 0 105
3381747 0 105
3383161 0 106
3384635 0 104
3386048 0 105
3387502 0 106
3389018 0 104
3390472 0 105
3392008 0 106
3393421 0 104
3394936 0 105
3396431 0 105
3397947 0 105
3399401 0 105
3400957 0 105
3402391 0 106
3403784 0 104
3405258 0 105
3406712 0 105
3408166 0 105
3409559 0 105
3410951 0 106
3412487 0 104
3413982 0 105
3415396 0 105
3416829 0 105
3418242 0 106
3419676 0 104
3421089 0 105
3422522 0 106
3423936 0 104
3425472 0 105
3426864 0 105
3428298 0 105
3429793 0 105
3431288 0 105
3432762 0 105
3434237 0 105
3435752 0 106
3437186 0 104
3438681 0 105
3440176 0 106
3441671 0 104
3443166 0 105
3444600 0 106
3446013 0 104
3447508 0 105
3448962 0 105
3450477 0 105
3451972 0 105
3453447 0 105
3454880 0 106
3456437 0 104
3457850 0 105
3459263 0 106
3460778 0 104
3462294 0 105
3463728 0 105
3465182 0 105
3466697 0 105
3468151 0 105
3469626 0 105
3471100 0 106
3472636 0 104
3474111 0 105
3475524 0 105
3477039 0 105
3478473 0 105
3479906 0 106
3481381 0 104
3482835 0 105
3484248 0 105
3485641 0 105
3487033 0 105
3488446 0 106
3489860 0 104
3491293 0 105
3492809 0 106
3494222 0 104
3495676 0 105
3497109 0 106
3498604 0 104
3500099 0 105
3501512 0 105
3502987 0 105
3504400 0 105
3505834 0 105
3507267 0 106
3508824 0 104
3510319 0 105
3511711 0 106
3513227 0 104
3514742 0 105
3516196 0 105
3517671 0 106
3519084 0 104
3520640 0 105
3522115 0 105
3523590 0 106
3525126 0 104
3526641 0 105
3528116 0 106
3529529 0 104
3530983 0 105
3532519 0 105
3533973 0 105
3535386 0 105
3536881 0 105
3538437 0 105
3539830 0 106
3541263 0 104
3542799 0 105
3544213 0 105
3545708 0 105
3547244 0 105
3548657 0 106
3550090 0 104
3551626 0 105
3553060 0 105
3554514 0 106
3555947 0 104
3557422 0 105
3558917 0 105
3560371 0 105
3561846 0 105
3563402 0 106
3564958 0 104
3566474 0 105
3567908 0 105
3569423 0 105
3570959 0 105
3572454 0 105
3573969 0 106
3575424 0 104
3576816 0 105
3578229 0 105
3579683 0 105
3581137 0 106
3582591 0 104
3584025 0 105
3585418 0 105
3586872 0 106
3588387 0 104
3589862 0 105
3591316 0 105
3592749 0 105
3594224 0 105
3595698 0 105
3597132 0 106
3598668 0 104
3600204 0 105
3601678 0 106
3603194 0 104
3604668 0 105
3606061 0 105
3607536 0 105
3609010 0 105
3610444 0 105
3611836 0 106
3613393 0 104
3614888 0 105
3616342 0 105
3617775 0 105
3619250 0 105
3620704 0 105
3622158 0 106
3623715 0 104
3625128 0 105
3626623 0 105
3628036 0 105
3629551 0 105
3630944 0 106
3632398 0 104
3633872 0 105
3635388 0 105
3636781 0 105
3638317 0 105
3639832 0 105
3641368 0 106
3642924 0 104
3644420 0 105
3645894 0 105
3647287 0 106
3648720 0 104
3650113 0 105
3651587 0 105
3653021 0 105
3654414 0 105
3655950 0 105
3657363 0 105
3658878 0 106
3660312 0 104
3661786 0 105
3663322 0 106
3664817 0 104
3666292 0 105
3667766 0 105
3669282 0 105
3670695 0 105
3672169 0 105
