36207 0 4
37722 0 8
39156 0 9
40712 0 1
42105 0 3
43518 0 4
44951 0 9
46446 0 5
47839 0 11
49375 0 7
50911 0 15
52344 0 14
53880 0 24
55294 0 21
56707 0 21
58243 0 26
59656 0 11
61171 0 13
62687 0 24
64120 0 21
65595 0 16
67028 0 29
68421 0 6
69957 0 16
71472 0 31
72988 0 9
74442 0 24
75958 0 23
77493 0 13
78927 0 28
80443 0 6
81958 0 13
83371 0 19
84887 0 14
86402 0 30
87877 0 12
89351 0 18
90867 0 30
92341 0 2
93857 0 18
95413 0 32
96867 0 11
98342 0 23
99755 0 15
101250 0 16
102786 0 28
104240 0 2
105612 0 23
107148 0 32
108602 0 6
110097 0 15
111531 0 35
113067 0 7
114623 0 21
116098 0 33
117531 0 7
118965 0 21
120398 0 17
121914 0 26
123388 0 5
124883 0 19
126317 0 34
127771 0 11
129225 0 15
130659 0 19
132195 0 22
133751 0 22
135164 0 26
136618 0 6
138031 0 16
139424 0 18
140980 0 21
142455 0 21
143909 0 22
145384 0 20
146858 0 30
148333 0 3
149787 0 15
151241 0 24
152777 0 19
154292 0 15
155767 0 20
157303 0 15
158695 0 29
160190 0 4
161603 0 24
163037 0 34
164430 0 12
165966 0 24
167502 0 14
168915 0 13
170369 0 22
171884 0 36
173318 0 10
174772 0 15
176246 0 20
177721 0 19
179257 0 23
180649 0 26
182042 0 11
183599 0 23
184991 0 20
186568 0 13
188043 0 15
189456 0 15
190869 0 27
192282 0 1
193715 0 19
195231 0 32
196644 0 6
198098 0 21
199511 0 26
200924 0 11
202337 0 14
203812 0 20
205307 0 21
206843 0 16
208276 0 15
209731 0 15
211205 0 25
212782 0 8
214236 0 20
215772 0 36
217267 0 7
218824 0 14
220257 0 32
221670 0 5
223104 0 22
224558 0 29
225971 0 12
227425 0 19
228961 0 24
230435 0 14
231890 0 29
233303 0 5
234757 0 17
236231 0 14
237726 0 23
239262 0 32
240737 0 5
242211 0 21
243686 0 20
245242 0 13
246737 0 24
248253 0 18
249666 0 31
251161 0 2
252615 0 13
254130 0 14
255564 0 19
257018 0 21
258513 0 16
259967 0 13
261421 0 18
262978 0 31
264473 0 3
266009 0 21
267463 0 36
268917 0 10
270350 0 20
271866 0 14
273340 0 22
274815 0 27
276310 0 8
277764 0 19
279259 0 35
280795 0 5
282269 0 23
283785 0 20
285259 0 19
286816 0 18
288250 0 13
289745 0 23
291158 0 36
292673 0 2
294148 0 19
295581 0 29
297076 0 3
298530 0 14
299923 0 19
301397 0 14
302770 0 17
304244 0 34
305739 0 12
307255 0 18
308750 0 13
310265 0 31
311719 0 7
313296 0 16
314791 0 16
316286 0 26
317658 0 5
319092 0 22
320648 0 23
322123 0 24
323536 0 30
324970 0 1
326362 0 17
327837 0 29
329352 0 4
330765 0 18
332260 0 13
333755 0 14
335271 0 17
336745 0 16
338158 0 24
339551 0 16
340923 0 30
342377 0 9
343811 0 23
345285 0 25
346842 0 10
348357 0 20
349832 0 19
351327 0 23
352822 0 31
354296 0 12
355832 0 17
357368 0 14
358863 0 15
360338 0 24
361833 0 21
363348 0 27
364823 0 7
366359 0 18
367895 0 15
369328 0 17
370823 0 15
372216 0 28
373609 0 9
375145 0 14
376640 0 15
378196 0 13
379712 0 26
381125 0 1
382599 0 23
384156 0 22
385651 0 23
387064 0 24
388518 0 15
389951 0 14
391385 0 36
392901 0 1
394396 0 16
395809 0 20
397365 0 22
398840 0 15
400294 0 19
401707 0 24
403181 0 14
404615 0 26
406130 0 11
407666 0 18
409202 0 19
410718 0 21
412274 0 33
413810 0 1
415305 0 16
416800 0 16
418316 0 20
419852 0 32
421326 0 1
422862 0 14
424398 0 29
425811 0 6
427286 0 23
428801 0 15
430255 0 29
431709 0 9
433184 0 15
434720 0 25
436256 0 3
437730 0 17
439185 0 14
440720 0 33
442154 0 8
443629 0 21
445144 0 21
446598 0 17
447991 0 19
449465 0 18
450899 0 23
452414 0 30
453807 0 12
455343 0 19
456920 0 36
458415 0 3
459828 0 14
461303 0 25
462859 0 9
464293 0 19
465767 0 17
467180 0 16
468634 0 14
470170 0 15
471665 0 33
473140 0 6
474635 0 14
476171 0 15
477686 0 14
479202 0 13
480594 0 17
482007 0 29
483482 0 5
484977 0 20
486452 0 36
488008 0 6
489483 0 16
490978 0 33
492514 0 3
494029 0 19
495483 0 13
496896 0 19
498412 0 17
499825 0 17
501320 0 22
502774 0 32
504248 0 3
505743 0 23
507197 0 20
508692 0 27
510106 0 9
511642 0 20
513137 0 29
514550 0 8
516086 0 17
517499 0 17
519035 0 20
520591 0 18
522127 0 22
523643 0 28
525158 0 8
526674 0 21
528230 0 32
529766 0 10
531220 0 21
532654 0 24
534149 0 22
535644 0 21
537077 0 14
538552 0 32
540006 0 7
541460 0 24
542955 0 34
544450 0 10
545965 0 20
547563 0 17
548996 0 14
550409 0 20
551925 0 23
553441 0 34
554895 0 6
556410 0 21
557966 0 21
559400 0 35
560895 0 11
562370 0 19
563783 0 26
565257 0 9
566732 0 13
568186 0 23
569640 0 18
571135 0 21
572691 0 33
574207 0 8
575784 0 16
577299 0 14
578794 0 15
580269 0 21
581825 0 18
583382 0 13
584877 0 22
586372 0 33
587826 0 8
589321 0 23
590836 0 35
592270 0 6
593724 0 23
595219 0 19
596775 0 14
598229 0 24
599684 0 15
601219 0 16
602735 0 35
604210 0 12
605705 0 13
607240 0 33
608736 0 4
610169 0 18
611685 0 27
613221 0 10
614675 0 18
616252 0 19
617747 0 32
619283 0 9
620818 0 13
622211 0 34
623645 0 1
625037 0 21
626614 0 21
628089 0 23
629563 0 15
631017 0 34
632553 0 3
634048 0 15
635543 0 32
637059 0 2
638472 0 19
640028 0 32
641523 0 9
643080 0 19
644616 0 21
646193 0 22
647647 0 28
649121 0 7
650637 0 13
652132 0 19
653647 0 23
655060 0 23
656474 0 35
657928 0 7
659382 0 20
660897 0 14
662351 0 30
663785 0 4
665300 0 13
666734 0 35
668147 0 8
669642 0 20
671157 0 20
672632 0 14
674107 0 24
675540 0 23
676994 0 35
678428 0 5
679861 0 15
681254 0 14
682749 0 17
684203 0 14
685719 0 24
687193 0 30
688586 0 10
690040 0 21
691576 0 20
693091 0 22
694545 0 28
695979 0 8
697433 0 15
698969 0 27
700423 0 10
701918 0 13
703372 0 14
704847 0 13
706239 0 20
707755 0 28
709270 0 8
710745 0 24
712281 0 26
713673 0 7
715189 0 17
716581 0 34
717953 0 11
719448 0 16
720862 0 30
722316 0 8
723770 0 17
725306 0 21
726780 0 17
728234 0 24
729688 0 33
731122 0 6
732596 0 21
734071 0 16
735566 0 22
737102 0 14
738536 0 19
740010 0 24
741423 0 34
742898 0 12
744290 0 19
745826 0 14
747342 0 35
748857 0 3
750352 0 21
751786 0 14
753178 0 13
754592 0 18
756168 0 18
757664 0 21
759220 0 13
760715 0 36
762190 0 8
763746 0 14
765221 0 23
766736 0 35
768292 0 8
769747 0 24
771262 0 13
772798 0 18
774252 0 18
775665 0 31
777201 0 3
778737 0 21
780273 0 17
781727 0 19
783284 0 17
784758 0 23
786274 0 33
787707 0 12
789202 0 16
790677 0 16
792131 0 17
793646 0 35
795162 0 11
796595 0 21
798152 0 35
799708 0 12
801121 0 20
802678 0 21
804111 0 21
805586 0 18
807019 0 20
808494 0 34
809948 0 4
811320 0 15
812795 0 22
814249 0 18
815805 0 20
817300 0 13
818775 0 24
820249 0 35
821662 0 8
823116 0 14
824652 0 32
826045 0 7
827499 0 21
828974 0 17
830469 0 24
831882 0 36
833397 0 1
834810 0 24
836264 0 20
837800 0 21
839316 0 24
840770 0 16
842265 0 31
843678 0 5
845234 0 18
846668 0 17
848184 0 22
849760 0 19
851235 0 23
852669 0 29
854061 0 8
855536 0 17
856928 0 16
858423 0 20
859959 0 28
861413 0 11
862929 0 21
864403 0 14
865817 0 17
867230 0 23
868786 0 13
870220 0 27
871715 0 11
873148 0 19
874582 0 28
875995 0 8
877572 0 20
879149 0 20
880603 0 23
882098 0 21
883613 0 18
885088 0 29
886501 0 5
887894 0 20
889430 0 20
890966 0 34
892399 0 11
893894 0 13
895410 0 29
896823 0 8
898420 0 19
899977 0 23
901431 0 35
902967 0 5
904482 0 24
905977 0 18
907472 0 23
908988 0 22
910565 0 23
912060 0 15
913493 0 20
915070 0 34
916565 0 3
918019 0 14
919494 0 26
920866 0 7
922340 0 21
923835 0 23
925351 0 27
926887 0 3
928423 0 24
929897 0 18
931413 0 16
932908 0 29
934423 0 4
935898 0 21
937475 0 22
958848 0 101
960302 0 101
961736 0 101
963251 0 101
964726 0 101
966118 0 101
967572 0 101
969006 0 101
970542 0 101
971996 0 101
973532 0 102
974965 0 102
976501 0 103
977955 0 101
979450 0 102
981007 0 102
982481 0 102
983976 0 102
985369 0 102
986844 0 102
988236 0 103
989772 0 101
991247 0 102
992762 0 102
994155 0 102
995568 0 102
997083 0 102
998619 0 102
1000053 0 102
1001548 0 103
1003043 0 101
1004477 0 102
1005972 0 102
1007446 0 103
1008941 0 101
1010395 0 102
1011890 0 102
1013324 0 102
1014880 0 103
1016293 0 101
1017727 0 102
1019263 0 102
1020758 0 102
1022253 0 102
1023748 0 102
1025222 0 103
1026677 0 101
1028110 0 102
1029544 0 102
1031080 0 102
1032575 0 102
1034111 0 102
1035585 0 102
1037060 0 103
1038616 0 101
1040111 0 102
1041627 0 103
1043122 0 101
1044576 0 102
1045968 0 102
1047381 0 103
1048938 0 101
1050351 0 102
1051805 0 102
1053321 0 102
1054836 0 102
1056249 0 102
1057662 0 103
1059137 0 101
1060611 0 102
1062024 0 102
1063437 0 102
1064933 0 103
1066448 0 101
1067923 0 102
1069356 0 102
1070872 0 102
1072346 0 102
1073862 0 102
1075254 0 103
1076749 0 101
1078183 0 102
1079698 0 103
1081234 0 101
1082688 0 102
1084224 0 102
1085678 0 102
1087132 0 102
1088566 0 102
1090082 0 103
1091515 0 101
1092990 0 102
1094526 0 102
1096062 0 102
1097495 0 102
1098990 0 102
1100444 0 103
1101898 0 101
1103434 0 102
1104868 0 103
1106424 0 101
1107919 0 102
1109394 0 102
1110889 0 102
1112322 0 102
1113776 0 102
1115251 0 102
1116746 0 103
1118282 0 101
1119736 0 102
1121170 0 102
1122706 0 102
1124201 0 102
1125696 0 102
1127129 0 103
1128645 0 101
1130160 0 102
1131614 0 103
1133109 0 101
1134604 0 102
1136058 0 102
1137574 0 102
1139007 0 102
1140523 0 103
1141997 0 101
1143492 0 102
1144967 0 102
1146441 0 102
1147896 0 102
1149350 0 103
1150886 0 101
1152422 0 102
1153835 0 102
1155268 0 102
1156661 0 102
1158053 0 102
1159569 0 102
1161043 0 103
1162477 0 101
1163870 0 102
1165406 0 103
1166880 0 101
1168355 0 102
1169829 0 102
1171365 0 102
1172881 0 102
1174355 0 103
1175809 0 101
1177284 0 102
1178697 0 102
1180151 0 102
1181605 0 102
1183039 0 102
1184554 0 103
1186049 0 101
1187503 0 102
1188998 0 103
1190473 0 101
1191947 0 102
1193463 0 103
1194937 0 101
1196330 0 102
1197804 0 102
1199259 0 102
1200672 0 103
1202085 0 101
1203477 0 102
1204931 0 103
1206488 0 101
1207983 0 102
1209375 0 102
1210850 0 102
1212263 0 102
1213676 0 102
1215069 0 102
1216482 0 103
1217956 0 101
1219410 0 102
1220946 0 102
1222441 0 102
1223957 0 102
1225452 0 103
1226865 0 101
1228278 0 102
1229671 0 102
1231063 0 102
1232517 0 103
1234074 0 101
1235507 0 102
1236982 0 102
1238395 0 102
1239788 0 102
1241180 0 103
1242675 0 101
1244068 0 102
1245522 0 102
1246997 0 103
1248533 0 101
1250069 0 102
1251461 0 103
1252956 0 101
1254410 0 102
1255864 0 103
1257298 0 101
1258834 0 102
1260329 0 103
1261803 0 101
1263237 0 102
1264691 0 102
1266084 0 103
1267599 0 101
1269135 0 102
1270589 0 102
1272043 0 102
1273559 0 103
1275074 0 101
1276528 0 102
1278064 0 103
1279559 0 101
1280952 0 102
1282488 0 102
1283880 0 102
1285396 0 102
1286850 0 102
1288345 0 103
1289840 0 101
1291335 0 102
1292850 0 102
1294284 0 103
1295718 0 101
1297151 0 102
1298687 0 102
1300100 0 102
1301513 0 103
1303029 0 101
1304421 0 102
1305876 0 102
1307412 0 102
1308927 0 102
1310443 0 102
1311835 0 103
1313330 0 101
1314784 0 102
1316320 0 102
1317836 0 102
1319269 0 102
1320785 0 103
1322321 0 101
1323775 0 102
1325208 0 102
1326662 0 102
1328219 0 102
1329755 0 103
1331209 0 101
1332745 0 102
1334240 0 103
1335694 0 101
1337127 0 102
1338623 0 102
1340077 0 103
1341551 0 101
1342985 0 102
1344439 0 102
1345831 0 102
1347326 0 102
1348719 0 102
1350234 0 103
1351689 0 101
1353102 0 102
1354556 0 103
1355969 0 101
1357402 0 102
1358918 0 103
1360433 0 101
1361949 0 102
1363362 0 103
1364918 0 101
1366393 0 102
1367888 0 102
1369362 0 102
1370898 0 103
1372312 0 101
1373868 0 102
1375383 0 103
1376940 0 101
1378476 0 102
1379889 0 103
1381384 0 101
1382777 0 102
1384231 0 102
1385685 0 102
1387139 0 102
1388552 0 103
1390067 0 101
1391603 0 102
1393139 0 102
1394634 0 102
1396150 0 102
1397645 0 103
1399222 0 101
1400614 0 102
1402150 0 102
1403686 0 102
1405161 0 102
1406676 0 103
1408253 0 101
1409769 0 102
1411182 0 103
1412636 0 101
1414049 0 102
1415442 0 103
1416875 0 101
1418391 0 102
1419927 0 102
1421360 0 102
1422855 0 102
1424268 0 103
1425784 0 101
1427238 0 102
1428692 0 102
1430105 0 102
1431539 0 102
1432993 0 102
1434406 0 102
1435798 0 102
1437232 0 103
1438727 0 101
1440161 0 102
1441676 0 102
1443192 0 103
1444687 0 101
1446120 0 102
1447595 0 102
1449008 0 102
1450482 0 102
1451957 0 102
1453370 0 102
1454824 0 103
1456299 0 101
1457753 0 102
1459207 0 102
1460743 0 102
1462238 0 102
1463671 0 102
1465207 0 103
1466743 0 101
1468197 0 102
1469733 0 102
1471146 0 102
1472621 0 102
1474095 0 102
1475488 0 102
1476901 0 103
1478478 0 101
1479973 0 102
1481427 0 103
1482922 0 101
1484417 0 102
1485974 0 103
1487387 0 101
1488800 0 102
1490315 0 102
1491851 0 103
1493326 0 101
1494718 0 102
1496172 0 102
1497667 0 103
1499101 0 101
1500596 0 102
1501989 0 102
1503463 0 102
1504938 0 102
1506351 0 103
1507825 0 101
1509361 0 102
1510795 0 102
1512269 0 102
1513723 0 103
1515259 0 101
1516652 0 102
1518127 0 102
1519519 0 102
1520973 0 102
1522489 0 102
1523902 0 102
1525397 0 103
1526851 0 101
1528326 0 102
1529800 0 102
1531275 0 102
1532831 0 103
1534387 0 101
1535801 0 102
1537193 0 103
1538688 0 101
1540183 0 102
1541719 0 102
1543132 0 102
1544607 0 103
1546122 0 101
1547515 0 102
1548969 0 102
1550362 0 102
1551836 0 102
1553290 0 103
1554785 0 101
1556239 0 102
1557632 0 103
1559065 0 101
1560540 0 102
1561953 0 103
1563366 0 101
1564779 0 102
1566213 0 102
1567687 0 102
1569162 0 102
1570677 0 102
1572172 0 103
1573688 0 101
1575183 0 102
1576678 0 102
1578091 0 103
1579648 0 101
1581081 0 102
1582576 0 102
1584071 0 103
1585628 0 101
1587061 0 102
1588556 0 103
1590072 0 101
1591567 0 102
1592959 0 102
1594475 0 102
1595867 0 102
1597342 0 102
1598837 0 102
1600373 0 103
1601909 0 101
1603445 0 102
1604960 0 102
1606496 0 102
1608032 0 102
1609486 0 103
1611063 0 101
1612599 0 102
1614074 0 102
1615466 0 102
1616961 0 103
1618436 0 101
1619951 0 102
1621487 0 103
1622901 0 101
1624375 0 102
1625788 0 102
1627242 0 102
1628737 0 103
1630232 0 101
1631666 0 102
1633181 0 102
1634594 0 103
1636069 0 101
1637482 0 102
1638875 0 102
1640390 0 102
1641803 0 103
1643298 0 101
1644773 0 102
1646186 0 102
1647660 0 102
1649196 0 103
1650753 0 101
1652268 0 102
1653681 0 102
1655217 0 102
1656630 0 102
1658126 0 102
1659661 0 102
1661095 0 103
1662570 0 101
1663962 0 102
1665457 0 102
1666952 0 102
1668365 0 102
1669860 0 103
1671376 0 101
1672789 0 102
1674305 0 102
1675840 0 102
1677376 0 102
1678769 0 103
1680284 0 101
1681677 0 102
1683090 0 102
1684503 0 102
1686019 0 102
1687514 0 103
1688988 0 101
1690504 0 102
1692040 0 102
1693514 0 102
1694968 0 103
1696525 0 101
1697938 0 102
1699433 0 102
1700907 0 102
1702382 0 102
1703775 0 103
1705290 0 101
1706785 0 102
1708198 0 103
1709652 0 101
1711086 0 102
1712622 0 102
1714137 0 103
1715550 0 101
1716964 0 102
1718377 0 103
1719810 0 101
1721346 0 102
1722841 0 102
1724377 0 103
1725852 0 101
1727388 0 102
1728801 0 102
1730337 0 102
1731811 0 103
1733265 0 101
1734781 0 102
1736296 0 102
1737709 0 102
1739184 0 103
1740740 0 101
1742194 0 102
1743648 0 102
1745144 0 102
1746639 0 102
1748154 0 102
1749649 0 103
1751144 0 101
1752557 0 102
1754011 0 102
1755486 0 103
1756899 0 101
1758373 0 102
1759807 0 102
1761343 0 103
1762797 0 101
1764271 0 102
1765664 0 103
1767159 0 101
1768675 0 102
1770088 0 103
1771603 0 101
1773078 0 102
1774491 0 103
1775945 0 101
1777378 0 102
1778833 0 103
1780369 0 101
1781823 0 102
1783338 0 102
1784833 0 102
1786349 0 102
1787823 0 102
1789298 0 102
1790752 0 103
1792206 0 101
1793598 0 102
1795052 0 103
1796547 0 101
1798022 0 102
1799537 0 102
1801012 0 102
1802487 0 102
1804043 0 103
1805579 0 101
1807053 0 102
1808446 0 103
1809900 0 101
1811395 0 102
1812788 0 103
1814201 0 101
1815716 0 102
1817232 0 103
1818727 0 101
1820283 0 102
1821819 0 102
1823253 0 102
1824768 0 102
1826243 0 102
1827738 0 102
1829192 0 103
1830667 0 101
1832162 0 102
1833616 0 102
1835111 0 103
1836585 0 101
1837978 0 102
1839391 0 102
1840804 0 103
1842217 0 101
1843774 0 102
1845309 0 102
1846825 0 103
1848300 0 101
1849774 0 102
1851249 0 102
1852723 0 102
1854116 0 102
1855590 0 102
2038933 0 46
2040510 0 42
2041903 0 47
2043377 0 48
2044790 0 46
2046326 0 45
2047801 0 38
2049296 0 47
2050791 0 45
2052347 0 45
2053904 0 50
2055337 0 56
2056771 0 67
2058307 0 42
2059843 0 57
2061358 0 70
2062813 0 47
2064308 0 54
2065721 0 56
2067216 0 55
2068731 0 71
2070185 0 44
2071598 0 54
2073093 0 52
2074547 0 65
2076063 0 38
2077476 0 60
2078991 0 59
2080527 0 59
2081961 0 50
2083436 0 60
2084890 0 53
2086405 0 70
2087839 0 41
2089313 0 54
2090767 0 70
2092242 0 39
2093675 0 59
2095170 0 71
2096584 0 47
2098038 0 54
2099594 0 59
2101109 0 71
2102543 0 48
2103956 0 50
2105492 0 63
2107028 0 41
2108462 0 49
2109998 0 60
2111554 0 52
2112988 0 58
2114462 0 58
2115957 0 51
2117473 0 68
2119009 0 48
2120545 0 49
2122081 0 68
2123596 0 44
2125050 0 54
2126484 0 58
2127917 0 49
2129371 0 57
2130907 0 52
2132402 0 69
2133959 0 44
2135454 0 60
2136887 0 62
2138362 0 45
2139836 0 54
2141372 0 58
2142929 0 50
2144465 0 56
2145980 0 49
2147537 0 70
2148909 0 37
2150384 0 55
2151940 0 49
2153353 0 60
2154889 0 50
2156302 0 54
2157695 0 60
2159149 0 71
2160664 0 48
2162221 0 58
2163777 0 72
2165313 0 39
2166726 0 57
2168283 0 58
2169860 0 55
2171334 0 50
2172829 0 56
2174386 0 55
2175840 0 70
2177294 0 38
2178768 0 59
2180243 0 58
2181738 0 57
2183192 0 55
2184769 0 63
2186202 0 39
2187656 0 57
2189172 0 62
2190688 0 45
2192142 0 53
2193677 0 51
2195132 0 69
2196627 0 41
2198060 0 51
2199596 0 59
2201050 0 57
2202627 0 67
2204143 0 45
2205658 0 54
2207174 0 50
2208689 0 52
2210246 0 59
2211700 0 50
2213236 0 59
2214751 0 58
2216267 0 65
2217823 0 43
2219338 0 60
2220772 0 61
2222267 0 47
2223824 0 56
2225278 0 60
2226752 0 57
2228247 0 59
2229763 0 55
2231258 0 72
2232773 0 43
2234268 0 56
2235763 0 56
2237279 0 64
2238753 0 48
2240228 0 49
2241743 0 56
2243197 0 58
2244672 0 72
2246167 0 46
2247600 0 49
2249075 0 55
2250611 0 58
2252167 0 49
2253662 0 55
2255116 0 50
2256611 0 71
2258065 0 40
2259622 0 49
2261035 0 52
2262551 0 55
2263964 0 49
2265418 0 51
2266892 0 68
2268346 0 47
2269800 0 57
2271254 0 62
2272749 0 47
2274244 0 60
2275780 0 69
2277316 0 43
2278750 0 56
2280245 0 53
2281719 0 53
2283153 0 58
2284669 0 49
2286143 0 64
2287638 0 42
2289133 0 56
2290628 0 51
2292123 0 53
2293618 0 60
2295093 0 67
2296547 0 37
2297980 0 49
2299393 0 72
2300888 0 44
2302383 0 60
2303858 0 55
2305292 0 50
2306787 0 52
2308261 0 62
2309756 0 37
2311169 0 55
2312664 0 56
2314098 0 69
2315511 0 48
2316944 0 53
2318480 0 58
2320016 0 62
2321552 0 37
2323006 0 56
2324420 0 57
2325956 0 50
2327430 0 69
2328905 0 45
2330400 0 49
2331854 0 52
2333267 0 58
2334700 0 66
2336257 0 47
2337752 0 52
2339206 0 66
2340742 0 48
2342175 0 60
2343650 0 50
2345063 0 50
2346517 0 55
2347951 0 55
2349507 0 57
2350961 0 67
2352415 0 42
2353910 0 58
2355385 0 63
2356941 0 37
2358354 0 60
2359849 0 60
2361303 0 62
2362798 0 43
2364355 0 50
2365788 0 52
2367345 0 61
2368737 0 39
2370212 0 59
2371768 0 60
2373182 0 49
2374738 0 71
2376254 0 42
2377728 0 59
2379264 0 68
2380698 0 44
2382090 0 55
2383606 0 55
2385019 0 53
2386432 0 69
2387927 0 45
2389401 0 53
2390876 0 53
2392412 0 57
2393886 0 59
2395320 0 57
2396754 0 64
2398228 0 44
2399723 0 53
2401239 0 51
2402713 0 61
2404208 0 48
2405683 0 58
2407260 0 52
2408714 0 54
2410147 0 52
2411622 0 66
2413035 0 37
2414509 0 56
2416005 0 57
2417581 0 49
2418974 0 58
2420490 0 53
2422046 0 69
2423480 0 48
2424975 0 60
2426490 0 51
2428006 0 59
2429521 0 56
2430996 0 60
2432491 0 51
2434027 0 72
2435563 0 38
2437078 0 55
2438512 0 63
2440027 0 44
2441563 0 52
2442976 0 54
2444471 0 60
2445884 0 52
2447400 0 58
2448874 0 62
2450390 0 39
2451946 0 51
2453482 0 54
2454998 0 57
2456411 0 60
2457926 0 50
2459380 0 55
2460875 0 51
2462329 0 71
2463824 0 37
2465381 0 49
2466896 0 57
2468371 0 67
2469784 0 39
2471218 0 52
2472733 0 72
2474146 0 42
2475580 0 52
2477013 0 69
2478488 0 38
2480024 0 50
2481560 0 67
2483075 0 46
2484550 0 57
2486024 0 63
2487458 0 43
2488892 0 55
2490428 0 54
2491964 0 56
2493459 0 60
2494913 0 71
2496408 0 45
2497882 0 53
2499316 0 71
2500811 0 44
2502326 0 52
2503780 0 49
2505337 0 52
2506811 0 58
2508286 0 62
2509842 0 48
2511255 0 50
2512750 0 49
2514286 0 56
2515720 0 50
2517276 0 69
2518833 0 45
2520287 0 60
2521802 0 56
2523277 0 59
2524813 0 58
2526267 0 56
2527700 0 72
2529216 0 37
2530609 0 54
2532063 0 52
2533476 0 50
2534971 0 66
2536425 0 38
2537940 0 49
2539374 0 60
2540930 0 59
2542425 0 50
2543941 0 68
2545477 0 39
2546931 0 50
2548426 0 65
2549962 0 45
2551416 0 51
2552890 0 57
2554426 0 54
2555942 0 56
2557375 0 57
2558911 0 56
2560406 0 62
2561881 0 39
2563294 0 49
2564830 0 62
2566346 0 42
2567841 0 54
2569336 0 61
2570749 0 47
2572244 0 49
2573718 0 50
2575111 0 51
2576626 0 50
2578162 0 50
2579698 0 71
2581193 0 43
2582647 0 51
2584081 0 58
2585576 0 51
2587071 0 60
2588546 0 56
2590061 0 58
2591577 0 70
2593051 0 37
2594607 0 51
2596000 0 59
2597434 0 49
2598929 0 50
2600383 0 58
2601837 0 67
2603311 0 43
2604806 0 56
2606281 0 67
2607796 0 40
2609312 0 60
2610786 0 68
2612302 0 41
2613797 0 60
2615333 0 60
2616767 0 59
2618282 0 56
2619736 0 64
2621231 0 41
2622685 0 52
2624242 0 71
2625737 0 38
2627293 0 49
2628768 0 50
2630242 0 53
2631799 0 50
2633335 0 58
2634809 0 65
2636304 0 43
2637799 0 53
2639212 0 57
2640789 0 59
2642243 0 57
2643697 0 58
2645172 0 54
2646564 0 72
2647998 0 41
2649411 0 55
2650967 0 56
2652463 0 71
2653978 0 41
2655453 0 51
2656907 0 57
2658443 0 55
2659979 0 49
2661392 0 60
2662784 0 69
2664238 0 40
2665795 0 54
2667187 0 59
2668744 0 60
2670157 0 56
2671693 0 56
2673188 0 62
2674683 0 45
2676096 0 58
2677571 0 50
2679004 0 72
2680479 0 43
2681974 0 58
2683530 0 67
2684964 0 42
2686397 0 60
2687872 0 64
2689408 0 38
2690841 0 51
2692377 0 55
2693831 0 65
2695367 0 38
2696862 0 54
2698296 0 67
2699852 0 37
2701286 0 52
2702822 0 51
2704276 0 52
2705689 0 54
2707205 0 51
2708618 0 52
2710031 0 57
2711587 0 71
2713103 0 40
2714618 0 58
2716134 0 61
2717608 0 37
2719124 0 51
2720578 0 49
2722073 0 63
2723506 0 44
2724981 0 58
2726558 0 60
2728094 0 61
2729589 0 47
2731022 0 49
2732497 0 69
2733910 0 44
2735323 0 49
2736777 0 49
2738252 0 60
2739808 0 57
2741385 0 62
2742921 0 42
2744375 0 57
2745870 0 63
2747427 0 40
2748840 0 55
2750355 0 58
2751830 0 55
2753386 0 53
2754820 0 51
2756274 0 61
2757728 0 41
2759182 0 50
2760575 0 69
2762151 0 39
2763646 0 49
2765101 0 50
2766575 0 52
2768091 0 53
2769545 0 50
2771019 0 54
2772535 0 63
2774050 0 47
2775627 0 49
2777040 0 68
2778515 0 37
2780030 0 54
2781587 0 58
2783123 0 56
2784638 0 63
2786215 0 48
2787669 0 59
2789185 0 63
2790639 0 46
2792195 0 59
2793752 0 51
2795288 0 52
2796824 0 57
2798257 0 49
2799793 0 57
2801350 0 71
2802906 0 48
2804319 0 55
2805876 0 51
2807289 0 50
2808702 0 55
2810156 0 54
2811548 0 57
2812982 0 69
2814395 0 46
2815890 0 55
2817447 0 52
2818942 0 59
2820396 0 63
2821952 0 42
2823468 0 60
2824983 0 57
2826417 0 52
2827850 0 51
2829263 0 53
2830738 0 62
2832192 0 47
2833605 0 58
2835059 0 53
2836493 0 56
2837988 0 49
2839442 0 49
2840978 0 69
2842411 0 42
2843824 0 51
2845319 0 70
2846691 0 47
2848227 0 53
2849743 0 55
2851238 0 52
2852672 0 58
2854167 0 66
2855641 0 43
2857116 0 54
2858672 0 66
2860085 0 46
2861498 0 55
2862911 0 64
2864406 0 38
2865942 0 58
2867376 0 51
2868789 0 68
2870264 0 42
2871697 0 56
2873192 0 61
2874687 0 41
2876121 0 53
2877636 0 69
2879152 0 45
2880647 0 55
2882101 0 49
2883575 0 61
2885029 0 38
2886442 0 56
2887856 0 56
2889330 0 56
2890805 0 54
2892279 0 61
2893795 0 45
2895331 0 51
2896887 0 71
2898300 0 48
2899754 0 49
2901208 0 62
2902621 0 41
2904137 0 50
2905550 0 64
2907024 0 48
2908479 0 53
2909892 0 57
2911448 0 51
2912964 0 65
2914377 0 43
2915851 0 57
2917346 0 51
2918882 0 50
2920418 0 56
2921893 0 51
2923408 0 60
2924944 0 53
2926460 0 68
2927975 0 37
2929368 0 54
2930863 0 65
2932317 0 42
2933709 0 59
2935225 0 52
2936761 0 49
2938215 0 58
2939751 0 57
2941287 0 53
2942802 0 57
2959082 0 104
2960474 0 104
2961969 0 104
2963505 0 104
2964980 0 104
2966475 0 104
2967949 0 104
2969465 0 104
2970960 0 104
2972435 0 104
2973868 0 105
2975302 0 105
2976715 0 105
2978230 0 105
2979643 0 105
2981179 0 105
2982674 0 105
2984210 0 106
2985623 0 104
2987139 0 105
2988573 0 105
2990088 0 105
2991501 0 105
2993037 0 105
2994512 0 105
2995945 0 105
2997358 0 106
2998915 0 104
3000451 0 105
3001905 0 105
3003441 0 105
3004915 0 105
3006349 0 105
3007885 0 105
3009400 0 106
3010936 0 104
3012452 0 105
3013926 0 105
3015421 0 105
3016937 0 105
3018473 0 106
3019906 0 104
3021381 0 105
3022794 0 106
3024207 0 104
3025641 0 105
3027156 0 105
3028549 0 105
3029941 0 105
3031436 0 105
3032829 0 106
3034304 0 104
3035778 0 105
3037273 0 106
3038707 0 104
3040263 0 105
3041799 0 105
3043315 0 106
3044748 0 104
3046141 0 105
3047533 0 106
3049049 0 104
3050585 0 105
3052141 0 105
3053616 0 105
3055008 0 105
3056422 0 105
3057958 0 106
3059391 0 104
3060845 0 105
3062381 0 105
3063835 0 105
3065248 0 106
3066702 0 104
3068177 0 105
3069713 0 105
3071126 0 105
3072662 0 105
3074177 0 106
3075672 0 104
3077065 0 105
3078519 0 105
3079953 0 105
3081345 0 105
3082799 0 105
3084212 0 105
3085605 0 106
3087059 0 104
3088616 0 105
3090131 0 105
3091667 0 105
3093080 0 105
3094493 0 106
3096029 0 104
3097442 0 105
3098876 0 106
3100432 0 104
3101968 0 105
3103361 0 105
3104794 0 105
3106330 0 105
3107744 0 106
3109218 0 104
3110652 0 105
3112106 0 105
3113621 0 105
3115178 0 105
3116570 0 105
3118024 0 105
3119519 0 106
3120953 0 104
3122346 0 105
3123820 0 105
3125336 0 105
3126790 0 106
3128346 0 104
3129780 0 105
3131254 0 106
3132647 0 104
3134039 0 105
3135514 0 105
3137050 0 106
3138606 0 104
3140081 0 105
3141555 0 106
3143091 0 104
3144607 0 105
3146122 0 106
3147638 0 104
3149031 0 105
3150444 0 106
3151959 0 104
3153454 0 105
3154847 0 106
3156342 0 104
3157857 0 105
3159270 0 105
3160786 0 106
3162199 0 104
3163735 0 105
3165168 0 105
3166582 0 105
3168056 0 105
3169572 0 105
3171108 0 106
3172562 0 104
3173975 0 105
3175388 0 105
3176821 0 105
3178378 0 105
3179893 0 105
3181327 0 106
3182801 0 104
3184317 0 105
3185853 0 106
3187286 0 104
3188843 0 105
3190358 0 105
3191813 0 105
3193205 0 106
3194618 0 104
3196154 0 105
3197547 0 106
3199062 0 104
3200516 0 105
3201929 0 105
3203384 0 106
3204940 0 104
3206394 0 105
3207807 0 105
3209261 0 106
3210777 0 104
3212292 0 105
3213705 0 105
3215159 0 105
3216634 0 105
3218170 0 105
3219726 0 105
3221160 0 106
3222614 0 104
3224150 0 105
3225563 0 105
3227017 0 105
3228533 0 105
3230028 0 106
3231502 0 104
3232977 0 105
3234472 0 106
3235987 0 104
3237441 0 105
3238895 0 106
3240370 0 104
3241783 0 105
3243298 0 105
3244711 0 105
3246166 0 106
3247620 0 104
3249033 0 105
3250507 0 105
3252002 0 105
3253559 0 105
3255074 0 106
3256528 0 104
3258023 0 105
3259559 0 105
3261095 0 105
3262570 0 106
3263983 0 104
3265457 0 105
3266932 0 105
3268406 0 105
3269922 0 105
3271315 0 105
3272769 0 106
3274264 0 104
3275718 0 105
3277274 0 105
3278810 0 105
3280326 0 105
3281841 0 105
3283377 0 105
3284913 0 106
3286469 0 104
3287964 0 105
3289459 0 105
3290852 0 106
3292327 0 104
3293822 0 105
3295317 0 106
3296812 0 104
3298245 0 105
3299679 0 105
3301133 0 105
3302607 0 105
3304041 0 105
3305515 0 105
3306929 0 105
3308383 0 106
3309898 0 104
3311352 0 105
3312888 0 106
3314424 0 104
3315878 0 105
3317312 0 106
3318807 0 104
3320343 0 105
3321817 0 106
3323292 0 104
3324684 0 105
3326200 0 106
3327613 0 104
3329129 0 105
3330542 0 105
3332078 0 105
3333573 0 105
3335109 0 105
3336624 0 105
3338119 0 106
3339532 0 104
3341089 0 105
3342584 0 106
3344017 0 104
3345492 0 105
3346946 0 106
3348502 0 104
3350018 0 105
3351492 0 106
3352926 0 104
3354359 0 105
3355773 0 105
3357206 0 106
3358640 0 104
3360176 0 105
3361712 0 105
3363166 0 105
3364579 0 105
3366012 0 105
3367487 0 105
3369023 0 106
3370477 0 104
3371931 0 105
3373406 0 105
3374819 0 106
3376232 0 104
3377727 0 105
3379119 0 105
3380635 0 105
3382068 0 106
3383502 0 104
3384915 0 105
3386431 0 105
3387885 0 105
3389400 0 105
3390834 0 106
3392370 0 104
3393844 0 105
3395339 0 105
3396814 0 106
3398227 0 104
3399619 0 105
3401012 0 105
3402548 0 105
3404023 0 105
3405559 0 105
3407033 0 105
3408569 0 105
3410003 0 106
3411539 0 104
3412972 0 105
3414508 0 106
3415942 0 104
3417437 0 105
3418850 0 105
3420406 0 105
3421963 0 106
3423417 0 104
3424973 0 105
3426489 0 106
3427943 0 104
3429500 0 105
3431035 0 106
3432510 0 104
3433964 0 105
3435459 0 106
3436933 0 104
3438408 0 105
3439801 0 105
3441275 0 106
3442770 0 104
3444245 0 105
3445781 0 105
3447317 0 105
3448750 0 106
3450286 0 104
3451679 0 105
3453174 0 106
3454587 0 104
3455979 0 105
3457393 0 105
3458908 0 105
3460321 0 106
3461734 0 104
3463147 0 105
3464704 0 105
3466158 0 105
3467673 0 106
3469189 0 104
3470622 0 105
3472097 0 106
3473633 0 104
3475066 0 105
3476623 0 105
3478097 0 105
3479511 0 105
3481067 0 105
3482460 0 105
3483934 0 106
3485388 0 104
3486883 0 105
3488419 0 105
3489894 0 105
3491430 0 105
3492925 0 105
3494440 0 105
3495956 0 106
3497410 0 104
3498864 0 105
3500277 0 106
3501711 0 104
3503206 0 105
3504701 0 106
3506257 0 104
3507752 0 105
3509165 0 105
3510599 0 105
3512094 0 106
3513568 0 104
3515002 0 105
3516497 0 105
3517971 0 105
3519384 0 105
3520798 0 105
3522252 0 106
3523726 0 104
3525160 0 105
3526655 0 106
3528211 0 104
3529604 0 105
3531078 0 105
3532553 0 105
3533945 0 105
3535420 0 105
3536874 0 106
3538431 0 104
3539823 0 105
3541257 0 105
3542690 0 105
3544226 0 105
3545742 0 105
3547216 0 105
3548629 0 106
3550124 0 104
3551578 0 105
3553135 0 106
3554671 0 104
3556063 0 105
3557497 0 106
3558931 0 104
3560446 0 105
3561962 0 106
3563498 0 104
3565013 0 105
3566447 0 105
3567983 0 105
3569396 0 105
3570952 0 105
3572365 0 105
3573840 0 106
3575396 0 104
3576850 0 105
3578407 0 105
3579861 0 105
3581294 0 105
3582810 0 105
3584366 0 105
3585841 0 106
3587274 0 104
3588708 0 105
3590162 0 106
3591657 0 104
3593193 0 105
3594647 0 106
3596142 0 104
3597699 0 105
3599173 0 105
3600586 0 105
3602122 0 106
3603617 0 104
3605174 0 105
3606628 0 105
3608164 0 105
3609577 0 105
3611113 0 106
3612608 0 104
3614062 0 105
3615454 0 105
3616949 0 106
3618404 0 104
3619796 0 105
3621250 0 105
3622766 0 105
3624240 0 105
3625633 0 105
3627025 0 105
3628439 0 105
3629934 0 106
3631470 0 104
3633006 0 105
3634521 0 105
3635934 0 105
3637429 0 105
3638842 0 105
3640317 0 105
3641730 0 106
3643143 0 104
3644556 0 105
3645990 0 106
3647505 0 104
3648939 0 105
3650352 0 105
3651847 0 105
3653280 0 105
3654673 0 105
3656148 0 105
3657581 0 105
3659097 0 106
3660530 0 104
3662066 0 105
3663582 0 105
3664974 0 106
3666531 0 104
3667964 0 105
3669398 0 105
3670852 0 105
3672347 0 105
3673821 0 106
3675276 0 104
3676709 0 105
3678143 0 105
3679699 0 105
3681112 0 105
3682505 0 106
3684041 0 104
3685577 0 105
3687092 0 105
3688587 0 106
3690123 0 104
3691680 0 105
3693134 0 106
3694690 0 104
3696185 0 105
3697680 0 105
3699175 0 105
3700711 0 105
3702186 0 106
3703619 0 104
3705073 0 105
3706630 0 105
3708063 0 105
3709517 0 105
3711012 0 106
3712548 0 104
3714064 0 105
3715600 0 105
3717095 0 105
3718549 0 105
3720064 0 105
3721600 0 105
3723075 0 105
3724468 0 106
3725881 0 104
3727417 0 105
3728932 0 105
3730448 0 106
3731943 0 104
3733479 0 105
3735015 0 106
3736530 0 104
3738066 0 105
3739520 0 105
3740995 0 105
3742469 0 105
3744026 0 105
3745582 0 106
3747077 0 104
3748593 0 105
3750108 0 105
3751624 0 105
3753180 0 105
3754655 0 106
3756129 0 104
3757604 0 105
3758996 0 106
3760450 0 104
3761863 0 105
3763379 0 106
3764935 0 104
3766389 0 105
3767946 0 105
3769379 0 105
3770895 0 105
3772288 0 105
3773742 0 106
3775175 0 104
3776711 0 105
3778165 0 106
3779619 0 104
3781114 0 105
3782609 0 105
3784145 0 105
3785579 0 105
3787074 0 105
3788569 0 105
3790043 0 106
3791600 0 104
3793136 0 105
3794692 0 105
3796126 0 106
3797641 0 104
3799095 0 105
3800549 0 106
3801942 0 104
3803458 0 105
3804871 0 106
3806386 0 104
3807861 0 105
3809417 0 105
3810851 0 105
3812346 0 105
3813841 0 105
3815356 0 106
3816790 0 104
3818264 0 105
3819739 0 106
3821213 0 104
3822627 0 105
3824081 0 106
3825535 0 104
3826989 0 105
3828463 0 105
3829938 0 105
3831433 0 105
3832887 0 106
3834341 0 104
3835856 0 105
3837310 0 106
3838744 0 104
3840178 0 105
3841714 0 105
3843147 0 105
3844540 0 105
3846055 0 105
3847530 0 106
3849025 0 104
3850438 0 105
3851953 0 105
3853428 0 105
3854882 0 106
3856336 0 104
3857852 0 105
