68605 0 8
70181 0 7
71676 0 5
73151 0 10
74687 0 10
76141 0 12
77554 0 7
79049 0 6
80606 0 8
82203 0 6
83719 0 13
85234 0 21
86770 0 14
88163 0 13
89658 0 33
91132 0 8
92566 0 13
93958 0 20
95535 0 23
97030 0 16
98443 0 27
99897 0 3
101311 0 20
102806 0 21
104239 0 19
105734 0 23
107188 0 34
108581 0 8
110158 0 23
111571 0 13
113066 0 34
114520 0 7
115933 0 22
117489 0 27
118882 0 8
120357 0 19
121893 0 16
123388 0 29
124780 0 12
126255 0 22
127709 0 28
129183 0 8
130740 0 20
132296 0 23
133730 0 19
135225 0 19
136740 0 16
138235 0 33
139669 0 10
141164 0 18
142597 0 15
143990 0 19
145403 0 18
146857 0 24
148393 0 20
149909 0 26
151383 0 3
152837 0 23
154291 0 35
155684 0 8
157138 0 19
158674 0 34
160087 0 6
161644 0 13
163057 0 21
164593 0 17
166047 0 32
167480 0 5
168914 0 23
170450 0 21
172006 0 23
173481 0 22
175017 0 28
176430 0 6
178007 0 19
179522 0 26
180956 0 5
182451 0 22
183925 0 20
185502 0 17
186915 0 15
188411 0 14
189905 0 25
191421 0 7
192977 0 14
194370 0 18
195804 0 14
197237 0 18
198671 0 19
200227 0 23
201681 0 13
203156 0 30
204507 0 9
205982 0 19
207416 0 31
208849 0 4
210365 0 19
211860 0 33
213355 0 4
214747 0 14
216181 0 29
217573 0 9
219068 0 22
220563 0 22
221997 0 31
223513 0 7
224987 0 21
226523 0 19
228079 0 17
229493 0 20
230947 0 13
232401 0 23
233916 0 33
235329 0 3
236865 0 21
238360 0 22
239917 0 34
241371 0 9
242948 0 24
244422 0 18
245917 0 21
247351 0 22
248907 0 22
250464 0 16
251959 0 16
253351 0 31
254867 0 9
256444 0 21
258000 0 21
259413 0 19
260888 0 14
262301 0 19
263817 0 14
265271 0 30
266704 0 9
268199 0 18
269612 0 27
271046 0 3
272479 0 14
273995 0 15
275531 0 20
276985 0 19
278480 0 25
280016 0 10
281470 0 22
283067 0 22
284542 0 24
285975 0 25
287450 0 9
288925 0 17
290440 0 17
291976 0 29
293389 0 12
294925 0 13
296318 0 35
297751 0 5
299185 0 19
300639 0 17
302052 0 28
303465 0 11
304960 0 20
306517 0 14
307971 0 33
309384 0 4
310756 0 18
312230 0 27
313766 0 7
315282 0 22
316818 0 29
318313 0 3
319787 0 15
321221 0 31
322798 0 6
324354 0 15
325808 0 23
327283 0 15
328676 0 18
330171 0 22
331645 0 28
333181 0 8
334738 0 13
336151 0 18
337625 0 18
339100 0 22
340533 0 16
341987 0 16
343462 0 34
344936 0 3
346431 0 19
347988 0 33
349524 0 8
350978 0 20
352432 0 24
353947 0 18
355401 0 36
356958 0 5
358371 0 24
359784 0 18
361361 0 35
362836 0 1
364331 0 14
365723 0 20
367157 0 27
368672 0 10
370188 0 15
371642 0 24
373178 0 13
374570 0 24
376086 0 34
377499 0 4
378892 0 16
380264 0 14
381677 0 22
383192 0 18
384687 0 20
386121 0 25
387657 0 7
389234 0 22
390708 0 24
392244 0 29
393678 0 3
395173 0 17
396688 0 24
398204 0 15
399699 0 31
401194 0 6
402607 0 15
404143 0 31
405659 0 8
407235 0 22
408792 0 24
410225 0 13
411659 0 15
413195 0 16
414711 0 32
416124 0 6
417537 0 18
419032 0 23
420465 0 15
421981 0 17
423394 0 32
424827 0 6
426404 0 17
427920 0 13
429415 0 29
430951 0 1
432487 0 22
434043 0 23
435497 0 22
436992 0 16
438508 0 35
440044 0 10
441600 0 17
443116 0 34
444590 0 11
446126 0 15
447539 0 17
449014 0 35
450488 0 12
451902 0 15
453376 0 24
454789 0 36
456243 0 3
457656 0 15
459110 0 21
460585 0 14
462039 0 15
463575 0 34
465091 0 12
466565 0 14
468040 0 33
469453 0 7
471009 0 13
472504 0 31
474061 0 3
475515 0 14
477051 0 32
478587 0 1
480123 0 18
481536 0 20
483092 0 14
484587 0 17
486123 0 29
487659 0 4
489134 0 21
490567 0 33
492001 0 11
493455 0 15
494909 0 13
496363 0 16
497858 0 21
499291 0 22
500766 0 33
502179 0 5
503633 0 14
505087 0 16
506562 0 25
507975 0 4
509429 0 22
510883 0 19
512419 0 29
513832 0 2
515368 0 14
516740 0 20
518215 0 25
519689 0 4
521164 0 16
522618 0 16
524051 0 17
525505 0 31
527000 0 12
528557 0 19
530113 0 24
531588 0 23
533083 0 14
534496 0 15
536011 0 15
537425 0 34
538940 0 4
540415 0 21
541828 0 17
543343 0 15
544818 0 34
546292 0 7
547746 0 18
549303 0 24
550798 0 26
552313 0 9
553726 0 13
555139 0 29
556675 0 8
558232 0 13
559645 0 27
561140 0 1
562574 0 17
564048 0 24
565584 0 24
567079 0 14
568472 0 15
569885 0 29
571421 0 3
572916 0 24
574472 0 28
575885 0 2
577421 0 21
578916 0 27
580350 0 6
581783 0 19
583340 0 22
584855 0 17
586412 0 15
587845 0 20
589340 0 22
590876 0 35
592392 0 11
593948 0 15
595341 0 15
596856 0 23
598270 0 23
599724 0 16
601260 0 23
602652 0 32
604168 0 6
605683 0 24
607219 0 20
608673 0 22
610148 0 31
611643 0 10
613138 0 13
614674 0 15
616107 0 30
617459 0 10
618872 0 24
620265 0 17
621801 0 20
623316 0 34
624811 0 5
626306 0 19
627781 0 36
629214 0 1
630730 0 16
632143 0 30
633638 0 10
635112 0 13
636648 0 17
638143 0 19
639557 0 34
640970 0 1
642506 0 14
644001 0 23
645516 0 22
647032 0 18
648465 0 16
649858 0 24
651291 0 20
652766 0 33
654261 0 9
655715 0 14
657210 0 34
658746 0 6
660241 0 19
661716 0 17
663251 0 14
664685 0 23
666201 0 35
667716 0 8
669150 0 16
670665 0 19
672140 0 29
673655 0 2
675048 0 14
676522 0 35
677997 0 7
679492 0 13
680905 0 24
682339 0 15
683854 0 28
685390 0 4
686885 0 13
688401 0 19
689834 0 35
691247 0 9
692804 0 16
694258 0 17
695671 0 24
697125 0 14
698640 0 21
700135 0 18
701712 0 28
703248 0 10
704723 0 16
706115 0 36
707631 0 1
709146 0 17
710539 0 13
711952 0 17
713447 0 19
714942 0 20
716478 0 35
717912 0 4
719366 0 13
720840 0 16
722356 0 20
723851 0 20
725407 0 20
726984 0 22
728397 0 30
729831 0 4
731326 0 23
732841 0 27
734357 0 8
735934 0 19
737470 0 17
738924 0 36
740439 0 6
741873 0 20
743368 0 34
744760 0 1
746215 0 15
747648 0 13
749082 0 24
750536 0 24
752010 0 26
753505 0 8
754939 0 19
756372 0 16
757827 0 19
759362 0 21
760776 0 20
762271 0 18
763766 0 34
765281 0 10
766817 0 18
768353 0 13
769766 0 25
771241 0 2
772674 0 19
774231 0 14
775726 0 33
777262 0 10
778695 0 16
780211 0 19
781747 0 24
783283 0 15
784778 0 13
786211 0 36
787645 0 6
789058 0 21
790573 0 22
792007 0 20
793604 0 20
795120 0 21
796615 0 22
798151 0 27
799605 0 12
801039 0 15
802575 0 14
803988 0 22
805503 0 31
807060 0 1
808575 0 17
809988 0 13
811401 0 23
812876 0 18
814412 0 18
815968 0 23
817504 0 25
819061 0 3
820576 0 13
822112 0 23
823546 0 15
825020 0 23
826474 0 16
827928 0 32
829444 0 7
831000 0 18
832577 0 31
834154 0 10
835711 0 23
837165 0 13
838660 0 14
840155 0 29
841650 0 1
843165 0 18
844701 0 24
846135 0 13
847548 0 24
849043 0 25
850476 0 5
851951 0 21
853385 0 19
854818 0 19
856354 0 18
857870 0 22
859303 0 23
860839 0 19
862355 0 28
863911 0 1
865447 0 22
866881 0 18
868355 0 25
869830 0 6
871243 0 20
872820 0 18
874376 0 13
875769 0 27
877305 0 12
878861 0 20
880356 0 22
881810 0 27
883346 0 1
884780 0 24
886295 0 31
887872 0 11
889347 0 20
890801 0 31
892378 0 7
893852 0 24
895245 0 15
896719 0 24
898153 0 22
899689 0 25
901184 0 6
902618 0 21
904195 0 33
905710 0 5
907144 0 17
908639 0 14
910175 0 18
911670 0 23
913226 0 30
914639 0 9
916134 0 23
917650 0 16
919165 0 19
920578 0 21
922135 0 26
923609 0 12
925043 0 22
926579 0 17
928094 0 24
929651 0 24
931125 0 22
932559 0 16
934033 0 25
935467 0 9
936962 0 15
938396 0 17
939809 0 17
941324 0 21
942778 0 14
944212 0 34
945604 0 10
947038 0 19
948472 0 13
949885 0 31
951421 0 5
952813 0 14
954349 0 34
955783 0 8
957339 0 23
958834 0 30
960309 0 1
961701 0 18
963217 0 13
964732 0 24
966145 0 18
967681 0 15
969176 0 24
970712 0 23
987639 0 101
989113 0 101
990547 0 101
992063 0 101
993537 0 101
994971 0 101
996527 0 101
998063 0 101
999538 0 101
1000971 0 101
1002425 0 102
1003961 0 102
1005456 0 103
1006869 0 101
1008262 0 102
1009696 0 102
1011191 0 102
1012747 0 102
1014181 0 102
1015594 0 102
1016986 0 103
1018461 0 101
1019874 0 102
1021328 0 102
1022762 0 102
1024257 0 102
1025793 0 102
1027349 0 103
1028762 0 101
1030298 0 102
1031773 0 102
1033268 0 103
1034701 0 101
1036237 0 102
1037650 0 102
1039145 0 102
1040579 0 102
1041992 0 102
1043405 0 102
1044798 0 102
1046272 0 103
1047747 0 101
1049262 0 102
1050778 0 102
1052314 0 102
1053850 0 103
1055345 0 101
1056758 0 102
1058150 0 103
1059625 0 101
1061161 0 102
1062594 0 103
1064130 0 101
1065666 0 102
1067182 0 102
1068739 0 102
1070213 0 102
1071708 0 102
1073121 0 103
1074657 0 101
1076111 0 102
1077586 0 102
1079142 0 102
1080596 0 102
1082071 0 103
1083545 0 101
1085040 0 102
1086433 0 103
1087948 0 101
1089443 0 102
1090836 0 102
1092372 0 102
1093908 0 103
1095321 0 101
1096754 0 102
1098270 0 102
1099683 0 102
1101199 0 102
1102591 0 103
1104148 0 101
1105561 0 102
1106974 0 102
1108366 0 102
1109759 0 103
1111193 0 101
1112626 0 102
1114183 0 102
1115657 0 102
1117152 0 102
1118565 0 103
1120142 0 101
1121535 0 102
1123050 0 102
1124586 0 102
1126122 0 102
1127576 0 103
1129071 0 101
1130587 0 102
1132020 0 102
1133454 0 102
1134990 0 102
1136465 0 103
1137898 0 101
1139373 0 102
1140806 0 103
1142301 0 101
1143735 0 102
1145189 0 103
1146725 0 101
1148117 0 102
1149612 0 102
1151128 0 102
1152623 0 102
1154138 0 103
1155695 0 101
1157128 0 102
1158664 0 102
1160098 0 102
1161532 0 102
1162945 0 103
1164460 0 101
1165976 0 102
1167389 0 103
1168904 0 101
1170379 0 102
1171792 0 102
1173307 0 102
1174843 0 102
1176359 0 102
1177895 0 103
1179328 0 101
1180803 0 102
1182278 0 102
1183752 0 102
1185288 0 102
1186722 0 102
1188217 0 102
1189630 0 103
1191207 0 101
1192722 0 102
1194238 0 102
1195671 0 103
1197228 0 101
1198620 0 102
1200115 0 102
1201528 0 102
1203023 0 102
1204477 0 102
1205993 0 102
1207488 0 103
1208962 0 101
1210437 0 102
1211973 0 102
1213509 0 102
1214943 0 103
1216479 0 101
1217912 0 102
1219305 0 102
1220718 0 102
1222172 0 103
1223708 0 101
1225244 0 102
1226677 0 102
1228213 0 103
1229688 0 101
1231101 0 102
1232555 0 103
1234030 0 101
1235566 0 102
1237061 0 102
1238535 0 102
1239948 0 103
1241423 0 101
1242979 0 102
1244495 0 102
1246031 0 102
1247587 0 102
1249062 0 103
1250618 0 101
1252134 0 102
1253588 0 102
1255001 0 103
1256496 0 101
1257929 0 102
1259486 0 103
1260960 0 101
1262435 0 102
1263909 0 103
1265322 0 101
1266838 0 102
1268231 0 102
1269726 0 102
1271200 0 103
1272654 0 101
1274149 0 102
1275624 0 102
1277037 0 102
1278532 0 102
1280047 0 103
1281604 0 101
1283078 0 102
1284491 0 102
1285925 0 103
1287420 0 101
1288874 0 102
1290349 0 102
1291803 0 102
1293236 0 103
1294670 0 101
1296103 0 102
1297557 0 103
1299011 0 101
1300425 0 102
1301920 0 103
1303435 0 101
1304992 0 102
1306548 0 102
1308002 0 102
1309497 0 102
1311054 0 102
1312508 0 103
1313982 0 101
1315498 0 102
1316972 0 102
1318365 0 102
1319798 0 102
1321232 0 103
1322727 0 101
1324181 0 102
1325635 0 102
1327089 0 102
1328584 0 102
1330100 0 102
1331574 0 103
1333090 0 101
1334564 0 102
1336018 0 103
1337493 0 101
1338967 0 102
1340421 0 102
1341916 0 102
1343452 0 103
1344927 0 101
1346442 0 102
1347999 0 102
1349494 0 102
1350948 0 102
1352422 0 103
1353938 0 101
1355474 0 102
1356989 0 102
1358423 0 102
1359877 0 103
1361311 0 101
1362806 0 102
1364260 0 102
1365816 0 102
1367270 0 103
1368724 0 101
1370199 0 102
1371714 0 102
1373250 0 102
1374663 0 103
1376138 0 101
1377551 0 102
1379005 0 102
1380500 0 102
1382056 0 102
1383449 0 103
1384985 0 101
1386501 0 102
1387975 0 102
1389511 0 103
1390924 0 101
1392358 0 102
1393894 0 103
1395368 0 101
1396863 0 102
1398256 0 102
1399730 0 102
1401123 0 102
1402557 0 103
1403990 0 101
1405424 0 102
1406878 0 102
1408393 0 103
1409970 0 101
1411506 0 102
1413022 0 102
1414517 0 103
1415991 0 101
1417404 0 102
1418858 0 102
1420374 0 102
1421869 0 102
1423405 0 102
1424879 0 103
1426436 0 101
1427931 0 102
1429446 0 102
1430880 0 103
1432354 0 101
1433829 0 102
1435263 0 102
1436717 0 102
1438130 0 102
1439604 0 102
1441038 0 103
1442492 0 101
1443987 0 102
1445461 0 102
1446997 0 102
1448472 0 103
1449926 0 101
1451421 0 102
1452855 0 102
1454391 0 102
1455845 0 102
1457237 0 102
1458630 0 102
1460084 0 102
1461620 0 103
1463074 0 101
1464548 0 102
1466043 0 102
1467559 0 103
1468993 0 101
1470528 0 102
1471921 0 102
1473457 0 102
1474973 0 103
1476509 0 101
1477942 0 102
1479478 0 102
1480994 0 103
1482407 0 101
1483902 0 102
1485397 0 103
1486892 0 101
1488407 0 102
1489800 0 103
1491295 0 101
1492810 0 102
1494285 0 103
1495698 0 101
1497091 0 102
1498627 0 102
1500163 0 102
1501555 0 102
1503091 0 103
1504504 0 101
1505999 0 102
1507556 0 102
1509071 0 102
1510484 0 103
1511979 0 101
1513474 0 102
1514887 0 103
1516321 0 101
1517775 0 102
1519188 0 102
1520601 0 103
1522076 0 101
1523612 0 102
1525127 0 102
1526602 0 102
1528117 0 102
1529653 0 103
1531107 0 101
1532500 0 102
1533934 0 102
1535388 0 102
1536903 0 103
1538337 0 101
1539811 0 102
1541327 0 103
1542883 0 101
1544276 0 102
1545791 0 103
1547327 0 101
1548822 0 102
1550235 0 102
1551628 0 102
1553062 0 102
1554597 0 102
1556052 0 102
1557485 0 103
1559001 0 101
1560393 0 102
1561847 0 102
1563383 0 102
1564899 0 102
1566455 0 102
1567868 0 102
1569302 0 103
1570735 0 101
1572128 0 102
1573664 0 102
1575159 0 102
1576613 0 102
1578026 0 102
1579501 0 103
1581057 0 101
1582491 0 102
1584027 0 103
1585542 0 101
1587078 0 102
1588594 0 102
1589986 0 103
1591440 0 101
1592833 0 102
1594267 0 102
1595762 0 102
1597175 0 102
1598608 0 102
1600042 0 102
1601537 0 102
1602950 0 103
1604445 0 101
1605919 0 102
1607476 0 102
1608889 0 102
1610384 0 102
1611879 0 103
1613313 0 101
1614849 0 102
1616241 0 103
1617716 0 101
1619149 0 102
1620603 0 102
1622037 0 102
1623511 0 103
1624986 0 101
1626522 0 102
1627997 0 102
1629492 0 103
1630925 0 101
1632441 0 102
1633915 0 102
1635431 0 102
1636844 0 103
1638277 0 101
1639772 0 102
1641185 0 103
1642639 0 101
1644155 0 102
1645650 0 102
1647084 0 103
1648579 0 101
1650074 0 102
1651548 0 103
1653125 0 101
1654600 0 102
1656013 0 103
1657426 0 101
1658962 0 102
1660436 0 102
1661972 0 102
1663426 0 102
1664860 0 103
1666437 0 101
1667829 0 102
1669324 0 102
1670758 0 103
1672294 0 101
1673769 0 102
1675284 0 102
1676738 0 102
1678274 0 102
1679749 0 102
1681141 0 102
1682575 0 103
1683988 0 101
1685503 0 102
1686998 0 102
1688493 0 103
1689927 0 101
1691381 0 102
1692794 0 102
1694289 0 102
1695846 0 102
1697382 0 102
1698774 0 103
1700228 0 101
1701682 0 102
1703136 0 103
1704570 0 101
1706106 0 102
1707621 0 102
1709116 0 102
1710529 0 102
1712045 0 103
1713581 0 101
1714994 0 102
1716489 0 102
1717943 0 102
1719459 0 102
1720913 0 102
1722449 0 102
1723923 0 103
1725500 0 101
1727036 0 102
1728449 0 102
1729944 0 102
1731357 0 103
1732832 0 101
1734224 0 102
1735658 0 103
1737112 0 101
1738587 0 102
1739979 0 102
1741433 0 103
1742887 0 101
1744403 0 102
1745857 0 102
1747413 0 103
1748867 0 101
1750321 0 102
1751755 0 102
1753189 0 103
1754622 0 101
1756076 0 102
1757489 0 103
1758964 0 101
1760397 0 102
1761851 0 102
1763387 0 102
1764862 0 103
1766418 0 101
1767832 0 102
1769265 0 102
1770658 0 102
1772153 0 103
1773607 0 101
1775040 0 102
1776474 0 103
1777948 0 101
1779484 0 102
1780898 0 102
1782393 0 102
1783806 0 102
1785321 0 102
1786714 0 103
1788147 0 101
1789602 0 102
1791117 0 102
1792653 0 102
1794148 0 102
1795602 0 102
1797097 0 103
1798572 0 101
1800107 0 102
1801541 0 102
1803077 0 102
1804572 0 102
1806108 0 102
1807542 0 103
1808955 0 101
1810388 0 102
1811883 0 103
1813296 0 101
1814750 0 102
1816266 0 103
1817720 0 101
1819133 0 102
1820546 0 103
1822082 0 101
1823495 0 102
1824970 0 103
1826526 0 101
1827960 0 102
1829352 0 102
1830765 0 102
1832158 0 102
1833551 0 103
1835107 0 101
1836561 0 102
1838097 0 102
1839531 0 102
1841067 0 102
1842480 0 103
1844036 0 101
1845531 0 102
1847047 0 102
1848583 0 102
1850016 0 103
1851511 0 101
1853027 0 102
1854440 0 102
1855874 0 102
1857389 0 102
1858823 0 102
1860359 0 103
1861854 0 101
1863246 0 102
1864721 0 102
1866175 0 102
1867711 0 102
1869144 0 102
1870598 0 102
1872114 0 102
1873547 0 103
1875043 0 101
1876497 0 102
1877971 0 102
1879364 0 103
1880900 0 101
1882292 0 102
1883849 0 102
1885385 0 102
2073148 0 39
2074622 0 48
2076056 0 39
2077571 0 47
2079087 0 38
2080479 0 37
2081974 0 44
2083428 0 46
2084862 0 37
2086398 0 38
2087852 0 55
2089347 0 51
2090883 0 50
2092439 0 51
2093894 0 56
2095450 0 62
2096986 0 48
2098542 0 51
2100078 0 54
2101594 0 49
2103109 0 55
2104543 0 72
2105977 0 45
2107533 0 53
2109069 0 52
2110625 0 52
2112120 0 58
2113636 0 64
2115049 0 37
2116483 0 51
2117978 0 59
2119432 0 55
2120988 0 57
2122504 0 60
2123999 0 51
2125453 0 64
2126866 0 42
2128279 0 59
2129815 0 71
2131351 0 43
2132805 0 51
2134218 0 51
2135774 0 54
2137331 0 50
2138867 0 49
2140362 0 60
2141918 0 67
2143372 0 42
2144806 0 57
2146321 0 66
2147816 0 41
2149291 0 54
2150766 0 50
2152240 0 54
2153653 0 70
2155148 0 45
2156684 0 52
2158220 0 70
2159695 0 41
2161149 0 59
2162685 0 57
2164118 0 58
2165572 0 62
2167047 0 42
2168521 0 58
2170037 0 57
2171593 0 51
2173088 0 54
2174624 0 50
2176099 0 66
2177594 0 46
2179027 0 51
2180461 0 69
2181936 0 44
2183451 0 55
2185007 0 53
2186462 0 66
2187875 0 37
2189267 0 53
2190680 0 66
2192216 0 37
2193650 0 52
2195063 0 58
2196578 0 55
2198073 0 49
2199528 0 50
2201002 0 52
2202436 0 64
2203951 0 42
2205487 0 49
2207044 0 55
2208477 0 51
2209972 0 60
2211406 0 56
2212880 0 54
2214396 0 55
2215911 0 66
2217365 0 39
2218778 0 57
2220253 0 62
2221768 0 43
2223284 0 53
2224697 0 50
2226151 0 57
2227667 0 63
2229121 0 37
2230534 0 59
2232029 0 57
2233462 0 58
2234896 0 52
2236452 0 60
2237886 0 56
2239381 0 55
2240937 0 66
2242494 0 41
2244009 0 54
2245443 0 52
2246938 0 54
2248372 0 54
2249867 0 58
2251300 0 57
2252836 0 62
2254290 0 42
2255826 0 51
2257260 0 54
2258755 0 51
2260270 0 59
2261765 0 63
2263260 0 48
2264776 0 53
2266291 0 69
2267848 0 47
2269302 0 57
2270858 0 69
2272374 0 40
2273807 0 51
2275282 0 63
2276818 0 41
2278395 0 54
2279849 0 59
2281385 0 52
2282798 0 53
2284252 0 56
2285767 0 64
2287201 0 46
2288696 0 51
2290191 0 58
2291625 0 62
2293120 0 47
2294615 0 57
2296089 0 58
2297625 0 52
2299182 0 56
2300717 0 68
2302151 0 48
2303605 0 51
2305018 0 70
2306431 0 40
2307906 0 53
2309462 0 69
2310998 0 37
2312555 0 51
2314050 0 55
2315483 0 55
2316896 0 58
2318432 0 51
2319907 0 54
2321340 0 68
2322795 0 47
2324310 0 58
2325744 0 62
2327300 0 39
2328857 0 56
2330311 0 56
2331806 0 69
2333383 0 42
2334918 0 59
2336475 0 56
2337909 0 58
2339404 0 60
2340878 0 59
2342332 0 55
2343827 0 51
2345322 0 71
2346797 0 46
2348230 0 59
2349684 0 50
2351138 0 58
2352654 0 59
2354190 0 67
2355664 0 43
2357098 0 54
2358511 0 57
2359945 0 58
2361399 0 50
2362914 0 57
2364471 0 70
2365925 0 48
2367379 0 51
2368812 0 58
2370369 0 55
2371864 0 51
2373338 0 53
2374833 0 58
2376410 0 72
2377885 0 43
2379380 0 58
2380936 0 49
2382349 0 56
2383865 0 72
2385401 0 47
2386937 0 56
2388473 0 56
2390029 0 50
2391463 0 55
2392876 0 56
2394371 0 52
2395825 0 65
2397340 0 40
2398897 0 54
2400392 0 55
2401928 0 56
2403382 0 69
2404856 0 42
2406372 0 56
2407846 0 58
2409260 0 57
2410673 0 56
2412147 0 61
2413601 0 37
2415035 0 52
2416550 0 62
2418086 0 40
2419602 0 60
2421158 0 66
2422592 0 43
2424066 0 51
2425541 0 62
2426995 0 37
2428531 0 56
2430067 0 54
2431582 0 51
2433057 0 55
2434552 0 60
2436067 0 54
2437460 0 60
2438935 0 67
2440471 0 39
2441966 0 55
2443440 0 50
2444874 0 53
2446369 0 56
2447823 0 49
2449297 0 68
2450772 0 45
2452328 0 54
2453721 0 71
2455195 0 47
2456609 0 53
2458124 0 66
2459517 0 38
2460991 0 53
2462466 0 51
2463961 0 53
2465435 0 60
2466992 0 57
2468548 0 68
2470002 0 45
2471436 0 50
2472951 0 51
2474426 0 49
2475941 0 60
2477395 0 70
2478747 0 45
2480303 0 54
2481758 0 52
2483212 0 52
2484625 0 51
2486161 0 63
2487717 0 37
2489110 0 59
2490543 0 57
2492038 0 57
2493554 0 61
2495008 0 38
2496400 0 58
2497957 0 59
2499493 0 57
2501070 0 56
2502565 0 51
2504039 0 60
2505555 0 55
2507050 0 70
2508524 0 40
2509938 0 51
2511392 0 55
2512928 0 58
2514443 0 51
2515877 0 60
2517351 0 56
2518805 0 69
2520259 0 46
2521693 0 55
2523229 0 65
2524642 0 43
2526096 0 56
2527509 0 64
2529066 0 46
2530601 0 50
2532117 0 70
2533530 0 44
2534964 0 57
2536438 0 49
2537933 0 56
2539346 0 53
2540903 0 59
2542316 0 63
2543749 0 43
2545163 0 56
2546719 0 58
2548173 0 69
2549607 0 41
2551040 0 53
2552576 0 56
2554051 0 50
2555566 0 49
2557061 0 71
2558474 0 41
2559969 0 56
2561546 0 54
2562959 0 66
2564516 0 42
2565990 0 50
2567383 0 50
2568796 0 51
2570332 0 49
2571786 0 56
2573261 0 66
2574715 0 37
2576210 0 51
2577643 0 64
2579097 0 43
2580613 0 57
2582149 0 71
2583644 0 44
2585180 0 54
2586654 0 53
2588108 0 57
2589665 0 50
2591078 0 51
2592573 0 69
2594068 0 42
2595563 0 49
2597078 0 52
2598512 0 60
2599946 0 54
2601441 0 59
2602854 0 57
2604390 0 70
2605864 0 46
2607339 0 59
2608793 0 57
2610267 0 51
2611721 0 49
2613196 0 50
2614752 0 66
2616288 0 39
2617681 0 53
2619258 0 70
2620691 0 43
2622105 0 50
2623600 0 55
2625136 0 72
2626528 0 41
2628003 0 58
2629498 0 54
2630931 0 55
2632426 0 60
2633839 0 58
2635314 0 72
2636850 0 47
2638386 0 53
2639860 0 58
2641396 0 61
2642871 0 44
2644304 0 52
2645759 0 52
2647274 0 51
2648728 0 58
2650203 0 59
2651739 0 50
2653152 0 62
2654626 0 47
2656039 0 53
2657452 0 65
2658988 0 46
2660524 0 57
2662081 0 55
2663494 0 60
2664968 0 57
2666402 0 55
2667917 0 72
2669331 0 38
2670846 0 59
2672321 0 70
2673816 0 44
2675249 0 49
2676765 0 68
2678321 0 40
2679837 0 58
2681414 0 55
2682909 0 68
2684445 0 39
2685899 0 54
2687455 0 49
2688971 0 52
2690527 0 63
2692063 0 48
2693558 0 56
2695114 0 59
2696609 0 52
2698043 0 64
2699579 0 39
2701135 0 57
2702712 0 58
2704207 0 58
2705702 0 52
2707218 0 69
2708631 0 48
2710106 0 60
2711498 0 54
2713014 0 59
2714550 0 56
2715963 0 65
2717458 0 41
2718994 0 60
2720489 0 52
2722004 0 64
2723397 0 46
2724912 0 54
2726366 0 51
2727882 0 54
2729397 0 64
2730934 0 48
2732408 0 59
2733841 0 64
2735398 0 48
2736893 0 56
2738388 0 54
2739924 0 61
2741439 0 48
2742853 0 58
2744450 0 54
2745945 0 55
2747460 0 66
2748976 0 45
2750553 0 53
2752068 0 68
2753522 0 41
2754997 0 54
2756451 0 66
2757987 0 42
2759380 0 57
2760813 0 70
2762165 0 48
2763578 0 53
2765012 0 72
2766486 0 43
2767940 0 58
2769497 0 55
2770971 0 59
2772466 0 52
2774023 0 50
2775436 0 64
2776910 0 40
2778385 0 55
2779839 0 64
2781293 0 46
2782829 0 49
2784303 0 57
2785839 0 53
2787273 0 50
2788788 0 68
2790324 0 48
2791840 0 56
2793294 0 71
2794809 0 46
2796243 0 53
2797718 0 50
2799233 0 49
2800749 0 64
2802223 0 37
2803698 0 56
2805254 0 57
2806749 0 50
2808305 0 60
2809841 0 62
2811336 0 45
2812852 0 58
2814367 0 53
2815862 0 57
2817296 0 68
2818750 0 47
2820204 0 56
2821617 0 53
2823153 0 62
2824628 0 47
2826102 0 50
2827638 0 58
2829215 0 69
2830731 0 44
2832144 0 51
2833659 0 70
2835175 0 39
2836690 0 57
2838144 0 51
2839660 0 53
2841114 0 58
2842691 0 62
2844227 0 45
2845804 0 51
2847258 0 61
2848691 0 37
2850207 0 49
2851702 0 72
2853238 0 39
2854671 0 50
2856228 0 53
2857641 0 60
2859095 0 71
2860651 0 47
2862105 0 54
2863662 0 58
2865136 0 49
2866550 0 66
2868004 0 42
2869560 0 50
2870994 0 56
2872468 0 55
2874004 0 69
2875520 0 45
2876953 0 58
2878428 0 56
2879861 0 51
2881336 0 57
2882769 0 55
2884224 0 51
2885678 0 67
2887193 0 42
2888668 0 51
2890163 0 58
2891740 0 54
2893255 0 53
2894791 0 66
2896225 0 42
2897740 0 50
2899215 0 52
2900771 0 53
2902287 0 53
2903761 0 64
2905297 0 43
2906854 0 53
2908328 0 61
2909741 0 41
2911298 0 56
2912731 0 64
2914267 0 42
2915701 0 56
2917114 0 60
2918609 0 58
2920165 0 60
2921619 0 54
2923053 0 72
2924589 0 43
2926125 0 53
2927599 0 67
2929115 0 40
2930528 0 55
2931941 0 59
2933477 0 67
2934890 0 44
2936324 0 50
2937778 0 63
2939191 0 40
2940665 0 56
2942099 0 54
2943533 0 70
2944987 0 43
2946400 0 52
2947874 0 60
2949308 0 51
2950864 0 63
2952380 0 44
2953813 0 52
2955308 0 65
2956865 0 46
2958401 0 60
2959896 0 70
2961391 0 37
2962783 0 50
2964319 0 51
2965855 0 52
2967432 0 53
2968927 0 56
2970484 0 66
2972020 0 48
2973556 0 55
2974969 0 72
2976361 0 42
2977877 0 49
2993903 0 104
2995439 0 104
2996893 0 104
2998347 0 104
2999801 0 104
3001337 0 104
3002770 0 104
3004204 0 104
3005699 0 104
3007091 0 104
3008484 0 105
3009938 0 105
3011454 0 106
3012867 0 104
3014341 0 105
3015754 0 105
3017270 0 105
3018806 0 105
3020198 0 105
3021673 0 105
3023209 0 105
3024704 0 106
3026199 0 104
3027755 0 105
3029209 0 105
3030766 0 105
3032281 0 106
3033776 0 104
3035271 0 105
3036685 0 106
3038118 0 104
3039511 0 105
3040903 0 105
3042419 0 105
3043955 0 106
3045511 0 104
3046945 0 105
3048399 0 106
3049955 0 104
3051430 0 105
3052966 0 106
3054379 0 104
3055853 0 105
3057328 0 105
3058803 0 106
3060257 0 104
3061772 0 105
3063329 0 105
3064762 0 105
3066319 0 106
3067793 0 104
3069206 0 105
3070640 0 105
3072094 0 105
3073630 0 105
3075084 0 105
3076579 0 106
3078135 0 104
3079651 0 105
3081146 0 105
3082661 0 105
3084054 0 106
3085488 0 104
3086901 0 105
3088293 0 105
3089747 0 105
3091181 0 105
3092614 0 105
3094048 0 106
3095523 0 104
3097018 0 105
3098451 0 105
3099967 0 105
3101380 0 105
3102854 0 106
3104370 0 104
3105885 0 105
3107298 0 105
3108834 0 105
3110268 0 106
3111763 0 104
3113196 0 105
3114732 0 105
3116187 0 105
3117743 0 106
3119156 0 104
3120672 0 105
3122085 0 106
3123518 0 104
3124911 0 105
3126324 0 105
3127778 0 105
3129232 0 105
3130707 0 106
3132161 0 104
3133594 0 105
3135089 0 105
3136564 0 105
3138018 0 105
3139513 0 105
3140967 0 105
3142462 0 106
3143895 0 104
3145350 0 105
3146763 0 105
3148237 0 105
3149650 0 105
3151063 0 105
3152456 0 105
3153931 0 105
3155426 0 106
3156880 0 104
3158416 0 105
3159972 0 105
3161467 0 105
3162962 0 105
3164457 0 105
3165870 0 106
3167304 0 104
3168840 0 105
3170355 0 106
3171891 0 104
3173304 0 105
3174799 0 106
3176335 0 104
3177830 0 105
3179325 0 106
3180820 0 104
3182356 0 105
3183851 0 106
3185408 0 104
3186841 0 105
3188357 0 105
3189790 0 106
3191203 0 104
3192617 0 105
3194112 0 105
3195586 0 105
3197143 0 105
3198699 0 106
3200194 0 104
3201607 0 105
3203102 0 105
3204495 0 105
3205887 0 106
3207362 0 104
3208836 0 105
3210331 0 105
3211785 0 105
3213219 0 105
3214653 0 105
3216127 0 106
3217602 0 104
3219076 0 105
3220530 0 106
3222066 0 104
3223541 0 105
3225077 0 105
3226592 0 106
3228108 0 104
3229603 0 105
3231118 0 106
3232593 0 104
3234006 0 105
3235460 0 106
3236894 0 104
3238389 0 105
3239822 0 106
3241297 0 104
3242812 0 105
3244328 0 105
3245741 0 105
3247195 0 105
3248690 0 105
3250144 0 106
3251680 0 104
3253195 0 105
3254608 0 105
3256021 0 105
3257476 0 105
3258950 0 105
3260384 0 106
3261858 0 104
3263312 0 105
3264725 0 105
3266241 0 106
3267674 0 104
3269108 0 105
3270624 0 105
3272057 0 105
3273450 0 105
3275006 0 105
3276481 0 106
3277955 0 104
3279368 0 105
3280884 0 105
3282379 0 106
3283894 0 104
3285307 0 105
3286761 0 106
3288256 0 104
3289711 0 105
3291267 0 106
3292701 0 104
3294175 0 105
3295568 0 105
3296981 0 106
3298537 0 104
3299991 0 105
3301425 0 105
3302879 0 105
3304374 0 105
3305910 0 106
3307425 0 104
3308920 0 105
3310436 0 105
3311910 0 106
3313405 0 104
3314880 0 105
3316416 0 105
3317850 0 105
3319283 0 106
3320840 0 104
3322253 0 105
3323666 0 105
3325181 0 105
3326635 0 105
3328110 0 105
3329564 0 105
3330997 0 105
3332534 0 106
3333967 0 104
3335360 0 105
3336814 0 105
3338227 0 106
3339763 0 104
3341176 0 105
3342650 0 105
3344145 0 105
3345681 0 106
3347217 0 104
3348630 0 105
3350187 0 105
3351723 0 105
3353259 0 105
3354692 0 105
3356147 0 106
3357703 0 104
3359218 0 105
3360672 0 106
3362086 0 104
3363478 0 105
3364891 0 105
3366345 0 105
3367881 0 105
3369376 0 105
3370851 0 106
3372264 0 104
3373800 0 105
3375356 0 106
3376769 0 104
3378264 0 105
3379698 0 105
3381173 0 106
3382668 0 104
3384101 0 105
3385576 0 105
3387112 0 105
3388607 0 105
3390143 0 105
3391556 0 105
3392948 0 105
3394464 0 106
3395938 0 104
3397392 0 105
3398908 0 105
3400464 0 105
3401878 0 105
3403311 0 105
3404868 0 105
3406301 0 105
3407735 0 106
3409230 0 104
3410725 0 105
3412158 0 105
3413694 0 105
3415189 0 105
3416643 0 106
3418138 0 104
3419613 0 105
3421149 0 106
3422685 0 104
3424180 0 105
3425613 0 106
3427129 0 104
3428665 0 105
3430139 0 106
3431655 0 104
3433211 0 105
3434624 0 106
3436120 0 104
3437574 0 105
3439007 0 105
3440543 0 106
3441956 0 104
3443431 0 105
3444926 0 105
3446339 0 105
3447834 0 106
3449329 0 104
3450865 0 105
3452319 0 105
3453773 0 105
3455309 0 105
3456804 0 105
3458238 0 106
3459671 0 104
3461228 0 105
3462764 0 105
3464259 0 105
3465774 0 105
3467228 0 105
3468621 0 106
3470177 0 104
3471631 0 105
3473065 0 105
3474560 0 105
3476075 0 105
3477611 0 105
3479168 0 105
3480601 0 106
3482158 0 104
3483612 0 105
3485004 0 106
3486417 0 104
3487913 0 105
3489408 0 105
3490903 0 105
3492377 0 105
3493872 0 105
3495408 0 105
3496862 0 105
3498337 0 106
3499852 0 104
3501327 0 105
3502740 0 105
3504153 0 105
3505566 0 105
3507102 0 105
3508515 0 106
3509990 0 104
3511485 0 105
3513021 0 105
3514434 0 105
3515990 0 105
3517526 0 105
3519042 0 105
3520557 0 106
3522032 0 104
3523506 0 105
3525022 0 106
3526476 0 104
3527971 0 105
3529404 0 105
3530899 0 105
3532374 0 106
3533889 0 104
3535405 0 105
3536941 0 105
3538395 0 105
3539910 0 105
3541405 0 105
3542962 0 105
3544375 0 106
3545829 0 104
3547365 0 105
3548778 0 105
3550212 0 105
3551645 0 106
3553058 0 104
3554574 0 105
3555987 0 105
3557461 0 105
3558895 0 106
3560410 0 104
3561905 0 105
3563319 0 106
3564793 0 104
3566329 0 105
3567783 0 105
3569237 0 105
3570732 0 105
3572166 0 106
3573620 0 104
3575053 0 105
3576466 0 105
3577900 0 105
3579436 0 105
3580931 0 105
3582365 0 106
3583778 0 104
3585314 0 105
3586829 0 105
3588242 0 105
3589737 0 105
3591253 0 106
3592768 0 104
3594181 0 105
3595595 0 105
3597008 0 105
3598441 0 106
3599854 0 104
3601370 0 105
3602783 0 106
3604278 0 104
3605732 0 105
3607145 0 105
3608558 0 105
3610074 0 105
3611548 0 105
3613084 0 106
3614497 0 104
3615910 0 105
3617344 0 106
3618900 0 104
3620416 0 105
3621870 0 106
3623345 0 104
3624880 0 105
3626334 0 105
3627870 0 106
3629345 0 104
3630840 0 105
3632376 0 105
3633830 0 105
3635243 0 105
3636738 0 105
3638192 0 106
3639605 0 104
3641018 0 105
3642431 0 106
3643906 0 104
3645380 0 105
3646896 0 105
3648452 0 105
3649988 0 106
3651402 0 104
3652917 0 105
3654310 0 106
3655866 0 104
3657423 0 105
3658856 0 105
3660351 0 105
3661887 0 106
3663444 0 104
3664898 0 105
3666311 0 106
3667847 0 104
3669280 0 105
3670837 0 105
3672352 0 105
3673745 0 105
3675240 0 106
3676673 0 104
3678168 0 105
3679582 0 106
3681036 0 104
3682531 0 105
3684005 0 105
3685500 0 105
3687016 0 105
3688429 0 106
3689903 0 104
3691296 0 105
3692791 0 106
3694224 0 104
3695678 0 105
3697092 0 105
3698628 0 106
3700143 0 104
3701679 0 105
3703133 0 105
3704567 0 105
3706123 0 105
3707516 0 105
3708908 0 105
3710465 0 106
3711939 0 104
3713475 0 105
3714991 0 105
3716506 0 105
3718063 0 105
3719476 0 105
3720889 0 106
3722302 0 104
3723838 0 105
3725231 0 105
3726705 0 105
3728200 0 106
3729675 0 104
3731149 0 105
3732706 0 105
3734262 0 105
3735737 0 106
3737293 0 104
3738727 0 105
3740263 0 106
3741758 0 104
3743253 0 105
3744707 0 105
3746263 0 105
3747738 0 105
3749233 0 105
3750666 0 105
3752202 0 106
3753656 0 104
3755131 0 105
3756646 0 106
3758059 0 104
3759473 0 105
3760947 0 105
3762381 0 105
3763835 0 106
3765371 0 104
3766804 0 105
3768320 0 105
3769856 0 105
3771248 0 105
3772764 0 105
3774259 0 105
3775815 0 105
3777228 0 106
3778785 0 104
3780300 0 105
3781816 0 105
3783249 0 106
3784683 0 104
3786158 0 105
3787694 0 106
3789168 0 104
3790602 0 105
3792056 0 105
3793592 0 105
3795066 0 105
3796479 0 106
3797913 0 104
3799387 0 105
3800801 0 106
3802214 0 104
3803709 0 105
3805122 0 106
3806596 0 104
3808071 0 105
3809484 0 106
3810877 0 104
3812412 0 105
3813928 0 106
3815403 0 104
3816918 0 105
3818393 0 105
3819949 0 105
3821505 0 105
3822980 0 105
3824393 0 106
3825868 0 104
3827404 0 105
3828796 0 106
3830230 0 104
3831766 0 105
3833158 0 106
3834571 0 104
3836005 0 105
3837459 0 105
3838852 0 105
3840306 0 105
3841821 0 105
3843296 0 106
3844750 0 104
3846286 0 105
3847760 0 106
3849255 0 104
3850812 0 105
3852348 0 106
3853802 0 104
3855256 0 105
3856669 0 105
3858184 0 105
3859659 0 105
3861052 0 105
3862567 0 106
3863980 0 104
3865496 0 105
3867032 0 106
3868445 0 104
3869940 0 105
3871496 0 105
3873032 0 106
3874548 0 104
3875940 0 105
3877394 0 105
3878910 0 105
3880323 0 105
3881818 0 105
3883211 0 105
3884624 0 106
3886057 0 104
3887614 0 105
3889027 0 105
3890542 0 105
3891996 0 105
