66284 0 10
67800 0 9
69315 0 11
70790 0 1
72244 0 8
73780 0 4
75173 0 5
76627 0 6
78122 0 10
79596 0 12
81112 0 15
82607 0 20
84204 0 15
85720 0 23
87235 0 20
88689 0 23
90205 0 36
91741 0 7
93236 0 20
94669 0 31
96185 0 3
97700 0 19
99154 0 18
100567 0 14
102062 0 19
103517 0 31
104991 0 11
106404 0 18
107961 0 35
109394 0 10
110951 0 22
112487 0 34
114002 0 6
115579 0 22
116992 0 18
118528 0 14
119941 0 23
121395 0 16
122911 0 22
124385 0 14
125901 0 36
127457 0 11
128973 0 14
130427 0 17
131963 0 13
133376 0 15
134768 0 36
136243 0 1
137677 0 22
139172 0 14
140544 0 17
141957 0 14
143472 0 30
144926 0 1
146319 0 24
147834 0 18
149329 0 24
150824 0 24
152299 0 35
153733 0 1
155146 0 21
156661 0 15
158136 0 18
159672 0 17
161146 0 25
162600 0 3
163993 0 15
165549 0 13
166962 0 22
168498 0 14
169973 0 27
171488 0 10
172983 0 17
174438 0 30
175851 0 1
177284 0 18
178800 0 23
180254 0 13
181769 0 28
183326 0 4
184739 0 17
186131 0 23
187524 0 15
189019 0 29
190473 0 10
192030 0 17
193545 0 23
195081 0 33
196637 0 3
198092 0 18
199566 0 23
200959 0 23
202433 0 16
203887 0 14
205362 0 30
206795 0 12
208208 0 14
209724 0 29
211096 0 3
212632 0 16
214025 0 22
215479 0 28
216974 0 3
218428 0 21
219861 0 33
221295 0 3
222790 0 13
224264 0 17
225780 0 16
227234 0 15
228709 0 33
230204 0 6
231719 0 20
233194 0 27
234689 0 7
236245 0 18
237740 0 13
239256 0 26
240689 0 8
242164 0 19
243638 0 13
245072 0 22
246526 0 26
248000 0 9
249434 0 21
251011 0 33
252444 0 3
253960 0 16
255434 0 22
256930 0 21
258445 0 36
259961 0 1
261353 0 19
262828 0 14
264323 0 27
265736 0 4
267108 0 18
268664 0 35
270180 0 10
271634 0 13
273170 0 36
274603 0 7
276078 0 18
277553 0 33
278966 0 9
280440 0 19
281956 0 30
283471 0 5
285028 0 13
286543 0 19
287977 0 19
289554 0 14
290946 0 16
292421 0 36
293875 0 1
295349 0 16
296742 0 32
298278 0 5
299773 0 15
301207 0 25
302681 0 3
304217 0 23
305692 0 26
307105 0 8
308661 0 16
310074 0 24
311508 0 34
313044 0 11
314559 0 18
316034 0 16
317549 0 23
319044 0 22
320621 0 14
322034 0 27
323427 0 10
324963 0 16
326437 0 34
327871 0 7
329428 0 24
330922 0 20
332479 0 35
333994 0 11
335530 0 22
336984 0 19
338479 0 16
339974 0 26
341449 0 1
342944 0 13
344480 0 21
346036 0 20
347613 0 16
349006 0 13
350501 0 35
351976 0 8
353512 0 23
355047 0 14
356563 0 21
358078 0 31
359492 0 12
360946 0 20
362379 0 17
363813 0 34
365226 0 1
366700 0 20
368277 0 17
369813 0 24
371267 0 28
372783 0 2
374216 0 15
375752 0 23
377288 0 21
378845 0 14
380381 0 25
381896 0 9
383391 0 17
384804 0 28
386197 0 3
387651 0 18
389208 0 19
390682 0 19
392136 0 28
393672 0 9
395085 0 24
396539 0 31
398055 0 2
399529 0 18
401086 0 20
402560 0 32
403973 0 7
405468 0 14
406861 0 30
408295 0 11
409749 0 23
411141 0 19
412657 0 13
414131 0 25
415544 0 8
417039 0 13
418514 0 20
419968 0 21
421442 0 27
422978 0 9
424514 0 20
425989 0 17
427525 0 15
429040 0 14
430556 0 31
432071 0 8
433648 0 13
435102 0 20
436577 0 20
438072 0 18
439506 0 27
440939 0 3
442475 0 13
443991 0 36
445527 0 6
447001 0 20
448537 0 13
450012 0 34
451445 0 12
452838 0 22
454415 0 23
455930 0 13
457466 0 36
458961 0 3
460395 0 15
461890 0 23
463344 0 22
464880 0 17
466334 0 15
467829 0 27
469385 0 5
470901 0 21
472457 0 17
473993 0 34
475406 0 11
476881 0 15
478396 0 18
479830 0 21
481284 0 13
482800 0 21
484335 0 14
485728 0 28
487162 0 8
488595 0 23
490049 0 13
491524 0 16
492937 0 16
494391 0 23
495886 0 30
497381 0 12
498794 0 14
500269 0 15
501743 0 16
503177 0 24
504569 0 24
506044 0 32
507477 0 7
508932 0 23
510468 0 17
511942 0 19
513417 0 20
514953 0 15
516448 0 29
517902 0 3
519294 0 16
520666 0 32
522100 0 10
523677 0 22
525110 0 13
526524 0 32
527937 0 1
529493 0 22
530906 0 16
532360 0 28
533835 0 1
535289 0 13
536702 0 34
538197 0 10
539631 0 23
541126 0 21
542682 0 22
544136 0 32
545549 0 7
547044 0 19
548580 0 23
550096 0 31
551632 0 12
553127 0 24
554581 0 21
556035 0 20
557509 0 29
558943 0 6
560417 0 16
561851 0 17
563325 0 14
564718 0 21
566275 0 35
567729 0 4
569162 0 20
570719 0 19
572132 0 20
573729 0 23
575265 0 31
576699 0 12
578173 0 13
579627 0 24
581061 0 20
582576 0 22
584112 0 25
585607 0 4
587123 0 20
588659 0 26
590031 0 3
591526 0 16
592939 0 21
594495 0 19
596031 0 24
597547 0 23
598960 0 35
600496 0 4
601991 0 23
603445 0 25
604940 0 5
606456 0 24
607910 0 17
609364 0 16
610777 0 14
612210 0 21
613623 0 21
615037 0 24
616470 0 36
618006 0 8
619481 0 16
620873 0 35
622348 0 9
623822 0 13
625297 0 15
626771 0 32
628307 0 9
629741 0 13
631195 0 15
632608 0 21
634144 0 19
635619 0 14
637155 0 30
638588 0 7
640083 0 15
641578 0 19
643135 0 26
644630 0 5
646186 0 15
647681 0 16
649135 0 36
650589 0 2
652064 0 13
653538 0 17
655013 0 19
656487 0 17
657941 0 25
659395 0 9
660829 0 23
662242 0 16
663737 0 16
665253 0 13
666748 0 13
668181 0 19
669656 0 22
671151 0 28
672605 0 12
674079 0 21
675595 0 33
677008 0 7
678462 0 20
679916 0 19
681350 0 18
682824 0 13
684258 0 15
685732 0 18
687248 0 30
688743 0 1
690279 0 22
691712 0 32
693207 0 4
694600 0 21
696177 0 22
697651 0 29
699085 0 2
700621 0 15
702034 0 18
703570 0 19
705127 0 13
706642 0 20
708198 0 27
709632 0 7
711189 0 13
712622 0 22
714056 0 18
715510 0 19
717005 0 18
718479 0 13
719933 0 29
721449 0 2
722964 0 18
724418 0 21
725893 0 21
727347 0 13
728842 0 14
730276 0 14
731791 0 17
733204 0 25
734638 0 10
736133 0 14
737566 0 19
739123 0 25
740577 0 7
742154 0 18
743649 0 31
745164 0 4
746557 0 15
747949 0 14
749404 0 20
750899 0 30
752373 0 11
753889 0 24
755343 0 13
756838 0 21
758292 0 14
759684 0 15
761077 0 27
762613 0 6
764128 0 16
765582 0 17
767118 0 19
768675 0 14
770129 0 33
771644 0 12
773160 0 18
774737 0 17
776150 0 36
777604 0 6
779140 0 24
780676 0 13
782130 0 17
783645 0 22
785181 0 15
786595 0 32
788049 0 4
789564 0 23
791080 0 18
792575 0 18
794070 0 24
795503 0 18
797019 0 24
798514 0 25
800050 0 10
801586 0 19
803101 0 33
804596 0 5
806153 0 21
807709 0 31
809163 0 2
810679 0 23
812174 0 19
813689 0 23
815205 0 21
816720 0 35
818174 0 8
819751 0 20
821205 0 17
822639 0 23
824113 0 13
825526 0 29
827062 0 5
828537 0 18
830032 0 13
831486 0 21
832920 0 13
834333 0 34
835807 0 5
837200 0 14
838736 0 24
840149 0 27
841582 0 10
843016 0 18
844552 0 31
846047 0 1
847583 0 21
849037 0 22
850552 0 19
851986 0 21
853481 0 14
854894 0 20
856328 0 30
857720 0 3
859154 0 23
860710 0 18
862124 0 26
863557 0 11
864970 0 23
866465 0 24
867960 0 15
869435 0 36
870950 0 4
872343 0 16
873756 0 31
875333 0 4
876725 0 22
878302 0 20
879756 0 16
881292 0 13
882726 0 24
884201 0 27
885593 0 10
887006 0 15
888501 0 23
890037 0 18
891594 0 19
893109 0 21
894666 0 33
896181 0 11
897615 0 23
899171 0 25
900625 0 11
902059 0 18
903513 0 26
905008 0 11
906421 0 15
907916 0 21
909452 0 13
910886 0 18
912401 0 19
913896 0 31
915391 0 1
916845 0 17
918279 0 18
919815 0 23
921330 0 15
922846 0 21
924361 0 30
925795 0 1
927228 0 21
928662 0 23
930198 0 19
931652 0 15
933208 0 30
934560 0 5
935994 0 19
937407 0 24
938963 0 33
940499 0 1
941933 0 24
943325 0 18
944759 0 23
946295 0 21
947851 0 19
949428 0 22
950882 0 31
952336 0 12
953872 0 16
955306 0 22
956801 0 14
958234 0 17
959648 0 34
961163 0 7
962638 0 18
964194 0 36
965669 0 1
967102 0 20
1336539 0 101
1338075 0 101
1339570 0 101
1341003 0 101
1342457 0 101
1343973 0 101
1345386 0 101
1346901 0 101
1348355 0 101
1349769 0 101
1351182 0 102
1352677 0 102
1354069 0 102
1355564 0 103
1357039 0 101
1358493 0 102
1359926 0 103
1361360 0 101
1362855 0 102
1364371 0 102
1365825 0 103
1367361 0 101
1368835 0 102
1370248 0 103
1371825 0 101
1373320 0 102
1374754 0 102
1376249 0 102
1377785 0 102
1379300 0 103
1380795 0 101
1382229 0 102
1383621 0 102
1385137 0 102
1386673 0 102
1388188 0 102
1389622 0 103
1391117 0 101
1392591 0 102
1394086 0 102
1395561 0 102
1397015 0 102
1398490 0 102
1400026 0 102
1401541 0 103
1403057 0 101
1404470 0 102
1405862 0 102
1407378 0 102
1408852 0 102
1410388 0 103
1411924 0 101
1413378 0 102
1414894 0 102
1416430 0 102
1417843 0 102
1419276 0 103
1420792 0 101
1422287 0 102
1423721 0 102
1425134 0 103
1426547 0 101
1428103 0 102
1429557 0 102
1431073 0 102
1432506 0 102
1434042 0 103
1435578 0 101
1437114 0 102
1438527 0 102
1440084 0 102
1441497 0 102
1442992 0 102
1444507 0 102
1445982 0 102
1447497 0 103
1449033 0 101
1450446 0 102
1451860 0 103
1453293 0 101
1454747 0 102
1456181 0 102
1457635 0 102
1459150 0 102
1460604 0 102
1462161 0 102
1463574 0 103
1465130 0 101
1466564 0 102
1468079 0 102
1469595 0 102
1471110 0 102
1472585 0 102
1474121 0 102
1475554 0 103
1476968 0 101
1478524 0 102
1480019 0 103
1481535 0 101
1482968 0 102
1484402 0 103
1485897 0 101
1487433 0 102
1488928 0 103
1490484 0 101
1491959 0 102
1493413 0 102
1494846 0 103
1496280 0 101
1497713 0 102
1499127 0 102
1500601 0 102
1502096 0 102
1503571 0 103
1505086 0 101
1506602 0 102
1508015 0 102
1509469 0 103
1511025 0 101
1512500 0 102
1514036 0 102
1515490 0 103
1516903 0 101
1518357 0 102
1519893 0 103
1521326 0 101
1522781 0 102
1524255 0 102
1525730 0 102
1527122 0 102
1528515 0 102
1530010 0 102
1531566 0 103
1533041 0 101
1534495 0 102
1536031 0 103
1537485 0 101
1538898 0 102
1540393 0 103
1541888 0 101
1543404 0 102
1544796 0 102
1546230 0 102
1547622 0 103
1549199 0 101
1550653 0 102
1552087 0 103
1553541 0 101
1555036 0 102
1556551 0 103
1558108 0 101
1559644 0 102
1561139 0 102
1562552 0 102
1564027 0 103
1565440 0 101
1566832 0 102
1568368 0 102
1569761 0 102
1571276 0 102
1572689 0 103
1574123 0 101
1575639 0 102
1577134 0 102
1578629 0 102
1580083 0 102
1581578 0 103
1583011 0 101
1584527 0 102
1586001 0 102
1587476 0 102
1588868 0 102
1590322 0 102
1591756 0 102
1593169 0 103
1594705 0 101
1596159 0 102
1597572 0 103
1599067 0 101
1600542 0 102
1601975 0 102
1603450 0 102
1604965 0 102
1606481 0 103
1607914 0 101
1609389 0 102
1610823 0 103
1612359 0 101
1613854 0 102
1615328 0 102
1616864 0 102
1618380 0 102
1619854 0 103
1621308 0 101
1622721 0 102
1624134 0 102
1625568 0 103
1627001 0 101
1628456 0 102
1629971 0 102
1631466 0 102
1632941 0 102
1634374 0 102
1635787 0 102
1637221 0 102
1638757 0 103
1640231 0 101
1641624 0 102
1643037 0 102
1644553 0 102
1646088 0 102
1647604 0 102
1649017 0 103
1650430 0 101
1651823 0 102
1653297 0 102
1654710 0 102
1656164 0 103
1657619 0 101
1659155 0 102
1660568 0 102
1662083 0 102
1663517 0 102
1664991 0 102
1666466 0 102
1667899 0 103
1669333 0 101
1670746 0 102
1672241 0 103
1673736 0 101
1675129 0 102
1676603 0 103
1678037 0 101
1679470 0 102
1680883 0 102
1682440 0 102
1683955 0 102
1685409 0 102
1686822 0 102
1688277 0 102
1689792 0 103
1691328 0 101
1692803 0 102
1694257 0 103
1695813 0 101
1697247 0 102
1698762 0 102
1700216 0 103
1701629 0 101
1703042 0 102
1704517 0 103
1706032 0 101
1707425 0 102
1708859 0 103
1710292 0 101
1711767 0 102
1713180 0 102
1714572 0 103
1716129 0 101
1717542 0 102
1718955 0 103
1720368 0 101
1721863 0 102
1723317 0 102
1724812 0 102
1726307 0 102
1727802 0 102
1729236 0 103
1730710 0 101
1732164 0 102
1733680 0 102
1735195 0 102
1736609 0 102
1738001 0 102
1739496 0 103
1740930 0 101
1742322 0 102
1743715 0 102
1745189 0 102
1746623 0 102
1748077 0 102
1749470 0 102
1750903 0 103
1752419 0 101
1753955 0 102
1755368 0 102
1756760 0 102
1758235 0 103
1759669 0 101
1761102 0 102
1762577 0 103
1764051 0 101
1765505 0 102
1767021 0 102
1768495 0 102
1769929 0 102
1771424 0 102
1772817 0 102
1774352 0 103
1775909 0 101
1777445 0 102
1778960 0 102
1780353 0 102
1781766 0 102
1783302 0 102
1784736 0 103
1786292 0 101
1787726 0 102
1789221 0 103
1790695 0 101
1792211 0 102
1793706 0 103
1795242 0 101
1796716 0 102
1798150 0 102
1799624 0 102
1801160 0 102
1802553 0 103
1804048 0 101
1805543 0 102
1807018 0 102
1808472 0 102
1809967 0 103
1811380 0 101
1812916 0 102
1814390 0 103
1815906 0 101
1817442 0 102
1818855 0 102
1820268 0 102
1821701 0 102
1823135 0 102
1824630 0 102
1826084 0 102
1827600 0 103
1829177 0 101
1830692 0 102
1832146 0 102
1833682 0 102
1835116 0 102
1836631 0 102
1838024 0 103
1839457 0 101
1840911 0 102
1842304 0 103
1843738 0 101
1845253 0 102
1846789 0 102
1848304 0 102
1849738 0 102
1851172 0 103
1852667 0 101
1854100 0 102
1855636 0 102
1857090 0 102
1858524 0 102
1860019 0 103
1861493 0 101
1862906 0 102
1864299 0 103
1865712 0 101
1867105 0 102
1868620 0 102
1870156 0 102
1871692 0 103
1873187 0 101
1874621 0 102
1876013 0 103
1877427 0 101
1878962 0 102
1880355 0 102
1881830 0 103
1883325 0 101
1884717 0 102
1886130 0 102
1887605 0 103
1889161 0 101
1890574 0 102
1892049 0 103
1893544 0 101
1895039 0 102
1896514 0 103
1898050 0 101
1899565 0 102
1901101 0 102
1902616 0 102
1904009 0 103
1905422 0 101
1906835 0 102
1908330 0 102
1909723 0 102
1911157 0 102
1912672 0 103
1914208 0 101
1915723 0 102
1917198 0 102
1918611 0 102
1920024 0 102
1921499 0 103
1923035 0 101
1924571 0 102
1926107 0 103
1927622 0 101
1929138 0 102
1930551 0 102
1932066 0 102
1933561 0 102
1935015 0 102
1936551 0 102
1938026 0 103
1939480 0 101
1940872 0 102
1942327 0 102
1943801 0 102
1945296 0 102
1946832 0 102
1948307 0 102
1949720 0 103
1951174 0 101
1952628 0 102
1954102 0 102
1955536 0 102
1957010 0 102
1958464 0 102
1959919 0 103
1961414 0 101
1962847 0 102
1964240 0 102
1965694 0 102
1967189 0 103
1968745 0 101
1970281 0 102
1971817 0 102
1973312 0 102
1974705 0 102
1976200 0 102
1977654 0 102
1979128 0 103
1980542 0 101
1982077 0 102
1983491 0 102
1984986 0 102
1986522 0 102
1988017 0 103
1989512 0 101
1990986 0 102
1992522 0 103
1994058 0 101
1995492 0 102
1996966 0 103
1998523 0 101
1999956 0 102
2001492 0 102
2002905 0 102
2004380 0 102
2005875 0 102
2007411 0 103
2008947 0 101
2010442 0 102
2011834 0 102
2013248 0 102
2014640 0 102
2016176 0 103
2017692 0 101
2019084 0 102
2020579 0 102
2022115 0 102
2023569 0 103
2025044 0 101
2026498 0 102
2027911 0 102
2029447 0 102
2030860 0 102
2032294 0 103
2033727 0 101
2035120 0 102
2036533 0 102
2038069 0 102
2039502 0 102
2040956 0 102
2042370 0 102
2043824 0 102
2045278 0 103
2046752 0 101
2048247 0 102
2049701 0 102
2051217 0 102
2052753 0 103
2054268 0 101
2055661 0 102
2057115 0 103
2058549 0 101
2060064 0 102
2061559 0 103
2063115 0 101
2064529 0 102
2066024 0 103
2067457 0 101
2068911 0 102
2070345 0 102
2071737 0 102
2073212 0 102
2074686 0 102
2076100 0 102
2077513 0 103
2078926 0 101
2080421 0 102
2081916 0 102
2083390 0 102
2084865 0 102
2086339 0 102
2087855 0 102
2089391 0 102
2090804 0 103
2092278 0 101
2093774 0 102
2095309 0 103
2096743 0 101
2098218 0 102
2099733 0 103
2101228 0 101
2102662 0 102
2104116 0 102
2105508 0 102
2106983 0 102
2108498 0 102
2109932 0 102
2111366 0 103
2112861 0 101
2114294 0 102
2115707 0 103
2117264 0 101
2118656 0 102
2120110 0 103
2121605 0 101
2123039 0 102
2124534 0 102
2125988 0 102
2127524 0 103
2128937 0 101
2130412 0 102
2131907 0 102
2133422 0 102
2134835 0 103
2136310 0 101
2137805 0 102
2139300 0 103
2140733 0 101
2142146 0 102
2143580 0 103
2145136 0 101
2146529 0 102
2148045 0 103
2149478 0 101
2151014 0 102
2152509 0 102
2154004 0 102
2155397 0 103
2156810 0 101
2158223 0 102
2159677 0 103
2161192 0 101
2162708 0 102
2164101 0 102
2165555 0 102
2167029 0 102
2168463 0 103
2169978 0 101
2171412 0 102
2172825 0 102
2174299 0 103
2175876 0 101
2177392 0 102
2178887 0 102
2180423 0 102
2181918 0 102
2183392 0 102
2184928 0 103
2186382 0 101
2187796 0 102
2189250 0 102
2190704 0 102
2192096 0 102
2193489 0 103
2194984 0 101
2196520 0 102
2197994 0 102
2199530 0 102
2201046 0 102
2202541 0 103
2204015 0 101
2205429 0 102
2206842 0 102
2208296 0 103
2209811 0 101
2211204 0 102
2212699 0 103
2214214 0 101
2215730 0 102
2217143 0 103
2218699 0 101
2220153 0 102
2221628 0 103
2223041 0 101
2224434 0 102
2225908 0 103
2227362 0 101
2228796 0 102
2230250 0 102
2231786 0 102
2346892 0 37
2348387 0 39
2349821 0 38
2351336 0 46
2352852 0 39
2354306 0 44
2355821 0 45
2357275 0 44
2358688 0 46
2360163 0 46
2361617 0 52
2363132 0 51
2364545 0 53
2366040 0 51
2367535 0 52
2369051 0 51
2370485 0 71
2371898 0 39
2373331 0 52
2374806 0 52
2376260 0 64
2377714 0 46
2379209 0 58
2380765 0 53
2382281 0 50
2383714 0 55
2385148 0 49
2386684 0 59
2388118 0 64
2389674 0 43
2391189 0 54
2392644 0 55
2394159 0 53
2395654 0 56
2397129 0 60
2398644 0 56
2400180 0 52
2401696 0 64
2403191 0 40
2404706 0 49
2406160 0 56
2407573 0 69
2409007 0 38
2410502 0 51
2411956 0 59
2413369 0 67
2414803 0 47
2416338 0 56
2417793 0 59
2419267 0 49
2420824 0 57
2422257 0 57
2423732 0 62
2425227 0 38
2426742 0 50
2428217 0 68
2429712 0 48
2431248 0 57
2432743 0 62
2434258 0 41
2435794 0 54
2437351 0 53
2438784 0 53
2440259 0 68
2441774 0 39
2443208 0 55
2444723 0 53
2446136 0 58
2447611 0 54
2449045 0 68
2450540 0 43
2452075 0 50
2453509 0 70
2454943 0 40
2456417 0 54
2457912 0 64
2459407 0 44
2460882 0 56
2462315 0 62
2463728 0 39
2465141 0 49
2466596 0 51
2468132 0 61
2469565 0 37
2471101 0 57
2472576 0 63
2474009 0 48
2475566 0 54
2476979 0 58
2478453 0 70
2479969 0 48
2481505 0 57
2482959 0 55
2484392 0 51
2485867 0 65
2487403 0 39
2488795 0 56
2490250 0 57
2491806 0 59
2493342 0 50
2494816 0 58
2496352 0 59
2497847 0 65
2499302 0 45
2500837 0 59
2502292 0 61
2503725 0 46
2505200 0 54
2506736 0 72
2508128 0 45
2509562 0 57
2511016 0 49
2512531 0 54
2513944 0 65
2515358 0 39
2516832 0 58
2518368 0 61
2519884 0 39
2521317 0 57
2522874 0 57
2524287 0 59
2525741 0 51
2527174 0 66
2528690 0 39
2530082 0 53
2531557 0 53
2533072 0 55
2534608 0 65
2536103 0 44
2537619 0 53
2539175 0 72
2540629 0 39
2542043 0 58
2543599 0 49
2545135 0 56
2546691 0 55
2548207 0 63
2549702 0 37
2551217 0 52
2552692 0 56
2554146 0 58
2555702 0 52
2557177 0 52
2558652 0 51
2560188 0 62
2561642 0 39
2563116 0 53
2564591 0 72
2566127 0 37
2567540 0 58
2569076 0 59
2570550 0 54
2571984 0 59
2573520 0 53
2575035 0 72
2576489 0 43
2577902 0 59
2579377 0 59
2580872 0 49
2582428 0 64
2583944 0 43
2585357 0 49
2586770 0 66
2588265 0 40
2589678 0 56
2591173 0 59
2592730 0 50
2594163 0 67
2595679 0 41
2597133 0 60
2598669 0 50
2600164 0 70
2601679 0 48
2603215 0 53
2604649 0 54
2606185 0 52
2607741 0 66
2609216 0 46
2610772 0 58
2612329 0 61
2613803 0 38
2615339 0 57
2616875 0 56
2618370 0 58
2619947 0 57
2621463 0 66
2623019 0 40
2624576 0 58
2626071 0 69
2627484 0 42
2629020 0 57
2630576 0 57
2632092 0 50
2633648 0 52
2635123 0 69
2636638 0 47
2638051 0 49
2639567 0 51
2641021 0 66
2642557 0 41
2644052 0 50
2645608 0 50
2647124 0 69
2648680 0 40
2650134 0 60
2651568 0 60
2653042 0 55
2654476 0 52
2655889 0 50
2657302 0 55
2658777 0 72
2660251 0 37
2661746 0 56
2663241 0 71
2664634 0 39
2666170 0 50
2667685 0 52
2669201 0 57
2670737 0 60
2672293 0 51
2673788 0 63
2675201 0 43
2676737 0 58
2678273 0 58
2679768 0 57
2681181 0 55
2682676 0 59
2684171 0 52
2685605 0 62
2687161 0 40
2688636 0 53
2690192 0 62
2691728 0 45
2693223 0 50
2694718 0 50
2696152 0 49
2697606 0 64
2699142 0 44
2700637 0 49
2702111 0 58
2703606 0 56
2705163 0 69
2706699 0 37
2708173 0 51
2709730 0 62
2711204 0 48
2712638 0 52
2714072 0 54
2715485 0 53
2716918 0 49
2718372 0 56
2719826 0 66
2721342 0 39
2722796 0 52
2724230 0 65
2725683 0 47
2727117 0 49
2728674 0 72
2730128 0 41
2731561 0 57
2733056 0 52
2734551 0 54
2736026 0 62
2737459 0 46
2738954 0 53
2740429 0 59
2741903 0 51
2743357 0 57
2744812 0 69
2746225 0 39
2747658 0 49
2749092 0 54
2750546 0 70
2752020 0 37
2753556 0 50
2755051 0 49
2756464 0 72
2757939 0 42
2759495 0 60
2760970 0 53
2762526 0 59
2764062 0 52
2765537 0 54
2766950 0 59
2768465 0 64
2769960 0 37
2771374 0 59
2772889 0 60
2774343 0 60
2775879 0 63
2777354 0 43
2778869 0 60
2780323 0 53
2781880 0 50
2783416 0 58
2784931 0 72
2786344 0 42
2787860 0 57
2789437 0 71
2790891 0 47
2792427 0 49
2793819 0 55
2795355 0 51
2796912 0 61
2798427 0 40
2799840 0 57
2801417 0 52
2802871 0 52
2804428 0 58
2805861 0 69
2807295 0 41
2808810 0 60
2810244 0 58
2811719 0 58
2813275 0 49
2814770 0 49
2816204 0 56
2817678 0 67
2819214 0 39
2820648 0 56
2822102 0 58
2823617 0 60
2825112 0 60
2826648 0 65
2828184 0 48
2829700 0 49
2831113 0 60
2832669 0 58
2834103 0 61
2835536 0 48
2837072 0 60
2838629 0 60
2840124 0 50
2841660 0 65
2843134 0 38
2844691 0 49
2846124 0 63
2847599 0 43
2849135 0 51
2850630 0 55
2852063 0 49
2853476 0 60
2854931 0 66
2856364 0 47
2857859 0 56
2859272 0 51
2860808 0 50
2862221 0 66
2863675 0 48
2865232 0 49
2866747 0 56
2868304 0 60
2869840 0 54
2871253 0 49
2872789 0 50
2874304 0 72
2875758 0 47
2877212 0 56
2878748 0 56
2880284 0 53
2881718 0 62
2883192 0 40
2884667 0 54
2886203 0 51
2887616 0 55
2889029 0 57
2890483 0 72
2891876 0 40
2893412 0 51
2894845 0 56
2896299 0 56
2897835 0 50
2899289 0 53
2900805 0 59
2902239 0 68
2903754 0 45
2905229 0 52
2906662 0 56
2908075 0 51
2909509 0 64
2910922 0 43
2912376 0 52
2913912 0 50
2915427 0 66
2916841 0 38
2918254 0 52
2919708 0 59
2921162 0 49
2922677 0 59
2924111 0 70
2925544 0 40
2927060 0 58
2928555 0 60
2930070 0 56
2931627 0 52
2933204 0 61
2934678 0 48
2936112 0 52
2937566 0 55
2938999 0 64
2940392 0 48
2941887 0 58
2943464 0 69
2945000 0 38
2946434 0 57
2947949 0 70
2949424 0 47
2950919 0 58
2952393 0 55
2953929 0 50
2955486 0 51
2956899 0 72
2958312 0 38
2959807 0 50
2961240 0 49
2962797 0 51
2964271 0 54
2965787 0 62
2967241 0 44
2968654 0 51
2970088 0 59
2971603 0 61
2973139 0 37
2974675 0 58
2976191 0 54
2977624 0 67
2979099 0 37
2980553 0 51
2982109 0 53
2983543 0 62
2985099 0 38
2986656 0 50
2988069 0 70
2989543 0 47
2991059 0 52
2992554 0 50
2994069 0 56
2995605 0 54
2997100 0 49
2998534 0 71
2999926 0 38
3001401 0 56
3002855 0 51
3004370 0 54
3005784 0 60
3007217 0 65
3008671 0 45
3010248 0 55
3011702 0 53
3013136 0 49
3014651 0 57
3016085 0 59
3017580 0 64
3019054 0 48
3020468 0 54
3021983 0 67
3023417 0 43
3024891 0 54
3026366 0 57
3027840 0 52
3029315 0 57
3030748 0 58
3032305 0 54
3033820 0 63
3035397 0 47
3036872 0 54
3038387 0 56
3039903 0 52
3041398 0 59
3042913 0 53
3044429 0 55
3045965 0 66
3047439 0 37
3048955 0 52
3050429 0 57
3051904 0 50
3053419 0 51
3054976 0 53
3056430 0 53
3057945 0 53
3059379 0 69
3060956 0 39
3062410 0 54
3063823 0 59
3065338 0 55
3066833 0 57
3068410 0 52
3069844 0 56
3071277 0 52
3072732 0 68
3074186 0 47
3075619 0 49
3077094 0 49
3078650 0 49
3080063 0 59
3081599 0 64
3083074 0 46
3084548 0 53
3086084 0 68
3087518 0 40
3088931 0 53
3090405 0 55
3091819 0 57
3093375 0 50
3094850 0 67
3096386 0 43
3097962 0 55
3099498 0 50
3101034 0 65
3102550 0 46
3104127 0 57
3105663 0 68
3107117 0 37
3108612 0 52
3110168 0 62
3111684 0 37
3113117 0 60
3114654 0 62
3116128 0 46
3117684 0 55
3119159 0 60
3120613 0 54
3122128 0 51
3123542 0 52
3125078 0 53
3126614 0 66
3128109 0 46
3129624 0 60
3131160 0 69
3132573 0 43
3134089 0 58
3135625 0 70
3137099 0 41
3138533 0 56
3140028 0 51
3141461 0 56
3142874 0 55
3144369 0 55
3145926 0 64
3147400 0 46
3148834 0 51
3150349 0 63
3151844 0 42
3153339 0 60
3154875 0 61
3156309 0 43
3157743 0 53
3159176 0 54
3160651 0 60
3162084 0 51
3163579 0 59
3165074 0 61
3166569 0 38
3168023 0 57
3169518 0 64
3171075 0 41
3172508 0 53
3173983 0 49
3175396 0 51
3176871 0 57
3178366 0 58
3179840 0 71
3181253 0 38
3182789 0 55
3184223 0 69
3185759 0 48
3187172 0 60
3188626 0 55
3190080 0 52
3191513 0 55
3192947 0 53
3194503 0 56
3195978 0 65
3197514 0 45
3198968 0 54
3200463 0 61
3201876 0 43
3203392 0 54
3204784 0 64
3206259 0 41
3207713 0 54
3209106 0 67
3210641 0 39
3212116 0 54
3213652 0 63
3215147 0 42
3216642 0 50
3218076 0 52
3219489 0 54
3220922 0 71
3222417 0 44
3223851 0 54
3225305 0 67
3226718 0 45
3228152 0 59
3229647 0 65
3231080 0 39
3232575 0 55
3234091 0 53
3235565 0 49
3236999 0 60
3238453 0 60
3239907 0 64
3241443 0 45
3242958 0 49
3244494 0 59
3245989 0 58
3247464 0 59
3248938 0 49
3250352 0 57
3339292 0 104
3340828 0 104
3342221 0 104
3343695 0 104
3345170 0 104
3346603 0 104
3348037 0 104
3349552 0 104
3350986 0 104
3352481 0 104
3354017 0 105
3355492 0 105
3356925 0 105
3358441 0 105
3359977 0 106
3361451 0 104
3362864 0 105
3364277 0 105
3365690 0 106
3367165 0 104
3368701 0 105
3370196 0 105
3371753 0 105
3373288 0 105
3374763 0 105
3376299 0 105
3377753 0 106
3379289 0 104
3380681 0 105
3382217 0 105
3383651 0 105
3385064 0 105
3386580 0 105
3388054 0 106
3389488 0 104
3390880 0 105
3392396 0 105
3393870 0 105
3395263 0 105
3396738 0 105
3398212 0 106
3399646 0 104
3401079 0 105
3402595 0 105
3403987 0 105
3405544 0 105
3407039 0 105
3408472 0 105
3409926 0 106
3411442 0 104
3412957 0 105
3414514 0 106
3416029 0 104
3417463 0 105
3418999 0 105
3420555 0 105
3421968 0 105
3423525 0 106
3425020 0 104
3426413 0 105
3427887 0 105
3429321 0 105
3430775 0 105
3432188 0 105
3433642 0 105
3435137 0 106
3436693 0 104
3438086 0 105
3439479 0 106
3441035 0 104
3442530 0 105
3443943 0 106
3445479 0 104
3446872 0 105
3448367 0 106
3449800 0 104
3451213 0 105
3452708 0 106
3454203 0 104
3455616 0 105
3457091 0 106
3458627 0 104
3460163 0 105
3461638 0 105
3463112 0 106
3464525 0 104
3466082 0 105
3467618 0 105
3469092 0 105
3470628 0 105
3472082 0 105
3473639 0 105
3475175 0 106
3476731 0 104
3478226 0 105
3479660 0 105
3481134 0 105
3482650 0 105
3484186 0 106
3485742 0 104
3487155 0 105
3488568 0 106
3489981 0 104
3491476 0 105
3492930 0 105
3494385 0 105
3495798 0 105
3497272 0 105
3498706 0 106
3500139 0 104
3501573 0 105
3503109 0 105
3504604 0 105
3506160 0 105
3507614 0 106
3509171 0 104
3510625 0 105
3512181 0 105
3513594 0 105
3514987 0 106
3516502 0 104
3517997 0 105
3519554 0 105
3521028 0 105
3522442 0 106
3523937 0 104
3525493 0 105
3526988 0 106
3528422 0 104
3529896 0 105
3531412 0 105
3532804 0 105
3534217 0 105
3535692 0 106
3537228 0 104
3538641 0 105
3540095 0 105
3541529 0 105
3542942 0 105
3544498 0 106
3545911 0 104
3547324 0 105
3548819 0 106
3550335 0 104
3551891 0 105
3553448 0 105
3554881 0 106
3556376 0 104
3557789 0 105
3559243 0 106
3560677 0 104
3562131 0 105
3563544 0 105
3564998 0 106
3566493 0 104
3567988 0 105
3569483 0 105
3570896 0 105
3572412 0 106
3573845 0 104
3575402 0 105
3576917 0 105
3578412 0 105
3579907 0 105
3581402 0 106
3582836 0 104
3584270 0 105
3585765 0 105
3587178 0 105
3588673 0 105
3590168 0 105
3591581 0 106
3593117 0 104
3594530 0 105
3596004 0 105
3597418 0 105
3598872 0 105
3600428 0 105
3601821 0 105
3603357 0 106
3604831 0 104
3606347 0 105
3607821 0 105
3609378 0 105
3610873 0 105
3612429 0 106
3613965 0 104
3615481 0 105
3617037 0 105
3618491 0 105
3619966 0 105
3621379 0 105
3622812 0 105
3624348 0 106
3625843 0 104
3627359 0 105
3628772 0 106
3630267 0 104
3631741 0 105
3633216 0 105
3634711 0 106
3636247 0 104
3637783 0 105
3639196 0 105
3640691 0 105
3642084 0 105
3643497 0 105
3644930 0 105
3646446 0 106
3647961 0 104
3649477 0 105
3650992 0 106
3652446 0 104
3654003 0 105
3655395 0 105
3656931 0 105
3658406 0 105
3659840 0 105
3661273 0 106
3662686 0 104
3664161 0 105
3665656 0 105
3667110 0 105
3668523 0 105
3669977 0 105
3671370 0 105
3672885 0 105
3674380 0 106
3675916 0 104
3677370 0 105
3678804 0 106
3680360 0 104
3681794 0 105
3683309 0 105
3684825 0 105
3686238 0 106
3687794 0 104
3689310 0 105
3690723 0 106
3692218 0 104
3693754 0 105
3695249 0 105
3696785 0 105
3698259 0 105
3699713 0 106
3701147 0 104
3702560 0 105
3704117 0 106
3705571 0 104
3707045 0 105
3708561 0 106
3709994 0 104
3711387 0 105
3712800 0 105
3714274 0 106
3715790 0 104
3717183 0 105
3718616 0 105
3720152 0 105
3721647 0 105
3723060 0 105
3724596 0 106
3726112 0 104
3727648 0 105
3729163 0 105
3730720 0 106
3732276 0 104
3733669 0 105
3735143 0 105
3736618 0 105
3738113 0 105
3739628 0 105
3741123 0 106
3742536 0 104
3743949 0 105
3745444 0 105
3746919 0 106
3748332 0 104
3749868 0 105
3751322 0 106
3752797 0 104
3754271 0 105
3755705 0 105
3757261 0 105
3758674 0 105
3760108 0 105
3761664 0 105
3763139 0 106
3764695 0 104
3766108 0 105
3767583 0 106
3768996 0 104
3770491 0 105
3771925 0 106
3773420 0 104
3774956 0 105
3776430 0 105
3777946 0 105
3779338 0 105
3780854 0 106
3782267 0 104
3783741 0 105
3785257 0 105
3786793 0 105
3788329 0 105
3789865 0 106
3791380 0 104
3792937 0 105
3794391 0 106
3795886 0 104
3797360 0 105
3798773 0 106
3800227 0 104
3801641 0 105
3803054 0 105
3804528 0 105
3806085 0 106
3807641 0 104
3809116 0 105
3810590 0 105
3812024 0 105
3813498 0 105
3814952 0 105
3816406 0 105
3817901 0 105
3819437 0 106
3820850 0 104
3822305 0 105
3823800 0 105
3825315 0 105
3826810 0 105
3828326 0 106
3829882 0 104
3831397 0 105
3832933 0 106
3834367 0 104
3835760 0 105
3837316 0 106
3838729 0 104
3840286 0 105
3841719 0 105
3843173 0 105
3844668 0 105
3846081 0 105
3847638 0 106
3849133 0 104
3850607 0 105
3852123 0 105
3853638 0 105
3855154 0 105
3856628 0 105
3858103 0 105
3859516 0 106
3860970 0 104
3862486 0 105
3863960 0 106
3865476 0 104
3866909 0 105
3868343 0 105
3869817 0 105
3871251 0 106
3872746 0 104
3874220 0 105
3875695 0 105
3877108 0 105
3878644 0 105
3880180 0 105
3881716 0 106
3883191 0 104
3884747 0 105
3886262 0 106
3887676 0 104
3889232 0 105
3890768 0 106
3892202 0 104
3893717 0 105
3895233 0 105
3896666 0 106
3898161 0 104
3899595 0 105
3901069 0 105
3902585 0 105
3904018 0 105
3905575 0 105
3907111 0 106
3908544 0 104
3910101 0 105
3911657 0 106
3913132 0 104
3914606 0 105
3916081 0 105
3917514 0 105
3918989 0 106
3920423 0 104
3921958 0 105
3923453 0 106
3924928 0 104
3926464 0 105
3927979 0 105
3929372 0 106
3930867 0 104
3932342 0 105
3933816 0 105
3935209 0 105
3936663 0 105
3938178 0 105
3939694 0 105
3941107 0 105
3942520 0 106
3943974 0 104
3945490 0 105
3946882 0 105
3948418 0 105
3949975 0 105
3951490 0 105
3952924 0 106
3954378 0 104
3955791 0 105
3957286 0 105
3958842 0 105
3960399 0 105
3961873 0 106
3963430 0 104
3964822 0 105
3966317 0 105
3967771 0 105
3969225 0 106
3970700 0 104
3972195 0 105
3973731 0 106
3975226 0 104
3976721 0 105
3978257 0 105
3979691 0 105
3981186 0 105
3982722 0 105
3984237 0 105
3985650 0 105
3987104 0 106
3988661 0 104
3990217 0 105
3991753 0 106
3993166 0 104
3994682 0 105
3996197 0 105
3997692 0 105
3999105 0 105
4000662 0 105
4002218 0 105
4003754 0 106
4005229 0 104
4006765 0 105
4008280 0 105
4009816 0 106
4011332 0 104
4012868 0 105
4014342 0 105
4015755 0 105
4017148 0 106
4018704 0 104
4020220 0 105
4021633 0 106
4023107 0 104
4024664 0 105
4026220 0 105
4027715 0 105
4029190 0 106
4030705 0 104
4032118 0 105
4033573 0 106
4035088 0 104
4036522 0 105
4037955 0 105
4039491 0 105
4041007 0 105
4042481 0 105
4043894 0 106
4045348 0 104
4046843 0 105
4048256 0 105
4049751 0 106
4051267 0 104
4052762 0 105
4054298 0 105
4055732 0 105
4057227 0 106
4058640 0 104
4060155 0 105
4061650 0 105
4063186 0 105
4064640 0 105
4066115 0 105
4067589 0 105
4069125 0 106
4070538 0 104
4071992 0 105
4073385 0 105
4074839 0 105
4076314 0 106
4077747 0 104
4079222 0 105
4080696 0 105
4082150 0 105
4083625 0 106
4085161 0 104
4086594 0 105
4088069 0 105
4089502 0 105
4090977 0 105
4092492 0 105
4093885 0 105
4095421 0 105
4096978 0 106
4098473 0 104
4099988 0 105
4101401 0 106
4102876 0 104
4104432 0 105
4105948 0 106
4107361 0 104
4108794 0 105
4110269 0 106
4111743 0 104
4113279 0 105
4114713 0 105
4116228 0 106
4117703 0 104
4119259 0 105
4120754 0 105
4122208 0 105
4123765 0 106
4125198 0 104
4126653 0 105
4128107 0 105
4129581 0 105
4131056 0 105
4132551 0 106
4134107 0 104
4135500 0 105
4136933 0 105
4138367 0 105
4139903 0 105
4141418 0 105
4142913 0 106
4144388 0 104
4145903 0 105
4147357 0 106
4148811 0 104
4150286 0 105
4151720 0 106
4153174 0 104
4154607 0 105
4156123 0 105
4157577 0 105
4159092 0 105
4160546 0 106
4162062 0 104
4163475 0 105
4165011 0 106
4166424 0 104
4167980 0 105
4169496 0 106
4170950 0 104
4172486 0 105
4174042 0 106
4175558 0 104
4177032 0 105
4178446 0 105
4179900 0 106
4181313 0 104
4182869 0 105
4184426 0 106
4185859 0 104
4187375 0 105
4188788 0 106
4190201 0 104
4191757 0 105
4193314 0 106
4194870 0 104
4196304 0 105
4197778 0 105
4199233 0 105
4200727 0 105
4202243 0 105
4203656 0 105
4205151 0 106
4206707 0 104
4208121 0 105
4209575 0 106
4211070 0 104
4212626 0 105
4214101 0 105
4215534 0 105
4217050 0 105
4218565 0 106
4220101 0 104
4221576 0 105
4222989 0 105
4224443 0 105
4225999 0 106
4227515 0 104
4228948 0 105
4230443 0 105
4232000 0 105
4233392 0 105
4234826 0 106
4236280 0 104
4237673 0 105
4239086 0 105
4240581 0 105
