84947 0 12
86482 0 4
87957 0 12
89391 0 6
90824 0 11
92319 0 10
93814 0 10
95268 0 8
96784 0 4
98258 0 1
99651 0 24
101105 0 23
102559 0 27
104054 0 5
105569 0 20
107146 0 27
108560 0 5
110116 0 16
111652 0 30
113126 0 10
114581 0 22
116076 0 30
117550 0 7
119004 0 24
120438 0 21
121933 0 14
123428 0 22
124964 0 33
126459 0 4
127892 0 17
129428 0 28
130944 0 9
132418 0 23
133893 0 26
135367 0 5
136903 0 22
138439 0 33
139852 0 10
141286 0 24
142740 0 21
144256 0 14
145669 0 25
147205 0 7
148638 0 23
150113 0 25
151628 0 12
153164 0 17
154618 0 19
156052 0 22
157547 0 16
159042 0 32
160557 0 2
162032 0 19
163568 0 28
165104 0 10
166660 0 14
168073 0 28
169527 0 10
171043 0 24
172476 0 27
173890 0 11
175323 0 24
176777 0 13
178293 0 14
179726 0 14
181262 0 36
182716 0 3
184191 0 18
185624 0 28
187058 0 5
188512 0 20
189966 0 24
191482 0 16
192874 0 25
194410 0 2
195926 0 22
197421 0 13
198916 0 33
200390 0 11
201844 0 17
203278 0 35
204732 0 4
206104 0 23
207517 0 34
208992 0 1
210384 0 23
211920 0 17
213374 0 20
214951 0 19
216508 0 15
217900 0 23
219354 0 34
220890 0 7
222385 0 16
223799 0 32
225293 0 10
226870 0 21
228304 0 27
229779 0 12
231192 0 23
232687 0 14
234223 0 16
235697 0 23
237151 0 21
238728 0 25
240264 0 8
241800 0 21
243213 0 25
244729 0 3
246224 0 24
247698 0 18
249255 0 18
250811 0 19
252245 0 29
253658 0 3
255071 0 15
256463 0 29
257836 0 11
259228 0 21
260703 0 28
262116 0 9
263611 0 14
265044 0 27
266458 0 3
267891 0 13
269366 0 13
270820 0 13
272274 0 17
273789 0 34
275161 0 12
276697 0 15
278192 0 22
279708 0 36
281285 0 8
282759 0 13
284275 0 19
285708 0 32
287162 0 2
288658 0 24
290132 0 19
291586 0 31
293163 0 8
294678 0 22
296235 0 36
297730 0 4
299143 0 20
300638 0 32
302072 0 3
303608 0 24
305062 0 19
306557 0 18
308031 0 25
309465 0 5
310980 0 23
312516 0 17
313909 0 16
315322 0 21
316878 0 31
318373 0 9
319950 0 24
321445 0 16
322981 0 17
324456 0 16
325849 0 17
327323 0 14
328777 0 25
330211 0 4
331665 0 19
333221 0 13
334716 0 17
336252 0 13
337768 0 28
339304 0 6
340758 0 21
342314 0 14
343727 0 24
345202 0 13
346676 0 23
348130 0 24
349543 0 35
351038 0 8
352615 0 18
354090 0 27
355524 0 1
357060 0 21
358636 0 17
360070 0 34
361504 0 11
362999 0 21
364453 0 20
366009 0 18
367484 0 16
368876 0 20
370453 0 21
371969 0 33
373443 0 1
374979 0 21
376536 0 23
378031 0 31
379505 0 1
380918 0 19
382413 0 14
383867 0 20
385444 0 31
386960 0 9
388373 0 18
389806 0 20
391301 0 14
392817 0 19
394312 0 14
395807 0 27
397220 0 6
398695 0 21
400169 0 18
401644 0 17
403200 0 16
404716 0 18
406190 0 14
407726 0 25
409201 0 7
410614 0 24
412068 0 30
413440 0 4
414874 0 23
416348 0 17
417761 0 20
419297 0 22
420772 0 17
422267 0 32
423659 0 3
425195 0 18
426649 0 33
428165 0 9
429680 0 13
431155 0 20
432629 0 18
434206 0 16
435599 0 36
437032 0 3
438466 0 17
439982 0 15
441538 0 36
443013 0 12
444548 0 18
446105 0 26
447559 0 4
448972 0 20
450508 0 18
452065 0 18
453580 0 29
455096 0 11
456631 0 24
458188 0 24
459662 0 19
461198 0 18
462734 0 13
464270 0 26
465806 0 2
467281 0 20
468796 0 35
470250 0 7
471684 0 16
473056 0 30
474490 0 10
476005 0 16
477480 0 15
478913 0 21
480367 0 14
481821 0 21
483316 0 21
484852 0 24
486388 0 29
487842 0 3
489337 0 17
490873 0 19
492307 0 18
493782 0 16
495277 0 20
496854 0 19
498389 0 22
499966 0 36
501502 0 9
503018 0 14
504554 0 31
506090 0 11
507605 0 13
509039 0 13
510452 0 15
511886 0 28
513422 0 6
514958 0 22
516493 0 28
518009 0 9
519463 0 20
520917 0 24
522351 0 18
523805 0 21
525341 0 15
526836 0 19
528392 0 29
529826 0 11
531362 0 23
532898 0 18
534331 0 14
535785 0 21
537301 0 34
538816 0 11
540229 0 24
541642 0 20
543076 0 24
544489 0 20
546046 0 23
547582 0 15
549138 0 29
550654 0 3
552128 0 21
553664 0 30
555077 0 3
556511 0 16
557944 0 27
559357 0 7
560791 0 18
562204 0 18
563638 0 14
565071 0 20
566587 0 15
568000 0 21
569495 0 29
571031 0 12
572546 0 13
574062 0 23
575618 0 22
577052 0 31
578485 0 3
580042 0 24
581578 0 18
583032 0 18
584506 0 15
585960 0 15
587394 0 13
588930 0 15
590486 0 35
591981 0 6
593476 0 16
594910 0 13
596466 0 19
597941 0 15
599457 0 18
601013 0 15
602467 0 25
604044 0 10
605518 0 24
606911 0 31
608345 0 6
609860 0 24
611396 0 35
612891 0 7
614325 0 21
615799 0 14
617315 0 21
618851 0 23
620407 0 23
621841 0 35
623377 0 2
624913 0 23
626387 0 18
627862 0 22
629398 0 21
630831 0 17
632265 0 29
633698 0 9
635255 0 23
636729 0 21
638204 0 16
639679 0 14
641112 0 13
642607 0 13
644061 0 25
645495 0 8
647031 0 20
648464 0 19
650000 0 16
651393 0 21
652826 0 24
654260 0 20
655816 0 26
657209 0 2
658622 0 23
660158 0 16
661530 0 13
663025 0 13
664438 0 23
665913 0 35
667428 0 5
668883 0 22
670296 0 22
671832 0 15
673224 0 18
674637 0 15
676153 0 33
677607 0 10
679143 0 22
680679 0 24
682174 0 13
683607 0 19
685062 0 26
686515 0 11
687970 0 16
689505 0 16
691021 0 24
692536 0 19
693991 0 14
695527 0 26
696960 0 6
698394 0 13
699868 0 23
701404 0 22
702899 0 19
704415 0 35
705807 0 3
707323 0 18
708838 0 16
710333 0 20
711890 0 21
713323 0 13
714736 0 19
716211 0 26
717706 0 4
719160 0 19
720696 0 13
722232 0 15
723666 0 30
725099 0 9
726676 0 16
728192 0 16
729584 0 16
730997 0 23
732451 0 24
733946 0 25
735503 0 2
736895 0 16
738329 0 18
739865 0 18
741339 0 19
742834 0 18
744391 0 20
745886 0 33
747381 0 5
748835 0 13
750289 0 20
751723 0 20
753238 0 23
754795 0 16
756310 0 31
757826 0 2
759300 0 22
760775 0 20
762331 0 18
763744 0 32
765157 0 9
766570 0 17
768106 0 28
769540 0 5
771076 0 20
772653 0 31
774107 0 11
775561 0 21
776995 0 36
778551 0 9
779985 0 19
781439 0 33
782975 0 6
784449 0 20
786026 0 13
787582 0 26
789057 0 3
790511 0 24
791986 0 26
793378 0 4
794853 0 23
796348 0 17
797781 0 14
799317 0 25
800792 0 12
802287 0 19
803761 0 24
805175 0 32
806567 0 9
808021 0 21
809557 0 16
810929 0 26
812301 0 4
813776 0 23
815210 0 23
816746 0 19
818179 0 14
819613 0 14
821087 0 35
822541 0 6
824077 0 16
825531 0 16
826944 0 22
828419 0 27
829832 0 2
831368 0 22
832863 0 22
834378 0 20
835853 0 13
837246 0 14
838761 0 15
840297 0 20
841833 0 36
843328 0 6
844762 0 21
846339 0 15
847752 0 20
849206 0 20
850783 0 27
852257 0 11
853650 0 19
855227 0 13
856640 0 18
858196 0 30
859589 0 5
861125 0 21
862579 0 26
864053 0 5
865487 0 23
866962 0 14
868375 0 14
869767 0 22
871221 0 13
872675 0 15
874170 0 27
875563 0 7
877038 0 23
878533 0 35
880048 0 4
881523 0 24
883059 0 15
884595 0 17
885987 0 26
887400 0 9
888936 0 23
890472 0 24
891926 0 19
893421 0 15
894834 0 17
896350 0 28
897824 0 10
899381 0 22
900917 0 25
902432 0 10
903989 0 18
905422 0 16
906938 0 18
908474 0 36
909907 0 1
911402 0 15
912877 0 17
914290 0 31
915744 0 5
917260 0 23
918734 0 23
920291 0 33
921745 0 5
923158 0 14
924591 0 36
926066 0 1
927581 0 21
929035 0 26
930428 0 2
931841 0 18
933398 0 34
934831 0 9
936388 0 23
937842 0 33
939378 0 12
940791 0 21
942327 0 16
943740 0 13
945235 0 36
946668 0 2
948163 0 23
949556 0 24
951051 0 18
952567 0 18
954062 0 28
955475 0 1
956929 0 19
958383 0 21
959919 0 16
961291 0 22
962847 0 31
964342 0 9
965776 0 20
967230 0 17
968663 0 15
970179 0 30
971633 0 9
973128 0 13
974521 0 13
975975 0 25
977511 0 11
979026 0 24
980480 0 23
981975 0 24
983388 0 19
984842 0 16
986235 0 13
1003294 0 101
1004830 0 101
1006284 0 101
1007697 0 101
1009172 0 101
1010708 0 101
1012223 0 101
1013718 0 101
1015213 0 101
1016708 0 101
1018183 0 102
1019657 0 102
1021214 0 103
1022709 0 101
1024204 0 102
1025719 0 103
1027214 0 101
1028730 0 102
1030266 0 103
1031822 0 101
1033256 0 102
1034751 0 103
1036164 0 101
1037659 0 102
1039175 0 102
1040670 0 102
1042185 0 103
1043680 0 101
1045155 0 102
1046588 0 102
1048022 0 103
1049476 0 101
1050930 0 102
1052445 0 103
1053899 0 101
1055333 0 102
1056828 0 103
1058262 0 101
1059757 0 102
1061272 0 102
1062767 0 102
1064180 0 102
1065716 0 102
1067109 0 103
1068604 0 101
1070119 0 102
1071614 0 102
1073089 0 102
1074625 0 102
1076120 0 102
1077574 0 102
1078987 0 102
1080523 0 103
1081957 0 101
1083472 0 102
1084885 0 102
1086278 0 103
1087793 0 101
1089247 0 102
1090640 0 103
1092114 0 101
1093548 0 102
1094982 0 102
1096497 0 102
1098033 0 103
1099508 0 101
1100962 0 102
1102498 0 102
1103993 0 102
1105467 0 102
1106880 0 102
1108355 0 103
1109850 0 101
1111345 0 102
1112881 0 103
1114437 0 101
1115912 0 102
1117448 0 102
1118861 0 102
1120274 0 102
1121789 0 102
1123305 0 103
1124718 0 101
1126213 0 102
1127688 0 103
1129244 0 101
1130657 0 102
1132132 0 102
1133545 0 102
1134978 0 103
1136473 0 101
1137968 0 102
1139361 0 102
1140774 0 102
1142290 0 103
1143723 0 101
1145116 0 102
1146529 0 102
1148044 0 102
1149539 0 102
1150952 0 103
1152447 0 101
1153840 0 102
1155315 0 102
1156851 0 102
1158366 0 102
1159861 0 102
1161336 0 103
1162892 0 101
1164305 0 102
1165821 0 102
1167234 0 102
1168770 0 102
1170203 0 102
1171637 0 103
1173132 0 101
1174586 0 102
1176020 0 103
1177515 0 101
1179010 0 102
1180525 0 102
1182000 0 102
1183495 0 103
1185010 0 101
1186546 0 102
1188062 0 103
1189557 0 101
1190949 0 102
1192403 0 102
1193857 0 102
1195311 0 102
1196704 0 103
1198260 0 101
1199653 0 102
1201148 0 103
1202623 0 101
1204036 0 102
1205551 0 102
1207026 0 102
1208500 0 102
1209893 0 102
1211347 0 103
1212903 0 101
1214357 0 102
1215811 0 102
1217306 0 102
1218720 0 102
1220112 0 102
1221566 0 102
1223061 0 103
1224536 0 101
1226031 0 102
1227485 0 103
1228980 0 101
1230434 0 102
1231888 0 102
1233363 0 102
1234898 0 103
1236393 0 101
1237868 0 102
1239343 0 102
1240797 0 102
1242230 0 103
1243787 0 101
1245302 0 102
1246797 0 102
1248210 0 103
1249746 0 101
1251180 0 102
1252593 0 103
1254129 0 101
1255583 0 102
1257037 0 103
1258450 0 101
1259843 0 102
1261297 0 102
1262710 0 102
1264246 0 103
1265761 0 101
1267256 0 102
1268649 0 103
1270185 0 101
1271578 0 102
1272991 0 102
1274404 0 103
1275858 0 101
1277394 0 102
1278909 0 102
1280425 0 102
1281981 0 102
1283497 0 103
1285033 0 101
1286507 0 102
1287961 0 102
1289415 0 102
1290931 0 102
1292426 0 102
1293982 0 102
1295518 0 102
1297034 0 103
1298508 0 101
1299983 0 102
1301539 0 103
1303075 0 101
1304550 0 102
1306024 0 102
1307519 0 102
1308994 0 103
1310427 0 101
1311820 0 102
1313213 0 102
1314728 0 102
1316223 0 102
1317698 0 103
1319172 0 101
1320565 0 102
1321978 0 102
1323452 0 102
1324886 0 102
1326361 0 102
1327835 0 103
1329392 0 101
1330846 0 102
1332279 0 103
1333754 0 101
1335146 0 102
1336559 0 103
1338116 0 101
1339631 0 102
1341167 0 102
1342662 0 103
1344178 0 101
1345611 0 102
1347147 0 102
1348642 0 102
1350178 0 102
1351591 0 102
1352984 0 102
1354520 0 102
1355954 0 103
1357490 0 101
1358903 0 102
1360316 0 103
1361831 0 101
1363347 0 102
1364760 0 103
1366234 0 101
1367770 0 102
1369224 0 102
1370617 0 102
1372071 0 102
1373484 0 102
1374897 0 102
1376392 0 102
1377805 0 103
1379341 0 101
1380857 0 102
1382311 0 102
1383847 0 102
1385362 0 102
1386776 0 102
1388230 0 102
1389643 0 103
1391179 0 101
1392612 0 102
1394087 0 102
1395541 0 102
1396995 0 102
1398449 0 102
1399882 0 102
1401337 0 103
1402872 0 101
1404347 0 102
1405760 0 102
1407173 0 102
1408586 0 102
1410122 0 102
1411597 0 103
1413092 0 101
1414607 0 102
1416000 0 102
1417413 0 102
1418867 0 102
1420403 0 103
1421878 0 101
1423291 0 102
1424827 0 102
1426342 0 103
1427755 0 101
1429312 0 102
1430827 0 103
1432261 0 101
1433776 0 102
1435230 0 103
1436807 0 101
1438241 0 102
1439756 0 102
1441292 0 102
1442726 0 102
1444262 0 103
1445675 0 101
1447088 0 102
1448542 0 102
1450058 0 103
1451512 0 101
1453007 0 102
1454420 0 103
1455935 0 101
1457328 0 102
1458823 0 102
1460297 0 102
1461833 0 102
1463287 0 102
1464721 0 102
1466216 0 103
1467650 0 101
1469063 0 102
1470476 0 102
1471950 0 102
1473404 0 102
1474961 0 102
1476435 0 102
1477930 0 103
1479364 0 101
1480777 0 102
1482293 0 102
1483808 0 102
1485283 0 103
1486819 0 101
1488314 0 102
1489727 0 102
1491119 0 102
1492635 0 103
1494130 0 101
1495645 0 102
1497161 0 102
1498615 0 102
1500069 0 103
1501543 0 101
1502936 0 102
1504431 0 102
1505926 0 102
1507360 0 102
1508834 0 102
1510350 0 102
1511886 0 103
1513381 0 101
1514876 0 102
1516391 0 102
1517784 0 102
1519238 0 102
1520753 0 102
1522269 0 103
1523784 0 101
1525238 0 102
1526733 0 103
1528269 0 101
1529703 0 102
1531218 0 102
1532713 0 102
1534127 0 102
1535581 0 102
1537014 0 103
1538591 0 101
1540127 0 102
1541622 0 102
1543138 0 103
1544674 0 101
1546066 0 102
1547520 0 103
1549036 0 101
1550572 0 102
1552108 0 102
1553521 0 102
1555077 0 103
1556593 0 101
1558129 0 102
1559603 0 102
1561016 0 102
1562470 0 102
1564006 0 102
1565501 0 102
1566914 0 103
1568368 0 101
1569782 0 102
1571277 0 102
1572792 0 102
1574267 0 102
1575762 0 102
1577154 0 103
1578608 0 101
1580062 0 102
1581578 0 102
1583032 0 103
1584506 0 101
1586001 0 102
1587394 0 103
1588951 0 101
1590343 0 102
1591838 0 102
1593354 0 102
1594767 0 102
1596159 0 102
1597552 0 103
1599006 0 101
1600399 0 102
1601894 0 102
1603348 0 102
1604761 0 102
1606256 0 102
1607669 0 103
1609246 0 101
1610720 0 102
1612195 0 103
1613649 0 101
1615185 0 102
1616639 0 102
1618134 0 102
1619527 0 103
1621042 0 101
1622599 0 102
1624012 0 102
1625445 0 102
1626858 0 102
1628292 0 102
1629746 0 102
1631221 0 103
1632675 0 101
1634211 0 102
1635706 0 102
1637201 0 102
1638655 0 102
1640047 0 103
1641583 0 101
1643058 0 102
1644553 0 102
1646089 0 102
1647625 0 102
1649017 0 102
1650410 0 102
1651864 0 103
1653420 0 101
1654915 0 102
1656329 0 103
1657844 0 101
1659278 0 102
1660773 0 102
1662288 0 102
1663763 0 102
1665237 0 102
1666671 0 102
1668125 0 103
1669681 0 101
1671156 0 102
1672630 0 102
1674166 0 102
1675559 0 103
1676993 0 101
1678467 0 102
1679921 0 102
1681457 0 103
1682870 0 101
1684345 0 102
1685758 0 103
1687171 0 101
1688666 0 102
1690202 0 103
1691758 0 101
1693253 0 102
1694666 0 102
1696100 0 103
1697615 0 101
1699151 0 102
1700544 0 102
1701957 0 102
1703432 0 103
1704845 0 101
1706278 0 102
1707691 0 103
1709207 0 101
1710682 0 102
1712156 0 102
1713672 0 102
1715105 0 102
1716600 0 102
1718034 0 102
1719570 0 103
1721003 0 101
1722498 0 102
1723911 0 102
1725365 0 103
1726779 0 101
1728294 0 102
1729850 0 103
1731345 0 101
1732820 0 102
1734335 0 102
1735871 0 103
1737305 0 101
1738841 0 102
1740316 0 102
1741852 0 102
1743408 0 103
1744842 0 101
1746337 0 102
1747852 0 103
1749388 0 101
1750822 0 102
1752296 0 102
1753750 0 103
1755245 0 101
1756679 0 102
1758092 0 103
1759628 0 101
1761102 0 102
1762618 0 102
1764133 0 102
1765649 0 103
1767062 0 101
1768537 0 102
1769970 0 102
1771424 0 103
1772940 0 101
1774476 0 102
1775889 0 103
1777425 0 101
1778838 0 102
1780312 0 102
1781807 0 102
1783241 0 102
1784736 0 102
1786128 0 103
1787705 0 101
1789119 0 102
1790655 0 102
1792068 0 102
1793501 0 102
1794894 0 102
1796327 0 102
1797822 0 103
1799358 0 101
1800853 0 102
1802369 0 102
1803905 0 102
1805400 0 102
1806956 0 103
1808451 0 101
1809844 0 102
1811257 0 103
1812793 0 101
1814247 0 102
1815742 0 102
1817237 0 102
1818691 0 103
1820166 0 101
1821599 0 102
1823074 0 102
1824548 0 102
1825961 0 102
1827456 0 102
1829013 0 102
1830467 0 103
1832023 0 101
1833436 0 102
1834972 0 102
1836427 0 102
1837881 0 102
1839417 0 103
1840830 0 101
1842222 0 102
1843717 0 103
1845192 0 101
1846646 0 102
1848059 0 102
1849554 0 102
1850988 0 102
1852503 0 102
1854039 0 103
1855473 0 101
1856947 0 102
1858463 0 102
1859876 0 102
1861391 0 102
1862804 0 103
1864320 0 101
1865835 0 102
1867330 0 103
1868764 0 101
1870218 0 102
1871611 0 103
1873126 0 101
1874580 0 102
1876055 0 103
1877570 0 101
1878983 0 102
1880540 0 103
1882096 0 101
1883591 0 102
1885066 0 102
1886499 0 102
1887994 0 102
1889510 0 102
1890943 0 103
1892479 0 101
1893954 0 102
1895367 0 103
1896923 0 101
1898439 0 102
1899831 0 102
1901367 0 102
1934060 0 37
1935493 0 47
1937029 0 39
1938524 0 40
1939937 0 48
1941494 0 43
1942968 0 38
1944504 0 45
1945979 0 43
1947453 0 37
1948846 0 49
1950361 0 51
1951856 0 60
1953372 0 57
1954887 0 54
1956362 0 64
1957857 0 41
1959270 0 49
1960806 0 55
1962260 0 57
1963816 0 60
1965250 0 55
1966807 0 63
1968302 0 48
1969837 0 54
1971373 0 53
1972930 0 51
1974384 0 56
1975797 0 72
1977251 0 43
1978787 0 55
1980282 0 51
1981818 0 57
1983272 0 66
1984788 0 41
1986221 0 58
1987798 0 70
1989232 0 37
1990706 0 49
1992242 0 59
1993758 0 58
1995253 0 72
1996686 0 45
1998181 0 52
1999635 0 70
2001110 0 43
2002646 0 51
2004100 0 60
2005554 0 59
2007008 0 52
2008421 0 57
2009978 0 61
2011514 0 43
2012947 0 49
2014401 0 64
2015835 0 39
2017248 0 60
2018722 0 58
2020197 0 72
2021631 0 43
2023085 0 49
2024498 0 54
2026034 0 61
2027529 0 40
2029085 0 56
2030498 0 59
2031952 0 50
2033447 0 56
2034901 0 66
2036437 0 48
2037973 0 49
2039509 0 55
2041004 0 52
2042438 0 54
2043912 0 64
2045305 0 37
2046820 0 51
2048315 0 52
2049872 0 51
2051346 0 51
2052821 0 68
2054316 0 46
2055831 0 51
2057265 0 51
2058699 0 49
2060255 0 54
2061689 0 62
2063245 0 41
2064699 0 58
2066276 0 69
2067812 0 37
2069307 0 58
2070864 0 51
2072318 0 60
2073731 0 66
2075267 0 48
2076803 0 55
2078298 0 53
2079711 0 59
2081267 0 57
2082844 0 59
2084298 0 57
2085752 0 56
2087165 0 65
2088660 0 40
2090176 0 50
2091671 0 60
2093145 0 50
2094600 0 56
2096115 0 54
2097569 0 54
2099125 0 62
2100620 0 42
2102136 0 57
2103651 0 54
2105187 0 51
2106641 0 59
2108096 0 70
2109488 0 48
2110922 0 60
2112396 0 49
2113912 0 51
2115448 0 71
2116922 0 48
2118438 0 55
2119953 0 53
2121428 0 52
2122882 0 52
2124377 0 60
2125790 0 55
2127264 0 60
2128780 0 63
2130234 0 44
2131790 0 57
2133265 0 49
2134801 0 68
2136214 0 40
2137709 0 50
2139122 0 49
2140576 0 57
2142112 0 70
2143587 0 41
2145020 0 56
2146454 0 60
2147990 0 65
2149464 0 39
2151021 0 56
2152434 0 50
2153909 0 55
2155322 0 57
2156755 0 57
2158312 0 55
2159786 0 65
2161343 0 48
2162858 0 57
2164415 0 51
2165971 0 64
2167384 0 45
2168818 0 59
2170231 0 62
2171767 0 41
2173200 0 55
2174757 0 71
2176211 0 41
2177726 0 55
2179283 0 72
2180757 0 46
2182191 0 49
2183706 0 60
2185181 0 57
2186676 0 51
2188110 0 55
2189625 0 68
2191038 0 40
2192595 0 54
2193987 0 63
2195441 0 42
2196834 0 53
2198267 0 52
2199701 0 56
2201155 0 59
2202630 0 54
2204145 0 65
2205640 0 43
2207197 0 52
2208732 0 61
2210187 0 42
2211682 0 57
2213218 0 51
2214713 0 58
2216249 0 60
2217784 0 70
2219218 0 45
2220754 0 60
2222311 0 54
2223826 0 54
2225362 0 60
2226775 0 56
2228188 0 52
2229724 0 64
2231199 0 45
2232735 0 59
2234168 0 55
2235602 0 52
2237056 0 55
2238592 0 64
2240148 0 39
2241602 0 56
2243056 0 70
2244449 0 38
2245944 0 57
2247378 0 64
2248791 0 43
2250265 0 56
2251740 0 71
2253214 0 41
2254689 0 52
2256102 0 60
2257535 0 59
2259071 0 69
2260526 0 42
2262041 0 53
2263577 0 62
2265113 0 38
2266587 0 56
2268103 0 67
2269598 0 41
2271093 0 59
2272609 0 65
2274022 0 40
2275558 0 60
2276971 0 55
2278466 0 52
2279899 0 59
2281415 0 59
2282971 0 60
2284446 0 64
2285982 0 48
2287456 0 53
2288972 0 68
2290426 0 46
2291859 0 50
2293395 0 64
2294870 0 46
2296324 0 56
2297860 0 59
2299396 0 65
2300952 0 46
2302488 0 60
2303922 0 64
2305458 0 42
2307014 0 51
2308407 0 58
2309984 0 55
2311458 0 67
2312912 0 47
2314428 0 58
2315923 0 55
2317377 0 51
2318892 0 56
2320326 0 54
2321780 0 58
2323337 0 64
2324873 0 47
2326388 0 57
2327965 0 49
2329440 0 58
2330873 0 60
2332348 0 53
2333802 0 52
2335297 0 53
2336792 0 69
2338369 0 39
2339905 0 55
2341441 0 68
2342874 0 42
2344390 0 49
2345926 0 51
2347380 0 60
2348813 0 52
2350247 0 68
2351680 0 38
2353093 0 58
2354650 0 66
2356186 0 46
2357681 0 49
2359155 0 60
2360610 0 69
2362125 0 40
2363559 0 59
2365095 0 53
2366569 0 52
2368105 0 71
2369641 0 46
2371136 0 60
2372672 0 54
2374188 0 60
2375683 0 51
2377116 0 52
2378529 0 69
2380086 0 44
2381540 0 50
2383055 0 57
2384612 0 55
2386066 0 52
2387520 0 53
2388994 0 55
2390510 0 67
2392025 0 43
2393520 0 53
2395077 0 60
2396510 0 70
2397944 0 48
2399377 0 50
2400852 0 51
2402327 0 53
2403801 0 51
2405317 0 70
2406730 0 41
2408184 0 56
2409720 0 49
2411153 0 65
2412628 0 48
2414041 0 54
2415577 0 67
2416990 0 38
2418424 0 50
2419980 0 71
2421373 0 43
2422806 0 57
2424383 0 68
2425878 0 40
2427394 0 59
2428889 0 63
2430425 0 43
2431961 0 50
2433517 0 62
2435074 0 46
2436569 0 59
2437982 0 68
2439518 0 46
2440951 0 54
2442446 0 56
2443859 0 66
2445313 0 46
2446747 0 57
2448324 0 49
2449819 0 51
2451273 0 52
2452706 0 63
2454140 0 48
2455594 0 54
2457028 0 58
2458523 0 53
2460079 0 49
2461615 0 53
2463028 0 62
2464462 0 40
2465875 0 58
2467411 0 58
2468885 0 52
2470442 0 51
2471978 0 61
2473432 0 42
2474988 0 55
2476422 0 59
2477978 0 55
2479453 0 70
2480968 0 48
2482402 0 53
2483958 0 58
2485412 0 52
2486887 0 69
2488362 0 39
2489857 0 56
2491290 0 49
2492703 0 53
2494219 0 58
2495652 0 58
2497106 0 64
2498560 0 37
2500035 0 54
2501448 0 52
2502861 0 54
2504397 0 52
2505831 0 60
2507346 0 54
2508882 0 58
2510418 0 62
2511954 0 47
2513470 0 51
2514924 0 52
2516337 0 59
2517750 0 68
2519286 0 40
2520822 0 55
2522255 0 53
2523771 0 54
2525307 0 57
2526884 0 51
2528338 0 71
2529894 0 41
2531410 0 53
2532823 0 52
2534359 0 54
2535915 0 51
2537431 0 53
2538967 0 60
2540482 0 54
2541916 0 67
2543431 0 42
2544844 0 51
2546319 0 59
2547773 0 51
2549227 0 60
2550763 0 50
2552197 0 57
2553692 0 66
2555248 0 42
2556743 0 58
2558299 0 52
2559713 0 54
2561167 0 70
2562518 0 48
2564034 0 58
2565467 0 57
2567024 0 56
2568498 0 54
2569932 0 70
2571427 0 41
2572881 0 55
2574417 0 68
2575953 0 43
2577427 0 55
2578963 0 51
2580417 0 61
2581953 0 40
2583469 0 59
2584923 0 55
2586398 0 53
2587852 0 71
2589388 0 46
2590903 0 50
2592316 0 57
2593832 0 60
2595347 0 55
2596842 0 64
2598358 0 38
2599894 0 52
2601368 0 60
2602904 0 57
2604338 0 67
2605792 0 46
2607246 0 50
2608700 0 62
2610092 0 46
2611567 0 54
2613001 0 71
2614557 0 39
2616011 0 58
2617445 0 54
2618940 0 52
2620394 0 49
2621868 0 71
2623384 0 43
2624797 0 53
2626353 0 51
2627787 0 57
2629220 0 60
2630634 0 62
2632129 0 46
2633624 0 57
2635160 0 63
2636614 0 43
2638047 0 55
2639583 0 50
2641119 0 53
2642594 0 68
2644068 0 47
2645584 0 56
2647017 0 56
2648553 0 72
2650028 0 46
2651605 0 59
2653120 0 49
2654636 0 49
2656131 0 55
2657646 0 49
2659121 0 50
2660636 0 71
2662111 0 37
2663647 0 55
2665183 0 50
2666657 0 59
2668193 0 63
2669647 0 38
2671101 0 59
2672535 0 52
2673948 0 66
2675361 0 48
2676815 0 53
2678310 0 66
2679723 0 41
2681239 0 58
2682693 0 55
2684147 0 59
2685560 0 60
2687035 0 52
2688489 0 56
2689943 0 54
2691356 0 62
2692810 0 37
2694243 0 51
2695697 0 59
2697213 0 58
2698646 0 49
2700203 0 64
2701718 0 48
2703275 0 55
2704688 0 61
2706183 0 48
2707719 0 52
2709255 0 64
2710648 0 44
2712163 0 59
2713658 0 72
2715112 0 45
2716628 0 55
2718164 0 63
2719597 0 42
2721133 0 59
2722649 0 51
2724103 0 67
2725639 0 46
2727216 0 52
2728629 0 49
2730103 0 71
2731516 0 43
2733073 0 52
2734588 0 60
2736104 0 52
2737599 0 66
2739114 0 39
2740527 0 53
2742084 0 50
2743497 0 60
2744951 0 60
2746466 0 57
2747982 0 49
2749538 0 64
2751054 0 44
2752487 0 51
2753921 0 65
2755477 0 42
2756891 0 49
2758324 0 51
2759860 0 57
2761355 0 70
2762850 0 42
2764366 0 59
2765840 0 54
2767253 0 57
2768769 0 56
2770182 0 72
2771574 0 39
2773049 0 55
2774524 0 54
2776019 0 53
2777452 0 59
2779009 0 58
2780565 0 56
2781978 0 71
2783371 0 40
2784784 0 54
2786197 0 56
2787692 0 59
2789248 0 59
2790764 0 65
2792197 0 42
2793631 0 59
2795044 0 60
2796457 0 70
2797932 0 40
2799345 0 59
2800799 0 61
2802335 0 47
2803850 0 56
2805366 0 54
2806861 0 59
2808417 0 68
2809892 0 37
2811346 0 56
2812841 0 60
2814356 0 50
2815913 0 51
2817408 0 52
2818862 0 66
2820418 0 37
2821954 0 60
2823470 0 72
2824944 0 39
2826337 0 55
2827750 0 58
2829225 0 50
2830699 0 65
2832153 0 41
2833710 0 54
2835143 0 61
2836659 0 42
2838195 0 49
2859041 0 104
2860475 0 104
2861888 0 104
2863383 0 104
2864796 0 104
2866291 0 104
2867704 0 104
2869158 0 104
2870571 0 104
2872066 0 104
2873500 0 105
2875036 0 105
2876551 0 106
2877944 0 104
2879460 0 105
2880934 0 105
2882409 0 105
2883822 0 105
2885358 0 105
2886873 0 106
2888307 0 104
2889843 0 105
2891399 0 105
2892812 0 105
2894348 0 105
2895864 0 106
2897359 0 104
2898792 0 105
2900226 0 105
2901619 0 105
2903052 0 105
2904568 0 105
2906104 0 106
2907660 0 104
2909176 0 105
2910650 0 105
2912186 0 106
2913742 0 104
2915238 0 105
2916692 0 105
2918228 0 105
2919764 0 105
2921197 0 105
2922610 0 105
2924126 0 106
2925539 0 104
2927054 0 105
2928590 0 105
2930126 0 105
2931642 0 105
2933075 0 105
2934611 0 106
2936106 0 104
2937540 0 105
2939076 0 105
2940530 0 105
2941963 0 105
2943520 0 106
2944933 0 104
2946448 0 105
2947964 0 106
2949418 0 104
2950872 0 105
2952388 0 106
2953842 0 104
2955296 0 105
2956709 0 105
2958122 0 105
2959637 0 105
2961112 0 106
2962627 0 104
2964122 0 105
2965597 0 105
2967010 0 105
2968423 0 106
2969959 0 104
2971393 0 105
2972847 0 106
2974280 0 104
2975673 0 105
2977107 0 105
2978581 0 105
2980117 0 105
2981571 0 106
2983066 0 104
2984561 0 105
2985954 0 106
2987469 0 104
2988862 0 105
2990275 0 105
2991749 0 105
2993183 0 105
2994596 0 105
2996009 0 105
2997525 0 106
2998938 0 104
3000371 0 105
3001784 0 105
3003177 0 105
3004611 0 105
3006044 0 106
3007519 0 104
3008932 0 105
3010488 0 106
3012024 0 104
3013519 0 105
3015076 0 106
3016509 0 104
3017902 0 105
3019356 0 105
3020749 0 105
3022203 0 105
3023616 0 105
3025152 0 106
3026647 0 104
3028101 0 105
3029616 0 105
3031070 0 105
3032565 0 105
3034101 0 105
3035535 0 106
3036989 0 104
3038525 0 105
3039999 0 105
3041535 0 105
3042990 0 105
3044382 0 106
3045795 0 104
3047208 0 105
3048765 0 106
3050321 0 104
3051837 0 105
3053270 0 106
3054786 0 104
3056301 0 105
3057817 0 106
3059230 0 104
3060745 0 105
3062281 0 106
3063817 0 104
3065353 0 105
3066807 0 106
3068200 0 104
3069736 0 105
3071210 0 105
3072685 0 105
3074139 0 105
3075675 0 105
3077231 0 105
3078645 0 105
3080099 0 106
3081635 0 104
3083191 0 105
3084604 0 106
3086161 0 104
3087615 0 105
3089048 0 106
3090605 0 104
3092161 0 105
3093574 0 105
3095110 0 105
3096503 0 106
3097998 0 104
3099493 0 105
3101008 0 105
3102442 0 105
3103855 0 106
3105411 0 104
3106866 0 105
3108361 0 106
3109815 0 104
3111207 0 105
3112743 0 106
3114279 0 104
3115815 0 105
3117331 0 106
3118723 0 104
3120280 0 105
3121693 0 106
3123249 0 104
3124703 0 105
3126157 0 105
3127611 0 105
3129147 0 105
3130540 0 106
3131953 0 104
3133366 0 105
3134841 0 105
3136295 0 105
3137790 0 105
3139223 0 105
3140739 0 106
3142254 0 104
3143749 0 105
3145265 0 105
3146801 0 105
3148337 0 105
3149873 0 105
3151327 0 106
3152842 0 104
3154337 0 105
3155894 0 106
3157409 0 104
3158925 0 105
3160317 0 105
3161792 0 105
3163246 0 106
3164680 0 104
3166113 0 105
3167567 0 106
3169062 0 104
3170619 0 105
3172134 0 106
3173588 0 104
3175083 0 105
3176517 0 105
3177950 0 105
3179507 0 105
3181002 0 105
3182415 0 106
3183869 0 104
3185425 0 105
3186900 0 106
3188395 0 104
3189829 0 105
3191242 0 105
3192655 0 106
3194170 0 104
3195624 0 105
3197058 0 105
3198471 0 105
3199966 0 106
3201379 0 104
3202813 0 105
3204308 0 105
3205803 0 105
3207318 0 105
3208834 0 105
3210267 0 105
3211803 0 106
3213319 0 104
3214834 0 105
3216391 0 105
3217824 0 105
3219258 0 105
3220691 0 105
3222145 0 106
3223702 0 104
3225197 0 105
3226651 0 106
3228187 0 104
3229600 0 105
3231054 0 106
3232529 0 104
3233962 0 105
3235498 0 105
3236973 0 105
3238468 0 105
3240004 0 106
3241519 0 104
3242973 0 105
3244407 0 106
3245840 0 104
3247294 0 105
3248708 0 105
3250182 0 105
3251616 0 105
3253070 0 105
3254606 0 106
3256142 0 104
3257657 0 105
3259173 0 105
3260668 0 105
3262122 0 105
3263658 0 105
3265153 0 105
3266566 0 105
3267958 0 106
3269412 0 104
3270907 0 105
3272321 0 106
3273754 0 104
3275311 0 105
3276847 0 105
3278342 0 105
3279775 0 105
3281168 0 105
3282642 0 106
3284199 0 104
3285653 0 105
3287045 0 105
3288499 0 106
3290035 0 104
3291489 0 105
3292923 0 105
3294316 0 106
3295790 0 104
3297306 0 105
3298801 0 105
3300337 0 105
3301770 0 105
3303224 0 105
3304760 0 105
3306276 0 106
3307771 0 104
3309184 0 105
3310658 0 105
3312215 0 106
3313628 0 104
3315062 0 105
3316536 0 105
3317990 0 105
3319403 0 106
3320816 0 104
3322332 0 105
3323786 0 105
3325260 0 105
3326817 0 105
3328353 0 105
3329889 0 106
3331404 0 104
3332940 0 105
3334497 0 105
3336012 0 106
3337548 0 104
3339064 0 105
3340538 0 105
3341931 0 105
3343323 0 105
3344777 0 106
3346232 0 104
3347624 0 105
3349140 0 106
3350573 0 104
3351986 0 105
3353502 0 105
3354976 0 105
3356410 0 105
3357966 0 106
3359502 0 104
3360936 0 105
3362410 0 105
3363885 0 106
3365360 0 104
3366793 0 105
3368329 0 105
3369783 0 105
3371196 0 105
3372630 0 105
3374043 0 105
3375517 0 106
3377012 0 104
3378528 0 105
3380064 0 106
3381559 0 104
3383054 0 105
3384610 0 105
3386023 0 105
3387559 0 105
3389095 0 106
3390590 0 104
3392004 0 105
3393437 0 105
3394830 0 105
3396345 0 105
3397779 0 106
3399335 0 104
3400871 0 105
3402284 0 106
3403800 0 104
3405233 0 105
3406667 0 105
3408080 0 105
3409514 0 105
3410988 0 105
3412422 0 106
3413958 0 104
3415494 0 105
3417030 0 105
3418525 0 105
3419979 0 105
3421453 0 105
3422989 0 105
3424505 0 106
3425979 0 104
3427474 0 105
3428969 0 106
3430526 0 104
3432041 0 105
3433557 0 105
3434990 0 105
3436444 0 105
3438001 0 106
3439496 0 104
3440909 0 105
3442424 0 105
3443919 0 105
3445353 0 105
3446909 0 106
3448404 0 104
3449961 0 105
3451394 0 106
3452951 0 104
3454405 0 105
3455859 0 106
3457416 0 104
3458829 0 105
3460385 0 106
3461798 0 104
3463273 0 105
3464686 0 105
3466119 0 105
3467676 0 106
3469212 0 104
3470768 0 105
3472284 0 106
3473697 0 104
3475212 0 105
3476646 0 106
3478100 0 104
3479574 0 105
3480988 0 105
3482421 0 105
3483978 0 105
3485534 0 106
3487050 0 104
3488565 0 105
3490101 0 106
3491658 0 104
3493214 0 105
3494688 0 105
3496142 0 105
3497658 0 105
3499214 0 106
3500750 0 104
3502204 0 105
3503618 0 106
3505072 0 104
3506608 0 105
3508041 0 105
3509434 0 105
3510826 0 105
3512321 0 105
3513857 0 106
3515271 0 104
3516704 0 105
3518220 0 106
3519653 0 104
3521169 0 105
3522643 0 105
3524056 0 105
3525510 0 105
3527026 0 106
3528582 0 104
3530016 0 105
3531490 0 105
3532965 0 105
3534480 0 105
3535914 0 105
3537470 0 106
3538945 0 104
3540358 0 105
3541812 0 106
3543287 0 104
3544782 0 105
3546256 0 105
3547669 0 105
3549185 0 105
3550721 0 105
3552154 0 106
3553629 0 104
3555165 0 105
3556701 0 106
3558155 0 104
3559650 0 105
3561083 0 105
3562640 0 105
3564053 0 105
3565568 0 106
3566982 0 104
3568395 0 105
3569890 0 105
3571405 0 105
3572962 0 106
3574457 0 104
3575931 0 105
3577447 0 105
3578860 0 105
3580293 0 105
3581727 0 106
3583201 0 104
3584737 0 105
3586273 0 105
3587686 0 105
3589202 0 105
3590636 0 105
3592110 0 105
3593667 0 105
3595121 0 106
3596677 0 104
3598070 0 105
3599626 0 105
3601060 0 105
3602473 0 106
3603906 0 104
3605319 0 105
3606876 0 105
3608371 0 105
3609845 0 105
3611259 0 105
3612754 0 106
3614310 0 104
3615764 0 105
3617218 0 106
3618631 0 104
3620147 0 105
3621683 0 106
3623178 0 104
3624673 0 105
3626106 0 106
3627519 0 104
3628912 0 105
3630346 0 105
3631779 0 105
3633295 0 105
3634851 0 105
3636264 0 105
3637739 0 106
3639234 0 104
3640667 0 105
3642203 0 106
3643678 0 104
3645214 0 105
3646770 0 105
3648183 0 105
3649678 0 105
3651235 0 105
3652771 0 105
3654163 0 105
3655658 0 106
3657194 0 104
3658628 0 105
3660102 0 106
3661659 0 104
3663174 0 105
3664649 0 105
3666123 0 105
3667639 0 106
3669052 0 104
3670506 0 105
3672022 0 105
3673414 0 105
3674950 0 105
3676466 0 106
3677920 0 104
3679476 0 105
3680992 0 106
3682446 0 104
3683859 0 105
3685292 0 105
3686787 0 105
3688221 0 105
3689675 0 105
3691068 0 106
3692481 0 104
3693955 0 105
3695471 0 106
3696945 0 104
3698502 0 105
3699894 0 106
3701287 0 104
3702762 0 105
3704277 0 105
3705752 0 105
3707206 0 105
3708639 0 105
3710052 0 105
3711527 0 105
3712960 0 106
3714455 0 104
3715991 0 105
3717445 0 105
3718879 0 105
3720272 0 105
3721767 0 105
3723303 0 105
3724818 0 106
3726313 0 104
3727767 0 105
3729324 0 105
3730757 0 105
3732170 0 105
3733665 0 105
3735181 0 106
3736737 0 104
3738273 0 105
3739748 0 106
3741243 0 104
3742697 0 105
3744110 0 105
3745564 0 105
3747039 0 106
3748554 0 104
3750049 0 105
3751544 0 106
3753060 0 104
3754493 0 105
3755886 0 105
3757319 0 105
3758835 0 105
