54455 0 10
55970 0 2
57363 0 6
58796 0 5
60271 0 4
61725 0 3
63158 0 3
64592 0 11
66026 0 11
67500 0 2
68975 0 16
70490 0 14
71965 0 14
73501 0 23
74996 0 21
76409 0 30
77904 0 1
79358 0 16
80873 0 21
82327 0 22
83863 0 23
85317 0 21
86771 0 29
88307 0 4
89823 0 24
91338 0 15
92772 0 34
94226 0 10
95701 0 20
97155 0 18
98732 0 17
100186 0 21
101742 0 23
103176 0 27
104712 0 2
106248 0 23
107661 0 14
109074 0 16
110446 0 14
111920 0 15
113354 0 22
114808 0 36
116385 0 9
117900 0 23
119395 0 28
120952 0 10
122447 0 15
123860 0 33
125335 0 1
126850 0 14
128263 0 19
129738 0 29
131110 0 9
132605 0 20
134182 0 19
135718 0 22
137192 0 19
138605 0 35
140059 0 5
141473 0 16
142968 0 19
144442 0 21
145937 0 16
147330 0 17
148722 0 21
150156 0 33
151671 0 12
153166 0 20
154661 0 16
156054 0 26
157590 0 1
159105 0 14
160601 0 22
162055 0 17
163550 0 21
165004 0 27
166519 0 5
168014 0 18
169571 0 20
171045 0 30
172479 0 11
174035 0 18
175551 0 28
177005 0 7
178459 0 14
179913 0 27
181449 0 6
182985 0 22
184500 0 30
185934 0 4
187306 0 13
188699 0 31
190132 0 4
191545 0 21
193102 0 17
194658 0 33
196112 0 2
197587 0 21
199143 0 36
200679 0 5
202215 0 13
203731 0 32
205144 0 12
206598 0 22
208154 0 20
209588 0 13
211062 0 18
212578 0 21
214011 0 16
215445 0 17
216960 0 31
218537 0 2
220053 0 14
221486 0 20
223084 0 16
224538 0 17
225951 0 15
227344 0 34
228798 0 9
230252 0 17
231665 0 21
233098 0 14
234552 0 16
236068 0 24
237502 0 35
239058 0 8
240594 0 17
242109 0 25
243625 0 7
245099 0 14
246492 0 29
247864 0 6
249421 0 18
250875 0 27
252267 0 6
253721 0 16
255216 0 20
256691 0 24
258104 0 14
259558 0 13
261033 0 27
262487 0 2
263982 0 16
265436 0 15
266828 0 14
268364 0 14
269859 0 27
271313 0 5
272808 0 22
274385 0 30
275839 0 7
277416 0 18
278870 0 23
280283 0 24
281819 0 16
283212 0 24
284666 0 30
286059 0 3
287533 0 13
288967 0 22
290523 0 13
291977 0 34
293390 0 3
294845 0 20
296442 0 14
297957 0 21
299411 0 21
300906 0 16
302401 0 26
303876 0 7
305371 0 17
306805 0 26
308320 0 2
309754 0 19
311208 0 31
312764 0 9
314280 0 24
315795 0 14
317229 0 22
318683 0 21
320219 0 23
321673 0 16
323106 0 26
324581 0 7
325994 0 15
327469 0 20
328923 0 17
330397 0 23
331810 0 22
333264 0 14
334759 0 34
336213 0 8
337749 0 15
339265 0 25
340719 0 5
342275 0 22
343811 0 22
345306 0 28
346801 0 11
348317 0 19
349853 0 23
351409 0 25
352966 0 5
354440 0 23
355997 0 23
357389 0 18
358905 0 27
360359 0 1
361833 0 18
363246 0 27
364660 0 3
366052 0 20
367588 0 20
369104 0 22
370537 0 27
372012 0 2
373425 0 18
374920 0 14
376394 0 14
377828 0 17
379221 0 13
380716 0 14
382149 0 25
383583 0 12
385037 0 14
386491 0 24
387986 0 16
389378 0 15
390771 0 21
392205 0 28
393720 0 1
395236 0 23
396669 0 24
398062 0 19
399557 0 24
401031 0 21
402588 0 30
404103 0 6
405619 0 18
407155 0 30
408609 0 5
410022 0 23
411558 0 14
413053 0 18
414507 0 20
416063 0 16
417477 0 22
419013 0 34
420446 0 10
421921 0 13
423416 0 22
424829 0 20
426406 0 18
427860 0 30
429375 0 8
430911 0 13
432345 0 27
433799 0 6
435335 0 24
436809 0 18
438263 0 25
439738 0 9
441212 0 21
442769 0 14
444243 0 19
445759 0 26
447233 0 2
448667 0 20
450101 0 18
451616 0 18
453050 0 32
454504 0 12
455917 0 24
457371 0 31
458784 0 5
460197 0 20
461733 0 20
463228 0 15
464682 0 17
466157 0 19
467713 0 30
469106 0 5
470662 0 15
472137 0 13
473550 0 35
474963 0 11
476396 0 19
477912 0 14
479305 0 16
480759 0 16
482233 0 33
483769 0 12
485264 0 22
486759 0 15
488213 0 19
489770 0 24
491224 0 36
492780 0 5
494255 0 17
495770 0 34
497204 0 2
498576 0 17
500009 0 33
501484 0 12
503000 0 22
504495 0 14
506030 0 27
507444 0 5
508836 0 24
510249 0 22
511683 0 13
513219 0 13
514734 0 26
516147 0 2
517602 0 13
519097 0 30
520551 0 1
522025 0 18
523520 0 21
524995 0 24
526408 0 17
527903 0 24
529295 0 27
530729 0 7
532285 0 22
533801 0 23
535214 0 35
536668 0 1
538102 0 20
539576 0 22
541133 0 23
542607 0 22
544143 0 18
545577 0 23
547113 0 30
548608 0 9
550041 0 24
551536 0 30
552949 0 11
554403 0 20
555898 0 32
557434 0 10
558868 0 14
560261 0 21
561735 0 17
563128 0 14
564623 0 32
566077 0 4
567572 0 23
569128 0 33
570685 0 4
572077 0 20
573613 0 31
575108 0 8
576562 0 18
578119 0 28
579655 0 2
581150 0 20
582665 0 14
584119 0 35
585655 0 3
587171 0 16
588666 0 23
590222 0 15
591758 0 13
593233 0 21
594810 0 27
596325 0 8
597779 0 15
599295 0 24
600831 0 33
602346 0 5
603759 0 13
605213 0 16
606606 0 32
608142 0 9
609698 0 21
611132 0 34
612586 0 3
614102 0 18
615617 0 24
617112 0 24
618607 0 20
620123 0 15
621597 0 24
623031 0 31
624546 0 12
626021 0 21
627516 0 20
629031 0 13
630547 0 30
631980 0 10
633557 0 16
634950 0 17
636424 0 17
637981 0 14
639435 0 28
640971 0 4
642384 0 24
643817 0 35
645353 0 8
646869 0 15
648303 0 13
649695 0 14
651170 0 24
652583 0 14
654057 0 18
655573 0 13
656965 0 31
658440 0 12
659935 0 17
661409 0 14
662843 0 17
664338 0 26
665772 0 4
667205 0 22
668762 0 13
670216 0 15
671649 0 29
673103 0 4
674598 0 17
676134 0 32
677650 0 4
679104 0 23
680599 0 21
682032 0 19
683487 0 14
684879 0 23
686333 0 31
687808 0 7
689364 0 17
690798 0 22
692252 0 21
693726 0 21
695242 0 36
696737 0 7
698314 0 15
699788 0 18
701324 0 16
702778 0 20
704376 0 18
705850 0 17
707386 0 18
708881 0 28
710315 0 2
711769 0 24
713223 0 28
714738 0 8
716213 0 22
717728 0 22
719264 0 17
720821 0 13
722275 0 18
723770 0 17
725306 0 31
726862 0 11
728378 0 20
729934 0 35
731470 0 2
732904 0 15
734419 0 24
735955 0 17
737450 0 26
738884 0 5
740420 0 22
741853 0 29
743348 0 12
744905 0 18
746359 0 21
747915 0 19
749410 0 21
750824 0 13
752319 0 18
753814 0 35
755247 0 4
756763 0 18
758196 0 35
759630 0 12
761022 0 13
762558 0 21
764074 0 35
765610 0 3
767064 0 22
768641 0 13
770095 0 35
771508 0 12
772983 0 20
774519 0 14
776034 0 14
777427 0 29
778901 0 3
780314 0 21
781748 0 20
783284 0 15
784820 0 22
786253 0 34
787687 0 9
789243 0 14
790636 0 16
792111 0 26
793646 0 10
795142 0 14
796555 0 31
798029 0 3
799463 0 18
801019 0 19
802535 0 36
803968 0 8
805402 0 20
806979 0 14
808371 0 20
809866 0 19
811300 0 22
812856 0 20
814351 0 23
815785 0 29
817239 0 11
818795 0 20
820372 0 19
821847 0 20
823362 0 14
824837 0 22
826373 0 19
827950 0 30
829322 0 1
830715 0 16
832128 0 32
833541 0 7
835015 0 20
836490 0 23
838046 0 34
839459 0 4
840913 0 14
842327 0 30
843842 0 2
845358 0 13
846894 0 13
848286 0 14
849781 0 13
851297 0 20
852771 0 25
854184 0 7
855761 0 14
857277 0 26
858751 0 1
860308 0 21
861741 0 13
863236 0 23
864793 0 16
866247 0 31
867721 0 8
869319 0 13
870773 0 17
872227 0 18
873783 0 24
875299 0 13
876691 0 22
878227 0 30
879681 0 3
881115 0 19
882692 0 25
884248 0 2
885682 0 23
887197 0 35
888611 0 8
890065 0 23
891580 0 33
893055 0 1
894570 0 22
896024 0 20
897540 0 13
898973 0 21
900530 0 13
902004 0 27
903520 0 10
905076 0 22
906530 0 13
908066 0 29
909541 0 10
911097 0 21
912654 0 14
914169 0 23
915664 0 13
917118 0 32
918593 0 7
920108 0 16
921542 0 18
923078 0 23
924634 0 24
926068 0 23
927624 0 22
929058 0 28
930491 0 4
931925 0 19
933359 0 27
934772 0 8
936308 0 16
937762 0 21
939339 0 15
940772 0 13
942206 0 24
943639 0 33
945196 0 12
946650 0 15
948042 0 32
949517 0 2
950930 0 16
952323 0 13
953818 0 18
955272 0 23
970706 0 101
972221 0 101
973655 0 101
975109 0 101
976502 0 101
978017 0 101
979451 0 101
980864 0 101
982338 0 101
983813 0 101
985308 0 102
986864 0 102
988421 0 103
989854 0 101
991411 0 102
992824 0 103
994278 0 101
995671 0 102
997063 0 102
998538 0 102
1000053 0 103
1001610 0 101
1003146 0 102
1004579 0 102
1006054 0 102
1007590 0 102
1009044 0 102
1010559 0 102
1012075 0 103
1013549 0 101
1014942 0 102
1016335 0 102
1017789 0 103
1019345 0 101
1020758 0 102
1022212 0 103
1023707 0 101
1025161 0 102
1026554 0 103
1028008 0 101
1029523 0 102
1031039 0 102
1032452 0 102
1033947 0 102
1035381 0 103
1036835 0 101
1038330 0 102
1039743 0 102
1041279 0 102
1042692 0 102
1044166 0 103
1045579 0 101
1046972 0 102
1048365 0 102
1049860 0 103
1051437 0 101
1052932 0 102
1054324 0 102
1055778 0 103
1057273 0 101
1058809 0 102
1060202 0 102
1061635 0 102
1063151 0 103
1064707 0 101
1066203 0 102
1067759 0 102
1069233 0 102
1070626 0 103
1072039 0 101
1073575 0 102
1075050 0 102
1076463 0 102
1077855 0 103
1079268 0 101
1080804 0 102
1082320 0 103
1083815 0 101
1085249 0 102
1086723 0 102
1088259 0 103
1089754 0 101
1091208 0 102
1092703 0 102
1094116 0 102
1095529 0 103
1096963 0 101
1098499 0 102
1099994 0 102
1101509 0 102
1102922 0 102
1104336 0 102
1105851 0 102
1107326 0 103
1108780 0 101
1110193 0 102
1111626 0 102
1113142 0 102
1114596 0 102
1116091 0 103
1117565 0 101
1119081 0 102
1120596 0 102
1121989 0 102
1123545 0 102
1124999 0 103
1126433 0 101
1127949 0 102
1129362 0 103
1130877 0 101
1132290 0 102
1133703 0 102
1135198 0 102
1136611 0 102
1138025 0 103
1139540 0 101
1141015 0 102
1142510 0 102
1143923 0 103
1145459 0 101
1146974 0 102
1148367 0 102
1149759 0 102
1151275 0 102
1152708 0 102
1154244 0 103
1155739 0 101
1157173 0 102
1158586 0 102
1160020 0 102
1161433 0 102
1162887 0 103
1164361 0 101
1165877 0 102
1167372 0 102
1168785 0 102
1170198 0 102
1171632 0 102
1173045 0 102
1174478 0 103
1176014 0 101
1177468 0 102
1179004 0 102
1180561 0 103
1181974 0 101
1183387 0 102
1184841 0 102
1186275 0 102
1187749 0 102
1189224 0 102
1190739 0 102
1192173 0 103
1193688 0 101
1195163 0 102
1196576 0 102
1197968 0 102
1199361 0 102
1200836 0 103
1202310 0 101
1203703 0 102
1205239 0 103
1206652 0 101
1208147 0 102
1209539 0 102
1211034 0 103
1212550 0 101
1214004 0 102
1215499 0 102
1217035 0 103
1218530 0 101
1219923 0 102
1221459 0 102
1222974 0 102
1224530 0 102
1226005 0 102
1227500 0 102
1228975 0 103
1230490 0 101
1232006 0 102
1233419 0 102
1234832 0 102
1236245 0 102
1237760 0 103
1239214 0 101
1240668 0 102
1242122 0 102
1243515 0 103
1245072 0 101
1246587 0 102
1248062 0 102
1249557 0 102
1251052 0 103
1252526 0 101
1253939 0 102
1255496 0 102
1256950 0 102
1258445 0 103
1259940 0 101
1261332 0 102
1262807 0 103
1264322 0 101
1265797 0 102
1267333 0 103
1268889 0 101
1270364 0 102
1271879 0 102
1273272 0 102
1274706 0 102
1276201 0 102
1277675 0 103
1279170 0 101
1280706 0 102
1282099 0 102
1283614 0 102
1285109 0 103
1286584 0 101
1288038 0 102
1289574 0 102
1291069 0 102
1292543 0 103
1293956 0 101
1295431 0 102
1296885 0 102
1298278 0 102
1299793 0 103
1301288 0 101
1302722 0 102
1304217 0 102
1305753 0 102
1307186 0 102
1308702 0 103
1310217 0 101
1311774 0 102
1313248 0 103
1314784 0 101
1316197 0 102
1317733 0 103
1319249 0 101
1320641 0 102
1322137 0 102
1323550 0 102
1324983 0 102
1326519 0 103
1327932 0 101
1329468 0 102
1330922 0 103
1332479 0 101
1334015 0 102
1335428 0 103
1336964 0 101
1338479 0 102
1339913 0 102
1341346 0 102
1342821 0 102
1344213 0 102
1345606 0 103
1347101 0 101
1348637 0 102
1350153 0 103
1351730 0 101
1353225 0 102
1354720 0 102
1356174 0 103
1357730 0 101
1359164 0 102
1360556 0 102
1362010 0 102
1363403 0 102
1364836 0 103
1366270 0 101
1367724 0 102
1369219 0 103
1370694 0 101
1372127 0 102
1373684 0 103
1375117 0 101
1376653 0 102
1378087 0 102
1379520 0 102
1381036 0 102
1382490 0 103
1383903 0 101
1385398 0 102
1386934 0 102
1388388 0 102
1389883 0 103
1391378 0 101
1392791 0 102
1394266 0 103
1395740 0 101
1397133 0 102
1398669 0 103
1400184 0 101
1401577 0 102
1402970 0 103
1404424 0 101
1405939 0 102
1407434 0 102
1408970 0 102
1410383 0 103
1411878 0 101
1413271 0 102
1414786 0 102
1416240 0 103
1417756 0 101
1419148 0 102
1420562 0 102
1421995 0 102
1423490 0 102
1424903 0 103
1426378 0 101
1427914 0 102
1429347 0 102
1430740 0 102
1432194 0 103
1433607 0 101
1435061 0 102
1436454 0 102
1437990 0 103
1439444 0 101
1440918 0 102
1442311 0 103
1443724 0 101
1445240 0 102
1446694 0 102
1448086 0 102
1449561 0 103
1451015 0 101
1452551 0 102
1454025 0 103
1455438 0 101
1456892 0 102
1458285 0 102
1459719 0 102
1461111 0 102
1462586 0 102
1464122 0 102
1465637 0 103
1467153 0 101
1468607 0 102
1470143 0 103
1471597 0 101
1473153 0 102
1474587 0 102
1476061 0 102
1477597 0 102
1478990 0 103
1480403 0 101
1481878 0 102
1483352 0 102
1484868 0 102
1486383 0 102
1487919 0 103
1489394 0 101
1490807 0 102
1492240 0 102
1493776 0 102
1495230 0 103
1496807 0 101
1498200 0 102
1499592 0 102
1501026 0 102
1502562 0 102
1504077 0 103
1505532 0 101
1506924 0 102
1508358 0 102
1509832 0 102
1511286 0 102
1512822 0 102
1514338 0 102
1515833 0 102
1517348 0 103
1518905 0 101
1520420 0 102
1521895 0 103
1523369 0 101
1524803 0 102
1526216 0 102
1527772 0 102
1529267 0 102
1530803 0 102
1532217 0 102
1533732 0 103
1535145 0 101
1536579 0 102
1538074 0 102
1539569 0 102
1541064 0 102
1542559 0 102
1544013 0 102
1545508 0 102
1546982 0 103
1548477 0 101
1549931 0 102
1551324 0 103
1552778 0 101
1554232 0 102
1555748 0 102
1557243 0 102
1558717 0 103
1560192 0 101
1561625 0 102
1563182 0 102
1564615 0 102
1566131 0 102
1567523 0 102
1568957 0 102
1570493 0 103
1572029 0 101
1573544 0 102
1575039 0 103
1576534 0 101
1578029 0 102
1579545 0 102
1581040 0 103
1582514 0 101
1583948 0 102
1585382 0 102
1586815 0 102
1588228 0 102
1589703 0 103
1591198 0 101
1592591 0 102
1593983 0 102
1595478 0 102
1596994 0 103
1598530 0 101
1599922 0 102
1601479 0 102
1602994 0 102
1604428 0 102
1605882 0 102
1607315 0 102
1608810 0 103
1610367 0 101
1611759 0 102
1613295 0 102
1614688 0 103
1616163 0 101
1617637 0 102
