35580 0 7
37054 0 7
38611 0 5
40106 0 7
41519 0 2
42911 0 3
44447 0 1
45963 0 7
47540 0 5
48994 0 12
50509 0 18
52066 0 14
53581 0 24
55015 0 21
56448 0 33
58005 0 6
59520 0 13
60974 0 30
62347 0 8
63903 0 13
65316 0 17
66832 0 36
68327 0 4
69781 0 18
71317 0 14
72750 0 17
74245 0 28
75679 0 6
77235 0 15
78730 0 17
80164 0 19
81679 0 35
83236 0 4
84649 0 14
86062 0 23
87557 0 19
89011 0 16
90465 0 13
91981 0 36
93476 0 8
94930 0 19
96486 0 23
97920 0 30
99312 0 11
100869 0 22
102323 0 24
103859 0 29
105333 0 11
106849 0 24
108262 0 20
109757 0 24
111190 0 33
112706 0 6
114221 0 24
115737 0 13
117171 0 20
118747 0 30
120243 0 2
121697 0 14
123192 0 31
124707 0 4
126141 0 13
127554 0 20
129069 0 15
130462 0 16
131875 0 18
133370 0 35
134804 0 3
136299 0 22
137855 0 18
139330 0 20
140825 0 15
142258 0 15
143692 0 25
145166 0 5
146661 0 19
148177 0 36
149631 0 12
151105 0 16
152498 0 35
153952 0 6
155427 0 24
156860 0 20
158314 0 13
159809 0 20
161345 0 23
162840 0 33
164376 0 8
165851 0 23
167346 0 13
168820 0 19
170315 0 24
171810 0 29
173223 0 4
174739 0 22
176172 0 34
177708 0 1
179224 0 18
180760 0 19
182173 0 16
183545 0 25
185081 0 7
186617 0 17
188133 0 16
189648 0 16
191082 0 22
192638 0 31
194092 0 6
195546 0 24
197021 0 19
198557 0 35
199970 0 12
201444 0 22
202980 0 35
204373 0 8
205909 0 13
207383 0 24
208919 0 15
210435 0 31
211930 0 4
213425 0 19
214858 0 24
216292 0 21
217849 0 20
219385 0 21
220838 0 34
222252 0 8
223706 0 14
225221 0 13
226675 0 15
228088 0 28
229481 0 5
230874 0 14
232307 0 17
233843 0 24
235277 0 13
236772 0 17
238287 0 23
239762 0 28
241154 0 8
242629 0 13
244062 0 29
245537 0 4
246971 0 20
248404 0 23
249879 0 22
251353 0 20
252869 0 14
254261 0 26
255736 0 4
257210 0 23
258705 0 17
260180 0 13
261695 0 24
263231 0 28
264747 0 1
266221 0 16
267696 0 21
269252 0 21
270727 0 32
272120 0 1
273594 0 15
275007 0 30
276502 0 12
277915 0 13
279410 0 13
280844 0 14
282298 0 15
283691 0 25
285226 0 9
286701 0 21
288217 0 34
289671 0 3
291125 0 15
292620 0 19
294156 0 36
295630 0 6
297084 0 13
298600 0 23
300115 0 20
301692 0 15
303167 0 18
304703 0 20
306136 0 29
307508 0 3
308962 0 17
310376 0 19
311891 0 18
313447 0 26
314983 0 4
316376 0 23
317810 0 36
319305 0 10
320841 0 23
322315 0 15
323769 0 23
325305 0 24
326718 0 13
328111 0 35
329626 0 8
331121 0 13
332596 0 16
334009 0 33
335443 0 4
336815 0 22
338392 0 23
339928 0 16
341320 0 14
342754 0 33
344249 0 10
345764 0 21
347218 0 14
348754 0 27
350229 0 11
351744 0 14
353239 0 17
354734 0 15
356168 0 30
357622 0 10
359097 0 14
360551 0 13
362025 0 24
363500 0 29
364913 0 5
366305 0 15
367759 0 21
369295 0 22
370791 0 28
372265 0 10
373740 0 15
375255 0 18
376771 0 16
378245 0 19
379720 0 34
381174 0 1
382628 0 13
384123 0 19
385577 0 21
387133 0 21
388690 0 26
390144 0 2
391557 0 14
393011 0 28
394403 0 7
395960 0 24
397414 0 33
398950 0 9
400445 0 13
401838 0 21
403312 0 20
404766 0 18
406323 0 34
407736 0 10
409292 0 20
410869 0 24
412262 0 18
413757 0 14
415170 0 21
416624 0 34
418098 0 9
419614 0 15
421150 0 33
422686 0 3
424119 0 20
425594 0 23
427089 0 17
428502 0 20
430018 0 26
431451 0 5
432967 0 13
434482 0 29
435957 0 5
437493 0 13
439008 0 35
440483 0 9
442019 0 20
443575 0 22
445009 0 27
446463 0 6
447958 0 17
449391 0 32
450845 0 7
452402 0 23
453958 0 29
455412 0 9
456948 0 24
458443 0 23
459979 0 18
461454 0 21
462908 0 17
464464 0 36
465918 0 12
467311 0 22
468745 0 27
470199 0 2
471714 0 19
473250 0 16
474684 0 29
476097 0 6
477612 0 18
479128 0 30
480561 0 1
482015 0 16
483490 0 36
484944 0 4
486419 0 19
487832 0 32
489245 0 2
490781 0 17
492276 0 22
493832 0 30
495286 0 6
496802 0 24
498358 0 29
499874 0 5
501287 0 14
502761 0 33
504195 0 12
505669 0 17
507185 0 19
508618 0 17
510073 0 16
511547 0 24
513022 0 32
514496 0 3
515909 0 19
517384 0 19
518899 0 21
520456 0 21
522012 0 31
523466 0 2
524982 0 13
526477 0 20
528054 0 17
529549 0 26
530941 0 1
532457 0 14
533911 0 15
535467 0 14
536839 0 20
538314 0 20
539870 0 35
541427 0 7
542922 0 13
544335 0 25
545748 0 4
547161 0 22
548656 0 21
550151 0 20
551646 0 17
553059 0 14
554534 0 22
556111 0 31
557688 0 5
559101 0 17
560616 0 20
562050 0 15
563504 0 15
564938 0 26
566453 0 5
567948 0 17
569484 0 25
571020 0 10
572556 0 13
574051 0 18
575546 0 22
577061 0 13
578495 0 18
580051 0 17
581526 0 29
582939 0 12
584434 0 24
585909 0 28
587342 0 5
588776 0 19
590291 0 15
591766 0 19
593240 0 22
594735 0 28
596230 0 11
597725 0 19
599282 0 35
600695 0 12
602210 0 19
603767 0 24
605180 0 32
606675 0 1
608088 0 20
609624 0 19
611201 0 13
612676 0 35
614150 0 1
615686 0 20
617222 0 17
618758 0 15
620212 0 22
621646 0 23
623182 0 23
624677 0 18
626254 0 33
627810 0 12
629264 0 19
630759 0 14
632275 0 16
633667 0 26
635060 0 9
636514 0 22
638050 0 18
639483 0 20
641019 0 25
642535 0 9
643968 0 17
645504 0 17
646897 0 14
648413 0 17
649826 0 31
651341 0 6
652754 0 16
654147 0 16
655580 0 13
657055 0 14
658468 0 30
659902 0 12
661417 0 18
662974 0 14
664489 0 22
665923 0 16
667356 0 35
668810 0 3
670264 0 19
671677 0 24
673091 0 19
674524 0 19
676040 0 23
677453 0 28
679009 0 3
680422 0 13
681917 0 23
683392 0 22
684866 0 23
686402 0 20
687938 0 24
689392 0 27
690805 0 10
692239 0 19
693754 0 25
695290 0 11
696724 0 21
698137 0 27
699673 0 3
701209 0 14
702622 0 25
704158 0 5
705633 0 23
707066 0 15
708602 0 23
710159 0 19
711736 0 33
713292 0 10
714808 0 18
716282 0 13
717777 0 15
719313 0 15
720726 0 35
722160 0 7
723696 0 24
725252 0 35
726727 0 8
728160 0 23
729655 0 18
731068 0 19
732584 0 14
733997 0 20
735492 0 30
736967 0 9
738502 0 14
740038 0 16
741513 0 20
742967 0 25
744442 0 6
745916 0 16
747288 0 20
748742 0 14
750258 0 23
751671 0 15
753166 0 31
754722 0 11
756156 0 18
757692 0 31
759187 0 11
760682 0 13
762157 0 22
763713 0 15
765228 0 34
766642 0 3
768157 0 22
769632 0 29
771024 0 2
772417 0 24
773891 0 13
775325 0 15
776861 0 24
778397 0 35
779892 0 9
781346 0 14
782841 0 15
784254 0 13
785647 0 33
787080 0 5
788514 0 13
789927 0 23
791360 0 23
792876 0 22
794351 0 14
795886 0 15
797381 0 31
798856 0 2
800331 0 22
801846 0 15
803280 0 16
804795 0 13
806249 0 28
807765 0 8
809301 0 17
810714 0 17
812229 0 20
813765 0 24
815240 0 15
816673 0 35
818086 0 4
819561 0 23
821076 0 15
822510 0 22
823944 0 21
825439 0 22
826954 0 36
828388 0 12
829924 0 18
831480 0 24
832873 0 29
834286 0 7
835801 0 21
837255 0 24
838689 0 25
840225 0 2
841740 0 15
843153 0 13
844710 0 14
846184 0 23
847679 0 28
849093 0 9
850567 0 20
852042 0 24
853598 0 24
855032 0 16
856424 0 22
857858 0 25
859332 0 7
860786 0 16
862220 0 25
863695 0 11
865190 0 17
866644 0 13
868057 0 13
869470 0 21
870883 0 18
872398 0 20
873832 0 23
875368 0 32
876781 0 12
878276 0 17
879710 0 32
881102 0 1
882556 0 23
884051 0 33
885505 0 1
887000 0 21
888475 0 35
889868 0 6
891363 0 22
892796 0 22
894353 0 14
895766 0 13
897158 0 14
898551 0 17
899964 0 30
901357 0 7
902770 0 17
904265 0 21
905842 0 20
907398 0 21
908873 0 19
910409 0 13
911883 0 30
913337 0 2
914832 0 20
916286 0 13
917761 0 18
919194 0 33
920669 0 11
922205 0 13
923700 0 36
925236 0 10
926710 0 17
928226 0 36
929721 0 8
931155 0 15
932609 0 22
934186 0 23
935599 0 24
959054 0 101
960549 0 101
962044 0 101
963478 0 101
964911 0 101
966324 0 101
967758 0 101
969232 0 101
970625 0 101
972038 0 101
973513 0 102
975049 0 102
976523 0 103
978059 0 101
979513 0 102
980926 0 102
982319 0 102
983793 0 102
985227 0 102
986702 0 103
988156 0 101
989630 0 102
991043 0 102
992559 0 102
993951 0 102
995446 0 103
996941 0 101
998457 0 102
999931 0 102
1001406 0 103
1002819 0 101
1004253 0 102
1005666 0 102
1007058 0 102
1008451 0 102
1009946 0 103
1011380 0 101
1012895 0 102
1014370 0 102
1015906 0 102
1017421 0 102
1018834 0 102
1020288 0 103
1021783 0 101
1023299 0 102
1024814 0 102
1026248 0 102
1027661 0 102
1029156 0 102
1030651 0 102
1032187 0 103
1033661 0 101
1035136 0 102
1036570 0 102
1038003 0 102
1039437 0 102
1040870 0 103
1042427 0 101
1043840 0 102
1045376 0 102
1046871 0 102
1048263 0 102
1049677 0 102
1051110 0 103
1052666 0 101
1054182 0 102
1055636 0 103
1057070 0 101
1058483 0 102
1059937 0 102
1061411 0 103
1062947 0 101
1064401 0 102
1065937 0 102
1067350 0 102
1068763 0 102
1070279 0 102
1071672 0 102
1073085 0 103
1074559 0 101
1075972 0 102
1077406 0 102
1078860 0 102
1080273 0 102
1081666 0 102
1083079 0 103
1084553 0 101
1086028 0 102
1087523 0 103
1089059 0 101
1090472 0 102
1091905 0 102
1093360 0 103
1094834 0 101
1096247 0 102
1097783 0 102
1099237 0 102
1100671 0 102
1102084 0 103
1103599 0 101
1105074 0 102
1106487 0 102
1107880 0 102
1109293 0 102
1110829 0 102
1112344 0 103
1113778 0 101
1115252 0 102
1116706 0 102
1118222 0 102
1119696 0 102
1121191 0 102
1122625 0 102
1124079 0 103
1125533 0 101
1127069 0 102
1128503 0 102
1129895 0 102
1131308 0 102
1132742 0 102
1134216 0 103
1135773 0 101
1137247 0 102
1138701 0 102
1140094 0 102
1141528 0 102
1143064 0 103
1144600 0 101
1146115 0 102
1147528 0 102
1149044 0 103
1150580 0 101
1151993 0 102
1153426 0 102
1154819 0 103
1156375 0 101
1157911 0 102
1159365 0 102
1160901 0 102
1162335 0 102
1163810 0 102
1165284 0 102
1166820 0 103
1168233 0 101
1169626 0 102
1171100 0 102
1172636 0 102
1174172 0 103
1175688 0 101
1177162 0 102
1178637 0 102
1180173 0 102
1181606 0 102
1183101 0 102
1184596 0 103
1186050 0 101
1187566 0 102
1188959 0 102
1190413 0 102
1191867 0 102
1193403 0 102
1194939 0 103
1196352 0 101
1197765 0 102
1199219 0 102
1200673 0 102
1202209 0 102
1203704 0 102
1205240 0 103
1206755 0 101
1208271 0 102
1209663 0 103
1211138 0 101
1212551 0 102
1214046 0 103
1215500 0 101
1216913 0 102
1218306 0 102
1219821 0 102
1221255 0 103
1222689 0 101
1224204 0 102
1225638 0 102
1227174 0 102
1228689 0 102
1230205 0 103
1231638 0 101
1233133 0 102
1234628 0 102
1236062 0 102
1237475 0 102
1238929 0 103
1240383 0 101
1241796 0 102
1243189 0 102
1244704 0 102
1246179 0 103
1247694 0 101
1249189 0 102
1250664 0 102
1252077 0 103
1253572 0 101
1254985 0 102
1256521 0 102
1258036 0 102
1259572 0 102
1260985 0 102
1262480 0 102
1263914 0 103
1265327 0 101
1266802 0 102
1268317 0 103
1269833 0 101
1271246 0 102
1272720 0 102
1274236 0 102
1275690 0 103
1277185 0 101
1278598 0 102
1279991 0 102
1281486 0 102
1282981 0 103
1284537 0 101
1285971 0 102
1287425 0 103
1288879 0 101
1290415 0 102
1291807 0 102
1293282 0 102
1294695 0 102
1296149 0 102
1297542 0 102
1298955 0 103
1300388 0 101
1301883 0 102
1303276 0 102
1304710 0 103
1306266 0 101
1307781 0 102
1309297 0 102
1310771 0 102
1312185 0 103
1313618 0 101
1315052 0 102
1316485 0 103
1318021 0 101
1319537 0 102
1320950 0 102
1322424 0 102
1323960 0 102
1325455 0 102
1326930 0 102
1328404 0 103
1329920 0 101
1331374 0 102
1332910 0 103
1334466 0 101
1336002 0 102
1337477 0 103
1338931 0 101
1340446 0 102
1341941 0 103
1343355 0 101
1344788 0 102
1346222 0 102
1347758 0 102
1349212 0 103
1350768 0 101
1352202 0 102
1353635 0 102
1355048 0 103
1356584 0 101
1358018 0 102
1359452 0 102
1360947 0 103
1362483 0 101
1363957 0 102
1365452 0 103
1366988 0 101
1368463 0 102
1369978 0 103
1371412 0 101
1372866 0 102
1374279 0 103
1375753 0 101
1377228 0 102
1378662 0 102
1380054 0 102
1381447 0 102
1382921 0 102
1384416 0 103
1385993 0 101
1387427 0 102
1388881 0 103
1390314 0 101
1391768 0 102
1393304 0 102
1394718 0 103
1396254 0 101
1397708 0 102
1399100 0 103
1400554 0 101
1402049 0 102
1403565 0 102
1405039 0 102
1406514 0 102
1407968 0 102
1409463 0 103
1411019 0 101
1412432 0 102
1413825 0 103
1415300 0 101
1416733 0 102
1418228 0 102
1419764 0 102
1421239 0 102
1422693 0 103
1424229 0 101
1425765 0 102
1427198 0 103
1428652 0 101
1430168 0 102
1431704 0 102
1433199 0 102
1434673 0 102
1436107 0 103
1437581 0 101
1439015 0 102
1440408 0 102
1441862 0 102
1443254 0 102
1444729 0 103
1446244 0 101
1447678 0 102
1449111 0 102
1450586 0 102
1452020 0 102
1453494 0 103
1454907 0 101
1456443 0 102
1457979 0 103
1459495 0 101
1461010 0 102
1462423 0 102
1463836 0 102
1465311 0 102
1466806 0 102
1468239 0 102
1469694 0 103
1471230 0 101
1472765 0 102
1474220 0 102
1475694 0 102
1477169 0 102
1478623 0 102
1480138 0 102
1481572 0 103
1483128 0 101
1484562 0 102
1486098 0 103
1487511 0 101
1489026 0 102
1490521 0 102
1492057 0 102
1493552 0 102
1495047 0 103
1496460 0 101
1497874 0 102
1499328 0 102
1500782 0 102
1502174 0 102
1503690 0 102
1505103 0 103
1506598 0 101
1508072 0 102
1509506 0 103
1511042 0 101
1512455 0 102
1513889 0 103
1515302 0 101
1516694 0 102
1518189 0 102
1519746 0 102
1521282 0 102
1522797 0 103
1524313 0 101
1525767 0 102
1527262 0 103
1528716 0 101
1530231 0 102
1531706 0 102
1533221 0 102
1534737 0 102
1536129 0 102
1537645 0 103
1539181 0 101
1540615 0 102
1542069 0 103
1543584 0 101
1545038 0 102
1546451 0 102
1547987 0 103
1549503 0 101
1550895 0 102
1552288 0 103
1553742 0 101
1555237 0 102
1556712 0 103
1558227 0 101
1559681 0 102
1561217 0 103
1562651 0 101
1564043 0 102
1565477 0 102
1566951 0 102
1568467 0 102
1569962 0 102
1571375 0 103
1572829 0 101
1574283 0 102
1575778 0 102
1577335 0 102
1578727 0 103
1580263 0 101
1581656 0 102
1583171 0 103
1584687 0 101
1586100 0 102
1587595 0 102
1589131 0 102
1590585 0 102
1592039 0 102
1593452 0 102
1594947 0 103
1596463 0 101
1597917 0 102
1599412 0 103
1600968 0 101
1602525 0 102
1603979 0 102
1605371 0 103
1606846 0 101
1608259 0 102
1609774 0 103
1611208 0 101
1612662 0 102
1614096 0 103
1615550 0 101
1617086 0 102
1618540 0 102
1620055 0 102
1621591 0 102
1623127 0 103
1624643 0 101
1626097 0 102
1627571 0 102
1629087 0 102
1630561 0 103
1632036 0 101
1633510 0 102
1634923 0 103
1636439 0 101
1637913 0 102
1639347 0 102
1640740 0 102
1642255 0 102
1643648 0 103
1645184 0 101
1646576 0 102
1648071 0 102
1649525 0 102
1650979 0 103
1652536 0 101
1653928 0 102
1655423 0 102
1656959 0 102
1658352 0 103
1659929 0 101
1661424 0 102
1662817 0 102
1664230 0 102
1665622 0 102
1667076 0 103
1668530 0 101
1669984 0 102
1671398 0 102
1672831 0 102
1674347 0 102
1675821 0 103
1677316 0 101
1678729 0 102
1680245 0 102
1681781 0 102
1683173 0 102
1684709 0 103
1686143 0 101
1687556 0 102
1689010 0 102
1690464 0 102
1691939 0 102
1693372 0 102
1694908 0 103
1696383 0 101
1697816 0 102
1699352 0 102
1700786 0 102
1702178 0 102
1703694 0 102
1705189 0 102
1706704 0 103
1708179 0 101
1709695 0 102
1711169 0 103
1712725 0 101
1714180 0 102
1715716 0 102
1717190 0 102
1718603 0 102
1720057 0 102
1721511 0 102
1723047 0 102
1724501 0 103
1726017 0 101
1727409 0 102
1728843 0 103
1730297 0 101
1731710 0 102
1733103 0 102
1734639 0 102
1736154 0 102
1737690 0 103
1739247 0 101
1740762 0 102
1742196 0 102
1743609 0 102
1745001 0 102
1746476 0 102
1747910 0 103
1749405 0 101
1750838 0 102
1752395 0 103
1753869 0 101
1755282 0 102
1756736 0 102
1758190 0 103
1759747 0 101
1761160 0 102
1762696 0 103
1764252 0 101
1765747 0 102
1767242 0 102
1768635 0 103
1770171 0 101
1771564 0 102
1772997 0 103
1774574 0 101
1776090 0 102
1777503 0 102
1778998 0 102
1780411 0 103
1781947 0 101
1783483 0 102
1784875 0 102
1786411 0 102
1787886 0 103
1789442 0 101
1790917 0 102
1792391 0 103
1793804 0 101
1795218 0 102
1796692 0 102
1798146 0 102
1799559 0 102
1801013 0 102
1802508 0 102
1804044 0 103
1805478 0 101
1807014 0 102
1808529 0 103
1810004 0 101
1811396 0 102
1812953 0 102
1814427 0 102
1815820 0 103
1817295 0 101
1818728 0 102
1820244 0 102
1821698 0 103
1823213 0 101
1824667 0 102
1826162 0 102
1827555 0 102
1829070 0 103
1830606 0 101
1832040 0 102
1833494 0 102
1834907 0 102
1836341 0 102
1837856 0 102
1839372 0 102
1840805 0 103
1842321 0 101
1843816 0 102
1845270 0 103
1846703 0 101
1848096 0 102
1849571 0 103
1851127 0 101
1852642 0 102
1854199 0 102
1871634 0 48
1873128 0 39
1874521 0 40
1875934 0 37
1877368 0 48
1878842 0 37
1880255 0 46
1881791 0 44
1883307 0 48
1884843 0 48
1886338 0 53
1887751 0 58
1889246 0 55
1890741 0 54
1892154 0 53
1893649 0 55
1895144 0 52
1896619 0 61
1898052 0 45
1899588 0 52
1901022 0 49
1902414 0 54
1903868 0 63
1905282 0 39
1906756 0 55
1908313 0 49
1909726 0 57
1911200 0 49
1912675 0 53
1914231 0 66
1915788 0 47
1917303 0 50
1918696 0 49
1920191 0 61
1921727 0 42
1923181 0 52
1924737 0 49
1926171 0 58
1927748 0 56
1929161 0 59
1930717 0 68
1932151 0 41
1933584 0 56
1935018 0 50
1936575 0 60
1937988 0 50
1939503 0 54
1941039 0 62
1942554 0 41
1944090 0 56
1945565 0 51
1947121 0 58
1948678 0 57
1950091 0 69
1951586 0 45
1953081 0 54
1954637 0 72
1956051 0 47
1957566 0 58
1959041 0 58
1960577 0 56
1962133 0 54
1963669 0 60
1965144 0 50
1966557 0 68
1967990 0 37
1969424 0 56
1970939 0 67
1972352 0 37
1973847 0 56
1975363 0 58
1976837 0 54
1978312 0 54
1979725 0 61
1981159 0 44
1982633 0 58
1984169 0 51
1985726 0 54
1987200 0 54
1988716 0 60
1990108 0 58
1991665 0 64
1993201 0 44
1994675 0 53
1996170 0 58
1997727 0 49
1999140 0 68
2000655 0 46
2002171 0 55
2003686 0 60
2005161 0 53
2006717 0 50
2008212 0 67
2009605 0 43
2011018 0 57
2012513 0 65
2014069 0 46
2015523 0 49
2017059 0 68
2018493 0 37
2020029 0 60
2021442 0 60
2022835 0 58
2024330 0 54
2025743 0 53
2027197 0 58
2028712 0 64
2030207 0 38
2031723 0 50
2033136 0 53
2034651 0 58
2036167 0 53
2037662 0 49
2039157 0 54
2040632 0 65
2042147 0 47
2043622 0 53
2045117 0 69
2046591 0 43
2048045 0 58
2049499 0 54
2050933 0 53
2052469 0 71
2053861 0 42
2055377 0 57
2056790 0 61
2058244 0 38
2059759 0 57
2061255 0 57
2062709 0 53
2064163 0 63
2065719 0 45
2067173 0 55
2068730 0 61
2070225 0 37
2071638 0 59
2073051 0 68
2074566 0 42
2076041 0 60
2077556 0 60
2079092 0 49
2080546 0 57
2082062 0 53
2083557 0 58
2085072 0 68
2086588 0 40
2088062 0 60
2089537 0 50
2091093 0 57
2092629 0 68
2094124 0 41
2095681 0 57
2097176 0 68
2098650 0 41
2100125 0 58
2101558 0 59
2103053 0 55
2104589 0 58
2106146 0 59
2107661 0 59
2109177 0 56
2110631 0 72
2112105 0 43
2113539 0 59
2115055 0 63
2116570 0 47
2118004 0 50
2119478 0 51
2120973 0 59
2122386 0 50
2123820 0 55
2125253 0 64
2126687 0 41
2128223 0 57
2129779 0 60
2131233 0 61
2132790 0 47
2134203 0 50
2135657 0 55
2137111 0 70
2138606 0 48
2140142 0 53
2141576 0 50
2143009 0 52
2144484 0 70
2145958 0 44
2147392 0 50
2148907 0 50
2150361 0 56
2151856 0 55
2153311 0 52
2154867 0 52
2156403 0 50
2157816 0 69
2159373 0 40
2160908 0 60
2162403 0 57
2163939 0 53
2165414 0 60
2166868 0 65
2168363 0 40
2169858 0 58
2171415 0 53
2172828 0 49
2174241 0 71
2175797 0 37
2177354 0 55
2178910 0 55
2180344 0 60
2181818 0 58
2183334 0 50
2184747 0 54
2186139 0 70
2187655 0 37
2189129 0 53
2190665 0 49
2192079 0 56
2193635 0 50
2195069 0 71
2196461 0 41
2197874 0 55
2199410 0 56
2200823 0 63
2202359 0 44
2203793 0 52
2205329 0 57
2206803 0 58
2208339 0 64
2209732 0 41
2211207 0 60
2212702 0 51
2214115 0 53
2215651 0 51
2217105 0 56
2218518 0 68
2220074 0 37
2221487 0 60
2222941 0 57
2224498 0 50
2225911 0 62
2227467 0 42
2228901 0 54
2230294 0 59
2231809 0 60
2233304 0 60
2234840 0 60
2236315 0 54
2237769 0 54
2239202 0 70
2240615 0 45
2242049 0 50
2243605 0 56
2245080 0 52
2246554 0 72
2248029 0 44
2249442 0 55
2250855 0 61
2252391 0 38
2253948 0 50
2255483 0 59
2256917 0 60
2258351 0 50
2259907 0 66
2261402 0 42
2262815 0 55
2264269 0 61
2265703 0 46
2267218 0 59
2268693 0 52
2270106 0 56
2271642 0 71
2273096 0 37
2274550 0 52
2276025 0 69
2277438 0 45
2278953 0 52
2280366 0 49
2281902 0 57
2283336 0 50
2284769 0 57
2286223 0 71
2287657 0 38
2289132 0 53
2290667 0 57
2292224 0 60
2293698 0 54
2295173 0 70
2296607 0 45
2298020 0 56
2299556 0 63
2301071 0 42
2302607 0 59
2304061 0 61
2305597 0 44
2307154 0 52
2308649 0 68
2310185 0 44
2311598 0 60
2313011 0 64
2314547 0 38
2316103 0 59
2317537 0 61
2319073 0 38
2320486 0 59
2322042 0 62
2323537 0 42
2325053 0 59
2326486 0 65
2328043 0 42
2329497 0 56
2331053 0 60
2332487 0 53
2333900 0 57
2335334 0 62
2336870 0 47
2338303 0 51
2339819 0 60
2341211 0 63
2342645 0 43
2344058 0 59
2345614 0 56
2347109 0 49
2348584 0 57
2350120 0 51
2351656 0 49
2353049 0 68
2354584 0 48
2356018 0 58
2357575 0 53
2359090 0 55
2360585 0 59
2361998 0 51
2363534 0 49
2364947 0 59
2366442 0 66
2367978 0 44
2369494 0 57
2370927 0 69
2372402 0 37
2373835 0 54
2375351 0 59
2376887 0 57
2378361 0 60
2379774 0 70
2381290 0 42
2382805 0 57
2384382 0 68
2385795 0 39
2387209 0 50
2388724 0 69
2390281 0 37
2391755 0 49
2393148 0 62
2394581 0 41
2396117 0 54
2397653 0 55
2399148 0 51
2400643 0 69
2402200 0 38
2403613 0 49
2405108 0 69
2406644 0 42
2408139 0 51
2409552 0 61
2410985 0 44
2412419 0 60
2413914 0 49
2415348 0 52
2416761 0 49
2418297 0 70
2419812 0 44
2421225 0 51
2422782 0 60
2424236 0 49
2425731 0 66
2427164 0 47
2428639 0 51
2430093 0 66
2431608 0 38
2433042 0 52
2434557 0 60
2436073 0 50
2437568 0 57
2439002 0 71
2440394 0 47
2441930 0 59
2443343 0 50
2444859 0 57
2446415 0 65
2447972 0 39
2449426 0 56
2450880 0 57
2452375 0 65
2453829 0 43
2455344 0 58
2456839 0 70
2458334 0 39
2459870 0 59
2461386 0 60
2462799 0 67
2464314 0 48
2465850 0 52
2467264 0 51
2468697 0 55
2470254 0 52
2471769 0 58
2473244 0 67
2474739 0 44
2476234 0 58
2477811 0 69
2479346 0 41
2480760 0 55
2482275 0 67
2483770 0 45
2485265 0 53
2486760 0 61
2488276 0 46
2489771 0 55
2491245 0 56
2492740 0 55
2494174 0 70
2495566 0 44
2497041 0 50
2498577 0 60
2500010 0 61
2501526 0 38
2503021 0 56
2504434 0 53
2505970 0 53
2507486 0 57
2508981 0 61
2510455 0 47
2511848 0 60
2513302 0 64
2514694 0 46
2516251 0 52
2517746 0 50
2519179 0 52
2520613 0 53
2522108 0 58
2523685 0 55
2525139 0 64
2526593 0 47
2528006 0 54
2529481 0 68
2531017 0 40
2532512 0 60
2534007 0 58
2535461 0 54
2536997 0 56
2538512 0 62
2539925 0 37
2541400 0 60
2542833 0 60
2544328 0 60
2545762 0 53
2547257 0 69
2548793 0 43
2550227 0 52
2551783 0 67
2553258 0 39
2554732 0 55
2556289 0 65
2557845 0 43
2559340 0 55
2560774 0 59
2562228 0 64
2563723 0 47
2565218 0 59
2566713 0 55
2568167 0 51
2569662 0 58
2571157 0 58
2572693 0 53
2574106 0 68
2575601 0 45
2577116 0 54
2578591 0 62
2580127 0 48
2581560 0 59
2582994 0 72
2584428 0 45
2585923 0 49
2587397 0 69
2588954 0 46
2590387 0 60
2591944 0 59
2593500 0 53
2594913 0 54
2596326 0 55
2597821 0 57
2599275 0 67
2600750 0 42
2602245 0 57
2603822 0 54
2605255 0 63
2606791 0 37
2608245 0 55
2609740 0 63
2611174 0 45
2612710 0 49
2614225 0 51
2615639 0 57
2617174 0 57
2618731 0 59
2620205 0 58
2621741 0 63
2623257 0 39
2624731 0 58
2626267 0 56
2627783 0 51
2629237 0 50
2630753 0 57
2632227 0 55
2633640 0 62
2635094 0 44
2636630 0 58
2638187 0 65
2639641 0 45
2641197 0 49
2642590 0 57
2644044 0 71
2645580 0 41
2647095 0 50
2648631 0 53
2650065 0 66
2651580 0 38
2653096 0 54
2654611 0 56
2656024 0 55
2657540 0 55
2659117 0 60
2660530 0 69
2662004 0 44
2663561 0 58
2664994 0 59
2666449 0 50
2667862 0 61
2669316 0 41
2670831 0 50
2672285 0 58
2673719 0 63
2675255 0 41
2676811 0 51
2678224 0 59
2679699 0 52
2681173 0 53
2682648 0 52
2684184 0 72
2685617 0 47
2687072 0 49
2688608 0 59
2690103 0 57
2691536 0 58
2693052 0 58
2694526 0 49
2696062 0 72
2697496 0 37
2698991 0 55
2700547 0 70
2701960 0 47
2703435 0 51
2704889 0 49
2706445 0 63
2707940 0 38
2709374 0 60
2710889 0 50
2712405 0 53
2713879 0 53
2715395 0 71
2716931 0 38
2718426 0 55
2719900 0 66
2721436 0 41
2722870 0 50
2724406 0 69
2725942 0 46
2727437 0 54
2728932 0 57
2730488 0 50
2731901 0 51
2733437 0 60
2734912 0 56
2736407 0 66
2737882 0 44
2739315 0 49
2740708 0 58
2742264 0 70
2743739 0 43
2745254 0 52
2746667 0 56
2748060 0 54
2749555 0 56
2751091 0 54
2752565 0 49
2754019 0 68
2755555 0 43
2757091 0 55
2758566 0 53
2760123 0 65
2761556 0 47
2763010 0 57
2764444 0 65
2765980 0 43
2767434 0 52
2768929 0 51
2770465 0 51
2771878 0 52
2773393 0 49
2774868 0 49
2794257 0 104
2795731 0 104
2797206 0 104
2798762 0 104
2800257 0 104
2801650 0 104
2803083 0 104
2804619 0 104
2806155 0 104
2807630 0 104
2809166 0 105
2810640 0 105
2812094 0 105
2813487 0 105
2815023 0 106
2816559 0 104
2817952 0 105
2819487 0 105
2821023 0 105
2822580 0 105
2824054 0 105
2825508 0 106
2826963 0 104
2828478 0 105
2830035 0 105
2831570 0 105
2832963 0 105
2834479 0 106
2835933 0 104
2837325 0 105
2838820 0 106
2840254 0 104
2841667 0 105
2843100 0 105
2844493 0 106
2845927 0 104
2847463 0 105
2848855 0 106
2850350 0 104
2851784 0 105
2853238 0 106
2854733 0 104
2856269 0 105
2857825 0 106
2859300 0 104
2860795 0 105
2862331 0 105
2863785 0 105
2865239 0 105
2866714 0 105
2868127 0 105
2869560 0 105
2870973 0 106
2872468 0 104
2873922 0 105
2875376 0 105
2876892 0 105
2878366 0 105
2879861 0 105
2881397 0 105
2882790 0 106
2884347 0 104
2885801 0 105
2887357 0 105
2888832 0 105
2890327 0 105
2891863 0 106
2893317 0 104
2894853 0 105
2896389 0 105
2897884 0 105
2899379 0 105
2900812 0 105
2902225 0 106
2903638 0 104
2905133 0 105
2906546 0 105
2908021 0 106
2909578 0 104
2911011 0 105
2912506 0 105
2914022 0 105
2915476 0 105
2916991 0 106
2918425 0 104
2919899 0 105
2921312 0 106
2922725 0 104
2924220 0 105
2925715 0 105
2927210 0 106
2928767 0 104
2930282 0 105
2931798 0 105
2933211 0 105
2934706 0 106
2936201 0 104
2937655 0 105
2939130 0 106
2940686 0 104
2942202 0 105
2943697 0 105
2945212 0 105
2946646 0 105
2948079 0 106
2949615 0 104
2951110 0 105
2952503 0 106
2953957 0 104
2955411 0 105
2956947 0 106
2958360 0 104
2959896 0 105
2961329 0 106
2962763 0 104
2964197 0 105
2965692 0 106
2967228 0 104
2968723 0 105
2970177 0 105
2971569 0 105
2973044 0 105
2974518 0 106
2975931 0 104
2977467 0 105
2979003 0 105
2980437 0 106
2981850 0 104
2983366 0 105
2984861 0 105
2986274 0 105
2987789 0 105
2989325 0 106
2990779 0 104
2992315 0 105
2993728 0 106
2995285 0 104
2996739 0 105
2998234 0 105
2999647 0 105
3001101 0 105
3002657 0 105
3004132 0 106
3005647 0 104
3007204 0 105
3008699 0 106
3010194 0 104
3011750 0 105
3013163 0 105
3014699 0 105
3016153 0 106
3017669 0 104
3019103 0 105
3020536 0 105
3021949 0 105
3023342 0 105
3024857 0 106
3026291 0 104
3027827 0 105
3029363 0 105
3030899 0 105
3032332 0 105
3033746 0 105
3035281 0 106
3036756 0 104
3038210 0 105
3039746 0 105
3041159 0 106
3042716 0 104
3044149 0 105
3045706 0 106
3047221 0 104
3048696 0 105
3050211 0 105
3051706 0 106
3053160 0 104
3054676 0 105
3056232 0 105
3057645 0 105
3059120 0 105
3060574 0 105
3062069 0 105
3063584 0 106
3065059 0 104
3066554 0 105
3067947 0 106
3069442 0 104
3070957 0 105
3072370 0 105
3073845 0 105
3075319 0 105
3076794 0 105
3078309 0 105
3079763 0 105
3081176 0 106
3082590 0 104
3084044 0 105
3085600 0 105
3087095 0 105
3088631 0 105
3090044 0 105
3091580 0 106
3093096 0 104
3094570 0 105
3095963 0 105
3097417 0 105
3098932 0 105
3100448 0 106
3101840 0 104
3103397 0 105
3104871 0 105
3106387 0 105
3107800 0 105
3109234 0 106
3110647 0 104
3112183 0 105
3113616 0 105
3115070 0 105
3116586 0 105
3118019 0 105
3119494 0 105
3121030 0 105
3122504 0 106
3124040 0 104
3125515 0 105
3127010 0 106
3128525 0 104
3130000 0 105
3131556 0 105
3133072 0 105
3134485 0 106
3135939 0 104
3137352 0 105
3138847 0 105
3140342 0 106
3141899 0 104
3143373 0 105
3144868 0 106
3146363 0 104
3147838 0 105
3149394 0 105
3150787 0 105
3152302 0 106
3153859 0 104
3155374 0 105
3156910 0 106
3158323 0 104
3159777 0 105
3161231 0 105
3162726 0 105
3164139 0 105
3165655 0 106
3167170 0 104
3168686 0 105
3170160 0 105
3171553 0 105
3173089 0 105
3174605 0 105
3176018 0 105
3177472 0 106
3179028 0 104
3180564 0 105
3182121 0 105
3183595 0 105
3185131 0 105
3186688 0 105
3188203 0 105
3189596 0 106
3191050 0 104
3192504 0 105
3193958 0 105
3195391 0 105
3196804 0 106
3198361 0 104
3199774 0 105
3201228 0 105
3202744 0 105
3204239 0 105
3205713 0 106
3207229 0 104
3208642 0 105
3210034 0 106
3211591 0 104
3213045 0 105
3214581 0 105
3216137 0 105
3217632 0 105
3219107 0 105
3220602 0 106
3222138 0 104
3223592 0 105
3225148 0 106
3226602 0 104
3228036 0 105
3229551 0 105
3231026 0 105
3232500 0 105
3233955 0 106
3235450 0 104
3236842 0 105
3238296 0 106
3239750 0 104
3241184 0 105
3242699 0 106
3244194 0 104
3245689 0 105
3247143 0 106
3248700 0 104
3250256 0 105
3251690 0 105
3253164 0 106
3254578 0 104
3256011 0 105
3257424 0 105
3258960 0 106
3260455 0 104
3261991 0 105
3263527 0 105
3265084 0 105
3266579 0 106
3268053 0 104
3269487 0 105
3271023 0 106
3272436 0 104
3273869 0 105
3275344 0 106
3276880 0 104
3278375 0 105
3279931 0 105
3281426 0 106
3282860 0 104
3284294 0 105
3285789 0 105
3287284 0 106
3288676 0 104
3290110 0 105
3291646 0 106
3293182 0 104
3294697 0 105
3296233 0 105
3297749 0 105
3299162 0 105
3300595 0 105
3302111 0 106
3303606 0 104
3305121 0 105
3306596 0 106
3308009 0 104
3309504 0 105
3310897 0 105
3312453 0 105
3313948 0 105
3315443 0 105
3316979 0 105
3318454 0 105
3319949 0 106
3321423 0 104
3322939 0 105
3324393 0 106
3325908 0 104
3327403 0 105
3328837 0 106
3330332 0 104
3331745 0 105
3333178 0 105
3334571 0 105
3336005 0 105
3337479 0 106
3338933 0 104
3340346 0 105
3341800 0 106
3343357 0 104
3344770 0 105
3346265 0 105
3347719 0 105
3349112 0 105
3350545 0 105
3351999 0 105
3353433 0 106
3354907 0 104
3356464 0 105
3357979 0 105
3359515 0 105
3361031 0 106
3362485 0 104
3363959 0 105
3365393 0 105
3366949 0 105
3368444 0 105
3369837 0 106
3371393 0 104
3372868 0 105
3374302 0 106
3375858 0 104
3377394 0 105
3378909 0 105
3380302 0 105
3381715 0 105
3383128 0 105
3384644 0 106
3386036 0 104
3387490 0 105
3388924 0 106
3390378 0 104
3391832 0 105
3393225 0 106
3394781 0 104
3396215 0 105
3397689 0 106
3399225 0 104
3400638 0 105
3402133 0 106
3403587 0 104
3405082 0 105
3406536 0 105
3408072 0 105
3409506 0 105
3411063 0 105
3412598 0 105
3414073 0 106
3415486 0 104
3416940 0 105
3418456 0 105
3419951 0 105
3421487 0 105
3422879 0 105
3424354 0 106
3425808 0 104
3427344 0 105
3428839 0 105
3430375 0 105
3431849 0 105
3433344 0 105
3434819 0 106
3436355 0 104
3437768 0 105
3439202 0 105
3440758 0 105
3442273 0 106
3443728 0 104
3445202 0 105
3446636 0 105
3448192 0 105
3449626 0 105
3451100 0 105
3452513 0 106
3453967 0 104
3455442 0 105
3456937 0 105
3458350 0 105
3459906 0 105
3461340 0 105
3462876 0 105
3464289 0 106
3465723 0 104
3467156 0 105
3468569 0 105
3470003 0 105
3471437 0 105
3472911 0 106
3474365 0 104
3475860 0 105
3477376 0 105
3478891 0 106
3480448 0 104
3481902 0 105
3483356 0 106
3484892 0 104
3486448 0 105
3487861 0 105
3489315 0 105
3490749 0 105
3492203 0 105
3493739 0 105
3495213 0 106
3496688 0 104
3498121 0 105
3499555 0 105
3500989 0 105
3502525 0 105
3504020 0 106
3505515 0 104
3506928 0 105
3508402 0 106
3509959 0 104
3511454 0 105
3512867 0 106
3514300 0 104
3515795 0 105
3517188 0 105
3518663 0 105
3520096 0 106
3521612 0 104
3523127 0 105
3524581 0 106
3525994 0 104
3527469 0 105
3528964 0 106
3530459 0 104
3531933 0 105
3533387 0 106
3534821 0 104
3536296 0 105
3537832 0 105
3539347 0 105
3540822 0 106
3542255 0 104
3543750 0 105
3545286 0 105
3546781 0 106
3548276 0 104
3549710 0 105
3551246 0 105
3552761 0 106
3554256 0 104
3555731 0 105
3557246 0 105
3558762 0 105
3560277 0 105
3561670 0 106
3563226 0 104
3564701 0 105
3566093 0 105
3567547 0 105
3569083 0 105
3570599 0 105
3572135 0 105
3573609 0 105
3575125 0 106
3576558 0 104
3578115 0 105
3579610 0 106
3581146 0 104
3582620 0 105
3584034 0 105
3585467 0 105
3586983 0 105
3588519 0 105
3590034 0 105
3591509 0 105
3592983 0 106
3594540 0 104
3595953 0 105
3597427 0 105
3598881 0 105
3600274 0 105
3601769 0 105
3603305 0 105
3604738 0 105
3606213 0 106
3607729 0 104
3609121 0 105
3610678 0 106
3612234 0 104
3613668 0 105
3615060 0 105
3616535 0 105
3618071 0 105
3619627 0 106
3621061 0 104
3622453 0 105
3623887 0 106
3625300 0 104
3626754 0 105
3628208 0 105
3629662 0 105
3631137 0 105
3632611 0 105
3634024 0 105
3635478 0 106
3636973 0 104
3638407 0 105
3639820 0 105
3641213 0 105
3642667 0 105
3644100 0 106
3645636 0 104
3647090 0 105
3648606 0 106
3650019 0 104
3651555 0 105
3653070 0 105
3654565 0 105
3655958 0 105
3657371 0 105
3658825 0 105
3660279 0 105
3661713 0 106
3663208 0 104
3664744 0 105
3666177 0 105
3667611 0 105
3669147 0 106
3670642 0 104
3672117 0 105
3673632 0 106
3675107 0 104
3676622 0 105
3678097 0 105
3679489 0 106
3681046 0 104
3682602 0 105
3684138 0 105
3685633 0 105
3687149 0 105
3688623 0 105
3690057 0 106
3691613 0 104
3693129 0 105
3694583 0 105
