25864 0 7
27318 0 4
28833 0 5
30287 0 5
31721 0 3
33257 0 11
34649 0 10
36206 0 10
37742 0 12
39216 0 12
40650 0 23
42043 0 22
43497 0 14
44930 0 24
46425 0 17
47879 0 17
49333 0 24
50726 0 24
52282 0 25
53818 0 2
55334 0 24
56829 0 25
58324 0 11
59839 0 16
61211 0 15
62686 0 13
64222 0 14
65697 0 27
67151 0 1
68707 0 24
70161 0 33
71656 0 6
73090 0 15
74605 0 13
76100 0 18
77636 0 18
79193 0 21
80708 0 28
82265 0 11
83698 0 19
85152 0 33
86709 0 3
88204 0 23
89617 0 23
91153 0 23
92689 0 20
94245 0 23
95699 0 27
97174 0 4
98546 0 14
99938 0 21
101454 0 21
102908 0 18
104464 0 28
106021 0 4
107434 0 16
108888 0 20
110383 0 19
111858 0 22
113373 0 15
114766 0 26
116220 0 11
117694 0 23
119189 0 21
120746 0 28
122261 0 8
123859 0 13
125395 0 17
126890 0 13
128405 0 22
129900 0 25
131436 0 2
132849 0 22
134385 0 23
135942 0 21
137478 0 24
138870 0 27
140406 0 9
141942 0 18
143355 0 27
144748 0 1
146141 0 15
147554 0 20
149110 0 29
150482 0 4
151916 0 14
153329 0 22
154783 0 25
156319 0 11
157732 0 16
159125 0 14
160538 0 25
161971 0 2
163487 0 17
164879 0 23
166374 0 23
167808 0 16
169324 0 23
170839 0 34
172273 0 3
173809 0 22
175365 0 24
176881 0 36
178437 0 8
179932 0 17
181366 0 36
182902 0 2
184376 0 20
185892 0 23
187448 0 18
188923 0 16
190438 0 19
191995 0 29
193428 0 2
194821 0 21
196357 0 15
197770 0 29
199203 0 2
200678 0 21
202193 0 14
203647 0 22
205142 0 16
206637 0 22
208051 0 19
209505 0 34
210918 0 7
212331 0 18
213785 0 24
215177 0 20
216713 0 27
218167 0 11
219703 0 16
221158 0 19
222571 0 27
224025 0 12
225479 0 13
226892 0 22
228448 0 27
229902 0 9
231418 0 18
232974 0 33
234469 0 9
235903 0 16
237418 0 16
238893 0 13
240286 0 18
241719 0 28
243255 0 1
244730 0 20
246286 0 22
247699 0 33
249174 0 1
250689 0 14
252164 0 32
253659 0 11
255072 0 23
256587 0 13
258123 0 19
259577 0 17
261052 0 13
262547 0 34
263980 0 8
265435 0 20
266889 0 24
268343 0 19
269879 0 15
271435 0 19
272971 0 26
274446 0 9
275982 0 17
277395 0 18
278890 0 17
280446 0 16
281818 0 14
283354 0 22
284890 0 23
286324 0 31
287839 0 12
289334 0 19
290891 0 19
292468 0 16
293881 0 20
295355 0 29
296809 0 12
298325 0 15
299738 0 20
301253 0 19
302667 0 22
304100 0 21
305616 0 19
307111 0 28
308524 0 9
310060 0 17
311596 0 14
313029 0 33
314545 0 12
315978 0 24
317453 0 20
319009 0 15
320402 0 16
321897 0 17
323392 0 26
324928 0 7
326484 0 24
327938 0 34
329392 0 10
330847 0 16
332260 0 31
333734 0 5
335291 0 14
336806 0 16
338178 0 15
339632 0 13
341086 0 32
342602 0 8
344076 0 21
345612 0 29
347087 0 9
348623 0 14
350138 0 20
351633 0 21
353087 0 14
354480 0 23
355893 0 35
357409 0 6
358904 0 18
360460 0 24
361976 0 35
363491 0 11
365027 0 15
366481 0 23
367935 0 18
369348 0 22
370905 0 24
372441 0 33
373956 0 11
375369 0 15
376782 0 14
378318 0 21
379813 0 20
381308 0 27
382742 0 2
384196 0 19
385752 0 18
387186 0 19
388640 0 16
390012 0 21
391548 0 24
392941 0 36
394374 0 12
395788 0 17
397221 0 17
398614 0 20
400088 0 34
401481 0 11
403037 0 20
404471 0 21
405966 0 24
407399 0 23
408894 0 24
410349 0 27
411823 0 12
413216 0 19
414670 0 15
416062 0 16
417557 0 15
419011 0 23
420465 0 16
421838 0 17
423353 0 36
424869 0 10
426405 0 24
427900 0 16
429292 0 21
430828 0 21
432262 0 15
433798 0 36
435375 0 3
436911 0 18
438324 0 17
439778 0 23
441334 0 15
442768 0 16
444181 0 14
445696 0 32
447110 0 4
448502 0 21
449956 0 15
451431 0 13
452946 0 14
454462 0 33
455916 0 3
457431 0 18
458967 0 18
460483 0 34
461896 0 12
463452 0 13
464906 0 19
466442 0 15
467917 0 34
469371 0 1
470804 0 13
472320 0 26
473692 0 8
475228 0 24
476764 0 16
478259 0 13
479815 0 22
481351 0 20
482928 0 28
484423 0 1
485959 0 14
487413 0 20
488908 0 28
490301 0 7
491714 0 20
493250 0 27
494684 0 10
496261 0 17
497715 0 26
499189 0 5
500684 0 20
502159 0 26
503592 0 8
505046 0 13
506460 0 33
508036 0 4
509511 0 22
510986 0 35
512399 0 1
513914 0 15
515409 0 32
516822 0 7
518256 0 19
519833 0 21
521389 0 17
522802 0 22
524277 0 18
525813 0 20
527267 0 15
528721 0 35
530175 0 12
531609 0 16
532981 0 19
534537 0 21
536094 0 24
537630 0 22
539206 0 29
540640 0 4
542012 0 24
543528 0 32
544982 0 6
546559 0 18
548033 0 25
549569 0 3
551064 0 16
552539 0 17
554013 0 15
555467 0 18
557024 0 23
558560 0 27
560014 0 1
561509 0 19
563004 0 17
564437 0 20
565912 0 20
567489 0 19
568963 0 30
570336 0 11
571728 0 24
573182 0 23
574718 0 14
576213 0 13
577749 0 22
579224 0 14
580719 0 31
582152 0 8
583627 0 24
585101 0 16
586617 0 21
588132 0 31
589648 0 9
591143 0 19
592679 0 14
594133 0 14
595648 0 23
597061 0 32
598557 0 12
600113 0 19
601649 0 13
603062 0 30
604455 0 9
605950 0 19
607445 0 25
609001 0 12
610414 0 24
611807 0 22
613363 0 25
614858 0 8
616435 0 19
617951 0 28
619384 0 7
620941 0 22
622415 0 23
623951 0 19
625385 0 16
626900 0 15
628375 0 29
629768 0 3
631242 0 23
632737 0 23
634212 0 22
635748 0 18
637202 0 23
638635 0 27
640151 0 6
641605 0 22
643120 0 15
644513 0 32
646008 0 2
647401 0 15
648957 0 27
650391 0 9
651906 0 22
653483 0 35
654978 0 7
656493 0 14
658009 0 16
659402 0 16
660917 0 19
662412 0 25
663825 0 2
665320 0 13
666754 0 13
668290 0 19
669785 0 19
671259 0 16
672713 0 29
674208 0 4
675580 0 15
676994 0 14
678386 0 27
679820 0 7
681294 0 21
682748 0 23
684264 0 30
685636 0 5
687049 0 15
688544 0 13
690039 0 16
691473 0 24
692865 0 22
694319 0 15
695753 0 36
697330 0 6
698763 0 15
700238 0 17
701631 0 26
703126 0 5
704641 0 15
706116 0 26
707652 0 7
709106 0 23
710642 0 26
712014 0 8
713468 0 23
715004 0 22
716540 0 15
717953 0 15
719448 0 35
720902 0 8
722458 0 21
723974 0 25
725469 0 1
726964 0 21
728438 0 26
729831 0 11
731367 0 22
732801 0 27
734214 0 1
735627 0 16
737142 0 22
738678 0 22
740255 0 28
741730 0 12
743245 0 13
744761 0 30
746153 0 3
747628 0 24
749164 0 30
750679 0 2
752072 0 21
753567 0 20
755021 0 15
756414 0 19
757970 0 25
759445 0 8
761001 0 21
762558 0 28
764094 0 3
765548 0 19
766981 0 28
768374 0 10
769930 0 18
771364 0 20
772900 0 14
774436 0 33
775910 0 4
777344 0 22
778900 0 24
780395 0 16
781767 0 20
783222 0 34
784737 0 5
786191 0 20
787707 0 20
789222 0 22
790778 0 23
792314 0 17
793830 0 20
795407 0 26
796840 0 5
798233 0 15
799790 0 16
801162 0 17
802677 0 31
804234 0 1
805688 0 15
807183 0 36
808698 0 8
810193 0 22
811729 0 20
813224 0 31
814801 0 2
816296 0 14
817812 0 16
819307 0 13
820740 0 27
822194 0 8
823751 0 15
825246 0 21
826700 0 28
828133 0 3
829526 0 23
830939 0 34
832455 0 10
834032 0 16
835404 0 15
836858 0 20
838394 0 18
839950 0 22
841527 0 14
842981 0 27
844517 0 9
845971 0 14
847487 0 17
849043 0 23
850477 0 33
851992 0 10
853569 0 13
855044 0 36
856518 0 1
857952 0 13
859467 0 31
861024 0 3
862478 0 23
863891 0 24
865324 0 23
866717 0 13
868192 0 26
869687 0 8
871182 0 13
872636 0 22
874110 0 16
875544 0 20
877080 0 13
878616 0 31
880090 0 1
881585 0 19
883121 0 30
884555 0 4
885947 0 18
887381 0 17
888835 0 23
890310 0 28
891846 0 10
893402 0 13
894795 0 19
896310 0 25
897867 0 10
899280 0 23
900775 0 23
902208 0 16
903683 0 17
905137 0 25
906693 0 8
908229 0 23
909704 0 17
911158 0 30
912550 0 1
914086 0 16
915459 0 34
916995 0 7
918490 0 18
919985 0 20
921500 0 36
922975 0 3
924511 0 18
926047 0 14
927501 0 17
1051274 0 101
1052707 0 101
1054202 0 101
1055697 0 101
1057192 0 101
1058626 0 101
1060039 0 101
1061534 0 101
1063029 0 101
1064545 0 101
1066040 0 102
1067576 0 102
1068968 0 102
1070381 0 102
1071815 0 103
1073269 0 101
1074682 0 102
1076218 0 102
1077672 0 102
1079167 0 102
1080601 0 103
1082014 0 101
1083509 0 102
1085045 0 102
1086519 0 102
1088035 0 102
1089448 0 102
1090861 0 103
1092377 0 101
1093790 0 102
1095223 0 103
1096636 0 101
1098049 0 102
1099565 0 102
1101019 0 103
1102473 0 101
1103989 0 102
1105381 0 103
1106835 0 101
1108228 0 102
1109743 0 102
1111279 0 102
1112733 0 102
1114228 0 102
1115764 0 103
1117218 0 101
1118693 0 102
1120085 0 103
1121601 0 101
1123055 0 102
1124489 0 103
1126045 0 101
1127438 0 102
1128892 0 103
1130448 0 101
1131841 0 102
1133356 0 103
1134913 0 101
1136326 0 102
1137841 0 102
1139295 0 102
1140790 0 102
1142306 0 102
1143719 0 102
1145132 0 103
1146607 0 101
1148081 0 102
1149474 0 102
1150928 0 102
1152341 0 103
1153795 0 101
1155310 0 102
1156846 0 102
1158280 0 102
1159734 0 102
1161168 0 102
1162622 0 102
1164178 0 103
1165735 0 101
1167230 0 102
1168622 0 103
1170056 0 101
1171530 0 102
1172964 0 103
1174500 0 101
1175954 0 102
1177490 0 103
1179046 0 101
1180562 0 102
1182016 0 102
1183409 0 102
1184822 0 102
1186378 0 103
1187853 0 101
1189245 0 102
1190761 0 102
1192194 0 103
1193689 0 101
1195164 0 102
1196597 0 103
1198051 0 101
1199526 0 102
1201062 0 103
1202475 0 101
1204011 0 102
1205404 0 103
1206899 0 101
1208291 0 102
1209807 0 102
1211281 0 102
1212715 0 102
1214271 0 102
1215807 0 103
1217220 0 101
1218674 0 102
1220210 0 103
1221746 0 101
1223262 0 102
1224716 0 102
1226170 0 102
1227604 0 102
1229078 0 102
1230614 0 102
1232109 0 102
1233645 0 103
1235181 0 101
1236656 0 102
1238069 0 103
1239482 0 101
1240895 0 102
1242308 0 102
1243762 0 102
1245298 0 103
1246752 0 101
1248145 0 102
1249640 0 102
1251176 0 102
1252671 0 102
1254145 0 103
1255702 0 101
1257094 0 102
1258569 0 103
1260064 0 101
1261538 0 102
1262952 0 102
1264426 0 103
1265982 0 101
1267477 0 102
1268952 0 102
1270386 0 102
1271881 0 102
1273396 0 102
1274932 0 103
1276489 0 101
1277922 0 102
1279315 0 102
1280851 0 102
1282325 0 102
1283861 0 102
1285336 0 103
1286892 0 101
1288367 0 102
1289800 0 102
1291316 0 102
1292831 0 102
1294326 0 103
1295780 0 101
1297255 0 102
1298791 0 102
1300327 0 102
1301883 0 103
1303378 0 101
1304812 0 102
1306286 0 102
1307741 0 102
1309154 0 103
1310690 0 101
1312103 0 102
1313598 0 102
1315113 0 103
1316629 0 101
1318165 0 102
1319701 0 102
1321257 0 102
1322752 0 103
1324309 0 101
1325722 0 102
1327155 0 103
1328589 0 101
1330063 0 102
1331579 0 102
1332992 0 102
1334405 0 102
1335859 0 102
1337395 0 103
1338849 0 101
1340365 0 102
1341880 0 102
1343396 0 103
1344972 0 101
1346386 0 102
1347799 0 102
1349314 0 102
1350809 0 103
1352243 0 101
1353779 0 102
1355274 0 102
1356748 0 102
1358202 0 102
1359656 0 103
1361110 0 101
1362585 0 102
1363998 0 102
1365452 0 103
1367009 0 101
1368442 0 102
1369978 0 103
1371473 0 101
1372907 0 102
1374320 0 102
1375815 0 102
1377269 0 103
1378723 0 101
1380157 0 102
1381652 0 102
1383106 0 102
1384539 0 102
1385973 0 102
1387447 0 102
1388881 0 103
1390314 0 101
1391809 0 102
1393345 0 103
1394840 0 101
1396335 0 102
1397871 0 102
1399264 0 103
1400718 0 101
1402234 0 102
1403688 0 103
1405142 0 101
1406596 0 102
1408050 0 103
1409565 0 101
1410999 0 102
1412432 0 103
1413968 0 101
1415422 0 102
1416958 0 102
1418372 0 102
1419908 0 102
1421423 0 102
1422898 0 102
1424290 0 103
1425703 0 101
1427096 0 102
1428488 0 102
1429881 0 102
1431294 0 102
1432748 0 102
1434161 0 102
1435677 0 102
1437090 0 103
1438503 0 101
1439957 0 102
1441391 0 102
1442865 0 102
1444278 0 102
1445712 0 102
1447227 0 102
1448620 0 103
1450115 0 101
1451590 0 102
1453023 0 102
1454457 0 102
1455993 0 102
1457549 0 102
1459003 0 103
1460457 0 101
1461993 0 102
1463427 0 102
1464840 0 103
1466355 0 101
1467871 0 102
1469345 0 102
1470861 0 102
1472376 0 102
1473789 0 102
1475346 0 102
1476882 0 103
1478438 0 101
1479872 0 102
1481428 0 102
1482862 0 102
1484398 0 102
1485811 0 103
1487265 0 101
1488801 0 102
1490194 0 102
1491750 0 102
1493204 0 102
1494597 0 103
1496030 0 101
1497443 0 102
1498877 0 103
1500311 0 101
1501806 0 102
1503198 0 103
1504632 0 101
1506086 0 102
1507581 0 102
1509096 0 102
1510550 0 102
1512045 0 103
1513581 0 101
1515097 0 102
1516633 0 102
1518087 0 102
1519623 0 102
1521056 0 103
1522592 0 101
1524067 0 102
1525562 0 102
1526955 0 103
1528388 0 101
1529883 0 102
1531399 0 102
1532894 0 103
1534409 0 101
1535822 0 102
1537256 0 103
1538751 0 101
1540164 0 102
1541557 0 102
1543052 0 103
1544608 0 101
1546042 0 102
1547434 0 102
1548827 0 103
1550322 0 101
1551756 0 102
1553230 0 102
1554684 0 102
1556138 0 102
1557551 0 102
1559087 0 103
1560521 0 101
1562057 0 102
1563531 0 102
1564965 0 102
1566419 0 102
1567934 0 102
1569450 0 102
1570945 0 103
1572419 0 101
1573874 0 102
1575266 0 102
1576782 0 103
1578297 0 101
1579690 0 102
1581144 0 102
1582536 0 103
1584052 0 101
1585526 0 102
1586981 0 102
1588516 0 102
1589971 0 102
1591486 0 102
1592940 0 102
1594456 0 103
1595910 0 101
1597384 0 102
1598900 0 103
1600374 0 101
1601910 0 102
1603364 0 103
1604777 0 101
1606231 0 102
1607747 0 103
1609160 0 101
1610553 0 102
1611966 0 103
1613502 0 101
1615038 0 102
1616533 0 103
1618007 0 101
1619543 0 102
1621038 0 102
1622574 0 102
1624090 0 102
1625585 0 102
1627100 0 102
1628493 0 102
1629947 0 103
1631462 0 101
1632875 0 102
1634350 0 102
1635824 0 102
1637360 0 102
1638855 0 102
1640310 0 103
1641825 0 101
1643320 0 102
1644835 0 102
1646371 0 102
1647826 0 102
1649361 0 103
1650816 0 101
1652331 0 102
1653744 0 102
1655157 0 102
1656550 0 102
1657983 0 102
1659437 0 102
1660892 0 103
1662346 0 101
1663882 0 102
1665418 0 102
1666872 0 102
1668428 0 102
1669841 0 102
1671275 0 103
1672811 0 101
1674326 0 102
1675780 0 103
1677255 0 101
1678770 0 102
1680265 0 102
1681658 0 102
1683153 0 103
1684648 0 101
1686061 0 102
1687617 0 102
1689031 0 102
1690567 0 103
1692082 0 101
1693557 0 102
1695052 0 102
1696567 0 102
1698001 0 102
1699393 0 102
1700847 0 102
1702342 0 103
1703858 0 101
1705271 0 102
1706807 0 102
1708322 0 102
1709756 0 102
1711271 0 103
1712705 0 101
1714241 0 102
1715716 0 102
1717190 0 103
1718726 0 101
1720221 0 102
1721737 0 102
1723293 0 102
1724768 0 102
1726283 0 103
1727819 0 101
1729212 0 102
1730707 0 103
1732161 0 101
1733553 0 102
1735069 0 102
1736564 0 102
1738038 0 103
1739595 0 101
1741090 0 102
1742626 0 102
1744141 0 102
1745657 0 102
1747193 0 103
1748708 0 101
1750162 0 102
1751698 0 102
1753193 0 102
1754627 0 103
1756081 0 101
1757515 0 102
1759050 0 103
1760627 0 101
1762081 0 102
1763597 0 102
1764990 0 102
1766444 0 102
1767877 0 103
1769434 0 101
1770908 0 102
1772342 0 102
1773775 0 102
1775168 0 102
1776602 0 102
1778015 0 103
1779510 0 101
1780902 0 102
1782336 0 103
1783790 0 101
1785183 0 102
1786678 0 102
1788173 0 102
1789688 0 102
1791245 0 103
1792740 0 101
1794194 0 102
1795607 0 102
1797143 0 102
1798638 0 103
1800092 0 101
1801505 0 102
1802959 0 103
1804515 0 101
1806031 0 102
1807546 0 102
1808980 0 103
1810516 0 101
1811929 0 102
1813403 0 102
1814858 0 102
1816271 0 102
1817786 0 102
1819261 0 102
1820735 0 102
1822128 0 103
1823582 0 101
1824995 0 102
1826408 0 102
1827903 0 102
1829419 0 103
1830852 0 101
1832306 0 102
1833801 0 103
1835317 0 101
1836853 0 102
1838307 0 103
1839740 0 101
1841133 0 102
1842607 0 102
1844164 0 102
1845720 0 103
1847256 0 101
1848649 0 102
1850042 0 102
1851496 0 102
1852950 0 102
1854383 0 102
1855796 0 102
1857209 0 102
1858623 0 103
1860159 0 101
1861674 0 102
1863108 0 102
1864562 0 103
1865975 0 101
1867470 0 102
1869006 0 103
1870521 0 101
1872057 0 102
1873450 0 102
1874904 0 102
1876337 0 102
1877832 0 102
1879266 0 103
1880720 0 101
1882174 0 102
1883690 0 102
1885226 0 102
1886762 0 102
1888298 0 102
1889834 0 103
1891267 0 101
1892742 0 102
1894155 0 102
1895691 0 103
1897145 0 101
1898619 0 102
1900114 0 103
1901589 0 101
1903125 0 102
1904640 0 102
1906115 0 102
1907507 0 103
1909023 0 101
1910457 0 102
1911849 0 102
1913385 0 102
1914778 0 102
1916170 0 102
1917706 0 102
1919160 0 103
1920655 0 101
1922048 0 102
1923523 0 103
1924956 0 101
1926431 0 102
1927864 0 103
1929298 0 101
1930793 0 102
1932288 0 102
1933701 0 102
1935196 0 102
1936589 0 102
1938043 0 102
1939456 0 102
1940951 0 103
1942528 0 101
1943961 0 102
1945395 0 103
1946910 0 101
1948405 0 102
1975126 0 37
1976601 0 37
1978014 0 43
1979447 0 43
1980881 0 40
1982314 0 47
1983871 0 40
1985407 0 47
1986840 0 41
1988376 0 39
1989830 0 50
1991305 0 57
1992882 0 67
1994356 0 44
1995810 0 56
1997265 0 67
1998698 0 38
2000111 0 49
2001668 0 56
2003081 0 53
2004617 0 52
2006173 0 56
2007709 0 67
2009204 0 47
2010699 0 53
2012235 0 66
2013689 0 46
2015164 0 58
2016597 0 56
2018010 0 56
2019526 0 53
2021062 0 69
2022536 0 37
2024031 0 56
2025526 0 60
2026940 0 55
2028353 0 49
2029745 0 59
2031261 0 64
2032776 0 43
2034312 0 49
2035807 0 72
2037343 0 47
2038879 0 53
2040374 0 52
2041869 0 61
2043303 0 42
2044777 0 59
2046313 0 56
2047747 0 52
2049221 0 61
2050757 0 43
2052191 0 49
2053604 0 56
2055038 0 60
2056574 0 67
2058089 0 44
2059625 0 57
2061120 0 52
2062574 0 51
2064028 0 52
2065523 0 51
2066998 0 63
2068554 0 42
2070070 0 50
2071626 0 59
2073183 0 49
2074616 0 55
2076111 0 49
2077606 0 56
2079122 0 49
2080617 0 61
2082173 0 37
2083566 0 50
2085102 0 57
2086638 0 71
2088051 0 46
2089505 0 50
2091000 0 62
2092556 0 48
2093969 0 59
2095444 0 56
2096857 0 51
2098270 0 58
2099724 0 49
2101281 0 58
2102714 0 66
2104168 0 43
2105704 0 55
2107240 0 57
2108817 0 55
2110292 0 56
2111725 0 63
2113261 0 47
2114695 0 60
2116190 0 54
2117664 0 56
2119098 0 56
2120654 0 68
2122047 0 43
2123522 0 58
2125078 0 51
2126532 0 53
2128027 0 54
2129481 0 52
2130935 0 60
2132348 0 61
2133823 0 47
2135297 0 56
2136854 0 69
2138410 0 44
2139905 0 53
2141421 0 50
2142834 0 50
2144308 0 67
2145762 0 43
2147237 0 51
2148650 0 55
2150063 0 58
2151640 0 53
2153074 0 58
2154528 0 69
2155941 0 42
2157374 0 60
2158931 0 56
2160344 0 55
2161798 0 63
2163232 0 47
2164727 0 60
2166201 0 58
2167635 0 58
2169171 0 71
2170707 0 40
2172222 0 51
2173656 0 68
2175130 0 46
2176707 0 50
2178120 0 52
2179533 0 54
2180967 0 50
2182401 0 55
2183916 0 62
2185432 0 38
2186968 0 56
2188442 0 57
2189937 0 69
2191494 0 47
2193009 0 58
2194504 0 53
2196040 0 51
2197474 0 49
2198907 0 57
2200382 0 66
2201856 0 40
2203310 0 51
2204867 0 68
2206321 0 43
2207795 0 51
2209352 0 57
2210847 0 53
2212383 0 71
2213919 0 45
2215393 0 60
2216847 0 59
2218260 0 57
2219735 0 56
2221169 0 49
2222623 0 51
2224036 0 67
2225592 0 48
2227087 0 59
2228603 0 64
2229995 0 46
2231449 0 60
2233006 0 65
2234521 0 39
2236016 0 56
2237552 0 54
2239047 0 53
2240481 0 72
2241914 0 41
2243409 0 59
2244945 0 59
2246420 0 59
2247874 0 51
2249308 0 53
2250741 0 68
2252175 0 45
2253752 0 58
2255206 0 59
2256680 0 51
2258175 0 69
2259691 0 38
2261247 0 52
2262763 0 49
2264319 0 51
2265732 0 53
2267166 0 49
2268722 0 72
2270156 0 40
2271692 0 52
2273146 0 61
2274641 0 42
2276034 0 58
2277549 0 56
2278962 0 71
2280478 0 47
2281993 0 53
2283427 0 55
2284983 0 54
2286417 0 50
2287953 0 60
2289427 0 69
2290922 0 47
2292417 0 60
2293974 0 52
2295510 0 69
2296943 0 39
2298479 0 53
2299933 0 55
2301449 0 60
2302985 0 58
2304521 0 62
2306016 0 41
2307429 0 60
2308883 0 51
2310316 0 58
2311832 0 61
2313286 0 37
2314842 0 59
2316399 0 56
2317955 0 61
2319430 0 37
2320925 0 54
2322338 0 69
2323853 0 42
2325328 0 57
2326803 0 59
2328257 0 55
2329813 0 71
2331267 0 44
2332701 0 58
2334114 0 60
2335588 0 52
2337022 0 62
2338455 0 44
2339950 0 53
2341384 0 53
2342797 0 58
2344333 0 49
2345726 0 59
2347159 0 57
2348654 0 69
2350149 0 37
2351624 0 54
2353098 0 53
2354634 0 68
2356047 0 44
2357502 0 60
2359017 0 53
2360492 0 49
2361884 0 51
2363400 0 62
2364833 0 42
2366308 0 60
2367762 0 50
2369175 0 54
2370629 0 50
2372083 0 51
2373517 0 56
2374950 0 55
2376445 0 63
2377899 0 39
2379312 0 55
2380828 0 52
2382364 0 57
2383920 0 67
2385374 0 39
2386890 0 59
2388303 0 61
2389757 0 39
2391313 0 49
2392727 0 71
2394160 0 45
2395594 0 57
2397130 0 55
2398604 0 57
2400058 0 72
2401533 0 46
2403028 0 60
2404502 0 49
2406018 0 53
2407431 0 55
2408864 0 72
2410339 0 40
2411895 0 51
2413452 0 53
2414865 0 64
2416278 0 47
2417712 0 55
2419166 0 54
2420702 0 70
2422115 0 43
2423671 0 49
2425207 0 67
2426682 0 48
2428218 0 53
2429774 0 69
2431187 0 45
2432600 0 58
2434116 0 51
2435672 0 67
2437188 0 45
2438744 0 49
2440280 0 60
2441693 0 55
2443106 0 66
2444561 0 44
2446117 0 56
2447530 0 52
2448943 0 59
2450438 0 56
2451974 0 52
2453469 0 69
2455046 0 40
2456582 0 60
2457995 0 59
2459470 0 65
2460883 0 43
2462337 0 58
2463873 0 62
2465429 0 39
2466965 0 60
2468522 0 60
2469935 0 58
2471471 0 54
2472904 0 49
2474461 0 58
2475956 0 52
2477512 0 68
2479007 0 44
2480461 0 55
2481956 0 69
2483451 0 38
2484926 0 56
2486462 0 57
2487895 0 53
2489370 0 71
2490865 0 40
2492340 0 50
2493773 0 52
2495268 0 53
2496722 0 49
2498258 0 49
2499692 0 49
2501125 0 68
2502661 0 48
2504136 0 49
2505590 0 62
2507044 0 39
2508559 0 57
2509993 0 56
2511468 0 58
2512963 0 57
2514376 0 56
2515789 0 61
2517284 0 38
2518717 0 49
2520130 0 53
2521666 0 53
2523100 0 65
2524656 0 47
2526131 0 60
2527544 0 50
2529019 0 71
2530432 0 41
2531927 0 50
2533422 0 59
2534937 0 54
2536494 0 57
2537927 0 72
2539463 0 42
2540999 0 59
2542412 0 51
2543948 0 67
2545505 0 38
2546918 0 57
2548433 0 56
2549969 0 62
2551526 0 39
2553062 0 54
2554536 0 54
2556031 0 71
2557526 0 41
2559042 0 56
2560496 0 53
2561909 0 58
2563342 0 63
2564858 0 48
2566271 0 59
2567725 0 69
2569138 0 42
2570654 0 55
2572128 0 51
2573685 0 54
2575221 0 63
2576695 0 45
2578252 0 54
2579706 0 55
2581242 0 50
2582696 0 52
2584170 0 49
2585686 0 49
2587222 0 66
2588778 0 48
2590273 0 55
2591686 0 55
2593099 0 72
2594533 0 37
2596008 0 54
2597462 0 60
2598957 0 68
2600390 0 40
2601844 0 56
2603319 0 66
2604752 0 42
2606309 0 50
2607701 0 52
2609155 0 55
2610671 0 69
2612145 0 42
2613559 0 58
2615136 0 51
2616528 0 57
2617962 0 55
2619436 0 57
2620911 0 62
2622344 0 43
2623901 0 60
2625416 0 55
2626829 0 52
2628304 0 49
2629799 0 59
2631294 0 70
2632748 0 43
2634304 0 53
2635820 0 52
2637376 0 55
2638871 0 54
2640346 0 58
2641800 0 63
2643295 0 42
2644749 0 55
2646203 0 58
2647657 0 68
2649070 0 44
2650524 0 51
2652060 0 60
2653535 0 60
2655030 0 60
2656566 0 57
2658020 0 60
2659453 0 58
2660948 0 68
2662443 0 38
2663959 0 53
2665372 0 61
2666888 0 43
2668444 0 53
2669980 0 59
2671455 0 62
2672970 0 45
2674486 0 58
2675960 0 58
2677414 0 65
2678909 0 38
2680425 0 58
2681981 0 52
2683476 0 68
2685033 0 46
2686548 0 59
2687982 0 57
2689456 0 60
2690972 0 50
2692508 0 58
2693962 0 49
2695498 0 49
2696993 0 61
2698529 0 48
2699962 0 59
2701396 0 54
2702952 0 50
2704406 0 63
2705942 0 41
2707376 0 60
2708871 0 65
2710427 0 44
2711963 0 53
2713397 0 65
2714830 0 38
2716346 0 58
2717820 0 50
2719254 0 60
2720708 0 56
2722265 0 58
2723719 0 70
2725132 0 39
2726627 0 51
2728122 0 51
2729596 0 55
2731030 0 60
2732463 0 65
2733958 0 43
2735474 0 54
2736867 0 67
2738321 0 41
2739713 0 54
2741270 0 71
2742703 0 43
2744260 0 59
2745734 0 51
2747188 0 59
2748622 0 57
2750178 0 52
2751673 0 71
2753127 0 48
2754540 0 50
2756015 0 50
2757551 0 52
2759046 0 55
2760541 0 54
2761954 0 62
2763429 0 42
2764883 0 60
2766439 0 57
2767975 0 57
2769470 0 64
2771027 0 38
2772440 0 54
2773914 0 56
2775327 0 60
2776781 0 68
2778276 0 38
2779771 0 53
2781328 0 56
2782782 0 59
2784195 0 50
2785751 0 59
2787267 0 65
2788823 0 43
2790339 0 53
2791895 0 51
2793390 0 52
2794803 0 57
2796339 0 56
2797814 0 64
2799268 0 48
2800784 0 51
2802217 0 72
2803753 0 41
2805289 0 57
2806784 0 55
2808238 0 65
2809692 0 37
2811208 0 49
2812621 0 67
2814034 0 37
2815488 0 55
2817024 0 56
2818539 0 64
2819973 0 39
2821468 0 49
2822963 0 69
2824499 0 37
2825953 0 58
2827469 0 52
2828902 0 54
2830397 0 62
2831933 0 38
2833449 0 55
2834903 0 58
2836316 0 49
2837729 0 60
2839224 0 64
2840739 0 38
2842296 0 58
2843750 0 65
2845183 0 45
2846719 0 54
2848214 0 64
2849627 0 38
2851184 0 52
2852618 0 57
2854174 0 57
2855710 0 50
2857246 0 62
2858741 0 38
2860256 0 49
2861649 0 70
2863021 0 40
2864475 0 59
2866011 0 56
2867424 0 64
2868940 0 43
2870476 0 59
2871930 0 50
2873343 0 68
2874817 0 43
2876231 0 50
2877664 0 49
2905351 0 104
2906743 0 104
2908300 0 104
2909795 0 104
2911351 0 104
2912846 0 104
2914280 0 104
2915693 0 104
2917085 0 104
2918580 0 104
2920096 0 105
2921550 0 105
2923106 0 105
2924663 0 105
2926158 0 105
2927653 0 105
2929168 0 106
2930725 0 104
2932179 0 105
2933715 0 105
2935169 0 105
2936603 0 106
2938139 0 104
2939654 0 105
2941129 0 106
2942685 0 104
2944078 0 105
2945491 0 105
2946904 0 105
2948419 0 105
2949873 0 106
2951409 0 104
2952884 0 105
2954379 0 105
2955915 0 105
2957328 0 106
2958823 0 104
2960298 0 105
2961731 0 105
2963267 0 106
2964783 0 104
2966278 0 105
2967670 0 105
2969083 0 106
2970558 0 104
2972032 0 105
2973425 0 105
2974920 0 106
2976354 0 104
2977767 0 105
2979200 0 105
2980654 0 105
2982170 0 105
2983624 0 105
2985119 0 105
2986573 0 106
2988109 0 104
2989645 0 105
2991140 0 105
2992676 0 105
2994089 0 105
2995502 0 105
2996936 0 106
2998369 0 104
2999762 0 105
3001236 0 105
3002731 0 105
3004165 0 105
3005598 0 105
3007114 0 105
3008650 0 106
3010186 0 104
3011681 0 105
3013114 0 106
3014569 0 104
3015982 0 105
3017497 0 105
3019033 0 106
3020467 0 104
3021962 0 105
3023416 0 105
3024849 0 105
3026365 0 106
3027819 0 104
3029375 0 105
3030829 0 105
3032242 0 105
3033676 0 106
3035089 0 104
3036502 0 105
3038038 0 106
3039554 0 104
3041028 0 105
3042462 0 106
3043998 0 104
3045534 0 105
3047049 0 105
3048483 0 105
3049937 0 105
3051330 0 105
3052784 0 105
3054299 0 106
3055835 0 104
3057391 0 105
3058907 0 106
3060341 0 104
3061795 0 105
3063187 0 105
3064662 0 105
3066116 0 105
3067508 0 106
3068901 0 104
3070437 0 105
3071830 0 106
3073243 0 104
3074799 0 105
3076253 0 105
3077769 0 106
3079243 0 104
3080800 0 105
3082315 0 106
3083790 0 104
3085326 0 105
3086718 0 106
3088152 0 104
3089688 0 105
3091081 0 105
3092555 0 105
3094050 0 106
3095484 0 104
3096938 0 105
3098433 0 105
3099866 0 105
3101300 0 105
3102795 0 105
3104351 0 106
3105805 0 104
3107259 0 105
3108795 0 105
3110188 0 105
3111622 0 105
3113076 0 106
3114571 0 104
3116086 0 105
3117602 0 105
3119076 0 105
3120489 0 105
3122005 0 106
3123561 0 104
3124954 0 105
3126469 0 105
3127964 0 105
3129500 0 105
3130913 0 105
3132347 0 105
3133822 0 106
3135235 0 104
3136668 0 105
3138163 0 105
3139679 0 106
3141174 0 104
3142669 0 105
3144184 0 106
3145597 0 104
3147072 0 105
3148526 0 105
3150021 0 105
3151536 0 105
3153052 0 105
3154588 0 106
3155980 0 104
3157496 0 105
3158909 0 105
3160322 0 105
3161776 0 105
3163312 0 105
3164828 0 106
3166282 0 104
3167818 0 105
3169354 0 105
3170787 0 105
3172262 0 105
3173695 0 106
3175170 0 104
3176706 0 105
3178221 0 106
3179737 0 104
3181211 0 105
3182625 0 105
3184120 0 106
3185635 0 104
3187191 0 105
3188584 0 105
3190120 0 105
3191615 0 105
3193090 0 105
3194626 0 106
3196039 0 104
3197575 0 105
3199111 0 106
3200544 0 104
3201978 0 105
3203432 0 105
3204906 0 106
3206463 0 104
3207917 0 105
3209453 0 106
3210968 0 104
3212484 0 105
3213958 0 106
3215515 0 104
3216969 0 105
3218382 0 105
3219897 0 105
3221372 0 105
3222826 0 106
3224239 0 104
3225673 0 105
3227127 0 106
3228581 0 104
3229973 0 105
3231530 0 105
3233086 0 105
3234540 0 105
3235994 0 106
3237489 0 104
3239005 0 105
3240418 0 105
3241893 0 105
3243347 0 106
3244903 0 104
3246337 0 105
3247812 0 105
3249204 0 105
3250699 0 106
3252173 0 104
3253586 0 105
3255061 0 105
3256577 0 105
3258010 0 106
3259505 0 104
3260980 0 105
3262516 0 105
3264072 0 105
3265547 0 106
3266960 0 104
3268434 0 105
3269909 0 106
3271342 0 104
3272858 0 105
3274291 0 105
3275705 0 105
3277118 0 106
3278551 0 104
3280087 0 105
3281562 0 105
3282995 0 105
3284511 0 105
3286067 0 105
3287583 0 105
3289119 0 105
3290573 0 106
3291986 0 104
3293542 0 105
3295037 0 106
3296553 0 104
3298007 0 105
3299440 0 106
3300915 0 104
3302349 0 105
3303762 0 105
3305216 0 105
3306711 0 106
3308185 0 104
3309721 0 105
3311237 0 105
3312691 0 106
3314145 0 104
3315599 0 105
3317135 0 105
3318548 0 105
3320002 0 105
3321415 0 105
3322869 0 105
3324282 0 105
3325818 0 106
3327313 0 104
3328849 0 105
3330385 0 106
3331942 0 104
3333375 0 105
3334850 0 105
3336242 0 105
3337758 0 105
3339273 0 105
3340809 0 105
3342263 0 106
3343799 0 104
3345335 0 105
3346810 0 106
3348284 0 104
3349718 0 105
3351192 0 106
3352647 0 104
3354162 0 105
3355678 0 105
3357070 0 105
3358565 0 105
3360122 0 105
3361514 0 106
3362948 0 104
3364422 0 105
3365876 0 105
3367392 0 105
3368846 0 105
3370361 0 105
3371816 0 105
3373290 0 106
3374806 0 104
3376260 0 105
3377673 0 105
3379127 0 105
3380622 0 105
3382096 0 105
3383612 0 106
3385148 0 104
3386561 0 105
3387994 0 105
3389489 0 105
3390903 0 105
3392459 0 105
3393934 0 106
3395408 0 104
3396964 0 105
3398378 0 106
3399873 0 104
3401388 0 105
3402822 0 106
3404378 0 104
3405853 0 105
3407348 0 105
3408843 0 105
3410276 0 105
3411689 0 105
3413225 0 106
3414761 0 104
3416215 0 105
3417649 0 105
3419164 0 105
3420700 0 105
3422154 0 105
3423609 0 106
3425104 0 104
3426619 0 105
3428094 0 106
3429650 0 104
3431104 0 105
3432640 0 105
3434053 0 105
3435466 0 105
3436982 0 105
3438497 0 105
3440013 0 106
3441549 0 104
3443085 0 105
3444539 0 105
3446095 0 105
3447631 0 105
3449024 0 105
3450560 0 105
3452014 0 105
3453427 0 106
3454860 0 104
3456396 0 105
3457810 0 106
3459264 0 104
3460800 0 105
3462315 0 105
3463728 0 105
3465264 0 105
3466780 0 106
3468193 0 104
3469688 0 105
3471142 0 105
3472637 0 105
3474152 0 105
3475668 0 106
3477204 0 104
3478637 0 105
3480173 0 105
3481566 0 105
3483081 0 105
3484535 0 106
3485969 0 104
3487382 0 105
3488857 0 105
3490290 0 106
3491826 0 104
3493362 0 105
3494837 0 105
3496229 0 105
3497642 0 106
3499199 0 104
3500653 0 105
3502148 0 105
3503704 0 105
3505158 0 106
3506674 0 104
3508189 0 105
3509623 0 106
3511098 0 104
3512552 0 105
3514088 0 105
3515562 0 105
3517119 0 105
3518573 0 105
3520027 0 105
3521440 0 105
3522894 0 106
3524450 0 104
3525904 0 105
3527399 0 106
3528874 0 104
3530389 0 105
3531864 0 105
3533298 0 105
3534731 0 106
3536288 0 104
3537783 0 105
3539216 0 106
3540691 0 104
3542165 0 105
3543640 0 106
3545176 0 104
3546609 0 105
3548166 0 105
3549661 0 105
3551197 0 105
3552692 0 106
3554105 0 104
3555538 0 105
3557095 0 105
3558590 0 105
3560105 0 105
3561600 0 105
3563136 0 105
3564693 0 106
3566167 0 104
3567683 0 105
3569137 0 105
3570611 0 105
3572045 0 105
3573499 0 106
3574974 0 104
3576510 0 105
3578025 0 105
3579520 0 105
3580974 0 105
3582490 0 106
3583903 0 104
3585336 0 105
3586872 0 105
3588265 0 105
3589780 0 105
3591255 0 105
3592750 0 106
3594204 0 104
3595740 0 105
3597194 0 105
3598607 0 106
3600061 0 104
3601515 0 105
3602969 0 105
3604362 0 105
3605816 0 105
3607352 0 105
3608908 0 105
3610301 0 105
3611776 0 106
3613250 0 104
3614684 0 105
3616220 0 105
3617715 0 106
3619230 0 104
3620705 0 105
3622200 0 105
3623613 0 106
3625026 0 104
3626521 0 105
3627934 0 106
3629388 0 104
3630944 0 105
3632337 0 105
3633812 0 105
3635245 0 106
3636720 0 104
3638235 0 105
3639751 0 106
3641184 0 104
3642659 0 105
3644174 0 105
3645649 0 105
3647164 0 105
3648618 0 105
3650011 0 105
3651547 0 105
3653062 0 106
3654619 0 104
3656114 0 105
3657650 0 106
3659063 0 104
3660476 0 105
3661971 0 105
3663487 0 105
3664982 0 105
3666456 0 106
3667951 0 104
3669385 0 105
3670818 0 105
3672231 0 106
3673726 0 104
3675221 0 105
3676676 0 106
3678109 0 104
3679625 0 105
3681181 0 106
3682717 0 104
3684212 0 105
3685707 0 105
3687161 0 105
3688677 0 105
3690233 0 105
3691667 0 105
3693141 0 105
3694657 0 106
3696111 0 104
3697565 0 105
3699121 0 105
3700575 0 106
3702091 0 104
3703647 0 105
3705081 0 106
3706617 0 104
3708132 0 105
3709627 0 106
3711163 0 104
3712638 0 105
3714153 0 105
3715648 0 106
3717061 0 104
3718556 0 105
3720113 0 106
3721505 0 104
3722898 0 105
3724332 0 106
3725827 0 104
3727383 0 105
3728837 0 106
3730332 0 104
3731807 0 105
3733220 0 105
3734735 0 105
3736271 0 106
3737807 0 104
3739364 0 105
3740818 0 105
3742374 0 105
3743931 0 105
3745446 0 106
3746859 0 104
3748416 0 105
3749931 0 105
3751406 0 105
3752901 0 105
3754416 0 106
3755932 0 104
3757406 0 105
3758819 0 105
3760253 0 105
3761707 0 105
3763120 0 105
3764554 0 105
3766008 0 106
3767441 0 104
3768977 0 105
3770452 0 106
3771906 0 104
3773401 0 105
3774793 0 106
3776309 0 104
3777845 0 105
3779279 0 105
3780774 0 106
3782228 0 104
3783641 0 105
3785115 0 106
3786528 0 104
3787941 0 105
3789416 0 105
3790850 0 105
3792345 0 105
3793819 0 106
3795314 0 104
3796850 0 105
3798325 0 106
3799861 0 104
3801274 0 105
3802789 0 105
3804264 0 105
3805697 0 105
