149078 0 2
150594 0 3
152048 0 8
153625 0 11
155017 0 10
156451 0 3
157885 0 5
159277 0 7
160772 0 4
162267 0 12
163660 0 17
165175 0 21
166609 0 33
168124 0 7
169681 0 16
171094 0 23
172630 0 20
174104 0 22
175538 0 21
177013 0 14
178467 0 27
179941 0 2
181457 0 19
182972 0 17
184508 0 30
185942 0 6
187375 0 14
188850 0 24
190263 0 19
191799 0 17
193314 0 30
194666 0 8
196120 0 18
197615 0 31
199171 0 12
200626 0 22
202121 0 35
203575 0 5
205049 0 22
206503 0 30
207998 0 5
209391 0 13
210927 0 32
212401 0 3
213835 0 16
215268 0 21
216682 0 22
218115 0 20
219672 0 26
221064 0 6
222580 0 19
224013 0 14
225508 0 15
226942 0 35
228437 0 10
229993 0 24
231447 0 17
232901 0 13
234355 0 13
235850 0 17
237284 0 32
238697 0 9
240172 0 21
241708 0 36
243223 0 6
244739 0 17
246254 0 21
247811 0 24
249347 0 27
250760 0 7
252296 0 24
253688 0 22
255245 0 26
256760 0 5
258173 0 21
259730 0 29
261245 0 6
262740 0 23
264276 0 22
265751 0 13
267143 0 13
268556 0 34
269990 0 12
271506 0 22
273082 0 29
274455 0 5
275970 0 20
277465 0 22
279042 0 21
280476 0 24
281991 0 21
283404 0 14
284920 0 27
286312 0 1
287725 0 14
289220 0 34
290715 0 2
292149 0 22
293583 0 36
295057 0 4
296429 0 24
297965 0 35
299358 0 10
300791 0 20
302368 0 13
303781 0 22
305235 0 23
306649 0 32
308185 0 12
309741 0 22
311256 0 15
312711 0 13
314206 0 14
315680 0 24
317114 0 36
318588 0 1
320104 0 17
321619 0 36
323073 0 4
324507 0 24
326022 0 13
327476 0 18
329033 0 23
330446 0 30
331818 0 1
333334 0 16
334829 0 15
336262 0 13
337655 0 17
339191 0 26
340604 0 5
342017 0 20
343491 0 22
345007 0 28
346502 0 2
347915 0 18
349410 0 16
350844 0 24
352277 0 22
353854 0 15
355370 0 13
356906 0 36
358462 0 6
359978 0 22
361493 0 23
363049 0 20
364483 0 23
365917 0 17
367432 0 18
368948 0 16
370463 0 33
371876 0 1
373371 0 18
374887 0 34
376423 0 10
377938 0 15
379454 0 36
380928 0 11
382403 0 22
383918 0 20
385372 0 17
386785 0 31
388260 0 7
389755 0 15
391188 0 31
392642 0 6
394117 0 13
395653 0 26
397107 0 12
398582 0 13
400077 0 13
401490 0 23
403005 0 22
404562 0 15
406057 0 26
407429 0 12
408965 0 17
410357 0 29
411750 0 5
413163 0 18
414638 0 17
416071 0 23
417484 0 20
419000 0 25
420433 0 7
421949 0 24
423444 0 14
424918 0 20
426516 0 35
427970 0 2
429424 0 23
430939 0 30
432373 0 12
433868 0 14
435302 0 27
436838 0 3
438251 0 18
439725 0 28
441220 0 12
442695 0 20
444272 0 19
445746 0 18
447323 0 17
448757 0 29
450231 0 2
451685 0 23
453098 0 23
454532 0 15
456068 0 24
457481 0 13
458894 0 30
460369 0 4
461802 0 15
463236 0 36
464731 0 2
466103 0 16
467496 0 31
469052 0 2
470588 0 23
472062 0 13
473557 0 18
475012 0 19
476568 0 31
478124 0 6
479578 0 22
481155 0 17
482569 0 20
484023 0 19
485600 0 27
487095 0 2
488630 0 18
490044 0 32
491457 0 5
492849 0 24
494303 0 28
495778 0 7
497252 0 16
498666 0 16
500058 0 17
501512 0 34
502905 0 11
504461 0 20
505915 0 16
507349 0 24
508885 0 22
510462 0 17
511998 0 33
513431 0 7
514885 0 13
516298 0 15
517732 0 17
519125 0 19
520538 0 24
522074 0 21
523548 0 35
525023 0 6
526559 0 18
528054 0 19
529610 0 13
531044 0 17
532436 0 36
533850 0 11
535345 0 24
536799 0 22
538294 0 36
539789 0 5
541263 0 18
542820 0 22
544356 0 23
545871 0 17
547264 0 18
548779 0 20
550274 0 16
551790 0 28
553223 0 3
554759 0 18
556316 0 18
557872 0 17
559408 0 22
560944 0 25
562378 0 2
563811 0 16
565286 0 17
566781 0 34
568255 0 3
569689 0 15
571225 0 34
572597 0 1
574031 0 22
575526 0 24
576980 0 20
578557 0 17
580072 0 13
581547 0 26
583001 0 7
584516 0 16
585888 0 23
587301 0 24
588735 0 19
590312 0 24
591786 0 20
593322 0 25
594879 0 8
596394 0 21
597890 0 14
599364 0 22
600818 0 29
602252 0 10
603705 0 18
605139 0 21
606716 0 32
608211 0 7
609665 0 17
611140 0 22
612594 0 20
614048 0 32
615440 0 1
616874 0 21
618410 0 31
619987 0 8
621584 0 24
622977 0 14
624431 0 30
625783 0 8
627278 0 16
628670 0 16
630186 0 15
631681 0 27
633135 0 12
634568 0 19
636043 0 22
637620 0 33
639033 0 1
640507 0 23
642002 0 34
643538 0 8
645054 0 21
646569 0 15
648085 0 13
649600 0 21
651177 0 22
652590 0 15
654106 0 36
655560 0 6
657034 0 20
658550 0 13
659963 0 22
661438 0 36
662892 0 7
664325 0 23
665841 0 33
667315 0 10
668872 0 13
670285 0 25
671780 0 7
673336 0 16
674729 0 27
676142 0 11
677555 0 24
679091 0 20
680566 0 23
682020 0 17
683535 0 17
684928 0 23
686443 0 30
687836 0 12
689249 0 18
690683 0 25
692116 0 2
693591 0 23
695127 0 21
696704 0 14
698240 0 21
699714 0 20
701168 0 13
702602 0 34
704035 0 2
705469 0 23
707025 0 20
708479 0 33
709933 0 3
711347 0 18
712780 0 13
714255 0 23
715688 0 13
717142 0 20
718719 0 18
720276 0 22
721709 0 33
723122 0 7
724576 0 13
726112 0 31
727648 0 4
729041 0 16
730454 0 26
731826 0 12
733342 0 24
734734 0 22
736270 0 24
737765 0 18
739240 0 20
740776 0 31
742353 0 5
743909 0 13
745363 0 25
746899 0 9
748456 0 22
749910 0 16
751364 0 20
752941 0 19
754374 0 17
755849 0 19
757323 0 34
758839 0 10
760395 0 17
761808 0 15
763201 0 22
764757 0 16
766150 0 13
767563 0 18
769099 0 35
770553 0 5
772028 0 17
773543 0 30
774997 0 12
776513 0 23
778049 0 30
779503 0 9
781080 0 24
782554 0 19
784111 0 16
785524 0 28
786957 0 8
788534 0 16
789968 0 16
791381 0 17
792917 0 36
794473 0 9
795989 0 15
797484 0 27
798999 0 6
800474 0 17
801948 0 19
803525 0 20
804979 0 23
806392 0 21
807867 0 26
809382 0 1
810816 0 17
812209 0 14
813683 0 17
815076 0 13
816468 0 21
817984 0 13
819397 0 35
820892 0 10
822428 0 22
823861 0 22
825275 0 18
826688 0 14
828101 0 25
829637 0 11
831173 0 16
832606 0 24
834163 0 24
835699 0 19
837132 0 15
838668 0 35
840204 0 5
841720 0 23
843256 0 32
844730 0 8
846205 0 13
847618 0 30
849051 0 3
850465 0 14
851857 0 20
853352 0 20
854786 0 20
856363 0 17
857878 0 27
859373 0 8
860889 0 17
862363 0 35
863899 0 12
865374 0 21
866930 0 22
868384 0 16
869859 0 31
871333 0 1
872767 0 21
874262 0 35
875716 0 11
877231 0 19
878645 0 13
880058 0 16
881450 0 21
882986 0 21
884522 0 14
886058 0 28
887471 0 5
888987 0 16
890502 0 31
891997 0 9
893431 0 16
894803 0 24
896339 0 17
897752 0 34
899186 0 6
900762 0 19
902278 0 20
903814 0 17
905248 0 16
906722 0 24
908135 0 34
909548 0 4
910961 0 16
912477 0 18
913951 0 20
915508 0 30
916900 0 3
918354 0 22
919911 0 19
921447 0 21
922901 0 36
924396 0 6
925952 0 21
927488 0 31
928963 0 11
930417 0 15
931932 0 19
933407 0 13
934800 0 19
936336 0 22
937913 0 21
939367 0 36
940923 0 10
942439 0 13
943852 0 34
945388 0 7
946862 0 20
948419 0 20
949893 0 24
951368 0 31
952883 0 10
954419 0 19
955914 0 35
957409 0 10
958843 0 22
960276 0 19
961751 0 33
963246 0 4
964638 0 15
966093 0 19
967526 0 18
968939 0 15
970414 0 23
971868 0 27
973383 0 3
974940 0 15
976373 0 20
977909 0 25
979363 0 5
980838 0 23
982374 0 29
983766 0 11
985200 0 23
986736 0 18
988292 0 16
989665 0 17
991119 0 16
992634 0 34
994047 0 8
995604 0 16
996976 0 24
998389 0 34
999822 0 12
1001256 0 20
1002690 0 18
1004205 0 13
1005700 0 13
1007093 0 24
1008588 0 13
1010021 0 21
1011537 0 29
1013011 0 1
1014506 0 13
1016042 0 14
1017537 0 23
1019032 0 18
1020568 0 22
1022145 0 30
1023640 0 1
1025156 0 15
1026692 0 13
1028187 0 13
1029620 0 36
1031054 0 3
1032549 0 14
1034023 0 15
1035539 0 22
1037013 0 17
1038427 0 24
1039819 0 35
1041314 0 5
1042850 0 23
1044325 0 17
1045779 0 13
1047315 0 20
1048830 0 14
1068004 0 101
1069458 0 101
1070871 0 101
1072264 0 101
1073677 0 101
1075172 0 101
1076605 0 101
1078080 0 101
1079616 0 101
1081131 0 101
1082626 0 102
1084019 0 102
1085555 0 102
1087009 0 102
1088443 0 103
1089876 0 101
1091310 0 102
1092743 0 103
1094156 0 101
1095569 0 102
1097105 0 103
1098580 0 101
1100075 0 102
1101509 0 102
1102963 0 103
1104478 0 101
1105953 0 102
1107366 0 103
1108861 0 101
1110356 0 102
1111871 0 102
1113325 0 102
1114738 0 102
1116233 0 102
1117667 0 103
1119142 0 101
1120534 0 102
1121947 0 103
1123401 0 101
1124835 0 102
1126289 0 102
1127804 0 102
1129299 0 102
1130774 0 102
1132187 0 103
1133641 0 101
1135054 0 102
1136590 0 102
1138085 0 102
1139621 0 102
1141055 0 103
1142611 0 101
1144168 0 102
1145663 0 102
1147199 0 102
1148632 0 102
1150107 0 102
1151643 0 102
1153056 0 103
1154530 0 101
1156046 0 102
1157479 0 102
1158995 0 103
1160408 0 101
1161801 0 102
1163296 0 102
1164729 0 103
1166183 0 101
1167699 0 102
1169173 0 102
1170566 0 102
1172040 0 102
1173576 0 103
1175112 0 101
1176505 0 102
1177898 0 102
1179434 0 103
1180908 0 101
1182321 0 102
1183775 0 102
1185168 0 102
1186601 0 103
1188076 0 101
1189612 0 102
1191127 0 103
1192622 0 101
1194056 0 102
1195510 0 103
1197067 0 101
1198459 0 102
1199995 0 102
1201490 0 102
1202903 0 103
1204378 0 101
1205852 0 102
1207388 0 102
1208842 0 102
1210235 0 102
1211771 0 102
1213266 0 102
1214781 0 103
1216297 0 101
1217812 0 102
1219246 0 102
1220761 0 103
1222215 0 101
1223772 0 102
1225206 0 102
1226721 0 102
1228196 0 102
1229732 0 102
1231145 0 103
1232640 0 101
1234155 0 102
1235650 0 102
1237125 0 103
1238599 0 101
1240094 0 102
1241507 0 103
1243043 0 101
1244497 0 102
1245910 0 102
1247324 0 102
1248757 0 102
1250252 0 102
1251686 0 102
1253140 0 102
1254573 0 103
1256027 0 101
1257563 0 102
1259017 0 102
1260574 0 102
1262069 0 102
1263543 0 102
1264977 0 103
1266452 0 101
1267885 0 102
1269380 0 103
1270937 0 101
1272350 0 102
1273742 0 102
1275217 0 102
1276650 0 102
1278125 0 102
1279620 0 102
1281115 0 103
1282630 0 101
1284105 0 102
1285579 0 102
1286993 0 102
1288467 0 102
1289942 0 103
1291375 0 101
1292788 0 102
1294304 0 102
1295717 0 102
1297151 0 103
1298625 0 101
1300100 0 102
1301492 0 102
1303028 0 103
1304544 0 101
1306080 0 102
1307595 0 102
1309090 0 102
1310544 0 102
1312019 0 102
1313534 0 102
1314968 0 103
1316483 0 101
1317917 0 102
1319391 0 103
1320927 0 101
1322443 0 102
1323835 0 102
1325310 0 102
1326764 0 102
1328279 0 102
1329754 0 102
1331290 0 102
1332744 0 103
1334157 0 101
1335714 0 102
1337250 0 102
1338724 0 102
1340219 0 102
1341755 0 102
1343271 0 103
1344827 0 101
1346220 0 102
1347633 0 102
1349128 0 102
1350643 0 102
1352097 0 102
1353633 0 103
1355128 0 101
1356541 0 102
1358016 0 102
1359552 0 103
1361108 0 101
1362624 0 102
1364139 0 102
1365573 0 102
1367006 0 102
1368522 0 102
1369956 0 102
1371410 0 103
1372905 0 101
1374441 0 102
1375915 0 102
1377390 0 102
1378844 0 103
1380400 0 101
1381936 0 102
1383411 0 102
1384865 0 102
1386380 0 103
1387814 0 101
1389329 0 102
1390783 0 102
1392196 0 103
1393691 0 101
1395145 0 102
1396600 0 103
1398095 0 101
1399549 0 102
1401023 0 102
1402457 0 102
1403870 0 102
1405406 0 102
1406819 0 102
1408273 0 103
1409706 0 101
1411201 0 102
1412615 0 102
1414069 0 102
1415502 0 102
1416915 0 103
1418410 0 101
1419844 0 102
1421318 0 102
1422813 0 102
1424227 0 102
1425681 0 103
1427176 0 101
1428712 0 102
1430145 0 102
1431620 0 102
1433033 0 103
1434487 0 101
1436002 0 102
1437395 0 102
1438890 0 103
1440365 0 101
1441880 0 102
1443355 0 103
1444829 0 101
1446263 0 102
1447819 0 102
1449294 0 102
1450686 0 102
1452161 0 103
1453656 0 101
1455171 0 102
1456687 0 103
1458223 0 101
1459656 0 102
1461110 0 102
1462646 0 102
1464100 0 102
1465513 0 103
1466947 0 101
1468463 0 102
1469855 0 102
1471371 0 102
1472804 0 102
1474258 0 102
1475671 0 103
1477187 0 101
1478600 0 102
1480054 0 102
1481529 0 102
1483044 0 102
1484519 0 103
1486034 0 101
1487427 0 102
1488840 0 103
1490335 0 101
1491891 0 102
1493386 0 102
1494779 0 103
1496192 0 101
1497687 0 102
1499121 0 103
1500534 0 101
1502008 0 102
1503503 0 102
1504998 0 102
1506514 0 102
1507947 0 102
1509381 0 103
1510855 0 101
1512248 0 102
1513702 0 102
1515177 0 102
1516631 0 102
1518064 0 103
1519477 0 101
1520911 0 102
1522303 0 102
1523839 0 102
1525232 0 102
1526768 0 102
1528304 0 102
1529758 0 102
1531253 0 103
1532707 0 101
1534120 0 102
1535513 0 102
1537008 0 103
1538523 0 101
1540059 0 102
1541513 0 103
1543008 0 101
1544421 0 102
1545855 0 103
1547289 0 101
1548845 0 102
1550279 0 103
1551774 0 101
1553289 0 102
1554702 0 102
1556197 0 102
1557610 0 102
1559003 0 102
1560457 0 102
1561870 0 103
1563304 0 101
1564840 0 102
1566314 0 102
1567830 0 102
1569243 0 103
1570779 0 101
1572171 0 102
1573687 0 102
1575141 0 102
1576636 0 102
1578110 0 103
1579565 0 101
1581019 0 102
1582534 0 102
1584029 0 102
1585442 0 103
1586896 0 101
1588412 0 102
1589866 0 103
1591361 0 101
1592753 0 102
1594269 0 102
1595723 0 102
1597218 0 102
1598672 0 102
1600147 0 102
1601580 0 103
1603075 0 101
1604550 0 102
1605963 0 102
1607396 0 102
1608850 0 102
1610386 0 102
1611840 0 103
1613294 0 101
1614789 0 102
1616264 0 103
1617759 0 101
1619295 0 102
1620729 0 102
1622285 0 102
1623719 0 102
1625193 0 102
1626627 0 103
1628060 0 101
1629494 0 102
1630989 0 103
1632443 0 101
1633938 0 102
1635412 0 102
1636969 0 102
1638484 0 103
1640041 0 101
1641536 0 102
1643072 0 103
1644587 0 101
1646041 0 102
1647455 0 102
1648888 0 102
1650342 0 102
1651817 0 103
1653291 0 101
1654786 0 102
1656199 0 102
1657653 0 102
1659189 0 102
1660684 0 102
1662159 0 102
1663633 0 103
1665067 0 101
1666562 0 102
1668077 0 103
1669593 0 101
1671129 0 102
1672522 0 102
1673914 0 103
1675389 0 101
1676781 0 102
1678297 0 103
1679792 0 101
1681246 0 102
1682659 0 103
1684195 0 101
1685690 0 102
1687185 0 103
1688639 0 101
1690175 0 102
1691670 0 103
1693165 0 101
1694619 0 102
1696155 0 102
1697671 0 103
1699145 0 101
1700558 0 102
1702074 0 102
1703610 0 102
1705064 0 102
1706456 0 102
1707951 0 103
1709385 0 101
1710921 0 102
1712354 0 102
1713911 0 102
1715303 0 103
1716799 0 101
1718232 0 102
1719625 0 102
1721140 0 102
1722676 0 103
1724233 0 101
1725646 0 102
1727079 0 103
1728595 0 101
1730008 0 102
1731441 0 103
1732875 0 101
1734309 0 102
1735783 0 102
1737237 0 103
1738691 0 101
1740186 0 102
1741620 0 102
1743156 0 102
1744548 0 102
1746002 0 102
1747416 0 102
1748829 0 103
1750283 0 101
1751839 0 102
1753293 0 102
1754768 0 102
1756242 0 102
1757635 0 102
1759109 0 103
1760604 0 101
1762058 0 102
1763533 0 102
1765089 0 102
1766544 0 103
1768100 0 101
1769554 0 102
1771029 0 103
1772606 0 101
1774060 0 102
1775534 0 103
1776968 0 101
1778483 0 102
1779958 0 102
1781350 0 102
1782763 0 103
1784320 0 101
1785753 0 102
1787269 0 103
1788682 0 101
1790218 0 102
1791611 0 103
1793044 0 101
1794539 0 102
1796034 0 103
1797509 0 101
1798942 0 102
1800417 0 102
1801809 0 102
1803263 0 102
1804779 0 103
1806254 0 101
1807687 0 102
1809162 0 102
1810616 0 102
1812111 0 102
1813585 0 103
1815039 0 101
1816452 0 102
1817906 0 102
1819401 0 102
1820794 0 103
1822289 0 101
1823743 0 102
1825197 0 103
1826692 0 101
1828208 0 102
1829744 0 102
1831239 0 103
1832672 0 101
1834126 0 102
1835662 0 102
1837178 0 102
1838673 0 103
1840168 0 101
1841642 0 102
1843178 0 103
1844755 0 101
1846250 0 102
1847725 0 103
1849240 0 101
1850674 0 102
1852148 0 102
1853664 0 102
1855118 0 102
1856613 0 103
1858046 0 101
1859521 0 102
1860975 0 102
1862511 0 103
1864027 0 101
1865501 0 102
1867017 0 102
1868409 0 102
1869802 0 102
1871317 0 103
1872833 0 101
1874225 0 102
1875659 0 102
1877113 0 102
1878588 0 102
1880062 0 102
1881557 0 102
1882970 0 102
1884486 0 103
1886022 0 101
1887435 0 102
1888930 0 102
1890445 0 103
1891961 0 101
1893374 0 102
1894848 0 103
1896384 0 101
1897859 0 102
1899272 0 102
1900706 0 102
1902242 0 102
1903634 0 103
1905047 0 101
1906563 0 102
1908078 0 102
1909471 0 102
1910884 0 102
1912277 0 102
1913710 0 102
1915226 0 102
1916741 0 103
1918236 0 101
1919752 0 102
1921247 0 103
1922660 0 101
1924175 0 102
1925650 0 102
1927042 0 102
1928435 0 102
1929848 0 102
1931343 0 103
1932756 0 101
1934169 0 102
1935582 0 103
1937139 0 101
1938675 0 102
1940190 0 103
1941685 0 101
1943180 0 102
1944634 0 103
1946150 0 101
1947686 0 102
1949201 0 102
1950717 0 102
1952232 0 102
1953768 0 103
1955243 0 101
1956635 0 102
1958130 0 102
1959646 0 102
1961059 0 102
1962534 0 102
1963926 0 102
1982811 0 48
1984285 0 44
1985739 0 42
1987255 0 37
1988709 0 47
1990224 0 46
1991801 0 48
1993214 0 45
1994628 0 42
1996123 0 46
1997638 0 55
1999113 0 53
2000567 0 63
2002021 0 45
2003454 0 60
2004990 0 63
2006485 0 42
2007980 0 58
2009537 0 71
2010970 0 45
2012424 0 58
2013878 0 51
2015312 0 57
2016807 0 52
2018281 0 55
2019715 0 56
2021169 0 62
2022664 0 45
2024180 0 49
2025654 0 71
2027088 0 47
2028501 0 51
2029914 0 52
2031409 0 55
2032822 0 51
2034378 0 69
2035955 0 46
2037409 0 52
2038884 0 68
2040399 0 45
2041895 0 59
2043308 0 60
2044803 0 49
2046216 0 50
2047670 0 59
2049185 0 65
2050598 0 48
2052114 0 49
2053568 0 49
2055042 0 68
2056496 0 41
2058053 0 51
2059527 0 58
2061063 0 58
2062558 0 49
2064053 0 57
2065589 0 54
2067023 0 62
2068457 0 37
2069890 0 53
2071426 0 69
2072983 0 39
2074396 0 60
2075829 0 59
2077324 0 63
2078901 0 45
2080458 0 55
2082014 0 60
2083530 0 55
2084963 0 68
2086397 0 47
2087933 0 56
2089346 0 54
2090800 0 66
2092356 0 39
2093851 0 53
2095244 0 64
2096637 0 37
2098070 0 54
2099504 0 52
2101040 0 51
2102514 0 69
2104091 0 45
2105566 0 55
2107081 0 49
2108515 0 58
2109989 0 68
2111484 0 37
2112877 0 60
2114310 0 53
2115744 0 57
2117300 0 56
2118836 0 60
2120270 0 67
2121786 0 42
2123240 0 57
2124714 0 51
2126189 0 53
2127725 0 59
2129199 0 58
2130756 0 54
2132169 0 71
2133664 0 45
2135159 0 58
2136674 0 63
2138149 0 47
2139664 0 58
2141139 0 50
2142675 0 67
2144129 0 41
2145685 0 50
2147119 0 65
2148552 0 37
2149945 0 54
2151420 0 56
2152976 0 59
2154430 0 55
2155925 0 53
2157441 0 59
2158956 0 71
2160410 0 47
2161823 0 53
2163339 0 65
2164854 0 38
2166349 0 58
2167803 0 49
2169319 0 57
2170752 0 58
2172227 0 56
2173783 0 56
2175217 0 54
2176691 0 63
2178186 0 42
2179743 0 51
2181217 0 49
2182631 0 57
2184146 0 60
2185661 0 63
2187075 0 44
2188631 0 52
2190106 0 56
2191539 0 50
2193075 0 60
2194550 0 51
2196106 0 50
2197642 0 69
2199158 0 40
2200653 0 56
2202107 0 62
2203561 0 38
2205076 0 52
2206510 0 60
2208046 0 63
2209541 0 43
2211015 0 59
2212490 0 59
2213985 0 50
2215439 0 66
2216975 0 37
2218490 0 56
2220047 0 57
2221603 0 55
2223016 0 55
2224552 0 51
2226027 0 67
2227460 0 40
2229017 0 58
2230594 0 49
2232027 0 56
2233420 0 71
2234895 0 45
2236410 0 53
2237844 0 57
2239359 0 53
2240875 0 53
2242288 0 67
2243680 0 38
2245216 0 51
2246732 0 50
2248206 0 69
2249640 0 48
2251073 0 56
2252507 0 55
2253920 0 56
2255395 0 50
2256931 0 50
2258344 0 58
2259900 0 61
2261395 0 44
2262931 0 50
2264447 0 58
2265921 0 59
2267334 0 50
2268727 0 51
2270201 0 68
2271696 0 47
2273109 0 60
2274625 0 54
2276059 0 52
2277595 0 53
2279130 0 58
2280544 0 65
2282059 0 38
2283554 0 60
2285090 0 57
2286606 0 72
2288039 0 44
2289575 0 59
2291029 0 69
2292565 0 47
2294101 0 59
2295637 0 49
2297071 0 57
2298586 0 57
2300020 0 61
2301556 0 43
2303030 0 54
2304443 0 63
2305856 0 39
2307331 0 60
2308846 0 55
2310280 0 59
2311734 0 53
2313270 0 51
2314765 0 51
2316281 0 66
2317837 0 46
2319291 0 55
2320786 0 61
2322240 0 37
2323715 0 53
2325251 0 69
2326828 0 38
2328302 0 60
2329695 0 63
2331149 0 39
2332664 0 59
2334077 0 60
2335531 0 60
2336944 0 50
2338460 0 65
2339975 0 46
2341552 0 57
2343027 0 53
2344583 0 59
2346078 0 71
2347573 0 38
2349130 0 60
2350666 0 57
2352243 0 62
2353656 0 38
2355171 0 56
2356707 0 69
2358243 0 37
2359677 0 51
2361131 0 52
2362605 0 52
2364019 0 62
2365432 0 39
2366947 0 54
2368360 0 65
2369876 0 45
2371309 0 55
2372866 0 57
2374402 0 52
2375876 0 50
2377330 0 59
2378825 0 68
2380279 0 48
2381713 0 56
2383167 0 60
2384642 0 71
2386096 0 47
2387550 0 50
2389004 0 72
2390396 0 44
2391953 0 51
2393427 0 52
2394861 0 57
2396438 0 50
2397974 0 57
2399510 0 52
2401025 0 65
2402541 0 39
2404015 0 53
2405531 0 52
2407046 0 49
2408603 0 65
2410098 0 48
2411593 0 53
2413006 0 62
2414480 0 37
2415914 0 55
2417327 0 61
2418802 0 39
2420235 0 60
2421669 0 54
2423184 0 55
2424638 0 62
2426051 0 47
2427608 0 50
2429062 0 57
2430495 0 52
2431949 0 60
2433506 0 51
2435001 0 65
2436475 0 37
2437889 0 57
2439404 0 69
2440920 0 40
2442333 0 51
2443766 0 59
2445179 0 57
2446756 0 50
2448231 0 53
2449685 0 59
2451221 0 70
2452634 0 43
2454047 0 49
2455440 0 50
2456935 0 72
2458409 0 39
2459925 0 53
2461481 0 64
2462894 0 44
2464307 0 53
2465864 0 57
2467420 0 57
2468833 0 62
2470349 0 45
2471885 0 52
2473441 0 51
2474936 0 67
2476349 0 37
2477844 0 51
2479237 0 64
2480773 0 45
2482268 0 50
2483722 0 63
2485258 0 43
2486732 0 49
2488248 0 57
2489682 0 58
2491258 0 52
2492815 0 49
2494248 0 57
2495703 0 68
2497157 0 37
2498652 0 51
2500126 0 59
2501642 0 55
2503116 0 52
2504529 0 67
2506045 0 44
2507581 0 58
2509137 0 59
2510694 0 50
2512127 0 58
2513540 0 53
2515035 0 58
2516571 0 64
2518107 0 38
2519623 0 51
2521138 0 68
2522613 0 43
2524046 0 55
2525480 0 56
2526934 0 57
2528511 0 64
2529944 0 43
2531358 0 60
2532812 0 67
2534348 0 45
2535822 0 54
2537276 0 64
2538751 0 37
2540164 0 49
2541618 0 56
2543154 0 50
2544587 0 49
2546062 0 55
2547618 0 49
2549113 0 50
2550608 0 63
2552042 0 44
2553557 0 51
2555114 0 52
2556527 0 71
2557961 0 38
2559415 0 50
2560951 0 65
2562384 0 44
2563838 0 59
2565354 0 49
2566869 0 57
2568385 0 56
2569839 0 70
2571334 0 37
2572829 0 57
2574303 0 52
2575716 0 59
2577130 0 52
2578686 0 70
2580140 0 48
2581656 0 59
2583192 0 63
2584707 0 40
2586202 0 54
2587677 0 52
2589213 0 51
2590728 0 53
2592182 0 65
2593718 0 41
2595152 0 51
2596667 0 51
2598080 0 50
2599514 0 52
2600988 0 53
2602401 0 71
2603876 0 40
2605412 0 54
2606927 0 70
2608443 0 44
2609856 0 57
2611269 0 52
2612785 0 63
2614259 0 47
2615672 0 56
2617229 0 70
2618724 0 37
2620157 0 53
2621693 0 58
2623168 0 56
2624683 0 57
2626117 0 64
2627571 0 43
2629107 0 49
2630540 0 71
2632056 0 38
2633551 0 51
2635107 0 58
2636664 0 57
2638200 0 72
2639715 0 43
2641231 0 55
2642664 0 52
2644077 0 63
2645634 0 44
2647190 0 60
2648665 0 55
2650119 0 61
2651593 0 43
2653150 0 56
2654583 0 54
2656099 0 60
2657533 0 55
2658946 0 54
2660379 0 51
2661895 0 71
2663431 0 37
2664864 0 58
2666380 0 50
2667772 0 54
2669329 0 59
2670844 0 56
2672360 0 67
2673896 0 43
2675391 0 51
2676906 0 49
2678340 0 59
2679855 0 65
2681289 0 42
2682763 0 60
2684279 0 50
2685753 0 58
2687330 0 57
2688805 0 68
2690238 0 48
2691734 0 54
2693126 0 52
2694601 0 62
2696034 0 40
2697447 0 54
2698881 0 58
2700376 0 54
2701810 0 62
2703346 0 43
2704820 0 51
2706274 0 58
2707728 0 55
2709203 0 64
2710718 0 40
2712193 0 54
2713606 0 54
2715080 0 70
2716514 0 40
2718050 0 56
2719606 0 51
2721142 0 60
2722555 0 52
2723968 0 65
2725402 0 38
2726897 0 54
2728453 0 59
2729969 0 56
2731382 0 59
2732898 0 55
2734352 0 53
2735888 0 61
2737342 0 46
2738898 0 56
2740332 0 56
2741745 0 55
2743301 0 59
2744837 0 55
2746394 0 53
2747930 0 62
2749486 0 40
2750899 0 55
2752353 0 52
2753807 0 60
2755343 0 53
2756838 0 72
2758251 0 40
2759808 0 54
2761303 0 64
2762777 0 43
2764252 0 53
2765767 0 65
2767201 0 37
2768635 0 55
2770130 0 56
2771543 0 49
2773038 0 61
2774471 0 38
2775905 0 51
2777338 0 71
2778833 0 39
2780287 0 53
2781762 0 51
2783257 0 58
2784834 0 60
2786308 0 60
2787844 0 52
2789401 0 70
2790814 0 40
2792268 0 59
2793783 0 64
2795217 0 46
2796671 0 51
2798187 0 55
2799764 0 62
2801238 0 41
2802754 0 58
2804330 0 49
2805744 0 54
2807259 0 52
2808672 0 55
2810229 0 52
2811683 0 69
2813178 0 43
2814673 0 59
2816147 0 71
2817560 0 47
2818973 0 52
2820387 0 60
2821820 0 56
2823356 0 51
2824892 0 60
2826305 0 71
2827800 0 47
2829295 0 56
2830749 0 53
2832285 0 58
2833842 0 61
2835357 0 38
2836791 0 60
2838286 0 58
2839719 0 51
2841214 0 60
2842730 0 52
2844266 0 59
2845781 0 63
2847297 0 46
2848771 0 59
2850287 0 70
2851659 0 46
2853092 0 53
2854649 0 51
2856205 0 49
2857680 0 68
2859195 0 40
2860690 0 60
2862104 0 65
2863558 0 37
2865114 0 52
2866527 0 49
2867940 0 68
2869374 0 39
2870910 0 53
2872364 0 49
2873756 0 51
2875292 0 55
2876767 0 55
2878201 0 68
2879716 0 45
2881293 0 56
2882788 0 49
2884201 0 57
2885655 0 58
2903894 0 104
2905307 0 104
2906781 0 104
2908174 0 104
2909648 0 104
2911082 0 104
2912495 0 104
2913969 0 104
2915464 0 104
2917021 0 104
2918557 0 105
2920113 0 105
2921526 0 105
2923042 0 105
2924537 0 106
2926052 0 104
2927588 0 105
2929104 0 105
2930537 0 105
2931971 0 105
2933405 0 106
2934941 0 104
2936415 0 105
2937890 0 105
2939323 0 105
2940777 0 105
2942272 0 106
2943808 0 104
2945262 0 105
2946798 0 105
2948293 0 106
2949850 0 104
2951386 0 105
2952860 0 106
2954376 0 104
2955809 0 105
2957366 0 105
2958881 0 106
2960438 0 104
2961871 0 105
2963366 0 106
2964779 0 104
2966336 0 105
2967790 0 106
2969223 0 104
2970739 0 105
2972254 0 106
2973770 0 104
2975326 0 105
2976883 0 105
2978316 0 105
2979791 0 106
2981347 0 104
2982842 0 105
2984358 0 105
2985750 0 105
2987205 0 106
2988761 0 104
2990215 0 105
2991731 0 105
2993246 0 106
2994680 0 104
2996195 0 105
2997752 0 106
2999267 0 104
3000762 0 105
3002175 0 106
3003650 0 104
3005145 0 105
3006619 0 105
3008094 0 105
3009650 0 105
3011084 0 105
3012558 0 105
3014033 0 106
3015548 0 104
3016961 0 105
3018395 0 106
3019870 0 104
3021426 0 105
3022901 0 105
3024293 0 105
3025809 0 105
3027324 0 105
3028799 0 106
3030294 0 104
3031707 0 105
3033161 0 106
3034656 0 104
3036130 0 105
3037646 0 106
3039141 0 104
3040615 0 105
3042028 0 106
3043585 0 104
3045121 0 105
3046616 0 105
3048172 0 105
3049729 0 106
3051203 0 104
3052698 0 105
3054193 0 106
3055586 0 104
3056999 0 105
3058412 0 105
3059948 0 105
3061505 0 106
3063020 0 104
3064577 0 105
3066072 0 105
3067567 0 105
3068959 0 106
3070372 0 104
3071929 0 105
3073321 0 105
3074837 0 105
3076291 0 105
3077765 0 105
3079220 0 105
3080735 0 105
3082169 0 106
3083684 0 104
3085220 0 105
3086736 0 106
3088251 0 104
3089664 0 105
3091221 0 106
3092634 0 104
3094129 0 105
3095562 0 106
3097078 0 104
3098552 0 105
3100006 0 105
3101542 0 105
3102955 0 105
3104430 0 105
3105986 0 106
3107461 0 104
3108997 0 105
3110492 0 105
3111946 0 106
3113400 0 104
3114895 0 105
3116308 0 105
3117824 0 105
3119380 0 106
3120814 0 104
3122350 0 105
3123783 0 105
3125319 0 105
3126732 0 106
3128186 0 104
3129579 0 105
3131094 0 105
3132589 0 105
3134003 0 105
3135477 0 106
3137013 0 104
3138528 0 105
3139983 0 105
3141539 0 105
3143075 0 105
3144570 0 105
3146004 0 106
3147458 0 104
3149014 0 105
3150448 0 105
3151943 0 105
3153479 0 105
3154933 0 105
3156366 0 106
3157861 0 104
3159397 0 105
3160872 0 105
3162285 0 106
3163759 0 104
3165152 0 105
3166647 0 105
3168203 0 105
3169596 0 105
3171132 0 106
3172689 0 104
3174143 0 105
3175597 0 105
3177071 0 105
3178566 0 105
3180102 0 105
3181577 0 105
3182990 0 106
3184505 0 104
3186000 0 105
3187475 0 106
3188929 0 104
3190403 0 105
3191919 0 106
3193434 0 104
3194888 0 105
3196404 0 105
3197878 0 105
3199312 0 105
3200725 0 105
3202261 0 105
3203756 0 106
3205251 0 104
3206664 0 105
3208180 0 105
3209593 0 105
3211067 0 106
3212603 0 104
3214057 0 105
3215593 0 105
3216986 0 105
3218420 0 105
3219894 0 106
3221348 0 104
3222761 0 105
3224195 0 105
3225628 0 105
3227144 0 105
3228598 0 106
3230011 0 104
3231445 0 105
3232960 0 105
3234496 0 105
3235971 0 106
3237404 0 104
3238879 0 105
3240312 0 105
3241869 0 105
3243261 0 105
3244715 0 105
3246190 0 106
3247705 0 104
3249098 0 105
3250634 0 105
3252088 0 105
3253522 0 105
3255017 0 105
3256471 0 105
3257904 0 106
3259461 0 104
3260853 0 105
3262369 0 106
3263905 0 104
3265400 0 105
3266936 0 105
3268349 0 105
3269762 0 105
3271236 0 106
3272731 0 104
3274124 0 105
3275578 0 105
3276991 0 105
3278486 0 105
3279961 0 106
3281517 0 104
3282951 0 105
3284405 0 106
3285941 0 104
3287436 0 105
3288992 0 105
3290528 0 105
3291941 0 105
3293498 0 105
3295013 0 106
3296508 0 104
3298003 0 105
3299498 0 105
3300932 0 105
3302386 0 105
3303799 0 106
3305233 0 104
3306646 0 105
3308059 0 105
3309595 0 105
3311069 0 106
3312544 0 104
3314059 0 105
3315534 0 105
3316927 0 105
3318401 0 105
3319835 0 106
3321248 0 104
3322702 0 105
3324176 0 105
3325589 0 105
3327125 0 105
3328620 0 105
3330013 0 106
3331528 0 104
3332962 0 105
3334519 0 105
3336034 0 105
3337447 0 105
3338860 0 105
3340355 0 106
3341830 0 104
3343366 0 105
3344840 0 105
3346253 0 105
3347769 0 105
3349202 0 106
3350595 0 104
3352049 0 105
3353503 0 106
3354937 0 104
3356452 0 105
3357906 0 105
3359360 0 106
3360814 0 104
3362289 0 105
3363845 0 105
3365279 0 105
3366774 0 106
3368187 0 104
3369621 0 105
3371116 0 106
3372549 0 104
3374024 0 105
3375519 0 106
3377014 0 104
3378427 0 105
3379819 0 105
3381294 0 106
3382789 0 104
3384345 0 105
3385779 0 105
3387192 0 105
3388646 0 105
3390059 0 106
3391472 0 104
3393008 0 105
3394422 0 105
3395957 0 105
3397391 0 105
3398906 0 105
3400360 0 106
3401856 0 104
3403310 0 105
3404846 0 105
3406361 0 106
3407754 0 104
3409146 0 105
3410539 0 105
3411993 0 105
3413529 0 105
3414962 0 105
3416437 0 105
3417912 0 106
3419427 0 104
3420861 0 105
3422376 0 105
3423789 0 105
3425264 0 105
3426718 0 105
3428151 0 106
3429646 0 104
3431100 0 105
3432514 0 105
3433947 0 105
3435442 0 105
3436917 0 105
3438330 0 106
3439743 0 104
3441279 0 105
3442794 0 105
3444351 0 105
3445866 0 105
3447361 0 106
3448918 0 104
3450433 0 105
3451908 0 106
3453423 0 104
3454959 0 105
3456475 0 105
3457949 0 105
3459465 0 105
3461001 0 106
3462455 0 104
3463929 0 105
3465342 0 105
3466899 0 105
3468373 0 105
3469807 0 106
3471302 0 104
3472776 0 105
3474190 0 105
3475664 0 105
3477180 0 105
3478593 0 106
3480088 0 104
3481562 0 105
3482955 0 105
3484491 0 105
3485965 0 105
3487358 0 105
3488812 0 105
3490225 0 106
3491679 0 104
3493113 0 105
3494567 0 105
3496021 0 105
3497536 0 105
3498929 0 105
3500383 0 105
3501858 0 106
3503332 0 104
3504868 0 105
3506302 0 106
3507756 0 104
3509251 0 105
3510643 0 106
3512138 0 104
3513654 0 105
3515108 0 105
3516521 0 105
3517934 0 106
3519490 0 104
3520904 0 105
3522358 0 105
3523791 0 106
3525266 0 104
3526781 0 105
3528317 0 105
3529812 0 105
3531225 0 105
3532741 0 105
3534195 0 105
3535628 0 106
3537123 0 104
3538618 0 105
3540113 0 105
3541608 0 105
3543124 0 105
3544558 0 105
3546012 0 105
3547466 0 106
3549002 0 104
3550476 0 105
3551951 0 105
3553507 0 105
3555023 0 105
3556456 0 106
3557890 0 104
3559405 0 105
3560880 0 105
3562272 0 105
3563726 0 105
3565140 0 105
3566696 0 106
3568130 0 104
3569645 0 105
3571161 0 106
3572676 0 104
3574151 0 105
3575666 0 105
3577182 0 105
3578677 0 106
3580172 0 104
3581646 0 105
3583080 0 106
3584636 0 104
3586111 0 105
3587565 0 106
3589101 0 104
3590575 0 105
3592029 0 105
3593483 0 105
3595019 0 105
3596494 0 106
3598030 0 104
3599484 0 105
3600999 0 105
3602392 0 105
3603785 0 105
3605300 0 106
3606775 0 104
3608290 0 105
3609847 0 106
3611260 0 104
3612734 0 105
3614250 0 106
3615786 0 104
3617281 0 105
3618796 0 105
3620332 0 106
3621868 0 104
3623384 0 105
3624776 0 105
3626271 0 105
3627725 0 105
3629282 0 106
3630777 0 104
3632251 0 105
3633685 0 106
3635241 0 104
3636757 0 105
3638190 0 106
3639685 0 104
3641099 0 105
3642573 0 105
3644089 0 105
3645481 0 105
3647017 0 105
3648533 0 106
3650089 0 104
3651605 0 105
3653100 0 105
3654636 0 105
3656090 0 106
3657544 0 104
3659059 0 105
3660595 0 106
3662049 0 104
3663585 0 105
3665101 0 105
3666555 0 105
3668050 0 105
3669463 0 105
3670978 0 106
3672453 0 104
3673948 0 105
3675361 0 106
3676795 0 104
3678269 0 105
3679805 0 105
3681320 0 105
3682836 0 105
3684331 0 105
3685806 0 105
3687341 0 106
3688796 0 104
3690270 0 105
3691827 0 105
3693362 0 105
3694817 0 105
3696250 0 105
3697704 0 106
3699220 0 104
3700674 0 105
3702066 0 105
3703582 0 106
3705118 0 104
3706613 0 105
3708046 0 105
3709501 0 105
3710893 0 106
3712327 0 104
3713760 0 105
3715317 0 105
3716791 0 106
3718348 0 104
3719740 0 105
3721297 0 105
3722812 0 105
3724266 0 105
3725741 0 105
3727154 0 105
3728669 0 106
3730144 0 104
3731618 0 105
3733154 0 105
3734567 0 106
3736001 0 104
3737517 0 105
3739012 0 105
3740404 0 105
3741817 0 106
3743230 0 104
3744684 0 105
3746200 0 106
3747756 0 104
3749190 0 105
3750603 0 105
3752057 0 106
3753491 0 104
3755047 0 105
3756440 0 106
3757894 0 104
3759368 0 105
3760863 0 105
3762276 0 105
3763710 0 105
3765144 0 106
3766577 0 104
3768113 0 105
3769588 0 105
3771083 0 105
3772496 0 105
3773929 0 105
3775383 0 106
3776919 0 104
3778414 0 105
3779930 0 106
3781343 0 104
3782756 0 105
3784251 0 106
3785787 0 104
3787180 0 105
3788613 0 106
3790108 0 104
3791644 0 105
3793078 0 106
3794511 0 104
3795986 0 105
3797542 0 105
3799099 0 105
3800614 0 106
3802048 0 104
3803563 0 105
