27377 0 8
28871 0 1
30285 0 3
31677 0 12
33213 0 12
34729 0 1
36183 0 8
37719 0 9
39234 0 4
40688 0 6
42204 0 16
43637 0 13
45173 0 16
46627 0 34
48122 0 2
49638 0 19
51071 0 15
52587 0 19
54061 0 15
55475 0 13
56929 0 32
58383 0 4
59857 0 24
61332 0 33
62765 0 9
64281 0 14
65735 0 15
67127 0 25
68582 0 6
70015 0 21
71490 0 21
73005 0 18
74480 0 21
75975 0 18
77388 0 29
78842 0 4
80357 0 22
81852 0 21
83429 0 19
84924 0 30
86399 0 2
87914 0 13
89368 0 36
90843 0 2
92317 0 17
93812 0 14
95226 0 18
96721 0 25
98236 0 7
99649 0 17
101083 0 14
102619 0 13
104011 0 14
105424 0 29
106837 0 11
108394 0 16
109807 0 19
111302 0 15
112756 0 24
114251 0 29
115644 0 9
117180 0 18
118634 0 20
120108 0 22
121542 0 29
123057 0 9
124573 0 18
126109 0 13
127542 0 20
129037 0 13
130553 0 33
131966 0 10
133441 0 20
134915 0 17
136431 0 15
137885 0 25
139441 0 10
140895 0 13
142390 0 17
143906 0 16
145401 0 13
146814 0 34
148206 0 12
149619 0 23
151012 0 22
152507 0 24
154002 0 14
155477 0 13
157013 0 15
158549 0 17
160003 0 26
161477 0 1
162993 0 18
164529 0 14
166003 0 19
167519 0 16
168973 0 28
170488 0 12
171881 0 18
173437 0 18
174973 0 22
176407 0 23
177963 0 24
179397 0 13
180810 0 30
182162 0 3
183636 0 22
185070 0 25
186565 0 8
188019 0 13
189493 0 25
191009 0 7
192545 0 16
193917 0 23
195371 0 16
196805 0 22
198259 0 23
199672 0 29
201105 0 1
202518 0 24
203952 0 30
205345 0 9
206921 0 24
208376 0 36
209932 0 12
211366 0 19
212861 0 20
214356 0 34
215789 0 6
217305 0 24
218718 0 15
220192 0 16
221687 0 19
223244 0 20
224780 0 34
226234 0 8
227688 0 14
229183 0 19
230698 0 26
232152 0 5
233688 0 17
235163 0 35
236576 0 11
238051 0 22
239546 0 24
240959 0 18
242433 0 17
243887 0 15
245300 0 23
246857 0 14
248393 0 35
249867 0 6
251321 0 16
252734 0 24
254209 0 13
255622 0 24
257076 0 24
258612 0 28
260066 0 11
261561 0 24
262954 0 19
264490 0 15
266005 0 23
267459 0 26
268852 0 1
270367 0 13
271821 0 24
273378 0 14
274771 0 27
276163 0 12
277638 0 14
279071 0 19
280566 0 20
282082 0 14
283577 0 30
285031 0 2
286464 0 16
287857 0 20
289413 0 24
290908 0 19
292404 0 32
293939 0 8
295516 0 20
297011 0 31
298568 0 8
300001 0 15
301456 0 36
302991 0 9
304527 0 22
305982 0 21
307497 0 23
308951 0 20
310528 0 14
312023 0 21
313579 0 33
315013 0 8
316569 0 15
317983 0 17
319416 0 18
320932 0 13
322406 0 25
323963 0 7
325396 0 23
326871 0 21
328304 0 16
329820 0 13
331233 0 19
332789 0 23
334243 0 16
335718 0 26
337111 0 7
338647 0 21
340142 0 36
341616 0 7
343132 0 18
344586 0 24
346060 0 23
347473 0 20
348989 0 34
350504 0 3
351938 0 13
353392 0 17
354784 0 13
356320 0 13
357795 0 25
359208 0 8
360785 0 20
362239 0 21
363673 0 28
365086 0 5
366478 0 17
368014 0 34
369468 0 7
370943 0 13
372438 0 22
373912 0 29
375428 0 6
376923 0 21
378377 0 29
379893 0 7
381469 0 13
382862 0 18
384378 0 17
385791 0 21
387224 0 20
388658 0 19
390153 0 14
391627 0 35
393122 0 6
394556 0 18
396051 0 15
397587 0 22
399082 0 17
400618 0 21
402174 0 28
403690 0 2
405205 0 15
406721 0 17
408236 0 24
409731 0 21
411185 0 16
412680 0 14
414073 0 35
415568 0 4
416981 0 24
418374 0 15
419869 0 17
421323 0 29
422715 0 12
424149 0 17
425665 0 23
427119 0 24
428573 0 14
430088 0 13
431501 0 22
433058 0 20
434635 0 36
436068 0 5
437584 0 21
439099 0 17
440574 0 18
442110 0 21
443564 0 24
444956 0 24
446349 0 14
447762 0 26
449155 0 1
450609 0 17
452083 0 14
453476 0 14
454930 0 19
456404 0 15
457879 0 24
459354 0 35
460849 0 11
462323 0 23
463736 0 16
465108 0 23
466562 0 18
467975 0 18
469409 0 30
470802 0 8
472379 0 20
473915 0 16
475287 0 17
476741 0 33
478195 0 11
479587 0 16
481041 0 33
482516 0 1
483991 0 20
485445 0 13
486919 0 18
488353 0 20
489786 0 32
491261 0 12
492654 0 17
494169 0 15
495623 0 22
497159 0 19
498613 0 16
500108 0 26
501624 0 2
503139 0 13
504614 0 28
506170 0 2
507583 0 16
509078 0 17
510573 0 24
512089 0 27
513625 0 11
515017 0 17
516533 0 26
517925 0 5
519441 0 13
520956 0 23
522513 0 16
523905 0 17
525359 0 32
526834 0 3
528370 0 16
529783 0 26
531299 0 1
532712 0 17
534186 0 26
535661 0 5
537115 0 21
538671 0 15
540105 0 24
541641 0 20
543095 0 33
544651 0 5
546126 0 24
547539 0 17
548952 0 20
550406 0 18
551860 0 18
553335 0 15
554789 0 30
556161 0 11
557697 0 15
559212 0 21
560666 0 14
562182 0 14
563677 0 23
565233 0 16
566646 0 24
568121 0 31
569677 0 3
571193 0 17
572688 0 14
574203 0 19
575678 0 20
577111 0 28
578545 0 1
579999 0 17
581412 0 29
582887 0 11
584361 0 24
585815 0 14
587331 0 35
588887 0 7
590341 0 23
591836 0 21
593331 0 23
594765 0 20
596280 0 20
597735 0 16
599270 0 27
600725 0 4
602179 0 22
603715 0 20
605148 0 31
606725 0 5
608220 0 15
609715 0 19
611190 0 25
612685 0 11
614098 0 18
615572 0 14
617047 0 24
618460 0 23
619873 0 21
621388 0 14
622924 0 34
624379 0 2
625812 0 19
627287 0 30
628679 0 10
630256 0 20
631813 0 21
633287 0 28
634762 0 7
636257 0 21
637752 0 23
639308 0 14
640783 0 23
642298 0 22
643773 0 32
645309 0 3
646763 0 20
648340 0 34
649773 0 3
651207 0 23
652640 0 17
654156 0 18
655630 0 27
657044 0 9
658580 0 21
660034 0 13
661570 0 19
663106 0 19
664642 0 32
666177 0 1
667632 0 16
669127 0 24
670663 0 24
672076 0 35
673632 0 10
675127 0 22
676704 0 31
678117 0 8
679653 0 21
681087 0 18
682643 0 15
684097 0 26
685613 0 4
687128 0 20
688644 0 21
690118 0 17
691634 0 26
693006 0 9
694501 0 16
695934 0 35
697409 0 7
698883 0 15
700297 0 18
701730 0 27
703266 0 8
704700 0 16
706215 0 33
707751 0 6
709328 0 14
710782 0 20
712236 0 36
713813 0 6
715288 0 17
716680 0 26
718093 0 6
719527 0 16
1092966 0 2
1094379 0 1
1095854 0 7
1097288 0 5
1098762 0 9
1100319 0 5
1101834 0 1
1103309 0 11
1104824 0 10
1106319 0 12
1107814 0 14
1109309 0 15
1110722 0 20
1112197 0 27
1113610 0 6
1115084 0 15
1116497 0 24
1117972 0 19
1119406 0 23
1120880 0 14
1122396 0 20
1123891 0 24
1125345 0 32
1126819 0 10
1128273 0 24
1129666 0 13
1131079 0 24
1132615 0 36
1134110 0 1
1135605 0 18
1137039 0 19
1138575 0 19
1140090 0 21
1141605 0 21
1143019 0 19
1144555 0 36
1145968 0 5
1147524 0 17
1148958 0 33
1150453 0 5
1151886 0 14
1153299 0 28
1154794 0 1
1156269 0 14
1157805 0 31
1159259 0 9
1160713 0 21
1162269 0 33
1163723 0 3
1165116 0 20
1166611 0 18
1168147 0 19
1169642 0 35
1171158 0 7
1172694 0 15
1174230 0 20
1175704 0 24
1177261 0 30
1178756 0 3
1180230 0 18
1181684 0 13
1183159 0 35
1184613 0 12
1186005 0 20
