29703 0 8
31300 0 8
32872 0 12
34272 0 1
35673 0 8
37171 0 9
38596 0 10
40094 0 3
41593 0 9
43116 0 7
44664 0 23
46187 0 14
47710 0 13
49135 0 14
50633 0 16
52083 0 21
53630 0 33
55104 0 10
56529 0 17
57930 0 30
59330 0 6
60804 0 22
62352 0 26
63825 0 8
65299 0 17
66700 0 14
68198 0 28
69623 0 10
71195 0 24
72669 0 20
74143 0 24
75568 0 13
77042 0 26
78590 0 6
80064 0 13
81538 0 18
83012 0 20
84486 0 24
85911 0 16
87311 0 34
88809 0 10
90234 0 19
91659 0 18
93158 0 15
94583 0 14
96056 0 15
97555 0 17
99103 0 27
100503 0 10
101952 0 14
103451 0 16
104974 0 24
106399 0 23
107873 0 29
109273 0 12
110796 0 23
112344 0 14
113842 0 24
115243 0 26
116766 0 5
118264 0 19
119787 0 36
121360 0 11
122907 0 19
124381 0 29
125855 0 11
127354 0 17
128877 0 25
130302 0 2
131751 0 20
133250 0 22
134748 0 20
136321 0 16
137696 0 26
139121 0 2
140521 0 24
142044 0 20
143543 0 24
145017 0 16
146442 0 13
147867 0 31
149390 0 8
150962 0 18
152485 0 19
153935 0 15
155409 0 17
156833 0 28
158307 0 1
159757 0 21
161280 0 14
162729 0 30
164080 0 5
165554 0 22
167028 0 20
168502 0 26
170001 0 11
171499 0 22
173047 0 36
174570 0 3
176020 0 19
177567 0 20
179041 0 22
180589 0 14
182112 0 33
183635 0 2
185183 0 17
186706 0 16
188082 0 20
189605 0 35
191128 0 8
192626 0 21
194076 0 22
195599 0 16
196999 0 23
198424 0 20
199996 0 26
201519 0 10
203067 0 20
204541 0 16
206015 0 31
207489 0 4
208938 0 16
210363 0 24
211862 0 21
213410 0 33
214957 0 10
216554 0 20
218028 0 17
219527 0 14
220976 0 19
222499 0 23
223973 0 14
225422 0 20
226921 0 35
228346 0 4
229869 0 15
231343 0 16
232743 0 23
234143 0 34
235568 0 3
237042 0 13
238541 0 13
240064 0 21
241538 0 23
243086 0 34
244560 0 3
246034 0 17
247532 0 31
248981 0 2
250455 0 18
251979 0 23
253379 0 13
254902 0 21
256474 0 20
257924 0 33
259447 0 5
260994 0 22
262493 0 25
263942 0 5
265343 0 15
266890 0 23
268438 0 24
269838 0 18
271410 0 19
272983 0 21
274530 0 30
276029 0 9
277527 0 17
279026 0 22
280549 0 16
282023 0 18
283522 0 17
285045 0 23
286494 0 36
287944 0 8
289540 0 19
291113 0 22
292562 0 18
294036 0 25
295559 0 1
297082 0 22
298679 0 22
300104 0 27
301504 0 8
303052 0 21
304550 0 32
306073 0 6
307597 0 13
309071 0 28
310520 0 5
312068 0 18
313493 0 21
314991 0 23
316416 0 14
317890 0 27
319339 0 9
320813 0 22
322386 0 23
323810 0 13
325358 0 23
326906 0 25
328404 0 9
329829 0 15
331254 0 23
332703 0 22
334202 0 25
335700 0 8
337199 0 20
338747 0 28
340221 0 8
341695 0 18
343267 0 18
344790 0 16
346166 0 18
347591 0 17
349089 0 16
350538 0 29
352037 0 9
353462 0 20
354911 0 26
356287 0 2
357736 0 22
359210 0 36
360709 0 7
362232 0 15
363632 0 17
365057 0 14
366531 0 13
368079 0 23
369651 0 31
371223 0 7
372697 0 24
374122 0 21
375596 0 17
377021 0 23
378446 0 20
1161653 0 101
1163102 0 101
1164601 0 101
1166075 0 101
1167500 0 101
1169047 0 101
1170521 0 101
1171946 0 101
1173420 0 101
1174943 0 101
1176343 0 102
1177744 0 102
1179218 0 102
1180716 0 102
1182116 0 103
1183640 0 101
1185163 0 102
1186637 0 103
1188061 0 101
1189609 0 102
1191157 0 102
1192655 0 102
1194154 0 102
1195652 0 102
1197126 0 103
1198625 0 101
1200148 0 102
1201597 0 102
1202998 0 103
1204570 0 101
1206044 0 102
1207469 0 103
1208967 0 101
1210368 0 102
1211891 0 102
1213316 0 102
1214765 0 102
1216190 0 102
1217590 0 103
1219015 0 101
1220514 0 102
1221938 0 103
1223437 0 101
1224886 0 102
1226434 0 103
1227982 0 101
1229529 0 102
1230954 0 102
1232502 0 102
1233976 0 103
1235499 0 101
1237022 0 102
1238496 0 102
1239921 0 102
1241419 0 103
1242844 0 101
1244245 0 102
1245718 0 103
1247266 0 101
1248765 0 102
1250190 0 103
1251762 0 101
1253285 0 102
1254710 0 102
1256135 0 102
1257609 0 102
1259132 0 102
1260630 0 102
1262055 0 103
1263578 0 101
1265052 0 102
1266502 0 103
1268000 0 101
1269400 0 102
1270850 0 103
1272397 0 101
1273871 0 102
1275345 0 102
1276746 0 102
1278244 0 103
1279694 0 101
1281094 0 102
1282494 0 102
1283919 0 102
1285467 0 102
1286941 0 102
1288341 0 102
1289741 0 103
1291264 0 101
1292689 0 102
1294163 0 102
1295686 0 102
1297160 0 103
1298634 0 101
1300108 0 102
1301607 0 102
1303007 0 103
1304506 0 101
1305930 0 102
1307380 0 102
1308829 0 102
1310328 0 102
1311875 0 102
1313374 0 102
1314922 0 103
1316420 0 101
1317943 0 102
1319442 0 102
1320842 0 102
1322242 0 102
1323716 0 102
1325117 0 103
1326689 0 101
1328138 0 102
1329588 0 103
1331013 0 101
1332560 0 102
1333985 0 103
1335484 0 101
1336982 0 102
1338481 0 102
1339955 0 102
1341478 0 102
1343025 0 102
1344450 0 102
1345924 0 102
1347325 0 103
1348823 0 101
1350371 0 102
1351869 0 102
1353270 0 102
1354719 0 102
1356119 0 102
1357593 0 102
1359043 0 103
1360566 0 101
1361966 0 102
1363465 0 102
1364939 0 102
1366462 0 102
1367985 0 103
1369557 0 101
1371080 0 102
1372579 0 102
1374004 0 103
1375527 0 101
1377050 0 102
1378450 0 102
1379973 0 102
1381521 0 102
1383069 0 103
1384616 0 101
1386139 0 102
1387638 0 102
1389112 0 102
1390660 0 103
1392084 0 101
1393607 0 102
1395057 0 103
1396531 0 101
1398079 0 102
1399626 0 103
1401051 0 101
1402500 0 102
1403975 0 103
1405473 0 101
1406972 0 102
1408470 0 102
1409993 0 102
1411492 0 102
1412990 0 102
1414513 0 103
1416061 0 101
1417584 0 102
1419107 0 102
1420557 0 102
1422031 0 102
1423431 0 102
1424929 0 102
1426428 0 103
1427853 0 101
1429302 0 102
1430776 0 102
1432299 0 103
1433724 0 101
1435223 0 102
1436623 0 103
1438146 0 101
1439620 0 102
1441143 0 102
1442593 0 103
1444091 0 101
1445516 0 102
1446965 0 103
1448488 0 101
1449962 0 102
1451363 0 102
1452763 0 102
1454163 0 102
1455564 0 102
1457111 0 102
1458561 0 102
1460010 0 103
1461533 0 101
1463081 0 102
1464530 0 102
1466029 0 102
1467454 0 103
1469026 0 101
1470451 0 102
1471949 0 102
1473423 0 103
1474897 0 101
1476322 0 102
1477722 0 103
1479147 0 101
1480670 0 102
1482095 0 102
1483545 0 102
1484994 0 102
1486517 0 102
1487942 0 102
1489490 0 103
1491037 0 101
1492585 0 102
1494133 0 102
1495557 0 102
1497031 0 102
1498456 0 102
1499857 0 102
1501380 0 103
1502927 0 101
1504475 0 102
1506023 0 102
1507521 0 102
1509044 0 102
1510445 0 102
1511870 0 102
1513368 0 103
1514842 0 101
1516267 0 102
1517790 0 102
1519289 0 102
1520689 0 103
1522138 0 101
1523661 0 102
1525111 0 103
1526585 0 101
1528132 0 102
1529557 0 103
1531031 0 101
1532456 0 102
1533979 0 102
1535379 0 102
1536927 0 102
1538426 0 102
1539973 0 103
1541546 0 101
1542995 0 102
1544444 0 102
1545845 0 102
1547294 0 103
1548817 0 101
1550291 0 102
1551765 0 103
1553313 0 101
1554713 0 102
1556236 0 102
1557784 0 102
1559209 0 103
1560658 0 101
1562107 0 102
1563655 0 102
1565129 0 102
1566628 0 103
1568053 0 101
1569600 0 102
1571050 0 102
1572573 0 102
1573998 0 102
1575545 0 102
1577068 0 103
1578493 0 101
1579992 0 102
1581441 0 102
1582964 0 102
1584512 0 102
1585986 0 102
1587534 0 102
1588983 0 102
1590506 0 103
1591931 0 101
1593331 0 102
1594781 0 102
1596181 0 102
1597704 0 102
1599203 0 103
1600677 0 101
1602200 0 102
1603624 0 103
1605148 0 101
1606695 0 102
1608120 0 102
1609643 0 103
1611117 0 101
1612616 0 102
1614041 0 102
1615441 0 102
1616939 0 103
1618512 0 101
1619912 0 102
1621312 0 103
1622786 0 101
1624309 0 102
1625808 0 102
1627257 0 102
1628707 0 103
1630279 0 101
1631777 0 102
1633178 0 102
1634676 0 102
1636199 0 102
1637649 0 102
1639049 0 103
1640548 0 101
1642046 0 102
1643594 0 103
1645142 0 101
1646689 0 102
1648237 0 102
1649686 0 102
1651111 0 102
1652536 0 102
1653961 0 103
1655410 0 101
1656884 0 102
1658309 0 102
1659783 0 102
1661282 0 102
1662756 0 102
1664279 0 103
1665777 0 101
1667177 0 102
1668725 0 102
1670199 0 102
1671698 0 102
1673147 0 102
1674646 0 102
1676095 0 103
1677520 0 101
1678969 0 102
1680492 0 102
1681917 0 102
1683440 0 103
1684914 0 101
1686339 0 102
1687838 0 103
1689361 0 101
1690786 0 102
1692235 0 103
1693734 0 101
1695134 0 102
1696534 0 103
1697984 0 101
1699507 0 102
1700956 0 102
1702455 0 103
1703929 0 101
1705378 0 102
1706852 0 103
1708277 0 101
1709726 0 102
1711126 0 102
1712527 0 102
1714050 0 102
1715499 0 103
1716949 0 101
1718496 0 102
1719921 0 102
1721395 0 102
1722820 0 102
1724294 0 102
1725793 0 102
1727217 0 103
1728741 0 101
1730288 0 102
1731836 0 102
1733261 0 102
1734710 0 102
1736135 0 103
1737584 0 101
1739009 0 102
1740532 0 103
1742080 0 101
1743579 0 102
1745003 0 102
1746404 0 102
1747902 0 102
1749425 0 103
1750899 0 101
1752373 0 102
1753774 0 102
1755174 0 102
1756648 0 102
1758146 0 103
1759645 0 101
1761143 0 102
1762691 0 103
1764239 0 101
1765762 0 102
1767310 0 102
1768784 0 102
1770233 0 103
1771682 0 101
1773181 0 102
1774655 0 103
1776080 0 101
1777529 0 102
1779077 0 103
1780600 0 101
1782099 0 102
1783646 0 103
1785071 0 101
1786520 0 102
1788019 0 103
1789567 0 101
1791016 0 102
1792490 0 102
1793939 0 102
1795340 0 103
1796814 0 101
1798312 0 102
1799786 0 102
1801186 0 102
1802660 0 102
1804184 0 102
1805584 0 103
1807107 0 101
1808507 0 102
1809907 0 102
1811381 0 102
1812806 0 102
1814305 0 102
1815705 0 102
1817155 0 103
1818579 0 101
1820102 0 102
1821576 0 102
1823050 0 102
1824451 0 102
1825974 0 103
1827521 0 101
1828971 0 102
1830445 0 102
1831894 0 103
1833417 0 101
1834916 0 102
1836316 0 103
1837888 0 101
1839412 0 102
1840910 0 102
1842409 0 102
1843858 0 102
1845357 0 103
1846806 0 101
1848231 0 102
1849656 0 102
1851081 0 102
1852505 0 103
1853930 0 101
1855429 0 102
1856927 0 102
1858450 0 103
1859924 0 101
1861349 0 102
1862799 0 102
1864273 0 102
1865722 0 103
1867245 0 101
1868645 0 102
1870193 0 102
1871593 0 102
1873018 0 102
1874517 0 102
1875917 0 103
1877465 0 101
1878890 0 102
1880413 0 102
1881911 0 102
1883336 0 103
1884810 0 101
1886333 0 102
1887832 0 102
1889232 0 102
1890755 0 102
1892278 0 102
1893703 0 102
1895251 0 103
1896676 0 101
1898199 0 102
1899746 0 103
1901294 0 101
1902817 0 102
1904267 0 102
1905741 0 102
1907288 0 102
1908836 0 103
1910285 0 101
1911833 0 102
1913356 0 103
1914904 0 101
1916304 0 102
1917778 0 102
1919277 0 102
1920677 0 102
1922126 0 102
1923600 0 103
1925123 0 101
1926646 0 102
1928071 0 103
1929521 0 101
1931019 0 102
1932567 0 103
1933992 0 101
1935490 0 102
1936964 0 102
1938463 0 102
1939888 0 102
1941435 0 102
1942958 0 103
1944482 0 101
1945906 0 102
1947430 0 103
1948879 0 101
1950279 0 102
1951778 0 102
1953325 0 102
1954799 0 102
1956347 0 103
1957895 0 101
1959393 0 102
1960794 0 103
1962292 0 101
1963766 0 102
1965166 0 102
1966616 0 102
1968016 0 102
1969564 0 102
1970989 0 103
1972487 0 101
1973986 0 102
1975386 0 103
1976934 0 101
1978408 0 102
1979882 0 102
1981380 0 103
1982829 0 101
1984230 0 102
1985630 0 102
1987055 0 102
1988455 0 103
1989954 0 101
1991501 0 102
1993000 0 102
1994449 0 102
1995874 0 102
1997324 0 103
1998847 0 101
2000370 0 102
2001795 0 102
2003195 0 103
2004693 0 101
2006217 0 102
2007740 0 103
2009214 0 101
2010614 0 102
2012162 0 102
2013611 0 102
2015036 0 102
2016436 0 102
2017984 0 102
2019507 0 103
2021079 0 101
2022602 0 102
2024076 0 103
2025501 0 101
2026950 0 102
2028351 0 102
2029776 0 102
2031225 0 102
2032699 0 103
2034222 0 101
2035696 0 102
2037145 0 103
2038619 0 101
2040069 0 102
2041617 0 102
2043115 0 102
2044589 0 102
2046137 0 103
2047660 0 101
2049134 0 102
2050657 0 102
2052180 0 102
2053679 0 102
2055177 0 102
2056627 0 102
2058051 0 103
2059599 0 101
2061147 0 102
2081376 0 44
2082800 0 44
2084250 0 37
2085699 0 41
2087173 0 37
2088598 0 46
2090170 0 37
2091595 0 42
2093118 0 48
2094568 0 44
2096042 0 59
2097467 0 59
2098965 0 62
2100414 0 43
2101987 0 60
2103461 0 61
2104886 0 48
2106433 0 54
2107981 0 56
2109529 0 60
2110978 0 51
2112526 0 59
2113975 0 61
2115400 0 48
2116923 0 57
2118397 0 52
2119945 0 60
2121517 0 60
2122942 0 49
2124342 0 52
2125816 0 49
2127265 0 62
2128690 0 43
2130140 0 54
2131540 0 56
2133038 0 53
2134586 0 68
2136134 0 44
2137682 0 50
2139180 0 70
2140629 0 44
2142054 0 55
2143577 0 52
2145101 0 67
2146624 0 48
2148147 0 58
2149596 0 55
2151168 0 60
2152716 0 71
2154165 0 42
2155615 0 52
2157040 0 50
2158612 0 70
2160135 0 38
2161658 0 55
2163206 0 54
2164680 0 49
2166129 0 58
2167701 0 60
2169274 0 54
2170772 0 62
2172295 0 41
2173794 0 53
2175243 0 72
2176766 0 45
2178265 0 49
2179764 0 58
2181213 0 57
2182687 0 53
2184185 0 66
2185610 0 39
2187183 0 54
2188681 0 52
2190081 0 72
2191506 0 41
2192980 0 60
2194430 0 61
2195977 0 39
2197525 0 51
2199023 0 54
2200424 0 53
2201849 0 52
2203372 0 71
2204797 0 43
2206271 0 57
2207818 0 65
2209341 0 47
2210889 0 55
2212461 0 56
2213935 0 51
2215385 0 55
2216809 0 52
2218357 0 60
2219807 0 64
2221354 0 48
2222926 0 52
2224376 0 50
2225825 0 50
2227324 0 53
2228847 0 70
2230370 0 44
2231918 0 57
2233441 0 52
2234939 0 50
2236487 0 54
2238010 0 53
2239484 0 52
2240934 0 67
2242383 0 43
2243906 0 60
2245454 0 69
2246952 0 44
2248475 0 57
2249974 0 66
2251423 0 41
2252971 0 57
2254494 0 55
2256066 0 55
2257590 0 68
2259137 0 46
2260685 0 50
2262159 0 58
2263608 0 66
2265156 0 38
2266556 0 57
2268104 0 56
2269602 0 56
2271076 0 60
2272624 0 60
2274172 0 70
2275547 0 39
2277095 0 53
2278569 0 54
2280043 0 53
2281542 0 60
2283040 0 54
2284490 0 72
2286013 0 45
2287462 0 53
2288985 0 52
2290533 0 60
2291982 0 57
2293432 0 49
2294906 0 53
2296453 0 72
2297878 0 46
2299426 0 51
2300924 0 69
2302472 0 44
2303995 0 54
2305420 0 66
2306869 0 44
2308319 0 49
2309744 0 68
2311144 0 43
2312716 0 51
2314190 0 68
2315615 0 40
2317187 0 52
2318637 0 50
2320086 0 58
2321560 0 58
2323083 0 67
2324533 0 45
2326056 0 52
2327554 0 54
2329004 0 54
2330478 0 53
2332025 0 58
2333548 0 70
2334973 0 38
2336423 0 56
2337921 0 59
2339444 0 58
2340967 0 66
2342466 0 46
2343915 0 53
2345414 0 53
2346986 0 58
2348460 0 60
2349934 0 71
2351359 0 48
2352931 0 55
2354503 0 65
2355953 0 44
2357501 0 54
2358950 0 63
2360375 0 37
2361800 0 49
2363274 0 69
2364723 0 37
2366172 0 59
2367671 0 59
2369219 0 51
2370668 0 54
2372191 0 60
2373616 0 71
2375016 0 44
2376564 0 49
2378112 0 50
2379635 0 58
2381109 0 69
2382681 0 43
2384130 0 57
2385727 0 58
2387299 0 59
2388700 0 62
2390125 0 39
2391672 0 49
2393097 0 61
2394497 0 39
2396045 0 57
2397494 0 50
2399018 0 51
2400467 0 60
2401892 0 63
2403341 0 38
2404864 0 57
2406314 0 52
2407788 0 55
2409237 0 59
2410736 0 59
2412185 0 56
2413684 0 63
2415207 0 40
2416754 0 57
2418253 0 54
2419801 0 63
2421250 0 48
2422675 0 56
2424247 0 50
2425647 0 54
2427121 0 59
2428694 0 54
2430241 0 59
2431740 0 64
2433287 0 44
2434761 0 54
2436186 0 53
2437660 0 54
2439183 0 64
2440657 0 42
2442205 0 50
2443630 0 62
2445128 0 43
2446578 0 50
2448027 0 55
2449575 0 50
2451049 0 55
2452572 0 55
2454120 0 67
2455643 0 37
2457068 0 55
2458591 0 63
2460163 0 47
2461662 0 49
2463160 0 58
2464659 0 49
2466157 0 60
2467607 0 66
2469130 0 43
2470653 0 57
2472151 0 64
2473576 0 37
2475099 0 59
2476573 0 55
2477998 0 70
2479398 0 42
2480823 0 50
2482371 0 52
2483845 0 50
2485270 0 52
2486719 0 59
2488267 0 56
2489692 0 68
2491190 0 44
2492689 0 54
2494138 0 56
2495637 0 53
2497037 0 53
2498511 0 72
2499911 0 38
2501483 0 50
2502884 0 51
2504407 0 51
2505905 0 56
2507330 0 58
2508780 0 57
2510278 0 62
2511728 0 48
2513226 0 53
2514626 0 69
2516199 0 43
2517648 0 51
2519097 0 57
2520547 0 49
2522095 0 52
2523667 0 52
2525190 0 56
2526639 0 60
2528138 0 70
2529661 0 46
2531110 0 52
2532683 0 58
2534255 0 55
2535753 0 52
2537178 0 65
2538652 0 47
2540077 0 54
2541551 0 58
2543123 0 53
2544548 0 70
2545973 0 37
2547422 0 52
2548945 0 61
2550469 0 45
2551967 0 50
2553539 0 68
2555087 0 38
2556586 0 58
2558035 0 52
2559460 0 53
2560860 0 51
2562359 0 51
2563882 0 63
2565331 0 38
2566830 0 55
2568353 0 64
2569802 0 41
2571227 0 50
2572677 0 60
2574175 0 59
2575674 0 71
2577148 0 45
2578695 0 54
2580243 0 58
2581741 0 54
2583215 0 49
2584640 0 71
2586090 0 45
2587613 0 50
2589038 0 56
2590463 0 59
2591887 0 66
2593312 0 45
2594786 0 56
2596211 0 50
2597685 0 58
2599159 0 49
2600633 0 60
2602156 0 70
2603605 0 43
2605178 0 51
2606627 0 54
2608175 0 65
2609624 0 42
2611172 0 50
2612597 0 72
2614046 0 38
2615471 0 59
2616970 0 57
2618394 0 65
2619942 0 47
2621391 0 51
2622939 0 61
2624389 0 48
2625912 0 49
2627361 0 57
2628860 0 59
2630407 0 64
2631857 0 43
2633404 0 49
2634927 0 53
2636377 0 49
2637802 0 54
2639349 0 61
2640922 0 37
2642396 0 51
2643845 0 55
2645270 0 72
2646744 0 48
2648242 0 53
2649692 0 50
2651215 0 58
2652738 0 58
2654187 0 49
2655588 0 67
2657111 0 42
2658536 0 52
2660034 0 67
2661434 0 45
2662908 0 59
2664333 0 66
2665881 0 46
2667404 0 50
2668952 0 50
2670377 0 62
2671924 0 43
2673472 0 54
2674921 0 52
2676469 0 57
2678041 0 64
2679466 0 41
2680965 0 49
2682365 0 51
2683839 0 65
2685239 0 47
2686713 0 52
2688163 0 51
2689587 0 58
2691061 0 60
2692462 0 57
2693911 0 51
2695361 0 72
2696859 0 47
2698333 0 53
2699881 0 53
2701306 0 59
2702780 0 60
2704204 0 58
2705752 0 66
2707201 0 47
2708749 0 59
2710248 0 54
2711795 0 49
2713220 0 53
2714768 0 62
2716316 0 48
2717863 0 52
2719386 0 49
2720909 0 54
2722433 0 63
2723907 0 37
2725331 0 49
2726732 0 63
2728230 0 38
2729680 0 52
2731203 0 55
2732628 0 59
2734028 0 70
2735477 0 46
2736902 0 51
2738351 0 52
2739875 0 52
2741324 0 70
2742700 0 37
2744247 0 52
2745770 0 57
2747220 0 55
2748743 0 50
2750242 0 57
2751765 0 52
2753239 0 66
2754762 0 48
2756309 0 50
2757710 0 51
2759184 0 57
2760756 0 53
2762279 0 49
2763802 0 51
2765227 0 72
2766726 0 41
2768273 0 49
2769796 0 70
2771197 0 47
2772744 0 50
2774316 0 69
2775790 0 40
2777314 0 55
2778861 0 52
2780286 0 49
2781760 0 58
2783259 0 69
2784782 0 44
2786256 0 51
2787681 0 54
2789105 0 56
2790653 0 60
2792127 0 55
2793699 0 54
2795198 0 66
2796746 0 41
2798170 0 59
2799669 0 50
2801217 0 60
2802764 0 69
2804263 0 42
2805737 0 60
2807284 0 50
2808808 0 70
2810306 0 48
2811756 0 54
2813230 0 64
2814654 0 47
2816227 0 52
2817651 0 49
2819076 0 51
2820526 0 50
2821975 0 55
2823547 0 52
2825046 0 69
2826594 0 44
2828117 0 55
2829689 0 60
2831163 0 56
2832686 0 57
2834185 0 49
2835683 0 72
2837206 0 40
2838656 0 57
2840105 0 67
2841579 0 41
2843151 0 49
2844625 0 63
2846075 0 37
2847573 0 60
2849047 0 67
2850595 0 39
2852044 0 59
2853518 0 55
2855066 0 60
2856491 0 68
2857940 0 40
2859439 0 58
2861035 0 56
2862559 0 59
2864033 0 65
2865457 0 44
2866931 0 51
2868405 0 62
2869928 0 48
2871402 0 49
2872852 0 70
2874301 0 43
2875726 0 59
2877298 0 55
2878846 0 68
2880345 0 45
2881819 0 49
2883317 0 57
2884865 0 59
2886290 0 55
2887837 0 68
2889262 0 40
2890761 0 54
2892259 0 62
2893807 0 40
2895330 0 58
2896878 0 52
2898352 0 51
2899752 0 63
2901177 0 37
2902724 0 53
2904149 0 49
2905648 0 61
2907097 0 48
2908497 0 50
2909947 0 60
2911470 0 57
2913042 0 56
2914615 0 62
2916015 0 47
2917562 0 60
2919086 0 57
2920560 0 71
2922034 0 44
2923606 0 50
2925031 0 71
2926554 0 39
2928028 0 55
2929526 0 59
2930951 0 55
2932400 0 71
2933850 0 39
2935324 0 60
2936798 0 72
2938346 0 38
2939893 0 52
2941465 0 59
2942964 0 57
2944536 0 50
2945961 0 53
2947509 0 54
2949007 0 55
2950530 0 71
2952078 0 48
2953626 0 53
2955173 0 52
2956672 0 54
2958121 0 63
2959694 0 47
2961168 0 52
2962592 0 66
2963993 0 44
2965467 0 58
2966941 0 51
2968439 0 56
2969864 0 71
2971264 0 37
2972714 0 57
2974163 0 53
2975711 0 67
2977111 0 41
2978659 0 55
2980206 0 53
2981730 0 57
2983228 0 53
2984776 0 51
2986299 0 53
2987797 0 58
3008585 0 104
3009985 0 104
3011533 0 104
3012982 0 104
3014505 0 104
3015979 0 104
3017478 0 104
3018927 0 104
3020376 0 104
3021826 0 104
3023251 0 105
3024675 0 105
3026149 0 106
3027673 0 104
3029147 0 105
3030645 0 106
3032070 0 104
3033495 0 105
3035018 0 105
3036492 0 106
3037941 0 104
3039440 0 105
3040938 0 105
3042412 0 105
3043813 0 105
3045336 0 106
3046785 0 104
3048235 0 105
3049758 0 105
3051158 0 105
3052558 0 105
3053983 0 105
3055408 0 106
3056956 0 104
3058380 0 105
3059830 0 105
3061304 0 106
3062802 0 104
3064350 0 105
3065824 0 105
3067372 0 105
3068846 0 105
3070246 0 105
3071744 0 105
3073243 0 106
3074766 0 104
3076166 0 105
3077665 0 106
3079163 0 104
3080637 0 105
3082087 0 106
3083512 0 104
3085059 0 105
3086484 0 105
3088032 0 105
3089530 0 106
3090931 0 104
3092380 0 105
3093928 0 105
3095377 0 106
3096851 0 104
3098399 0 105
3099897 0 105
3101445 0 105
3102919 0 106
3104467 0 104
3105965 0 105
3107513 0 105
3109011 0 105
3110510 0 105
3111935 0 105
3113433 0 106
3114858 0 104
3116283 0 105
3117855 0 105
3119329 0 105
3120852 0 106
3122277 0 104
3123825 0 105
3125373 0 106
3126945 0 104
3128468 0 105
3129967 0 105
3131514 0 105
3132964 0 105
3134438 0 105
3135887 0 106
3137361 0 104
3138835 0 105
3140383 0 105
3141881 0 105
3143380 0 105
3144829 0 105
3146352 0 106
3147875 0 104
3149276 0 105
3150725 0 105
3152199 0 105
3153624 0 105
3155024 0 105
3156474 0 105
3158021 0 106
3159544 0 104
3160945 0 105
3162419 0 105
3163942 0 105
3165367 0 105
3166890 0 106
3168388 0 104
3169936 0 105
3171361 0 106
3172835 0 104
3174333 0 105
3175807 0 106
3177330 0 104
3178780 0 105
3180254 0 105
3181679 0 106
3183128 0 104
3184577 0 105
3186002 0 106
3187452 0 104
3188852 0 105
3190400 0 105
3191947 0 105
3193397 0 106
3194821 0 104
3196271 0 105
3197720 0 105
3199268 0 105
3200742 0 105
3202191 0 106
3203641 0 104
3205188 0 105
3206589 0 105
3208014 0 106
3209512 0 104
3210986 0 105
3212509 0 105
3213959 0 106
3215383 0 104
3216931 0 105
3218356 0 106
3219830 0 104
3221255 0 105
3222680 0 105
3224104 0 105
3225554 0 106
3227077 0 104
3228576 0 105
3230050 0 105
3231597 0 106
3233120 0 104
3234570 0 105
3236019 0 105
3237567 0 106
3239016 0 104
3240466 0 105
3241866 0 105
3243414 0 105
3244912 0 105
3246411 0 105
3247909 0 106
3249408 0 104
3250906 0 105
3252307 0 106
3253756 0 104
3255156 0 105
3256630 0 105
3258178 0 105
3259578 0 105
3261003 0 105
3262526 0 106
3264074 0 104
3265548 0 105
3267022 0 105
3268447 0 105
3269847 0 106
3271419 0 104
3272844 0 105
3274392 0 106
3275841 0 104
3277241 0 105
3278740 0 105
3280288 0 106
3281786 0 104
3283186 0 105
3284611 0 105
3286159 0 106
3287657 0 104
3289181 0 105
3290679 0 105
3292178 0 105
3293701 0 106
3295224 0 104
3296673 0 105
3298172 0 105
3299719 0 105
3301218 0 105
3302717 0 105
3304141 0 105
3305689 0 106
3307212 0 104
3308686 0 105
3310136 0 105
3311659 0 105
3313059 0 105
3314582 0 105
3316081 0 106
3317530 0 104
3319004 0 105
3320478 0 106
3321976 0 104
3323475 0 105
3324949 0 106
3326521 0 104
3328020 0 105
3329592 0 106
3331091 0 104
3332515 0 105
3334039 0 106
3335488 0 104
3336937 0 105
3338485 0 106
3339984 0 104
3341531 0 105
3343030 0 106
3344479 0 104
3345929 0 105
3347476 0 106
3348950 0 104
3350400 0 105
3351898 0 106
3353348 0 104
3354822 0 105
3356369 0 106
3357868 0 104
3359391 0 105
3360939 0 105
3362339 0 105
3363887 0 105
3365287 0 106
3366712 0 104
3368210 0 105
3369758 0 105
3371256 0 105
3372730 0 105
3374180 0 105
3375629 0 106
3377054 0 104
3378479 0 105
3379904 0 105
3381378 0 105
3382950 0 106
3384473 0 104
3385873 0 105
3387274 0 106
3388772 0 104
3390197 0 105
3391646 0 105
3393071 0 105
3394594 0 105
3396118 0 105
3397591 0 105
3399016 0 106
3400589 0 104
3402087 0 105
3403512 0 105
3405060 0 106
3406534 0 104
3407958 0 105
3409383 0 105
3410808 0 105
3412307 0 105
3413781 0 106
3415304 0 104
3416729 0 105
3418252 0 105
3419799 0 105
3421347 0 106
3422895 0 104
3424320 0 105
3425818 0 106
3427390 0 104
3428938 0 105
3430363 0 105
3431812 0 105
3433385 0 105
3434834 0 105
3436382 0 105
3437929 0 106
3439452 0 104
3440951 0 105
3442450 0 105
3443850 0 106
3445250 0 104
3446749 0 105
3448247 0 105
3449697 0 105
3451220 0 105
3452669 0 106
3454094 0 104
3455617 0 105
3457116 0 105
3458565 0 105
3459990 0 105
3461464 0 106
3463012 0 104
3464436 0 105
3465959 0 105
3467458 0 106
3468957 0 104
3470431 0 105
3471929 0 105
3473452 0 105
3474975 0 105
3476425 0 105
3477825 0 105
3479373 0 106
3480896 0 104
3482443 0 105
3483991 0 105
3485514 0 105
3487013 0 105
3488438 0 105
3489961 0 106
3491410 0 104
3492835 0 105
3494284 0 105
3495734 0 105
3497159 0 106
3498657 0 104
3500107 0 105
3501581 0 105
3503128 0 105
3504676 0 105
3506224 0 106
3507722 0 104
3509147 0 105
3510621 0 106
3512070 0 104
3513618 0 105
3515190 0 106
3516640 0 104
3518163 0 105
3519612 0 105
3521086 0 105
3522486 0 106
3524034 0 104
3525582 0 105
3527056 0 105
3528481 0 105
3529905 0 105
3531429 0 106
3532878 0 104
3534352 0 105
3535900 0 105
3537423 0 105
3538970 0 105
3540395 0 105
3541869 0 106
3543343 0 104
3544793 0 105
3546316 0 106
3547863 0 104
3549337 0 105
3550811 0 105
3552285 0 105
3553759 0 105
3555184 0 105
3556609 0 105
3558034 0 105
3559459 0 106
3560982 0 104
3562407 0 105
3563831 0 106
3565281 0 104
3566706 0 105
3568229 0 106
3569678 0 104
3571201 0 105
3572675 0 105
3574125 0 105
3575672 0 105
3577220 0 105
3578719 0 105
3580168 0 106
3581642 0 104
3583067 0 105
3584541 0 105
3586039 0 105
3587489 0 105
3588938 0 106
3590510 0 104
3591984 0 105
3593434 0 105
3594834 0 106
3596259 0 104
3597782 0 105
3599305 0 105
3600705 0 105
3602204 0 105
3603752 0 105
3605299 0 105
3606700 0 105
3608149 0 106
3609721 0 104
3611195 0 105
3612718 0 105
3614217 0 106
3615740 0 104
3617263 0 105
3618786 0 106
3620334 0 104
3621832 0 105
3623380 0 106
3624854 0 104
3626304 0 105
3627851 0 105
3629350 0 105
3630750 0 105
3632224 0 105
3633673 0 106
3635147 0 104
3636670 0 105
3638144 0 105
3639569 0 105
3641092 0 106
3642616 0 104
3644065 0 105
3645490 0 105
3646988 0 105
3648438 0 105
3649838 0 106
3651312 0 104
3652786 0 105
3654260 0 105
3655734 0 105
3657232 0 105
3658731 0 105
3660156 0 106
3661581 0 104
3663104 0 105
3664627 0 105
3666027 0 106
3667452 0 104
3668852 0 105
3670375 0 105
3671923 0 105
3673373 0 105
3674822 0 105
3676222 0 105
3677721 0 105
3679268 0 106
3680693 0 104
3682118 0 105
3683543 0 105
3685066 0 105
3686491 0 105
3688039 0 105
3689439 0 105
3690962 0 105
3692460 0 106
3693984 0 104
3695507 0 105
3697005 0 105
3698504 0 105
3700002 0 105
3701452 0 105
3702975 0 105
3704449 0 106
3705997 0 104
3707544 0 105
3709092 0 106
3710664 0 104
3712163 0 105
3713587 0 106
3715086 0 104
3716585 0 105
3718132 0 105
3719680 0 105
3721129 0 106
3722702 0 104
3724200 0 105
3725699 0 105
3727173 0 105
3728597 0 106
3730071 0 104
3731521 0 105
3732995 0 105
3734543 0 105
3736090 0 105
3737515 0 106
3738940 0 104
3740463 0 105
3742011 0 106
3743460 0 104
3744860 0 105
3746334 0 105
3747833 0 105
3749282 0 105
3750805 0 105
3752353 0 106
3753753 0 104
3755178 0 105
3756677 0 105
3758175 0 105
3759576 0 105
3761099 0 106
3762548 0 104
3764071 0 105
3765521 0 106
3766945 0 104
3768469 0 105
3769893 0 105
3771441 0 105
3772940 0 105
3774389 0 105
3775937 0 105
3777435 0 106
3778860 0 104
3780408 0 105
3781882 0 106
3783282 0 104
3784707 0 105
3786205 0 105
3787729 0 105
3789227 0 106
3790775 0 104
3792322 0 105
3793870 0 105
3795319 0 105
3796818 0 106
3798366 0 104
3799840 0 105
3801265 0 105
3802665 0 105
3804213 0 105
3805736 0 105
3807259 0 106
3808757 0 104
3810207 0 105
3811754 0 106
3813302 0 104
3814776 0 105
3816201 0 105
3817724 0 105
3819198 0 106
3820770 0 104
3822220 0 105
3823669 0 105
3825118 0 105
3826519 0 106
3827944 0 104
3829393 0 105
3830916 0 105
3832365 0 106
3833913 0 104
3835313 0 105
3836861 0 105
3838409 0 106
3839907 0 104
3841455 0 105
3842904 0 106
3844378 0 104
3845926 0 105
3847400 0 105
3848800 0 105
3850323 0 105
3851773 0 106
3853222 0 104
3854745 0 105
3856244 0 105
3857718 0 105
3859143 0 106
3860690 0 104
3862140 0 105
3863663 0 105
3865063 0 105
3866537 0 106
3868036 0 104
3869510 0 105
3870959 0 105
3872458 0 105
3873932 0 106
3875381 0 104
3876880 0 105
3878403 0 105
3879901 0 105
3881424 0 105
3882923 0 105
3884348 0 106
3885748 0 104
3887197 0 105
3888671 0 105
3890170 0 106
3891668 0 104
3893167 0 105
3894641 0 105
3896139 0 105
3897589 0 105
3899014 0 106
3900586 0 104
3902134 0 105
3903534 0 106
3905082 0 104
3906556 0 105
3908103 0 105
3909553 0 105
3910978 0 105
