9951 0 11
11385 0 6
12818 0 8
14313 0 6
15747 0 11
17181 0 2
18675 0 3
20191 0 10
21686 0 3
23160 0 1
24676 0 17
26110 0 22
27564 0 26
28997 0 12
30431 0 22
31987 0 21
33544 0 18
35039 0 31
36493 0 10
38049 0 21
39483 0 15
40978 0 20
42514 0 15
43947 0 20
45401 0 14
46876 0 23
48391 0 32
49805 0 12
51238 0 21
52672 0 36
54085 0 12
55600 0 22
57034 0 32
58488 0 10
60024 0 21
61437 0 34
62912 0 5
64304 0 19
65820 0 20
67376 0 19
68871 0 21
70407 0 15
71820 0 13
73254 0 27
74646 0 2
76059 0 22
77575 0 20
79009 0 19
80585 0 31
82121 0 4
83616 0 24
85111 0 18
86525 0 14
87979 0 31
89433 0 2
90825 0 19
92402 0 21
93918 0 20
95454 0 21
96949 0 23
98444 0 24
99918 0 24
101331 0 28
102826 0 4
104280 0 17
105816 0 20
107291 0 14
108745 0 23
110158 0 17
111612 0 22
113087 0 28
114541 0 12
115974 0 23
117531 0 17
119005 0 21
120439 0 30
121831 0 12
123306 0 18
124862 0 20
126337 0 22
127832 0 19
129368 0 20
130883 0 23
132419 0 28
133914 0 7
135450 0 14
136986 0 25
138522 0 8
140099 0 19
141635 0 34
143048 0 7
144502 0 19
146018 0 18
147452 0 20
148885 0 17
150298 0 24
151732 0 14
153145 0 22
154681 0 36
156176 0 8
157691 0 16
159084 0 24
160497 0 24
161931 0 15
163385 0 36
164921 0 5
166395 0 19
167911 0 17
169344 0 30
170798 0 3
172334 0 22
173829 0 35
175345 0 8
176778 0 21
178232 0 30
179625 0 11
181182 0 24
182636 0 24
184110 0 16
185646 0 16
187080 0 18
188595 0 33
190008 0 2
191380 0 22
192855 0 29
194268 0 3
195681 0 22
197217 0 23
198692 0 30
200105 0 3
201538 0 22
203074 0 25
204528 0 2
205900 0 21
207416 0 23
208829 0 33
210385 0 9
211921 0 20
213478 0 20
215014 0 18
216468 0 22
217983 0 14
219397 0 18
220851 0 26
222325 0 5
223718 0 15
225131 0 13
226605 0 15
228080 0 23
229493 0 17
231029 0 20
232544 0 27
234019 0 1
235534 0 16
237009 0 29
238402 0 8
239856 0 13
241351 0 16
242846 0 13
244402 0 21
245918 0 23
247372 0 21
248949 0 36
250505 0 1
251918 0 18
253434 0 30
254847 0 7
256362 0 22
257837 0 32
259291 0 6
260847 0 23
262301 0 15
263796 0 13
265189 0 15
266725 0 33
268200 0 9
269695 0 19
271210 0 29
272644 0 11
274077 0 21
275572 0 14
276985 0 18
278439 0 22
279914 0 21
281388 0 33
282924 0 3
284317 0 13
285853 0 30
287287 0 2
288720 0 17
290154 0 36
291587 0 11
293062 0 14
294557 0 15
296031 0 20
297485 0 34
298899 0 6
300414 0 15
301848 0 15
303343 0 34
304838 0 3
306312 0 15
307828 0 26
309323 0 1
310756 0 24
312272 0 24
313685 0 20
315262 0 16
316777 0 28
318334 0 6
319808 0 20
321385 0 13
322819 0 17
324375 0 15
325870 0 25
327283 0 4
328778 0 17
330294 0 30
331727 0 8
333202 0 19
334738 0 33
336212 0 11
337667 0 15
339080 0 16
340452 0 20
341947 0 19
343380 0 20
344834 0 16
346309 0 34
347783 0 1
349299 0 23
350773 0 35
352309 0 3
353702 0 13
355238 0 20
356795 0 24
358187 0 33
359662 0 3
361095 0 17
362570 0 15
364106 0 23
365601 0 14
366993 0 24
368488 0 32
370004 0 11
371560 0 15
373055 0 21
374612 0 17
376066 0 34
377602 0 10
379158 0 15
380571 0 28
382066 0 2
383561 0 24
385056 0 22
386572 0 34
387965 0 10
389398 0 14
390934 0 16
392368 0 20
393863 0 29
395235 0 10
396730 0 18
398184 0 35
399658 0 10
401112 0 19
402628 0 13
404164 0 24
405598 0 17
407113 0 17
408506 0 33
410021 0 8
411516 0 23
412991 0 33
414527 0 4
416042 0 13
417476 0 26
418930 0 1
420384 0 14
421797 0 18
423353 0 20
424869 0 21
426323 0 30
427695 0 11
429149 0 17
430644 0 20
432160 0 16
433593 0 14
435068 0 13
436542 0 26
437955 0 1
439471 0 16
440945 0 15
442359 0 21
443854 0 19
445410 0 30
446844 0 4
448298 0 15
449731 0 30
451185 0 12
452680 0 20
454237 0 36
455752 0 2
457206 0 17
458640 0 35
460094 0 4
461507 0 18
463022 0 23
464477 0 23
465910 0 36
467446 0 6
468962 0 18
470518 0 14
471993 0 22
473549 0 25
475024 0 10
476437 0 16
477829 0 19
479324 0 23
480860 0 21
482314 0 33
483727 0 5
485202 0 19
486636 0 15
488069 0 17
489482 0 35
490936 0 5
492431 0 15
493865 0 20
495319 0 26
496773 0 11
498247 0 18
499783 0 26
501217 0 7
502753 0 20
504248 0 30
505661 0 6
507177 0 21
508610 0 14
510023 0 22
511559 0 18
513054 0 35
514570 0 7
516085 0 18
517580 0 15
519075 0 18
520591 0 24
521983 0 24
523478 0 13
524953 0 29
526407 0 6
527922 0 20
529499 0 18
530913 0 21
532367 0 16
533759 0 36
535295 0 5
536749 0 17
538183 0 34
539575 0 9
541132 0 13
542627 0 22
544040 0 23
545494 0 19
546948 0 32
548402 0 10
549959 0 18
551495 0 19
552949 0 13
554505 0 14
556000 0 22
557577 0 21
559093 0 29
560608 0 9
562124 0 18
563598 0 19
565052 0 21
566506 0 13
568042 0 33
569517 0 3
570950 0 24
572445 0 16
573899 0 32
575415 0 5
576889 0 23
578282 0 17
579695 0 24
581190 0 18
582726 0 25
584160 0 1
585593 0 15
587129 0 31
588645 0 3
590037 0 16
591471 0 15
592884 0 21
594440 0 29
595956 0 1
597349 0 17
598905 0 29
600339 0 5
601772 0 15
603267 0 21
604762 0 22
606278 0 18
607773 0 15
609165 0 16
610558 0 28
612073 0 5
613589 0 16
615002 0 29
616477 0 2
617992 0 23
619508 0 24
620962 0 16
622354 0 23
623849 0 15
625385 0 31
626860 0 5
628293 0 23
629768 0 21
631304 0 25
632778 0 2
634273 0 17
635809 0 27
637325 0 3
638717 0 15
640171 0 18
641646 0 21
643080 0 29
644472 0 5
645947 0 20
647401 0 19
648937 0 22
650350 0 28
651865 0 6
653360 0 16
654773 0 24
656289 0 23
657804 0 33
659320 0 2
660794 0 22
662249 0 15
663641 0 24
665095 0 17
666508 0 17
667942 0 27
669334 0 12
670768 0 15
672222 0 20
673799 0 19
675355 0 16
676871 0 14
678366 0 32
679800 0 1
681274 0 15
682749 0 23
684305 0 25
685759 0 5
687172 0 18
688626 0 28
690142 0 1
691657 0 21
693193 0 32
694647 0 5
696142 0 13
697535 0 14
699050 0 22
700586 0 22
702020 0 23
703495 0 31
704969 0 4
706505 0 13
708000 0 29
709393 0 3
710847 0 13
712260 0 13
713673 0 24
715066 0 26
716479 0 7
717994 0 19
719428 0 14
720902 0 22
722438 0 17
723933 0 19
725428 0 25
727005 0 11
728541 0 22
729954 0 29
731367 0 12
732780 0 20
734337 0 16
735709 0 30
737102 0 4
738535 0 16
740030 0 16
741443 0 13
742979 0 35
744392 0 3
745928 0 16
747382 0 22
748836 0 23
750372 0 17
751765 0 28
753199 0 3
754735 0 14
756168 0 35
757561 0 8
759015 0 17
760448 0 22
761943 0 19
763520 0 16
764954 0 21
766429 0 20
767924 0 36
769459 0 11
770873 0 24
772306 0 32
773781 0 8
775235 0 24
776771 0 16
778143 0 35
779597 0 10
781031 0 19
782607 0 22
784184 0 30
785659 0 3
787133 0 18
788567 0 25
790062 0 6
791475 0 19
793032 0 15
794424 0 13
795919 0 15
797353 0 17
798786 0 21
800220 0 18
801694 0 30
803189 0 8
804705 0 16
806180 0 18
807715 0 21
809292 0 25
810746 0 6
812241 0 24
813675 0 22
815252 0 18
816767 0 14
818263 0 24
819676 0 13
821171 0 35
822727 0 5
824243 0 20
825717 0 14
827212 0 16
828646 0 24
830182 0 21
831636 0 29
833008 0 1
834462 0 16
835855 0 18
837350 0 16
838824 0 22
840299 0 19
841876 0 15
843289 0 28
844681 0 12
846094 0 24
847589 0 32
