104474 0 1
106031 0 1
107546 0 2
108918 0 2
110434 0 10
111929 0 8
113506 0 1
114899 0 8
116475 0 7
118052 0 10
119486 0 24
121022 0 19
122497 0 31
124032 0 5
125446 0 20
126920 0 13
128354 0 15
129869 0 17
131385 0 21
132880 0 25
134313 0 4
135747 0 22
137303 0 19
138737 0 28
140293 0 7
141788 0 16
143304 0 21
144758 0 14
146212 0 15
147707 0 20
149222 0 28
150676 0 1
152151 0 15
153605 0 16
155059 0 27
156534 0 5
158070 0 22
159585 0 25
161039 0 7
162596 0 15
164070 0 19
165606 0 17
167019 0 14
168432 0 21
170009 0 21
171484 0 33
172999 0 1
174433 0 19
175969 0 35
177443 0 7
178877 0 18
180331 0 24
181785 0 21
183260 0 18
184673 0 14
186188 0 35
187683 0 9
189096 0 18
190550 0 14
192004 0 19
193520 0 18
194953 0 30
196367 0 12
197841 0 19
199295 0 16
200790 0 34
202326 0 9
203842 0 15
205275 0 18
206811 0 19
208265 0 13
209801 0 24
211255 0 17
212750 0 18
214184 0 36
215597 0 2
217133 0 20
218628 0 14
220143 0 20
221741 0 21
223174 0 24
224649 0 18
226164 0 24
227700 0 27
229216 0 8
230731 0 22
232247 0 22
233680 0 16
235053 0 28
236568 0 2
238063 0 13
239497 0 24
241012 0 22
242569 0 21
244084 0 36
245579 0 12
246972 0 15
248364 0 18
249818 0 24
251272 0 18
252686 0 14
254160 0 34
255655 0 12
257109 0 24
258604 0 16
260079 0 35
261512 0 12
262987 0 16
264379 0 22
265833 0 19
267247 0 20
268680 0 19
270196 0 36
271629 0 6
273104 0 22
274681 0 32
276094 0 10
277527 0 13
278961 0 36
280415 0 6
281951 0 24
283466 0 24
284941 0 22
286456 0 16
287849 0 24
289283 0 19
290757 0 32
292293 0 2
293788 0 23
295263 0 33
296778 0 5
298294 0 17
299707 0 14
301140 0 15
302635 0 20
304192 0 16
305666 0 33
307182 0 4
308615 0 23
310029 0 16
311401 0 24
312855 0 13
314350 0 30
315845 0 12
317299 0 17
318835 0 29
320227 0 12
321702 0 18
323197 0 34
324651 0 4
326064 0 24
327477 0 22
329034 0 17
330467 0 17
331880 0 25
333355 0 7
334932 0 20
336468 0 31
337881 0 8
339396 0 15
340932 0 22
342448 0 27
343922 0 12
345417 0 16
346933 0 15
348366 0 36
349780 0 10
351295 0 24
352770 0 33
354285 0 9
355862 0 20
357418 0 25
358852 0 1
360306 0 21
361760 0 25
363173 0 4
364627 0 17
366122 0 13
367638 0 14
369174 0 19
370607 0 14
372061 0 24
373474 0 33
375010 0 11
376444 0 18
377898 0 15
379311 0 19
380765 0 17
382260 0 14
383755 0 36
385291 0 8
386868 0 21
388404 0 16
389858 0 25
391374 0 6
392889 0 18
394302 0 19
395838 0 15
397333 0 31
398849 0 6
400282 0 18
401818 0 17
403231 0 28
404726 0 2
406139 0 23
407655 0 20
409232 0 22
410665 0 16
412120 0 22
413533 0 28
414966 0 7
416461 0 23
417977 0 16
419513 0 24
420946 0 32
422400 0 11
423854 0 23
425370 0 22
426906 0 18
428339 0 32
429773 0 1
431166 0 20
432640 0 22
434135 0 24
435651 0 24
437146 0 22
438600 0 19
440136 0 26
441590 0 8
443146 0 22
444600 0 35
446034 0 10
447467 0 13
448962 0 22
450519 0 27
451932 0 2
453345 0 19
454779 0 21
456192 0 19
457666 0 21
459182 0 18
460738 0 24
462131 0 29
463667 0 2
465182 0 15
466677 0 21
468193 0 22
469749 0 19
471285 0 26
472657 0 12
474152 0 23
475627 0 21
477081 0 15
478576 0 23
480071 0 36
481546 0 8
483000 0 14
484433 0 36
485949 0 7
487403 0 14
488795 0 19
490270 0 19
491826 0 31
493260 0 11
494755 0 22
496188 0 24
497581 0 16
498974 0 16
500469 0 22
501964 0 31
503479 0 5
504933 0 19
506490 0 13
507944 0 27
509480 0 6
510913 0 18
512367 0 33
513862 0 5
515337 0 17
516852 0 19
518429 0 15
519863 0 13
521276 0 30
522689 0 9
524143 0 14
525618 0 23
527154 0 15
528710 0 23
530205 0 22
531762 0 20
533339 0 28
534854 0 11
536267 0 13
537783 0 28
539237 0 10
540670 0 14
542063 0 16
543517 0 21
544971 0 32
546343 0 1
547838 0 19
549313 0 18
550767 0 16
552180 0 23
553695 0 29
555149 0 1
556624 0 14
558037 0 14
559430 0 27
560822 0 6
562276 0 22
563812 0 16
565246 0 15
566659 0 34
568154 0 12
569588 0 20
571164 0 17
572598 0 30
574093 0 1
575486 0 22
576981 0 16
578353 0 22
579909 0 27
581425 0 11
582920 0 21
584394 0 19
585869 0 17
587302 0 18
588797 0 28
590251 0 5
591726 0 17
593242 0 21
594798 0 23
596273 0 14
597788 0 16
599242 0 13
600717 0 27
602233 0 5
603774 0 19
605354 0 20
606932 0 34
608406 0 12
609901 0 13
611294 0 30
612727 0 12
614202 0 21
615738 0 15
617171 0 21
618708 0 22
620181 0 17
621676 0 36
623254 0 4
624789 0 20
626285 0 14
627739 0 20
629213 0 30
630709 0 4
632080 0 18
633514 0 32
635030 0 4
636484 0 21
637998 0 29
639514 0 9
641051 0 18
642463 0 33
643999 0 6
645475 0 20
647030 0 35
648444 0 4
649877 0 23
651433 0 14
652908 0 15
654423 0 31
655878 0 10
657454 0 20
658909 0 36
660343 0 6
661816 0 22
663271 0 18
664766 0 23
666159 0 34
667593 0 6
669108 0 20
670602 0 21
672139 0 23
673573 0 17
675129 0 14
676604 0 24
678140 0 36
679696 0 4
681130 0 23
682563 0 22
684120 0 34
685655 0 1
687171 0 19
688583 0 20
690119 0 14
691554 0 19
693048 0 13
694524 0 17
696018 0 21
697575 0 28
699028 0 1
700502 0 15
701957 0 26
703432 0 10
704885 0 13
706278 0 29
707774 0 7
709268 0 19
710783 0 26
712299 0 9
713815 0 18
715331 0 24
716846 0 17
718361 0 23
719857 0 29
721269 0 10
722825 0 17
724280 0 15
725734 0 25
727229 0 11
728785 0 17
730240 0 15
731652 0 29
733147 0 9
734602 0 15
736096 0 16
737490 0 17
738985 0 28
740500 0 10
741994 0 16
743387 0 16
744862 0 24
746398 0 33
747853 0 3
749347 0 22
750883 0 29
752399 0 12
753811 0 19
755348 0 31
756781 0 12
758338 0 17
759852 0 21
761287 0 18
762721 0 22
764277 0 17
765772 0 27
767288 0 2
768741 0 19
770256 0 32
771648 0 8
773123 0 16
774618 0 16
776114 0 15
777507 0 16
778960 0 23
780414 0 29
781828 0 12
783261 0 22
784838 0 32
786354 0 7
787828 0 20
789262 0 22
790715 0 28
792211 0 5
793645 0 16
795098 0 15
796552 0 16
797924 0 19
799501 0 30
800996 0 9
802430 0 13
803904 0 16
805277 0 15
806792 0 19
808287 0 15
809701 0 27
811195 0 1
812628 0 15
814165 0 20
815620 0 23
817073 0 21
818506 0 32
819941 0 1
821497 0 16
822870 0 15
824303 0 22
825797 0 22
827272 0 30
828746 0 7
830282 0 19
831756 0 29
833272 0 5
834788 0 17
836345 0 22
837921 0 23
839355 0 25
840768 0 12
842182 0 16
843594 0 17
845008 0 18
846502 0 20
848018 0 34
849472 0 3
850865 0 18
852319 0 21
853895 0 33
855329 0 3
856742 0 14
858135 0 27
859548 0 10
861022 0 14
862538 0 35
864034 0 4
865426 0 15
866899 0 23
868457 0 14
869952 0 17
871487 0 17
872942 0 26
874416 0 6
875911 0 17
877365 0 34
878881 0 7
880314 0 15
881706 0 36
883140 0 3
884574 0 16
885966 0 17
887400 0 30
888773 0 7
890287 0 24
891783 0 28
893236 0 8
894670 0 23
896083 0 24
897538 0 21
898951 0 24
900425 0 18
901981 0 33
903497 0 6
904992 0 15
906405 0 19
907961 0 22
909437 0 29
910850 0 2
912283 0 22
913861 0 22
915355 0 24
916890 0 22
918325 0 21
919778 0 15
921212 0 22
922646 0 30
924039 0 1
925533 0 16
926967 0 19
928504 0 29
929978 0 1
931451 0 15
932947 0 14
934442 0 28
935855 0 10
937390 0 16
938764 0 16
940217 0 20
941671 0 24
943064 0 14
944559 0 26
945971 0 11
947529 0 13
949044 0 22
950497 0 18
952034 0 19
953530 0 13
954942 0 35
956355 0 12
957891 0 23
959448 0 19
960962 0 20
962479 0 24
963953 0 33
965449 0 4
966819 0 13
968295 0 28
969708 0 6
971182 0 19
972677 0 32
974172 0 8
975668 0 15
977183 0 21
978638 0 23
980193 0 23
981750 0 29
983225 0 11
984638 0 15
986154 0 19
987648 0 23
989041 0 29
990475 0 7
992032 0 15
993443 0 31
995001 0 11
996474 0 15
997908 0 21
999424 0 14
1000918 0 13
1002454 0 16
1003949 0 21
1030492 0 101
1031946 0 101
1033338 0 101
1034731 0 101
1036185 0 101
1037598 0 101
1039072 0 101
1040506 0 101
1041960 0 101
1043414 0 101
1044848 0 102
1046302 0 102
1047797 0 102
1049333 0 102
1050725 0 102
1052118 0 103
1053674 0 101
1055210 0 102
1056664 0 103
1058078 0 101
1059511 0 102
1060904 0 102
1062440 0 102
1063873 0 102
1065368 0 103
1066822 0 101
1068256 0 102
1069649 0 102
1071041 0 102
1072516 0 102
1074072 0 103
1075485 0 101
1076898 0 102
1078311 0 102
1079847 0 102
1081281 0 102
1082776 0 102
1084271 0 102
1085766 0 102
1087159 0 103
1088654 0 101
1090108 0 102
1091582 0 103
1093016 0 101
1094408 0 102
1095822 0 102
1097358 0 102
1098750 0 102
1100286 0 102
1101740 0 102
1103194 0 103
1104751 0 101
1106184 0 102
1107700 0 103
1109236 0 101
1110649 0 102
1112062 0 102
1113495 0 103
1115011 0 101
1116445 0 102
1117878 0 102
1119332 0 102
1120786 0 102
1122261 0 102
1123674 0 103
1125148 0 101
1126643 0 102
1128118 0 102
1129654 0 102
1131088 0 102
1132583 0 102
1134098 0 103
1135511 0 101
1136904 0 102
1138358 0 102
1139894 0 102
1141389 0 102
1142802 0 102
1144338 0 102
1145833 0 102
1147328 0 103
1148761 0 101
1150215 0 102
1151710 0 102
1153165 0 103
1154680 0 101
1156175 0 102
1157691 0 103
1159145 0 101
1160537 0 102
1162012 0 103
1163527 0 101
1165063 0 102
1166517 0 102
1167971 0 103
1169384 0 101
1170838 0 102
1172374 0 102
1173767 0 102
1175262 0 103
1176675 0 101
1178150 0 102
1179645 0 102
1181119 0 102
1182532 0 103
1184068 0 101
1185482 0 102
1187017 0 102
1188512 0 102
1189966 0 102
1191421 0 102
1192916 0 102
1194411 0 103
1195885 0 101
1197298 0 102
1198814 0 102
1200268 0 103
1201783 0 101
1203278 0 102
1204773 0 103
1206248 0 101
1207661 0 102
1209054 0 102
1210508 0 102
1211900 0 103
1213375 0 101
1214870 0 102
1216385 0 103
1217942 0 101
1219334 0 102
1220829 0 103
1222406 0 101
1223819 0 102
1225253 0 103
1226707 0 101
1228181 0 102
1229697 0 102
1231151 0 102
1232687 0 102
1234223 0 102
1235718 0 102
1237213 0 103
1238729 0 101
1240121 0 102
1241575 0 102
1243070 0 102
1244606 0 102
1246081 0 102
1247555 0 102
1248989 0 103
1250422 0 101
1251958 0 102
1253351 0 103
1254907 0 101
1256382 0 102
1257795 0 103
1259249 0 101
1260642 0 102
1262055 0 102
1263468 0 102
1264963 0 102
1266478 0 102
1267973 0 102
1269427 0 103
1270984 0 101
1272459 0 102
1273913 0 103
1275326 0 101
1276739 0 102
1278131 0 102
1279565 0 102
1281060 0 103
1282473 0 101
1284009 0 102
1285443 0 102
1286938 0 102
1288412 0 102
1289825 0 103
1291382 0 101
1292918 0 102
1294372 0 102
1295826 0 102
1297321 0 102
1298857 0 102
1300352 0 103
1301908 0 101
1303342 0 102
1304878 0 103
1306291 0 101
1307827 0 102
1309219 0 102
1310653 0 102
1312046 0 102
1313541 0 102
1315015 0 103
1316510 0 101
1317964 0 102
1319459 0 102
1320852 0 102
1322367 0 102
1323801 0 102
1325255 0 102
1326689 0 103
1328245 0 101
1329761 0 102
1331194 0 102
1332607 0 102
1334000 0 102
1335515 0 103
1336990 0 101
1338485 0 102
1340021 0 103
1341454 0 101
1342868 0 102
1344383 0 102
1345837 0 102
1347291 0 102
1348766 0 103
1350179 0 101
1351592 0 102
1353087 0 102
1354582 0 102
1356015 0 102
1357449 0 102
1358883 0 102
1360337 0 103
1361791 0 101
1363286 0 102
1364781 0 102
1366173 0 102
1367566 0 102
1368979 0 103
1370474 0 101
1371949 0 102
1373382 0 103
1374857 0 101
1376393 0 102
1377888 0 102
1379383 0 102
1380775 0 102
1382291 0 102
1383745 0 103
1385281 0 101
1386817 0 102
1388271 0 102
1389684 0 102
1391138 0 102
1392613 0 102
1394128 0 103
1395705 0 101
1397159 0 102
1398634 0 103
1400067 0 101
1401521 0 102
1402934 0 102
1404429 0 102
1405822 0 102
1407378 0 102
1408792 0 102
1410307 0 102
1411802 0 103
1413318 0 101
1414772 0 102
1416267 0 102
1417700 0 102
1419113 0 103
1420670 0 101
1422062 0 102
1423455 0 102
1424950 0 102
1426465 0 102
1427981 0 103
1429415 0 101
1430889 0 102
1432384 0 103
1433797 0 101
1435272 0 102
1436685 0 102
1438180 0 102
1439634 0 102
1441047 0 103
1442542 0 101
1444037 0 102
1445471 0 103
1447007 0 101
1448542 0 102
1449956 0 103
1451389 0 101
1452905 0 102
1454318 0 102
1455833 0 103
1457390 0 101
1458823 0 102
1460216 0 102
1461731 0 102
1463247 0 102
1464701 0 102
1466114 0 102
1467630 0 103
1469043 0 101
1470497 0 102
1471930 0 102
1473364 0 102
1474879 0 103
1476415 0 101
1477808 0 102
1479242 0 102
1480757 0 102
1482170 0 103
1483604 0 101
1485119 0 102
1486512 0 102
1487986 0 102
1489522 0 103
1491017 0 101
1492471 0 102
1493905 0 103
1495338 0 101
1496854 0 102
1498369 0 102
1499824 0 102
1501257 0 103
1502773 0 101
1504206 0 102
1505701 0 103
1507176 0 101
1508650 0 102
1510186 0 102
1511681 0 102
1513197 0 103
1514733 0 101
1516125 0 102
1517538 0 103
1518972 0 101
1520467 0 102
1521962 0 102
1523416 0 102
1524932 0 102
1526365 0 103
1527799 0 101
1529253 0 102
1530707 0 102
1532099 0 102
1533574 0 102
1534967 0 103
1536523 0 101
1537998 0 102
1539390 0 102
1540783 0 103
1542196 0 101
1543670 0 102
1545206 0 103
1546640 0 101
1548115 0 102
1549630 0 103
1551146 0 101
1552579 0 102
1554054 0 102
1555528 0 103
1557064 0 101
1558477 0 102
1560013 0 103
1561529 0 101
1563003 0 102
1564478 0 102
1566014 0 102
1567468 0 102
1568881 0 102
1570355 0 102
1571789 0 102
1573202 0 103
1574718 0 101
1576254 0 102
1577646 0 102
1579100 0 103
1580534 0 101
1582049 0 102
1583462 0 103
1584957 0 101
1586452 0 102
1587988 0 102
1589381 0 102
1590876 0 102
1592371 0 102
1593825 0 102
1595279 0 103
1596754 0 101
1598187 0 102
1599621 0 102
1601157 0 102
1602611 0 102
1604126 0 102
1605539 0 103
1607014 0 101
1608448 0 102
1609840 0 103
1611376 0 101
1612830 0 102
1614325 0 103
1615759 0 101
1617151 0 102
1618626 0 102
1620141 0 103
1621575 0 101
1622968 0 102
1624422 0 103
1625896 0 101
1627330 0 102
1628763 0 103
1630320 0 101
1631753 0 102
1633207 0 102
1634641 0 102
1636136 0 102
1637631 0 102
1639085 0 103
1640519 0 101
1642034 0 102
1643509 0 102
1645024 0 102
1646560 0 102
1648055 0 103
1649509 0 101
1650984 0 102
1652458 0 103
1653953 0 101
1655489 0 102
1656902 0 103
1658459 0 101
1659974 0 102
1661469 0 103
1662985 0 101
1664439 0 102
1665873 0 102
1667306 0 102
1668740 0 102
1670173 0 102
1671648 0 102
1673163 0 103
1674679 0 101
1676215 0 102
1677730 0 103
1679287 0 101
1680823 0 102
1682215 0 103
1683751 0 101
1685287 0 102
1686741 0 102
1688134 0 102
1689547 0 102
1691001 0 102
1692435 0 103
1693971 0 101
1695527 0 102
1697022 0 102
1698558 0 103
1699971 0 101
1701425 0 102
1702941 0 102
1704456 0 102
1705992 0 102
1707446 0 102
1708839 0 103
1710313 0 101
1711788 0 102
1713221 0 102
1714676 0 102
1716171 0 102
1717645 0 103
1719222 0 101
1720738 0 102
1722171 0 103
1723625 0 101
1725079 0 102
1726513 0 102
1728049 0 102
1729585 0 102
1730998 0 102
1732390 0 103
1733803 0 101
1735217 0 102
1736691 0 102
1738186 0 102
1739702 0 102
1741115 0 103
1742651 0 101
1744146 0 102
1745661 0 102
1747136 0 102
1748549 0 102
1749982 0 102
1751477 0 102
1753013 0 103
1754447 0 101
1755860 0 102
1757335 0 102
1758871 0 102
1760386 0 102
1761840 0 103
1763315 0 101
1764851 0 102
1766346 0 102
1767841 0 102
1769315 0 103
1770851 0 101
1772285 0 102
1773780 0 103
1775316 0 101
1776852 0 102
1778347 0 103
1779862 0 101
1781275 0 102
1782811 0 102
1784204 0 102
1785678 0 102
1787092 0 103
1788566 0 101
1789979 0 102
1791433 0 103
1792969 0 101
1794505 0 102
1795918 0 102
1797454 0 102
1798929 0 103
1800403 0 101
1801837 0 102
1803352 0 103
1804909 0 101
1806363 0 102
1807899 0 102
1809353 0 102
1810807 0 102
1812261 0 103
1813695 0 101
1815128 0 102
1816603 0 102
1817995 0 102
1819429 0 102
1820842 0 102
1822235 0 102
1823771 0 103
1825245 0 101
1826658 0 102
1828133 0 102
1829628 0 102
1831020 0 102
1832474 0 102
1833867 0 102
1835383 0 102
1836857 0 103
1838352 0 101
1839847 0 102
1841383 0 103
1842817 0 101
1844291 0 102
1845827 0 102
1847343 0 102
1848817 0 102
1850251 0 102
1851807 0 103
1853302 0 101
1854818 0 102
1856292 0 102
1857828 0 103
1859282 0 101
1860777 0 102
1862170 0 103
1863726 0 101
1865119 0 102
1866655 0 103
1868130 0 101
1869584 0 102
1871038 0 102
1872574 0 102
1874048 0 102
1875502 0 103
1876977 0 101
1878451 0 102
1879864 0 102
1881400 0 102
1882916 0 103
1884472 0 101
1885885 0 102
1887360 0 102
1888855 0 102
1890350 0 102
1891783 0 102
1893278 0 102
1894753 0 103
1896166 0 101
1897661 0 102
1899136 0 102
1900569 0 102
1902105 0 103
1903682 0 101
1905218 0 102
1906672 0 102
1908106 0 103
1909560 0 101
1910952 0 102
1912488 0 102
1913942 0 103
1915437 0 101
1916953 0 102
1918407 0 103
1919963 0 101
1921499 0 102
1923035 0 103
1924612 0 101
1926087 0 102
1956194 0 46
1957628 0 44
1959164 0 38
1960618 0 45
1962174 0 47
1963628 0 40
1965041 0 46
1966577 0 46
1968134 0 48
1969547 0 41
1971001 0 52
1972537 0 49
1974073 0 51
1975547 0 70
1977042 0 41
1978456 0 59
1979889 0 62
1981302 0 46
1982879 0 56
1984415 0 69
1985951 0 42
1987364 0 55
1988900 0 69
1990334 0 40
1991767 0 49
1993283 0 53
1994757 0 49
1996252 0 59
1997768 0 68
1999222 0 42
2000778 0 55
2002273 0 51
2003707 0 55
2005263 0 54
2006779 0 58
2008233 0 51
2009769 0 56
2011202 0 70
2012636 0 48
2014193 0 55
2015647 0 54
2017203 0 50
2018657 0 66
2020111 0 39
2021668 0 55
2023101 0 53
2024658 0 50
2026091 0 52
2027545 0 50
2028979 0 70
2030412 0 42
2031969 0 58
2033402 0 62
2034938 0 40
2036454 0 53
2037990 0 51
2039464 0 60
2040898 0 72
2042332 0 44
2043806 0 58
2045240 0 60
2046755 0 56
2048230 0 54
2049725 0 58
2051240 0 61
2052694 0 42
2054128 0 58
2055602 0 51
2057056 0 59
2058510 0 55
2059965 0 56
2061398 0 55
2062873 0 71
2064388 0 42
2065863 0 53
2067296 0 62
2068812 0 42
2070307 0 49
2071781 0 65
2073194 0 43
2074689 0 59
2076205 0 57
2077618 0 58
2079093 0 66
2080649 0 47
2082083 0 55
2083516 0 50
2084991 0 56
2086506 0 52
2087960 0 64
2089435 0 39
2090889 0 51
2092363 0 72
2093797 0 39
2095333 0 58
2096910 0 70
2098425 0 47
2099838 0 55
2101313 0 51
2102849 0 58
2104426 0 61
2105921 0 48
2107354 0 59
2108870 0 66
2110303 0 48
2111737 0 55
2113273 0 68
2114789 0 37
2116284 0 55
2117799 0 68
2119335 0 43
2120871 0 60
2122325 0 57
2123881 0 59
2125315 0 49
2126769 0 50
2128305 0 53
2129821 0 72
2131213 0 48
2132770 0 52
2134224 0 56
2135760 0 60
2137173 0 53
2138647 0 63
2140081 0 40
2141596 0 53
2143009 0 60
2144525 0 58
2146020 0 58
2147556 0 50
2148969 0 66
2150403 0 46
2151857 0 52
2153372 0 58
2154908 0 50
2156424 0 56
2157960 0 59
2159516 0 63
2161011 0 47
2162486 0 50
2163940 0 55
2165455 0 51
2166868 0 59
2168363 0 61
2169920 0 47
2171415 0 49
2172910 0 52
2174364 0 55
2175818 0 59
2177374 0 51
2178890 0 60
2180303 0 69
2181798 0 37
2183293 0 58
2184870 0 71
2186365 0 43
2187880 0 54
2189355 0 60
2190809 0 56
2192222 0 71
2193758 0 44
2195192 0 53
2196646 0 72
2198182 0 45
2199636 0 52
2201049 0 64
2202564 0 41
2203977 0 55
2205431 0 51
2206988 0 70
2208360 0 48
2209814 0 58
2211289 0 65
2212845 0 45
2214381 0 53
2215917 0 53
2217330 0 70
2218702 0 43
2220177 0 53
2221631 0 53
2223146 0 53
2224559 0 51
2225973 0 57
2227488 0 58
2228942 0 64
2230376 0 37
2231891 0 58
2233448 0 71
2234922 0 46
2236458 0 58
2237974 0 59
2239407 0 52
2240902 0 49
2242438 0 66
2243933 0 46
2245510 0 57
2247067 0 69
2248603 0 43
2250139 0 54
2251613 0 51
2253026 0 58
2254521 0 59
2255934 0 64
2257429 0 48
2258863 0 58
2260317 0 50
2261832 0 53
2263266 0 60
2264700 0 54
2266113 0 66
2267649 0 38
2269185 0 59
2270639 0 55
2272195 0 60
2273670 0 52
2275124 0 71
2276619 0 39
2278093 0 51
2279568 0 54
2281083 0 52
2282537 0 53
2284073 0 56
2285568 0 49
2287125 0 64
2288620 0 39
2290135 0 49
2291548 0 52
2293023 0 58
2294538 0 54
2296074 0 54
2297569 0 66
2299105 0 44
2300662 0 51
2302116 0 50
2303570 0 57
2305085 0 56
2306539 0 72
2307953 0 46
2309529 0 58
2310984 0 66
2312397 0 47
2313810 0 50
2315325 0 51
2316779 0 59
2318192 0 53
2319626 0 53
2321100 0 70
2322555 0 47
2323968 0 54
2325422 0 55
2326876 0 54
2328309 0 52
2329845 0 72
2331258 0 41
2332733 0 53
2334187 0 57
2335662 0 59
2337177 0 51
2338692 0 59
2340208 0 53
2341724 0 66
2343178 0 38
2344734 0 59
2346147 0 59
2347581 0 51
2349035 0 57
2350550 0 51
2351963 0 52
2353397 0 63
2354912 0 48
2356346 0 49
2357780 0 54
2359213 0 51
2360729 0 52
2362142 0 51
2363575 0 64
2365070 0 46
2366627 0 54
2368101 0 63
2369617 0 44
2371050 0 56
2372545 0 57
2374081 0 62
2375556 0 43
2376989 0 59
2378443 0 63
2379877 0 38
2381413 0 52
2382949 0 59
2384465 0 50
2385960 0 61
2387434 0 48
2388950 0 55
2390445 0 64
2391981 0 45
2393414 0 55
2394991 0 71
2396404 0 39
2397879 0 56
2399435 0 50
2400889 0 69
2402343 0 39
2403900 0 55
2405436 0 69
2406869 0 39
2408303 0 56
2409777 0 57
2411313 0 55
2412870 0 55
2414365 0 52
2415921 0 63
2417334 0 46
2418829 0 54
2420365 0 55
2421840 0 49
2423294 0 65
2424830 0 37
2426325 0 59
2427861 0 49
2429417 0 63
2430953 0 41
2432448 0 49
2433861 0 57
2435316 0 58
2436892 0 53
2438449 0 56
2439862 0 58
2441439 0 70
2442811 0 37
2444286 0 60
2445719 0 65
2447153 0 46
2448627 0 53
2450143 0 53
2451699 0 56
2453153 0 52
2454587 0 72
2456082 0 45
2457638 0 49
2459174 0 60
2460608 0 66
2462123 0 43
2463659 0 55
2465175 0 60
2466690 0 60
2468124 0 51
2469578 0 52
2471073 0 63
2472588 0 37
2474063 0 56
2475599 0 70
2477094 0 47
2478630 0 54
2480166 0 50
2481640 0 51
2483074 0 54
2484610 0 57
2486085 0 50
2487539 0 53
2488972 0 65
2490385 0 38
2491921 0 58
2493334 0 54
2494768 0 52
2496181 0 62
2497635 0 43
2499171 0 49
2500605 0 51
2502141 0 64
2503615 0 39
2505110 0 55
2506523 0 49
2507936 0 54
2509431 0 60
2510926 0 70
2512298 0 46
2513773 0 57
2515309 0 70
2516722 0 38
2518135 0 57
2519630 0 70
2521023 0 40
2522538 0 60
2524013 0 49
2525508 0 57
2527003 0 52
2528498 0 50
2530054 0 49
2531590 0 70
2532962 0 44
2534396 0 55
2535891 0 57
2537406 0 53
2538881 0 52
2540397 0 66
2541892 0 43
2543407 0 56
2544841 0 56
2546295 0 64
2547749 0 40
2549182 0 55
2550636 0 67
2552111 0 39
2553606 0 51
2555121 0 65
2556535 0 44
2557989 0 51
2559484 0 56
2560999 0 56
2562494 0 69
2564010 0 45
2565525 0 51
2567061 0 58
2568536 0 53
2570072 0 50
2571567 0 59
2573041 0 63
2574454 0 47
2575990 0 57
2577444 0 62
2578939 0 37
2580352 0 55
2581806 0 68
2583260 0 37
2584694 0 54
2586148 0 59
2587582 0 51
2589138 0 53
2590551 0 53
2592067 0 55
2593541 0 64
2594934 0 41
2596347 0 49
2597903 0 56
2599439 0 56
2600996 0 62
2602552 0 43
2603965 0 58
2605440 0 72
2606853 0 40
2608287 0 51
2609782 0 60
2611256 0 57
2612792 0 66
2614246 0 41
2615803 0 53
2617359 0 59
2618854 0 54
2620308 0 53
2621865 0 49
2623339 0 70
2624855 0 46
2626391 0 59
2627845 0 54
2629360 0 57
2630814 0 49
2632248 0 66
2633784 0 41
2635176 0 51
2636651 0 49
2638105 0 55
2639539 0 65
2640993 0 44
2642488 0 53
2644044 0 56
2645539 0 66
2647075 0 38
2648591 0 58
2650147 0 70
2651540 0 43
2653014 0 55
2654530 0 58
2656004 0 61
2657438 0 38
2658871 0 56
2660305 0 70
2661677 0 38
2663070 0 49
2664544 0 54
2665978 0 65
2667493 0 42
2669029 0 49
2670565 0 57
2672081 0 58
2673576 0 58
2675112 0 54
2676525 0 56
2677938 0 59
2679351 0 67
2680846 0 46
2682382 0 51
2683795 0 69
2685249 0 46
2686703 0 55
2688116 0 67
2689509 0 48
2691065 0 52
2692622 0 56
2694035 0 58
2695591 0 51
2697148 0 67
2698581 0 38
2700076 0 52
2701612 0 56
2703107 0 58
2704623 0 56
2706179 0 65
2707674 0 37
2709149 0 54
2710705 0 64
2712200 0 47
2713654 0 59
2715108 0 59
2716603 0 64
2718037 0 46
2719593 0 49
2721007 0 59
2722563 0 52
2724058 0 54
2725492 0 51
2726987 0 67
2728523 0 48
2729997 0 49
2731431 0 60
2732844 0 54
2734298 0 49
2735711 0 59
2737124 0 58
2738558 0 72
2740053 0 45
2741527 0 60
2743084 0 69
2744599 0 40
2746156 0 55
2747610 0 59
2749084 0 51
2750641 0 55
2752095 0 54
2753651 0 67
2755064 0 44
2756559 0 54
2758034 0 72
2759426 0 43
2760839 0 54
2762253 0 70
2763748 0 41
2765161 0 60
2766615 0 61
2768048 0 37
2769441 0 57
2770874 0 62
2772288 0 37
2773701 0 60
2775134 0 59
2776629 0 62
2778042 0 48
2779455 0 53
2780971 0 55
2782486 0 51
2784002 0 60
2785538 0 55
2787033 0 62
2788507 0 42
2789900 0 60
2791457 0 57
2793013 0 59
2794467 0 50
2796024 0 70
2797498 0 41
2798911 0 49
2800365 0 49
2801819 0 54
2803212 0 54
2804707 0 52
2806202 0 56
2807635 0 63
2809069 0 46
2810584 0 52
2812059 0 58
2813534 0 52
2815029 0 49
2816462 0 56
2818019 0 63
2819493 0 48
2820906 0 58
2822340 0 67
2823835 0 42
2825268 0 55
2826804 0 70
2828238 0 48
2829753 0 59
2831248 0 60
2832784 0 55
2834300 0 49
2835795 0 49
2837331 0 55
2838846 0 67
2840239 0 41
2841734 0 49
2843127 0 54
2844540 0 52
2845994 0 65
2847427 0 41
2848881 0 59
2850295 0 53
2851749 0 58
2853285 0 56
2854739 0 72
2856131 0 41
2857688 0 56
2879800 0 104
2881233 0 104
2882729 0 104
2884244 0 104
2885759 0 104
2887295 0 104
2888729 0 104
2890224 0 104
2891617 0 104
2893153 0 104
2894545 0 105
2896040 0 105
2897494 0 105
2898989 0 105
2900464 0 105
2902000 0 106
2903556 0 104
2905092 0 105
2906485 0 105
2907898 0 105
2909372 0 105
2910929 0 105
2912383 0 106
2913817 0 104
2915373 0 105
2916868 0 106
2918302 0 104
2919797 0 105
2921251 0 105
2922705 0 106
2924138 0 104
2925613 0 105
2927149 0 105
2928582 0 105
2930098 0 105
2931593 0 106
2933047 0 104
2934481 0 105
2935955 0 105
2937409 0 105
2938945 0 105
2940461 0 105
2941997 0 105
2943512 0 106
2945007 0 104
2946441 0 105
2947895 0 106
2949328 0 104
2950864 0 105
2952257 0 106
2953731 0 104
2955288 0 105
2956783 0 105
2958237 0 105
2959630 0 105
2961043 0 105
2962435 0 106
2963889 0 104
2965425 0 105
2966859 0 105
2968374 0 106
2969808 0 104
2971323 0 105
2972818 0 106
2974354 0 104
2975829 0 105
2977263 0 105
2978799 0 105
2980253 0 105
2981789 0 105
2983304 0 105
2984717 0 106
2986253 0 104
2987687 0 105
2989223 0 105
2990615 0 105
2992090 0 105
2993626 0 105
2995039 0 105
2996575 0 106
2998070 0 104
2999483 0 105
3000978 0 106
3002432 0 104
3003927 0 105
3005361 0 105
3006815 0 105
3008269 0 106
3009784 0 104
3011177 0 105
3012692 0 105
3014085 0 105
3015600 0 105
3017075 0 105
3018570 0 106
3020024 0 104
3021437 0 105
3022830 0 105
3024284 0 105
3025697 0 105
3027151 0 106
3028544 0 104
3030018 0 105
3031534 0 105
3032988 0 105
3034380 0 106
3035875 0 104
3037329 0 105
3038845 0 105
3040278 0 105
3041712 0 105
3043125 0 105
3044620 0 105
3046054 0 106
3047487 0 104
3048880 0 105
3050375 0 105
3051911 0 106
3053406 0 104
3054921 0 105
3056334 0 106
3057768 0 104
3059304 0 105
3060840 0 106
3062355 0 104
3063871 0 105
3065386 0 105
3066861 0 105
3068274 0 105
3069790 0 106
3071264 0 104
3072780 0 105
3074275 0 105
3075749 0 106
3077203 0 104
3078739 0 105
3080193 0 105
3081688 0 105
3083204 0 106
3084719 0 104
3086173 0 105
3087709 0 106
3089184 0 104
3090699 0 105
3092112 0 105
3093607 0 105
3095102 0 105
3096556 0 105
3098051 0 106
3099546 0 104
3101082 0 105
3102618 0 105
3104113 0 105
3105608 0 106
3107042 0 104
3108517 0 105
3110012 0 105
3111425 0 105
3112920 0 106
3114476 0 104
3115930 0 105
3117343 0 106
3118818 0 104
3120333 0 105
3121746 0 105
3123180 0 105
3124695 0 105
3126231 0 105
3127706 0 105
3129119 0 105
3130532 0 106
3131986 0 104
3133481 0 105
3135038 0 106
3136451 0 104
3137905 0 105
3139400 0 105
3140813 0 105
3142267 0 105
3143803 0 105
3145339 0 106
3146875 0 104
3148370 0 105
3149865 0 106
3151401 0 104
3152814 0 105
3154268 0 105
3155804 0 105
3157320 0 105
3158733 0 105
3160146 0 105
3161620 0 106
3163156 0 104
3164672 0 105
3166187 0 105
3167641 0 105
3169034 0 105
3170468 0 105
3172003 0 106
3173458 0 104
3174891 0 105
3176386 0 106
3177861 0 104
3179376 0 105
3180892 0 106
3182366 0 104
3183820 0 105
3185213 0 106
3186667 0 104
3188060 0 105
3189575 0 105
3191091 0 105
3192586 0 105
3194019 0 105
3195555 0 106
3197112 0 104
3198668 0 105
3200143 0 105
3201699 0 105
3203133 0 105
3204669 0 105
3206204 0 105
3207761 0 106
3209215 0 104
3210690 0 105
3212123 0 105
3213598 0 105
3215011 0 105
3216424 0 105
3217878 0 105
3219414 0 105
3220909 0 106
3222322 0 104
3223837 0 105
3225332 0 105
3226807 0 106
3228261 0 104
3229797 0 105
3231231 0 105
3232746 0 106
3234241 0 104
3235757 0 105
3237170 0 106
3238603 0 104
3240057 0 105
3241470 0 106
3242924 0 104
3244481 0 105
3245874 0 105
3247266 0 106
3248802 0 104
3250318 0 105
3251772 0 106
3253246 0 104
3254782 0 105
3256216 0 106
3257670 0 104
3259226 0 105
3260639 0 105
3262114 0 105
3263629 0 105
3265124 0 106
3266538 0 104
3268033 0 105
3269548 0 105
3270982 0 105
3272477 0 105
3273910 0 105
3275344 0 106
3276900 0 104
3278354 0 105
3279767 0 105
3281283 0 105
3282757 0 105
3284211 0 105
3285727 0 106
3287161 0 104
3288553 0 105
3289966 0 105
3291502 0 105
3293038 0 105
3294492 0 106
3295905 0 104
3297359 0 105
3298772 0 105
3300308 0 105
3301844 0 105
3303319 0 105
3304712 0 106
3306145 0 104
3307681 0 105
3309074 0 106
3310569 0 104
3312002 0 105
3313538 0 105
3315013 0 105
3316405 0 106
3317839 0 104
3319355 0 105
3320788 0 106
3322345 0 104
3323799 0 105
3325314 0 105
3326830 0 105
3328263 0 105
3329697 0 106
3331110 0 104
3332502 0 105
3334059 0 105
3335574 0 105
3337028 0 106
3338564 0 104
3340080 0 105
3341636 0 106
3343193 0 104
3344708 0 105
3346162 0 105
3347657 0 106
3349091 0 104
3350586 0 105
3352081 0 105
3353494 0 106
3355030 0 104
3356423 0 105
3357836 0 106
3359351 0 104
3360887 0 105
3362444 0 106
3363898 0 104
3365393 0 105
3366785 0 105
3368219 0 105
3369734 0 106
3371229 0 104
3372724 0 105
3374281 0 106
3375694 0 104
3377107 0 105
3378664 0 105
3380200 0 105
3381613 0 105
3383026 0 105
3384459 0 106
3385934 0 104
3387347 0 105
3388883 0 105
3390398 0 106
3391852 0 104
3393286 0 105
3394802 0 105
3396256 0 105
3397730 0 105
3399287 0 105
3400700 0 106
3402236 0 104
3403731 0 105
3405185 0 106
3406618 0 104
3408134 0 105
3409608 0 105
3411103 0 105
3412578 0 105
3414073 0 106
3415506 0 104
3416981 0 105
3418496 0 105
3420032 0 105
3421487 0 105
3423023 0 105
3424456 0 106
3425972 0 104
3427426 0 105
3428921 0 105
3430436 0 105
3431870 0 105
3433406 0 105
3434819 0 105
3436375 0 106
3437932 0 104
3439468 0 105
3440922 0 106
3442437 0 104
3443953 0 105
3445489 0 106
3446943 0 104
3448397 0 105
3449912 0 106
3451469 0 104
3452923 0 105
3454336 0 105
3455810 0 105
3457285 0 105
3458800 0 105
3460275 0 105
3461749 0 106
3463204 0 104
3464719 0 105
3466112 0 105
3467627 0 105
3469061 0 106
3470597 0 104
3472112 0 105
3473607 0 106
3475061 0 104
3476556 0 105
3478010 0 106
3479423 0 104
3480959 0 105
3482454 0 106
3483908 0 104
3485403 0 105
3486899 0 105
3488312 0 105
3489725 0 105
3491261 0 105
3492776 0 105
3494189 0 106
3495705 0 104
3497241 0 105
3498654 0 105
3500108 0 105
3501582 0 105
3503118 0 106
3504593 0 104
3506027 0 105
3507460 0 105
3508873 0 105
3510368 0 105
3511781 0 105
3513235 0 105
3514669 0 106
3516225 0 104
3517659 0 105
3519072 0 105
3520628 0 105
3522103 0 105
3523598 0 105
3525052 0 105
3526547 0 106
3528063 0 104
3529517 0 105
3530991 0 105
3532527 0 106
3534084 0 104
3535558 0 105
3537115 0 105
3538610 0 106
3540166 0 104
3541661 0 105
3543115 0 105
3544569 0 105
3545962 0 106
3547436 0 104
3548931 0 105
3550426 0 105
3551962 0 105
3553478 0 105
3555014 0 105
3556509 0 106
3558045 0 104
3559478 0 105
3560953 0 106
3562366 0 104
3563861 0 105
3565336 0 105
3566769 0 105
3568203 0 105
3569677 0 106
3571234 0 104
3572667 0 105
3574203 0 106
3575678 0 104
3577193 0 105
3578627 0 105
3580040 0 106
3581514 0 104
3583009 0 105
3584402 0 106
3585897 0 104
3587310 0 105
3588723 0 106
3590136 0 104
3591611 0 105
3593004 0 106
3594458 0 104
3596014 0 105
3597489 0 105
3598963 0 105
3600417 0 106
3601851 0 104
3603284 0 105
3604718 0 106
3606131 0 104
3607585 0 105
3609121 0 105
3610677 0 106
3612111 0 104
3613668 0 105
3615203 0 105
3616617 0 105
3618050 0 105
3619545 0 106
3620979 0 104
3622474 0 105
3623928 0 105
3625341 0 105
3626877 0 106
3628331 0 104
3629826 0 105
3631219 0 105
3632714 0 105
3634229 0 106
3635745 0 104
3637281 0 105
3638817 0 106
3640312 0 104
3641766 0 105
3643220 0 105
3644653 0 105
3646189 0 106
3647602 0 104
3649097 0 105
3650531 0 105
3652046 0 106
3653459 0 104
3654893 0 105
3656368 0 105
3657883 0 105
3659317 0 105
3660832 0 105
3662327 0 105
3663802 0 105
3665194 0 106
3666730 0 104
3668225 0 105
3669638 0 105
3671113 0 105
3672649 0 105
3674205 0 105
3675680 0 105
3677175 0 106
3678649 0 104
3680083 0 105
3681619 0 105
3683053 0 105
3684507 0 106
3685940 0 104
3687476 0 105
3688930 0 106
3690425 0 104
3691879 0 105
3693436 0 105
3694890 0 105
3696446 0 105
3697962 0 106
3699395 0 104
3700849 0 105
3702344 0 105
3703737 0 105
3705150 0 105
3706584 0 106
3708099 0 104
3709492 0 105
3710925 0 105
3712461 0 106
3713936 0 104
3715431 0 105
3716823 0 105
3718339 0 105
3719752 0 106
3721227 0 104
3722660 0 105
3724217 0 106
3725753 0 104
3727289 0 105
3728825 0 106
3730238 0 104
3731794 0 105
3733330 0 106
3734805 0 104
3736259 0 105
3737651 0 105
3739187 0 105
3740662 0 106
3742095 0 104
3743529 0 105
3744963 0 105
3746519 0 105
3748034 0 105
3749489 0 105
3750881 0 105
3752315 0 106
3753810 0 104
3755264 0 105
3756820 0 105
3758295 0 105
3759851 0 105
3761305 0 105
3762821 0 105
3764295 0 106
3765729 0 104
3767285 0 105
3768678 0 105
3770091 0 105
3771607 0 105
3773020 0 105
3774535 0 105
3776010 0 106
3777443 0 104
3778979 0 105
