73596 0 2
75046 0 7
76495 0 10
77945 0 10
79370 0 7
80917 0 1
82416 0 6
83988 0 5
85388 0 12
86887 0 2
88434 0 22
90007 0 17
91432 0 13
92906 0 13
94355 0 25
95829 0 7
97278 0 21
98728 0 15
100177 0 14
101700 0 36
103150 0 4
104648 0 24
106073 0 15
107621 0 13
109046 0 16
110544 0 18
112092 0 14
113615 0 30
114991 0 8
116489 0 20
117963 0 22
119437 0 17
120985 0 15
122434 0 22
123859 0 14
125407 0 30
126832 0 10
128330 0 24
129878 0 23
131327 0 36
132899 0 9
134472 0 23
136044 0 15
137493 0 28
138992 0 2
140490 0 18
141964 0 16
143463 0 17
144912 0 17
146386 0 28
147934 0 4
149383 0 16
150833 0 18
152282 0 14
153732 0 18
155255 0 23
156778 0 20
158203 0 26
159652 0 12
161101 0 23
162575 0 21
164025 0 21
165573 0 20
167169 0 19
168643 0 32
170117 0 5
171542 0 18
173065 0 20
174515 0 23
175964 0 22
177487 0 35
179010 0 11
180435 0 20
182032 0 19
183604 0 29
185029 0 5
186552 0 18
188100 0 32
189647 0 9
191072 0 16
192473 0 20
193971 0 23
195494 0 23
196944 0 25
198467 0 11
199892 0 17
201292 0 16
202741 0 15
204166 0 24
205616 0 20
207089 0 36
208662 0 9
210185 0 19
211733 0 13
213157 0 23
214656 0 33
216228 0 6
217678 0 16
219053 0 23
220478 0 17
221928 0 27
223451 0 8
224900 0 22
226325 0 30
227823 0 2
229273 0 23
230796 0 14
232344 0 17
233793 0 20
235341 0 13
236888 0 33
238313 0 12
239861 0 15
241384 0 34
242858 0 4
244381 0 16
245880 0 15
247354 0 27
248778 0 5
250203 0 18
251702 0 21
253274 0 14
254748 0 17
256271 0 18
257721 0 18
259145 0 15
260644 0 26
262093 0 2
263494 0 22
265066 0 16
266515 0 35
268014 0 10
269463 0 14
270937 0 24
272387 0 23
273910 0 35
275457 0 3
277005 0 21
278577 0 27
280051 0 10
281476 0 14
282901 0 25
284449 0 2
285923 0 17
287421 0 16
288871 0 24
290320 0 33
291769 0 6
293317 0 23
294742 0 13
296216 0 16
297616 0 28
299090 0 12
300515 0 21
301989 0 34
303414 0 12
304839 0 24
306264 0 29
307713 0 12
309212 0 21
310784 0 20
312233 0 19
313805 0 26
315279 0 3
316680 0 17
318203 0 17
319726 0 14
321200 0 29
322600 0 8
324148 0 18
325622 0 24
327096 0 20
328692 0 36
330166 0 6
331640 0 18
333188 0 29
334687 0 7
336259 0 24
337659 0 34
339084 0 5
340509 0 23
342032 0 17
343506 0 20
345054 0 27
346528 0 6
348100 0 19
349647 0 16
351072 0 13
352571 0 14
354119 0 21
355666 0 14
357140 0 33
358663 0 2
360064 0 24
361488 0 23
362987 0 13
364412 0 27
365960 0 5
367409 0 21
368957 0 35
370504 0 3
372003 0 14
373550 0 36
375074 0 3
376523 0 19
377972 0 21
379446 0 23
380945 0 21
382370 0 17
383819 0 36
385391 0 6
386915 0 21
388339 0 20
389813 0 14
391287 0 17
392835 0 23
394383 0 24
395857 0 26
397380 0 11
398927 0 22
400475 0 25
401974 0 1
403472 0 22
404922 0 24
406420 0 24
407919 0 20
409516 0 18
411063 0 23
412463 0 29
413913 0 8
415510 0 14
416984 0 23
418482 0 14
419882 0 31
421356 0 3
422781 0 22
424255 0 17
425778 0 25
427252 0 7
428726 0 19
430299 0 13
431773 0 13
433197 0 29
434720 0 9
436219 0 18
437693 0 21
439142 0 18
440665 0 34
442189 0 9
443761 0 16
445259 0 16
446758 0 18
448281 0 24
449731 0 30
451229 0 12
452678 0 13
454226 0 23
455675 0 23
457174 0 30
458574 0 8
460073 0 20
461621 0 24
463070 0 17
464519 0 24
466018 0 34
467443 0 3
468868 0 13
470317 0 20
471742 0 21
473216 0 23
474690 0 24
476115 0 28
477638 0 1
479185 0 13
480586 0 17
482011 0 22
483534 0 15
484934 0 33
486359 0 6
487833 0 17
489356 0 14
490781 0 14
492181 0 23
493630 0 14
495129 0 17
496578 0 14
498101 0 33
499649 0 11
501074 0 23
502499 0 23
503948 0 35
505348 0 7
506798 0 23
508370 0 24
509869 0 31
511392 0 7
512890 0 20
514340 0 33
515789 0 5
517312 0 18
518835 0 16
520285 0 18
521857 0 21
523405 0 29
524928 0 12
526353 0 19
527827 0 17
529227 0 34
530750 0 8
532273 0 21
533747 0 18
535196 0 15
536720 0 19
538144 0 23
539569 0 15
541092 0 34
542517 0 3
543967 0 20
545416 0 28
546890 0 10
548364 0 17
549813 0 30
551263 0 10
552810 0 16
554260 0 16
555709 0 16
557134 0 20
558584 0 14
560033 0 30
561482 0 3
563030 0 15
564430 0 13
565904 0 30
567403 0 5
568901 0 22
570400 0 16
571923 0 14
573299 0 21
574748 0 31
576198 0 8
577770 0 14
579317 0 17
580742 0 24
582143 0 36
583567 0 12
585115 0 17
586614 0 15
588014 0 19
589562 0 28
591036 0 9
592510 0 14
594008 0 25
595580 0 1
597030 0 14
598430 0 28
599953 0 11
601427 0 17
602975 0 15
604400 0 23
605923 0 24
607323 0 30
608699 0 4
610148 0 23
611696 0 22
613170 0 23
614595 0 16
616142 0 16
617518 0 34
619017 0 2
620491 0 20
621989 0 33
623537 0 10
625035 0 21
626608 0 30
628106 0 7
629678 0 13
631128 0 14
632577 0 15
634002 0 17
635451 0 15
636999 0 18
638473 0 35
639947 0 9
641519 0 21
643018 0 29
644418 0 2
645843 0 22
647366 0 19
648815 0 21
650314 0 17
651739 0 15
653287 0 24
654785 0 27
656333 0 4
657758 0 19
659305 0 13
660804 0 24
662253 0 14
663678 0 23
665177 0 22
666675 0 32
668223 0 3
669648 0 17
671171 0 19
672620 0 33
674070 0 3
675494 0 24
676968 0 34
678442 0 5
679916 0 20
681489 0 30
683012 0 1
684559 0 23
685984 0 19
687483 0 20
688957 0 18
690431 0 17
691929 0 21
693501 0 25
694926 0 2
696425 0 17
697850 0 16
699225 0 21
700650 0 13
702198 0 16
703721 0 15
705244 0 29
706669 0 3
708217 0 13
709666 0 24
711214 0 15
712737 0 19
714309 0 13
715857 0 16
717282 0 25
718780 0 8
720254 0 14
721679 0 31
723251 0 5
724725 0 23
726297 0 20
727771 0 19
729319 0 19
730891 0 14
732292 0 16
733815 0 30
735166 0 11
736591 0 22
738089 0 35
739637 0 7
741086 0 22
742585 0 13
744083 0 13
745582 0 31
747056 0 1
748456 0 16
749856 0 32
751330 0 8
752903 0 24
754450 0 33
755949 0 8
757447 0 21
759020 0 33
760567 0 9
762140 0 14
763638 0 13
765063 0 21
766611 0 17
768109 0 18
769682 0 13
771180 0 28
772654 0 12
774079 0 18
775626 0 13
777174 0 13
778624 0 13
780024 0 23
781424 0 15
782849 0 31
784323 0 10
785895 0 15
787418 0 30
788794 0 8
790366 0 20
791816 0 19
793339 0 16
794813 0 32
796262 0 5
797761 0 16
799259 0 36
800684 0 2
802207 0 18
803779 0 28
805303 0 1
806727 0 14
808250 0 17
809700 0 23
811223 0 31
812672 0 5
814073 0 23
815473 0 33
816996 0 5
818544 0 24
820018 0 29
821467 0 4
822966 0 16
824440 0 21
825889 0 20
827412 0 14
828862 0 13
830385 0 16
831859 0 24
833406 0 36
834954 0 5
836379 0 22
837853 0 36
839425 0 8
840924 0 21
842447 0 16
843945 0 19
845468 0 24
846967 0 32
848416 0 2
849939 0 15
851438 0 28
853010 0 4
854435 0 21
855909 0 33
857334 0 3
858857 0 21
860356 0 25
861854 0 8
863328 0 19
864753 0 33
866325 0 10
867775 0 17
869322 0 18
870845 0 13
872344 0 31
873769 0 12
875292 0 15
876717 0 22
878264 0 20
879763 0 26
881261 0 2
882735 0 20
884209 0 16
885659 0 22
887157 0 26
888582 0 8
890154 0 21
891579 0 21
893102 0 22
894576 0 17
896099 0 33
897623 0 12
899096 0 14
900595 0 14
901971 0 24
903396 0 20
904943 0 24
906466 0 23
907891 0 14
909291 0 33
910765 0 8
912289 0 23
913738 0 20
915286 0 14
916833 0 16
918283 0 35
919781 0 10
921329 0 21
922828 0 23
924277 0 35
925825 0 9
927372 0 13
928822 0 17
930247 0 26
931721 0 4
933145 0 21
934668 0 17
936093 0 19
937543 0 28
938943 0 12
940343 0 16
941817 0 23
943291 0 36
944790 0 10
946288 0 19
947713 0 34
949236 0 3
950735 0 13
952258 0 20
953756 0 16
955255 0 16
956655 0 18
958105 0 35
959530 0 9
960979 0 20
962551 0 29
963951 0 5
965376 0 20
966949 0 19
968447 0 19
969946 0 31
971493 0 10
972943 0 21
974417 0 33
975842 0 9
977340 0 23
1174206 0 101
1175680 0 101
1177179 0 101
1178653 0 101
1180176 0 101
1181576 0 101
1183026 0 101
1184450 0 101
1185998 0 101
1187423 0 101
1188872 0 102
1190297 0 102
1191771 0 102
1193294 0 102
1194744 0 103
1196193 0 101
1197741 0 102
1199239 0 102
1200762 0 102
1202310 0 102
1203735 0 103
1205307 0 101
1206732 0 102
1208280 0 102
1209754 0 102
1211203 0 103
1212702 0 101
1214126 0 102
1215576 0 102
1217050 0 102
1218524 0 102
1219973 0 102
1221472 0 103
1223044 0 101
1224493 0 102
1226041 0 102
1227466 0 102
1228915 0 103
1230365 0 101
1231912 0 102
1233362 0 102
1234762 0 102
1236211 0 103
1237636 0 101
1239159 0 102
1240658 0 102
1242181 0 102
1243606 0 102
1245104 0 103
1246628 0 101
1248102 0 102
1249502 0 102
1250976 0 103
1252401 0 101
1253948 0 102
1255398 0 102
1256896 0 102
1258395 0 103
1259893 0 101
1261367 0 102
1262841 0 102
1264242 0 103
1265740 0 101
1267140 0 102
1268541 0 103
1270039 0 101
1271513 0 102
1273012 0 102
1274437 0 102
1275984 0 102
1277507 0 102
1279030 0 103
1280554 0 101
1281978 0 102
1283526 0 102
1284976 0 102
1286499 0 103
1287973 0 101
1289422 0 102
1290970 0 102
1292370 0 102
1293819 0 103
1295269 0 101
1296792 0 102
1298340 0 102
1299814 0 103
1301337 0 101
1302811 0 102
1304211 0 102
1305636 0 102
1307134 0 103
1308633 0 101
1310033 0 102
1311483 0 102
1312932 0 102
1314357 0 102
1315880 0 103
1317354 0 101
1318803 0 102
1320277 0 103
1321825 0 101
1323348 0 102
1324847 0 102
1326345 0 102
1327893 0 102
1329318 0 103
1330841 0 101
1332315 0 102
1333740 0 102
1335238 0 102
1336638 0 102
1338161 0 103
1339586 0 101
1341011 0 102
1342510 0 102
1344033 0 102
1345580 0 103
1347005 0 101
1348455 0 102
1349929 0 102
1351378 0 102
1352803 0 103
1354252 0 101
1355702 0 102
1357176 0 102
1358625 0 102
1360099 0 103
1361524 0 101
1362949 0 102
1364472 0 102
1365946 0 102
1367420 0 102
1368845 0 102
1370368 0 103
1371817 0 101
1373365 0 102
1374765 0 102
1376288 0 103
1377861 0 101
1379261 0 102
1380759 0 103
1382307 0 101
1383830 0 102
1385304 0 102
1386803 0 103
1388252 0 101
1389652 0 102
1391053 0 103
1392625 0 101
1394025 0 102
1395450 0 103
1396924 0 101
1398472 0 102
1399872 0 102
1401395 0 102
1402869 0 102
1404392 0 102
1405915 0 103
1407365 0 101
1408888 0 102
1410337 0 103
1411885 0 101
1413383 0 102
1414808 0 102
1416233 0 102
1417633 0 102
1419181 0 102
1420630 0 103
1422129 0 101
1423578 0 102
1425003 0 102
1426428 0 102
1427976 0 102
1429499 0 103
1431022 0 101
1432422 0 102
1433945 0 102
1435346 0 102
1436820 0 103
1438367 0 101
1439817 0 102
1441340 0 103
1442863 0 101
1444411 0 102
1445909 0 102
1447457 0 102
1448882 0 102
1450331 0 103
1451903 0 101
1453328 0 102
1454802 0 103
1456325 0 101
1457824 0 102
1459249 0 102
1460796 0 102
1462319 0 103
1463793 0 101
1465292 0 102
1466766 0 102
1468191 0 103
1469738 0 101
1471188 0 102
1472637 0 102
1474037 0 103
1475536 0 101
1477035 0 102
1478533 0 102
1480007 0 102
1481481 0 102
1482906 0 102
1484429 0 102
1485977 0 103
1487475 0 101
1488998 0 102
1490522 0 103
1491971 0 101
1493420 0 102
1494821 0 103
1496319 0 101
1497768 0 102
1499292 0 103
1500864 0 101
1502313 0 102
1503836 0 102
1505359 0 102
1506858 0 103
1508406 0 101
1509929 0 102
1511477 0 102
1513024 0 103
1514449 0 101
1515898 0 102
1517421 0 102
1518920 0 102
1520345 0 102
1521819 0 103
1523317 0 101
1524791 0 102
1526192 0 102
1527715 0 103
1529164 0 101
1530614 0 102
1532038 0 103
1533562 0 101
1535060 0 102
1536534 0 102
1537983 0 102
1539531 0 102
1541079 0 102
1542504 0 103
1543953 0 101
1545402 0 102
1546852 0 102
1548375 0 102
1549800 0 102
1551274 0 102
1552723 0 102
1554271 0 102
1555671 0 103
1557170 0 101
1558644 0 102
1560167 0 102
1561616 0 102
1563164 0 102
1564687 0 102
1566161 0 102
1567709 0 103
1569207 0 101
1570755 0 102
1572278 0 102
1573752 0 103
1575250 0 101
1576651 0 102
1578149 0 102
1579574 0 102
1581048 0 102
1582522 0 102
1583922 0 102
1585347 0 103
1586846 0 101
1588393 0 102
1589818 0 102
1591268 0 103
1592692 0 101
1594240 0 102
1595763 0 102
1597286 0 102
1598736 0 102
1600259 0 102
1601708 0 102
1603182 0 103
1604607 0 101
1606032 0 102
1607432 0 102
1608882 0 102
1610380 0 103
1611928 0 101
1613328 0 102
1614851 0 102
1616301 0 102
1617799 0 102
1619224 0 102
1620624 0 103
1622074 0 101
1623572 0 102
1625046 0 102
1626520 0 102
1627994 0 103
1629517 0 101
1631016 0 102
1632441 0 102
1633890 0 102
1635315 0 103
1636814 0 101
1638287 0 102
1639786 0 102
1641334 0 102
1642734 0 102
1644159 0 102
1645584 0 102
1646984 0 103
1648409 0 101
1649858 0 102
1651381 0 102
1652855 0 103
1654427 0 101
1655926 0 102
1657351 0 102
1658825 0 102
1660348 0 102
1661822 0 102
1663296 0 103
1664868 0 101
1666416 0 102
1667939 0 102
1669413 0 102
1670838 0 102
1672238 0 103
1673687 0 101
1675112 0 102
1676562 0 103
1678109 0 101
1679657 0 102
1681205 0 102
1682703 0 103
1684153 0 101
1685700 0 102
1687223 0 103
1688747 0 101
1690147 0 102
1691621 0 103
1693070 0 101
1694520 0 102
1695920 0 102
1697443 0 102
1698991 0 102
1700514 0 102
1701914 0 102
1703314 0 102
1704788 0 103
1706262 0 101
1707687 0 102
1709186 0 103
1710758 0 101
1712257 0 102
1713730 0 102
1715254 0 102
1716678 0 102
1718202 0 102
1719626 0 103
1721100 0 101
1722623 0 102
1724048 0 102
1725571 0 102
1727070 0 102
1728495 0 102
1729969 0 102
1731467 0 103
1732966 0 101
1734440 0 102
1735938 0 103
1737437 0 101
1738960 0 102
1740409 0 102
1741908 0 102
1743431 0 102
1744954 0 103
1746404 0 101
1747878 0 102
1749278 0 102
1750825 0 102
1752373 0 102
1753798 0 102
1755247 0 102
1756771 0 102
1758245 0 103
1759768 0 101
1761192 0 102
1762642 0 102
1764067 0 102
1765541 0 102
1766941 0 102
1768489 0 103
1769938 0 101
1771437 0 102
1772984 0 102
1774409 0 103
1775908 0 101
1777332 0 102
1778757 0 102
1780207 0 102
1781754 0 102
1783278 0 102
1784776 0 103
1786299 0 101
1787749 0 102
1789173 0 103
1790672 0 101
1792146 0 102
1793546 0 103
1794996 0 101
1796543 0 102
1798017 0 103
1799590 0 101
1801113 0 102
1802611 0 102
1804134 0 102
1805633 0 102
1807131 0 102
1808679 0 103
1810104 0 101
1811529 0 102
1812929 0 103
1814354 0 101
1815754 0 102
1817154 0 103
1818702 0 101
1820102 0 102
1821601 0 102
1823149 0 103
1824598 0 101
1826097 0 102
1827595 0 103
1829143 0 101
1830641 0 102
1832115 0 102
1833589 0 103
1835112 0 101
1836537 0 102
1837937 0 102
1839362 0 102
1840861 0 102
1842384 0 102
1843883 0 102
1845406 0 103
1846929 0 101
1848452 0 102
1849926 0 102
1851473 0 102
1852898 0 102
1854446 0 102
1855846 0 102
1857345 0 102
1858770 0 103
1860219 0 101
1861644 0 102
1863069 0 102
1864518 0 103
1866017 0 101
1867564 0 102
1868989 0 103
1870414 0 101
1871962 0 102
1873411 0 103
1874836 0 101
1876335 0 102
1877759 0 103
1879184 0 101
1880707 0 102
1882132 0 102
1883680 0 102
1885178 0 102
1886677 0 102
1888102 0 103
1889600 0 101
1891001 0 102
1892524 0 102
1893973 0 103
1895496 0 101
1896896 0 102
1898321 0 102
1899869 0 103
1901392 0 101
1902915 0 102
1904340 0 102
1905814 0 102
1907239 0 102
1908762 0 102
1910236 0 103
1911685 0 101
1913110 0 102
1914584 0 102
1916132 0 102
1917532 0 102
1919031 0 103
1920505 0 101
1921954 0 102
1923428 0 103
1924951 0 101
1926499 0 102
1927948 0 102
1929447 0 102
1930921 0 102
1932444 0 103
1933942 0 101
1935490 0 102
1936989 0 102
1938438 0 102
1939887 0 103
1941312 0 101
1942786 0 102
1944211 0 102
1945759 0 102
1947208 0 102
1948633 0 103
1950107 0 101
1951556 0 102
1952957 0 103
1954504 0 101
1955954 0 102
1957477 0 103
1959049 0 101
1960548 0 102
1962046 0 103
1963569 0 101
1965019 0 102
1966468 0 103
1967991 0 101
1969392 0 102
1970890 0 103
1972438 0 101
1973838 0 102
1975312 0 103
1976737 0 101
1978211 0 102
1979636 0 102
1981159 0 102
1982633 0 102
1984156 0 102
1985581 0 102
1987079 0 103
1988504 0 101
1990052 0 102
1991477 0 102
1993000 0 102
1994523 0 103
1995948 0 101
1997495 0 102
1998945 0 102
2000394 0 102
2001844 0 103
2003268 0 101
2004742 0 102
2006241 0 103
2007813 0 101
2009287 0 102
2010761 0 103
2012260 0 101
2013734 0 102
2015208 0 102
2016706 0 102
2018205 0 102
2019654 0 102
2021153 0 103
2022577 0 101
2024101 0 102
2025550 0 102
2027098 0 102
2028547 0 103
2030070 0 101
2031544 0 102
2033067 0 102
2034492 0 103
2036064 0 101
2037587 0 102
2038988 0 103
2040462 0 101
2041936 0 102
2043434 0 102
2044957 0 102
2046480 0 102
2047979 0 103
2049404 0 101
2050927 0 102
2052450 0 102
2053850 0 102
2055251 0 102
2056725 0 102
2058223 0 102
2059673 0 103
2061097 0 101
2062498 0 102
2063996 0 102
2065421 0 102
2066895 0 103
2068467 0 101
2070015 0 102
2071440 0 102
2072865 0 102
2074339 0 102
2233876 0 41
2235350 0 40
2236849 0 45
2238323 0 40
2239821 0 41
2241222 0 45
2242671 0 42
2244219 0 41
2245668 0 38
2247167 0 41
2248641 0 51
2250188 0 56
2251638 0 59
2253210 0 59
2254659 0 54
2256207 0 65
2257730 0 42
2259155 0 60
2260703 0 56
2262250 0 53
2263774 0 54
2265223 0 67
2266771 0 42
2268294 0 53
2269866 0 57
2271365 0 71
2272863 0 38
2274312 0 52
2275737 0 67
2277285 0 47
2278808 0 53
2280380 0 62
2281854 0 48
2283402 0 51
2284827 0 64
2286350 0 39
2287799 0 53
2289200 0 60
2290624 0 65
2292123 0 40
2293523 0 57
2295022 0 51
2296471 0 53
2297896 0 61
2299321 0 47
2300869 0 54
2302392 0 52
2303841 0 63
2305315 0 44
2306887 0 54
2308312 0 56
2309884 0 49
2311358 0 68
2312808 0 38
2314331 0 58
2315805 0 72
2317230 0 41
2318728 0 56
2320276 0 63
2321774 0 38
2323322 0 55
2324894 0 54
2326319 0 50
2327744 0 60
2329292 0 60
2330790 0 60
2332289 0 71
2333689 0 47
2335114 0 60
2336539 0 49
2338013 0 55
2339511 0 57
2341034 0 50
2342582 0 49
2344056 0 71
2345579 0 39
2347127 0 49
2348650 0 62
2350099 0 39
2351622 0 55
2353170 0 53
2354620 0 57
2356143 0 63
2357592 0 48
2359164 0 54
2360638 0 57
2362088 0 62
2363562 0 44
2365060 0 54
2366583 0 52
2368131 0 50
2369580 0 59
2371005 0 57
2372504 0 67
2373978 0 43
2375427 0 51
2376975 0 66
2378547 0 37
2380070 0 56
2381642 0 67
2383141 0 39
2384664 0 50
2386163 0 60
2387661 0 52
2389233 0 58
2390757 0 55
2392255 0 62
2393754 0 46
2395252 0 55
2396775 0 54
2398200 0 55
2399772 0 59
2401320 0 56
2402868 0 53
2404391 0 72
2405816 0 45
2407265 0 55
2408813 0 61
2410262 0 46
2411810 0 53
2413210 0 56
2414635 0 64
2416084 0 45
2417534 0 51
2419057 0 54
2420531 0 55
2422103 0 56
2423675 0 60
2425149 0 69
2426648 0 38
2428097 0 51
2429571 0 51
2431094 0 62
2432593 0 48
2434042 0 49
2435443 0 59
2436941 0 51
2438341 0 54
2439840 0 51
2441314 0 71
2442862 0 41
2444409 0 51
2445810 0 60
2447234 0 53
2448684 0 70
2450084 0 37
2451533 0 54
2452983 0 63
2454432 0 46
2455931 0 56
2457454 0 70
2458854 0 46
2460328 0 58
2461876 0 63
2463350 0 47
2464799 0 54
2466347 0 65
2467772 0 46
2469295 0 55
2470720 0 71
2472120 0 37
2473594 0 57
2475043 0 53
2476468 0 56
2477918 0 57
2479367 0 54
2480816 0 57
2482389 0 50
2483814 0 71
2485287 0 45
2486811 0 58
2488334 0 49
2489808 0 49
2491355 0 52
2492854 0 51
2494352 0 72
2495802 0 38
2497300 0 56
2498725 0 53
2500150 0 58
2501599 0 69
2503123 0 44
2504646 0 51
2506193 0 57
2507643 0 49
2509092 0 56
2510517 0 50
2511966 0 63
2513440 0 40
2514964 0 51
2516462 0 65
2517936 0 48
2519435 0 50
2520884 0 59
2522432 0 59
2523906 0 58
2525478 0 58
2526903 0 63
2528426 0 45
2529998 0 55
2531497 0 59
2532971 0 66
2534518 0 43
2535968 0 51
2537442 0 71
2538965 0 44
2540512 0 49
2542060 0 59
2543583 0 70
2544983 0 43
2546531 0 56
2548054 0 57
2549504 0 53
2551051 0 55
2552476 0 53
2553950 0 70
2555375 0 40
2556874 0 60
2558397 0 63
2559846 0 38
2561369 0 59
2562794 0 56
2564293 0 65
2565840 0 46
2567290 0 49
2568862 0 59
2570410 0 51
2571884 0 70
2573259 0 48
2574807 0 59
2576256 0 52
2577755 0 60
2579253 0 52
2580678 0 66
2582152 0 46
2583700 0 57
2585223 0 69
2586648 0 43
2588220 0 55
2589670 0 60
2591217 0 53
2592740 0 49
2594214 0 50
2595639 0 63
2597089 0 48
2598538 0 58
2600061 0 57
2601609 0 60
2603132 0 51
2604679 0 63
2606104 0 38
2607603 0 51
2609077 0 53
2610575 0 65
2612123 0 47
2613548 0 58
2614997 0 57
2616471 0 52
2618019 0 52
2619493 0 59
2621016 0 65
2622588 0 44
2624013 0 59
2625561 0 56
2627010 0 53
2628460 0 53
2629860 0 65
2631358 0 39
2632857 0 58
2634331 0 60
2635854 0 54
2637353 0 54
2638802 0 51
2640276 0 71
2641799 0 41
2643371 0 50
2644894 0 66
2646368 0 38
2647892 0 59
2649316 0 62
2650839 0 38
2652338 0 52
2653861 0 66
2655335 0 38
2656785 0 53
2658234 0 50
2659782 0 60
2661354 0 49
2662803 0 52
2664228 0 55
2665776 0 68
2667201 0 38
2668675 0 60
2670173 0 71
2671623 0 46
2673146 0 52
2674669 0 50
2676167 0 56
2677568 0 70
2679066 0 44
2680614 0 57
2682063 0 55
2683537 0 49
2684962 0 66
2686362 0 41
2687861 0 52
2689409 0 59
2690907 0 53
2692307 0 57
2693855 0 69
2695304 0 38
2696852 0 52
2698351 0 59
2699800 0 72
2701200 0 46
2702650 0 57
2704222 0 63
2705770 0 38
2707194 0 54
2708718 0 50
2710192 0 57
2711739 0 61
2713262 0 47
2714835 0 55
2716309 0 57
2717856 0 53
2719257 0 58
2720681 0 61
2722229 0 43
2723752 0 57
2725202 0 55
2726725 0 49
2728199 0 51
2729746 0 62
2731147 0 43
2732571 0 56
2734144 0 56
2735667 0 53
2737141 0 49
2738566 0 59
2740040 0 72
2741440 0 39
2742889 0 50
2744290 0 65
2745714 0 48
2747139 0 50
2748638 0 55
2750185 0 55
2751635 0 53
2753183 0 59
2754730 0 69
2756155 0 42
2757629 0 58
2759177 0 57
2760651 0 69
2762076 0 45
2763599 0 60
2765171 0 70
2766645 0 48
2768143 0 55
2769716 0 54
2771239 0 54
2772762 0 51
2774285 0 71
2775759 0 46
2777331 0 52
2778830 0 57
2780353 0 50
2781753 0 53
2783252 0 52
2784750 0 52
2786273 0 62
2787723 0 41
2789270 0 54
2790793 0 52
2792341 0 50
2793815 0 56
2795265 0 51
2796763 0 58
2798212 0 69
2799785 0 47
2801283 0 59
2802757 0 62
2804305 0 37
2805828 0 56
2807351 0 65
2808850 0 45
2810397 0 58
2811970 0 69
2813444 0 46
2814967 0 52
2816416 0 49
2817865 0 70
2819339 0 44
2820912 0 49
2822459 0 51
2823983 0 60
2825407 0 52
2826906 0 58
2828478 0 62
2830026 0 39
2831524 0 58
2833047 0 52
2834595 0 50
2835995 0 56
2837494 0 56
2839066 0 66
2840565 0 47
2842039 0 59
2843611 0 67
2845011 0 44
2846436 0 58
2847935 0 55
2849482 0 68
2850932 0 44
2852357 0 50
2853904 0 52
2855403 0 55
2856828 0 57
2858400 0 60
2859923 0 62
2861397 0 48
2862920 0 57
2864419 0 68
2865942 0 43
2867440 0 57
2868963 0 67
2870364 0 40
2871911 0 50
2873361 0 52
2874810 0 57
2876284 0 59
2877758 0 49
2879207 0 52
2880780 0 65
2882303 0 39
2883728 0 55
2885275 0 55
2886823 0 55
2888272 0 53
2889697 0 71
2891147 0 47
2892719 0 52
2894267 0 50
2895790 0 66
2897362 0 40
2898860 0 54
2900384 0 59
2901784 0 53
2903332 0 70
2904805 0 48
2906378 0 52
2907925 0 60
2909375 0 61
2910800 0 46
2912372 0 53
2913944 0 72
2915344 0 39
2916843 0 54
2918366 0 72
2919914 0 37
2921339 0 49
2922788 0 59
2924237 0 70
2925761 0 38
2927234 0 52
2928659 0 62
2930207 0 40
2931656 0 59
2933180 0 57
2934703 0 50
2936128 0 59
2937577 0 65
2938977 0 47
2940500 0 52
2941999 0 59
2943448 0 64
2945020 0 48
2946519 0 58
2947993 0 52
2949467 0 60
2950892 0 56
2952341 0 49
2953889 0 60
2955437 0 67
2957009 0 46
2958532 0 50
2960080 0 50
2961603 0 58
2963126 0 49
2964698 0 62
2966197 0 41
2967720 0 60
2969243 0 51
2970692 0 61
2972215 0 39
2973640 0 52
2975065 0 72
2976564 0 45
2978013 0 51
2979585 0 52
2981010 0 55
2982435 0 58
2983958 0 51
2985457 0 56
2986857 0 55
2988282 0 70
2989805 0 46
2991254 0 55
2992704 0 52
2994276 0 53
2995823 0 65
2997297 0 46
2998821 0 60
3000295 0 54
3001793 0 57
3003341 0 58
3004790 0 52
3006289 0 59
3007763 0 61
3009163 0 45
3010711 0 57
3012160 0 72
3013634 0 39
3015059 0 52
3016607 0 50
3018031 0 51
3019530 0 68
3021004 0 44
3022576 0 60
3024099 0 71
3025598 0 47
3027072 0 53
3028497 0 54
3029995 0 57
3031445 0 54
3032992 0 60
3034491 0 63
3035989 0 46
3037488 0 56
3039011 0 58
3040534 0 55
3041959 0 59
3043408 0 56
3044931 0 54
3046332 0 64
3047781 0 40
3049353 0 49
3050827 0 64
3052277 0 38
3053824 0 60
3055274 0 58
3056772 0 57
3058246 0 63
3059819 0 47
3061268 0 56
3062717 0 62
3064216 0 37
3065665 0 54
3067115 0 72
3068662 0 46
3070161 0 59
3071610 0 50
3073183 0 53
3074607 0 55
3076180 0 52
3077654 0 58
3079128 0 72
3080626 0 42
3082174 0 59
3083599 0 66
3085024 0 45
3086448 0 52
3087922 0 52
3089421 0 58
3090944 0 69
3092369 0 38
3093843 0 58
3095268 0 55
3096840 0 52
3098363 0 49
3099812 0 52
3101237 0 70
3102711 0 45
3104210 0 53
3105757 0 49
3107256 0 53
3108705 0 56
3110229 0 51
3111629 0 58
3113176 0 61
3114724 0 41
3116296 0 56
3117869 0 57
3119343 0 51
3120743 0 54
3122266 0 58
3123765 0 71
3125239 0 48
3126786 0 54
3128236 0 53
3129759 0 49
3131184 0 57
3132682 0 55
3134230 0 65
3135630 0 41
3137178 0 59
3138652 0 56
3140224 0 56
3141722 0 59
3158628 0 104
3160151 0 104
3161674 0 104
3163075 0 104
3164500 0 104
3165900 0 104
3167349 0 104
3168897 0 104
3170371 0 104
3171919 0 104
3173491 0 105
3174916 0 105
3176439 0 105
3177864 0 105
3179338 0 106
3180836 0 104
3182384 0 105
3183882 0 105
3185381 0 105
3186781 0 106
3188181 0 104
3189582 0 105
3191007 0 106
3192530 0 104
3194102 0 105
3195625 0 105
3197124 0 105
3198598 0 106
3200121 0 104
3201668 0 105
3203167 0 105
3204665 0 105
3206090 0 105
3207613 0 105
3209186 0 105
3210733 0 106
3212207 0 104
3213632 0 105
3215131 0 105
3216555 0 105
3218079 0 105
3219479 0 105
3221002 0 105
3222525 0 106
3223974 0 104
3225448 0 105
3226898 0 106
3228323 0 104
3229895 0 105
3231320 0 105
3232794 0 105
3234341 0 105
3235840 0 105
3237388 0 106
3238911 0 104
3240336 0 105
3241760 0 105
3243234 0 105
3244684 0 106
3246207 0 104
3247730 0 105
3249229 0 106
3250703 0 104
3252127 0 105
3253675 0 106
3255174 0 104
3256574 0 105
3257999 0 105
3259424 0 105
3260824 0 105
3262396 0 105
3263870 0 106
3265344 0 104
3266892 0 105
3268439 0 105
3269938 0 105
3271436 0 105
3272960 0 106
3274409 0 104
3275932 0 105
3277357 0 105
3278782 0 105
3280256 0 106
3281681 0 104
3283105 0 105
3284555 0 106
3286103 0 104
3287601 0 105
3289149 0 106
3290647 0 104
3292146 0 105
3293718 0 105
3295143 0 105
3296568 0 106
3297993 0 104
3299491 0 105
3301014 0 105
3302562 0 105
3303987 0 105
3305485 0 106
3307008 0 104
3308433 0 105
3310005 0 106
3311504 0 104
3313052 0 105
3314452 0 106
3315926 0 104
3317375 0 105
3318898 0 105
3320446 0 106
3321994 0 104
3323394 0 105
3324794 0 105
3326317 0 105
3327816 0 105
3329290 0 105
3330715 0 105
3332213 0 106
3333663 0 104
3335063 0 105
3336537 0 105
3338085 0 105
3339632 0 105
3341057 0 106
3342507 0 104
3344005 0 105
3345455 0 105
3346953 0 105
3348427 0 105
3349926 0 105
3351350 0 106
3352824 0 104
3354323 0 105
3355797 0 106
3357320 0 104
3358794 0 105
3360219 0 105
3361693 0 106
3363093 0 104
3364616 0 105
3366017 0 106
3367589 0 104
3369136 0 105
3370586 0 105
3372158 0 105
3373706 0 106
3375131 0 104
3376580 0 105
3377980 0 105
3379503 0 105
3380977 0 105
3382402 0 105
3383852 0 105
3385326 0 106
3386726 0 104
3388175 0 105
3389723 0 106
3391295 0 104
3392696 0 105
3394120 0 105
3395594 0 105
3397044 0 105
3398518 0 105
3400041 0 105
3401588 0 106
3403087 0 104
3404536 0 105
3405986 0 105
3407460 0 106
3409007 0 104
3410481 0 105
3411906 0 105
3413479 0 105
3414879 0 105
3416353 0 106
3417802 0 104
3419276 0 105
3420701 0 105
3422249 0 106
3423772 0 104
3425221 0 105
3426646 0 105
3428095 0 105
3429594 0 106
3431142 0 104
3432616 0 105
3434090 0 106
3435539 0 104
3437111 0 105
3438585 0 105
3440133 0 106
3441558 0 104
3443105 0 105
3444506 0 105
3445906 0 105
3447454 0 106
3448879 0 104
3450426 0 105
3451851 0 105
3453350 0 105
3454873 0 105
3456322 0 105
3457821 0 105
3459295 0 106
3460744 0 104
3462218 0 105
3463643 0 106
3465191 0 104
3466738 0 105
3468237 0 105
3469735 0 106
3471283 0 104
3472757 0 105
3474182 0 105
3475607 0 105
3477105 0 105
3478604 0 106
3480102 0 104
3481674 0 105
3483124 0 106
3484573 0 104
3486047 0 105
3487546 0 105
3489094 0 105
3490518 0 105
3492066 0 105
3493638 0 106
3495161 0 104
3496635 0 105
3498036 0 105
3499510 0 105
3501008 0 105
3502482 0 105
3504054 0 106
3505553 0 104
3507076 0 105
3508550 0 106
3509999 0 104
3511547 0 105
3513095 0 105
3514520 0 105
3516018 0 105
3517566 0 106
3519015 0 104
3520563 0 105
3522111 0 105
3523634 0 105
3525083 0 106
3526582 0 104
3528031 0 105
3529579 0 105
3530979 0 105
3532428 0 105
3533902 0 105
3535401 0 105
3536924 0 106
3538398 0 104
3539847 0 105
3541346 0 105
3542771 0 105
3544245 0 105
3545743 0 105
3547266 0 105
3548814 0 106
3550362 0 104
3551860 0 105
3553408 0 105
3554931 0 105
3556454 0 105
3557879 0 105
3559279 0 105
3560802 0 106
3562326 0 104
3563849 0 105
3565396 0 105
3566944 0 105
3568492 0 105
3570064 0 105
3571563 0 105
3573086 0 106
3574510 0 104
3575984 0 105
3577507 0 105
3579006 0 106
3580554 0 104
3582077 0 105
3583600 0 105
3585123 0 105
3586671 0 105
3588120 0 105
3589668 0 105
3591068 0 106
3592640 0 104
3594114 0 105
3595662 0 105
3597185 0 105
3598585 0 106
3600035 0 104
3601582 0 105
3603056 0 106
3604555 0 104
3605980 0 105
3607527 0 106
3609026 0 104
3610598 0 105
3612146 0 105
3613620 0 105
3615143 0 105
3616642 0 105
3618116 0 106
3619540 0 104
3620965 0 105
3622464 0 105
3623913 0 106
3625338 0 104
3626787 0 105
3628286 0 105
3629760 0 106
3631283 0 104
3632782 0 105
3634256 0 105
3635730 0 105
3637130 0 106
3638628 0 104
3640127 0 105
3641601 0 105
3643075 0 105
3644475 0 105
3645974 0 106
3647521 0 104
3649044 0 105
3650592 0 105
3652140 0 105
3653663 0 105
3655088 0 105
3656635 0 105
3658085 0 106
3659559 0 104
3661106 0 105
3662605 0 105
3664128 0 105
3665578 0 105
3667125 0 105
3668624 0 105
3670024 0 106
3671473 0 104
3672947 0 105
3674495 0 105
3675944 0 106
3677369 0 104
3678868 0 105
3680268 0 106
3681767 0 104
3683290 0 105
3684813 0 106
3686262 0 104
3687761 0 105
3689284 0 105
3690733 0 105
3692158 0 105
3693632 0 105
3695082 0 105
3696531 0 106
3698005 0 104
3699528 0 105
3700928 0 106
3702353 0 104
3703827 0 105
3705326 0 106
3706775 0 104
3708274 0 105
3709772 0 105
3711197 0 106
3712720 0 104
3714292 0 105
3715840 0 106
3717240 0 104
3718788 0 105
3720287 0 106
3721736 0 104
3723185 0 105
3724709 0 106
3726256 0 104
3727779 0 105
3729229 0 105
3730727 0 105
3732250 0 105
3733675 0 105
3735223 0 106
3736672 0 104
3738171 0 105
3739669 0 106
3741242 0 104
3742765 0 105
3744239 0 105
3745713 0 105
3747137 0 105
3748611 0 105
3750061 0 105
3751461 0 106
3752861 0 104
3754385 0 105
3755932 0 105
3757455 0 106
3758880 0 104
3760305 0 105
3761828 0 106
3763253 0 104
3764801 0 105
3766373 0 105
3767871 0 106
3769444 0 104
3770967 0 105
3772514 0 105
3774038 0 105
3775487 0 106
3776912 0 104
3778410 0 105
3779884 0 105
3781309 0 105
3782734 0 106
3784159 0 104
3785633 0 105
3787131 0 105
3788556 0 105
3790104 0 105
3791627 0 105
3793101 0 106
3794649 0 104
3796196 0 105
3797621 0 106
3799144 0 104
3800618 0 105
3802092 0 105
3803542 0 105
3804991 0 106
3806465 0 104
3808013 0 105
3809511 0 106
3810936 0 104
3812508 0 105
3813933 0 105
3815383 0 105
3816857 0 105
3818331 0 105
3819780 0 105
3821254 0 106
3822752 0 104
3824153 0 105
3825627 0 106
3827052 0 104
3828526 0 105
3829999 0 106
3831498 0 104
3833046 0 105
3834520 0 105
3836018 0 105
3837566 0 105
3839040 0 106
3840514 0 104
3842037 0 105
3843585 0 105
3845083 0 105
3846582 0 105
3848129 0 105
3849579 0 106
3851053 0 104
3852502 0 105
3854001 0 106
3855426 0 104
3856875 0 105
3858300 0 105
3859725 0 105
3861248 0 105
3862820 0 105
3864245 0 105
3865719 0 106
3867144 0 104
3868569 0 105
3870116 0 105
3871566 0 105
3873015 0 105
3874514 0 106
3875988 0 104
3877412 0 105
3878813 0 105
3880336 0 105
3881834 0 105
3883284 0 106
3884831 0 104
3886330 0 105
3887853 0 105
3889425 0 105
3890826 0 105
3892300 0 105
3893724 0 105
3895223 0 106
3896697 0 104
3898146 0 105
3899669 0 105
3901094 0 105
3902593 0 106
3904067 0 104
3905565 0 105
3907113 0 105
3908513 0 105
3910036 0 105
3911535 0 105
3913083 0 106
3914557 0 104
3915957 0 105
3917382 0 105
3918905 0 105
3920379 0 105
3921779 0 105
3923327 0 105
3924801 0 106
3926275 0 104
3927749 0 105
3929173 0 105
3930721 0 105
3932121 0 105
3933645 0 105
3935192 0 106
3936642 0 104
3938165 0 105
3939712 0 106
3941137 0 104
3942660 0 105
3944183 0 106
3945707 0 104
3947181 0 105
3948655 0 105
3950202 0 106
3951602 0 104
3953150 0 105
3954649 0 105
3956221 0 105
3957719 0 106
3959243 0 104
3960717 0 105
3962166 0 106
3963664 0 104
3965188 0 105
3966686 0 105
3968234 0 105
3969757 0 106
3971305 0 104
3972803 0 105
3974228 0 106
3975702 0 104
3977102 0 105
3978625 0 105
3980198 0 106
3981647 0 104
3983121 0 105
3984669 0 105
3986069 0 105
3987494 0 106
3989066 0 104
3990565 0 105
3992014 0 105
3993537 0 105
3995060 0 105
3996534 0 105
3998082 0 106
3999654 0 104
4001128 0 105
4002651 0 106
4004076 0 104
4005648 0 105
4007073 0 106
4008473 0 104
4009874 0 105
4011421 0 105
4012822 0 105
4014296 0 106
4015794 0 104
4017219 0 105
4018717 0 106
4020216 0 104
4021715 0 105
4023115 0 106
4024638 0 104
4026087 0 105
4027610 0 105
4029035 0 105
4030485 0 105
4031910 0 106
4033384 0 104
4034907 0 105
4036356 0 106
4037904 0 104
4039427 0 105
4040950 0 105
4042473 0 105
4043972 0 105
4045446 0 106
4046969 0 104
4048443 0 105
4049990 0 105
4051415 0 106
4052889 0 104
4054314 0 105
4055714 0 105
4057139 0 105
4058711 0 105
4060161 0 106
4061586 0 104
4063109 0 105
