55443 0 9
56918 0 12
58310 0 4
59765 0 5
61178 0 10
62714 0 11
64106 0 1
65642 0 4
67137 0 10
68591 0 2
70086 0 21
71643 0 13
73056 0 31
74592 0 6
76005 0 19
77582 0 22
79138 0 32
80674 0 9
82128 0 16
83664 0 30
85016 0 7
86511 0 23
88047 0 34
89480 0 3
90955 0 13
92389 0 32
93884 0 10
95440 0 13
96833 0 18
98348 0 20
99802 0 20
101379 0 13
102895 0 27
104431 0 3
105885 0 19
107359 0 34
108834 0 6
110349 0 24
111824 0 18
113360 0 30
114814 0 9
116309 0 20
117865 0 23
119299 0 23
120691 0 15
122146 0 24
123538 0 25
124951 0 8
126446 0 16
127839 0 25
129252 0 1
130767 0 21
132324 0 17
133860 0 18
135437 0 13
136870 0 19
138386 0 35
139942 0 6
141519 0 24
142994 0 28
144407 0 8
145861 0 21
147397 0 15
148810 0 18
150366 0 22
151882 0 14
153397 0 30
154749 0 6
156306 0 21
157801 0 31
159255 0 4
160709 0 24
162204 0 18
163760 0 19
165235 0 25
166648 0 9
168225 0 19
169761 0 19
171215 0 21
172710 0 15
174225 0 17
175782 0 23
177338 0 17
178813 0 29
180226 0 2
181762 0 19
183339 0 28
184834 0 10
186288 0 18
187824 0 33
189319 0 7
190896 0 14
192350 0 23
193906 0 15
195299 0 19
196855 0 26
198248 0 3
199763 0 24
201238 0 25
202671 0 6
204126 0 13
205559 0 16
207034 0 36
208488 0 8
209921 0 22
211416 0 15
212932 0 15
214345 0 20
215819 0 24
217273 0 26
218666 0 4
220161 0 19
221718 0 22
223254 0 19
224769 0 21
226223 0 17
227636 0 31
229090 0 2
230483 0 17
231896 0 20
233493 0 21
235070 0 33
236483 0 11
237978 0 18
239535 0 29
241071 0 3
242525 0 24
243999 0 29
245515 0 1
246969 0 17
248484 0 22
250020 0 24
251515 0 20
253072 0 28
254485 0 8
256062 0 21
257618 0 27
259113 0 4
260629 0 14
262062 0 36
263557 0 3
265093 0 22
266670 0 22
268165 0 21
269701 0 19
271155 0 17
272691 0 20
274125 0 22
275579 0 31
277156 0 12
278590 0 23
280003 0 36
281436 0 7
283013 0 21
284590 0 14
285983 0 13
287519 0 26
288932 0 8
290365 0 15
291799 0 25
293315 0 8
294768 0 17
296161 0 24
297636 0 15
299049 0 29
300503 0 6
302018 0 13
303431 0 32
304967 0 6
306483 0 23
307978 0 33
309493 0 1
310988 0 19
312565 0 34
314081 0 6
315617 0 23
317030 0 22
318586 0 23
320122 0 25
321617 0 3
323092 0 23
324587 0 33
326041 0 1
327474 0 24
328949 0 14
330383 0 13
331919 0 20
333414 0 33
334868 0 9
336404 0 16
337796 0 15
339291 0 32
340807 0 7
342384 0 19
343879 0 19
345415 0 20
346889 0 22
348425 0 24
349900 0 29
351354 0 10
352869 0 23
354323 0 33
355818 0 8
357375 0 20
358952 0 19
360426 0 15
361962 0 27
363457 0 10
364952 0 17
366406 0 34
367922 0 11
369355 0 15
370809 0 20
372325 0 24
373738 0 24
375294 0 16
376769 0 22
378182 0 16
379657 0 34
381070 0 2
382606 0 16
384121 0 34
385616 0 2
387070 0 14
388565 0 16
390060 0 27
391596 0 4
392989 0 24
394504 0 20
396102 0 23
397638 0 14
399112 0 14
400607 0 22
402102 0 16
403556 0 31
405051 0 8
406526 0 14
407959 0 22
409516 0 17
410970 0 17
412465 0 14
413899 0 15
415291 0 32
416684 0 7
418199 0 20
419674 0 16
421107 0 19
422561 0 13
423954 0 22
425429 0 17
426985 0 26
428439 0 2
429975 0 22
431552 0 36
433129 0 10
434624 0 19
436139 0 16
437573 0 20
439068 0 17
440461 0 27
441997 0 10
443574 0 20
445130 0 14
446666 0 35
448182 0 4
449615 0 21
451131 0 15
452585 0 32
453998 0 8
455534 0 19
457070 0 21
458483 0 13
459875 0 32
461329 0 2
462845 0 13
464360 0 14
465896 0 16
467350 0 35
468764 0 8
470218 0 14
471631 0 20
473208 0 30
474682 0 12
476136 0 21
477570 0 14
479085 0 28
480601 0 10
482096 0 23
483550 0 18
485004 0 23
486478 0 13
487974 0 29
489428 0 3
490923 0 20
492418 0 13
493831 0 17
495244 0 20
496698 0 15
498234 0 20
499667 0 27
501080 0 10
502535 0 20
504111 0 19
505545 0 22
506999 0 17
508494 0 20
509928 0 22
511464 0 36
513000 0 3
514413 0 17
515846 0 25
517382 0 12
518795 0 18
520270 0 36
521703 0 9
523239 0 22
524796 0 14
526188 0 20
527643 0 16
529097 0 20
530592 0 27
532087 0 11
533520 0 14
535036 0 13
536449 0 14
537944 0 24
539480 0 28
540913 0 9
542326 0 22
543842 0 35
545316 0 3
546852 0 24
548347 0 29
549883 0 2
551378 0 22
552873 0 28
554307 0 1
555823 0 19
557318 0 21
558894 0 23
560369 0 22
561803 0 21
563277 0 22
564834 0 35
566329 0 1
567742 0 17
569216 0 13
570670 0 17
572186 0 14
573578 0 36
575073 0 8
576548 0 22
578002 0 18
579497 0 13
581012 0 24
582507 0 31
583941 0 4
585436 0 15
586890 0 16
588344 0 20
589860 0 17
591375 0 35
592768 0 4
594283 0 21
595737 0 24
597171 0 23
598707 0 19
600181 0 25
601635 0 7
603069 0 15
604544 0 19
606100 0 36
607534 0 12
609070 0 19
610524 0 16
611916 0 14
613432 0 19
614988 0 26
616442 0 9
618019 0 16
619391 0 16
620886 0 23
622422 0 23
623856 0 16
625289 0 35
626785 0 9
628300 0 24
629754 0 16
631229 0 13
632621 0 21
634178 0 13
635673 0 16
637209 0 36
638704 0 11
640260 0 15
641776 0 21
643271 0 20
644725 0 36
646261 0 10
647735 0 23
649251 0 20
650807 0 25
652220 0 1
653654 0 17
655169 0 20
656644 0 27
658180 0 6
659695 0 18
661211 0 31
662685 0 11
664160 0 20
665696 0 18
667170 0 21
668645 0 15
670099 0 14
671573 0 18
673048 0 35
674482 0 11
675915 0 23
677349 0 24
678844 0 21
680318 0 28
681772 0 11
683288 0 21
684762 0 15
686298 0 15
687855 0 29
689247 0 4
690640 0 14
692135 0 20
693589 0 22
695105 0 17
696641 0 19
698115 0 18
699590 0 25
701105 0 11
702662 0 19
704198 0 34
705590 0 10
707044 0 21
708457 0 33
709891 0 11
711386 0 23
712901 0 22
714437 0 13
715912 0 18
717427 0 18
718902 0 18
720356 0 36
721892 0 8
723407 0 18
724923 0 21
726398 0 14
727933 0 24
729367 0 20
730924 0 36
732398 0 12
733934 0 14
735306 0 22
736719 0 19
738132 0 13
739586 0 13
740979 0 20
742535 0 36
744051 0 2
745566 0 23
747102 0 18
748577 0 34
750052 0 7
751485 0 15
752960 0 22
754455 0 19
755991 0 17
757404 0 13
758796 0 35
760312 0 6
761745 0 18
763261 0 19
764817 0 24
766312 0 22
767869 0 19
769384 0 26
770879 0 5
772374 0 15
773869 0 19
775405 0 23
776880 0 32
778334 0 12
779788 0 21
781242 0 13
782676 0 14
784130 0 13
785625 0 17
787120 0 19
788615 0 32
790048 0 11
791543 0 14
792977 0 23
794390 0 14
795783 0 16
797155 0 23
798670 0 27
800186 0 7
801681 0 20
803217 0 14
804650 0 22
806166 0 35
807661 0 12
809135 0 13
810651 0 16
812064 0 18
813641 0 26
815115 0 2
816508 0 23
818044 0 25
819478 0 11
820952 0 16
822345 0 32
823860 0 10
825335 0 19
826871 0 18
828325 0 25
829758 0 11
831192 0 22
832666 0 20
834120 0 21
835677 0 35
837151 0 8
838646 0 18
840182 0 14
841677 0 21
843213 0 36
844688 0 4
846142 0 14
847637 0 23
849050 0 32
850443 0 7
851979 0 16
853412 0 18
854846 0 28
856382 0 9
857836 0 17
859269 0 23
860785 0 34
862178 0 8
863693 0 24
865188 0 28
866683 0 7
868240 0 19
869796 0 22
871352 0 16
872766 0 28
874199 0 10
875674 0 13
877230 0 19
878664 0 26
880159 0 2
881695 0 22
883251 0 21
884685 0 18
886200 0 18
887634 0 19
889129 0 19
890685 0 14
892119 0 33
893655 0 3
895109 0 16
896481 0 24
898037 0 29
899430 0 12
900966 0 22
902482 0 13
903874 0 20
905328 0 15
906803 0 27
908298 0 12
909752 0 17
911144 0 22
912660 0 34
914175 0 7
915670 0 22
917165 0 17
918558 0 30
920033 0 1
921569 0 16
923064 0 25
924477 0 11
926013 0 24
927528 0 29
928941 0 11
930354 0 23
931890 0 18
933426 0 17
934880 0 23
936375 0 15
937809 0 27
939345 0 9
940799 0 21
942253 0 15
943728 0 17
945202 0 18
946636 0 18
948090 0 26
949544 0 7
950957 0 18
952513 0 16
953885 0 23
955339 0 35
956875 0 2
958411 0 17
1045877 0 101
1047290 0 101
1048703 0 101
1050096 0 101
1051550 0 101
1053025 0 101
1054499 0 101
1056035 0 101
1057551 0 101
1059066 0 101
1060541 0 102
1061954 0 102
1063428 0 103
1064882 0 101
1066316 0 102
1067852 0 103
1069367 0 101
1070883 0 102
1072276 0 102
1073791 0 102
1075225 0 102
1076679 0 103
1078174 0 101
1079566 0 102
1081041 0 103
1082536 0 101
1083990 0 102
1085464 0 102
1086919 0 102
1088413 0 102
1089847 0 102
1091363 0 103
1092796 0 101
1094332 0 102
1095889 0 102
1097445 0 102
1098981 0 102
1100415 0 102
1101889 0 102
1103425 0 103
1104920 0 101
1106415 0 102
1107808 0 102
1109241 0 102
1110757 0 102
1112211 0 102
1113706 0 102
1115221 0 102
1116655 0 103
1118150 0 101
1119686 0 102
1121160 0 102
1122594 0 102
1124089 0 102
1125625 0 102
1127100 0 102
1128595 0 103
1130131 0 101
1131585 0 102
1133059 0 102
1134595 0 102
1136049 0 102
1137462 0 102
1138937 0 102
1140391 0 102
1141824 0 103
1143381 0 101
1144876 0 102
1146309 0 102
1147702 0 102
1149115 0 102
1150508 0 102
1152064 0 102
1153580 0 103
1155116 0 101
1156529 0 102
1157921 0 103
1159396 0 101
1160891 0 102
1162365 0 102
1163799 0 103
1165253 0 101
1166748 0 102
1168182 0 102
1169656 0 103
1171192 0 101
1172687 0 102
1174162 0 102
1175616 0 103
1177070 0 101
1178524 0 102
1180019 0 102
1181555 0 102
1183091 0 102
1184606 0 102
1186040 0 103
1187494 0 101
1189009 0 102
1190484 0 102
1191918 0 102
1193392 0 103
1194908 0 101
1196321 0 102
1197775 0 102
1199188 0 102
1200662 0 103
1202157 0 101
1203693 0 102
1205127 0 102
1206561 0 103
1208076 0 101
1209510 0 102
1210964 0 102
1212438 0 102
1213913 0 103
1215387 0 101
1216862 0 102
1218398 0 102
1219790 0 103
1221204 0 101
1222658 0 102
1224194 0 102
1225648 0 102
1227143 0 103
1228597 0 101
1230051 0 102
1231566 0 102
1233102 0 102
1234515 0 102
1235949 0 102
1237423 0 102
1238857 0 102
1240250 0 103
1241704 0 101
1243199 0 102
1244714 0 102
1246189 0 102
1247684 0 102
1249097 0 102
1250571 0 103
1252087 0 101
1253520 0 102
1255015 0 102
1256490 0 102
1257965 0 102
1259500 0 102
1260995 0 102
1262531 0 103
1264027 0 101
1265481 0 102
1266955 0 102
1268450 0 102
1269863 0 103
1271399 0 101
1272915 0 102
1274369 0 103
1275864 0 101
1277277 0 102
1278813 0 102
1280226 0 103
1281782 0 101
1283236 0 102
1284670 0 102
1286206 0 102
1287619 0 102
1289012 0 102
1290548 0 102
1291981 0 103
1293476 0 101
1294930 0 102
1296343 0 102
1297879 0 102
1299333 0 102
1300849 0 103
1302364 0 101
1303880 0 102
1305395 0 103
1306952 0 101
1308406 0 102
1309819 0 103
1311232 0 101
1312645 0 102
1314161 0 103
1315656 0 101
1317069 0 102
1318543 0 102
1320059 0 103
1321472 0 101
1322864 0 102
1324339 0 102
1325773 0 102
1327227 0 103
1328681 0 101
1330073 0 102
1331486 0 103
1333022 0 101
1334579 0 102
1335971 0 102
1337426 0 102
1338900 0 103
1340395 0 101
1341931 0 102
1343406 0 102
1344839 0 103
1346314 0 101
1347706 0 102
1349140 0 102
1350594 0 103
1352130 0 101
1353563 0 102
1355099 0 103
1356513 0 101
1358008 0 102
1359462 0 103
1360895 0 101
1362431 0 102
1363967 0 102
1365401 0 103
1366814 0 101
1368329 0 102
1369824 0 102
1371299 0 102
1372814 0 102
1374207 0 102
1375722 0 102
1377115 0 103
1378651 0 101
1380146 0 102
1381682 0 102
1383136 0 102
1384652 0 103
1386167 0 101
1387724 0 102
1389198 0 102
1390591 0 102
1392024 0 103
1393581 0 101
1395035 0 102
1396509 0 102
1398004 0 102
1399438 0 103
1400871 0 101
1402407 0 102
1403861 0 102
1405275 0 102
1406770 0 102
1408265 0 102
1409760 0 103
1411214 0 101
1412688 0 102
1414142 0 102
1415658 0 103
1417091 0 101
1418586 0 102
1420122 0 102
1421638 0 102
1423174 0 102
1424628 0 102
1426102 0 102
1427556 0 103
1429051 0 101
1430526 0 102
1431960 0 102
1433475 0 103
1434888 0 101
1436322 0 102
1437714 0 103
1439291 0 101
1440766 0 102
1442302 0 102
1443694 0 102
1445189 0 103
1446746 0 101
1448220 0 102
1449654 0 102
1451190 0 102
1452603 0 103
1454159 0 101
1455675 0 102
1457088 0 102
1458481 0 103
1459935 0 101
1461409 0 102
1462925 0 102
1464461 0 102
1465935 0 103
1467471 0 101
1468905 0 102
1470359 0 102
1471772 0 102
1473247 0 102
1474762 0 103
1476196 0 101
1477609 0 102
1479145 0 102
1480599 0 102
1482114 0 102
1483507 0 102
1484961 0 103
1486538 0 101
1487951 0 102
1489446 0 102
1490880 0 102
1492375 0 102
1493910 0 103
1495426 0 101
1496941 0 102
1498457 0 102
1499952 0 102
1501427 0 103
1502922 0 101
1504437 0 102
1505830 0 103
1507243 0 101
1508717 0 102
1510130 0 102
1511543 0 102
1512998 0 102
1514390 0 103
1515906 0 101
1517421 0 102
1518937 0 102
1520370 0 102
1521804 0 103
1523237 0 101
1524671 0 102
1526207 0 102
1527620 0 102
1529135 0 102
1530651 0 102
1532166 0 103
1533723 0 101
1535136 0 102
1536631 0 102
1538044 0 102
1539498 0 103
1541034 0 101
1542468 0 102
1543860 0 103
1545314 0 101
1546748 0 102
1548202 0 102
1549656 0 102
1551090 0 102
1552564 0 102
1553977 0 103
1555411 0 101
1556824 0 102
1558339 0 102
1559732 0 102
1561268 0 102
1562804 0 103
1564360 0 101
1565896 0 102
1567391 0 102
1568825 0 103
1570300 0 101
1571692 0 102
1573085 0 102
1574539 0 102
1575932 0 102
1577427 0 102
1578963 0 103
1580396 0 101
1581912 0 102
1583448 0 103
1584922 0 101
1586438 0 102
1587892 0 102
1589428 0 102
1590923 0 102
1592438 0 102
1593831 0 102
1595326 0 103
1596862 0 101
1598316 0 102
1599770 0 102
1601203 0 102
1602616 0 102
1604091 0 103
1605525 0 101
1607061 0 102
1608576 0 102
1610092 0 102
1611546 0 103
1613082 0 101
1614577 0 102
1616092 0 102
1617608 0 102
1619041 0 102
1620495 0 103
1621929 0 101
1623383 0 102
1624857 0 102
1626393 0 102
1627868 0 102
1629322 0 103
1630899 0 101
1632332 0 102
1633746 0 102
1635241 0 102
1636756 0 102
1638312 0 103
1639889 0 101
1641364 0 102
1642879 0 102
1644334 0 102
1645869 0 102
1647405 0 103
1648900 0 101
1650334 0 102
1651809 0 102
1653201 0 102
1654635 0 102
1656191 0 102
1657625 0 103
1659161 0 101
1660676 0 102
1662171 0 102
1663564 0 102
1664997 0 103
1666472 0 101
1667906 0 102
1669360 0 102
1670875 0 102
1672309 0 102
1673824 0 102
1675299 0 103
1676855 0 101
1678350 0 102
1679784 0 103
1681279 0 101
1682692 0 102
1684085 0 103
1685580 0 101
1687075 0 102
1688467 0 103
1690024 0 101
1691416 0 102
1692829 0 103
1694304 0 101
1695778 0 102
1697335 0 102
1698850 0 102
1700263 0 103
1701697 0 101
1703172 0 102
1704585 0 103
1706100 0 101
1707575 0 102
1709029 0 103
1710483 0 101
1711957 0 102
1713493 0 103
1715009 0 101
1716401 0 102
1717876 0 103
1719371 0 101
1720825 0 102
1722320 0 102
1723856 0 103
1725331 0 101
1726846 0 102
1728300 0 103
1729795 0 101
1731290 0 102
1732683 0 102
1734137 0 103
1735632 0 101
1737147 0 102
1738581 0 102
1740096 0 102
1741612 0 103
1743148 0 101
1744561 0 102
1745954 0 102
1747367 0 102
1748862 0 102
1750275 0 103
1751749 0 101
1753162 0 102
1754616 0 102
1756070 0 103
1757484 0 101
1758999 0 102
1760412 0 102
1761825 0 102
1763279 0 103
1764692 0 101
1766085 0 102
1767601 0 102
1769096 0 102
1770631 0 103
1772127 0 101
1773540 0 102
1774973 0 103
1776448 0 101
1777861 0 102
1779356 0 103
1780789 0 101
1782243 0 102
1783759 0 102
1785193 0 102
1786606 0 102
1788080 0 102
1789555 0 103
1790988 0 101
1792381 0 102
1793794 0 102
1795228 0 102
1796641 0 103
1798115 0 101
1799590 0 102
1801023 0 102
1802580 0 102
1804095 0 103
1805590 0 101
1806983 0 102
1808396 0 102
1809952 0 102
1811427 0 102
1812942 0 102
1814458 0 103
1815973 0 101
1817366 0 102
1818800 0 103
1820315 0 101
1821851 0 102
1823346 0 103
1824780 0 101
1826172 0 102
1827667 0 102
1829080 0 103
1830637 0 101
1832173 0 102
1833688 0 102
1835122 0 102
1836637 0 102
1838112 0 103
1839668 0 101
1841143 0 102
1842597 0 102
1844112 0 102
1845505 0 103
1846959 0 101
1848495 0 102
1849990 0 102
1851526 0 102
1853001 0 102
1854537 0 102
1855991 0 103
1857424 0 101
1858960 0 102
1860394 0 102
1861827 0 103
1863322 0 101
1864858 0 102
1866271 0 103
1867685 0 101
1869241 0 102
1870634 0 102
1872170 0 102
1873706 0 103
1875201 0 101
1876696 0 102
1878109 0 102
1879624 0 103
1881181 0 101
1882717 0 102
1884150 0 103
1885645 0 101
1887099 0 102
1888574 0 102
1890048 0 103
1891564 0 101
1893059 0 102
1894533 0 102
1895926 0 102
1897339 0 102
1898834 0 102
1900309 0 103
1901804 0 101
1903319 0 102
1904794 0 102
1906309 0 102
1907845 0 102
1909320 0 103
1910815 0 101
1912310 0 102
1913805 0 102
1915300 0 102
1916713 0 103
1918228 0 101
1919764 0 102
1921239 0 102
1922754 0 103
1924270 0 101
1925765 0 102
1927260 0 103
1928775 0 101
1930270 0 102
1931704 0 102
1933158 0 102
1934571 0 102
1936128 0 102
1937623 0 102
1939056 0 103
1940572 0 101
1942108 0 102
1943623 0 102
1967467 0 48
1968921 0 42
1970375 0 37
1971768 0 47
1973222 0 38
1974635 0 48
1976192 0 40
1977687 0 44
1979202 0 39
1980738 0 42
1982254 0 54
1983667 0 60
1985162 0 70
1986616 0 47
1988152 0 57
1989606 0 54
1991019 0 71
1992534 0 45
1993988 0 56
1995545 0 52
1997060 0 50
1998596 0 60
2000071 0 57
2001648 0 54
2003143 0 64
2004679 0 41
2006092 0 52
2007546 0 58
2009021 0 54
2010556 0 56
2012031 0 52
2013444 0 61
2014919 0 45
2016352 0 58
2017929 0 61
2019404 0 42
2020919 0 51
2022353 0 53
2023868 0 65
2025363 0 46
2026920 0 59
2028476 0 56
2030012 0 68
2031487 0 40
2032900 0 54
2034374 0 63
2035828 0 46
2037303 0 50
2038736 0 61
2040170 0 43
2041624 0 59
2043058 0 55
2044594 0 59
2046027 0 58
2047584 0 62
2049017 0 41
2050533 0 50
2051987 0 51
2053379 0 56
2054813 0 64
2056226 0 42
2057742 0 49
2059298 0 52
2060793 0 55
2062288 0 69
2063783 0 43
2065299 0 56
2066753 0 66
2068309 0 39
2069722 0 49
2071115 0 58
2072589 0 49
2074043 0 65
2075538 0 39
2077074 0 59
2078487 0 61
2080044 0 37
2081539 0 52
2083075 0 55
2084508 0 50
2085942 0 59
2087478 0 54
2088891 0 50
2090407 0 72
2091922 0 47
2093479 0 51
2095035 0 61
2096571 0 41
2098046 0 59
2099581 0 54
2101056 0 50
2102612 0 51
2104046 0 71
2105439 0 43
2106913 0 54
2108408 0 72
2109924 0 37
2111480 0 56
2112996 0 61
2114470 0 40
2115945 0 50
2117481 0 55
2119037 0 52
2120491 0 62
2122027 0 46
2123502 0 51
2124976 0 58
2126451 0 58
2127905 0 59
2129420 0 50
2130977 0 49
2132390 0 68
2133905 0 45
2135421 0 51
2136936 0 51
2138390 0 51
2139865 0 53
2141360 0 51
2142794 0 68
2144227 0 45
2145784 0 52
2147258 0 58
2148733 0 60
2150248 0 64
2151661 0 43
2153115 0 52
2154672 0 63
2156208 0 38
2157682 0 56
2159177 0 58
2160754 0 49
2162208 0 52
2163744 0 61
2165301 0 44
2166714 0 52
2168127 0 51
2169601 0 59
2171035 0 66
2172550 0 43
2174045 0 56
2175520 0 71
2176974 0 43
2178510 0 59
2179985 0 52
2181398 0 58
2182913 0 54
2184408 0 58
2185862 0 58
2187419 0 69
2188873 0 44
2190327 0 50
2191822 0 50
2193358 0 51
2194791 0 52
2196307 0 59
2197740 0 49
2199194 0 70
2200608 0 46
2202144 0 56
2203659 0 56
2205195 0 56
2206629 0 58
2208185 0 61
2209578 0 45
2211073 0 57
2212609 0 69
2214186 0 46
2215660 0 59
2217176 0 57
2218712 0 64
2220166 0 37
2221579 0 52
2223115 0 56
2224569 0 59
2226105 0 63
2227538 0 44
2228951 0 55
2230487 0 66
2231921 0 46
2233355 0 52
2234829 0 57
2236263 0 60
2237676 0 59
2239130 0 51
2240645 0 57
2242099 0 68
2243553 0 44
2245110 0 51
2246646 0 51
2248059 0 59
2249595 0 71
2250988 0 46
2252462 0 49
2253855 0 54
2255411 0 57
2256886 0 52
2258360 0 49
2259855 0 66
2261248 0 37
2262743 0 59
2264197 0 62
2265610 0 45
2267064 0 57
2268620 0 67
2270095 0 43
2271570 0 54
2273106 0 60
2274601 0 72
2276075 0 48
2277591 0 51
2279045 0 53
2280499 0 62
2282035 0 38
2283591 0 53
2285086 0 53
2286520 0 50
2287974 0 67
2289387 0 45
2290882 0 58
2292377 0 60
2293872 0 52
2295387 0 58
2296841 0 69
2298357 0 38
2299872 0 54
2301286 0 60
2302699 0 58
2304235 0 63
2305791 0 38
2307286 0 56
2308740 0 53
2310153 0 55
2311607 0 61
2313143 0 43
2314577 0 58
2316154 0 58
2317731 0 69
2319185 0 38
2320680 0 52
2322175 0 54
2323670 0 55
2325185 0 72
2326639 0 37
2328114 0 58
2329691 0 50
2331186 0 54
2332640 0 53
2334176 0 57
2335630 0 51
2337145 0 63
2338722 0 42
2340135 0 55
2341671 0 53
2343084 0 54
2344498 0 57
2346034 0 57
2347610 0 67
2349126 0 45
2350662 0 56
2352218 0 52
2353734 0 50
2355147 0 52
2356724 0 55
2358178 0 60
2359591 0 61
2361127 0 48
2362561 0 54
2363953 0 55
2365469 0 57
2366984 0 49
2368520 0 59
2369974 0 50
2371387 0 52
2372944 0 61
2374500 0 43
2375913 0 52
2377367 0 60
2378924 0 65
2380460 0 46
2381934 0 55
2383470 0 70
2384883 0 43
2386378 0 54
2387812 0 50
2389246 0 58
2390679 0 61
2392215 0 43
2393731 0 54
2395123 0 51
2396618 0 52
2398072 0 55
2399526 0 57
2400939 0 58
2402373 0 50
2403930 0 61
2405384 0 46
2406940 0 56
2408353 0 72
2409848 0 46
2411364 0 52
2412879 0 53
2414415 0 65
2415828 0 41
2417385 0 58
2418941 0 52
2420477 0 72
2422013 0 43
2423570 0 49
2425126 0 71
2426662 0 42
2428157 0 60
2429672 0 60
2431208 0 53
2432642 0 51
2434117 0 65
2435612 0 47
2437086 0 56
2438622 0 52
2440178 0 53
2441694 0 59
2443230 0 53
2444684 0 69
2446179 0 41
2447695 0 50
2449251 0 57
2450807 0 68
2452364 0 47
2453859 0 52
2455436 0 57
2456931 0 65
2458426 0 39
2459900 0 49
2461334 0 70
2462829 0 48
2464242 0 59
2465676 0 55
2467150 0 71
2468543 0 46
2470058 0 54
2471492 0 68
2473007 0 45
2474482 0 50
2475895 0 68
2477410 0 39
2478885 0 58
2480421 0 55
2481896 0 54
2483350 0 53
2484845 0 53
2486299 0 52
2487814 0 61
2489227 0 47
2490661 0 49
2492217 0 51
2493630 0 50
2495043 0 67
2496436 0 47
2497993 0 54
2499508 0 68
2501003 0 43
2502416 0 54
2503829 0 65
2505263 0 40
2506737 0 56
2508253 0 55
2509707 0 51
2511181 0 55
2512615 0 55
2514151 0 52
2515626 0 63
2517182 0 47
2518595 0 56
2520008 0 49
2521503 0 71
2522998 0 43
2524432 0 52
2525927 0 49
2527463 0 57
2528958 0 52
2530514 0 50
2531989 0 55
2533463 0 70
2534979 0 47
2536392 0 57
2537866 0 71
2539361 0 41
2540897 0 50
2542310 0 57
2543765 0 59
2545260 0 65
2546693 0 48
2548106 0 50
2549519 0 70
2551035 0 47
2552509 0 53
2554025 0 56
2555540 0 49
2557056 0 49
2558489 0 55
2559943 0 57
2561377 0 61
2562831 0 42
2564326 0 57
2565821 0 50
2567337 0 50
2568811 0 50
2570224 0 53
2571678 0 62
2573091 0 43
2574627 0 55
2576102 0 57
2577535 0 55
2579051 0 51
2580526 0 65
2582041 0 37
2583454 0 52
2584970 0 58
2586465 0 53
2587919 0 55
2589352 0 55
2590786 0 65
2592363 0 39
2593878 0 50
2595435 0 65
2596848 0 39
2598384 0 55
2599838 0 59
2601271 0 52
2602746 0 67
2604241 0 46
2605695 0 56
2607231 0 71
2608787 0 40
2610221 0 55
2611716 0 65
2613150 0 41
2614645 0 56
2616058 0 49
2617573 0 60
2619089 0 60
2620502 0 68
2621915 0 43
2623471 0 50
2624946 0 56
2626420 0 51
2627833 0 57
2629390 0 58
2630926 0 57
2632462 0 66
2633957 0 39
2635452 0 59
2637008 0 49
2638462 0 53
2639998 0 57
2641493 0 54
2642988 0 65
2644463 0 48
2645897 0 55
2647330 0 59
2648764 0 51
2650238 0 56
2651651 0 56
2653085 0 66
2654641 0 48
2656075 0 59
2657631 0 67
2659126 0 46
2660683 0 52
2662178 0 51
2663734 0 56
2665147 0 60
2666663 0 58
2668240 0 57
2669694 0 62
2671168 0 38
2672643 0 54
2674158 0 63
2675653 0 41
2677108 0 59
2678562 0 51
2680016 0 59
2681449 0 54
2682985 0 67
2684521 0 38
2686057 0 49
2687552 0 51
2688986 0 62
2690419 0 48
2691955 0 49
2693389 0 57
2694966 0 54
2696481 0 50
2697894 0 51
2699410 0 53
2700987 0 61
2702523 0 43
2704100 0 58
2705554 0 52
2707069 0 50
2708503 0 54
2710059 0 64
2711472 0 37
2713029 0 53
2714565 0 53
2716060 0 59
2717616 0 58
2719070 0 50
2720545 0 53
2722040 0 66
2723473 0 38
2724948 0 52
2726382 0 59
2727877 0 62
2729290 0 39
2730764 0 50
2732239 0 72
2733631 0 37
2735126 0 56
2736621 0 56
2738034 0 51
2739448 0 54
2740840 0 72
2742376 0 43
2743892 0 52
2745448 0 52
2747025 0 57
2748479 0 65
2749974 0 41
2751449 0 51
2752882 0 58
2754336 0 69
2755790 0 48
2757306 0 58
2758862 0 52
2760439 0 52
2761914 0 51
2763470 0 55
2764965 0 62
2766378 0 43
2767791 0 56
2769307 0 57
2770781 0 53
2772235 0 62
2773649 0 47
2775164 0 60
2776659 0 50
2778072 0 51
2779588 0 49
2781083 0 56
2782496 0 71
2784011 0 44
2785547 0 56
2787083 0 62
2788619 0 48
2790114 0 50
2791671 0 57
2793186 0 55
2794640 0 57
2796094 0 51
2797569 0 61
2799023 0 43
2800538 0 54
2802054 0 62
2803569 0 40
2805044 0 56
2806539 0 60
2807993 0 62
2809427 0 48
2810922 0 58
2812417 0 58
2813973 0 68
2815529 0 42
2816984 0 51
2818397 0 59
2819912 0 69
2821469 0 46
2823005 0 56
2824561 0 66
2825974 0 38
2827428 0 57
2829005 0 65
2830439 0 39
2831852 0 51
2833347 0 54
2834801 0 52
2836234 0 67
2837627 0 46
2839081 0 60
2840637 0 66
2842133 0 44
2843648 0 50
2845123 0 60
2846618 0 56
2848133 0 53
2849628 0 57
2851185 0 58
2852680 0 51
2854195 0 66
2855670 0 47
2857103 0 55
2858578 0 65
2860052 0 43
2861609 0 57
2863104 0 62
2864599 0 47
2866053 0 56
2867609 0 65
2869125 0 41
2870538 0 52
2872053 0 60
2889480 0 104
2890934 0 104
2892429 0 104
2893924 0 104
2895439 0 104
2896934 0 104
2898409 0 104
2899822 0 104
2901297 0 104
2902771 0 104
2904246 0 105
2905659 0 105
2907195 0 105
2908751 0 105
2910226 0 105
2911721 0 105
2913257 0 105
2914690 0 106
2916103 0 104
2917537 0 105
2919073 0 105
2920568 0 105
2922022 0 105
2923517 0 106
2924971 0 104
2926445 0 105
2928002 0 105
2929436 0 105
2930931 0 105
2932364 0 106
2933900 0 104
2935395 0 105
2936890 0 105
2938303 0 105
2939757 0 105
2941314 0 106
2942829 0 104
2944304 0 105
2945778 0 105
2947212 0 105
2948748 0 106
2950284 0 104
2951758 0 105
2953233 0 106
2954748 0 104
2956305 0 105
2957718 0 105
2959254 0 106
2960646 0 104
2962080 0 105
2963616 0 105
2965070 0 105
2966504 0 105
2968019 0 105
2969555 0 105
2971091 0 106
2972566 0 104
2974040 0 105
2975576 0 106
2977051 0 104
2978525 0 105
2980061 0 105
2981556 0 105
2982969 0 105
2984526 0 106
2985980 0 104
2987536 0 105
2989093 0 106
2990588 0 104
2992103 0 105
2993516 0 106
2995073 0 104
2996506 0 105
2998001 0 106
2999558 0 104
3001032 0 105
3002425 0 105
3003818 0 105
3005210 0 105
3006664 0 105
3008057 0 105
3009511 0 106
3010924 0 104
3012460 0 105
3013975 0 105
3015450 0 105
3016925 0 105
3018440 0 105
3019874 0 105
3021307 0 106
3022843 0 104
3024277 0 105
3025669 0 106
3027082 0 104
3028577 0 105
3030073 0 106
3031629 0 104
3033185 0 105
3034721 0 105
3036278 0 105
3037732 0 105
3039124 0 105
3040619 0 106
3042074 0 104
3043569 0 105
3045125 0 105
3046661 0 106
3048095 0 104
3049590 0 105
3051126 0 106
3052600 0 104
3054116 0 105
3055631 0 106
3057044 0 104
3058539 0 105
3059952 0 105
3061365 0 105
3062881 0 105
3064294 0 106
3065850 0 104
3067366 0 105
3068779 0 106
3070213 0 104
3071626 0 105
3073141 0 105
3074595 0 105
3076070 0 106
3077503 0 104
3078978 0 105
3080473 0 106
3081906 0 104
3083443 0 105
3084896 0 106
3086432 0 104
3087846 0 105
3089382 0 105
3090897 0 105
3092413 0 105
3093969 0 105
3095464 0 106
3096939 0 104
3098474 0 105
3099867 0 105
3101383 0 105
3102898 0 105
3104434 0 105
3105847 0 106
3107383 0 104
3108817 0 105
3110312 0 105
3111807 0 105
3113261 0 105
3114817 0 105
3116374 0 105
3117807 0 105
3119261 0 106
3120715 0 104
3122128 0 105
3123542 0 105
3125078 0 105
3126470 0 106
3128006 0 104
3129501 0 105
3130955 0 105
3132471 0 105
3133925 0 106
3135358 0 104
3136874 0 105
3138307 0 106
3139843 0 104
3141400 0 105
3142915 0 105
3144431 0 106
3145967 0 104
3147441 0 105
3148855 0 105
3150349 0 105
3151906 0 105
3153380 0 106
3154896 0 104
3156370 0 105
3157845 0 105
3159381 0 105
3160815 0 105
3162269 0 106
3163784 0 104
3165259 0 105
3166774 0 105
3168269 0 106
3169744 0 104
3171157 0 105
3172652 0 106
3174147 0 104
3175683 0 105
3177157 0 106
3178591 0 104
3180106 0 105
3181642 0 106
3183199 0 104
3184612 0 105
3186148 0 105
3187704 0 106
3189220 0 104
3190674 0 105
3192107 0 105
3193582 0 105
3194995 0 105
3196408 0 106
3197842 0 104
3199357 0 105
3200832 0 105
3202286 0 105
3203842 0 106
3205358 0 104
3206791 0 105
3208266 0 106
3209720 0 104
3211235 0 105
3212751 0 105
3214266 0 105
3215741 0 105
3217154 0 106
3218711 0 104
3220206 0 105
3221680 0 105
3223114 0 105
3224568 0 106
3226083 0 104
3227496 0 105
3229012 0 105
3230425 0 105
3231879 0 105
3233312 0 106
3234808 0 104
3236302 0 105
3237716 0 105
3239129 0 105
3240562 0 106
3241996 0 104
3243491 0 105
3245027 0 105
3246481 0 105
3247955 0 105
3249369 0 106
3250782 0 104
3252256 0 105
3253710 0 105
3255164 0 105
3256618 0 105
3258134 0 105
3259526 0 106
3261001 0 104
3262496 0 105
3264032 0 105
3265527 0 105
3266961 0 105
3268394 0 106
3269869 0 104
3271302 0 105
3272756 0 105
3274272 0 105
3275685 0 105
3277180 0 106
3278736 0 104
3280149 0 105
3281583 0 105
3283099 0 106
3284655 0 104
3286150 0 105
3287665 0 105
3289201 0 105
3290676 0 106
3292171 0 104
3293625 0 105
3295038 0 106
3296554 0 104
3298110 0 105
3299544 0 105
3301018 0 105
3302554 0 105
3304049 0 106
3305483 0 104
3306875 0 105
3308309 0 105
3309845 0 105
3311381 0 106
3312855 0 104
3314310 0 105
3315866 0 106
3317279 0 104
3318733 0 105
3320249 0 105
3321662 0 106
3323116 0 104
3324611 0 105
3326024 0 105
3327416 0 106
3328911 0 104
3330406 0 105
3331881 0 105
3333397 0 105
3334953 0 105
3336387 0 105
3337902 0 106
3339438 0 104
3340913 0 105
3342469 0 105
3343882 0 105
3345377 0 106
3346790 0 104
3348244 0 105
3349780 0 105
3351193 0 105
3352729 0 105
3354183 0 105
3355699 0 106
3357153 0 104
3358607 0 105
3360061 0 105
3361474 0 105
3362990 0 105
3364546 0 105
3366082 0 106
3367638 0 104
3369174 0 105
3370710 0 105
3372164 0 105
3373700 0 106
3375216 0 104
3376670 0 105
3378104 0 105
3379517 0 106
3381012 0 104
3382548 0 105
3384043 0 105
3385517 0 105
3386951 0 105
3388425 0 106
3389838 0 104
3391292 0 105
3392726 0 106
3394283 0 104
3395716 0 105
3397191 0 105
3398686 0 105
3400222 0 105
3401655 0 106
3403089 0 104
3404502 0 105
3406017 0 105
3407451 0 106
3409007 0 104
3410502 0 105
3412018 0 105
3413472 0 106
3414926 0 104
3416421 0 105
3417834 0 106
3419309 0 104
3420763 0 105
3422258 0 105
3423712 0 105
3425125 0 105
3426661 0 105
3428074 0 105
3429569 0 106
3431064 0 104
3432579 0 105
3434115 0 105
3435672 0 106
3437187 0 104
3438580 0 105
3440034 0 106
3441488 0 104
3442983 0 105
3444417 0 105
3445953 0 105
3447427 0 105
3448820 0 105
3450376 0 106
3451912 0 104
3453469 0 105
3454943 0 105
3456500 0 105
3457913 0 105
3459428 0 105
3460841 0 106
3462275 0 104
3463831 0 105
3465224 0 105
3466739 0 105
3468153 0 105
3469627 0 106
3471102 0 104
3472556 0 105
3473969 0 106
3475402 0 104
3476836 0 105
3478372 0 105
3479908 0 105
3481321 0 105
3482775 0 105
3484332 0 106
3485827 0 104
3487240 0 105
3488694 0 106
3490107 0 104
3491520 0 105
3493056 0 105
3494448 0 106
3495984 0 104
3497418 0 105
3498831 0 106
3500244 0 104
3501760 0 105
3503193 0 105
3504647 0 105
3506040 0 106
3507535 0 104
3509071 0 105
3510484 0 105
3512040 0 105
3513474 0 105
3514928 0 105
3516444 0 106
3518000 0 104
3519475 0 105
3520888 0 105
3522444 0 105
3523960 0 105
3525455 0 105
3526929 0 106
3528342 0 104
3529878 0 105
3531414 0 106
3532930 0 104
3534322 0 105
3535879 0 105
3537353 0 105
3538848 0 105
3540261 0 106
3541818 0 104
3543313 0 105
3544746 0 106
3546201 0 104
3547634 0 105
3549109 0 106
3550624 0 104
3552058 0 105
3553450 0 106
3554945 0 104
3556440 0 105
3557894 0 105
3559348 0 105
3560905 0 105
3562338 0 106
3563813 0 104
3565288 0 105
3566721 0 106
3568155 0 104
3569650 0 105
3571165 0 105
3572722 0 105
3574217 0 106
3575650 0 104
3577207 0 105
3578702 0 106
3580197 0 104
3581651 0 105
3583084 0 106
3584497 0 104
3586033 0 105
3587549 0 105
3589003 0 105
3590539 0 106
3592095 0 104
3593529 0 105
3595044 0 105
3596499 0 105
3597953 0 105
3599366 0 105
3600861 0 105
3602274 0 106
3603789 0 104
3605202 0 105
3606636 0 106
3608049 0 104
3609462 0 105
3610957 0 105
3612350 0 105
3613824 0 105
3615278 0 105
3616773 0 105
3618289 0 106
3619784 0 104
3621197 0 105
3622672 0 105
3624085 0 105
3625621 0 105
3627054 0 105
3628590 0 106
3630003 0 104
3631416 0 105
3632973 0 106
3634488 0 104
3635901 0 105
3637417 0 105
3638871 0 105
3640345 0 105
3641861 0 105
3643335 0 106
3644830 0 104
3646305 0 105
3647759 0 106
3649152 0 104
3650667 0 105
3652080 0 106
3653534 0 104
3654988 0 105
3656483 0 105
3657897 0 105
3659371 0 106
3660866 0 104
3662300 0 105
3663733 0 106
3665269 0 104
3666723 0 105
3668259 0 105
3669734 0 105
3671229 0 105
3672744 0 105
3674157 0 105
3675673 0 105
3677127 0 106
3678601 0 104
3680076 0 105
3681632 0 105
3683148 0 105
3684622 0 105
3686117 0 105
3687551 0 105
3688964 0 106
3690439 0 104
3691872 0 105
3693306 0 105
3694780 0 105
3696337 0 106
3697832 0 104
3699347 0 105
3700883 0 106
3702296 0 104
3703771 0 105
3705245 0 105
3706679 0 105
3708215 0 105
3709771 0 106
3711267 0 104
3712680 0 105
3714113 0 105
3715629 0 106
3717165 0 104
3718680 0 105
3720093 0 105
3721506 0 105
3722940 0 105
3724476 0 105
3726032 0 106
3727548 0 104
3728981 0 105
3730476 0 105
3731889 0 105
3733323 0 105
3734798 0 105
3736231 0 105
3737747 0 106
3739221 0 104
3740696 0 105
3742232 0 105
3743788 0 106
3745304 0 104
3746737 0 105
3748171 0 106
3749584 0 104
3751017 0 105
3752553 0 105
3753987 0 105
3755523 0 105
3756957 0 106
3758411 0 104
3759844 0 105
3761360 0 106
3762793 0 104
3764227 0 105
3765783 0 105
3767258 0 105
3768671 0 105
3770186 0 106
3771681 0 104
3773115 0 105
3774589 0 105
3776146 0 105
3777682 0 105
3779075 0 105
3780631 0 105
3782147 0 106
3783703 0 104
3785096 0 105
3786591 0 105
3788004 0 105
3789458 0 105
