40419 0 12
41873 0 7
43368 0 11
44904 0 12
46337 0 7
47791 0 3
49245 0 11
50802 0 9
52215 0 11
53751 0 11
55267 0 14
56721 0 14
58236 0 17
59772 0 18
61247 0 14
62639 0 20
64134 0 27
65629 0 3
67145 0 19
68599 0 23
70073 0 29
71527 0 3
73063 0 16
74497 0 17
75910 0 14
77405 0 18
78982 0 23
80395 0 25
81890 0 4
83283 0 23
84716 0 35
86232 0 11
87727 0 15
89222 0 20
90799 0 24
92253 0 23
93707 0 17
95243 0 27
96758 0 10
98253 0 16
99707 0 25
101223 0 5
102615 0 23
104028 0 18
105564 0 14
106978 0 23
108370 0 28
109845 0 4
111217 0 21
112732 0 15
114186 0 22
115620 0 30
117013 0 1
118528 0 14
119900 0 14
121354 0 17
122788 0 17
124221 0 17
125696 0 25
127273 0 12
128727 0 22
130181 0 17
131676 0 14
133069 0 15
134482 0 20
136038 0 26
137431 0 1
138844 0 17
140298 0 16
141834 0 21
143349 0 24
144865 0 16
146278 0 28
147834 0 3
149370 0 20
150927 0 25
152442 0 8
154019 0 23
155535 0 15
156948 0 19
158463 0 24
159979 0 17
161392 0 23
162825 0 21
164402 0 29
165775 0 2
167270 0 14
168744 0 14
170280 0 22
171775 0 32
173168 0 10
174601 0 14
176014 0 15
177468 0 21
179045 0 21
180540 0 17
182015 0 16
183407 0 31
184882 0 11
186357 0 13
187893 0 14
189388 0 16
190903 0 35
192398 0 11
193811 0 15
195224 0 28
196678 0 12
198112 0 23
199648 0 33
201081 0 9
202556 0 23
204010 0 21
205485 0 23
206959 0 21
208393 0 33
209949 0 7
211424 0 18
212878 0 24
214434 0 21
215991 0 25
217527 0 6
218981 0 17
220373 0 24
221766 0 20
223240 0 20
224674 0 22
226230 0 21
227705 0 15
229118 0 35
230572 0 5
232047 0 14
233501 0 23
234914 0 32
236306 0 8
237801 0 19
239296 0 29
240669 0 9
242164 0 24
243679 0 17
245215 0 35
246730 0 1
248225 0 23
249639 0 28
251093 0 10
252608 0 19
254042 0 24
255475 0 17
257032 0 25
258445 0 4
259837 0 24
261332 0 27
262725 0 7
264220 0 19
265736 0 17
267149 0 13
268623 0 24
270159 0 14
271654 0 21
273211 0 33
274624 0 10
276180 0 23
277675 0 27
279211 0 12
280604 0 15
282017 0 29
283430 0 12
284945 0 19
286359 0 20
287792 0 30
289185 0 2
290721 0 18
292216 0 32
293670 0 5
295083 0 15
296537 0 21
297991 0 27
299445 0 4
300899 0 17
302312 0 34
303705 0 9
305220 0 16
306695 0 31
308190 0 4
309685 0 22
311221 0 16
312593 0 16
314027 0 17
315501 0 30
316996 0 2
318430 0 23
319884 0 17
321338 0 16
322792 0 13
324246 0 19
325720 0 33
327133 0 2
328588 0 22
330103 0 16
331475 0 20
332991 0 19
334404 0 20
335858 0 16
337271 0 28
338766 0 8
340240 0 16
341674 0 35
343067 0 6
344582 0 14
346016 0 21
347449 0 18
349006 0 30
350460 0 4
351832 0 17
353347 0 16
354720 0 25
356215 0 8
357771 0 24
359225 0 32
360638 0 1
362051 0 21
363526 0 19
365021 0 18
366536 0 22
367949 0 18
369403 0 31
370898 0 12
372332 0 20
373807 0 33
375261 0 3
376735 0 18
378169 0 24
379643 0 34
381056 0 3
382572 0 21
384128 0 15
385603 0 17
387139 0 34
388634 0 8
390067 0 24
391583 0 21
393037 0 17
394511 0 18
396027 0 16
397440 0 30
398915 0 4
400389 0 19
401925 0 23
403338 0 17
404751 0 30
406144 0 7
407700 0 13
409113 0 15
410588 0 14
411981 0 23
413517 0 22
415012 0 16
416466 0 27
417920 0 3
419312 0 15
420787 0 21
422241 0 22
423695 0 33
425128 0 11
426583 0 19
428078 0 15
429593 0 24
431109 0 13
432501 0 20
434017 0 27
435409 0 10
436966 0 15
438358 0 18
439915 0 13
441307 0 14
442823 0 21
444338 0 17
445813 0 34
447206 0 5
448639 0 16
450052 0 35
451588 0 9
453001 0 22
454558 0 21
456114 0 27
457568 0 6
459043 0 23
460538 0 35
461992 0 7
463548 0 14
464941 0 14
466354 0 23
467869 0 24
469344 0 16
470778 0 35
472293 0 4
473727 0 19
475181 0 22
476635 0 25
478089 0 7
479604 0 24
481017 0 21
482533 0 24
484089 0 16
485461 0 15
486895 0 28
488411 0 3
489844 0 13
491298 0 21
492834 0 14
494329 0 17
495763 0 24
497237 0 24
498753 0 34
500186 0 12
501722 0 14
503135 0 21
504548 0 20
506043 0 19
507518 0 34
508972 0 3
510508 0 14
511983 0 17
513437 0 28
514932 0 3
516427 0 17
517881 0 13
519396 0 13
520912 0 21
522427 0 16
523820 0 34
525212 0 11
526769 0 14
528202 0 14
529595 0 15
531090 0 24
532503 0 28
533998 0 8
535555 0 13
537009 0 23
538401 0 14
539794 0 20
541371 0 35
542886 0 4
544258 0 20
545713 0 25
547187 0 7
548682 0 22
550177 0 27
551652 0 6
553188 0 15
554724 0 19
556280 0 13
557755 0 22
559250 0 26
560745 0 4
562158 0 15
563673 0 17
565209 0 16
566704 0 35
568117 0 11
569592 0 13
571107 0 36
572541 0 7
574036 0 17
575428 0 22
576903 0 23
578439 0 21
579913 0 28
581368 0 2
582781 0 13
584317 0 21
585812 0 26
587245 0 8
588720 0 20
590215 0 14
591607 0 15
593041 0 22
594618 0 16
596031 0 35
597587 0 12
599062 0 15
600557 0 31
602113 0 10
603588 0 24
605103 0 22
606517 0 33
607991 0 6
609425 0 21
610961 0 17
612394 0 21
613910 0 22
615446 0 21
617002 0 13
618395 0 19
619910 0 36
621446 0 5
622839 0 18
624272 0 26
625747 0 6
627180 0 24
628716 0 28
630170 0 3
631563 0 17
633017 0 36
634512 0 7
635946 0 15
637420 0 17
638813 0 16
640246 0 23
641701 0 29
643216 0 10
644711 0 22
646206 0 29
647742 0 7
649176 0 17
650712 0 31
652288 0 6
653763 0 21
655176 0 15
656630 0 17
658084 0 34
659477 0 4
660931 0 18
662385 0 18
663880 0 21
665314 0 18
666747 0 23
668242 0 32
669717 0 2
671150 0 24
672584 0 14
673976 0 32
675369 0 6
676823 0 15
678318 0 16
679772 0 29
681206 0 9
682783 0 19
684257 0 25
685691 0 7
687206 0 18
688742 0 25
690176 0 12
691609 0 23
693022 0 25
694436 0 2
695972 0 20
697569 0 13
699003 0 28
700477 0 7
701972 0 22
703385 0 23
704921 0 14
706314 0 28
707768 0 9
709222 0 19
710799 0 23
712232 0 21
713768 0 16
715181 0 29
716635 0 6
718069 0 22
719585 0 18
721018 0 21
722575 0 36
724008 0 5
725483 0 16
726875 0 15
728329 0 22
729783 0 16
731217 0 19
732712 0 35
734166 0 1
735559 0 21
737033 0 23
738467 0 35
739941 0 2
741436 0 19
742870 0 23
744365 0 24
745819 0 33
747375 0 3
748870 0 19
750304 0 29
751738 0 11
753212 0 17
754605 0 18
756100 0 17
757513 0 15
758967 0 18
760503 0 29
762039 0 5
763575 0 22
765049 0 17
766483 0 18
768039 0 23
769575 0 34
771111 0 3
772647 0 21
774142 0 31
775617 0 6
777112 0 24
778607 0 26
779999 0 7
781474 0 23
782887 0 26
784341 0 7
785775 0 18
787311 0 25
788826 0 1
790362 0 22
791837 0 20
793311 0 29
794786 0 7
796301 0 21
797735 0 25
799230 0 3
800745 0 22
802158 0 16
803674 0 19
805169 0 13
806602 0 24
808138 0 33
809654 0 11
811169 0 21
812623 0 19
814078 0 15
815511 0 30
816883 0 10
818337 0 23
819832 0 13
821225 0 23
822699 0 19
824215 0 28
825648 0 11
827123 0 23
828598 0 17
829990 0 17
831403 0 17
832816 0 13
834250 0 33
835663 0 4
837117 0 18
838592 0 13
840046 0 19
841459 0 20
842995 0 23
844551 0 19
846046 0 35
847521 0 7
849036 0 24
850470 0 24
851944 0 19
853501 0 27
854996 0 2
856388 0 20
857965 0 20
859501 0 16
860914 0 17
862368 0 33
863843 0 1
865236 0 15
866772 0 32
868287 0 2
869680 0 13
871113 0 14
872608 0 14
874144 0 19
875557 0 24
877011 0 27
878547 0 10
880042 0 18
881599 0 32
883114 0 8
884609 0 14
886043 0 27
887579 0 5
889094 0 19
890507 0 18
891962 0 23
893436 0 25
894931 0 12
896488 0 13
898023 0 19
899559 0 20
901034 0 16
902549 0 17
904065 0 34
905458 0 6
906932 0 16
908407 0 15
909943 0 22
911417 0 18
912933 0 15
914387 0 22
915964 0 26
917336 0 11
918831 0 16
920264 0 13
921677 0 18
923234 0 23
924749 0 19
926162 0 30
927658 0 11
929071 0 21
930566 0 24
931999 0 17
933474 0 25
934928 0 5
936361 0 17
975249 0 101
976642 0 101
978178 0 101
979611 0 101
981004 0 101
982519 0 101
983973 0 101
985386 0 101
986861 0 101
988376 0 101
989871 0 102
991264 0 102
992759 0 102
994172 0 102
995729 0 102
997285 0 102
998780 0 102
1000173 0 103
1001627 0 101
1003081 0 102
1004555 0 102
1006050 0 102
1007463 0 102
1008877 0 103
1010433 0 101
1011948 0 102
1013423 0 103
1014857 0 101
1016290 0 102
1017744 0 103
1019178 0 101
1020632 0 102
1022045 0 103
1023499 0 101
1025035 0 102
1026509 0 102
1028066 0 103
1029622 0 101
1031015 0 102
1032469 0 103
1033964 0 101
1035459 0 102
1036893 0 102
1038306 0 102
1039821 0 102
1041234 0 103
1042750 0 101
1044286 0 102
1045719 0 102
1047173 0 103
1048709 0 101
1050245 0 102
1051679 0 102
1053235 0 102
1054710 0 102
1056102 0 102
1057577 0 103
1059113 0 101
1060547 0 102
1061960 0 102
1063455 0 102
1064929 0 103
1066445 0 101
1067878 0 102
1069332 0 102
1070827 0 102
1072343 0 103
1073879 0 101
1075292 0 102
1076705 0 102
1078139 0 102
1079634 0 102
1081067 0 103
1082562 0 101
1083975 0 102
1085532 0 102
1087068 0 102
1088604 0 103
1090119 0 101
1091573 0 102
1092966 0 102
1094440 0 102
1095935 0 102
1097369 0 102
1098864 0 102
1100298 0 103
1101772 0 101
1103267 0 102
1104721 0 102
1106257 0 102
1107711 0 102
1109124 0 103
1110660 0 101
1112135 0 102
1113589 0 102
1115125 0 102
1116517 0 102
1117910 0 102
1119466 0 103
1120961 0 101
1122354 0 102
1123849 0 102
1125283 0 102
1126737 0 102
1128170 0 102
1129665 0 102
1131119 0 103
1132676 0 101
1134068 0 102
1135584 0 103
1137038 0 101
1138553 0 102
1140069 0 103
1141584 0 101
1143059 0 102
1144513 0 102
1146069 0 102
1147564 0 102
1149100 0 102
1150534 0 102
1151968 0 103
1153463 0 101
1154917 0 102
1156432 0 102
1157968 0 102
1159504 0 102
1160979 0 102
1162494 0 102
1163887 0 102
1165361 0 103
1166836 0 101
1168228 0 102
1169723 0 103
1171300 0 101
1172734 0 102
1174168 0 102
1175703 0 102
1177158 0 102
1178571 0 102
1180004 0 103
1181458 0 101
1182933 0 102
1184366 0 102
1185902 0 102
1187336 0 102
1188749 0 102
1190183 0 102
1191596 0 103
1193132 0 101
1194627 0 102
1196060 0 102
1197453 0 102
1198907 0 103
1200340 0 101
1201774 0 102
1203310 0 102
1204764 0 102
1206157 0 102
1207611 0 102
1209044 0 103
1210519 0 101
1212055 0 102
1213509 0 102
1215045 0 103
1216478 0 101
1217973 0 102
1219468 0 103
1220963 0 101
1222418 0 102
1223810 0 102
1225285 0 102
1226698 0 102
1228193 0 102
1229626 0 102
1231019 0 102
1232534 0 103
1233988 0 101
1235504 0 102
1236917 0 103
1238494 0 101
1239907 0 102
1241361 0 102
1242754 0 102
1244249 0 103
1245723 0 101
1247136 0 102
1248672 0 102
1250147 0 102
1251580 0 103
1253096 0 101
1254591 0 102
1256045 0 102
1257479 0 102
1258912 0 103
1260387 0 101
1261779 0 102
1263192 0 102
1264667 0 102
1266101 0 102
1267637 0 102
1269070 0 103
1270483 0 101
1271896 0 102
1273412 0 102
1274948 0 103
1276484 0 101
1278020 0 102
1279535 0 103
1281030 0 101
1282525 0 102
1283959 0 102
1285495 0 102
1287031 0 103
1288444 0 101
1289980 0 102
1291495 0 103
1292929 0 101
1294342 0 102
1295735 0 102
1297271 0 102
1298704 0 103
1300220 0 101
1301715 0 102
1303251 0 103
1304705 0 101
1306200 0 102
1307736 0 102
1309128 0 102
1310644 0 102
1312057 0 103
1313490 0 101
1314903 0 102
1316317 0 102
1317791 0 102
1319184 0 102
1320638 0 103
1322051 0 101
1323505 0 102
1325000 0 103
1326413 0 101
1327929 0 102
1329424 0 102
1330960 0 102
1332373 0 103
1333827 0 101
1335363 0 102
1336755 0 102
1338312 0 102
1339766 0 102
1341199 0 103
1342694 0 101
1344128 0 102
1345623 0 103
1347159 0 101
1348674 0 102
1350108 0 102
1351644 0 102
1353118 0 102
1354573 0 103
1356006 0 101
1357419 0 102
1358853 0 103
1360307 0 101
1361720 0 102
1363174 0 103
1364608 0 101
1366123 0 102
1367536 0 102
1368949 0 102
1370485 0 102
1371878 0 103
1373414 0 101
1374847 0 102
1376281 0 102
1377776 0 102
1379312 0 103
1380766 0 101
1382302 0 102
1383715 0 102
1385231 0 103
1386705 0 101
1388180 0 102
1389716 0 102
1391129 0 102
1392521 0 102
1394037 0 103
1395573 0 101
1396965 0 102
1398501 0 102
1399955 0 102
1401450 0 103
1402884 0 101
1404358 0 102
1405792 0 103
1407308 0 101
1408844 0 102
1410298 0 102
1411752 0 102
1413144 0 102
1414537 0 102
1416011 0 103
1417445 0 101
1419001 0 102
1420435 0 102
1421991 0 102
1423507 0 102
1425002 0 102
1426436 0 102
1427951 0 103
1429487 0 101
1430941 0 102
1432375 0 103
1433829 0 101
1435262 0 102
1436675 0 102
1438109 0 102
1439542 0 102
1441037 0 102
1442512 0 102
1443966 0 103
1445502 0 101
1447038 0 102
1448594 0 103
1450008 0 101
1451441 0 102
1452854 0 103
1454288 0 101
1455803 0 102
1457257 0 102
1458670 0 102
1460084 0 102
1461476 0 102
1462889 0 102
1464364 0 103
1465838 0 101
1467252 0 102
1468685 0 102
1470200 0 102
1471695 0 103
1473231 0 101
1474788 0 102
1476303 0 102
1477819 0 102
1479293 0 102
1480686 0 102
1482161 0 103
1483697 0 101
1485130 0 102
1486646 0 102
1488120 0 102
1489636 0 102
1491131 0 102
1492626 0 102
1494039 0 103
1495472 0 101
1496926 0 102
1498339 0 103
1499794 0 101
1501309 0 102
1502804 0 102
1504238 0 103
1505774 0 101
1507289 0 102
1508784 0 102
1510300 0 102
1511754 0 103
1513290 0 101
1514785 0 102
1516218 0 103
1517713 0 101
1519229 0 102
1520703 0 102
1522137 0 102
1523632 0 103
1525065 0 101
1526581 0 102
1528055 0 102
1529469 0 102
1530964 0 103
1532397 0 101
1533872 0 102
1535264 0 102
1536780 0 102
1538193 0 103
1539749 0 101
1541224 0 102
1542657 0 102
1544111 0 103
1545668 0 101
1547163 0 102
1548637 0 102
1550091 0 102
1551648 0 102
1553082 0 103
1554617 0 101
1556072 0 102
1557464 0 102
1558877 0 102
1560290 0 102
1561765 0 102
1563157 0 103
1564632 0 101
1566127 0 102
1567643 0 103
1569056 0 101
1570469 0 102
1571861 0 102
1573377 0 102
1574810 0 102
1576285 0 102
1577698 0 102
1579173 0 103
1580688 0 101
1582122 0 102
1583617 0 102
1585071 0 103
1586504 0 101
1587938 0 102
1589433 0 103
1590907 0 101
1592382 0 102
1593836 0 102
1595270 0 102
1596662 0 103
1598116 0 101
1599550 0 102
1601045 0 102
1602560 0 102
1603953 0 103
1605407 0 101
1606922 0 102
1608397 0 103
1609953 0 101
1611387 0 102
1612862 0 102
1614275 0 102
1615811 0 102
1617285 0 102
1618780 0 102
1620214 0 102
1621709 0 103
1623286 0 101
1624678 0 102
1626214 0 103
1627771 0 101
1629204 0 102
1630720 0 102
1632153 0 102
1633607 0 102
1635143 0 102
1636659 0 103
1638215 0 101
1639751 0 102
1641287 0 102
1642782 0 103
1644339 0 101
1645793 0 102
1647247 0 103
1648783 0 101
1650196 0 102
1651711 0 102
1653165 0 102
1654661 0 102
1656115 0 102
1657569 0 103
1659002 0 101
1660518 0 102
1662033 0 102
1663508 0 102
1665023 0 102
1666539 0 102
1668034 0 102
1669590 0 103
1671085 0 101
1672580 0 102
1673993 0 102
1675529 0 102
1676983 0 102
1678376 0 102
1679912 0 102
1681427 0 103
1682963 0 101
1684376 0 102
1685892 0 102
1687387 0 102
1688923 0 103
1690377 0 101
1691892 0 102
1693387 0 103
1694944 0 101
1696398 0 102
1697913 0 102
1699347 0 103
1700801 0 101
1702194 0 102
1703607 0 103
1705081 0 101
1706597 0 102
1708051 0 103
1709587 0 101
1710979 0 102
1712372 0 102
1713785 0 102
1715198 0 103
1716632 0 101
1718045 0 102
1719560 0 102
1720994 0 102
1722407 0 102
1723820 0 103
1725254 0 101
1726667 0 102
1728203 0 103
1729698 0 101
1731131 0 102
1732626 0 102
1734101 0 103
1735657 0 101
1737152 0 102
1738627 0 102
1740142 0 102
1741535 0 103
1743030 0 101
1744505 0 102
1745938 0 102
1747413 0 103
1748969 0 101
1750444 0 102
1751959 0 103
1753495 0 101
1754929 0 102
1756424 0 102
1757939 0 102
1759332 0 102
1760868 0 102
1762424 0 102
1763878 0 103
1765373 0 101
1766807 0 102
1768241 0 103
1769715 0 101
1771190 0 102
1772705 0 103
1774261 0 101
1775695 0 102
1777108 0 103
1778521 0 101
1779996 0 102
1781491 0 103
1782965 0 101
1784358 0 102
1785792 0 103
1787307 0 101
1788761 0 102
1790215 0 102
1791690 0 103
1793103 0 101
1794598 0 102
1796052 0 102
1797588 0 102
1799001 0 102
1800434 0 103
1801929 0 101
1803424 0 102
1804899 0 103
1806414 0 101
1807848 0 102
1809384 0 102
1810879 0 102
1812313 0 103
1813828 0 101
1815344 0 102
1816839 0 102
1818354 0 102
1819890 0 103
1821426 0 101
1822819 0 102
1824211 0 103
1825665 0 101
1827160 0 102
1828553 0 103
1830007 0 101
1831420 0 102
1832833 0 102
1834369 0 102
1835844 0 102
1837236 0 102
1838649 0 103
1840083 0 101
1841476 0 102
1842971 0 102
1844445 0 102
1845879 0 103
1847374 0 101
1848787 0 102
1850323 0 102
1851838 0 102
1853313 0 103
1854849 0 101
1856323 0 102
1857818 0 102
1859313 0 102
1860726 0 102
1862140 0 102
1863553 0 103
1864966 0 101
1866399 0 102
1867833 0 102
1869246 0 102
1870659 0 102
2220217 0 104
2221712 0 104
2223105 0 104
2224600 0 104
2226054 0 104
2227569 0 104
2229085 0 104
2230539 0 104
2232095 0 104
2233549 0 104
2234962 0 105
2236519 0 105
2237973 0 106
2239427 0 104
2240901 0 105
2242335 0 106
2243748 0 104
2245284 0 105
2246738 0 106
2248274 0 104
2249790 0 105
2251305 0 105
2252780 0 105
2254193 0 106
2255688 0 104
2257224 0 105
2258616 0 105
2260132 0 106
2261688 0 104
2263142 0 105
2264576 0 106
2265989 0 104
2267504 0 105
2268999 0 106
2270474 0 104
2272010 0 105
2273403 0 106
2274959 0 104
2276393 0 105
2277847 0 105
2279321 0 105
2280857 0 106
2282332 0 104
2283827 0 105
2285342 0 106
2286796 0 104
2288209 0 105
2289745 0 105
2291261 0 105
2292735 0 105
2294210 0 106
2295664 0 104
2297220 0 105
2298613 0 105
2300047 0 105
2301480 0 105
2302893 0 105
2304368 0 106
2305883 0 104
2307419 0 105
2308812 0 106
2310368 0 104
2311843 0 105
2313256 0 106
2314812 0 104
2316307 0 105
2317823 0 105
2319338 0 105
2320874 0 105
2322410 0 105
2323905 0 105
2325318 0 106
2326752 0 104
2328247 0 105
2329640 0 105
2331073 0 105
2332568 0 106
2334022 0 104
2335435 0 105
2336889 0 105
2338302 0 105
2339797 0 105
2341313 0 105
2342869 0 106
2344385 0 104
2345900 0 105
2347354 0 105
2348890 0 105
2350385 0 105
2351901 0 105
2353314 0 106
2354809 0 104
2356222 0 105
2357758 0 105
2359192 0 105
2360646 0 105
2362079 0 106
2363636 0 104
2365069 0 105
2366605 0 105
2367998 0 105
2369534 0 106
2371008 0 104
2372422 0 105
2373876 0 105
2375412 0 105
2376907 0 105
2378361 0 106
2379753 0 104
2381187 0 105
2382641 0 105
2384177 0 105
2385651 0 105
2387085 0 105
