35985 0 8
37562 0 12
39016 0 4
40532 0 12
41924 0 2
43358 0 4
44750 0 6
46184 0 2
47720 0 4
49174 0 5
50587 0 13
52103 0 13
53618 0 35
55113 0 7
56567 0 13
58062 0 13
59537 0 24
61011 0 35
62506 0 5
63960 0 14
65435 0 19
66889 0 21
68384 0 22
69858 0 32
71353 0 3
72807 0 15
74241 0 18
75695 0 23
77252 0 16
78624 0 19
80057 0 32
81491 0 9
82945 0 22
84419 0 24
85976 0 19
87512 0 15
89027 0 17
90481 0 14
91997 0 21
93430 0 33
94966 0 8
96482 0 20
97977 0 16
99513 0 23
100906 0 13
102421 0 33
103957 0 6
105411 0 23
106947 0 29
108462 0 11
109978 0 20
111493 0 26
112907 0 10
114422 0 18
115856 0 17
117330 0 16
118764 0 23
120238 0 22
121815 0 30
123249 0 4
124744 0 16
126157 0 17
127631 0 33
129126 0 11
130662 0 16
132137 0 14
133550 0 22
134984 0 27
136479 0 8
137994 0 22
139469 0 28
141005 0 1
142438 0 17
143933 0 28
145367 0 1
146821 0 14
148336 0 23
149893 0 17
151408 0 19
152944 0 22
154501 0 22
156057 0 36
157634 0 4
159027 0 22
160522 0 19
162058 0 14
163532 0 14
164986 0 31
166461 0 6
167997 0 21
169451 0 16
170946 0 18
172379 0 24
173936 0 26
175410 0 11
176905 0 14
178319 0 17
179773 0 21
181227 0 19
182701 0 24
184196 0 32
185650 0 12
187145 0 14
188538 0 30
189951 0 5
191385 0 21
192941 0 29
194456 0 1
195849 0 20
197406 0 20
198860 0 30
200355 0 5
201809 0 14
203304 0 19
204758 0 35
206150 0 3
207563 0 17
208956 0 27
210369 0 9
211885 0 17
213359 0 15
214793 0 35
216206 0 2
217701 0 20
219237 0 19
220670 0 16
222104 0 33
223538 0 1
225033 0 22
226487 0 22
227900 0 16
229374 0 18
230910 0 16
232405 0 30
233880 0 9
235313 0 22
236829 0 15
238221 0 18
239737 0 20
241293 0 16
242706 0 16
244161 0 32
245594 0 8
247048 0 18
248502 0 33
249997 0 10
251533 0 24
252946 0 30
254400 0 6
255957 0 20
257554 0 36
259049 0 3
260483 0 18
261957 0 31
263473 0 12
264968 0 22
266442 0 16
267855 0 15
269412 0 21
270927 0 35
272361 0 9
273897 0 15
275453 0 36
276887 0 5
278402 0 24
279898 0 21
281352 0 23
282785 0 23
284280 0 20
285714 0 13
287168 0 27
288683 0 11
290117 0 17
291509 0 27
292923 0 1
294438 0 18
295913 0 16
297387 0 19
298944 0 24
300459 0 15
301934 0 34
303367 0 11
304842 0 24
306357 0 14
307750 0 19
309265 0 36
310801 0 2
312214 0 21
313730 0 17
315163 0 26
316577 0 10
318051 0 16
319505 0 35
321021 0 7
322577 0 15
324134 0 34
325649 0 11
327185 0 19
328660 0 25
330195 0 5
331711 0 14
333104 0 17
334640 0 34
336155 0 4
337589 0 18
339084 0 15
340476 0 20
342053 0 25
343569 0 5
345064 0 21
346477 0 22
347890 0 16
349344 0 23
350778 0 34
352170 0 5
353563 0 22
355119 0 25
356594 0 8
358150 0 17
359543 0 19
361079 0 26
362574 0 10
364048 0 20
365584 0 22
367038 0 21
368574 0 19
370110 0 20
371544 0 31
373059 0 7
374595 0 22
376049 0 19
377606 0 28
379142 0 8
380657 0 19
382152 0 16
383565 0 15
384979 0 23
386474 0 18
388050 0 18
389505 0 17
390918 0 25
392331 0 4
393867 0 18
395362 0 20
396918 0 22
398352 0 32
399847 0 4
401260 0 16
402652 0 32
404147 0 12
405602 0 17
406994 0 15
408387 0 16
409902 0 24
411438 0 34
412913 0 3
414326 0 16
415739 0 14
417275 0 15
418811 0 22
420306 0 29
421780 0 7
423316 0 20
424852 0 14
426388 0 34
427863 0 3
429317 0 22
430812 0 17
432307 0 16
433700 0 33
435256 0 6
436812 0 17
438328 0 15
439721 0 17
441175 0 18
442752 0 17
444206 0 20
445701 0 19
447257 0 29
448691 0 3
450227 0 23
451660 0 24
453094 0 17
454507 0 15
455981 0 30
457435 0 2
458910 0 18
460405 0 22
461880 0 14
463416 0 19
464992 0 14
466365 0 32
467757 0 11
469232 0 19
470727 0 29
472140 0 12
473573 0 22
475109 0 24
476522 0 18
478079 0 24
479513 0 18
480946 0 34
482339 0 1
483813 0 24
485226 0 14
486680 0 13
488093 0 19
489548 0 23
491022 0 15
492517 0 33
494033 0 10
495589 0 19
497125 0 34
498579 0 3
500115 0 24
501528 0 20
503044 0 24
504580 0 27
505972 0 6
507549 0 20
509044 0 18
510519 0 22
512014 0 19
513447 0 17
514901 0 15
516355 0 26
517871 0 8
519407 0 20
520840 0 17
522376 0 32
523851 0 4
525387 0 22
526964 0 21
528397 0 34
529913 0 12
531449 0 14
532944 0 13
534337 0 19
535852 0 24
537265 0 28
538801 0 9
540337 0 18
541832 0 24
543388 0 21
544843 0 16
546297 0 23
547812 0 34
549328 0 2
550741 0 24
552195 0 24
553690 0 16
555103 0 24
556618 0 21
558175 0 15
559608 0 31
561144 0 4
562557 0 21
564032 0 16
565568 0 22
567124 0 17
568558 0 14
570053 0 20
571568 0 13
573084 0 25
574559 0 5
576033 0 22
577549 0 32
578962 0 1
580395 0 23
581829 0 34
583324 0 1
584798 0 22
586273 0 29
587665 0 11
589181 0 17
590696 0 24
592171 0 20
593687 0 24
595222 0 19
596758 0 30
598253 0 3
599748 0 21
601203 0 15
602595 0 22
604090 0 22
605647 0 16
607162 0 24
608719 0 22
610254 0 34
611750 0 6
613224 0 22
614719 0 15
616235 0 21
617771 0 20
619307 0 25
620720 0 10
622276 0 17
623812 0 16
625246 0 17
626638 0 24
628031 0 24
629464 0 29
630980 0 5
632475 0 20
634011 0 13
635424 0 15
636960 0 18
638496 0 25
639950 0 12
641466 0 16
643001 0 22
644558 0 23
646073 0 19
647507 0 18
649043 0 19
650497 0 23
651890 0 34
653282 0 9
654818 0 13
656334 0 13
657870 0 18
659406 0 25
660942 0 12
662416 0 16
663870 0 33
665283 0 2
666717 0 13
668253 0 36
669768 0 1
671263 0 22
672799 0 29
674294 0 9
675830 0 16
677264 0 32
678759 0 3
680233 0 20
681708 0 24
683162 0 13
684596 0 20
686173 0 18
687647 0 25
689163 0 10
690596 0 21
692030 0 13
693443 0 31
694958 0 2
696433 0 23
697825 0 14
699198 0 26
700713 0 4
702106 0 15
703621 0 31
705178 0 8
706714 0 16
708168 0 36
709601 0 1
711076 0 24
712591 0 20
714148 0 17
715581 0 20
717056 0 31
718612 0 12
720148 0 16
721541 0 14
722933 0 13
724469 0 20
725964 0 14
727480 0 33
728995 0 7
730429 0 13
731863 0 20
733440 0 16
734873 0 15
736286 0 16
737802 0 21
739235 0 30
740628 0 5
742164 0 20
743720 0 36
745236 0 1
746649 0 23
748164 0 19
749680 0 21
751175 0 17
752711 0 27
754226 0 8
755721 0 19
757175 0 20
758609 0 24
760043 0 22
761517 0 21
762930 0 16
764425 0 23
765961 0 28
767436 0 5
768849 0 16
770364 0 27
771880 0 11
773416 0 23
774829 0 21
776385 0 35
777880 0 10
779293 0 16
780727 0 28
782161 0 11
783697 0 22
785233 0 25
786687 0 10
788223 0 22
789697 0 13
791213 0 23
792708 0 15
794244 0 30
795677 0 4
797152 0 21
798647 0 14
800121 0 23
801575 0 14
803111 0 15
804586 0 16
806019 0 36
807494 0 5
808968 0 23
810422 0 31
811897 0 7
813433 0 17
814948 0 25
816423 0 1
817898 0 20
819413 0 21
820888 0 22
822424 0 22
823857 0 33
825291 0 12
826683 0 13
828199 0 24
829714 0 29
831189 0 4
832704 0 13
834240 0 21
835797 0 32
837210 0 4
838725 0 14
840159 0 36
841715 0 2
843251 0 23
844787 0 13
846180 0 20
847695 0 17
849231 0 27
850685 0 4
852180 0 22
853635 0 32
855048 0 9
856604 0 16
858038 0 22
859594 0 23
861028 0 13
862441 0 17
863977 0 25
865472 0 4
866926 0 18
868503 0 35
869998 0 6
871534 0 18
873029 0 27
874421 0 12
875855 0 18
877309 0 31
878804 0 9
880217 0 18
881733 0 23
883166 0 22
884641 0 15
886033 0 23
887426 0 32
888859 0 10
890314 0 15
891706 0 24
893201 0 17
894655 0 36
896191 0 2
897604 0 23
898997 0 18
900410 0 14
901803 0 31
903359 0 12
904772 0 24
906165 0 17
907598 0 24
909052 0 33
910588 0 5
912001 0 14
913496 0 24
914930 0 31
916446 0 5
917900 0 21
919333 0 15
920828 0 28
922364 0 10
923818 0 15
925354 0 20
926808 0 27
928201 0 3
929634 0 24
931170 0 33
932584 0 7
934119 0 15
935574 0 18
937089 0 21
1024705 0 101
1026241 0 101
1027695 0 101
1029210 0 101
1030726 0 101
1032221 0 101
1033634 0 101
1035170 0 101
1036665 0 101
1038119 0 101
1039634 0 102
1041109 0 102
1042563 0 102
1044017 0 102
1045532 0 103
1047048 0 101
1048461 0 102
1049915 0 102
1051451 0 102
1052844 0 102
1054318 0 102
1055731 0 102
1057226 0 103
1058701 0 101
1060196 0 102
1061609 0 102
1063104 0 102
1064517 0 102
1066032 0 103
1067446 0 101
1068838 0 102
1070292 0 102
1071705 0 102
1073200 0 102
1074736 0 103
1076190 0 101
1077706 0 102
1079139 0 102
1080614 0 102
1082089 0 103
1083645 0 101
1085038 0 102
1086430 0 102
1087905 0 102
1089338 0 102
1090772 0 102
1092205 0 103
1093660 0 101
1095216 0 102
1096609 0 102
1098063 0 102
1099496 0 102
1101032 0 103
1102507 0 101
1104002 0 102
1105456 0 103
1106869 0 101
1108262 0 102
1109797 0 102
1111190 0 102
1112603 0 102
1113996 0 103
1115511 0 101
1117006 0 102
1118481 0 102
1119976 0 102
1121389 0 102
1122884 0 102
1124297 0 103
1125751 0 101
1127267 0 102
1128659 0 102
1130072 0 102
1131547 0 103
1133103 0 101
1134639 0 102
1136052 0 102
1137506 0 103
1139083 0 101
1140558 0 102
1142012 0 103
1143425 0 101
1144838 0 102
1146272 0 102
1147705 0 102
1149159 0 102
1150572 0 102
1152067 0 103
1153522 0 101
1155017 0 102
1156491 0 103
1157966 0 101
1159399 0 102
1160874 0 102
1162410 0 102
1163884 0 103
1165297 0 101
1166813 0 102
1168267 0 102
1169803 0 102
1171277 0 102
1172670 0 102
1174083 0 102
1175537 0 103
1177032 0 101
1178507 0 102
1180022 0 102
1181538 0 102
1183012 0 102
1184548 0 102
1186002 0 103
1187456 0 101
1188972 0 102
1190487 0 103
1191900 0 101
1193293 0 102
1194788 0 102
1196201 0 102
1197635 0 102
1199068 0 102
1200584 0 102
1202099 0 103
1203553 0 101
1205007 0 102
1206441 0 103
1207936 0 101
1209390 0 102
1210885 0 103
1212380 0 101
1213875 0 102
1215390 0 102
1216845 0 102
1218340 0 102
1219876 0 103
1221432 0 101
1222947 0 102
1224463 0 103
1225958 0 101
1227371 0 102
1228825 0 103
1230361 0 101
1231877 0 102
1233392 0 102
1234846 0 102
1236362 0 103
1237775 0 101
1239229 0 102
1240683 0 102
1242219 0 102
1243693 0 103
1245127 0 101
1246663 0 102
1248138 0 102
1249632 0 103
1251046 0 101
1252561 0 102
1254056 0 103
1255572 0 101
1257046 0 102
1258459 0 102
1259975 0 102
1261367 0 102
1262760 0 103
1264193 0 101
1265729 0 102
1267265 0 102
1268699 0 102
1270153 0 103
1271607 0 101
1273082 0 102
1274536 0 102
1276072 0 103
1277546 0 101
1279082 0 102
1280577 0 102
1282052 0 103
1283526 0 101
1285042 0 102
1286455 0 102
1287909 0 102
1289342 0 102
1290837 0 102
1292251 0 103
1293787 0 101
1295179 0 102
1296572 0 102
1298087 0 102
1299521 0 102
1301016 0 103
1302572 0 101
1304026 0 102
1305460 0 102
1306853 0 102
1308348 0 102
1309884 0 102
1311297 0 103
1312833 0 101
1314246 0 102
1315720 0 102
1317133 0 102
1318546 0 103
1320103 0 101
1321577 0 102
1323031 0 102
1324526 0 102
1325919 0 102
1327373 0 102
1328827 0 102
1330261 0 103
1331797 0 101
1333271 0 102
1334746 0 102
1336159 0 102
1337572 0 102
1339067 0 102
1340480 0 103
1341914 0 101
1343450 0 102
1344842 0 102
1346378 0 102
1347914 0 102
1349348 0 102
1350761 0 103
1352256 0 101
1353710 0 102
1355123 0 102
1356536 0 102
1358072 0 103
1359485 0 101
1360898 0 102
1362414 0 103
1363929 0 101
1365322 0 102
1366837 0 102
1368312 0 103
1369786 0 101
1371220 0 102
1372756 0 102
1374210 0 102
1375623 0 102
1377180 0 103
1378695 0 101
1380108 0 102
1381562 0 102
1383016 0 103
1384532 0 101
1385986 0 102
1387378 0 102
1388874 0 102
1390348 0 102
1391761 0 102
1393256 0 102
1394792 0 102
1396185 0 103
1397680 0 101
1399216 0 102
1400731 0 102
1402247 0 102
1403639 0 102
1405052 0 103
1406465 0 101
1408001 0 102
1409537 0 103
1410971 0 101
1412364 0 102
1413879 0 103
1415456 0 101
1416951 0 102
1418344 0 103
1419777 0 101
1421170 0 102
1422603 0 103
1424017 0 101
1425512 0 102
1426925 0 103
1428481 0 101
1429915 0 102
1431328 0 102
1432720 0 102
1434113 0 103
1435669 0 101
1437124 0 102
1438659 0 103
1440175 0 101
1441588 0 102
1443022 0 102
1444578 0 102
1445971 0 102
1447466 0 103
1448899 0 101
1450312 0 102
1451746 0 102
1453282 0 103
1454838 0 101
1456292 0 102
1457808 0 102
1459262 0 102
1460777 0 102
1462293 0 102
1463808 0 103
1465242 0 101
1466758 0 102
1468212 0 103
1469727 0 101
1471140 0 102
1472574 0 103
1474130 0 101
1475666 0 102
1477161 0 102
1478554 0 103
1480028 0 101
1481441 0 102
1482916 0 102
1484431 0 102
1485845 0 103
1487340 0 101
1488753 0 102
1490186 0 103
1491599 0 101
1493033 0 102
1494487 0 103
1496043 0 101
1497518 0 102
1499013 0 103
1500467 0 101
1501942 0 102
1503375 0 102
1504829 0 103
1506365 0 101
1507799 0 102
1509212 0 102
1510645 0 102
1512099 0 102
1513635 0 102
1515171 0 103
1516646 0 101
1518080 0 102
1519493 0 103
1521049 0 101
1522442 0 102
1523896 0 103
1525473 0 101
1526968 0 102
1528463 0 102
1529876 0 102
1531289 0 102
1532845 0 103
1534402 0 101
1535938 0 102
1537412 0 102
1538948 0 102
1540402 0 102
1541938 0 102
1543351 0 103
1544846 0 101
1546382 0 102
1547918 0 103
1549475 0 101
1550970 0 102
1552383 0 102
1553857 0 102
1555250 0 102
1556684 0 102
1558117 0 102
1559592 0 102
1561107 0 103
1562520 0 101
1564036 0 102
1565428 0 103
1566923 0 101
1568398 0 102
1569893 0 102
1571327 0 102
1572822 0 102
1574235 0 102
1575689 0 102
1577102 0 103
1578535 0 101
1580030 0 102
1581484 0 103
1583000 0 101
1584536 0 102
1586072 0 103
1587628 0 101
1589041 0 102
1590598 0 102
1592093 0 103
1593649 0 101
1595103 0 102
1596639 0 102
1598114 0 102
1599507 0 102
1600940 0 102
1602415 0 102
1603848 0 102
1605241 0 103
1606715 0 101
1608169 0 102
1609603 0 103
1611037 0 101
1612470 0 102
1613904 0 102
1615317 0 102
1616791 0 103
1618327 0 101
1619802 0 102
1621297 0 103
1622853 0 101
1624328 0 102
1625782 0 102
1627195 0 102
1628608 0 103
1630083 0 101
1631639 0 102
1633052 0 103
1634486 0 101
1636022 0 102
1637435 0 103
1638950 0 101
1640343 0 102
1641858 0 102
1643394 0 102
1644910 0 102
1646343 0 102
1647777 0 103
1649252 0 101
1650726 0 102
1652180 0 102
1653696 0 102
1655191 0 102
1656727 0 102
1658242 0 103
1659676 0 101
1661068 0 102
1662604 0 102
1664140 0 102
1665635 0 102
1667028 0 102
1668564 0 102
1670079 0 102
1671554 0 103
1673090 0 101
1674482 0 102
1675957 0 102
1677391 0 102
1678845 0 102
1680299 0 102
1681814 0 103
1683309 0 101
1684722 0 102
1686258 0 102
1687774 0 102
1689248 0 102
1690784 0 102
1692177 0 103
1693692 0 101
1695187 0 102
1696580 0 102
1698096 0 102
1699611 0 102
1701045 0 103
1702601 0 101
1704117 0 102
1705571 0 102
1707066 0 103
1708520 0 101
1710015 0 102
1711428 0 102
1712861 0 103
1714315 0 101
1715728 0 102
1717203 0 102
1718657 0 102
1720070 0 102
1721586 0 103
1723101 0 101
1724535 0 102
1726030 0 102
1727545 0 102
1729040 0 102
1730474 0 103
1731989 0 101
1733402 0 102
1734938 0 103
1736433 0 101
1737949 0 102
1739382 0 102
1740796 0 102
1742188 0 103
1743642 0 101
1745096 0 102
1746632 0 102
1748045 0 102
1749520 0 102
1750912 0 102
1752448 0 102
1753903 0 103
1755316 0 101
1756790 0 102
1758306 0 102
1759780 0 102
1761316 0 102
1762770 0 102
1764183 0 103
1765719 0 101
1767173 0 102
1768566 0 103
1770000 0 101
1771413 0 102
1772928 0 102
1774423 0 102
1775836 0 103
1777352 0 101
1778826 0 102
1780260 0 102
1781755 0 103
1783311 0 101
1784704 0 102
1786260 0 103
1787714 0 101
1789271 0 102
1790684 0 102
1792097 0 102
1793633 0 102
1795149 0 102
1796664 0 102
1798139 0 102
1799572 0 103
1801108 0 101
1802603 0 102
1804078 0 102
1805614 0 102
1807047 0 102
1808563 0 103
1809996 0 101
1811532 0 102
1813048 0 102
1814481 0 102
1815956 0 103
1817369 0 101
1818782 0 102
1820297 0 103
1821772 0 101
1823308 0 102
1824742 0 103
1826298 0 101
1827732 0 102
1829268 0 102
1830701 0 103
1832217 0 101
1833630 0 102
1835104 0 102
1836640 0 102
1838074 0 103
1839569 0 101
1840982 0 102
1842497 0 102
1843972 0 102
1845508 0 102
1846901 0 103
1848375 0 101
1849911 0 102
1851304 0 102
1852758 0 102
1854253 0 102
1855686 0 103
1857161 0 101
1858574 0 102
1860069 0 103
1861605 0 101
1863018 0 102
1864493 0 102
1865988 0 103
1867462 0 101
1868978 0 102
1870493 0 103
1871906 0 101
1873422 0 102
1874937 0 102
1876432 0 103
1877866 0 101
1879320 0 102
1880835 0 103
1882269 0 101
1883702 0 102
1885197 0 102
1886754 0 102
1888290 0 102
1889785 0 103
1891239 0 101
1892714 0 102
1894168 0 102
1895642 0 102
1897076 0 102
1898571 0 102
1900045 0 102
1901499 0 103
1903015 0 101
1904551 0 102
1906025 0 103
1907500 0 101
1908913 0 102
1910469 0 102
1911882 0 102
1913316 0 103
1914831 0 101
1916306 0 102
1917781 0 102
1919317 0 102
1920832 0 102
1941781 0 44
1943317 0 45
1944771 0 42
1946246 0 48
1947679 0 47
1949195 0 45
1950628 0 43
1952205 0 48
1953741 0 37
1955216 0 43
1956649 0 57
1958083 0 57
1959537 0 53
1961052 0 49
1962486 0 70
1963899 0 46
1965374 0 52
1966828 0 57
1968282 0 54
1969797 0 58
1971354 0 64
1972869 0 45
1974405 0 52
1975859 0 51
1977272 0 59
1978726 0 61
1980201 0 47
1981757 0 57
1983211 0 51
1984747 0 51
1986242 0 58
1987737 0 53
1989191 0 60
1990727 0 71
1992202 0 48
1993615 0 53
1995028 0 62
1996564 0 47
1998120 0 49
1999636 0 49
2001069 0 55
2002483 0 49
2003937 0 51
2005411 0 59
2006824 0 63
2008237 0 45
2009691 0 57
2011125 0 67
2012620 0 41
2014156 0 55
2015692 0 55
2017187 0 57
2018723 0 54
2020218 0 71
2021713 0 40
2023167 0 54
2024580 0 56
2025993 0 59
2027427 0 58
2028860 0 52
2030273 0 61
2031809 0 45
2033366 0 50
2034820 0 59
2036335 0 51
2037749 0 58
2039325 0 49
2040861 0 57
2042295 0 57
2043790 0 71
2045285 0 37
2046739 0 52
2048296 0 61
2049852 0 43
2051367 0 51
2052801 0 60
2054357 0 53
2055853 0 49
2057409 0 50
2058924 0 56
2060460 0 64
2061874 0 42
2063389 0 57
2064905 0 72
2066440 0 48
2067854 0 55
2069349 0 54
2070803 0 54
2072257 0 72
2073649 0 41
2075103 0 52
2076660 0 54
2078155 0 56
2079670 0 57
2081227 0 53
2082742 0 62
2084196 0 48
2085753 0 50
2087248 0 50
2088804 0 57
2090299 0 71
2091794 0 44
2093289 0 51
2094702 0 53
2096218 0 49
2097672 0 56
2099167 0 69
2100641 0 48
2102137 0 51
2103550 0 65
2105086 0 42
2106601 0 50
2108157 0 51
2109632 0 59
2111168 0 57
2112602 0 54
2114015 0 55
2115489 0 70
2116984 0 44
2118479 0 51
2119913 0 54
2121326 0 60
2122821 0 59
2124377 0 68
2125831 0 37
2127265 0 57
2128842 0 70
2130296 0 46
2131852 0 50
2133388 0 67
2134945 0 46
2136481 0 57
2137996 0 51
2139532 0 56
2141048 0 54
2142584 0 63
2144079 0 46
2145553 0 53
2146966 0 59
2148461 0 68
2149916 0 37
2151329 0 56
2152824 0 50
2154278 0 62
2155773 0 40
2157227 0 58
2158742 0 60
2160237 0 67
2161732 0 44
2163145 0 51
2164538 0 63
2165951 0 40
2167487 0 55
2169002 0 51
2170457 0 62
2171993 0 42
2173528 0 56
2175044 0 64
2176498 0 48
2177993 0 58
2179529 0 71
2180963 0 42
2182478 0 51
2183871 0 69
2185345 0 44
2186861 0 49
2188294 0 57
2189851 0 57
2191366 0 60
2192841 0 71
2194397 0 45
2195913 0 60
2197428 0 65
2198944 0 47
2200398 0 57
2201852 0 64
2203265 0 46
2204699 0 60
2206112 0 56
2207566 0 69
2209040 0 41
2210576 0 49
2212071 0 50
2213587 0 71
2215123 0 39
2216618 0 50
2218031 0 49
2219444 0 53
2220877 0 50
2222311 0 57
2223847 0 65
2225383 0 37
2226878 0 57
2228414 0 52
2229991 0 58
2231465 0 49
2232940 0 60
2234476 0 53
2235930 0 67
2237405 0 41
2238961 0 52
2240374 0 57
2241931 0 51
2243385 0 55
2244900 0 56
2246354 0 65
2247870 0 45
2249406 0 52
2250819 0 52
2252355 0 59
2253768 0 66
2255263 0 46
2256758 0 56
2258191 0 52
2259686 0 54
2261202 0 52
2262738 0 49
2264192 0 71
2265646 0 38
2267100 0 53
2268656 0 53
2270131 0 59
2271687 0 54
2273141 0 57
2274636 0 69
2276172 0 42
2277626 0 52
2279060 0 70
2280473 0 38
2282030 0 54
2283484 0 63
2285020 0 40
2286535 0 56
2287948 0 54
2289464 0 56
2290959 0 50
2292474 0 56
2293949 0 69
2295423 0 42
2296980 0 49
2298495 0 58
2299949 0 60
2301383 0 54
2302857 0 49
2304352 0 64
2305807 0 46
2307342 0 58
2308838 0 60
2310271 0 57
2311827 0 68
2313343 0 45
2314920 0 49
2316415 0 71
2317889 0 45
2319405 0 55
2320839 0 71
2322354 0 48
2323870 0 49
2325303 0 66
2326839 0 40
2328252 0 59
2329645 0 62
2331119 0 39
2332676 0 59
2334109 0 49
2335625 0 56
2337181 0 58
2338615 0 60
2340028 0 52
2341462 0 57
2342957 0 66
2344472 0 39
2345967 0 52
2347380 0 51
2348855 0 51
2350350 0 54
2351783 0 57
2353360 0 69
2354937 0 38
2356473 0 52
2357907 0 72
2359361 0 37
2360835 0 49
2362371 0 69
2363928 0 39
2365423 0 49
2366938 0 57
2368495 0 58
2369969 0 70
2371382 0 38
2372877 0 53
2374413 0 64
2375847 0 37
2377383 0 50
2378857 0 50
2380414 0 54
2381929 0 53
2383424 0 54
2384960 0 71
2386353 0 45
2387889 0 58
2389363 0 70
2390858 0 42
2392374 0 53
2393787 0 60
2395282 0 53
2396818 0 49
2398252 0 57
2399706 0 70
2401160 0 45
2402573 0 53
2403965 0 50
2405481 0 54
2406955 0 49
2408430 0 49
2409863 0 59
2411277 0 60
2412833 0 63
2414369 0 37
2415864 0 50
2417400 0 50
2418834 0 56
2420390 0 70
2421762 0 38
2423257 0 60
2424752 0 61
2426186 0 40
2427660 0 55
2429155 0 70
2430589 0 47
2432125 0 55
2433640 0 55
2435094 0 67
2436528 0 45
2438023 0 50
2439538 0 63
2441095 0 40
2442508 0 49
2444065 0 57
2445580 0 53
2446993 0 56
2448406 0 71
2449881 0 47
2451294 0 52
2452748 0 54
2454243 0 58
2455758 0 67
2457212 0 46
2458687 0 57
2460141 0 61
2461677 0 42
2463172 0 57
2464606 0 50
2466101 0 68
2467616 0 39
2469091 0 52
2470524 0 69
2471999 0 48
2473514 0 55
2475030 0 68
2476525 0 46
2477958 0 56
2479515 0 53
2480969 0 59
2482464 0 54
2483877 0 53
2485290 0 58
2486867 0 63
2488280 0 48
2489816 0 60
2491291 0 53
2492786 0 55
2494260 0 58
2495735 0 56
2497271 0 49
2498807 0 50
2500281 0 72
2501817 0 40
2503312 0 49
2504848 0 70
2506364 0 38
2507797 0 50
2509292 0 62
2510787 0 48
2512262 0 53
2513757 0 53
2515293 0 59
2516849 0 50
2518324 0 60
2519860 0 49
2521396 0 64
2522829 0 44
2524324 0 60
2525758 0 57
2527294 0 51
2528707 0 63
2530120 0 39
2531574 0 58
2533110 0 58
2534646 0 54
2536039 0 60
2537472 0 63
2538885 0 45
2540360 0 49
2541896 0 57
2543452 0 49
2544947 0 52
2546422 0 61
2547896 0 42
2549330 0 56
2550804 0 54
2552320 0 51
2553733 0 59
2555289 0 57
2556764 0 61
2558279 0 38
2559815 0 60
2561229 0 56
2562723 0 55
2564157 0 63
2565632 0 42
2567065 0 56
2568478 0 55
2570014 0 53
2571448 0 56
2573004 0 65
2574499 0 48
2575953 0 60
2577510 0 61
2578923 0 42
2580459 0 56
2581974 0 56
2583469 0 59
2584903 0 51
2586418 0 58
2587954 0 66
2589388 0 43
2590863 0 59
2592276 0 51
2593709 0 51
2595143 0 59
2596556 0 61
2598092 0 40
2599546 0 52
2601000 0 67
2602536 0 42
2603970 0 59
2605444 0 53
2606878 0 60
2608332 0 50
2609786 0 57
2611301 0 53
2612776 0 71
2614271 0 38
2615786 0 49
2617199 0 68
2618694 0 38
2620107 0 51
2621500 0 52
2622954 0 56
2624449 0 54
2625842 0 54
2627378 0 72
2628832 0 37
2630368 0 59
2631842 0 59
2633317 0 56
2634771 0 61
2636245 0 41
2637781 0 50
2639256 0 64
2640771 0 42
2642307 0 56
2643741 0 56
2645256 0 52
2646792 0 59
2648308 0 59
2649721 0 52
2651298 0 63
2652711 0 47
2654124 0 52
2655660 0 51
2657196 0 57
2658650 0 50
2660145 0 59
2661579 0 57
2663094 0 62
2664569 0 44
2666043 0 51
2667497 0 52
2668931 0 70
2670385 0 40
2671900 0 50
2673457 0 67
2674890 0 40
2676324 0 60
2677799 0 57
2679273 0 50
2680686 0 68
2682099 0 42
2683574 0 56
2685089 0 56
2686543 0 66
2688038 0 46
2689472 0 50
2690947 0 63
2692442 0 43
2693977 0 54
2695534 0 65
2697070 0 42
2698565 0 56
2700121 0 50
2701596 0 56
2703091 0 49
2704525 0 58
2705958 0 56
2707474 0 69
2708928 0 42
2710484 0 52
2712041 0 68
2713515 0 37
2714990 0 50
2716403 0 66
2717816 0 40
2719290 0 50
2720785 0 49
2722301 0 70
2723673 0 42
2725086 0 59
2726602 0 72
2727994 0 42
2729407 0 60
2730923 0 62
2732479 0 46
2734036 0 51
2735531 0 53
2737005 0 53
2738500 0 56
2740057 0 63
2741531 0 44
2742965 0 57
2744398 0 50
2745914 0 59
2747450 0 50
2748965 0 59
2750378 0 70
2751771 0 40
2753307 0 57
2754863 0 52
2756420 0 53
2757935 0 71
2759471 0 41
2760987 0 59
2762502 0 58
2764038 0 72
2765574 0 48
2767110 0 51
2768605 0 49
2770080 0 72
2771534 0 45
2773029 0 56
2774544 0 58
2775978 0 56
2777473 0 52
2778968 0 52
2780422 0 68
2781856 0 37
2783310 0 58
2784784 0 50
2786341 0 63
2787856 0 38
2789413 0 53
2790846 0 58
2792300 0 50
2793754 0 62
2795229 0 44
2796703 0 52
2798260 0 50
2799693 0 70
2801168 0 39
2802601 0 53
2804015 0 52
2805571 0 54
2807025 0 69
2808438 0 47
2809954 0 57
2811490 0 59
2812923 0 51
2814357 0 49
2815770 0 54
2817285 0 56
2818760 0 68
2820296 0 44
2821791 0 50
2823286 0 53
2824863 0 56
2826399 0 50
2827955 0 54
2829430 0 69
2830863 0 42
2832338 0 55
2833833 0 55
2835246 0 58
2836741 0 65
2838175 0 46
2839731 0 50
2841247 0 54
2842762 0 66
2844319 0 47
2845752 0 49
2859972 0 104
2861467 0 104
2862962 0 104
2864355 0 104
2865911 0 104
2867365 0 104
2868840 0 104
2870253 0 104
2871707 0 104
2873140 0 104
2874615 0 105
2876069 0 105
2877625 0 105
2879182 0 105
2880677 0 105
2882233 0 105
2883749 0 105
2885305 0 106
2886718 0 104
2888111 0 105
2889627 0 106
2891060 0 104
2892555 0 105
2894071 0 106
2895566 0 104
2896999 0 105
2898474 0 105
2899969 0 106
2901402 0 104
2902918 0 105
2904331 0 105
2905887 0 106
2907382 0 104
2908939 0 105
2910413 0 105
2911847 0 106
2913281 0 104
2914755 0 105
2916168 0 105
2917602 0 105
2919117 0 105
2920612 0 105
2922128 0 106
2923541 0 104
2924995 0 105
2926387 0 105
2927923 0 105
2929439 0 105
2930852 0 105
2932306 0 106
2933740 0 104
2935214 0 105
2936771 0 105
2938307 0 106
2939740 0 104
2941133 0 105
2942648 0 105
2944205 0 105
2945741 0 105
2947236 0 106
2948628 0 104
2950164 0 105
2951618 0 106
2953175 0 104
2954649 0 105
2956103 0 106
2957557 0 104
2958991 0 105
2960404 0 105
2961879 0 106
2963333 0 104
2964869 0 105
2966302 0 105
2967838 0 105
2969354 0 105
2970910 0 106
2972344 0 104
2973777 0 105
2975313 0 105
2976726 0 105
2978262 0 106
2979757 0 104
2981211 0 105
2982645 0 105
2984140 0 105
2985553 0 105
2986966 0 106
2988359 0 104
2989895 0 105
2991349 0 105
2992742 0 105
2994257 0 106
2995670 0 104
2997165 0 105
2998578 0 106
3000114 0 104
3001671 0 105
3003104 0 105
3004497 0 105
3006033 0 105
3007466 0 106
3009023 0 104
3010436 0 105
3011849 0 106
3013262 0 104
3014757 0 105
3016252 0 105
3017727 0 105
3019201 0 105
3020614 0 106
3022171 0 104
3023707 0 105
3025222 0 106
3026635 0 104
3028110 0 105
3029646 0 105
3031141 0 105
3032574 0 105
3034028 0 106
3035503 0 104
3037018 0 105
3038534 0 105
3040029 0 106
3041545 0 104
3043039 0 105
3044453 0 105
3045968 0 105
3047463 0 105
3048917 0 105
3050392 0 106
3051866 0 104
3053300 0 105
3054774 0 105
3056269 0 105
3057703 0 105
3059116 0 105
3060591 0 105
3062004 0 106
3063478 0 104
3065035 0 105
3066509 0 106
3068045 0 104
3069438 0 105
3070953 0 106
3072489 0 104
3073943 0 105
3075397 0 105
3076831 0 105
3078326 0 106
3079780 0 104
3081214 0 105
3082750 0 105
3084245 0 105
3085699 0 106
3087173 0 104
3088648 0 105
3090102 0 105
3091556 0 105
3093051 0 105
3094443 0 105
3095918 0 106
3097413 0 104
3098908 0 105
3100342 0 105
3101796 0 105
3103250 0 105
3104786 0 105
3106219 0 105
3107714 0 105
3109230 0 106
3110766 0 104
3112179 0 105
3113633 0 105
3115066 0 105
3116541 0 105
3118015 0 105
3119531 0 105
3120965 0 106
3122398 0 104
3123893 0 105
3125327 0 105
3126822 0 105
3128255 0 105
3129668 0 106
3131143 0 104
3132638 0 105
3134092 0 105
3135546 0 105
3137021 0 105
3138413 0 106
3139908 0 104
3141301 0 105
3142775 0 105
3144209 0 106
3145765 0 104
3147240 0 105
3148694 0 105
3150168 0 105
3151602 0 105
3153036 0 105
3154428 0 105
3155882 0 106
3157439 0 104
3158852 0 105
3160347 0 105
3161780 0 106
3163296 0 104
3164770 0 105
3166224 0 106
3167699 0 104
3169133 0 105
3170628 0 105
3172061 0 105
3173515 0 105
3175051 0 105
3176546 0 105
3178082 0 106
3179475 0 104
3180867 0 105
3182301 0 106
3183755 0 104
3185291 0 105
3186704 0 105
3188240 0 105
3189653 0 106
3191046 0 104
3192520 0 105
3194015 0 105
3195408 0 105
3196903 0 105
3198296 0 106
3199811 0 104
3201224 0 105
3202637 0 105
3204173 0 105
3205668 0 106
3207184 0 104
3208679 0 105
3210092 0 106
3211587 0 104
3213102 0 105
3214597 0 105
3216051 0 105
3217608 0 105
3219062 0 106
3220557 0 104
3222093 0 105
3223506 0 105
3224940 0 106
3226476 0 104
3227909 0 105
3229425 0 106
3230920 0 104
3232456 0 105
3233992 0 105
3235507 0 105
3236941 0 105
3238333 0 105
3239787 0 106
3241241 0 104
3242757 0 105
3244211 0 106
3245726 0 104
3247140 0 105
3248655 0 106
3250089 0 104
3251502 0 105
3252997 0 106
3254492 0 104
3255925 0 105
3257359 0 105
3258895 0 105
3260349 0 105
3261844 0 106
3263359 0 104
3264793 0 105
3266247 0 106
3267763 0 104
3269237 0 105
3270773 0 106
3272186 0 104
3273579 0 105
3275033 0 106
3276487 0 104
3278002 0 105
3279477 0 105
3280910 0 105
3282426 0 106
3283860 0 104
3285375 0 105
3286911 0 105
3288324 0 105
3289737 0 105
3291171 0 106
3292584 0 104
3293997 0 105
3295471 0 105
3297028 0 105
3298421 0 105
3299916 0 106
3301431 0 104
3302844 0 105
3304319 0 105
3305752 0 105
3307165 0 105
3308640 0 105
3310196 0 105
3311609 0 106
3313166 0 104
3314579 0 105
3316033 0 106
3317569 0 104
3319044 0 105
3320580 0 105
3322136 0 105
3323611 0 105
3325065 0 106
3326539 0 104
3328075 0 105
3329570 0 105
3330983 0 105
3332458 0 105
3333994 0 106
3335427 0 104
3336820 0 105
3338315 0 106
3339728 0 104
3341203 0 105
3342616 0 105
3344008 0 105
3345565 0 106
3347019 0 104
3348555 0 105
3349947 0 105
3351442 0 105
3352896 0 105
3354453 0 106
3355927 0 104
3357463 0 105
3358917 0 105
3360392 0 106
3361928 0 104
3363341 0 105
3364897 0 105
3366311 0 106
3367744 0 104
3369157 0 105
3370693 0 105
3372209 0 105
3373765 0 105
3375322 0 106
3376776 0 104
3378312 0 105
3379766 0 106
3381322 0 104
3382858 0 105
3384333 0 105
3385766 0 106
3387179 0 104
3388695 0 105
3390087 0 105
3391623 0 105
3393139 0 105
3394613 0 106
3396067 0 104
3397542 0 105
3398935 0 106
3400409 0 104
3401802 0 105
3403297 0 105
3404710 0 105
3406143 0 105
3407659 0 105
3409133 0 106
3410567 0 104
3411980 0 105
3413475 0 105
3414888 0 105
3416301 0 105
3417735 0 106
3419250 0 104
3420725 0 105
3422240 0 106
3423654 0 104
3425067 0 105
3426603 0 106
3428057 0 104
3429470 0 105
3430903 0 105
3432296 0 105
3433832 0 105
3435306 0 105
3436760 0 106
3438296 0 104
3439832 0 105
3441368 0 106
3442802 0 104
3444195 0 105
3445710 0 106
3447144 0 104
3448536 0 105
3449970 0 105
3451526 0 105
3453062 0 105
3454475 0 105
3455950 0 105
3457445 0 105
3458981 0 106
3460394 0 104
3461787 0 105
3463220 0 106
3464715 0 104
3466108 0 105
3467582 0 105
3468995 0 105
3470531 0 105
3472006 0 105
3473480 0 106
3474975 0 104
3476450 0 105
3477986 0 106
3479420 0 104
3480976 0 105
3482389 0 105
3483925 0 105
3485420 0 105
3486874 0 106
3488328 0 104
3489803 0 105
3491318 0 106
3492731 0 104
3494247 0 105
3495721 0 105
3497134 0 106
3498629 0 104
3500022 0 105
3501558 0 105
3503033 0 106
3504487 0 104
3505982 0 105
3507518 0 106
3509013 0 104
3510467 0 105
3511859 0 105
3513334 0 106
3514808 0 104
3516344 0 105
3517839 0 105
3519273 0 105
3520809 0 105
3522365 0 105
3523860 0 105
3525294 0 105
3526769 0 106
3528223 0 104
3529759 0 105
3531172 0 105
3532605 0 105
3534121 0 105
3535595 0 105
3537049 0 105
3538544 0 106
3539978 0 104
3541493 0 105
3542988 0 105
3544463 0 106
3545896 0 104
3547330 0 105
3548887 0 106
3550300 0 104
3551836 0 105
3553331 0 106
3554846 0 104
3556362 0 105
3557754 0 105
3559290 0 105
3560765 0 106
3562239 0 104
3563796 0 105
3565311 0 105
3566827 0 105
3568281 0 105
3569714 0 105
3571209 0 106
3572704 0 104
3574158 0 105
3575653 0 105
3577066 0 105
3578602 0 105
3580036 0 105
3581511 0 106
3583006 0 104
3584419 0 105
3585975 0 105
3587409 0 106
3588924 0 104
3590337 0 105
3591873 0 105
3593430 0 106
3594863 0 104
3596358 0 105
3597792 0 106
3599246 0 104
3600659 0 105
3602072 0 105
3603629 0 105
3605083 0 105
3606537 0 105
3607950 0 105
3609342 0 105
3610878 0 106
3612414 0 104
3613930 0 105
3615466 0 106
3616899 0 104
3618353 0 105
3619848 0 105
3621323 0 105
3622818 0 106
3624272 0 104
3625665 0 105
3627160 0 105
3628696 0 105
3630211 0 105
3631624 0 106
3633119 0 104
3634676 0 105
3636130 0 105
3637666 0 105
3639099 0 106
3640615 0 104
3642007 0 105
3643523 0 106
3644956 0 104
3646513 0 105
3648028 0 106
3649544 0 104
3650957 0 105
3652391 0 105
3653865 0 105
3655422 0 105
3656876 0 105
3658309 0 106
3659763 0 104
3661320 0 105
3662835 0 105
3664310 0 105
3665764 0 105
3667279 0 105
3668692 0 105
3670126 0 106
3671539 0 104
3672952 0 105
3674447 0 105
3675881 0 106
3677355 0 104
3678912 0 105
3680325 0 105
3681779 0 105
3683315 0 105
3684728 0 105
3686202 0 105
3687677 0 106
3689111 0 104
3690585 0 105
3692019 0 105
3693432 0 105
3694865 0 105
3696360 0 105
3697855 0 105
3699248 0 106
3700743 0 104
3702279 0 105
3703692 0 105
3705105 0 105
3706559 0 106
3708095 0 104
3709631 0 105
3711065 0 105
3712539 0 105
3714014 0 105
3715468 0 106
3716963 0 104
3718376 0 105
3719871 0 106
3721407 0 104
3722820 0 105
3724295 0 105
3725708 0 105
3727121 0 106
3728657 0 104
3730070 0 105
3731585 0 105
3733060 0 105
3734473 0 105
3735988 0 105
3737402 0 105
3738856 0 105
3740371 0 106
3741846 0 104
3743279 0 105
3744672 0 106
3746167 0 104
3747600 0 105
3748993 0 105
3750529 0 105
3752004 0 106
3753540 0 104
3755035 0 105
3756550 0 105
