20977 0 11
22451 0 10
23967 0 6
25482 0 5
26895 0 4
28390 0 8
29865 0 1
31319 0 2
32732 0 9
34227 0 3
35722 0 21
37196 0 23
38609 0 16
40002 0 29
41456 0 3
42890 0 22
44446 0 19
46023 0 36
47477 0 2
48931 0 16
50365 0 17
51880 0 16
53375 0 32
54788 0 11
56263 0 24
57799 0 19
59273 0 27
60687 0 12
62181 0 14
63717 0 18
65274 0 14
66789 0 22
68346 0 23
69841 0 21
71315 0 26
72729 0 3
74244 0 16
75657 0 17
77152 0 20
78709 0 13
80142 0 31
81617 0 10
83173 0 14
84586 0 16
86061 0 20
87638 0 23
89071 0 14
90464 0 20
92020 0 15
93433 0 28
94928 0 8
96403 0 20
97857 0 18
99352 0 15
100745 0 17
102260 0 20
103858 0 34
105353 0 9
106848 0 17
108384 0 13
109817 0 36
111292 0 4
112725 0 13
114220 0 33
115736 0 1
117128 0 22
118582 0 19
120118 0 32
121654 0 10
123088 0 17
124481 0 19
125976 0 28
127389 0 12
128863 0 22
130317 0 23
131874 0 23
133348 0 18
134843 0 24
136318 0 18
137833 0 24
139287 0 36
140742 0 12
142195 0 17
143711 0 34
145104 0 9
146537 0 18
148053 0 19
149527 0 21
150940 0 15
152374 0 31
153869 0 12
155364 0 16
156879 0 24
158292 0 23
159726 0 20
161282 0 21
162777 0 32
164252 0 10
165767 0 18
167222 0 24
168655 0 16
170109 0 23
171604 0 21
173079 0 32
174533 0 3
175966 0 15
177420 0 21
178997 0 18
180513 0 25
181967 0 4
183462 0 19
185018 0 34
186411 0 6
187967 0 13
189360 0 34
190896 0 8
192330 0 18
193804 0 31
195340 0 5
196876 0 19
198351 0 13
199887 0 35
201423 0 8
203000 0 13
204474 0 14
205928 0 18
207341 0 30
208754 0 2
210290 0 20
211826 0 21
213342 0 13
214755 0 21
216270 0 33
217704 0 1
219240 0 16
220632 0 32
222148 0 6
223602 0 23
225097 0 22
226510 0 22
228046 0 16
229582 0 14
231057 0 29
232490 0 3
233985 0 15
235398 0 36
236832 0 10
238265 0 22
239740 0 29
241153 0 8
242607 0 20
244184 0 22
245597 0 36
247010 0 10
248526 0 17
250062 0 18
251557 0 13
252970 0 30
254362 0 10
255878 0 24
257291 0 21
258848 0 15
260363 0 13
261858 0 32
263394 0 12
264827 0 14
266220 0 14
267695 0 24
269108 0 14
270623 0 14
272057 0 32
273490 0 3
274944 0 22
276521 0 27
277914 0 5
279470 0 16
280924 0 29
282338 0 5
283792 0 21
285225 0 16
286700 0 24
288174 0 18
289731 0 21
291246 0 18
292680 0 33
294216 0 3
295629 0 15
297124 0 22
298558 0 31
300093 0 8
301691 0 15
303186 0 16
304681 0 16
306155 0 22
307712 0 15
309207 0 13
310681 0 22
312197 0 30
313610 0 12
315064 0 15
316580 0 17
318013 0 22
319529 0 35
321003 0 7
322519 0 20
323973 0 19
325509 0 32
326901 0 8
328458 0 21
330035 0 15
331468 0 15
332963 0 24
334376 0 14
335830 0 24
337346 0 34
338739 0 1
340152 0 21
341585 0 28
343080 0 7
344616 0 14
346132 0 19
347586 0 17
349122 0 22
350617 0 25
352050 0 2
353586 0 13
355040 0 13
356515 0 14
358030 0 22
359505 0 28
361000 0 2
362495 0 23
363887 0 13
365444 0 20
366959 0 25
368434 0 4
369827 0 17
371363 0 20
372817 0 21
374332 0 14
375766 0 20
377220 0 18
378715 0 26
380210 0 6
381623 0 19
383138 0 35
384654 0 8
386210 0 15
387705 0 13
389098 0 20
390634 0 18
392067 0 26
393460 0 12
394873 0 15
396327 0 29
397720 0 6
399194 0 16
400587 0 18
402143 0 20
403700 0 23
405236 0 15
406690 0 17
408205 0 30
409598 0 6
411175 0 22
412711 0 35
414206 0 1
415701 0 23
417237 0 23
418630 0 21
420186 0 24
421661 0 15
423176 0 24
424610 0 32
426023 0 12
427559 0 17
428992 0 13
430467 0 16
431839 0 28
433354 0 3
434870 0 22
436406 0 21
437901 0 13
439375 0 22
440911 0 33
442447 0 1
443922 0 14
445355 0 22
446830 0 15
448305 0 14
449718 0 14
451254 0 16
452728 0 34
454141 0 6
455677 0 21
457172 0 14
458606 0 23
460142 0 19
461596 0 33
463029 0 1
464422 0 15
465917 0 30
467289 0 12
468723 0 23
470197 0 15
471672 0 24
473085 0 24
474478 0 18
475993 0 36
477468 0 6
478881 0 23
480335 0 14
481850 0 21
483407 0 30
484799 0 1
486212 0 17
487646 0 21
489120 0 16
490636 0 13
492172 0 13
493667 0 28
495223 0 10
496657 0 16
498131 0 22
499606 0 13
501060 0 16
502576 0 29
504030 0 10
505443 0 20
507020 0 25
508433 0 7
509887 0 16
511341 0 36
512836 0 12
514310 0 19
515867 0 16
517239 0 30
518652 0 6
520086 0 13
521581 0 23
523137 0 28
524694 0 10
526271 0 13
527786 0 28
529281 0 5
530797 0 13
532292 0 15
533807 0 16
535302 0 21
536818 0 26
538292 0 8
539746 0 16
541139 0 17
542531 0 21
544006 0 26
545501 0 8
546975 0 19
548409 0 22
549924 0 13
551460 0 14
552976 0 20
554451 0 24
555905 0 27
557461 0 10
558997 0 13
560390 0 29
561803 0 11
563236 0 20
564752 0 17
566288 0 15
567803 0 22
569298 0 28
570752 0 6
572247 0 17
573742 0 25
575217 0 9
576773 0 17
578227 0 32
579641 0 4
581054 0 18
582549 0 15
583962 0 31
585416 0 10
586849 0 24
588262 0 34
589655 0 6
591170 0 13
592645 0 23
594201 0 14
595615 0 27
597048 0 2
598482 0 14
599997 0 14
601390 0 31
602885 0 10
604462 0 18
605936 0 25
607390 0 2
608865 0 19
610442 0 23
611855 0 33
613288 0 12
614784 0 22
616238 0 15
617774 0 17
619207 0 35
620764 0 10
622279 0 14
623795 0 19
625269 0 18
626703 0 13
628218 0 27
629672 0 6
631126 0 20
632683 0 14
634219 0 34
635693 0 8
637168 0 17
638560 0 17
640035 0 21
641591 0 31
643086 0 10
644561 0 23
646035 0 19
647592 0 34
649005 0 4
650377 0 14
651749 0 23
653306 0 15
654760 0 32
656296 0 12
657709 0 19
659265 0 18
660719 0 16
662091 0 30
663566 0 1
665102 0 14
666577 0 23
668133 0 17
669689 0 18
671246 0 19
672700 0 15
674154 0 24
675649 0 34
677164 0 9
678619 0 13
680073 0 15
681527 0 13
682919 0 13
684455 0 21
686032 0 27
687568 0 9
689145 0 14
690640 0 22
692115 0 21
693610 0 30
695002 0 1
696497 0 23
697992 0 26
699467 0 5
700900 0 16
702334 0 20
703849 0 17
705263 0 24
706799 0 22
708253 0 34
709707 0 1
711099 0 16
712574 0 25
714110 0 7
715605 0 22
717038 0 15
718431 0 20
719987 0 20
721523 0 35
722936 0 9
724513 0 19
725967 0 16
727462 0 23
728917 0 35
730412 0 4
731948 0 21
733361 0 30
734835 0 2
736330 0 24
737743 0 13
739197 0 27
740692 0 7
742269 0 21
743703 0 15
745198 0 15
746734 0 14
748249 0 28
749724 0 4
751239 0 21
752714 0 21
754229 0 34
755642 0 9
757199 0 18
758776 0 20
760353 0 23
761848 0 17
763322 0 29
764817 0 12
766312 0 19
767848 0 16
769241 0 15
770695 0 15
772149 0 17
773603 0 25
775139 0 5
776593 0 24
778109 0 16
779522 0 34
780976 0 6
782409 0 21
783986 0 16
785481 0 17
786997 0 33
788410 0 2
789905 0 13
791441 0 13
792956 0 19
794410 0 20
795905 0 18
797400 0 25
798814 0 1
800309 0 16
801804 0 15
803340 0 21
804835 0 18
806309 0 16
807681 0 31
809135 0 11
810528 0 20
812023 0 31
813477 0 10
814911 0 23
816426 0 17
817819 0 20
819375 0 20
820932 0 23
822427 0 19
823860 0 26
825376 0 11
826789 0 20
828304 0 23
829861 0 19
831356 0 16
832830 0 31
834264 0 6
835820 0 16
837233 0 14
838708 0 34
840100 0 10
841677 0 21
843090 0 27
844524 0 2
846040 0 23
847514 0 29
849050 0 6
850545 0 13
851979 0 21
853515 0 26
855010 0 1
856546 0 18
858020 0 14
859413 0 36
860867 0 1
862300 0 20
863898 0 20
865393 0 16
866867 0 20
868403 0 32
869857 0 8
871373 0 20
872909 0 27
874342 0 12
875899 0 22
877394 0 36
878868 0 4
880241 0 17
881736 0 18
883190 0 35
884644 0 6
886200 0 15
887613 0 35
889006 0 1
890521 0 16
891996 0 22
893470 0 21
895006 0 16
896460 0 18
897996 0 31
899450 0 6
900966 0 17
902481 0 20
903935 0 20
905512 0 25
907048 0 10
908564 0 13
909997 0 15
911390 0 15
912803 0 17
914319 0 26
915793 0 6
917206 0 21
918763 0 33
920299 0 6
921835 0 15
937115 0 101
938610 0 101
940044 0 101
941457 0 101
942993 0 101
944447 0 101
945880 0 101
947355 0 101
948891 0 101
950427 0 101
951840 0 102
953376 0 102
954809 0 103
956325 0 101
957718 0 102
959151 0 102
960585 0 102
962059 0 102
963575 0 103
964988 0 101
966401 0 102
967875 0 102
969329 0 102
970784 0 102
972279 0 103
973712 0 101
975105 0 102
976559 0 102
977951 0 102
979467 0 103
980921 0 101
982314 0 102
983768 0 102
985304 0 102
986840 0 103
988355 0 101
989748 0 102
991161 0 102
992594 0 103
994130 0 101
995584 0 102
997120 0 103
998677 0 101
1000069 0 102
1001503 0 103
1003080 0 101
1004534 0 102
1006070 0 102
1007606 0 102
1008999 0 102
1010412 0 102
1011825 0 102
1013217 0 103
1014733 0 101
1016207 0 102
1017600 0 103
1019156 0 101
1020590 0 102
1022126 0 102
1023539 0 103
1025096 0 101
1026591 0 102
1028065 0 102
1029499 0 103
1031055 0 101
1032550 0 102
1034086 0 102
1035581 0 102
1037076 0 102
1038469 0 102
1039861 0 103
1041397 0 101
1042810 0 102
1044203 0 102
1045698 0 102
1047132 0 102
1048627 0 103
1050060 0 101
1051555 0 102
1053030 0 102
1054545 0 103
1055999 0 101
1057392 0 102
1058887 0 103
1060321 0 101
1061836 0 102
1063372 0 103
1064867 0 101
1066423 0 102
1067898 0 102
1069332 0 102
1070765 0 102
1072158 0 103
1073694 0 101
1075168 0 102
1076684 0 102
1078097 0 102
1079571 0 102
1081046 0 102
1082561 0 103
1084077 0 101
1085613 0 102
1087087 0 103
1088521 0 101
1090057 0 102
1091593 0 102
1093088 0 103
1094562 0 101
1096037 0 102
1097471 0 102
1098863 0 102
1100276 0 103
1101833 0 101
1103287 0 102
1104823 0 102
1106236 0 103
1107772 0 101
1109205 0 102
1110762 0 102
1112154 0 102
1113609 0 102
1115063 0 103
1116619 0 101
1118012 0 102
1119527 0 103
1121022 0 101
1122517 0 102
1123930 0 102
1125425 0 102
1126900 0 102
1128395 0 102
1129869 0 103
1131344 0 101
1132757 0 102
1134170 0 102
1135706 0 102
1137242 0 102
1138737 0 102
1140232 0 103
1141707 0 101
1143243 0 102
1144656 0 102
1146171 0 102
1147707 0 102
1149243 0 103
1150738 0 101
1152131 0 102
1153523 0 103
1155018 0 101
1156554 0 102
1158070 0 102
1159524 0 102
1160998 0 102
1162493 0 102
1163907 0 102
1165361 0 103
1166897 0 101
1168289 0 102
1169846 0 102
1171238 0 102
1172672 0 102
1174228 0 102
1175723 0 102
1177198 0 102
1178652 0 103
1180167 0 101
1181703 0 102
1183178 0 102
1184591 0 102
1186025 0 102
1187540 0 102
1189055 0 103
1190612 0 101
1192107 0 102
1193622 0 102
1195036 0 103
1196572 0 101
1198067 0 102
1199562 0 103
1201077 0 101
1202552 0 102
1204047 0 102
1205521 0 102
1207016 0 103
1208511 0 101
1209904 0 102
1211358 0 102
1212894 0 102
1214348 0 103
1215843 0 101
1217358 0 102
1218792 0 102
1220328 0 102
1221741 0 103
1223318 0 101
1224833 0 102
1226308 0 102
1227782 0 102
1229298 0 102
1230711 0 102
1232186 0 102
1233619 0 103
1235053 0 101
1236466 0 102
1237940 0 103
1239435 0 101
1240889 0 102
1242364 0 103
1243777 0 101
1245313 0 102
1246788 0 102
1248242 0 102
1249655 0 102
1251088 0 102
1252583 0 102
1254078 0 103
1255512 0 101
1257007 0 102
1258543 0 102
1259977 0 103
1261410 0 101
1262926 0 102
1264421 0 102
1265813 0 102
1267349 0 103
1268844 0 101
1270298 0 102
1271793 0 102
1273309 0 102
1274783 0 103
1276196 0 101
1277650 0 102
1279125 0 102
1280640 0 102
1282176 0 102
1283692 0 102
1285105 0 103
1286682 0 101
1288197 0 102
1289590 0 102
1291085 0 102
1292621 0 103
1294034 0 101
1295529 0 102
1297024 0 103
1298478 0 101
1299912 0 102
1301427 0 102
1302820 0 102
1304253 0 102
1305728 0 102
1307141 0 102
1308616 0 103
1310172 0 101
1311626 0 102
1313039 0 102
1314473 0 102
1315865 0 102
1317319 0 102
1318794 0 102
1320289 0 103
1321702 0 101
1323095 0 102
1324610 0 102
1326003 0 102
1327436 0 102
1328890 0 102
1330283 0 102
1331758 0 103
1333232 0 101
1334625 0 102
1336017 0 103
1337574 0 101
1339110 0 102
1340543 0 102
1341936 0 102
1343451 0 102
1344967 0 103
1346442 0 101
1347977 0 102
1349493 0 102
1350927 0 103
1352360 0 101
1353855 0 102
1355391 0 103
1356804 0 101
1358320 0 102
1359856 0 103
1361289 0 101
1362723 0 102
1364259 0 102
1365672 0 102
1367187 0 103
1368662 0 101
1370177 0 102
1371570 0 102
1372983 0 102
1374478 0 102
1375871 0 102
1377284 0 103
1378840 0 101
1380315 0 102
1381871 0 103
1383428 0 101
1384841 0 102
1386397 0 102
1387872 0 103
1389387 0 101
1390903 0 102
1392377 0 103
1393934 0 101
1395326 0 102
1396821 0 103
1398316 0 101
1399791 0 102
1401245 0 102
1402679 0 102
1404133 0 102
1405648 0 102
1407184 0 103
1408679 0 101
1410092 0 102
1411628 0 103
1413123 0 101
1414557 0 102
1415990 0 102
1417403 0 102
1418817 0 102
1420271 0 102
1421745 0 103
1423261 0 101
1424653 0 102
1426087 0 102
1427582 0 103
1429138 0 101
1430592 0 102
1432046 0 102
1433521 0 103
1434955 0 101
1436368 0 102
1437760 0 102
1439235 0 102
1440750 0 102
1442143 0 103
1443699 0 101
1445133 0 102
1446566 0 102
1447959 0 102
1449413 0 103
1450847 0 101
1452362 0 102
1453816 0 103
1455352 0 101
1456806 0 102
1458240 0 102
1459735 0 103
1461168 0 101
1462643 0 102
1464117 0 102
1465613 0 102
1467067 0 102
1468480 0 102
1469872 0 102
1471408 0 103
1472862 0 101
1474337 0 102
1475852 0 102
1477409 0 103
1478924 0 101
1480399 0 102
1481894 0 102
1483430 0 102
1484822 0 103
1486358 0 101
1487915 0 102
1489451 0 103
1490925 0 101
1492359 0 102
1493854 0 103
1495308 0 101
1496783 0 102
1498257 0 103
1499813 0 101
1501288 0 102
1502742 0 102
1504176 0 102
1505609 0 102
1507022 0 102
1508517 0 102
1509951 0 102
1511466 0 103
1512900 0 101
1514354 0 102
1515870 0 103
1517405 0 101
1518819 0 102
1520375 0 102
1521911 0 102
1523406 0 102
1524840 0 103
1526335 0 101
1527871 0 102
1529345 0 102
1530738 0 102
1532233 0 102
1533687 0 103
1535243 0 101
1536636 0 102
1538110 0 102
1539544 0 103
1541019 0 101
1542452 0 102
1543968 0 102
1545401 0 102
1546814 0 102
1548309 0 102
1549784 0 102
1551197 0 103
1552712 0 101
1554125 0 102
1555518 0 102
1557054 0 102
1558611 0 102
1560065 0 102
1561601 0 103
1563157 0 101
1564693 0 102
1566188 0 102
1567622 0 102
1569035 0 102
1570509 0 102
1572004 0 102
1573417 0 103
1574892 0 101
1576387 0 102
1577861 0 102
1579336 0 102
1580810 0 102
1582244 0 103
1583719 0 101
1585275 0 102
1586790 0 102
1588306 0 102
1589781 0 103
1591194 0 101
1592709 0 102
1594225 0 102
1595699 0 102
1597092 0 103
1598566 0 101
1600000 0 102
1601536 0 102
1602969 0 102
1604362 0 102
1605857 0 102
1607352 0 102
1608827 0 103
1610342 0 101
1611858 0 102
1613271 0 102
1614725 0 102
1616179 0 102
1617633 0 102
1619087 0 103
1620561 0 101
1622015 0 102
1623552 0 102
1625067 0 103
1626623 0 101
1628077 0 102
1629552 0 102
1630965 0 103
1632440 0 101
1633853 0 102
1635286 0 102
1636761 0 102
1638174 0 102
1639648 0 103
1641143 0 101
1642536 0 102
1643949 0 103
1645485 0 101
1647021 0 102
1648414 0 102
1649888 0 102
1651383 0 102
1652796 0 102
1654209 0 103
1655745 0 101
1657138 0 102
1658654 0 102
1660108 0 102
1661603 0 102
1663057 0 102
1664490 0 102
1666047 0 102
1667542 0 103
1668975 0 101
1670511 0 102
1671945 0 103
1673460 0 101
1674873 0 102
1676287 0 102
1677720 0 102
1679133 0 102
1680669 0 102
1682205 0 103
1683618 0 101
1685154 0 102
1686670 0 103
1688185 0 101
1689578 0 102
1691052 0 103
1692527 0 101
1693919 0 102
1695435 0 103
1696930 0 101
1698445 0 102
1699900 0 102
1701354 0 102
1702890 0 103
1704426 0 101
1705859 0 102
1707313 0 102
1708767 0 102
1710201 0 103
1711614 0 101
1713109 0 102
1714624 0 102
1716058 0 102
1717594 0 103
1719028 0 101
1720441 0 102
1721915 0 102
1723410 0 102
1724823 0 103
1726380 0 101
1727834 0 102
1729329 0 103
1730783 0 101
1732257 0 102
1733773 0 102
1735329 0 103
1736906 0 101
1738319 0 102
1739814 0 102
1741330 0 102
1742825 0 103
1744299 0 101
1745815 0 102
1747207 0 103
1748641 0 101
1750075 0 102
1751529 0 103
1752962 0 101
1754416 0 102
1755891 0 103
1757406 0 101
1758819 0 102
1760376 0 102
1761850 0 102
1763304 0 103
1764820 0 101
1766254 0 102
1767769 0 102
1769244 0 103
1770698 0 101
1772213 0 102
1773688 0 102
1775080 0 103
1776575 0 101
1777968 0 102
1779401 0 102
1780835 0 102
1782269 0 102
1783723 0 103
1785218 0 101
1786733 0 102
1788208 0 102
1789723 0 102
1791198 0 102
1792611 0 103
1794085 0 101
1795519 0 102
1797055 0 102
1798448 0 102
1799922 0 102
1801335 0 102
1802748 0 103
1804202 0 101
1805697 0 102
1807151 0 103
1808564 0 101
1810039 0 102
1811555 0 102
1812988 0 103
1814442 0 101
1815999 0 102
1817391 0 103
1818907 0 101
1820320 0 102
1821774 0 102
1823207 0 102
1824723 0 102
1826136 0 102
1827549 0 103
1829024 0 101
1830437 0 102
1831952 0 102
1833468 0 102
1850432 0 43
1851968 0 48
1853463 0 45
1854978 0 44
1856412 0 43
1857887 0 40
1859341 0 42
1860754 0 37
1862269 0 47
1863703 0 46
1865177 0 60
1866611 0 50
1868024 0 49
1869519 0 53
1870912 0 57
1872366 0 72
1873881 0 39
1875397 0 56
1876830 0 54
1878387 0 51
1879943 0 67
1881336 0 38
1882831 0 60
1884264 0 55
1885698 0 50
1887254 0 68
1888729 0 43
1890285 0 57
1891862 0 63
1893337 0 45
1894852 0 50
1896265 0 50
1897801 0 56
1899276 0 64
1900832 0 41
1902368 0 60
1903904 0 67
1905399 0 43
1906812 0 54
1908287 0 70
1909680 0 43
1911113 0 53
1912608 0 63
1914103 0 43
1915598 0 58
1917093 0 54
1918486 0 53
1919878 0 51
1921373 0 56
1922868 0 71
1924404 0 48
1925838 0 56
1927354 0 58
1928910 0 56
1930385 0 68
1931818 0 46
1933395 0 49
1934808 0 54
1936283 0 53
1937819 0 67
1939293 0 40
1940706 0 53
1942263 0 60
1943696 0 60
1945171 0 71
1946707 0 42
1948181 0 54
1949717 0 54
1951253 0 55
1952728 0 55
1954141 0 52
1955697 0 54
1957192 0 58
1958626 0 69
1960080 0 43
1961554 0 57
1963090 0 60
1964565 0 62
1966040 0 40
1967575 0 54
1969111 0 72
1970647 0 41
1972040 0 56
1973576 0 59
1975112 0 56
1976525 0 60
1978061 0 63
1979495 0 43
1980969 0 60
1982444 0 57
1983898 0 68
1985372 0 47
1986888 0 51
1988403 0 54
1989939 0 53
1991434 0 54
1992847 0 67
1994322 0 40
1995796 0 50
1997230 0 49
1998766 0 49
2000322 0 53
2001858 0 50
2003292 0 54
2004787 0 55
2006343 0 70
2007716 0 41
2009252 0 60
2010808 0 55
2012303 0 62
2013737 0 46
2015191 0 54
2016624 0 64
2018119 0 48
2019614 0 60
2021150 0 67
2022686 0 47
2024120 0 58
2025656 0 51
2027110 0 52
2028646 0 62
2030100 0 39
2031636 0 55
2033069 0 55
2034544 0 50
2036059 0 54
2037493 0 53
2038947 0 67
2040483 0 48
2042019 0 54
2043555 0 50
2044968 0 60
2046504 0 49
2047917 0 49
2049453 0 71
2050866 0 43
2052279 0 49
2053774 0 69
2055208 0 47
2056703 0 60
2058259 0 55
2059754 0 54
2061167 0 56
2062601 0 58
2064035 0 72
2065550 0 44
2067086 0 57
2068520 0 59
2069953 0 72
2071387 0 40
2072841 0 58
2074274 0 55
2075769 0 67
2077305 0 37
2078759 0 49
2080295 0 67
2081770 0 46
2083347 0 49
2084781 0 52
2086235 0 53
2087770 0 58
2089347 0 70
2090760 0 44
2092194 0 59
2093607 0 50
2095164 0 55
2096597 0 54
2098031 0 62
2099485 0 47
2100919 0 54
2102454 0 54
2103990 0 51
2105547 0 53
2106980 0 59
2108455 0 52
2109888 0 56
2111322 0 67
2112858 0 37
2114271 0 58
2115725 0 72
2117159 0 39
2118674 0 58
2120149 0 57
2121726 0 68
2123180 0 38
2124634 0 54
2126067 0 51
2127583 0 54
2129078 0 49
2130471 0 57
2131925 0 70
2133338 0 46
2134874 0 58
2136430 0 69
2137905 0 47
2139318 0 54
2140854 0 50
2142267 0 69
2143782 0 39
2145175 0 54
2146649 0 72
2148083 0 42
2149558 0 60
2151012 0 57
2152527 0 53
2154063 0 59
2155476 0 64
2156951 0 37
2158405 0 53
2159859 0 49
2161395 0 56
2162808 0 71
2164344 0 42
2165777 0 49
2167272 0 60
2168808 0 52
2170221 0 69
2171798 0 46
2173232 0 58
2174686 0 53
2176161 0 56
2177594 0 50
2179069 0 64
2180543 0 40
2182079 0 53
2183636 0 50
2185049 0 51
2186462 0 56
2187875 0 52
2189390 0 54
2190865 0 72
2192258 0 40
2193794 0 58
2195350 0 58
2196825 0 50
2198279 0 70
2199651 0 41
2201064 0 53
2202600 0 52
2204115 0 70
2205590 0 48
2207126 0 57
2208580 0 64
2210034 0 43
2211570 0 51
2213106 0 64
2214560 0 43
2216116 0 54
2217652 0 57
2219229 0 53
2220683 0 49
2222178 0 60
2223653 0 63
2225086 0 43
2226622 0 60
2228138 0 54
2229653 0 65
2231128 0 39
2232684 0 55
2234097 0 65
2235511 0 40
2237006 0 54
2238398 0 50
2239914 0 60
2241368 0 52
2242904 0 61
2244378 0 39
2245853 0 55
2247327 0 62
2248720 0 42
2250194 0 53
2251628 0 72
2253144 0 45
2254659 0 60
2256072 0 55
2257567 0 53
2259083 0 50
2260598 0 51
2262073 0 55
2263506 0 52
2264981 0 68
2266414 0 39
2267868 0 49
2269302 0 54
2270695 0 55
2272210 0 58
2273767 0 51
2275323 0 62
2276879 0 45
2278333 0 58
2279808 0 63
2281242 0 41
2282757 0 50
2284314 0 53
2285809 0 58
2287345 0 52
2288881 0 51
2290355 0 53
2291830 0 64
2293222 0 47
2294676 0 59
2296212 0 52
2297748 0 62
2299264 0 41
2300820 0 50
2302315 0 63
2303892 0 44
2305408 0 51
2306882 0 68
2308418 0 38
2309934 0 59
2311367 0 55
2312801 0 63
2314214 0 48
2315729 0 60
2317225 0 56
2318719 0 55
2320173 0 58
2321709 0 55
2323245 0 54
2324740 0 70
2326133 0 37
2327648 0 53
2329143 0 52
2330659 0 55
2332093 0 53
2333506 0 49
2335062 0 71
2336496 0 41
2337950 0 53
2339506 0 51
2341022 0 55
2342537 0 50
2344012 0 54
2345507 0 64
2346961 0 42
2348476 0 49
2349930 0 69
2351507 0 43
2352920 0 51
2354415 0 61
2355849 0 41
2357282 0 50
2358798 0 54
2360232 0 67
2361645 0 38
2363201 0 55
2364717 0 71
2366171 0 39
2367645 0 49
2369120 0 55
2370676 0 53
2372110 0 63
2373625 0 46
2375141 0 57
2376677 0 71
2378192 0 41
2379728 0 50
2381244 0 49
2382800 0 59
2384357 0 58
2385811 0 54
2387285 0 66
2388739 0 48
2390275 0 49
2391832 0 60
2393347 0 60
2394781 0 60
2396255 0 51
2397791 0 56
2399266 0 62
2400720 0 38
2402153 0 54
2403648 0 60
2405143 0 49
2406618 0 54
2408092 0 71
2409649 0 38
2411082 0 60
2412639 0 62
2414175 0 43
2415731 0 59
2417206 0 70
2418680 0 47
2420216 0 53
2421670 0 56
2423186 0 54
2424640 0 54
2426074 0 53
2427507 0 55
2428941 0 59
2430456 0 65
2431890 0 48
2433364 0 49
2434859 0 57
2436313 0 57
2437890 0 50
2439303 0 59
2440757 0 65
2442171 0 41
2443686 0 49
2445099 0 65
2446512 0 46
2447987 0 55
2449502 0 49
2450936 0 53
2452431 0 53
2453946 0 52
2455380 0 62
2456773 0 37
2458247 0 56
2459722 0 61
2461135 0 45
2462712 0 55
2464289 0 65
2465825 0 37
2467238 0 53
2468651 0 51
2470187 0 51
2471620 0 52
2473136 0 61
2474569 0 43
2476064 0 55
2477621 0 51
2479075 0 56
2480529 0 64
2481942 0 48
2483458 0 50
2484871 0 51
2486325 0 60
2487758 0 54
2489253 0 61
2490810 0 37
2492366 0 58
2493902 0 58
2495479 0 54
2496933 0 50
2498469 0 53
2499985 0 69
2501418 0 47
2502913 0 54
2504408 0 66
2505883 0 37
2507337 0 60
2508852 0 51
2510327 0 56
2511883 0 58
2513419 0 49
2514935 0 71
2516327 0 40
2517802 0 56
2519317 0 56
2520874 0 52
2522307 0 70
2523680 0 40
2525215 0 52
2526710 0 58
2528287 0 69
2529721 0 39
2531175 0 55
2532752 0 62
2534145 0 43
2535619 0 54
2537053 0 59
2538568 0 71
2540002 0 42
2541476 0 57
2542971 0 49
2544507 0 59
2546002 0 59
2547477 0 67
2548951 0 40
2550385 0 50
2551819 0 72
2553293 0 43
2554849 0 59
2556365 0 53
2557840 0 58
2559396 0 60
2560911 0 50
2562427 0 50
2563963 0 69
2565499 0 41
2567035 0 56
2568530 0 52
2569943 0 70
2571418 0 39
2572974 0 55
2574530 0 69
2576005 0 42
2577479 0 55
2578913 0 69
2580490 0 48
2581944 0 52
2583378 0 51
2584791 0 54
2586245 0 55
2587678 0 62
2589112 0 47
2590627 0 55
2592122 0 51
2593597 0 60
2595092 0 62
2596607 0 48
2598062 0 49
2599516 0 56
2601011 0 60
2602567 0 51
2604001 0 65
2605414 0 46
2606991 0 53
2608527 0 65
2610042 0 41
2611537 0 59
2613094 0 60
2614568 0 54
2616022 0 68
2617579 0 42
2619012 0 59
2620405 0 61
2621920 0 45
2623354 0 50
2624890 0 58
2626364 0 55
2627839 0 57
2629375 0 51
2630890 0 51
2632426 0 60
2633942 0 66
2635375 0 44
2636850 0 52
2638386 0 58
2639881 0 61
2641315 0 43
2642850 0 53
2644386 0 57
2645881 0 62
2647295 0 44
2648851 0 50
2650346 0 60
2651841 0 58
2653336 0 52
2654893 0 51
2656449 0 59
2657964 0 61
2659378 0 40
2660873 0 59
2662347 0 50
2663760 0 53
2665276 0 60
2666812 0 66
2668286 0 48
2669802 0 59
2671276 0 69
2672853 0 37
2674348 0 60
2675782 0 55
2677297 0 49
2678854 0 54
2680328 0 56
2681844 0 59
2683298 0 70
2684772 0 39
2686267 0 58
2687721 0 60
2689216 0 51
2690609 0 49
2692043 0 50
2693476 0 59
2694930 0 71
2696323 0 45
2697818 0 52
2699313 0 63
2700726 0 43
2702200 0 60
2703655 0 52
2705088 0 51
2706604 0 66
2708099 0 48
2709594 0 50
2711048 0 52
2712543 0 51
2714017 0 60
2715430 0 56
2716905 0 52
2718318 0 61
2719752 0 48
2721206 0 53
2722721 0 71
2724237 0 48
2725793 0 49
2727308 0 60
2728763 0 53
2730155 0 58
2731712 0 60
2733207 0 62
2734722 0 39
2736197 0 52
2737610 0 69
2739043 0 38
2740559 0 59
2742115 0 68
2743569 0 43
2745003 0 55
2746457 0 56
2747870 0 53
2749386 0 56
2750922 0 63
2752417 0 47
2753912 0 60
2771581 0 104
2773034 0 104
2774427 0 104
2775943 0 104
2777356 0 104
2778871 0 104
2780305 0 104
2781718 0 104
2783254 0 104
2784667 0 104
2786203 0 105
2787636 0 105
2789070 0 105
2790565 0 105
2791978 0 105
2793453 0 106
2794948 0 104
2796361 0 105
2797774 0 105
2799248 0 105
2800682 0 105
2802218 0 105
2803692 0 105
2805126 0 106
2806641 0 104
2808055 0 105
2809611 0 106
2811127 0 104
2812662 0 105
2814178 0 105
2815693 0 105
2817127 0 106
2818663 0 104
2820138 0 105
2821612 0 105
2823148 0 105
2824664 0 105
2826056 0 105
2827531 0 106
2829005 0 104
2830418 0 105
2831872 0 105
2833408 0 105
2834801 0 106
2836337 0 104
2837791 0 105
2839306 0 105
2840863 0 105
2842276 0 105
2843710 0 105
2845143 0 106
2846577 0 104
2848113 0 105
2849669 0 106
2851082 0 104
2852475 0 105
2853970 0 106
2855403 0 104
2856858 0 105
2858373 0 106
2859827 0 104
2861384 0 105
2862776 0 106
2864251 0 104
2865705 0 105
2867220 0 106
2868777 0 104
2870272 0 105
2871828 0 105
2873323 0 105
2874818 0 106
2876293 0 104
2877767 0 105
2879221 0 106
2880696 0 104
2882109 0 105
2883645 0 105
2885160 0 105
2886594 0 105
2888109 0 105
2889645 0 105
2891161 0 106
2892595 0 104
2894110 0 105
2895544 0 105
2897018 0 105
2898513 0 105
2899906 0 105
2901401 0 106
2902957 0 104
2904391 0 105
2905783 0 105
2907237 0 106
2908691 0 104
2910227 0 105
2911641 0 105
2913095 0 106
2914590 0 104
2916126 0 105
2917662 0 105
2919095 0 105
2920508 0 105
2921942 0 105
2923498 0 106
2925055 0 104
2926509 0 105
2928024 0 106
2929540 0 104
2931096 0 105
2932489 0 105
2933963 0 106
2935458 0 104
2936994 0 105
2938407 0 105
2939861 0 105
2941357 0 106
2942913 0 104
2944408 0 105
2945821 0 105
2947275 0 105
2948791 0 105
2950245 0 106
2951678 0 104
2953132 0 105
2954648 0 105
2956184 0 106
2957597 0 104
2959071 0 105
2960607 0 105
2962082 0 105
2963475 0 105
2964970 0 105
2966505 0 106
2968042 0 104
2969475 0 105
2970991 0 105
2972424 0 105
2973899 0 105
2975414 0 105
2976909 0 106
2978363 0 104
2979797 0 105
2981271 0 106
2982705 0 104
2984261 0 105
2985715 0 105
2987190 0 105
2988705 0 105
2990139 0 106
2991654 0 104
2993190 0 105
2994665 0 105
2996058 0 105
2997553 0 106
2999048 0 104
3000481 0 105
3001956 0 106
3003512 0 104
3004987 0 105
3006461 0 105
3007977 0 105
3009492 0 106
3010905 0 104
3012380 0 105
3013895 0 106
3015329 0 104
3016885 0 105
3018319 0 105
3019712 0 105
3021248 0 105
3022722 0 105
3024135 0 106
3025692 0 104
3027105 0 105
3028620 0 105
3030054 0 105
3031487 0 105
3032982 0 106
3034457 0 104
3035972 0 105
3037447 0 105
3038922 0 105
3040376 0 106
3041789 0 104
3043181 0 105
3044574 0 106
3046007 0 104
3047421 0 105
3048895 0 105
3050390 0 105
3051824 0 106
3053257 0 104
3054752 0 105
3056309 0 106
3057824 0 104
3059319 0 105
3060773 0 105
3062309 0 105
3063825 0 106
3065361 0 104
3066917 0 105
3068351 0 106
3069764 0 104
3071177 0 105
3072631 0 105
3074187 0 105
3075580 0 105
3077034 0 105
3078529 0 106
3080024 0 104
3081437 0 105
3082830 0 105
3084263 0 105
3085717 0 106
3087171 0 104
3088585 0 105
3090039 0 106
3091493 0 104
3092967 0 105
3094421 0 106
3095916 0 104
3097370 0 105
3098927 0 106
3100463 0 104
3101917 0 105
3103350 0 106
3104825 0 104
3106259 0 105
3107692 0 105
3109105 0 105
3110539 0 106
3111952 0 104
3113447 0 105
3114860 0 105
3116334 0 105
3117870 0 105
3119365 0 106
3120860 0 104
3122335 0 105
3123769 0 105
3125264 0 106
3126759 0 104
3128254 0 105
3129810 0 105
3131285 0 105
3132698 0 106
3134254 0 104
3135708 0 105
3137244 0 106
3138719 0 104
3140152 0 105
3141647 0 105
3143060 0 105
3144453 0 105
3145989 0 105
3147525 0 106
3148959 0 104
3150474 0 105
3151908 0 105
3153423 0 106
3154980 0 104
3156495 0 105
3157949 0 105
3159403 0 106
3160816 0 104
3162229 0 105
3163663 0 105
3165137 0 105
3166653 0 105
3168168 0 105
3169643 0 105
3171097 0 105
3172551 0 106
3174026 0 104
3175459 0 105
3176852 0 105
3178347 0 105
3179883 0 105
3181419 0 105
3182955 0 105
3184450 0 105
3185965 0 106
3187440 0 104
3188955 0 105
3190491 0 105
3191884 0 106
3193317 0 104
3194771 0 105
3196267 0 105
3197762 0 105
3199277 0 105
3200690 0 105
3202124 0 105
3203660 0 105
3205134 0 106
3206547 0 104
3208001 0 105
3209496 0 106
3210950 0 104
3212486 0 105
3213899 0 105
3215374 0 105
3216808 0 105
3218262 0 105
3219675 0 106
3221108 0 104
3222501 0 105
3223914 0 106
3225327 0 104
3226720 0 105
3228256 0 105
3229648 0 105
3231184 0 105
3232597 0 105
3234133 0 106
3235608 0 104
3237001 0 105
3238496 0 106
3240052 0 104
3241567 0 105
3243124 0 105
3244598 0 106
3246134 0 104
3247670 0 105
3249206 0 105
3250701 0 105
3252176 0 106
3253589 0 104
3255043 0 105
3256497 0 106
3257992 0 104
3259528 0 105
3261044 0 105
3262600 0 105
3264156 0 106
3265611 0 104
3267024 0 105
3268519 0 105
3269973 0 105
3271468 0 105
3272983 0 106
3274396 0 104
3275809 0 105
3277284 0 106
3278799 0 104
3280233 0 105
3281749 0 105
3283305 0 105
3284779 0 105
3286295 0 105
3287810 0 106
3289244 0 104
3290719 0 105
3292111 0 105
3293647 0 105
3295183 0 106
3296678 0 104
3298071 0 105
3299463 0 105
3300938 0 105
3302372 0 105
3303887 0 105
3305423 0 105
3306979 0 106
3308536 0 104
3310010 0 105
3311546 0 106
3313103 0 104
3314639 0 105
3316154 0 105
3317567 0 105
3319042 0 105
3320557 0 105
3321970 0 105
3323425 0 105
3324961 0 106
3326517 0 104
3327971 0 105
3329364 0 105
3330797 0 105
3332354 0 105
3333869 0 105
3335426 0 106
3336962 0 104
3338416 0 105
3339890 0 105
3341426 0 105
3342860 0 105
3344314 0 106
3345809 0 104
3347283 0 105
3348758 0 105
3350294 0 105
3351727 0 105
3353161 0 105
3354697 0 105
3356192 0 105
3357646 0 106
3359039 0 104
3360575 0 105
3362070 0 105
3363585 0 105
3365142 0 105
3366678 0 105
3368173 0 106
3369586 0 104
3371101 0 105
3372514 0 106
3373989 0 104
3375463 0 105
3376958 0 106
3378453 0 104
3379989 0 105
3381382 0 106
3382938 0 104
3384372 0 105
3385908 0 106
3387321 0 104
3388857 0 105
3390311 0 106
3391827 0 104
3393240 0 105
3394755 0 106
3396291 0 104
3397745 0 105
3399158 0 106
3400653 0 104
3402189 0 105
3403664 0 106
3405159 0 104
3406572 0 105
3408067 0 106
3409603 0 104
3411057 0 105
3412552 0 105
3414088 0 105
3415501 0 105
3417016 0 105
3418491 0 105
3419986 0 106
3421502 0 104
3422997 0 105
3424451 0 106
3425905 0 104
3427318 0 105
3428751 0 105
3430164 0 106
3431659 0 104
3433072 0 105
3434527 0 105
3436042 0 105
3437455 0 106
3439012 0 104
3440445 0 105
3441879 0 106
3443333 0 104
3444746 0 105
3446282 0 106
3447797 0 104
3449333 0 105
3450849 0 105
3452344 0 105
3453777 0 105
3455313 0 106
3456706 0 104
3458201 0 105
3459757 0 105
3461191 0 105
3462625 0 105
3464161 0 105
3465676 0 105
3467151 0 105
3468564 0 106
3470018 0 104
3471410 0 105
3472946 0 105
3474462 0 105
3475957 0 105
3477452 0 105
3478926 0 106
3480483 0 104
3481937 0 105
3483432 0 105
3484845 0 105
3486279 0 105
3487733 0 105
3489187 0 105
3490600 0 106
3492033 0 104
3493446 0 105
3494901 0 105
3496416 0 105
3497850 0 105
3499263 0 105
3500737 0 105
3502191 0 106
3503686 0 104
3505202 0 105
3506615 0 105
3508008 0 105
3509421 0 105
3510895 0 106
3512308 0 104
3513803 0 105
3515196 0 106
3516609 0 104
3518124 0 105
3519578 0 106
3521033 0 104
3522466 0 105
3524002 0 105
3525415 0 106
3526910 0 104
3528446 0 105
3529982 0 105
3531416 0 105
3532829 0 105
3534365 0 105
3535880 0 105
3537273 0 105
3538747 0 106
3540283 0 104
3541717 0 105
3543273 0 105
3544707 0 105
3546223 0 105
3547717 0 105
3549110 0 106
3550646 0 104
3552121 0 105
3553657 0 105
3555090 0 105
3556647 0 105
3558060 0 106
3559514 0 104
3561029 0 105
3562545 0 105
3563958 0 106
3565494 0 104
3567009 0 105
3568422 0 105
3569979 0 105
3571433 0 105
3572887 0 106
3574423 0 104
3575938 0 105
3577392 0 105
3578908 0 106
3580342 0 104
3581775 0 105
3583188 0 105
3584581 0 105
3586117 0 105
3587632 0 106
3589127 0 104
3590540 0 105
3592076 0 106
3593633 0 104
3595046 0 105
3596561 0 105
3598036 0 105
3599551 0 105
3600965 0 106
3602480 0 104
3603893 0 105
3605327 0 106
3606781 0 104
3608276 0 105
3609791 0 106
3611307 0 104
3612802 0 105
3614276 0 105
3615792 0 105
3617287 0 105
3618843 0 105
3620318 0 106
3621854 0 104
3623246 0 105
3624659 0 106
3626195 0 104
3627690 0 105
3629206 0 106
3630660 0 104
3632196 0 105
3633630 0 105
3635043 0 105
3636558 0 105
3638074 0 105
3639630 0 105
3641043 0 106
3642497 0 104
3643992 0 105
3645385 0 106
3646839 0 104
3648395 0 105
3649931 0 105
3651406 0 106
3652880 0 104
3654396 0 105
3655809 0 105
3657365 0 105
3658820 0 105
3660274 0 106
3661707 0 104
3663120 0 105
3664656 0 105
3666213 0 105
3667605 0 105
3669059 0 105
3670575 0 105
