1.224000000000000000e+03 9.183798217773437500e+02
1.044000000000000000e+03 9.668989868164062500e+02
8.730000000000000000e+02 9.256516723632812500e+02
6.910000000000000000e+02 6.037313842773437500e+02
8.680000000000000000e+02 7.335834350585937500e+02
1.220000000000000000e+03 9.298467407226562500e+02
3.330000000000000000e+02 7.190082397460937500e+02
1.412000000000000000e+03 8.697080688476562500e+02
6.890000000000000000e+02 6.221207885742187500e+02
3.330000000000000000e+02 5.662003784179687500e+02
8.860000000000000000e+02 7.317767944335937500e+02
3.320000000000000000e+02 6.226889038085937500e+02
6.900000000000000000e+02 9.245537719726562500e+02
1.048000000000000000e+03 8.282957763671875000e+02
3.600000000000000000e+02 5.467009277343750000e+02
8.690000000000000000e+02 8.969023437500000000e+02
6.900000000000000000e+02 6.813246459960937500e+02
1.069000000000000000e+03 8.430777587890625000e+02
6.850000000000000000e+02 7.547355957031250000e+02
3.260000000000000000e+02 6.498976440429687500e+02
6.870000000000000000e+02 8.699802856445312500e+02
5.140000000000000000e+02 8.819634399414062500e+02
8.620000000000000000e+02 8.301318969726562500e+02
5.110000000000000000e+02 5.082200317382812500e+02
1.229000000000000000e+03 9.549736328125000000e+02
3.310000000000000000e+02 6.360222167968750000e+02
8.750000000000000000e+02 9.385578002929687500e+02
5.130000000000000000e+02 7.403718261718750000e+02
5.100000000000000000e+02 5.287183837890625000e+02
1.042000000000000000e+03 6.483375854492187500e+02
5.290000000000000000e+02 5.399710693359375000e+02
1.232000000000000000e+03 9.011774291992187500e+02
1.045000000000000000e+03 9.933583984375000000e+02
1.044000000000000000e+03 9.291456298828125000e+02
1.054000000000000000e+03 8.889630737304687500e+02
6.780000000000000000e+02 7.854241333007812500e+02
6.920000000000000000e+02 8.134700317382812500e+02
5.030000000000000000e+02 7.076331176757812500e+02
8.720000000000000000e+02 7.328653564453125000e+02
1.230000000000000000e+03 6.673750000000000000e+02
5.090000000000000000e+02 5.998941650390625000e+02
1.057000000000000000e+03 7.993146972656250000e+02
8.760000000000000000e+02 8.318927612304687500e+02
1.046000000000000000e+03 1.005801696777343750e+03
1.046000000000000000e+03 8.374370727539062500e+02
6.900000000000000000e+02 6.745021972656250000e+02
5.100000000000000000e+02 7.664808959960937500e+02
5.100000000000000000e+02 7.037062377929687500e+02
1.052000000000000000e+03 8.586558227539062500e+02
3.300000000000000000e+02 4.673123779296875000e+02
1.046000000000000000e+03 9.134552001953125000e+02
3.300000000000000000e+02 4.849322509765625000e+02
8.750000000000000000e+02 5.587606811523437500e+02
3.300000000000000000e+02 5.385866699218750000e+02
1.042000000000000000e+03 6.987754516601562500e+02
1.043000000000000000e+03 9.781651000976562500e+02
6.860000000000000000e+02 9.447349243164062500e+02
8.730000000000000000e+02 8.713119506835937500e+02
1.054000000000000000e+03 9.410419921875000000e+02
5.150000000000000000e+02 6.217295532226562500e+02
1.050000000000000000e+03 9.541942138671875000e+02
8.660000000000000000e+02 8.976950683593750000e+02
8.780000000000000000e+02 7.943769531250000000e+02
3.270000000000000000e+02 5.300543823242187500e+02
5.130000000000000000e+02 6.054142456054687500e+02
3.220000000000000000e+02 5.938752441406250000e+02
6.900000000000000000e+02 7.826572265625000000e+02
3.390000000000000000e+02 5.277435913085937500e+02
7.150000000000000000e+02 8.155115356445312500e+02
3.350000000000000000e+02 5.463619384765625000e+02
1.049000000000000000e+03 9.759348754882812500e+02
8.660000000000000000e+02 8.649453125000000000e+02
3.300000000000000000e+02 5.502161254882812500e+02
8.580000000000000000e+02 6.154682006835937500e+02
8.700000000000000000e+02 6.412357177734375000e+02
5.110000000000000000e+02 6.469817504882812500e+02
1.418000000000000000e+03 9.738543701171875000e+02
3.270000000000000000e+02 6.789078369140625000e+02
6.940000000000000000e+02 9.085895385742187500e+02
3.210000000000000000e+02 5.501400756835937500e+02
1.056000000000000000e+03 6.068577270507812500e+02
3.290000000000000000e+02 5.698496704101562500e+02
8.680000000000000000e+02 8.391373291015625000e+02
1.231000000000000000e+03 7.789939575195312500e+02
6.870000000000000000e+02 9.198443603515625000e+02
1.409000000000000000e+03 9.817974243164062500e+02
1.239000000000000000e+03 9.710949096679687500e+02
1.045000000000000000e+03 9.203794555664062500e+02
3.290000000000000000e+02 5.566080322265625000e+02
7.060000000000000000e+02 8.453911743164062500e+02
5.030000000000000000e+02 5.945347900390625000e+02
3.300000000000000000e+02 6.436705932617187500e+02
6.940000000000000000e+02 6.829745483398437500e+02
3.320000000000000000e+02 5.849442138671875000e+02
6.950000000000000000e+02 9.104639892578125000e+02
6.930000000000000000e+02 7.636382446289062500e+02
7.000000000000000000e+02 8.611055908203125000e+02
1.045000000000000000e+03 9.713727416992187500e+02
5.090000000000000000e+02 5.704428100585937500e+02
6.880000000000000000e+02 6.720296630859375000e+02
3.280000000000000000e+02 6.116154174804687500e+02
6.870000000000000000e+02 5.474205322265625000e+02
8.580000000000000000e+02 7.401607666015625000e+02
1.229000000000000000e+03 9.888836059570312500e+02
5.120000000000000000e+02 5.405469970703125000e+02
1.035000000000000000e+03 9.641932983398437500e+02
