5.240000000000000000e+02 7.932782592773437500e+02
1.080000000000000000e+03 7.932805175781250000e+02
6.850000000000000000e+02 7.932800903320312500e+02
1.044000000000000000e+03 7.932799072265625000e+02
8.660000000000000000e+02 7.932814331054687500e+02
8.810000000000000000e+02 7.932788696289062500e+02
1.055000000000000000e+03 7.932799072265625000e+02
1.050000000000000000e+03 7.932796020507812500e+02
3.340000000000000000e+02 7.932786254882812500e+02
8.640000000000000000e+02 7.932805175781250000e+02
8.700000000000000000e+02 7.932799072265625000e+02
7.010000000000000000e+02 7.932796020507812500e+02
1.051000000000000000e+03 7.932803344726562500e+02
6.830000000000000000e+02 7.932779541015625000e+02
5.100000000000000000e+02 7.932763061523437500e+02
6.830000000000000000e+02 7.932782592773437500e+02
1.223000000000000000e+03 7.932809448242187500e+02
3.260000000000000000e+02 7.932761840820312500e+02
1.048000000000000000e+03 7.932806396484375000e+02
1.058000000000000000e+03 7.932803955078125000e+02
1.235000000000000000e+03 7.932815551757812500e+02
5.090000000000000000e+02 7.932790527343750000e+02
1.050000000000000000e+03 7.932816162109375000e+02
8.890000000000000000e+02 7.932786254882812500e+02
8.700000000000000000e+02 7.932801513671875000e+02
1.231000000000000000e+03 7.932795410156250000e+02
6.930000000000000000e+02 7.932810058593750000e+02
6.890000000000000000e+02 7.932788696289062500e+02
3.340000000000000000e+02 7.932758178710937500e+02
3.370000000000000000e+02 7.932779541015625000e+02
3.400000000000000000e+02 7.932764892578125000e+02
1.235000000000000000e+03 7.932786254882812500e+02
3.250000000000000000e+02 7.932780151367187500e+02
6.900000000000000000e+02 7.932789916992187500e+02
5.030000000000000000e+02 7.932791748046875000e+02
8.730000000000000000e+02 7.932803344726562500e+02
1.052000000000000000e+03 7.932812500000000000e+02
8.620000000000000000e+02 7.932797241210937500e+02
8.580000000000000000e+02 7.932792358398437500e+02
8.630000000000000000e+02 7.932799682617187500e+02
8.630000000000000000e+02 7.932791748046875000e+02
6.890000000000000000e+02 7.932767944335937500e+02
6.990000000000000000e+02 7.932786865234375000e+02
1.049000000000000000e+03 7.932787475585937500e+02
8.680000000000000000e+02 7.932799072265625000e+02
5.190000000000000000e+02 7.932781372070312500e+02
1.226000000000000000e+03 7.932792968750000000e+02
1.055000000000000000e+03 7.932780761718750000e+02
1.231000000000000000e+03 7.932808837890625000e+02
5.120000000000000000e+02 7.932791137695312500e+02
1.049000000000000000e+03 7.932803344726562500e+02
1.046000000000000000e+03 7.932799682617187500e+02
5.180000000000000000e+02 7.932777709960937500e+02
6.890000000000000000e+02 7.932794799804687500e+02
1.228000000000000000e+03 7.932802734375000000e+02
1.055000000000000000e+03 7.932796630859375000e+02
8.740000000000000000e+02 7.932791137695312500e+02
3.300000000000000000e+02 7.932786254882812500e+02
8.840000000000000000e+02 7.932802124023437500e+02
8.700000000000000000e+02 7.932797241210937500e+02
8.700000000000000000e+02 7.932805175781250000e+02
5.110000000000000000e+02 7.932794189453125000e+02
6.870000000000000000e+02 7.932796630859375000e+02
1.059000000000000000e+03 7.932803955078125000e+02
3.270000000000000000e+02 7.932781982421875000e+02
6.940000000000000000e+02 7.932792358398437500e+02
1.055000000000000000e+03 7.932818603515625000e+02
6.910000000000000000e+02 7.932779541015625000e+02
3.390000000000000000e+02 7.932775268554687500e+02
6.970000000000000000e+02 7.932782592773437500e+02
3.330000000000000000e+02 7.932781372070312500e+02
1.040000000000000000e+03 7.932819213867187500e+02
8.750000000000000000e+02 7.932808227539062500e+02
3.270000000000000000e+02 7.932773437500000000e+02
6.930000000000000000e+02 7.932781982421875000e+02
1.407000000000000000e+03 7.932789916992187500e+02
6.940000000000000000e+02 7.932804565429687500e+02
1.228000000000000000e+03 7.932802124023437500e+02
6.910000000000000000e+02 7.932797241210937500e+02
3.340000000000000000e+02 7.932795410156250000e+02
1.046000000000000000e+03 7.932799072265625000e+02
1.407000000000000000e+03 7.932813720703125000e+02
3.310000000000000000e+02 7.932785644531250000e+02
1.043000000000000000e+03 7.932791748046875000e+02
3.260000000000000000e+02 7.932783203125000000e+02
6.900000000000000000e+02 7.932782592773437500e+02
8.720000000000000000e+02 7.932798461914062500e+02
3.430000000000000000e+02 7.932788696289062500e+02
3.370000000000000000e+02 7.932784423828125000e+02
1.049000000000000000e+03 7.932783813476562500e+02
1.057000000000000000e+03 7.932783203125000000e+02
1.052000000000000000e+03 7.932810668945312500e+02
6.810000000000000000e+02 7.932800903320312500e+02
3.310000000000000000e+02 7.932786254882812500e+02
6.980000000000000000e+02 7.932805175781250000e+02
6.890000000000000000e+02 7.932792358398437500e+02
3.260000000000000000e+02 7.932786865234375000e+02
8.620000000000000000e+02 7.932807006835937500e+02
1.058000000000000000e+03 7.932819213867187500e+02
6.930000000000000000e+02 7.932816772460937500e+02
3.300000000000000000e+02 7.932791137695312500e+02
8.600000000000000000e+02 7.932804565429687500e+02
8.820000000000000000e+02 7.932800903320312500e+02
