1.055000000000000000e+03 6.918507690429687500e+02
1.063000000000000000e+03 7.835656738281250000e+02
8.720000000000000000e+02 9.168953857421875000e+02
1.050000000000000000e+03 9.055052490234375000e+02
6.920000000000000000e+02 6.343007812500000000e+02
3.300000000000000000e+02 4.695838012695312500e+02
1.050000000000000000e+03 8.669758911132812500e+02
8.710000000000000000e+02 6.737857055664062500e+02
6.920000000000000000e+02 7.733861694335937500e+02
6.850000000000000000e+02 7.362502441406250000e+02
1.080000000000000000e+03 9.611768798828125000e+02
8.700000000000000000e+02 8.915630493164062500e+02
3.330000000000000000e+02 6.698922119140625000e+02
3.400000000000000000e+02 5.549577636718750000e+02
6.930000000000000000e+02 6.007182006835937500e+02
3.280000000000000000e+02 6.428554077148437500e+02
6.920000000000000000e+02 7.973533935546875000e+02
6.780000000000000000e+02 7.758881225585937500e+02
8.680000000000000000e+02 8.982672119140625000e+02
6.890000000000000000e+02 7.870408935546875000e+02
5.140000000000000000e+02 6.323613281250000000e+02
1.052000000000000000e+03 9.466195068359375000e+02
1.055000000000000000e+03 8.615133056640625000e+02
1.042000000000000000e+03 6.549957275390625000e+02
6.910000000000000000e+02 7.516722412109375000e+02
5.110000000000000000e+02 7.011259155273437500e+02
8.710000000000000000e+02 9.073453979492187500e+02
1.418000000000000000e+03 9.103657836914062500e+02
1.069000000000000000e+03 8.766574707031250000e+02
1.052000000000000000e+03 9.374782714843750000e+02
6.920000000000000000e+02 7.738535156250000000e+02
3.300000000000000000e+02 5.454816284179687500e+02
1.231000000000000000e+03 9.745259399414062500e+02
1.401000000000000000e+03 9.720624389648437500e+02
8.800000000000000000e+02 9.536965332031250000e+02
1.044000000000000000e+03 9.518345336914062500e+02
8.700000000000000000e+02 8.772044067382812500e+02
1.229000000000000000e+03 8.713991088867187500e+02
6.880000000000000000e+02 6.883511352539062500e+02
3.320000000000000000e+02 5.626936645507812500e+02
8.800000000000000000e+02 9.060431518554687500e+02
1.228000000000000000e+03 9.360072631835937500e+02
1.227000000000000000e+03 7.242871093750000000e+02
1.050000000000000000e+03 9.932430419921875000e+02
5.140000000000000000e+02 5.723762817382812500e+02
5.230000000000000000e+02 8.305269775390625000e+02
1.036000000000000000e+03 7.958271484375000000e+02
6.900000000000000000e+02 7.820958862304687500e+02
5.110000000000000000e+02 8.616008300781250000e+02
7.010000000000000000e+02 7.342070312500000000e+02
5.100000000000000000e+02 4.663660278320312500e+02
6.880000000000000000e+02 7.094981689453125000e+02
1.059000000000000000e+03 8.549362792968750000e+02
8.640000000000000000e+02 6.988768920898437500e+02
3.260000000000000000e+02 5.253830566406250000e+02
6.910000000000000000e+02 8.954194946289062500e+02
8.630000000000000000e+02 8.144793701171875000e+02
1.043000000000000000e+03 8.507586059570312500e+02
3.250000000000000000e+02 4.652759399414062500e+02
5.240000000000000000e+02 5.983826904296875000e+02
3.230000000000000000e+02 5.454147338867187500e+02
6.800000000000000000e+02 6.878376464843750000e+02
8.740000000000000000e+02 6.794581298828125000e+02
8.950000000000000000e+02 8.696461181640625000e+02
1.051000000000000000e+03 8.400132446289062500e+02
8.730000000000000000e+02 6.070519409179687500e+02
6.920000000000000000e+02 6.543684082031250000e+02
8.760000000000000000e+02 9.424038696289062500e+02
3.270000000000000000e+02 5.116533203125000000e+02
1.045000000000000000e+03 9.633469238281250000e+02
6.890000000000000000e+02 5.829574584960937500e+02
1.052000000000000000e+03 8.302430419921875000e+02
1.231000000000000000e+03 9.825433959960937500e+02
1.230000000000000000e+03 4.682943725585937500e+02
6.900000000000000000e+02 8.039588623046875000e+02
8.570000000000000000e+02 8.210781860351562500e+02
8.730000000000000000e+02 8.026201782226562500e+02
8.660000000000000000e+02 8.118499145507812500e+02
3.300000000000000000e+02 6.184188842773437500e+02
6.900000000000000000e+02 9.211837158203125000e+02
6.910000000000000000e+02 6.087161865234375000e+02
1.223000000000000000e+03 9.063302612304687500e+02
1.224000000000000000e+03 9.582558593750000000e+02
5.090000000000000000e+02 6.078590698242187500e+02
7.020000000000000000e+02 8.164533691406250000e+02
8.730000000000000000e+02 9.126868896484375000e+02
6.920000000000000000e+02 8.298240966796875000e+02
6.920000000000000000e+02 9.613928222656250000e+02
5.070000000000000000e+02 7.737906494140625000e+02
5.110000000000000000e+02 7.479235229492187500e+02
8.660000000000000000e+02 9.039698486328125000e+02
8.650000000000000000e+02 8.804522094726562500e+02
1.048000000000000000e+03 7.484227294921875000e+02
1.059000000000000000e+03 8.369589843750000000e+02
1.047000000000000000e+03 7.294193115234375000e+02
5.020000000000000000e+02 5.736214599609375000e+02
6.900000000000000000e+02 7.700017700195312500e+02
3.400000000000000000e+02 5.424289550781250000e+02
3.310000000000000000e+02 5.107901916503906250e+02
1.054000000000000000e+03 8.988981933593750000e+02
3.310000000000000000e+02 6.005576782226562500e+02
1.230000000000000000e+03 6.620958251953125000e+02
5.280000000000000000e+02 7.030039062500000000e+02
1.046000000000000000e+03 9.246950073242187500e+02
5.260000000000000000e+02 5.363001708984375000e+02
1.064000000000000000e+03 9.458425292968750000e+02
