6.230000000000000000e+02 8.009095458984375000e+02
7.120000000000000000e+02 7.654217529296875000e+02
6.200000000000000000e+02 7.245140380859375000e+02
7.070000000000000000e+02 7.562999267578125000e+02
7.280000000000000000e+02 6.925937500000000000e+02
5.520000000000000000e+02 7.385267333984375000e+02
6.300000000000000000e+02 7.263367919921875000e+02
5.140000000000000000e+02 6.230769653320312500e+02
6.960000000000000000e+02 6.923509521484375000e+02
4.910000000000000000e+02 6.977108764648437500e+02
6.100000000000000000e+02 7.998298339843750000e+02
7.450000000000000000e+02 7.994861450195312500e+02
5.400000000000000000e+02 7.992225952148437500e+02
6.170000000000000000e+02 7.589991455078125000e+02
6.180000000000000000e+02 7.194430541992187500e+02
7.460000000000000000e+02 7.057796020507812500e+02
5.310000000000000000e+02 6.991077880859375000e+02
5.690000000000000000e+02 7.513096923828125000e+02
6.650000000000000000e+02 6.974804687500000000e+02
6.180000000000000000e+02 6.906923828125000000e+02
7.440000000000000000e+02 7.910531005859375000e+02
4.930000000000000000e+02 6.901677856445312500e+02
5.810000000000000000e+02 7.457994995117187500e+02
6.170000000000000000e+02 7.050631103515625000e+02
6.950000000000000000e+02 6.854003295898437500e+02
4.940000000000000000e+02 6.941820068359375000e+02
4.890000000000000000e+02 6.672561645507812500e+02
6.000000000000000000e+02 7.319078979492187500e+02
4.870000000000000000e+02 6.372591552734375000e+02
4.870000000000000000e+02 8.100941162109375000e+02
7.330000000000000000e+02 7.992658081054687500e+02
6.230000000000000000e+02 7.680299682617187500e+02
5.890000000000000000e+02 7.771909790039062500e+02
6.790000000000000000e+02 8.059956054687500000e+02
5.620000000000000000e+02 8.205789794921875000e+02
6.740000000000000000e+02 6.820504150390625000e+02
5.910000000000000000e+02 7.328117065429687500e+02
6.260000000000000000e+02 7.349510498046875000e+02
7.560000000000000000e+02 7.110981445312500000e+02
6.610000000000000000e+02 8.012698974609375000e+02
6.970000000000000000e+02 7.767503662109375000e+02
7.130000000000000000e+02 7.829392089843750000e+02
5.810000000000000000e+02 6.941013793945312500e+02
6.840000000000000000e+02 7.139250488281250000e+02
5.810000000000000000e+02 6.972645263671875000e+02
7.330000000000000000e+02 7.213219604492187500e+02
5.340000000000000000e+02 6.586170654296875000e+02
6.390000000000000000e+02 6.738931884765625000e+02
7.230000000000000000e+02 7.298152465820312500e+02
5.170000000000000000e+02 7.817553100585937500e+02
6.200000000000000000e+02 7.091612548828125000e+02
6.170000000000000000e+02 7.460977783203125000e+02
5.620000000000000000e+02 7.311583862304687500e+02
6.440000000000000000e+02 7.195538330078125000e+02
6.230000000000000000e+02 7.037806396484375000e+02
5.730000000000000000e+02 7.478978881835937500e+02
6.660000000000000000e+02 7.361112060546875000e+02
5.690000000000000000e+02 7.587621459960937500e+02
6.650000000000000000e+02 7.160208129882812500e+02
5.460000000000000000e+02 8.022414550781250000e+02
6.260000000000000000e+02 7.428809204101562500e+02
5.510000000000000000e+02 7.437998046875000000e+02
6.300000000000000000e+02 7.394143676757812500e+02
5.980000000000000000e+02 7.540532226562500000e+02
6.740000000000000000e+02 6.520970458984375000e+02
6.090000000000000000e+02 6.754711914062500000e+02
7.070000000000000000e+02 6.613500976562500000e+02
6.110000000000000000e+02 7.556314697265625000e+02
7.000000000000000000e+02 7.804962768554687500e+02
4.980000000000000000e+02 6.098598022460937500e+02
5.830000000000000000e+02 7.064645385742187500e+02
5.380000000000000000e+02 7.741176757812500000e+02
6.150000000000000000e+02 7.868533325195312500e+02
5.030000000000000000e+02 7.894732666015625000e+02
5.880000000000000000e+02 7.461501464843750000e+02
5.460000000000000000e+02 7.750193481445312500e+02
6.260000000000000000e+02 7.598422241210937500e+02
5.330000000000000000e+02 7.918884887695312500e+02
6.080000000000000000e+02 7.923855590820312500e+02
5.380000000000000000e+02 7.620983276367187500e+02
6.640000000000000000e+02 7.523951416015625000e+02
6.020000000000000000e+02 7.077438354492187500e+02
6.920000000000000000e+02 6.241260375976562500e+02
6.480000000000000000e+02 7.394027099609375000e+02
5.760000000000000000e+02 5.409786376953125000e+02
6.960000000000000000e+02 7.785211791992187500e+02
5.990000000000000000e+02 7.501681518554687500e+02
5.010000000000000000e+02 7.636389160156250000e+02
5.860000000000000000e+02 7.044078979492187500e+02
5.450000000000000000e+02 6.073167724609375000e+02
5.150000000000000000e+02 7.029857788085937500e+02
6.270000000000000000e+02 6.680155639648437500e+02
5.230000000000000000e+02 7.346878051757812500e+02
6.010000000000000000e+02 7.402791748046875000e+02
5.930000000000000000e+02 7.307554931640625000e+02
5.100000000000000000e+02 7.036292724609375000e+02
5.990000000000000000e+02 7.871901855468750000e+02
5.410000000000000000e+02 7.596088867187500000e+02
5.670000000000000000e+02 7.461409301757812500e+02
6.430000000000000000e+02 7.174770507812500000e+02
4.970000000000000000e+02 7.977603759765625000e+02
5.840000000000000000e+02 7.955131835937500000e+02
5.060000000000000000e+02 6.924420166015625000e+02
5.900000000000000000e+02 7.646453857421875000e+02
4.910000000000000000e+02 7.287922973632812500e+02
5.790000000000000000e+02 7.048134155273437500e+02
5.190000000000000000e+02 6.451765747070312500e+02
6.150000000000000000e+02 7.160186767578125000e+02
5.860000000000000000e+02 7.137993164062500000e+02
6.670000000000000000e+02 7.453778076171875000e+02
5.830000000000000000e+02 7.280232543945312500e+02
6.000000000000000000e+02 7.413815307617187500e+02
5.760000000000000000e+02 6.378456420898437500e+02
6.750000000000000000e+02 7.884345092773437500e+02
5.790000000000000000e+02 6.786002197265625000e+02
6.520000000000000000e+02 7.227387695312500000e+02
5.350000000000000000e+02 7.722581176757812500e+02
6.110000000000000000e+02 6.888920288085937500e+02
6.070000000000000000e+02 7.215046386718750000e+02
6.950000000000000000e+02 7.371722412109375000e+02
6.740000000000000000e+02 7.894383544921875000e+02
5.270000000000000000e+02 7.137308349609375000e+02
5.610000000000000000e+02 6.200233154296875000e+02
5.270000000000000000e+02 7.425582885742187500e+02
6.170000000000000000e+02 7.525932006835937500e+02
5.660000000000000000e+02 7.394026489257812500e+02
6.510000000000000000e+02 6.651727905273437500e+02
5.500000000000000000e+02 6.917705688476562500e+02
6.260000000000000000e+02 7.486309814453125000e+02
5.820000000000000000e+02 6.679750976562500000e+02
6.810000000000000000e+02 7.186201171875000000e+02
5.940000000000000000e+02 6.969927978515625000e+02
6.790000000000000000e+02 7.240574340820312500e+02
5.750000000000000000e+02 7.929985351562500000e+02
6.660000000000000000e+02 7.394697265625000000e+02
5.530000000000000000e+02 6.979625854492187500e+02
6.540000000000000000e+02 6.801195068359375000e+02
5.190000000000000000e+02 7.039368896484375000e+02
5.830000000000000000e+02 7.844116210937500000e+02
6.720000000000000000e+02 7.779555664062500000e+02
5.300000000000000000e+02 7.917181396484375000e+02
6.240000000000000000e+02 7.737803955078125000e+02
7.160000000000000000e+02 5.763302001953125000e+02
4.940000000000000000e+02 7.793759155273437500e+02
5.960000000000000000e+02 7.477879638671875000e+02
6.300000000000000000e+02 6.662486572265625000e+02
4.970000000000000000e+02 7.386218261718750000e+02
5.880000000000000000e+02 7.533316650390625000e+02
5.480000000000000000e+02 7.768995361328125000e+02
6.350000000000000000e+02 7.510673828125000000e+02
5.120000000000000000e+02 8.042908935546875000e+02
6.050000000000000000e+02 7.478556518554687500e+02
5.570000000000000000e+02 7.534398193359375000e+02
6.400000000000000000e+02 7.440923461914062500e+02
5.100000000000000000e+02 7.430697021484375000e+02
6.010000000000000000e+02 7.363966674804687500e+02
7.080000000000000000e+02 7.217969970703125000e+02
5.860000000000000000e+02 6.988436279296875000e+02
6.830000000000000000e+02 7.232231445312500000e+02
4.900000000000000000e+02 7.455790405273437500e+02
5.710000000000000000e+02 6.595512695312500000e+02
5.500000000000000000e+02 7.042814331054687500e+02
6.330000000000000000e+02 7.099486083984375000e+02
5.500000000000000000e+02 8.093052978515625000e+02
6.700000000000000000e+02 7.826277465820312500e+02
5.480000000000000000e+02 6.104559326171875000e+02
5.470000000000000000e+02 7.207828369140625000e+02
6.340000000000000000e+02 7.377542724609375000e+02
5.560000000000000000e+02 6.993588867187500000e+02
6.310000000000000000e+02 7.946356201171875000e+02
5.690000000000000000e+02 6.994223022460937500e+02
6.890000000000000000e+02 6.891137084960937500e+02
5.580000000000000000e+02 6.947457275390625000e+02
6.780000000000000000e+02 6.900140380859375000e+02
7.100000000000000000e+02 7.586334228515625000e+02
5.770000000000000000e+02 7.618180541992187500e+02
5.690000000000000000e+02 7.412045898437500000e+02
5.530000000000000000e+02 7.339835815429687500e+02
6.730000000000000000e+02 7.496319580078125000e+02
5.810000000000000000e+02 6.884625854492187500e+02
7.010000000000000000e+02 7.242008056640625000e+02
6.190000000000000000e+02 6.577341308593750000e+02
5.840000000000000000e+02 7.219597167968750000e+02
7.040000000000000000e+02 7.346814575195312500e+02
5.940000000000000000e+02 6.399911499023437500e+02
6.170000000000000000e+02 7.119267578125000000e+02
