1.231000000000000000e+03 7.222360229492187500e+02
1.231000000000000000e+03 9.669084472656250000e+02
5.120000000000000000e+02 5.991630249023437500e+02
1.223000000000000000e+03 8.563210449218750000e+02
1.036000000000000000e+03 8.336883544921875000e+02
8.760000000000000000e+02 9.394292602539062500e+02
1.229000000000000000e+03 9.713388061523437500e+02
8.680000000000000000e+02 8.639490966796875000e+02
1.225000000000000000e+03 8.814901733398437500e+02
1.239000000000000000e+03 9.318587646484375000e+02
1.046000000000000000e+03 9.921323852539062500e+02
3.340000000000000000e+02 5.545881958007812500e+02
3.300000000000000000e+02 5.548055419921875000e+02
1.052000000000000000e+03 9.484765625000000000e+02
7.050000000000000000e+02 8.927698364257812500e+02
8.710000000000000000e+02 7.690934448242187500e+02
6.910000000000000000e+02 9.137251586914062500e+02
6.930000000000000000e+02 8.934580688476562500e+02
1.232000000000000000e+03 9.384121093750000000e+02
1.043000000000000000e+03 9.864498291015625000e+02
5.110000000000000000e+02 6.621173706054687500e+02
3.330000000000000000e+02 6.768776855468750000e+02
7.010000000000000000e+02 8.342710571289062500e+02
1.056000000000000000e+03 9.723369750976562500e+02
3.380000000000000000e+02 6.652863769531250000e+02
8.670000000000000000e+02 5.513558959960937500e+02
3.290000000000000000e+02 5.068612670898437500e+02
3.320000000000000000e+02 5.597460937500000000e+02
1.050000000000000000e+03 9.896481323242187500e+02
3.290000000000000000e+02 6.391085815429687500e+02
6.910000000000000000e+02 8.775740966796875000e+02
3.330000000000000000e+02 6.059005737304687500e+02
6.900000000000000000e+02 5.936867675781250000e+02
3.280000000000000000e+02 5.341223144531250000e+02
8.580000000000000000e+02 6.887199707031250000e+02
7.200000000000000000e+02 5.821725463867187500e+02
1.042000000000000000e+03 5.834583129882812500e+02
1.040000000000000000e+03 9.208001098632812500e+02
8.700000000000000000e+02 8.056580810546875000e+02
5.150000000000000000e+02 5.383166503906250000e+02
8.730000000000000000e+02 9.042186279296875000e+02
6.980000000000000000e+02 8.526427612304687500e+02
3.280000000000000000e+02 6.683288574218750000e+02
1.250000000000000000e+03 9.554765625000000000e+02
5.120000000000000000e+02 5.457891235351562500e+02
3.260000000000000000e+02 5.091170349121093750e+02
1.049000000000000000e+03 9.766710205078125000e+02
6.880000000000000000e+02 6.034202270507812500e+02
3.350000000000000000e+02 6.080372924804687500e+02
6.960000000000000000e+02 5.573350219726562500e+02
1.230000000000000000e+03 9.713685302734375000e+02
8.700000000000000000e+02 5.913913574218750000e+02
5.230000000000000000e+02 8.219509887695312500e+02
6.840000000000000000e+02 9.321726684570312500e+02
5.150000000000000000e+02 6.236752319335937500e+02
8.660000000000000000e+02 9.633844604492187500e+02
3.300000000000000000e+02 5.611857299804687500e+02
8.680000000000000000e+02 9.330288696289062500e+02
8.700000000000000000e+02 9.085928955078125000e+02
3.250000000000000000e+02 6.615206909179687500e+02
1.044000000000000000e+03 9.585302124023437500e+02
7.010000000000000000e+02 8.390786743164062500e+02
1.045000000000000000e+03 5.605643920898437500e+02
1.233000000000000000e+03 9.264666748046875000e+02
8.720000000000000000e+02 9.327549438476562500e+02
5.180000000000000000e+02 6.370379638671875000e+02
1.058000000000000000e+03 9.791549072265625000e+02
1.419000000000000000e+03 7.626039428710937500e+02
3.310000000000000000e+02 4.871948242187500000e+02
6.920000000000000000e+02 9.697718505859375000e+02
5.140000000000000000e+02 9.013328247070312500e+02
1.051000000000000000e+03 8.723550415039062500e+02
3.290000000000000000e+02 7.295048828125000000e+02
6.920000000000000000e+02 8.029177246093750000e+02
3.300000000000000000e+02 5.258981933593750000e+02
3.350000000000000000e+02 5.668830566406250000e+02
5.150000000000000000e+02 6.284910278320312500e+02
3.340000000000000000e+02 5.259714965820312500e+02
3.340000000000000000e+02 4.990608825683593750e+02
6.940000000000000000e+02 8.159195556640625000e+02
6.830000000000000000e+02 5.960507812500000000e+02
5.110000000000000000e+02 6.502403564453125000e+02
5.090000000000000000e+02 8.227313232421875000e+02
8.660000000000000000e+02 7.974930419921875000e+02
1.418000000000000000e+03 9.877996826171875000e+02
8.730000000000000000e+02 8.655588378906250000e+02
1.411000000000000000e+03 9.658565063476562500e+02
3.320000000000000000e+02 5.395231323242187500e+02
1.048000000000000000e+03 8.374192504882812500e+02
1.048000000000000000e+03 7.532100830078125000e+02
3.300000000000000000e+02 5.492025756835937500e+02
8.680000000000000000e+02 8.434385375976562500e+02
1.049000000000000000e+03 9.545206298828125000e+02
6.850000000000000000e+02 5.677487182617187500e+02
5.100000000000000000e+02 8.075187377929687500e+02
3.300000000000000000e+02 5.023184814453125000e+02
1.049000000000000000e+03 6.786200561523437500e+02
1.052000000000000000e+03 8.992883300781250000e+02
6.880000000000000000e+02 6.822255859375000000e+02
8.680000000000000000e+02 8.562705688476562500e+02
8.800000000000000000e+02 8.915086059570312500e+02
8.720000000000000000e+02 6.515492553710937500e+02
6.990000000000000000e+02 5.701812744140625000e+02
6.870000000000000000e+02 5.417455444335937500e+02
6.930000000000000000e+02 7.461068115234375000e+02
7.060000000000000000e+02 8.794574584960937500e+02
