6.230000000000000000e+02 6.142532958984375000e+02
7.120000000000000000e+02 6.086939086914062500e+02
6.200000000000000000e+02 6.402648315429687500e+02
7.070000000000000000e+02 6.232540893554687500e+02
7.280000000000000000e+02 6.260953369140625000e+02
5.520000000000000000e+02 6.442391357421875000e+02
6.300000000000000000e+02 6.101277465820312500e+02
5.140000000000000000e+02 5.374320068359375000e+02
6.960000000000000000e+02 6.289550781250000000e+02
4.910000000000000000e+02 5.866091308593750000e+02
6.100000000000000000e+02 6.357567138671875000e+02
7.450000000000000000e+02 5.592173461914062500e+02
5.400000000000000000e+02 5.639168090820312500e+02
6.170000000000000000e+02 6.116267700195312500e+02
6.180000000000000000e+02 6.276202392578125000e+02
7.460000000000000000e+02 5.896392211914062500e+02
5.310000000000000000e+02 6.336549682617187500e+02
5.690000000000000000e+02 6.232249145507812500e+02
6.650000000000000000e+02 5.599279174804687500e+02
6.180000000000000000e+02 5.740474853515625000e+02
7.440000000000000000e+02 6.366716918945312500e+02
4.930000000000000000e+02 7.322476806640625000e+02
5.810000000000000000e+02 5.901525268554687500e+02
6.170000000000000000e+02 5.774130249023437500e+02
6.950000000000000000e+02 5.637297363281250000e+02
4.940000000000000000e+02 5.920897216796875000e+02
4.890000000000000000e+02 6.206135253906250000e+02
6.000000000000000000e+02 6.698804931640625000e+02
4.870000000000000000e+02 5.693989868164062500e+02
4.870000000000000000e+02 6.073385620117187500e+02
7.330000000000000000e+02 6.126808471679687500e+02
6.230000000000000000e+02 5.881041870117187500e+02
5.890000000000000000e+02 5.997204589843750000e+02
6.790000000000000000e+02 6.394347534179687500e+02
5.620000000000000000e+02 6.062643432617187500e+02
6.740000000000000000e+02 5.527072753906250000e+02
5.910000000000000000e+02 5.737012939453125000e+02
6.260000000000000000e+02 5.926123657226562500e+02
7.560000000000000000e+02 5.692823486328125000e+02
6.610000000000000000e+02 6.070080566406250000e+02
6.970000000000000000e+02 6.130001220703125000e+02
7.130000000000000000e+02 6.475061035156250000e+02
5.810000000000000000e+02 5.896644897460937500e+02
6.840000000000000000e+02 6.462982788085937500e+02
5.810000000000000000e+02 5.914932250976562500e+02
7.330000000000000000e+02 6.227929687500000000e+02
5.340000000000000000e+02 6.486302490234375000e+02
6.390000000000000000e+02 6.243348999023437500e+02
7.230000000000000000e+02 5.666968994140625000e+02
5.170000000000000000e+02 6.454920043945312500e+02
6.200000000000000000e+02 5.519685058593750000e+02
6.170000000000000000e+02 6.451668090820312500e+02
5.620000000000000000e+02 5.966322631835937500e+02
6.440000000000000000e+02 6.379575805664062500e+02
6.230000000000000000e+02 6.066036376953125000e+02
5.730000000000000000e+02 6.235982055664062500e+02
6.660000000000000000e+02 5.842531738281250000e+02
5.690000000000000000e+02 6.265606689453125000e+02
6.650000000000000000e+02 5.873277587890625000e+02
5.460000000000000000e+02 6.910221557617187500e+02
6.260000000000000000e+02 6.191596069335937500e+02
5.510000000000000000e+02 6.242372436523437500e+02
6.300000000000000000e+02 6.103052368164062500e+02
5.980000000000000000e+02 6.409980468750000000e+02
6.740000000000000000e+02 5.690145874023437500e+02
6.090000000000000000e+02 6.106896972656250000e+02
7.070000000000000000e+02 6.099519653320312500e+02
6.110000000000000000e+02 5.774141845703125000e+02
7.000000000000000000e+02 5.875273437500000000e+02
4.980000000000000000e+02 5.507229003906250000e+02
5.830000000000000000e+02 6.122015380859375000e+02
5.380000000000000000e+02 6.435809936523437500e+02
6.150000000000000000e+02 5.964765625000000000e+02
5.030000000000000000e+02 6.354707641601562500e+02
5.880000000000000000e+02 6.069616088867187500e+02
5.460000000000000000e+02 6.195760498046875000e+02
6.260000000000000000e+02 5.709179687500000000e+02
5.330000000000000000e+02 5.829386596679687500e+02
6.080000000000000000e+02 5.906240844726562500e+02
5.380000000000000000e+02 6.096287841796875000e+02
6.640000000000000000e+02 6.036842651367187500e+02
6.020000000000000000e+02 5.611665649414062500e+02
6.920000000000000000e+02 5.508802490234375000e+02
6.480000000000000000e+02 6.164747314453125000e+02
5.760000000000000000e+02 5.171121826171875000e+02
6.960000000000000000e+02 6.541259155273437500e+02
5.990000000000000000e+02 6.084658813476562500e+02
5.010000000000000000e+02 5.767579956054687500e+02
5.860000000000000000e+02 6.329517211914062500e+02
5.450000000000000000e+02 5.740072631835937500e+02
5.150000000000000000e+02 6.224524536132812500e+02
6.270000000000000000e+02 5.875700683593750000e+02
5.230000000000000000e+02 5.730068969726562500e+02
6.010000000000000000e+02 5.714113769531250000e+02
5.930000000000000000e+02 5.664562377929687500e+02
5.100000000000000000e+02 5.846558837890625000e+02
5.990000000000000000e+02 6.572199096679687500e+02
5.410000000000000000e+02 6.256060180664062500e+02
5.670000000000000000e+02 6.060458374023437500e+02
6.430000000000000000e+02 6.145404052734375000e+02
4.970000000000000000e+02 5.878175048828125000e+02
5.840000000000000000e+02 5.826122436523437500e+02
5.060000000000000000e+02 5.834104003906250000e+02
5.900000000000000000e+02 5.919123535156250000e+02
4.910000000000000000e+02 6.022123413085937500e+02
5.790000000000000000e+02 5.813239746093750000e+02
5.190000000000000000e+02 5.684768066406250000e+02
6.150000000000000000e+02 5.598482666015625000e+02
5.860000000000000000e+02 6.004562377929687500e+02
6.670000000000000000e+02 6.492466430664062500e+02
5.830000000000000000e+02 5.701308593750000000e+02
6.000000000000000000e+02 6.082628784179687500e+02
5.760000000000000000e+02 5.564622802734375000e+02
6.750000000000000000e+02 6.828435058593750000e+02
5.790000000000000000e+02 5.906802368164062500e+02
6.520000000000000000e+02 5.902332153320312500e+02
5.350000000000000000e+02 6.326273803710937500e+02
6.110000000000000000e+02 5.767647094726562500e+02
6.070000000000000000e+02 6.553454589843750000e+02
6.950000000000000000e+02 6.300422363281250000e+02
6.740000000000000000e+02 6.054981079101562500e+02
5.270000000000000000e+02 5.995954589843750000e+02
5.610000000000000000e+02 6.199421997070312500e+02
5.270000000000000000e+02 6.145064697265625000e+02
6.170000000000000000e+02 6.063469848632812500e+02
5.660000000000000000e+02 6.223299560546875000e+02
6.510000000000000000e+02 5.527986450195312500e+02
5.500000000000000000e+02 5.514206542968750000e+02
6.260000000000000000e+02 5.647166748046875000e+02
5.820000000000000000e+02 6.175943603515625000e+02
6.810000000000000000e+02 6.036549682617187500e+02
5.940000000000000000e+02 6.134215087890625000e+02
6.790000000000000000e+02 5.916446533203125000e+02
5.750000000000000000e+02 5.831614379882812500e+02
6.660000000000000000e+02 6.004447631835937500e+02
5.530000000000000000e+02 6.078580322265625000e+02
6.540000000000000000e+02 6.233126220703125000e+02
5.190000000000000000e+02 5.966892089843750000e+02
5.830000000000000000e+02 5.836044311523437500e+02
6.720000000000000000e+02 6.361082153320312500e+02
5.300000000000000000e+02 6.191224975585937500e+02
6.240000000000000000e+02 6.279911499023437500e+02
7.160000000000000000e+02 6.105878906250000000e+02
4.940000000000000000e+02 6.182084350585937500e+02
5.960000000000000000e+02 6.124901123046875000e+02
6.300000000000000000e+02 5.666438598632812500e+02
4.970000000000000000e+02 6.084898071289062500e+02
5.880000000000000000e+02 6.367946777343750000e+02
5.480000000000000000e+02 6.018380126953125000e+02
6.350000000000000000e+02 6.136904907226562500e+02
5.120000000000000000e+02 6.583450317382812500e+02
6.050000000000000000e+02 6.265681152343750000e+02
5.570000000000000000e+02 6.243387451171875000e+02
6.400000000000000000e+02 6.207780151367187500e+02
5.100000000000000000e+02 5.858454589843750000e+02
6.010000000000000000e+02 6.028450317382812500e+02
7.080000000000000000e+02 5.685513305664062500e+02
5.860000000000000000e+02 5.834589233398437500e+02
6.830000000000000000e+02 5.855790405273437500e+02
4.900000000000000000e+02 5.783280639648437500e+02
5.710000000000000000e+02 5.799783935546875000e+02
5.500000000000000000e+02 6.469764404296875000e+02
6.330000000000000000e+02 6.076731567382812500e+02
5.500000000000000000e+02 5.846166381835937500e+02
6.700000000000000000e+02 6.370018310546875000e+02
5.480000000000000000e+02 5.941932373046875000e+02
5.470000000000000000e+02 6.246514282226562500e+02
6.340000000000000000e+02 6.347700805664062500e+02
5.560000000000000000e+02 6.201652832031250000e+02
6.310000000000000000e+02 6.838713378906250000e+02
5.690000000000000000e+02 5.904909667968750000e+02
6.890000000000000000e+02 5.879863281250000000e+02
5.580000000000000000e+02 6.053863525390625000e+02
6.780000000000000000e+02 5.905894165039062500e+02
7.100000000000000000e+02 6.339869995117187500e+02
5.770000000000000000e+02 5.903963623046875000e+02
5.690000000000000000e+02 6.292366333007812500e+02
5.530000000000000000e+02 6.181503906250000000e+02
6.730000000000000000e+02 5.534354248046875000e+02
5.810000000000000000e+02 6.556089477539062500e+02
7.010000000000000000e+02 6.322797241210937500e+02
6.190000000000000000e+02 5.885588378906250000e+02
5.840000000000000000e+02 6.159782714843750000e+02
7.040000000000000000e+02 5.811324462890625000e+02
5.940000000000000000e+02 5.860734863281250000e+02
6.170000000000000000e+02 5.798444213867187500e+02
