6.230000000000000000e+02 8.589804687500000000e+02
7.120000000000000000e+02 8.165225219726562500e+02
6.200000000000000000e+02 8.206892700195312500e+02
7.070000000000000000e+02 7.826422119140625000e+02
7.280000000000000000e+02 7.821555786132812500e+02
5.520000000000000000e+02 7.579026489257812500e+02
6.300000000000000000e+02 7.571033935546875000e+02
5.140000000000000000e+02 6.826754150390625000e+02
6.960000000000000000e+02 6.999569091796875000e+02
4.910000000000000000e+02 7.796505126953125000e+02
6.100000000000000000e+02 8.440908203125000000e+02
7.450000000000000000e+02 8.251257934570312500e+02
5.400000000000000000e+02 8.577750244140625000e+02
6.170000000000000000e+02 7.394522705078125000e+02
6.180000000000000000e+02 7.510360107421875000e+02
7.460000000000000000e+02 7.813291015625000000e+02
5.310000000000000000e+02 6.984665527343750000e+02
5.690000000000000000e+02 7.668668212890625000e+02
6.650000000000000000e+02 7.601112060546875000e+02
6.180000000000000000e+02 7.942548828125000000e+02
7.440000000000000000e+02 8.295880126953125000e+02
4.930000000000000000e+02 6.378609619140625000e+02
5.810000000000000000e+02 7.953618164062500000e+02
6.170000000000000000e+02 7.424783935546875000e+02
6.950000000000000000e+02 7.887168579101562500e+02
4.940000000000000000e+02 7.246950683593750000e+02
4.890000000000000000e+02 6.746148681640625000e+02
6.000000000000000000e+02 8.141910400390625000e+02
4.870000000000000000e+02 7.308177490234375000e+02
4.870000000000000000e+02 8.455345458984375000e+02
7.330000000000000000e+02 8.904517822265625000e+02
6.230000000000000000e+02 8.101529541015625000e+02
5.890000000000000000e+02 8.080970458984375000e+02
6.790000000000000000e+02 8.752184448242187500e+02
5.620000000000000000e+02 8.794978637695312500e+02
6.740000000000000000e+02 7.852656250000000000e+02
5.910000000000000000e+02 7.735012817382812500e+02
6.260000000000000000e+02 7.735964965820312500e+02
7.560000000000000000e+02 8.183275146484375000e+02
6.610000000000000000e+02 8.299791259765625000e+02
6.970000000000000000e+02 8.292326049804687500e+02
7.130000000000000000e+02 8.571456298828125000e+02
5.810000000000000000e+02 6.878853759765625000e+02
6.840000000000000000e+02 7.551430053710937500e+02
5.810000000000000000e+02 6.868846435546875000e+02
7.330000000000000000e+02 7.564759521484375000e+02
5.340000000000000000e+02 6.713383178710937500e+02
6.390000000000000000e+02 6.804106445312500000e+02
7.230000000000000000e+02 8.239671630859375000e+02
5.170000000000000000e+02 8.000449218750000000e+02
6.200000000000000000e+02 7.578238525390625000e+02
6.170000000000000000e+02 7.437989501953125000e+02
5.620000000000000000e+02 8.054100952148437500e+02
6.440000000000000000e+02 7.803350830078125000e+02
6.230000000000000000e+02 7.663049926757812500e+02
5.730000000000000000e+02 7.186660156250000000e+02
6.660000000000000000e+02 7.987197875976562500e+02
5.690000000000000000e+02 8.296104736328125000e+02
6.650000000000000000e+02 8.259620971679687500e+02
5.460000000000000000e+02 8.348195190429687500e+02
6.260000000000000000e+02 8.207894287109375000e+02
5.510000000000000000e+02 7.860459594726562500e+02
6.300000000000000000e+02 7.978291015625000000e+02
5.980000000000000000e+02 7.724664306640625000e+02
6.740000000000000000e+02 6.789860229492187500e+02
6.090000000000000000e+02 6.782429809570312500e+02
7.070000000000000000e+02 6.650526123046875000e+02
6.110000000000000000e+02 8.346112060546875000e+02
7.000000000000000000e+02 8.080388793945312500e+02
4.980000000000000000e+02 6.186472167968750000e+02
5.830000000000000000e+02 7.501223754882812500e+02
5.380000000000000000e+02 8.598470458984375000e+02
6.150000000000000000e+02 8.399351806640625000e+02
5.030000000000000000e+02 7.915068359375000000e+02
5.880000000000000000e+02 8.094158325195312500e+02
5.460000000000000000e+02 7.620203247070312500e+02
6.260000000000000000e+02 8.370714721679687500e+02
5.330000000000000000e+02 8.410676879882812500e+02
6.080000000000000000e+02 8.600555419921875000e+02
5.380000000000000000e+02 7.962962646484375000e+02
6.640000000000000000e+02 8.061838989257812500e+02
6.020000000000000000e+02 7.986112670898437500e+02
6.920000000000000000e+02 6.329698486328125000e+02
6.480000000000000000e+02 7.997178955078125000e+02
5.760000000000000000e+02 5.018803710937500000e+02
6.960000000000000000e+02 8.118624877929687500e+02
5.990000000000000000e+02 8.335321044921875000e+02
5.010000000000000000e+02 7.777142333984375000e+02
5.860000000000000000e+02 7.406273193359375000e+02
5.450000000000000000e+02 5.680206909179687500e+02
5.150000000000000000e+02 7.014335937500000000e+02
6.270000000000000000e+02 7.143532714843750000e+02
5.230000000000000000e+02 7.546090698242187500e+02
6.010000000000000000e+02 8.012238159179687500e+02
5.930000000000000000e+02 7.687059326171875000e+02
5.100000000000000000e+02 6.881366577148437500e+02
5.990000000000000000e+02 7.765309448242187500e+02
5.410000000000000000e+02 8.064470825195312500e+02
5.670000000000000000e+02 7.693073120117187500e+02
6.430000000000000000e+02 7.950451049804687500e+02
4.970000000000000000e+02 7.927918090820312500e+02
5.840000000000000000e+02 8.658551025390625000e+02
5.060000000000000000e+02 7.259900512695312500e+02
5.900000000000000000e+02 7.697155151367187500e+02
4.910000000000000000e+02 6.995373535156250000e+02
5.790000000000000000e+02 7.508315429687500000e+02
5.190000000000000000e+02 6.989565429687500000e+02
6.150000000000000000e+02 8.290449218750000000e+02
5.860000000000000000e+02 7.205347900390625000e+02
6.670000000000000000e+02 8.339013671875000000e+02
5.830000000000000000e+02 7.968366088867187500e+02
6.000000000000000000e+02 7.900032958984375000e+02
5.760000000000000000e+02 6.675263061523437500e+02
6.750000000000000000e+02 8.393933715820312500e+02
5.790000000000000000e+02 6.981495971679687500e+02
6.520000000000000000e+02 7.724056396484375000e+02
5.350000000000000000e+02 7.986821289062500000e+02
6.110000000000000000e+02 7.278006591796875000e+02
6.070000000000000000e+02 7.159304199218750000e+02
6.950000000000000000e+02 7.799901123046875000e+02
6.740000000000000000e+02 8.228504028320312500e+02
5.270000000000000000e+02 7.155042724609375000e+02
5.610000000000000000e+02 6.185998535156250000e+02
5.270000000000000000e+02 7.864879150390625000e+02
6.170000000000000000e+02 7.131058349609375000e+02
5.660000000000000000e+02 7.744985351562500000e+02
6.510000000000000000e+02 7.103565673828125000e+02
5.500000000000000000e+02 6.957672729492187500e+02
6.260000000000000000e+02 7.552791748046875000e+02
5.820000000000000000e+02 8.046610107421875000e+02
6.810000000000000000e+02 8.288898315429687500e+02
5.940000000000000000e+02 7.072487182617187500e+02
6.790000000000000000e+02 7.385258789062500000e+02
5.750000000000000000e+02 7.942066650390625000e+02
6.660000000000000000e+02 7.650149536132812500e+02
5.530000000000000000e+02 7.768447265625000000e+02
6.540000000000000000e+02 8.021694946289062500e+02
5.190000000000000000e+02 7.115719604492187500e+02
5.830000000000000000e+02 7.950963745117187500e+02
6.720000000000000000e+02 8.513458862304687500e+02
5.300000000000000000e+02 8.435177612304687500e+02
6.240000000000000000e+02 8.266507568359375000e+02
7.160000000000000000e+02 6.112535400390625000e+02
4.940000000000000000e+02 8.010590209960937500e+02
5.960000000000000000e+02 7.458914184570312500e+02
6.300000000000000000e+02 6.843865966796875000e+02
4.970000000000000000e+02 7.845315551757812500e+02
5.880000000000000000e+02 8.084313354492187500e+02
5.480000000000000000e+02 8.604334716796875000e+02
6.350000000000000000e+02 8.467542724609375000e+02
5.120000000000000000e+02 8.247927856445312500e+02
6.050000000000000000e+02 8.052762451171875000e+02
5.570000000000000000e+02 8.298717651367187500e+02
6.400000000000000000e+02 8.266888427734375000e+02
5.100000000000000000e+02 7.930533447265625000e+02
6.010000000000000000e+02 8.066968994140625000e+02
7.080000000000000000e+02 8.089470825195312500e+02
5.860000000000000000e+02 7.817871093750000000e+02
6.830000000000000000e+02 7.540488281250000000e+02
4.900000000000000000e+02 8.196472778320312500e+02
5.710000000000000000e+02 7.095294189453125000e+02
5.500000000000000000e+02 7.288371582031250000e+02
6.330000000000000000e+02 7.438711547851562500e+02
5.500000000000000000e+02 8.807214965820312500e+02
6.700000000000000000e+02 8.613980712890625000e+02
5.480000000000000000e+02 6.092797851562500000e+02
5.470000000000000000e+02 7.544554443359375000e+02
6.340000000000000000e+02 7.910444335937500000e+02
5.560000000000000000e+02 7.485719604492187500e+02
6.310000000000000000e+02 8.378526611328125000e+02
5.690000000000000000e+02 7.824650268554687500e+02
6.890000000000000000e+02 7.523191528320312500e+02
5.580000000000000000e+02 7.372119750976562500e+02
6.780000000000000000e+02 8.065178833007812500e+02
7.100000000000000000e+02 8.670416259765625000e+02
5.770000000000000000e+02 7.486817016601562500e+02
5.690000000000000000e+02 7.712474365234375000e+02
5.530000000000000000e+02 7.991232299804687500e+02
6.730000000000000000e+02 8.163544311523437500e+02
5.810000000000000000e+02 7.549858398437500000e+02
7.010000000000000000e+02 7.183211059570312500e+02
6.190000000000000000e+02 7.798246459960937500e+02
5.840000000000000000e+02 7.630304565429687500e+02
7.040000000000000000e+02 7.169185791015625000e+02
5.940000000000000000e+02 6.630154418945312500e+02
6.170000000000000000e+02 7.390526123046875000e+02
