1.044000000000000000e+03 9.911037597656250000e+02
8.700000000000000000e+02 9.839733276367187500e+02
5.280000000000000000e+02 7.151279296875000000e+02
8.770000000000000000e+02 9.781213989257812500e+02
6.920000000000000000e+02 6.879320678710937500e+02
8.680000000000000000e+02 8.706605224609375000e+02
6.980000000000000000e+02 6.133495483398437500e+02
1.054000000000000000e+03 9.481405029296875000e+02
8.700000000000000000e+02 5.943584594726562500e+02
8.600000000000000000e+02 6.983195800781250000e+02
6.890000000000000000e+02 8.170491333007812500e+02
1.046000000000000000e+03 9.455851440429687500e+02
8.730000000000000000e+02 9.480568847656250000e+02
5.110000000000000000e+02 8.306725463867187500e+02
3.210000000000000000e+02 5.822137451171875000e+02
1.230000000000000000e+03 9.827196655273437500e+02
6.910000000000000000e+02 8.395442504882812500e+02
1.066000000000000000e+03 1.014152893066406250e+03
8.820000000000000000e+02 8.833660888671875000e+02
3.310000000000000000e+02 6.411683959960937500e+02
3.210000000000000000e+02 5.466536254882812500e+02
1.061000000000000000e+03 6.211073608398437500e+02
3.310000000000000000e+02 5.382932128906250000e+02
7.020000000000000000e+02 8.002678833007812500e+02
6.870000000000000000e+02 9.616370849609375000e+02
6.910000000000000000e+02 6.784683227539062500e+02
3.290000000000000000e+02 6.746472167968750000e+02
8.730000000000000000e+02 8.929470825195312500e+02
1.045000000000000000e+03 6.908048706054687500e+02
6.950000000000000000e+02 6.381678466796875000e+02
1.227000000000000000e+03 7.157222900390625000e+02
3.310000000000000000e+02 5.638134765625000000e+02
1.044000000000000000e+03 9.372009277343750000e+02
8.670000000000000000e+02 5.598582153320312500e+02
1.049000000000000000e+03 8.912587280273437500e+02
8.700000000000000000e+02 6.970664672851562500e+02
6.920000000000000000e+02 9.582343139648437500e+02
8.690000000000000000e+02 7.240345458984375000e+02
5.020000000000000000e+02 8.080615844726562500e+02
8.680000000000000000e+02 9.853910522460937500e+02
3.240000000000000000e+02 5.367482299804687500e+02
8.690000000000000000e+02 9.098449707031250000e+02
5.020000000000000000e+02 5.808659057617187500e+02
3.280000000000000000e+02 5.175039672851562500e+02
6.950000000000000000e+02 9.488560791015625000e+02
3.320000000000000000e+02 5.671754760742187500e+02
6.870000000000000000e+02 5.472520751953125000e+02
1.050000000000000000e+03 1.013889038085937500e+03
6.930000000000000000e+02 9.693363037109375000e+02
1.235000000000000000e+03 9.789873657226562500e+02
1.047000000000000000e+03 9.719646606445312500e+02
1.043000000000000000e+03 9.201822509765625000e+02
5.120000000000000000e+02 5.837978515625000000e+02
8.750000000000000000e+02 6.274752807617187500e+02
3.410000000000000000e+02 5.512736816406250000e+02
6.810000000000000000e+02 7.331039428710937500e+02
6.890000000000000000e+02 6.255488891601562500e+02
7.010000000000000000e+02 8.782369995117187500e+02
1.052000000000000000e+03 9.441719360351562500e+02
1.235000000000000000e+03 9.647219848632812500e+02
8.670000000000000000e+02 9.414598999023437500e+02
8.700000000000000000e+02 9.507139282226562500e+02
7.150000000000000000e+02 8.275060424804687500e+02
1.053000000000000000e+03 9.216441650390625000e+02
1.047000000000000000e+03 1.029092407226562500e+03
6.880000000000000000e+02 6.971332397460937500e+02
6.840000000000000000e+02 5.964460449218750000e+02
1.227000000000000000e+03 1.016196350097656250e+03
5.130000000000000000e+02 7.648984985351562500e+02
6.900000000000000000e+02 7.553880615234375000e+02
8.790000000000000000e+02 6.916217651367187500e+02
3.300000000000000000e+02 4.858473205566406250e+02
1.233000000000000000e+03 9.811489868164062500e+02
3.380000000000000000e+02 5.926072387695312500e+02
3.470000000000000000e+02 5.895041503906250000e+02
6.900000000000000000e+02 5.691699218750000000e+02
3.290000000000000000e+02 5.645888671875000000e+02
5.030000000000000000e+02 5.590993041992187500e+02
6.770000000000000000e+02 8.331838378906250000e+02
8.660000000000000000e+02 9.156868286132812500e+02
1.233000000000000000e+03 8.259852905273437500e+02
1.059000000000000000e+03 8.832944946289062500e+02
3.270000000000000000e+02 6.684675292968750000e+02
1.227000000000000000e+03 7.936289062500000000e+02
8.710000000000000000e+02 9.194541015625000000e+02
8.800000000000000000e+02 8.993194580078125000e+02
5.100000000000000000e+02 5.230583496093750000e+02
6.930000000000000000e+02 5.859667968750000000e+02
6.900000000000000000e+02 7.543899536132812500e+02
1.055000000000000000e+03 9.950507202148437500e+02
7.010000000000000000e+02 6.876524658203125000e+02
1.046000000000000000e+03 9.977932128906250000e+02
8.710000000000000000e+02 7.188504028320312500e+02
8.700000000000000000e+02 9.911586303710937500e+02
8.650000000000000000e+02 8.860214843750000000e+02
8.700000000000000000e+02 9.157699584960937500e+02
8.760000000000000000e+02 8.269645996093750000e+02
4.940000000000000000e+02 4.841724548339843750e+02
3.260000000000000000e+02 5.408342895507812500e+02
8.660000000000000000e+02 9.974675903320312500e+02
3.350000000000000000e+02 5.242458496093750000e+02
1.062000000000000000e+03 9.398093261718750000e+02
5.110000000000000000e+02 7.351730957031250000e+02
6.960000000000000000e+02 9.231559448242187500e+02
8.760000000000000000e+02 8.813004150390625000e+02
