8.890000000000000000e+02 7.143109130859375000e+02
8.700000000000000000e+02 8.596319580078125000e+02
8.700000000000000000e+02 1.001422607421875000e+03
5.100000000000000000e+02 6.160159912109375000e+02
1.042000000000000000e+03 1.027383056640625000e+03
7.000000000000000000e+02 9.195731811523437500e+02
1.054000000000000000e+03 8.297460937500000000e+02
1.239000000000000000e+03 1.009400329589843750e+03
1.048000000000000000e+03 1.046078613281250000e+03
6.900000000000000000e+02 8.302402343750000000e+02
8.690000000000000000e+02 7.259569091796875000e+02
8.640000000000000000e+02 7.054664916992187500e+02
6.900000000000000000e+02 8.346597290039062500e+02
1.046000000000000000e+03 9.982623291015625000e+02
1.049000000000000000e+03 9.587310180664062500e+02
3.230000000000000000e+02 4.889657897949218750e+02
8.820000000000000000e+02 9.150350952148437500e+02
5.080000000000000000e+02 6.696637573242187500e+02
1.062000000000000000e+03 9.735691528320312500e+02
6.930000000000000000e+02 9.313392333984375000e+02
3.330000000000000000e+02 5.939662475585937500e+02
8.870000000000000000e+02 5.944489135742187500e+02
5.100000000000000000e+02 5.373201293945312500e+02
1.407000000000000000e+03 9.155806884765625000e+02
6.870000000000000000e+02 9.405563964843750000e+02
1.059000000000000000e+03 1.004238525390625000e+03
1.412000000000000000e+03 1.027590576171875000e+03
7.010000000000000000e+02 6.485996093750000000e+02
3.240000000000000000e+02 4.332074584960937500e+02
8.700000000000000000e+02 9.975161743164062500e+02
5.120000000000000000e+02 5.344237670898437500e+02
6.840000000000000000e+02 5.944552001953125000e+02
1.047000000000000000e+03 1.000795776367187500e+03
5.070000000000000000e+02 8.121226806640625000e+02
3.320000000000000000e+02 5.357031860351562500e+02
1.040000000000000000e+03 9.859840698242187500e+02
1.219000000000000000e+03 9.478775024414062500e+02
6.930000000000000000e+02 8.995212402343750000e+02
6.910000000000000000e+02 5.730333251953125000e+02
8.770000000000000000e+02 8.014724121093750000e+02
1.046000000000000000e+03 5.607174682617187500e+02
1.042000000000000000e+03 6.876249389648437500e+02
1.058000000000000000e+03 1.022638549804687500e+03
3.280000000000000000e+02 5.197930297851562500e+02
8.700000000000000000e+02 9.987078247070312500e+02
3.320000000000000000e+02 5.821506958007812500e+02
6.900000000000000000e+02 9.755164794921875000e+02
1.235000000000000000e+03 1.034391845703125000e+03
1.230000000000000000e+03 6.518037719726562500e+02
8.770000000000000000e+02 1.027567626953125000e+03
3.250000000000000000e+02 5.829786987304687500e+02
6.910000000000000000e+02 5.216527099609375000e+02
3.310000000000000000e+02 5.271318359375000000e+02
6.920000000000000000e+02 4.971692504882812500e+02
3.330000000000000000e+02 5.318616943359375000e+02
3.340000000000000000e+02 5.400706176757812500e+02
6.880000000000000000e+02 9.308056640625000000e+02
6.980000000000000000e+02 9.625703735351562500e+02
1.038000000000000000e+03 1.037841552734375000e+03
5.150000000000000000e+02 5.783303833007812500e+02
6.940000000000000000e+02 6.304440917968750000e+02
8.610000000000000000e+02 7.020808105468750000e+02
6.840000000000000000e+02 9.457321777343750000e+02
8.620000000000000000e+02 9.077568359375000000e+02
8.630000000000000000e+02 6.593193969726562500e+02
8.660000000000000000e+02 9.835950927734375000e+02
5.030000000000000000e+02 6.899632568359375000e+02
5.020000000000000000e+02 7.203692016601562500e+02
1.056000000000000000e+03 6.907493286132812500e+02
6.970000000000000000e+02 6.109961547851562500e+02
6.940000000000000000e+02 7.252747192382812500e+02
6.830000000000000000e+02 6.039852905273437500e+02
8.680000000000000000e+02 8.574676513671875000e+02
7.010000000000000000e+02 9.150684204101562500e+02
1.053000000000000000e+03 1.010802185058593750e+03
1.235000000000000000e+03 8.349666137695312500e+02
8.780000000000000000e+02 5.560507202148437500e+02
3.330000000000000000e+02 5.059470520019531250e+02
3.210000000000000000e+02 4.752617187500000000e+02
6.990000000000000000e+02 6.373663940429687500e+02
1.050000000000000000e+03 8.391456909179687500e+02
8.800000000000000000e+02 8.953961791992187500e+02
3.370000000000000000e+02 6.571523437500000000e+02
1.412000000000000000e+03 1.019644958496093750e+03
8.840000000000000000e+02 9.936754760742187500e+02
1.057000000000000000e+03 7.107142944335937500e+02
1.052000000000000000e+03 1.015615295410156250e+03
3.300000000000000000e+02 4.962687377929687500e+02
6.850000000000000000e+02 4.984750366210937500e+02
3.470000000000000000e+02 6.027928466796875000e+02
1.049000000000000000e+03 1.038758666992187500e+03
6.910000000000000000e+02 9.127558593750000000e+02
1.230000000000000000e+03 9.666932373046875000e+02
6.930000000000000000e+02 1.016275512695312500e+03
8.790000000000000000e+02 9.014976806640625000e+02
1.234000000000000000e+03 9.878579711914062500e+02
1.224000000000000000e+03 1.024990722656250000e+03
3.310000000000000000e+02 6.066651000976562500e+02
8.730000000000000000e+02 8.523017578125000000e+02
6.880000000000000000e+02 5.663942871093750000e+02
8.580000000000000000e+02 6.800590209960937500e+02
3.250000000000000000e+02 6.062869873046875000e+02
1.052000000000000000e+03 9.789034423828125000e+02
8.680000000000000000e+02 8.814652709960937500e+02
8.690000000000000000e+02 1.024498657226562500e+03
5.100000000000000000e+02 8.050315551757812500e+02
1.221000000000000000e+03 1.024972412109375000e+03
1.042000000000000000e+03 5.799457397460937500e+02
1.227000000000000000e+03 9.885442504882812500e+02
6.780000000000000000e+02 8.237090454101562500e+02
8.750000000000000000e+02 6.314443359375000000e+02
