4.894480519480519654e-01 7.005730867385864258e-01
5.037427849927850199e-01 6.901178956031799316e-01
5.795905483405482395e-01 6.866426467895507812e-01
6.823593073593073877e-01 6.992160677909851074e-01
5.874368686868687295e-01 6.864789724349975586e-01
6.580086580086580428e-01 6.878032684326171875e-01
8.029401154401153429e-01 6.985814571380615234e-01
7.437319624819624941e-01 6.909391880035400391e-01
5.087932900432899919e-01 6.776525974273681641e-01
1.000000000000000000e+00 7.008600831031799316e-01
7.160443722943723444e-01 6.808555126190185547e-01
4.894480519480519654e-01 7.091410756111145020e-01
5.037427849927850199e-01 6.825828552246093750e-01
5.795905483405482395e-01 6.843911409378051758e-01
6.823593073593073877e-01 7.016531229019165039e-01
5.874368686868687295e-01 6.967151761054992676e-01
6.580086580086580428e-01 6.961287260055541992e-01
8.029401154401153429e-01 6.930704712867736816e-01
7.437319624819624941e-01 6.825070977210998535e-01
5.087932900432899919e-01 6.917709112167358398e-01
1.000000000000000000e+00 6.907005310058593750e-01
7.160443722943723444e-01 6.769866943359375000e-01
7.716901154401153429e-01 6.996924281120300293e-01
6.360479797979797789e-01 6.785364747047424316e-01
8.839285714285715079e-01 6.868745088577270508e-01
6.323051948051947591e-01 6.857617497444152832e-01
6.975108225108225257e-01 6.706288456916809082e-01
6.192730880230880031e-01 6.962792873382568359e-01
6.880862193362192736e-01 6.889135241508483887e-01
7.171717171717171269e-01 7.112041711807250977e-01
