1.049000000000000000e+03 9.849699707031250000e+02
5.100000000000000000e+02 7.501837768554687500e+02
1.059000000000000000e+03 7.650492553710937500e+02
6.980000000000000000e+02 9.090733642578125000e+02
6.870000000000000000e+02 9.738474731445312500e+02
1.232000000000000000e+03 9.347902832031250000e+02
8.840000000000000000e+02 9.433987426757812500e+02
1.239000000000000000e+03 9.824304199218750000e+02
1.055000000000000000e+03 7.522263793945312500e+02
8.800000000000000000e+02 8.970052490234375000e+02
6.930000000000000000e+02 7.354774169921875000e+02
6.880000000000000000e+02 7.729404907226562500e+02
5.230000000000000000e+02 8.459069824218750000e+02
6.930000000000000000e+02 5.642101440429687500e+02
3.310000000000000000e+02 6.762368774414062500e+02
8.790000000000000000e+02 8.233372192382812500e+02
8.740000000000000000e+02 8.917388916015625000e+02
5.110000000000000000e+02 5.712308349609375000e+02
3.290000000000000000e+02 6.368143310546875000e+02
1.045000000000000000e+03 9.258903808593750000e+02
3.320000000000000000e+02 5.692832031250000000e+02
3.290000000000000000e+02 5.477037963867187500e+02
6.890000000000000000e+02 6.605082397460937500e+02
1.050000000000000000e+03 9.312548217773437500e+02
1.418000000000000000e+03 9.889954833984375000e+02
3.320000000000000000e+02 5.862315063476562500e+02
8.690000000000000000e+02 9.174283447265625000e+02
6.900000000000000000e+02 8.332467041015625000e+02
3.290000000000000000e+02 5.145609741210937500e+02
5.130000000000000000e+02 7.570975952148437500e+02
5.190000000000000000e+02 9.491537475585937500e+02
1.058000000000000000e+03 9.681624145507812500e+02
1.403000000000000000e+03 5.940067749023437500e+02
6.920000000000000000e+02 4.955741271972656250e+02
6.830000000000000000e+02 7.310364379882812500e+02
1.232000000000000000e+03 9.642178955078125000e+02
3.470000000000000000e+02 5.255193481445312500e+02
6.900000000000000000e+02 8.387220458984375000e+02
3.280000000000000000e+02 5.600294799804687500e+02
3.310000000000000000e+02 5.584445800781250000e+02
8.700000000000000000e+02 6.127174072265625000e+02
8.790000000000000000e+02 9.635823974609375000e+02
1.056000000000000000e+03 9.736048583984375000e+02
1.225000000000000000e+03 9.778449707031250000e+02
1.060000000000000000e+03 7.886912841796875000e+02
1.049000000000000000e+03 8.769722900390625000e+02
1.051000000000000000e+03 9.100615234375000000e+02
3.290000000000000000e+02 7.219622192382812500e+02
8.580000000000000000e+02 6.026082763671875000e+02
6.910000000000000000e+02 9.376786499023437500e+02
5.240000000000000000e+02 6.408837890625000000e+02
3.310000000000000000e+02 6.800930786132812500e+02
8.600000000000000000e+02 6.474347534179687500e+02
1.042000000000000000e+03 9.869896850585937500e+02
3.350000000000000000e+02 5.200072631835937500e+02
1.059000000000000000e+03 9.414373168945312500e+02
3.370000000000000000e+02 6.604175415039062500e+02
6.880000000000000000e+02 5.697222290039062500e+02
8.700000000000000000e+02 9.669718627929687500e+02
6.950000000000000000e+02 8.974534912109375000e+02
5.100000000000000000e+02 5.104224853515625000e+02
3.390000000000000000e+02 4.801625671386718750e+02
8.720000000000000000e+02 6.887437133789062500e+02
8.720000000000000000e+02 7.319776611328125000e+02
3.300000000000000000e+02 5.074295654296875000e+02
7.000000000000000000e+02 8.672775268554687500e+02
6.830000000000000000e+02 7.041387939453125000e+02
5.110000000000000000e+02 7.831329345703125000e+02
1.422000000000000000e+03 8.620025024414062500e+02
3.300000000000000000e+02 5.844016723632812500e+02
1.049000000000000000e+03 9.724284667968750000e+02
1.036000000000000000e+03 9.256544799804687500e+02
1.036000000000000000e+03 8.198991699218750000e+02
5.100000000000000000e+02 5.003625793457031250e+02
1.051000000000000000e+03 9.455644531250000000e+02
3.330000000000000000e+02 5.127897949218750000e+02
1.230000000000000000e+03 5.978662719726562500e+02
8.770000000000000000e+02 9.817101440429687500e+02
1.052000000000000000e+03 8.982894287109375000e+02
3.270000000000000000e+02 6.302282104492187500e+02
6.980000000000000000e+02 9.237085571289062500e+02
6.890000000000000000e+02 7.761564331054687500e+02
5.140000000000000000e+02 5.544573364257812500e+02
7.230000000000000000e+02 7.278721313476562500e+02
1.045000000000000000e+03 6.508015136718750000e+02
3.340000000000000000e+02 6.752487792968750000e+02
6.810000000000000000e+02 7.044546508789062500e+02
8.760000000000000000e+02 8.281838989257812500e+02
8.680000000000000000e+02 9.463049926757812500e+02
1.236000000000000000e+03 9.006056518554687500e+02
3.260000000000000000e+02 4.964933776855468750e+02
1.412000000000000000e+03 9.836025390625000000e+02
6.990000000000000000e+02 5.954768676757812500e+02
1.231000000000000000e+03 6.687034301757812500e+02
1.055000000000000000e+03 9.860568847656250000e+02
5.150000000000000000e+02 7.763847045898437500e+02
1.050000000000000000e+03 8.328284912109375000e+02
8.680000000000000000e+02 8.260075073242187500e+02
8.640000000000000000e+02 6.759520263671875000e+02
5.040000000000000000e+02 4.526766662597656250e+02
6.900000000000000000e+02 6.404276733398437500e+02
6.930000000000000000e+02 9.111486816406250000e+02
8.760000000000000000e+02 9.395283203125000000e+02
1.044000000000000000e+03 9.215318603515625000e+02
3.300000000000000000e+02 6.714426879882812500e+02
1.046000000000000000e+03 9.391869506835937500e+02
