6.230000000000000000e+02 7.954152221679687500e+02
7.120000000000000000e+02 7.740841674804687500e+02
6.200000000000000000e+02 7.565008544921875000e+02
7.070000000000000000e+02 7.604685668945312500e+02
7.280000000000000000e+02 7.252372436523437500e+02
5.520000000000000000e+02 7.393060302734375000e+02
6.300000000000000000e+02 7.276044311523437500e+02
5.140000000000000000e+02 6.516028442382812500e+02
6.960000000000000000e+02 6.768244018554687500e+02
4.910000000000000000e+02 7.120125122070312500e+02
6.100000000000000000e+02 7.862448120117187500e+02
7.450000000000000000e+02 8.123681640625000000e+02
5.400000000000000000e+02 8.087474975585937500e+02
6.170000000000000000e+02 7.573005371093750000e+02
6.180000000000000000e+02 7.060445556640625000e+02
7.460000000000000000e+02 7.363311767578125000e+02
5.310000000000000000e+02 7.190057373046875000e+02
5.690000000000000000e+02 7.508941650390625000e+02
6.650000000000000000e+02 7.447271728515625000e+02
6.180000000000000000e+02 7.472804565429687500e+02
7.440000000000000000e+02 7.967157592773437500e+02
4.930000000000000000e+02 6.408059692382812500e+02
5.810000000000000000e+02 7.131724853515625000e+02
6.170000000000000000e+02 6.996984863281250000e+02
6.950000000000000000e+02 7.212073974609375000e+02
4.940000000000000000e+02 6.936035156250000000e+02
4.890000000000000000e+02 6.641080932617187500e+02
6.000000000000000000e+02 7.583939819335937500e+02
4.870000000000000000e+02 6.959733886718750000e+02
4.870000000000000000e+02 7.951601562500000000e+02
7.330000000000000000e+02 8.049377441406250000e+02
6.230000000000000000e+02 7.640557250976562500e+02
5.890000000000000000e+02 7.667567749023437500e+02
6.790000000000000000e+02 8.203690185546875000e+02
5.620000000000000000e+02 8.091902465820312500e+02
6.740000000000000000e+02 7.312482910156250000e+02
5.910000000000000000e+02 7.248376464843750000e+02
6.260000000000000000e+02 7.895820312500000000e+02
7.560000000000000000e+02 7.682673339843750000e+02
6.610000000000000000e+02 7.858007812500000000e+02
6.970000000000000000e+02 7.939577026367187500e+02
7.130000000000000000e+02 7.889848022460937500e+02
5.810000000000000000e+02 7.105575561523437500e+02
6.840000000000000000e+02 7.322999877929687500e+02
5.810000000000000000e+02 6.784276123046875000e+02
7.330000000000000000e+02 7.490159912109375000e+02
5.340000000000000000e+02 6.909320068359375000e+02
6.390000000000000000e+02 6.802117919921875000e+02
7.230000000000000000e+02 8.268473510742187500e+02
5.170000000000000000e+02 8.194334716796875000e+02
6.200000000000000000e+02 7.347611694335937500e+02
6.170000000000000000e+02 7.509117431640625000e+02
5.620000000000000000e+02 7.735465087890625000e+02
6.440000000000000000e+02 7.356492309570312500e+02
6.230000000000000000e+02 7.282623901367187500e+02
5.730000000000000000e+02 7.055699462890625000e+02
6.660000000000000000e+02 7.616403198242187500e+02
5.690000000000000000e+02 7.847525024414062500e+02
6.650000000000000000e+02 7.904674682617187500e+02
5.460000000000000000e+02 7.927626342773437500e+02
6.260000000000000000e+02 7.761500244140625000e+02
5.510000000000000000e+02 7.571898193359375000e+02
6.300000000000000000e+02 7.386813964843750000e+02
5.980000000000000000e+02 7.836514282226562500e+02
6.740000000000000000e+02 6.739036254882812500e+02
6.090000000000000000e+02 6.899667358398437500e+02
7.070000000000000000e+02 6.700079345703125000e+02
6.110000000000000000e+02 7.953465576171875000e+02
7.000000000000000000e+02 7.832257080078125000e+02
4.980000000000000000e+02 6.225803222656250000e+02
5.830000000000000000e+02 7.178568725585937500e+02
5.380000000000000000e+02 8.250574340820312500e+02
6.150000000000000000e+02 8.227148437500000000e+02
5.030000000000000000e+02 7.718275146484375000e+02
5.880000000000000000e+02 7.580714721679687500e+02
5.460000000000000000e+02 7.695630493164062500e+02
6.260000000000000000e+02 7.803523559570312500e+02
5.330000000000000000e+02 7.859887084960937500e+02
6.080000000000000000e+02 8.118771972656250000e+02
5.380000000000000000e+02 7.497887573242187500e+02
6.640000000000000000e+02 7.751660156250000000e+02
6.020000000000000000e+02 7.420957031250000000e+02
6.920000000000000000e+02 6.060046997070312500e+02
6.480000000000000000e+02 7.596903686523437500e+02
5.760000000000000000e+02 5.925332641601562500e+02
6.960000000000000000e+02 7.431442260742187500e+02
5.990000000000000000e+02 7.974105224609375000e+02
5.010000000000000000e+02 7.613626098632812500e+02
5.860000000000000000e+02 7.262485961914062500e+02
5.450000000000000000e+02 5.793095092773437500e+02
5.150000000000000000e+02 7.383893432617187500e+02
6.270000000000000000e+02 7.010100097656250000e+02
5.230000000000000000e+02 7.397873535156250000e+02
6.010000000000000000e+02 7.656750488281250000e+02
5.930000000000000000e+02 7.641437988281250000e+02
5.100000000000000000e+02 6.935068969726562500e+02
5.990000000000000000e+02 7.908641967773437500e+02
5.410000000000000000e+02 7.793008422851562500e+02
5.670000000000000000e+02 7.334309692382812500e+02
6.430000000000000000e+02 7.629190673828125000e+02
4.970000000000000000e+02 7.673293457031250000e+02
5.840000000000000000e+02 8.090155029296875000e+02
5.060000000000000000e+02 6.817540893554687500e+02
5.900000000000000000e+02 7.524186401367187500e+02
4.910000000000000000e+02 7.111519775390625000e+02
5.790000000000000000e+02 6.799880371093750000e+02
5.190000000000000000e+02 7.100497436523437500e+02
6.150000000000000000e+02 7.490848999023437500e+02
5.860000000000000000e+02 7.210968627929687500e+02
6.670000000000000000e+02 7.723137817382812500e+02
5.830000000000000000e+02 7.502814331054687500e+02
6.000000000000000000e+02 7.349071655273437500e+02
5.760000000000000000e+02 6.696832275390625000e+02
6.750000000000000000e+02 7.972433471679687500e+02
5.790000000000000000e+02 6.835443115234375000e+02
6.520000000000000000e+02 7.514425048828125000e+02
5.350000000000000000e+02 7.595510253906250000e+02
6.110000000000000000e+02 7.285866088867187500e+02
6.070000000000000000e+02 6.997415161132812500e+02
6.950000000000000000e+02 7.639194946289062500e+02
6.740000000000000000e+02 7.832250366210937500e+02
5.270000000000000000e+02 7.234217529296875000e+02
5.610000000000000000e+02 6.301770629882812500e+02
5.270000000000000000e+02 7.387432861328125000e+02
6.170000000000000000e+02 7.269358520507812500e+02
5.660000000000000000e+02 7.389815063476562500e+02
6.510000000000000000e+02 6.997575683593750000e+02
5.500000000000000000e+02 6.622184448242187500e+02
6.260000000000000000e+02 7.520960693359375000e+02
5.820000000000000000e+02 7.381053466796875000e+02
6.810000000000000000e+02 7.805933837890625000e+02
5.940000000000000000e+02 6.700417480468750000e+02
6.790000000000000000e+02 7.362165527343750000e+02
5.750000000000000000e+02 7.830470581054687500e+02
6.660000000000000000e+02 7.620929565429687500e+02
5.530000000000000000e+02 7.393161621093750000e+02
6.540000000000000000e+02 7.629284057617187500e+02
5.190000000000000000e+02 7.076521606445312500e+02
5.830000000000000000e+02 7.600053100585937500e+02
6.720000000000000000e+02 7.882734375000000000e+02
5.300000000000000000e+02 7.968897094726562500e+02
6.240000000000000000e+02 7.948543701171875000e+02
7.160000000000000000e+02 5.940413818359375000e+02
4.940000000000000000e+02 7.958609619140625000e+02
5.960000000000000000e+02 7.713895263671875000e+02
6.300000000000000000e+02 6.509817504882812500e+02
4.970000000000000000e+02 7.500234375000000000e+02
5.880000000000000000e+02 7.614649047851562500e+02
5.480000000000000000e+02 8.176508178710937500e+02
6.350000000000000000e+02 8.043313598632812500e+02
5.120000000000000000e+02 7.858604125976562500e+02
6.050000000000000000e+02 7.649111938476562500e+02
5.570000000000000000e+02 7.792183837890625000e+02
6.400000000000000000e+02 8.010646972656250000e+02
5.100000000000000000e+02 7.323739013671875000e+02
6.010000000000000000e+02 7.774799194335937500e+02
7.080000000000000000e+02 7.837357788085937500e+02
5.860000000000000000e+02 7.377747192382812500e+02
6.830000000000000000e+02 7.361132202148437500e+02
4.900000000000000000e+02 7.881358032226562500e+02
5.710000000000000000e+02 7.418629760742187500e+02
5.500000000000000000e+02 7.282301025390625000e+02
6.330000000000000000e+02 7.335660400390625000e+02
5.500000000000000000e+02 8.268176879882812500e+02
6.700000000000000000e+02 8.182030029296875000e+02
5.480000000000000000e+02 6.244296875000000000e+02
5.470000000000000000e+02 7.573395996093750000e+02
6.340000000000000000e+02 7.887365722656250000e+02
5.560000000000000000e+02 7.242082519531250000e+02
6.310000000000000000e+02 7.984485473632812500e+02
5.690000000000000000e+02 7.362097778320312500e+02
6.890000000000000000e+02 7.550605468750000000e+02
5.580000000000000000e+02 7.216519775390625000e+02
6.780000000000000000e+02 7.450094604492187500e+02
7.100000000000000000e+02 8.058854980468750000e+02
5.770000000000000000e+02 7.105974121093750000e+02
5.690000000000000000e+02 7.554411621093750000e+02
5.530000000000000000e+02 7.617769775390625000e+02
6.730000000000000000e+02 7.891939086914062500e+02
5.810000000000000000e+02 6.990095825195312500e+02
7.010000000000000000e+02 7.121316528320312500e+02
6.190000000000000000e+02 6.984848022460937500e+02
5.840000000000000000e+02 7.490049438476562500e+02
7.040000000000000000e+02 6.941205444335937500e+02
5.940000000000000000e+02 6.284614868164062500e+02
6.170000000000000000e+02 7.435984497070312500e+02
