3.390000000000000000e+02 5.512311401367187500e+02
1.047000000000000000e+03 7.592868041992187500e+02
3.300000000000000000e+02 5.390479736328125000e+02
1.060000000000000000e+03 7.739279785156250000e+02
1.051000000000000000e+03 8.806136474609375000e+02
5.050000000000000000e+02 6.587210083007812500e+02
1.231000000000000000e+03 6.767445068359375000e+02
1.227000000000000000e+03 9.374171752929687500e+02
8.680000000000000000e+02 8.374171752929687500e+02
3.310000000000000000e+02 6.058021850585937500e+02
1.054000000000000000e+03 8.469309692382812500e+02
8.790000000000000000e+02 7.805146484375000000e+02
5.090000000000000000e+02 7.752281494140625000e+02
8.700000000000000000e+02 5.826488037109375000e+02
8.710000000000000000e+02 7.494212036132812500e+02
6.980000000000000000e+02 4.986589050292968750e+02
5.020000000000000000e+02 7.031475219726562500e+02
6.920000000000000000e+02 9.044666748046875000e+02
1.414000000000000000e+03 9.281184692382812500e+02
8.710000000000000000e+02 9.313880615234375000e+02
3.240000000000000000e+02 5.410662231445312500e+02
1.055000000000000000e+03 6.240830078125000000e+02
1.045000000000000000e+03 5.710714111328125000e+02
1.055000000000000000e+03 8.577401733398437500e+02
1.228000000000000000e+03 9.498778686523437500e+02
6.910000000000000000e+02 6.087285156250000000e+02
6.920000000000000000e+02 6.348556518554687500e+02
3.310000000000000000e+02 6.854000854492187500e+02
1.412000000000000000e+03 8.780708618164062500e+02
8.580000000000000000e+02 6.305870361328125000e+02
6.970000000000000000e+02 7.479105224609375000e+02
8.710000000000000000e+02 9.863225708007812500e+02
1.230000000000000000e+03 8.046384887695312500e+02
8.800000000000000000e+02 8.276034545898437500e+02
3.290000000000000000e+02 5.155241088867187500e+02
5.100000000000000000e+02 7.607876586914062500e+02
3.310000000000000000e+02 5.438881225585937500e+02
1.065000000000000000e+03 9.100624389648437500e+02
8.720000000000000000e+02 6.356668701171875000e+02
1.045000000000000000e+03 6.945092163085937500e+02
8.660000000000000000e+02 8.604462280273437500e+02
3.300000000000000000e+02 6.031644897460937500e+02
6.860000000000000000e+02 9.364556274414062500e+02
1.047000000000000000e+03 8.089661254882812500e+02
6.930000000000000000e+02 7.426865234375000000e+02
1.069000000000000000e+03 7.879398193359375000e+02
1.035000000000000000e+03 1.017039611816406250e+03
1.050000000000000000e+03 1.021369140625000000e+03
1.051000000000000000e+03 8.242620849609375000e+02
6.930000000000000000e+02 6.969692993164062500e+02
3.300000000000000000e+02 6.832174072265625000e+02
6.990000000000000000e+02 7.306962890625000000e+02
6.960000000000000000e+02 5.941520385742187500e+02
8.680000000000000000e+02 7.075935668945312500e+02
1.234000000000000000e+03 9.144683837890625000e+02
3.220000000000000000e+02 5.934752807617187500e+02
8.750000000000000000e+02 8.901608276367187500e+02
3.310000000000000000e+02 6.183501586914062500e+02
6.850000000000000000e+02 8.247411499023437500e+02
1.058000000000000000e+03 9.313182373046875000e+02
1.230000000000000000e+03 8.159066772460937500e+02
8.700000000000000000e+02 7.163568725585937500e+02
3.250000000000000000e+02 4.652719116210937500e+02
5.100000000000000000e+02 5.602088012695312500e+02
3.390000000000000000e+02 6.401524047851562500e+02
3.290000000000000000e+02 6.673334350585937500e+02
6.930000000000000000e+02 5.722615966796875000e+02
1.050000000000000000e+03 8.759964599609375000e+02
5.120000000000000000e+02 6.202171630859375000e+02
3.260000000000000000e+02 6.058649902343750000e+02
8.820000000000000000e+02 8.244396972656250000e+02
3.330000000000000000e+02 5.531968994140625000e+02
6.830000000000000000e+02 6.554822998046875000e+02
1.043000000000000000e+03 1.027893310546875000e+03
5.100000000000000000e+02 6.844409790039062500e+02
6.870000000000000000e+02 7.465718383789062500e+02
7.150000000000000000e+02 8.180389404296875000e+02
1.050000000000000000e+03 9.824202270507812500e+02
8.700000000000000000e+02 9.131893920898437500e+02
8.710000000000000000e+02 8.309389038085937500e+02
6.980000000000000000e+02 7.953112792968750000e+02
6.930000000000000000e+02 8.534342651367187500e+02
8.700000000000000000e+02 8.940323486328125000e+02
8.610000000000000000e+02 7.768124389648437500e+02
6.900000000000000000e+02 7.689114379882812500e+02
5.190000000000000000e+02 5.717706909179687500e+02
8.710000000000000000e+02 6.734251708984375000e+02
5.110000000000000000e+02 6.984205932617187500e+02
6.990000000000000000e+02 8.180728759765625000e+02
8.710000000000000000e+02 8.121664428710937500e+02
1.062000000000000000e+03 8.833781738281250000e+02
5.150000000000000000e+02 6.127440795898437500e+02
5.240000000000000000e+02 5.680263671875000000e+02
6.910000000000000000e+02 1.011829406738281250e+03
