5.180000000000000000e+02 7.593676147460937500e+02
1.052000000000000000e+03 8.721247558593750000e+02
3.300000000000000000e+02 4.504942626953125000e+02
8.800000000000000000e+02 9.558106079101562500e+02
3.270000000000000000e+02 6.349436645507812500e+02
6.900000000000000000e+02 7.895961303710937500e+02
1.224000000000000000e+03 9.776724853515625000e+02
8.700000000000000000e+02 8.740734863281250000e+02
1.233000000000000000e+03 8.201326293945312500e+02
1.049000000000000000e+03 8.644222412109375000e+02
6.820000000000000000e+02 8.486818847656250000e+02
8.840000000000000000e+02 9.394851684570312500e+02
8.700000000000000000e+02 9.761428222656250000e+02
6.910000000000000000e+02 5.647839355468750000e+02
5.100000000000000000e+02 6.273756713867187500e+02
3.310000000000000000e+02 4.944012145996093750e+02
1.418000000000000000e+03 9.579600219726562500e+02
8.700000000000000000e+02 9.705037841796875000e+02
6.880000000000000000e+02 7.547969360351562500e+02
3.290000000000000000e+02 5.308894653320312500e+02
1.224000000000000000e+03 9.889951171875000000e+02
1.051000000000000000e+03 9.379728393554687500e+02
1.054000000000000000e+03 9.598845214843750000e+02
1.233000000000000000e+03 9.321854858398437500e+02
1.231000000000000000e+03 8.883793334960937500e+02
6.950000000000000000e+02 9.162528686523437500e+02
8.730000000000000000e+02 8.599660034179687500e+02
8.700000000000000000e+02 7.854473266601562500e+02
1.055000000000000000e+03 9.750404663085937500e+02
1.051000000000000000e+03 8.952238769531250000e+02
8.650000000000000000e+02 8.834948120117187500e+02
3.260000000000000000e+02 5.001467590332031250e+02
6.900000000000000000e+02 7.968291015625000000e+02
6.930000000000000000e+02 7.941037597656250000e+02
3.300000000000000000e+02 4.947437744140625000e+02
3.370000000000000000e+02 6.511828002929687500e+02
6.920000000000000000e+02 9.897307128906250000e+02
8.730000000000000000e+02 8.449935913085937500e+02
1.221000000000000000e+03 1.001766723632812500e+03
5.190000000000000000e+02 6.109322509765625000e+02
3.300000000000000000e+02 5.165303955078125000e+02
5.100000000000000000e+02 5.402134399414062500e+02
1.396000000000000000e+03 9.153513183593750000e+02
8.700000000000000000e+02 7.730625000000000000e+02
5.180000000000000000e+02 9.581155395507812500e+02
5.140000000000000000e+02 5.409548339843750000e+02
1.412000000000000000e+03 9.911565551757812500e+02
1.044000000000000000e+03 8.202154541015625000e+02
1.051000000000000000e+03 9.633541870117187500e+02
8.730000000000000000e+02 9.208250732421875000e+02
6.930000000000000000e+02 8.873532714843750000e+02
5.130000000000000000e+02 7.152711791992187500e+02
3.470000000000000000e+02 5.388902587890625000e+02
1.230000000000000000e+03 9.774953002929687500e+02
3.210000000000000000e+02 5.835361328125000000e+02
5.100000000000000000e+02 4.732126159667968750e+02
3.320000000000000000e+02 5.577186889648437500e+02
8.760000000000000000e+02 7.996482543945312500e+02
1.053000000000000000e+03 9.855134277343750000e+02
3.250000000000000000e+02 4.416396179199218750e+02
3.310000000000000000e+02 5.918590087890625000e+02
8.610000000000000000e+02 6.971383056640625000e+02
1.048000000000000000e+03 9.757982177734375000e+02
6.880000000000000000e+02 6.134164428710937500e+02
8.700000000000000000e+02 7.809838256835937500e+02
6.980000000000000000e+02 8.799956665039062500e+02
1.049000000000000000e+03 9.191666870117187500e+02
5.140000000000000000e+02 6.197520751953125000e+02
5.100000000000000000e+02 5.201566162109375000e+02
6.900000000000000000e+02 7.409592285156250000e+02
8.710000000000000000e+02 8.035285034179687500e+02
1.052000000000000000e+03 8.915097045898437500e+02
1.060000000000000000e+03 8.646017456054687500e+02
1.050000000000000000e+03 9.393934936523437500e+02
1.233000000000000000e+03 9.825938720703125000e+02
5.110000000000000000e+02 7.162207031250000000e+02
3.400000000000000000e+02 5.737272949218750000e+02
1.227000000000000000e+03 8.137742919921875000e+02
8.740000000000000000e+02 8.965851440429687500e+02
8.740000000000000000e+02 6.901829833984375000e+02
1.047000000000000000e+03 7.476627197265625000e+02
1.050000000000000000e+03 1.008284545898437500e+03
1.045000000000000000e+03 9.271140747070312500e+02
3.340000000000000000e+02 7.101516723632812500e+02
1.058000000000000000e+03 8.408009033203125000e+02
3.290000000000000000e+02 6.659415283203125000e+02
1.036000000000000000e+03 9.210154418945312500e+02
5.090000000000000000e+02 6.107445068359375000e+02
6.910000000000000000e+02 5.581336059570312500e+02
6.930000000000000000e+02 5.726868286132812500e+02
7.000000000000000000e+02 7.343021240234375000e+02
6.900000000000000000e+02 7.806906738281250000e+02
3.300000000000000000e+02 4.996091918945312500e+02
1.412000000000000000e+03 9.946558837890625000e+02
6.890000000000000000e+02 6.934862060546875000e+02
3.430000000000000000e+02 5.373858642578125000e+02
1.231000000000000000e+03 7.770960083007812500e+02
5.070000000000000000e+02 4.977499389648437500e+02
8.690000000000000000e+02 9.067388916015625000e+02
3.290000000000000000e+02 4.910890808105468750e+02
1.052000000000000000e+03 9.344011230468750000e+02
5.110000000000000000e+02 7.297131347656250000e+02
7.030000000000000000e+02 8.724284057617187500e+02
5.030000000000000000e+02 5.618604125976562500e+02
5.090000000000000000e+02 6.821562500000000000e+02
6.940000000000000000e+02 8.771085205078125000e+02
