1.051000000000000000e+03 9.595876464843750000e+02
8.700000000000000000e+02 8.975552368164062500e+02
6.840000000000000000e+02 9.585490722656250000e+02
1.045000000000000000e+03 9.105421752929687500e+02
8.730000000000000000e+02 9.198040161132812500e+02
1.049000000000000000e+03 8.296669311523437500e+02
3.400000000000000000e+02 5.722020874023437500e+02
8.740000000000000000e+02 6.400146484375000000e+02
6.900000000000000000e+02 7.769642333984375000e+02
5.030000000000000000e+02 7.508201904296875000e+02
3.300000000000000000e+02 5.632534790039062500e+02
1.224000000000000000e+03 9.937989501953125000e+02
1.046000000000000000e+03 8.981903686523437500e+02
1.233000000000000000e+03 9.282479858398437500e+02
8.770000000000000000e+02 8.190643310546875000e+02
6.880000000000000000e+02 5.454679565429687500e+02
8.700000000000000000e+02 7.875398559570312500e+02
1.231000000000000000e+03 6.946829833984375000e+02
1.414000000000000000e+03 9.785313110351562500e+02
6.870000000000000000e+02 5.820127563476562500e+02
8.660000000000000000e+02 9.759496459960937500e+02
1.065000000000000000e+03 5.739887084960937500e+02
1.048000000000000000e+03 7.978775024414062500e+02
3.260000000000000000e+02 5.583666381835937500e+02
8.800000000000000000e+02 8.470550537109375000e+02
1.050000000000000000e+03 9.090371093750000000e+02
5.090000000000000000e+02 6.861428833007812500e+02
6.880000000000000000e+02 7.711773681640625000e+02
6.980000000000000000e+02 6.202959594726562500e+02
3.340000000000000000e+02 7.070051269531250000e+02
3.310000000000000000e+02 4.907477111816406250e+02
5.240000000000000000e+02 6.046144409179687500e+02
8.800000000000000000e+02 9.486884765625000000e+02
5.090000000000000000e+02 5.879322509765625000e+02
3.320000000000000000e+02 5.430196533203125000e+02
6.890000000000000000e+02 5.548132324218750000e+02
1.051000000000000000e+03 9.021463623046875000e+02
1.052000000000000000e+03 9.352548828125000000e+02
8.620000000000000000e+02 8.521406860351562500e+02
7.010000000000000000e+02 6.388779296875000000e+02
1.052000000000000000e+03 8.704201660156250000e+02
5.110000000000000000e+02 7.057078247070312500e+02
6.930000000000000000e+02 5.599500122070312500e+02
6.920000000000000000e+02 8.049110717773437500e+02
1.047000000000000000e+03 1.005705688476562500e+03
3.240000000000000000e+02 4.771709594726562500e+02
6.870000000000000000e+02 8.910416870117187500e+02
8.720000000000000000e+02 6.576740722656250000e+02
8.780000000000000000e+02 8.282250366210937500e+02
3.300000000000000000e+02 5.454746704101562500e+02
3.240000000000000000e+02 5.604648437500000000e+02
6.840000000000000000e+02 5.696874389648437500e+02
8.800000000000000000e+02 9.014636230468750000e+02
8.680000000000000000e+02 9.578640747070312500e+02
6.900000000000000000e+02 6.861570434570312500e+02
1.403000000000000000e+03 8.320365600585937500e+02
1.049000000000000000e+03 7.550623779296875000e+02
3.290000000000000000e+02 5.023414611816406250e+02
1.048000000000000000e+03 1.001117065429687500e+03
6.920000000000000000e+02 9.454147949218750000e+02
3.320000000000000000e+02 6.247301025390625000e+02
8.700000000000000000e+02 6.986842041015625000e+02
3.340000000000000000e+02 5.542636718750000000e+02
8.660000000000000000e+02 9.783397827148437500e+02
8.680000000000000000e+02 8.426626586914062500e+02
6.920000000000000000e+02 7.323895263671875000e+02
5.150000000000000000e+02 5.493579711914062500e+02
3.250000000000000000e+02 6.634767456054687500e+02
3.350000000000000000e+02 6.096052856445312500e+02
1.050000000000000000e+03 1.006537292480468750e+03
8.710000000000000000e+02 8.803687744140625000e+02
1.044000000000000000e+03 9.021112670898437500e+02
3.210000000000000000e+02 5.215915527343750000e+02
6.930000000000000000e+02 8.607892456054687500e+02
8.790000000000000000e+02 6.987395629882812500e+02
8.690000000000000000e+02 7.388723144531250000e+02
1.228000000000000000e+03 6.607081298828125000e+02
7.030000000000000000e+02 8.498998413085937500e+02
5.140000000000000000e+02 5.355564575195312500e+02
6.960000000000000000e+02 8.971318359375000000e+02
1.043000000000000000e+03 8.173870849609375000e+02
6.980000000000000000e+02 8.803997192382812500e+02
3.230000000000000000e+02 5.680227050781250000e+02
1.233000000000000000e+03 8.002484741210937500e+02
8.630000000000000000e+02 7.771239624023437500e+02
6.850000000000000000e+02 7.670339965820312500e+02
1.407000000000000000e+03 9.128352661132812500e+02
5.130000000000000000e+02 5.901693725585937500e+02
3.310000000000000000e+02 6.474649658203125000e+02
1.055000000000000000e+03 6.775175170898437500e+02
1.045000000000000000e+03 9.648051147460937500e+02
5.140000000000000000e+02 6.603320922851562500e+02
3.290000000000000000e+02 7.167246093750000000e+02
1.059000000000000000e+03 7.852588500976562500e+02
1.057000000000000000e+03 7.816259765625000000e+02
1.219000000000000000e+03 9.103948364257812500e+02
8.690000000000000000e+02 7.425753173828125000e+02
1.045000000000000000e+03 7.007374267578125000e+02
