3.390000000000000000e+02 5.365880737304687500e+02
1.047000000000000000e+03 8.596036987304687500e+02
3.300000000000000000e+02 6.381975708007812500e+02
1.060000000000000000e+03 8.241193237304687500e+02
1.051000000000000000e+03 7.792987060546875000e+02
5.050000000000000000e+02 6.759660644531250000e+02
1.231000000000000000e+03 7.017720336914062500e+02
1.227000000000000000e+03 9.800769042968750000e+02
8.680000000000000000e+02 7.986276245117187500e+02
3.310000000000000000e+02 6.580447998046875000e+02
1.054000000000000000e+03 9.063096313476562500e+02
8.790000000000000000e+02 7.756392211914062500e+02
5.090000000000000000e+02 7.738181762695312500e+02
8.700000000000000000e+02 6.140565185546875000e+02
8.710000000000000000e+02 8.139713745117187500e+02
6.980000000000000000e+02 5.651156616210937500e+02
5.020000000000000000e+02 7.964074096679687500e+02
6.920000000000000000e+02 9.699277343750000000e+02
1.414000000000000000e+03 1.006674194335937500e+03
8.710000000000000000e+02 9.644563598632812500e+02
3.240000000000000000e+02 5.522838745117187500e+02
1.055000000000000000e+03 6.514352416992187500e+02
1.045000000000000000e+03 6.534666748046875000e+02
1.055000000000000000e+03 8.924841308593750000e+02
1.228000000000000000e+03 9.920874633789062500e+02
6.910000000000000000e+02 6.473751220703125000e+02
6.920000000000000000e+02 7.184245605468750000e+02
3.310000000000000000e+02 7.385255737304687500e+02
1.412000000000000000e+03 9.285822753906250000e+02
8.580000000000000000e+02 6.125863037109375000e+02
6.970000000000000000e+02 8.087462768554687500e+02
8.710000000000000000e+02 1.009019897460937500e+03
1.230000000000000000e+03 7.605897827148437500e+02
8.800000000000000000e+02 8.540380859375000000e+02
3.290000000000000000e+02 5.123399047851562500e+02
5.100000000000000000e+02 8.183128051757812500e+02
3.310000000000000000e+02 5.512638549804687500e+02
1.065000000000000000e+03 9.486618652343750000e+02
8.720000000000000000e+02 6.506906127929687500e+02
1.045000000000000000e+03 6.578787231445312500e+02
8.660000000000000000e+02 9.182818603515625000e+02
3.300000000000000000e+02 5.880413818359375000e+02
6.860000000000000000e+02 9.485438232421875000e+02
1.047000000000000000e+03 8.651989746093750000e+02
6.930000000000000000e+02 7.553220825195312500e+02
1.069000000000000000e+03 8.660744018554687500e+02
1.035000000000000000e+03 1.045465576171875000e+03
1.050000000000000000e+03 1.053359008789062500e+03
1.051000000000000000e+03 8.623898315429687500e+02
6.930000000000000000e+02 7.391690063476562500e+02
3.300000000000000000e+02 6.550770263671875000e+02
6.990000000000000000e+02 7.490653076171875000e+02
6.960000000000000000e+02 6.098424682617187500e+02
8.680000000000000000e+02 7.617796020507812500e+02
1.234000000000000000e+03 9.301556396484375000e+02
3.220000000000000000e+02 6.351266479492187500e+02
8.750000000000000000e+02 9.337000122070312500e+02
3.310000000000000000e+02 6.116271362304687500e+02
6.850000000000000000e+02 8.128305053710937500e+02
1.058000000000000000e+03 9.895274658203125000e+02
1.230000000000000000e+03 8.469218750000000000e+02
8.700000000000000000e+02 7.463701171875000000e+02
3.250000000000000000e+02 5.012988891601562500e+02
5.100000000000000000e+02 5.885126953125000000e+02
3.390000000000000000e+02 6.339888305664062500e+02
3.290000000000000000e+02 6.947344970703125000e+02
6.930000000000000000e+02 6.146410522460937500e+02
1.050000000000000000e+03 8.979487915039062500e+02
5.120000000000000000e+02 6.847254028320312500e+02
3.260000000000000000e+02 6.279323730468750000e+02
8.820000000000000000e+02 8.829422607421875000e+02
3.330000000000000000e+02 5.433071289062500000e+02
6.830000000000000000e+02 6.817673339843750000e+02
1.043000000000000000e+03 1.069054931640625000e+03
5.100000000000000000e+02 6.515792236328125000e+02
6.870000000000000000e+02 7.712192993164062500e+02
7.150000000000000000e+02 8.106663208007812500e+02
1.050000000000000000e+03 1.002622924804687500e+03
8.700000000000000000e+02 9.202596435546875000e+02
8.710000000000000000e+02 8.796140747070312500e+02
6.980000000000000000e+02 7.879034423828125000e+02
6.930000000000000000e+02 9.207275390625000000e+02
8.700000000000000000e+02 9.247557373046875000e+02
8.610000000000000000e+02 8.430101318359375000e+02
6.900000000000000000e+02 7.924818115234375000e+02
5.190000000000000000e+02 6.226738891601562500e+02
8.710000000000000000e+02 6.838689575195312500e+02
5.110000000000000000e+02 7.571798706054687500e+02
6.990000000000000000e+02 8.264892578125000000e+02
8.710000000000000000e+02 8.677668457031250000e+02
1.062000000000000000e+03 8.750248413085937500e+02
5.150000000000000000e+02 6.647672119140625000e+02
5.240000000000000000e+02 5.831514892578125000e+02
6.910000000000000000e+02 1.019664489746093750e+03
