6.230000000000000000e+02 7.910834350585937500e+02
7.120000000000000000e+02 7.781653442382812500e+02
6.200000000000000000e+02 7.680684814453125000e+02
7.070000000000000000e+02 7.513851318359375000e+02
7.280000000000000000e+02 7.284611816406250000e+02
5.520000000000000000e+02 7.737123413085937500e+02
6.300000000000000000e+02 7.296439819335937500e+02
5.140000000000000000e+02 6.464007568359375000e+02
6.960000000000000000e+02 6.699343872070312500e+02
4.910000000000000000e+02 7.481347656250000000e+02
6.100000000000000000e+02 7.915092163085937500e+02
7.450000000000000000e+02 8.250133056640625000e+02
5.400000000000000000e+02 8.270701904296875000e+02
6.170000000000000000e+02 7.403490600585937500e+02
6.180000000000000000e+02 7.085081787109375000e+02
7.460000000000000000e+02 7.478195800781250000e+02
5.310000000000000000e+02 7.099443969726562500e+02
5.690000000000000000e+02 7.452642211914062500e+02
6.650000000000000000e+02 7.176019287109375000e+02
6.180000000000000000e+02 7.538053588867187500e+02
7.440000000000000000e+02 8.200647583007812500e+02
4.930000000000000000e+02 6.020299682617187500e+02
5.810000000000000000e+02 7.516970825195312500e+02
6.170000000000000000e+02 7.011722412109375000e+02
6.950000000000000000e+02 7.101500244140625000e+02
4.940000000000000000e+02 6.604122314453125000e+02
4.890000000000000000e+02 6.554489135742187500e+02
6.000000000000000000e+02 7.632605590820312500e+02
4.870000000000000000e+02 6.756072387695312500e+02
4.870000000000000000e+02 8.024632568359375000e+02
7.330000000000000000e+02 8.037932128906250000e+02
6.230000000000000000e+02 7.791371459960937500e+02
5.890000000000000000e+02 7.612296752929687500e+02
6.790000000000000000e+02 8.049548339843750000e+02
5.620000000000000000e+02 7.775916748046875000e+02
6.740000000000000000e+02 7.373038940429687500e+02
5.910000000000000000e+02 7.220856933593750000e+02
6.260000000000000000e+02 7.922019653320312500e+02
7.560000000000000000e+02 7.495979614257812500e+02
6.610000000000000000e+02 7.850047607421875000e+02
6.970000000000000000e+02 7.936967163085937500e+02
7.130000000000000000e+02 8.069082031250000000e+02
5.810000000000000000e+02 6.714891967773437500e+02
6.840000000000000000e+02 7.403785400390625000e+02
5.810000000000000000e+02 6.733444213867187500e+02
7.330000000000000000e+02 7.421672363281250000e+02
5.340000000000000000e+02 5.936002807617187500e+02
6.390000000000000000e+02 6.744656372070312500e+02
7.230000000000000000e+02 7.835617675781250000e+02
5.170000000000000000e+02 7.875064086914062500e+02
6.200000000000000000e+02 7.065103149414062500e+02
6.170000000000000000e+02 7.481422119140625000e+02
5.620000000000000000e+02 7.595709228515625000e+02
6.440000000000000000e+02 7.296731567382812500e+02
6.230000000000000000e+02 7.045894775390625000e+02
5.730000000000000000e+02 7.292692871093750000e+02
6.660000000000000000e+02 7.431333618164062500e+02
5.690000000000000000e+02 7.468096313476562500e+02
6.650000000000000000e+02 7.810463256835937500e+02
5.460000000000000000e+02 8.033592529296875000e+02
6.260000000000000000e+02 7.676569213867187500e+02
5.510000000000000000e+02 7.546161499023437500e+02
6.300000000000000000e+02 7.214669189453125000e+02
5.980000000000000000e+02 7.741276245117187500e+02
6.740000000000000000e+02 6.680808715820312500e+02
6.090000000000000000e+02 6.549550781250000000e+02
7.070000000000000000e+02 6.481865844726562500e+02
6.110000000000000000e+02 7.810945434570312500e+02
7.000000000000000000e+02 7.805726318359375000e+02
4.980000000000000000e+02 6.103528442382812500e+02
5.830000000000000000e+02 7.164131469726562500e+02
5.380000000000000000e+02 8.236337280273437500e+02
6.150000000000000000e+02 8.077262573242187500e+02
5.030000000000000000e+02 7.381872558593750000e+02
5.880000000000000000e+02 7.631757202148437500e+02
5.460000000000000000e+02 7.250020141601562500e+02
6.260000000000000000e+02 7.324941406250000000e+02
5.330000000000000000e+02 7.828323974609375000e+02
6.080000000000000000e+02 8.059548339843750000e+02
5.380000000000000000e+02 7.422274169921875000e+02
6.640000000000000000e+02 7.669893798828125000e+02
6.020000000000000000e+02 7.056232910156250000e+02
6.920000000000000000e+02 6.008690185546875000e+02
6.480000000000000000e+02 7.412649536132812500e+02
5.760000000000000000e+02 5.677367553710937500e+02
6.960000000000000000e+02 7.358545532226562500e+02
5.990000000000000000e+02 7.813054809570312500e+02
5.010000000000000000e+02 7.426267089843750000e+02
5.860000000000000000e+02 7.178244018554687500e+02
5.450000000000000000e+02 5.727249755859375000e+02
5.150000000000000000e+02 7.156981811523437500e+02
6.270000000000000000e+02 7.212566528320312500e+02
5.230000000000000000e+02 7.312127685546875000e+02
6.010000000000000000e+02 7.471918334960937500e+02
5.930000000000000000e+02 7.425691528320312500e+02
5.100000000000000000e+02 6.547950439453125000e+02
5.990000000000000000e+02 7.615057983398437500e+02
5.410000000000000000e+02 7.787246093750000000e+02
5.670000000000000000e+02 7.605588989257812500e+02
6.430000000000000000e+02 7.358922729492187500e+02
4.970000000000000000e+02 7.986587524414062500e+02
5.840000000000000000e+02 7.713063354492187500e+02
5.060000000000000000e+02 6.935443725585937500e+02
5.900000000000000000e+02 7.060643920898437500e+02
4.910000000000000000e+02 7.074094848632812500e+02
5.790000000000000000e+02 6.750578002929687500e+02
5.190000000000000000e+02 6.941061401367187500e+02
6.150000000000000000e+02 7.437179565429687500e+02
5.860000000000000000e+02 6.685567016601562500e+02
6.670000000000000000e+02 7.562012939453125000e+02
5.830000000000000000e+02 7.530900878906250000e+02
6.000000000000000000e+02 7.240968627929687500e+02
5.760000000000000000e+02 6.399688110351562500e+02
6.750000000000000000e+02 7.944608764648437500e+02
5.790000000000000000e+02 6.688662109375000000e+02
6.520000000000000000e+02 7.546315307617187500e+02
5.350000000000000000e+02 7.636432495117187500e+02
6.110000000000000000e+02 7.190602416992187500e+02
6.070000000000000000e+02 6.908037719726562500e+02
6.950000000000000000e+02 7.683341064453125000e+02
6.740000000000000000e+02 7.735814208984375000e+02
5.270000000000000000e+02 7.006903686523437500e+02
5.610000000000000000e+02 5.993446655273437500e+02
5.270000000000000000e+02 6.856026000976562500e+02
6.170000000000000000e+02 7.209868774414062500e+02
5.660000000000000000e+02 7.474583740234375000e+02
6.510000000000000000e+02 6.819796752929687500e+02
5.500000000000000000e+02 6.720852661132812500e+02
6.260000000000000000e+02 7.363684692382812500e+02
5.820000000000000000e+02 7.343385620117187500e+02
6.810000000000000000e+02 7.582909545898437500e+02
5.940000000000000000e+02 6.695738525390625000e+02
6.790000000000000000e+02 7.456475219726562500e+02
5.750000000000000000e+02 7.462364501953125000e+02
6.660000000000000000e+02 7.465877685546875000e+02
5.530000000000000000e+02 7.325427246093750000e+02
6.540000000000000000e+02 7.332568359375000000e+02
5.190000000000000000e+02 6.874574584960937500e+02
5.830000000000000000e+02 7.636591796875000000e+02
6.720000000000000000e+02 7.823973999023437500e+02
5.300000000000000000e+02 7.960455932617187500e+02
6.240000000000000000e+02 7.746328125000000000e+02
7.160000000000000000e+02 5.852971191406250000e+02
4.940000000000000000e+02 7.664575805664062500e+02
5.960000000000000000e+02 7.253137817382812500e+02
6.300000000000000000e+02 6.753118896484375000e+02
4.970000000000000000e+02 7.317366333007812500e+02
5.880000000000000000e+02 7.480662841796875000e+02
5.480000000000000000e+02 8.098988037109375000e+02
6.350000000000000000e+02 8.160404663085937500e+02
5.120000000000000000e+02 7.959724121093750000e+02
6.050000000000000000e+02 7.359433593750000000e+02
5.570000000000000000e+02 7.852225341796875000e+02
6.400000000000000000e+02 8.123861083984375000e+02
5.100000000000000000e+02 7.288721313476562500e+02
6.010000000000000000e+02 7.512769775390625000e+02
7.080000000000000000e+02 7.671941528320312500e+02
5.860000000000000000e+02 7.072210083007812500e+02
6.830000000000000000e+02 7.302064819335937500e+02
4.900000000000000000e+02 8.020228271484375000e+02
5.710000000000000000e+02 7.099226684570312500e+02
5.500000000000000000e+02 7.126002807617187500e+02
6.330000000000000000e+02 7.027412719726562500e+02
5.500000000000000000e+02 8.370535278320312500e+02
6.700000000000000000e+02 8.060531616210937500e+02
5.480000000000000000e+02 6.098702392578125000e+02
5.470000000000000000e+02 7.166802978515625000e+02
6.340000000000000000e+02 7.728024291992187500e+02
5.560000000000000000e+02 6.948737792968750000e+02
6.310000000000000000e+02 7.419580078125000000e+02
5.690000000000000000e+02 7.097307739257812500e+02
6.890000000000000000e+02 7.241871948242187500e+02
5.580000000000000000e+02 7.259720458984375000e+02
6.780000000000000000e+02 7.365646972656250000e+02
7.100000000000000000e+02 7.890880737304687500e+02
5.770000000000000000e+02 7.004972534179687500e+02
5.690000000000000000e+02 7.349368286132812500e+02
5.530000000000000000e+02 7.619197998046875000e+02
6.730000000000000000e+02 7.794950561523437500e+02
5.810000000000000000e+02 6.866636962890625000e+02
7.010000000000000000e+02 7.032847290039062500e+02
6.190000000000000000e+02 6.963658447265625000e+02
5.840000000000000000e+02 7.247357177734375000e+02
7.040000000000000000e+02 6.895514526367187500e+02
5.940000000000000000e+02 6.304095458984375000e+02
6.170000000000000000e+02 7.071669311523437500e+02
