3.300000000000000000e+02 7.282911376953125000e+02
8.670000000000000000e+02 7.282941284179687500e+02
1.062000000000000000e+03 7.282933349609375000e+02
5.030000000000000000e+02 7.282918090820312500e+02
5.100000000000000000e+02 7.282928466796875000e+02
5.090000000000000000e+02 7.282932128906250000e+02
6.930000000000000000e+02 7.282938842773437500e+02
8.680000000000000000e+02 7.282946166992187500e+02
8.700000000000000000e+02 7.282947387695312500e+02
8.700000000000000000e+02 7.282940673828125000e+02
5.090000000000000000e+02 7.282919311523437500e+02
5.140000000000000000e+02 7.282911376953125000e+02
8.730000000000000000e+02 7.282935180664062500e+02
3.310000000000000000e+02 7.282909545898437500e+02
6.910000000000000000e+02 7.282928466796875000e+02
1.050000000000000000e+03 7.282932739257812500e+02
8.700000000000000000e+02 7.282938232421875000e+02
1.228000000000000000e+03 7.282933959960937500e+02
1.069000000000000000e+03 7.282951660156250000e+02
3.260000000000000000e+02 7.282930908203125000e+02
1.055000000000000000e+03 7.282939453125000000e+02
6.900000000000000000e+02 7.282930297851562500e+02
3.320000000000000000e+02 7.282929077148437500e+02
6.870000000000000000e+02 7.282935791015625000e+02
6.920000000000000000e+02 7.282929687500000000e+02
5.270000000000000000e+02 7.282936401367187500e+02
3.300000000000000000e+02 7.282921142578125000e+02
6.930000000000000000e+02 7.282935180664062500e+02
5.110000000000000000e+02 7.282922973632812500e+02
5.120000000000000000e+02 7.282922363281250000e+02
1.055000000000000000e+03 7.282941284179687500e+02
6.930000000000000000e+02 7.282954711914062500e+02
1.050000000000000000e+03 7.282941894531250000e+02
6.950000000000000000e+02 7.282938842773437500e+02
6.830000000000000000e+02 7.282919311523437500e+02
1.059000000000000000e+03 7.282932739257812500e+02
1.231000000000000000e+03 7.282946166992187500e+02
1.227000000000000000e+03 7.282938232421875000e+02
8.640000000000000000e+02 7.282956542968750000e+02
9.070000000000000000e+02 7.282930297851562500e+02
3.370000000000000000e+02 7.282924194335937500e+02
8.750000000000000000e+02 7.282929687500000000e+02
8.680000000000000000e+02 7.282932128906250000e+02
1.235000000000000000e+03 7.282952880859375000e+02
3.280000000000000000e+02 7.282913208007812500e+02
6.930000000000000000e+02 7.282932739257812500e+02
8.690000000000000000e+02 7.282933349609375000e+02
3.340000000000000000e+02 7.282922363281250000e+02
1.058000000000000000e+03 7.282940673828125000e+02
8.700000000000000000e+02 7.282939453125000000e+02
1.231000000000000000e+03 7.282930908203125000e+02
5.100000000000000000e+02 7.282930908203125000e+02
6.900000000000000000e+02 7.282926635742187500e+02
1.048000000000000000e+03 7.282937011718750000e+02
7.010000000000000000e+02 7.282941894531250000e+02
3.270000000000000000e+02 7.282916870117187500e+02
1.250000000000000000e+03 7.282949829101562500e+02
1.052000000000000000e+03 7.282942504882812500e+02
1.050000000000000000e+03 7.282929077148437500e+02
1.048000000000000000e+03 7.282932128906250000e+02
1.224000000000000000e+03 7.282951049804687500e+02
8.820000000000000000e+02 7.282946166992187500e+02
1.054000000000000000e+03 7.282949829101562500e+02
3.300000000000000000e+02 7.282909545898437500e+02
7.000000000000000000e+02 7.282929077148437500e+02
5.290000000000000000e+02 7.282968750000000000e+02
1.403000000000000000e+03 7.282938232421875000e+02
3.300000000000000000e+02 7.282921752929687500e+02
1.221000000000000000e+03 7.282943115234375000e+02
1.040000000000000000e+03 7.282949218750000000e+02
3.340000000000000000e+02 7.282923583984375000e+02
6.940000000000000000e+02 7.282928466796875000e+02
5.180000000000000000e+02 7.282910156250000000e+02
1.051000000000000000e+03 7.282947998046875000e+02
7.010000000000000000e+02 7.282927246093750000e+02
8.770000000000000000e+02 7.282935180664062500e+02
6.890000000000000000e+02 7.282932128906250000e+02
3.300000000000000000e+02 7.282918701171875000e+02
6.900000000000000000e+02 7.282916870117187500e+02
8.660000000000000000e+02 7.282941284179687500e+02
3.300000000000000000e+02 7.282908325195312500e+02
5.020000000000000000e+02 7.282929077148437500e+02
1.046000000000000000e+03 7.282941894531250000e+02
7.030000000000000000e+02 7.282926635742187500e+02
3.380000000000000000e+02 7.282920532226562500e+02
7.200000000000000000e+02 7.282914428710937500e+02
5.100000000000000000e+02 7.282933349609375000e+02
8.660000000000000000e+02 7.282943725585937500e+02
1.045000000000000000e+03 7.282929687500000000e+02
6.900000000000000000e+02 7.282924194335937500e+02
1.411000000000000000e+03 7.282943725585937500e+02
3.340000000000000000e+02 7.282902832031250000e+02
1.418000000000000000e+03 7.282946777343750000e+02
1.223000000000000000e+03 7.282937622070312500e+02
1.047000000000000000e+03 7.282953491210937500e+02
1.052000000000000000e+03 7.282950439453125000e+02
8.730000000000000000e+02 7.282933959960937500e+02
8.710000000000000000e+02 7.282933959960937500e+02
1.227000000000000000e+03 7.282933349609375000e+02
7.050000000000000000e+02 7.282942504882812500e+02
1.229000000000000000e+03 7.282946166992187500e+02
5.100000000000000000e+02 7.282922973632812500e+02
3.280000000000000000e+02 7.282929077148437500e+02
1.043000000000000000e+03 7.282958984375000000e+02
1.233000000000000000e+03 7.282947387695312500e+02
