6.230000000000000000e+02 8.316614990234375000e+02
7.120000000000000000e+02 7.865975952148437500e+02
6.200000000000000000e+02 7.763889770507812500e+02
7.070000000000000000e+02 7.730745849609375000e+02
7.280000000000000000e+02 7.504990844726562500e+02
5.520000000000000000e+02 7.745086059570312500e+02
6.300000000000000000e+02 7.530690917968750000e+02
5.140000000000000000e+02 6.573045654296875000e+02
6.960000000000000000e+02 6.672376708984375000e+02
4.910000000000000000e+02 7.455017700195312500e+02
6.100000000000000000e+02 7.707639770507812500e+02
7.450000000000000000e+02 8.245054931640625000e+02
5.400000000000000000e+02 8.112332153320312500e+02
6.170000000000000000e+02 7.607001953125000000e+02
6.180000000000000000e+02 7.244805297851562500e+02
7.460000000000000000e+02 7.344057006835937500e+02
5.310000000000000000e+02 7.315692749023437500e+02
5.690000000000000000e+02 7.345920410156250000e+02
6.650000000000000000e+02 7.543024291992187500e+02
6.180000000000000000e+02 7.547884521484375000e+02
7.440000000000000000e+02 8.143643798828125000e+02
4.930000000000000000e+02 6.442075195312500000e+02
5.810000000000000000e+02 7.290675048828125000e+02
6.170000000000000000e+02 7.064808349609375000e+02
6.950000000000000000e+02 7.264817504882812500e+02
4.940000000000000000e+02 7.201922607421875000e+02
4.890000000000000000e+02 6.713963012695312500e+02
6.000000000000000000e+02 7.825866088867187500e+02
4.870000000000000000e+02 7.178761596679687500e+02
4.870000000000000000e+02 8.047316894531250000e+02
7.330000000000000000e+02 8.181929931640625000e+02
6.230000000000000000e+02 7.741162109375000000e+02
5.890000000000000000e+02 7.518224487304687500e+02
6.790000000000000000e+02 8.368881835937500000e+02
5.620000000000000000e+02 7.775505981445312500e+02
6.740000000000000000e+02 7.590851440429687500e+02
5.910000000000000000e+02 7.564921875000000000e+02
6.260000000000000000e+02 7.928748779296875000e+02
7.560000000000000000e+02 7.632632446289062500e+02
6.610000000000000000e+02 7.726602783203125000e+02
6.970000000000000000e+02 7.817928466796875000e+02
7.130000000000000000e+02 7.865445556640625000e+02
5.810000000000000000e+02 6.882347412109375000e+02
6.840000000000000000e+02 7.231624755859375000e+02
5.810000000000000000e+02 6.933917236328125000e+02
7.330000000000000000e+02 7.429559326171875000e+02
5.340000000000000000e+02 6.184381713867187500e+02
6.390000000000000000e+02 6.795634765625000000e+02
7.230000000000000000e+02 7.868272705078125000e+02
5.170000000000000000e+02 8.176865234375000000e+02
6.200000000000000000e+02 7.577463989257812500e+02
6.170000000000000000e+02 7.637337646484375000e+02
5.620000000000000000e+02 7.795626220703125000e+02
6.440000000000000000e+02 7.498881835937500000e+02
6.230000000000000000e+02 7.330123291015625000e+02
5.730000000000000000e+02 6.922660522460937500e+02
6.660000000000000000e+02 7.529140014648437500e+02
5.690000000000000000e+02 7.868045654296875000e+02
6.650000000000000000e+02 8.075400390625000000e+02
5.460000000000000000e+02 7.925279541015625000e+02
6.260000000000000000e+02 7.962033691406250000e+02
5.510000000000000000e+02 7.867966918945312500e+02
6.300000000000000000e+02 7.989137573242187500e+02
5.980000000000000000e+02 7.902984619140625000e+02
6.740000000000000000e+02 7.312843017578125000e+02
6.090000000000000000e+02 6.876002807617187500e+02
7.070000000000000000e+02 6.372861328125000000e+02
6.110000000000000000e+02 8.116295776367187500e+02
7.000000000000000000e+02 7.954952392578125000e+02
4.980000000000000000e+02 6.338939819335937500e+02
5.830000000000000000e+02 7.229570312500000000e+02
5.380000000000000000e+02 8.013449096679687500e+02
6.150000000000000000e+02 8.074785156250000000e+02
5.030000000000000000e+02 7.969161376953125000e+02
5.880000000000000000e+02 7.893445434570312500e+02
5.460000000000000000e+02 7.558908691406250000e+02
6.260000000000000000e+02 7.699119262695312500e+02
5.330000000000000000e+02 8.155579833984375000e+02
6.080000000000000000e+02 8.004481811523437500e+02
5.380000000000000000e+02 7.375829467773437500e+02
6.640000000000000000e+02 7.655877685546875000e+02
6.020000000000000000e+02 7.751549072265625000e+02
6.920000000000000000e+02 6.095110473632812500e+02
6.480000000000000000e+02 7.723230590820312500e+02
5.760000000000000000e+02 5.506282348632812500e+02
6.960000000000000000e+02 7.929109497070312500e+02
5.990000000000000000e+02 7.861356201171875000e+02
5.010000000000000000e+02 7.545172119140625000e+02
5.860000000000000000e+02 6.993851928710937500e+02
5.450000000000000000e+02 5.945205078125000000e+02
5.150000000000000000e+02 7.462159423828125000e+02
6.270000000000000000e+02 7.571956787109375000e+02
5.230000000000000000e+02 7.454438476562500000e+02
6.010000000000000000e+02 7.713027343750000000e+02
5.930000000000000000e+02 7.413087158203125000e+02
5.100000000000000000e+02 6.641307373046875000e+02
5.990000000000000000e+02 7.568774414062500000e+02
5.410000000000000000e+02 7.796580810546875000e+02
5.670000000000000000e+02 7.730916748046875000e+02
6.430000000000000000e+02 7.175289916992187500e+02
4.970000000000000000e+02 7.909166259765625000e+02
5.840000000000000000e+02 8.165060424804687500e+02
5.060000000000000000e+02 7.206437377929687500e+02
5.900000000000000000e+02 7.335762939453125000e+02
4.910000000000000000e+02 7.096544189453125000e+02
5.790000000000000000e+02 7.237833251953125000e+02
5.190000000000000000e+02 7.035545654296875000e+02
6.150000000000000000e+02 7.211875000000000000e+02
5.860000000000000000e+02 6.702828979492187500e+02
6.670000000000000000e+02 8.061093750000000000e+02
5.830000000000000000e+02 7.402022094726562500e+02
6.000000000000000000e+02 7.512847290039062500e+02
5.760000000000000000e+02 6.660919799804687500e+02
6.750000000000000000e+02 8.071668090820312500e+02
5.790000000000000000e+02 6.647025146484375000e+02
6.520000000000000000e+02 7.794535522460937500e+02
5.350000000000000000e+02 7.624298706054687500e+02
6.110000000000000000e+02 7.140634765625000000e+02
6.070000000000000000e+02 7.169803466796875000e+02
6.950000000000000000e+02 7.632576293945312500e+02
6.740000000000000000e+02 7.481446533203125000e+02
5.270000000000000000e+02 6.984256591796875000e+02
5.610000000000000000e+02 5.973145751953125000e+02
5.270000000000000000e+02 7.471544189453125000e+02
6.170000000000000000e+02 7.375017700195312500e+02
5.660000000000000000e+02 7.355992431640625000e+02
6.510000000000000000e+02 7.152732543945312500e+02
5.500000000000000000e+02 7.015019531250000000e+02
6.260000000000000000e+02 7.574874877929687500e+02
5.820000000000000000e+02 7.292948608398437500e+02
6.810000000000000000e+02 7.843494873046875000e+02
5.940000000000000000e+02 6.528798828125000000e+02
6.790000000000000000e+02 7.117320556640625000e+02
5.750000000000000000e+02 7.954127807617187500e+02
6.660000000000000000e+02 7.855604248046875000e+02
5.530000000000000000e+02 7.459285888671875000e+02
6.540000000000000000e+02 7.508567504882812500e+02
5.190000000000000000e+02 6.754173583984375000e+02
5.830000000000000000e+02 7.466243896484375000e+02
6.720000000000000000e+02 8.016636352539062500e+02
5.300000000000000000e+02 8.003991088867187500e+02
6.240000000000000000e+02 7.917239379882812500e+02
7.160000000000000000e+02 5.778084716796875000e+02
4.940000000000000000e+02 7.973361206054687500e+02
5.960000000000000000e+02 7.782881469726562500e+02
6.300000000000000000e+02 6.735718994140625000e+02
4.970000000000000000e+02 7.767860107421875000e+02
5.880000000000000000e+02 7.543250732421875000e+02
5.480000000000000000e+02 8.373275146484375000e+02
6.350000000000000000e+02 8.091058959960937500e+02
5.120000000000000000e+02 7.997586059570312500e+02
6.050000000000000000e+02 7.781367187500000000e+02
5.570000000000000000e+02 7.978269653320312500e+02
6.400000000000000000e+02 7.909927978515625000e+02
5.100000000000000000e+02 7.336024169921875000e+02
6.010000000000000000e+02 8.274647216796875000e+02
7.080000000000000000e+02 7.650296630859375000e+02
5.860000000000000000e+02 7.522597656250000000e+02
6.830000000000000000e+02 7.538102416992187500e+02
4.900000000000000000e+02 8.195552978515625000e+02
5.710000000000000000e+02 7.360877075195312500e+02
5.500000000000000000e+02 6.753861083984375000e+02
6.330000000000000000e+02 7.419049072265625000e+02
5.500000000000000000e+02 7.885387573242187500e+02
6.700000000000000000e+02 7.978799438476562500e+02
5.480000000000000000e+02 6.310728759765625000e+02
5.470000000000000000e+02 7.630738525390625000e+02
6.340000000000000000e+02 8.078517456054687500e+02
5.560000000000000000e+02 7.226986083984375000e+02
6.310000000000000000e+02 7.728362426757812500e+02
5.690000000000000000e+02 7.237770385742187500e+02
6.890000000000000000e+02 7.464722290039062500e+02
5.580000000000000000e+02 7.505509643554687500e+02
6.780000000000000000e+02 7.397609252929687500e+02
7.100000000000000000e+02 7.863402709960937500e+02
5.770000000000000000e+02 7.396026611328125000e+02
5.690000000000000000e+02 7.458754882812500000e+02
5.530000000000000000e+02 7.884169311523437500e+02
6.730000000000000000e+02 8.196241455078125000e+02
5.810000000000000000e+02 7.502203979492187500e+02
7.010000000000000000e+02 7.576774291992187500e+02
6.190000000000000000e+02 7.216381835937500000e+02
5.840000000000000000e+02 7.459869384765625000e+02
7.040000000000000000e+02 7.417522583007812500e+02
5.940000000000000000e+02 6.387984619140625000e+02
6.170000000000000000e+02 7.379832763671875000e+02
