6.920000000000000000e+02 9.299689941406250000e+02
1.051000000000000000e+03 9.299688720703125000e+02
7.010000000000000000e+02 9.299688720703125000e+02
8.800000000000000000e+02 9.299690551757812500e+02
3.260000000000000000e+02 9.299689941406250000e+02
5.030000000000000000e+02 9.299689941406250000e+02
1.045000000000000000e+03 9.299690551757812500e+02
1.055000000000000000e+03 9.299690551757812500e+02
6.910000000000000000e+02 9.299689331054687500e+02
8.740000000000000000e+02 9.299690551757812500e+02
8.690000000000000000e+02 9.299689941406250000e+02
1.040000000000000000e+03 9.299689941406250000e+02
3.300000000000000000e+02 9.299689941406250000e+02
3.470000000000000000e+02 9.299690551757812500e+02
6.810000000000000000e+02 9.299691772460937500e+02
6.930000000000000000e+02 9.299687500000000000e+02
6.900000000000000000e+02 9.299689941406250000e+02
8.680000000000000000e+02 9.299688720703125000e+02
1.048000000000000000e+03 9.299689941406250000e+02
6.940000000000000000e+02 9.299689941406250000e+02
3.290000000000000000e+02 9.299685668945312500e+02
8.660000000000000000e+02 9.299689941406250000e+02
1.047000000000000000e+03 9.299692993164062500e+02
8.380000000000000000e+02 9.299694213867187500e+02
5.120000000000000000e+02 9.299688720703125000e+02
8.710000000000000000e+02 9.299689941406250000e+02
1.046000000000000000e+03 9.299693603515625000e+02
1.042000000000000000e+03 9.299685668945312500e+02
1.046000000000000000e+03 9.299692993164062500e+02
6.910000000000000000e+02 9.299687500000000000e+02
7.030000000000000000e+02 9.299692993164062500e+02
8.650000000000000000e+02 9.299689941406250000e+02
1.043000000000000000e+03 9.299691772460937500e+02
5.250000000000000000e+02 9.299687500000000000e+02
1.227000000000000000e+03 9.299691162109375000e+02
8.800000000000000000e+02 9.299689941406250000e+02
8.700000000000000000e+02 9.299689941406250000e+02
3.300000000000000000e+02 9.299688720703125000e+02
3.310000000000000000e+02 9.299688720703125000e+02
8.710000000000000000e+02 9.299686889648437500e+02
1.049000000000000000e+03 9.299689941406250000e+02
5.180000000000000000e+02 9.299691162109375000e+02
1.049000000000000000e+03 9.299689941406250000e+02
1.230000000000000000e+03 9.299696044921875000e+02
6.920000000000000000e+02 9.299687500000000000e+02
3.300000000000000000e+02 9.299690551757812500e+02
3.320000000000000000e+02 9.299688720703125000e+02
6.870000000000000000e+02 9.299691162109375000e+02
3.320000000000000000e+02 9.299689331054687500e+02
1.223000000000000000e+03 9.299697875976562500e+02
1.054000000000000000e+03 9.299689941406250000e+02
3.310000000000000000e+02 9.299688720703125000e+02
8.700000000000000000e+02 9.299689941406250000e+02
3.340000000000000000e+02 9.299685668945312500e+02
3.290000000000000000e+02 9.299687500000000000e+02
6.870000000000000000e+02 9.299690551757812500e+02
5.140000000000000000e+02 9.299686279296875000e+02
8.700000000000000000e+02 9.299691162109375000e+02
1.048000000000000000e+03 9.299689941406250000e+02
5.070000000000000000e+02 9.299687500000000000e+02
6.920000000000000000e+02 9.299688720703125000e+02
5.140000000000000000e+02 9.299690551757812500e+02
1.231000000000000000e+03 9.299692993164062500e+02
1.055000000000000000e+03 9.299692993164062500e+02
1.064000000000000000e+03 9.299691162109375000e+02
8.840000000000000000e+02 9.299691772460937500e+02
1.052000000000000000e+03 9.299693603515625000e+02
8.730000000000000000e+02 9.299689331054687500e+02
1.049000000000000000e+03 9.299691162109375000e+02
1.050000000000000000e+03 9.299689941406250000e+02
6.900000000000000000e+02 9.299689941406250000e+02
6.930000000000000000e+02 9.299688720703125000e+02
6.870000000000000000e+02 9.299687500000000000e+02
6.900000000000000000e+02 9.299689941406250000e+02
5.160000000000000000e+02 9.299689331054687500e+02
6.830000000000000000e+02 9.299688720703125000e+02
1.045000000000000000e+03 9.299693603515625000e+02
8.750000000000000000e+02 9.299689941406250000e+02
8.700000000000000000e+02 9.299688110351562500e+02
1.058000000000000000e+03 9.299696655273437500e+02
3.370000000000000000e+02 9.299688720703125000e+02
3.290000000000000000e+02 9.299689941406250000e+02
5.110000000000000000e+02 9.299688720703125000e+02
6.860000000000000000e+02 9.299689331054687500e+02
8.780000000000000000e+02 9.299690551757812500e+02
6.980000000000000000e+02 9.299694824218750000e+02
8.720000000000000000e+02 9.299687500000000000e+02
8.580000000000000000e+02 9.299687500000000000e+02
6.980000000000000000e+02 9.299689331054687500e+02
8.700000000000000000e+02 9.299691772460937500e+02
3.260000000000000000e+02 9.299687500000000000e+02
3.370000000000000000e+02 9.299688720703125000e+02
8.670000000000000000e+02 9.299692993164062500e+02
8.620000000000000000e+02 9.299689331054687500e+02
3.300000000000000000e+02 9.299688720703125000e+02
5.100000000000000000e+02 9.299686889648437500e+02
3.300000000000000000e+02 9.299688720703125000e+02
6.900000000000000000e+02 9.299689941406250000e+02
5.180000000000000000e+02 9.299688110351562500e+02
7.150000000000000000e+02 9.299689941406250000e+02
1.045000000000000000e+03 9.299690551757812500e+02
8.650000000000000000e+02 9.299692993164062500e+02
6.950000000000000000e+02 9.299687500000000000e+02
