50711 0 6
52247 0 8
53680 0 3
55196 0 8
56752 0 3
58165 0 9
59701 0 4
61114 0 3
62609 0 12
64125 0 2
65579 0 22
67013 0 23
68508 0 14
69962 0 33
71477 0 6
72972 0 18
74447 0 33
75962 0 7
77437 0 13
78993 0 17
80406 0 21
81942 0 16
83478 0 36
85035 0 2
86407 0 19
87984 0 19
89520 0 32
90974 0 3
92489 0 19
93943 0 15
95418 0 14
96872 0 15
98346 0 32
99800 0 7
101234 0 23
102709 0 17
104204 0 18
105678 0 23
107112 0 23
108648 0 18
110163 0 25
111658 0 10
113112 0 13
114525 0 16
116041 0 17
117577 0 17
119010 0 22
120567 0 24
122021 0 31
123454 0 9
124949 0 20
126485 0 18
128042 0 26
129537 0 8
131073 0 19
132547 0 15
134042 0 23
135456 0 20
136991 0 34
138425 0 6
139982 0 16
141354 0 23
142869 0 17
144405 0 17
145900 0 17
147457 0 34
148829 0 6
150242 0 13
151716 0 15
153170 0 19
154624 0 23
156160 0 18
157717 0 24
159110 0 16
160523 0 26
161977 0 6
163513 0 24
164967 0 24
166503 0 27
167998 0 4
169534 0 16
170967 0 21
172401 0 17
173916 0 21
175350 0 14
176865 0 27
178340 0 11
179773 0 13
181268 0 13
182825 0 30
184238 0 7
185692 0 14
187187 0 21
188703 0 20
190198 0 23
191672 0 34
193085 0 6
194642 0 14
196137 0 19
197714 0 16
199106 0 20
200642 0 22
202199 0 24
203755 0 33
205291 0 2
206786 0 17
208220 0 35
209694 0 10
211148 0 14
212602 0 13
214015 0 24
215449 0 18
217026 0 28
218562 0 11
219995 0 24
221531 0 19
223088 0 18
224603 0 29
226139 0 10
227675 0 23
229088 0 13
230481 0 25
231915 0 12
233389 0 23
234864 0 29
236359 0 1
237915 0 17
239349 0 20
240844 0 31
242380 0 8
243875 0 19
245411 0 32
246906 0 8
248421 0 21
249855 0 14
251247 0 31
252804 0 9
254360 0 13
255855 0 13
257391 0 17
258845 0 19
260340 0 34
261712 0 1
263167 0 17
264662 0 17
266075 0 30
267508 0 2
269044 0 14
270478 0 36
271993 0 11
273529 0 13
275024 0 14
276396 0 16
277830 0 34
279304 0 10
280861 0 16
282315 0 30
283810 0 3
285244 0 18
286677 0 21
288131 0 22
289688 0 22
291203 0 18
292698 0 28
294173 0 1
295565 0 14
296999 0 20
298535 0 22
300050 0 33
301586 0 1
303040 0 19
304494 0 27
305948 0 3
307505 0 17
308898 0 15
310393 0 16
311847 0 33
313362 0 10
314919 0 16
316393 0 30
317868 0 4
319342 0 17
320837 0 14
322271 0 35
323766 0 12
325199 0 24
326653 0 26
328169 0 8
329705 0 23
331179 0 20
332715 0 18
334190 0 36
335726 0 1
337180 0 16
338552 0 31
340068 0 10
341604 0 16
343119 0 16
344491 0 28
345945 0 5
347358 0 16
348812 0 20
350369 0 25
351843 0 11
353256 0 20
354833 0 24
356267 0 19
357721 0 28
359175 0 3
360691 0 23
362145 0 20
363599 0 16
365073 0 34
366486 0 2
367879 0 16
369312 0 13
370766 0 31
372241 0 12
373716 0 23
375190 0 31
376644 0 6
378098 0 17
379573 0 31
381068 0 9
382501 0 23
383996 0 17
385532 0 25
386966 0 8
388461 0 18
389915 0 17
391369 0 30
392721 0 9
394257 0 23
395772 0 14
397144 0 24
398537 0 32
399991 0 6
401547 0 20
403083 0 24
404537 0 25
406012 0 9
407486 0 21
409043 0 27
410517 0 4
411910 0 21
413446 0 17
414859 0 21
416354 0 34
417849 0 10
419385 0 20
420880 0 15
422375 0 22
423870 0 25
425283 0 2
426778 0 23
428314 0 17
429789 0 23
431243 0 16
432676 0 22
434212 0 25
435789 0 6
437305 0 14
438718 0 15
440111 0 13
441585 0 29
443060 0 2
444452 0 14
445968 0 15
447401 0 15
448958 0 14
450350 0 19
451907 0 21
453463 0 13
454938 0 29
456412 0 11
457969 0 23
459464 0 14
460918 0 20
462351 0 14
463887 0 31
465464 0 10
467021 0 16
468434 0 15
469929 0 24
471342 0 13
472857 0 34
474271 0 3
475704 0 15
477261 0 23
478715 0 35
480148 0 10
481602 0 24
483138 0 30
484551 0 3
485985 0 22
487541 0 36
488995 0 7
490552 0 18
492026 0 13
493562 0 29
494975 0 12
496511 0 18
497925 0 14
499338 0 24
500833 0 13
502225 0 20
503802 0 33
505338 0 4
506772 0 22
508308 0 25
509721 0 1
511175 0 16
512629 0 16
514083 0 22
515619 0 13
517175 0 30
518609 0 7
520145 0 23
521578 0 18
523033 0 22
524569 0 20
526002 0 22
527538 0 18
529095 0 30
530487 0 5
531962 0 16
533436 0 20
535013 0 21
536570 0 27
538024 0 10
539519 0 21
540932 0 21
542488 0 20
544004 0 21
545540 0 23
546973 0 17
548386 0 29
549881 0 4
551376 0 16
552769 0 35
554305 0 4
555718 0 13
557193 0 24
558688 0 32
560142 0 8
561719 0 23
563234 0 13
564770 0 13
566306 0 18
567862 0 23
569419 0 13
570832 0 15
572388 0 31
573924 0 5
575440 0 24
576976 0 14
578410 0 17
579823 0 16
581359 0 21
582854 0 35
584267 0 9
585700 0 18
587175 0 23
588629 0 24
590062 0 15
591516 0 17
592971 0 20
594466 0 21
595981 0 34
597497 0 1
599033 0 22
600589 0 18
602002 0 19
603579 0 18
605115 0 34
606589 0 1
608125 0 21
609559 0 15
611095 0 20
612529 0 16
613962 0 23
615478 0 26
616870 0 7
618406 0 24
619942 0 35
621376 0 11
622809 0 23
624263 0 18
625779 0 16
627212 0 20
628769 0 23
630305 0 20
631820 0 31
633377 0 4
634769 0 16
636183 0 27
637596 0 9
639111 0 18
640524 0 16
641999 0 22
643473 0 24
645009 0 17
646402 0 17
647794 0 19
649269 0 25
650764 0 3
652198 0 16
653590 0 33
655085 0 2
656621 0 13
658055 0 34
659509 0 2
660963 0 24
662437 0 20
663912 0 28
665325 0 12
666779 0 15
668254 0 16
669687 0 19
671100 0 30
672595 0 6
674111 0 13
675647 0 13
677060 0 20
678575 0 35
680050 0 12
681586 0 24
683081 0 13
684514 0 23
686030 0 14
687443 0 14
688856 0 20
690433 0 21
691867 0 33
693444 0 11
694918 0 17
696372 0 24
697847 0 13
699383 0 29
700755 0 9
702168 0 17
703683 0 14
705158 0 17
706612 0 25
708107 0 12
709500 0 14
711015 0 18
712572 0 24
714087 0 15
715521 0 16
716995 0 24
718490 0 33
719985 0 4
721357 0 20
722873 0 14
724306 0 15
725822 0 35
727358 0 4
728730 0 13
730143 0 18
731597 0 24
733031 0 14
734444 0 29
735918 0 2
737311 0 23
738826 0 16
740342 0 19
741816 0 23
743230 0 24
744786 0 31
746363 0 7
747838 0 20
749373 0 25
750807 0 9
752282 0 14
753818 0 16
755333 0 21
756767 0 14
758180 0 18
759695 0 26
761067 0 8
762603 0 24
764037 0 36
765614 0 3
767088 0 20
768583 0 33
770119 0 8
771676 0 24
773089 0 35
774625 0 2
776017 0 23
777472 0 17
778926 0 36
780359 0 2
781793 0 19
783308 0 33
784762 0 3
786319 0 13
787855 0 19
789288 0 14
790804 0 29
792299 0 12
793753 0 21
795207 0 32
796702 0 5
798156 0 20
799671 0 21
801207 0 20
802743 0 29
804218 0 11
805754 0 22
807249 0 23
808764 0 24
810239 0 30
811713 0 6
813229 0 22
814744 0 34
816137 0 9
817550 0 22
818984 0 16
820499 0 33
822056 0 12
823551 0 17
824943 0 25
826356 0 12
827892 0 24
829428 0 29
830923 0 12
832357 0 16
833791 0 23
835224 0 17
836678 0 20
838112 0 35
839648 0 3
841040 0 18
842453 0 29
843846 0 1
845382 0 24
846795 0 21
848270 0 21
849724 0 36
851198 0 12
852611 0 22
854106 0 22
855622 0 27
857055 0 9
858509 0 20
860045 0 22
861479 0 13
863015 0 31
864428 0 12
865821 0 17
867377 0 22
868872 0 21
870429 0 18
871924 0 16
873378 0 14
874914 0 14
876347 0 33
877883 0 6
879317 0 22
880750 0 34
882143 0 6
883577 0 21
885051 0 34
886546 0 6
888041 0 19
889516 0 24
890970 0 36
892403 0 4
893857 0 19
895373 0 23
896847 0 16
898260 0 21
899714 0 23
901189 0 22
902684 0 18
904159 0 32
905613 0 6
907108 0 21
908623 0 20
910098 0 30
911531 0 8
913088 0 21
914665 0 32
916139 0 9
917573 0 13
919027 0 14
920542 0 33
922078 0 3
923635 0 13
925109 0 16
926502 0 18
927956 0 15
929410 0 19
930864 0 35
932420 0 10
933936 0 17
935370 0 21
936824 0 16
938257 0 17
939711 0 23
941145 0 24
942537 0 31
944073 0 6
945589 0 19
947104 0 15
948497 0 14
949951 0 23
951426 0 13
1148656 0 101
1150131 0 101
1151605 0 101
1153039 0 101
1154534 0 101
1156008 0 101
1157483 0 101
1158896 0 101
1160453 0 101
1161886 0 101
1163340 0 102
1164835 0 102
1166289 0 103
1167805 0 101
1169238 0 102
1170692 0 102
1172085 0 102
1173478 0 102
1174932 0 103
1176365 0 101
1177881 0 102
1179294 0 102
1180830 0 102
1182304 0 103
1183738 0 101
1185274 0 102
1186789 0 102
1188182 0 102
1189616 0 103
1191090 0 101
1192503 0 102
1194039 0 103
1195452 0 101
1196947 0 102
1198483 0 102
1199999 0 102
1201473 0 103
1202886 0 101
1204422 0 102
1205835 0 102
1207310 0 103
1208805 0 101
1210259 0 102
1211734 0 102
1213269 0 103
1214765 0 101
1216157 0 102
1217652 0 102
1219168 0 102
1220622 0 103
1222178 0 101
1223673 0 102
1225107 0 103
1226581 0 101
1228117 0 102
1229530 0 103
1231005 0 101
1232418 0 102
1233933 0 103
1235428 0 101
1236842 0 102
1238357 0 103
1239770 0 101
1241224 0 102
1242740 0 102
1244214 0 103
1245668 0 101
1247184 0 102
1248576 0 102
1250112 0 102
1251648 0 102
1253143 0 102
1254638 0 103
1256195 0 101
1257608 0 102
1259001 0 103
1260557 0 101
1262113 0 102
1263670 0 102
1265185 0 103
1266701 0 101
1268093 0 102
1269507 0 102
1270981 0 103
1272476 0 101
1273910 0 102
1275405 0 102
1276920 0 102
1278354 0 102
1279869 0 102
1281344 0 102
1282859 0 102
1284272 0 103
1285788 0 101
1287262 0 102
1288757 0 102
1290211 0 102
1291604 0 102
1293120 0 102
1294574 0 102
1296028 0 102
1297420 0 103
1298895 0 101
1300410 0 102
1301803 0 103
1303237 0 101
1304772 0 102
1306186 0 103
1307640 0 101
1309114 0 102
1310568 0 102
1312084 0 102
1313579 0 102
1314992 0 102
1316405 0 102
1317900 0 103
1319436 0 101
1320869 0 102
1322324 0 102
1323819 0 103
1325232 0 101
1326727 0 102
1328222 0 102
1329614 0 102
1331007 0 102
1332461 0 102
1333956 0 103
1335431 0 101
1336926 0 102
1338380 0 103
1339793 0 101
1341288 0 102
1342721 0 102
1344216 0 103
1345691 0 101
1347145 0 102
1348558 0 103
1350114 0 101
1351589 0 102
1353084 0 102
1354579 0 102
1355972 0 102
1357385 0 103
1358941 0 101
1360436 0 102
1361890 0 102
1363426 0 103
1364839 0 101
1366232 0 102
1367727 0 103
1369160 0 101
1370594 0 102
1372130 0 103
1373646 0 101
1375059 0 102
1376492 0 103
1377926 0 101
1379380 0 102
1380875 0 103
1382431 0 101
1383824 0 102
1385237 0 102
1386691 0 103
1388166 0 101
1389681 0 102
1391217 0 103
1392753 0 101
1394289 0 102
1395804 0 102
1397197 0 103
1398672 0 101
1400146 0 102
1401682 0 102
1403218 0 102
1404611 0 103
1406126 0 101
1407580 0 102
1409055 0 102
1410570 0 102
1411963 0 102
1413417 0 103
1414994 0 101
1416468 0 102
1417882 0 102
1419377 0 102
1420912 0 102
1422408 0 103
1423862 0 101
1425275 0 102
1426667 0 102
1428203 0 103
1429637 0 101
1431152 0 102
1432647 0 103
1434142 0 101
1435658 0 102
1437194 0 102
1438730 0 102
1440225 0 103
1441638 0 101
1443092 0 102
1444485 0 102
1446021 0 102
1447536 0 102
1448970 0 103
1450465 0 101
1451919 0 102
1453352 0 103
1454765 0 101
1456199 0 102
1457714 0 103
1459168 0 101
1460623 0 102
1462077 0 102
1463613 0 102
1465067 0 103
1466643 0 101
1468077 0 102
1469552 0 102
1471047 0 102
1472542 0 103
1474016 0 101
1475450 0 102
1476924 0 103
1478399 0 101
1479873 0 102
1481348 0 103
1482781 0 101
1484215 0 102
1485628 0 102
1487041 0 103
1488516 0 101
1489908 0 102
1491383 0 103
1492960 0 101
1494352 0 102
1495868 0 102
1497261 0 102
1498674 0 102
1500210 0 102
1501746 0 103
1503241 0 101
1504777 0 102
1506272 0 102
1507787 0 102
1509180 0 102
1510716 0 102
1512170 0 103
1513644 0 101
1515037 0 102
1516552 0 102
1518027 0 103
1519542 0 101
1521017 0 102
1522430 0 102
1523925 0 102
1525400 0 102
1526854 0 102
1528246 0 103
1529803 0 101
1531195 0 102
1532608 0 103
1534083 0 101
1535619 0 102
1537155 0 102
1538629 0 102
1540063 0 102
1541456 0 102
1543012 0 102
1544507 0 103
1545941 0 101
1547415 0 102
1548849 0 102
1550303 0 102
1551798 0 102
1553272 0 103
1554747 0 101
1556140 0 102
1557655 0 102
1559089 0 102
1560604 0 102
1562079 0 103
1563574 0 101
1565007 0 102
1566441 0 102
1567936 0 102
1569431 0 102
1570967 0 103
1572421 0 101
1573895 0 102
1575329 0 102
1576844 0 103
1578258 0 101
1579732 0 102
1581125 0 103
1582620 0 101
1584135 0 102
1585610 0 102
1587002 0 102
1588497 0 102
1589972 0 102
1591487 0 102
1592982 0 102
1594395 0 103
1595890 0 101
1597406 0 102
1598880 0 103
1600437 0 101
1601932 0 102
1603345 0 102
1604820 0 103
1606253 0 101
1607707 0 102
1609223 0 102
1610677 0 103
1612213 0 101
1613667 0 102
1615141 0 102
1616554 0 102
1618070 0 102
1619503 0 102
1620958 0 102
1622453 0 103
1624030 0 101
1625504 0 102
1626897 0 102
1628433 0 102
1629887 0 103
1631361 0 101
1632918 0 102
1634372 0 102
1635826 0 102
1637341 0 103
1638754 0 101
1640229 0 102
1641724 0 102
1643117 0 102
1644509 0 102
1645963 0 102
1647479 0 103
1648953 0 101
1650489 0 102
1651902 0 102
1653315 0 102
1654872 0 103
1656285 0 101
1657821 0 102
1659275 0 102
1660729 0 103
1662183 0 101
1663739 0 102
1665255 0 103
1666811 0 101
1668204 0 102
1669597 0 102
1671030 0 102
1672546 0 103
1674102 0 101
1675638 0 102
1677092 0 102
1678567 0 102
1680000 0 103
1681454 0 101
1682970 0 102
1684403 0 102
1685939 0 103
1687353 0 101
1688745 0 102
1690302 0 103
1691776 0 101
1693210 0 102
1694623 0 102
1696097 0 103
1697654 0 101
1699190 0 102
1700705 0 103
1702200 0 101
1703716 0 102
1705211 0 102
1706747 0 102
1708160 0 102
1709675 0 103
1711150 0 101
1712624 0 102
1714017 0 102
1715553 0 102
1717068 0 102
1718502 0 102
1719977 0 102
1721451 0 102
1722987 0 103
1724462 0 101
1725998 0 102
1727452 0 102
1728926 0 102
1730401 0 102
1731793 0 102
1733227 0 103
1734783 0 101
1736299 0 102
1737855 0 102
1739248 0 102
1740702 0 102
1742095 0 102
1743549 0 102
1744962 0 102
1746395 0 103
1747931 0 101
1749344 0 102
1750778 0 103
1752232 0 101
1753625 0 102
1755058 0 102
1756553 0 102
1758048 0 103
1759605 0 101
1761059 0 102
1762492 0 103
1764028 0 101
1765544 0 102
1766977 0 102
1768431 0 102
1769844 0 102
1771340 0 102
1772753 0 103
1774227 0 101
1775763 0 102
1777238 0 102
1778712 0 102
1780207 0 102
1781682 0 102
1783095 0 103
1784549 0 101
1786064 0 102
1787477 0 103
1788911 0 101
1790304 0 102
1791758 0 102
1793232 0 102
1794768 0 103
1796304 0 101
1797697 0 102
1799130 0 102
1800523 0 102
1802038 0 102
1803513 0 102
1805028 0 102
1806524 0 103
1808080 0 101
1809534 0 102
1811009 0 102
1812401 0 102
1813876 0 102
1815330 0 102
1816763 0 102
1818176 0 102
1819630 0 103
1821125 0 101
1822580 0 102
1824116 0 102
1825631 0 102
1827065 0 102
1828478 0 102
1829993 0 102
1831488 0 103
1832942 0 101
1834396 0 102
1835789 0 103
1837325 0 101
1838881 0 102
1840274 0 102
1841708 0 102
1843203 0 102
1844677 0 102
1846111 0 103
1847565 0 101
1849101 0 102
1850534 0 102
1852091 0 102
1853524 0 102
1854917 0 102
1856391 0 102
1857866 0 102
1859422 0 103
1860958 0 101
1862371 0 102
1863826 0 102
1865218 0 102
1866693 0 102
1868208 0 102
1869703 0 103
1871239 0 101
1872693 0 102
1874127 0 102
1875622 0 103
1877055 0 101
1878489 0 102
1879923 0 102
1881438 0 102
1882851 0 102
1884244 0 102
1885657 0 102
1887090 0 102
1888544 0 103
1890039 0 101
1891534 0 102
1892948 0 102
1894361 0 102
1895835 0 102
1897248 0 102
1898661 0 102
1900115 0 103
1901610 0 101
1903003 0 102
1904560 0 102
1906034 0 102
1907529 0 102
1908963 0 102
1910478 0 102
1911891 0 103
1913407 0 101
1914922 0 102
1916397 0 102
1917871 0 102
1919366 0 102
1920902 0 103
1922438 0 101
1923974 0 102
1925469 0 102
1926903 0 102
1928418 0 102
1929852 0 103
1931347 0 101
1932903 0 102
1934398 0 103
1935955 0 101
1937491 0 102
1938986 0 103
1940419 0 101
1941955 0 102
1943450 0 102
1944843 0 102
1946256 0 102
1947792 0 102
1949185 0 103
1950762 0 101
1952236 0 102
1953629 0 102
1955165 0 102
1956660 0 102
1958134 0 103
1959629 0 101
1961145 0 102
1962537 0 102
1964012 0 102
1965425 0 103
1967002 0 101
1968435 0 102
1969849 0 102
1983152 0 37
1984709 0 40
1986163 0 48
1987678 0 41
1989235 0 38
1990627 0 45
1992184 0 47
1993699 0 41
1995256 0 47
1996791 0 47
1998327 0 54
1999863 0 52
2001297 0 62
2002731 0 45
2004308 0 53
2005843 0 55
2007318 0 68
2008813 0 45
2010288 0 50
2011783 0 54
2013319 0 60
2014855 0 68
2016247 0 44
2017681 0 58
2019114 0 60
2020568 0 59
2022063 0 62
2023497 0 42
2024910 0 54
2026385 0 64
2027921 0 44
2029436 0 49
2030870 0 71
2032344 0 45
2033798 0 60
2035334 0 61
2036850 0 40
2038365 0 58
2039922 0 57
2041396 0 60
2042932 0 63
2044468 0 38
2045943 0 56
2047479 0 49
2049015 0 53
2050530 0 50
2052025 0 49
2053500 0 61
2055015 0 38
2056510 0 56
2057923 0 61
2059480 0 46
2060975 0 50
2062388 0 59
2063883 0 51
2065378 0 56
2066893 0 50
2068306 0 51
2069761 0 70
2071235 0 48
2072730 0 59
2074225 0 62
2075659 0 39
2077174 0 60
2078669 0 53
2080226 0 53
2081761 0 59
2083297 0 56
2084731 0 55
2086247 0 69
2087742 0 43
2089318 0 58
2090895 0 58
2092329 0 55
2093783 0 57
2095360 0 69
2096794 0 46
2098330 0 49
2099845 0 70
2101299 0 47
2102774 0 58
2104330 0 62
2105743 0 39
2107197 0 53
2108672 0 69
2110085 0 38
2111498 0 56
2113013 0 57
2114508 0 50
2116044 0 51
2117560 0 59
2119014 0 61
2120488 0 42
2122004 0 57
2123499 0 69
2124933 0 41
2126428 0 53
2127882 0 51
2129336 0 59
2130892 0 54
2132346 0 49
2133841 0 62
2135357 0 41
2136913 0 55
2138408 0 53
2139821 0 60
2141296 0 68
2142791 0 47
2144183 0 51
2145678 0 51
2147153 0 52
2148668 0 63
2150082 0 41
2151515 0 60
2152928 0 53
2154403 0 60
2155857 0 66
2157290 0 47
2158724 0 58
2160158 0 52
2161632 0 58
2163168 0 64
2164643 0 46
2166179 0 54
2167633 0 55
2169128 0 65
2170664 0 47
2172220 0 59
2173654 0 68
2175128 0 45
2176623 0 55
2178118 0 61
2179675 0 37
2181211 0 49
2182726 0 63
2184262 0 48
2185778 0 58
2187293 0 52
2188727 0 50
2190181 0 61
2191614 0 47
2193150 0 55
2194645 0 63
2196058 0 44
2197574 0 57
2199007 0 50
2200502 0 52
2202018 0 53
2203513 0 68
2205069 0 38
2206503 0 58
2207937 0 54
2209472 0 57
2210927 0 72
2212360 0 40
2213876 0 60
2215289 0 60
2216702 0 53
2218238 0 59
2219733 0 56
2221248 0 65
2222723 0 37
2224156 0 55
2225651 0 53
2227187 0 54
2228723 0 55
2230198 0 51
2231713 0 66
2233270 0 41
2234785 0 50
2236280 0 66
2237714 0 44
2239250 0 56
2240704 0 55
2242158 0 70
2243612 0 45
2245046 0 51
2246459 0 58
2247892 0 71
2249387 0 48
2250923 0 55
2252459 0 58
2254036 0 54
2255470 0 50
2256965 0 56
2258419 0 50
2259914 0 63
2261429 0 37
2262965 0 49
2264522 0 67
2265996 0 43
2267430 0 57
2268904 0 56
2270379 0 52
2271935 0 54
2273389 0 66
2274946 0 37
2276441 0 56
2277936 0 52
2279349 0 68
2280783 0 45
2282257 0 53
2283711 0 64
2285124 0 39
2286660 0 56
2288094 0 52
2289589 0 58
2291166 0 63
2292681 0 42
2294156 0 51
2295589 0 54
2297105 0 59
2298600 0 58
2300054 0 72
2301528 0 39
2303085 0 55
2304580 0 60
2305993 0 53
2307447 0 63
2308963 0 38
2310478 0 53
2312014 0 58
2313570 0 71
2315025 0 45
2316561 0 51
2318096 0 61
2319530 0 39
2321025 0 56
2322459 0 58
2324015 0 49
2325449 0 51
2327005 0 51
2328439 0 71
2329913 0 45
2331388 0 49
2332944 0 62
2334378 0 44
2335914 0 57
2337450 0 63
2338924 0 42
2340378 0 54
2341914 0 61
2343327 0 48
2344802 0 58
2346276 0 51
2347812 0 60
2349369 0 65
2350884 0 47
2352338 0 51
2353792 0 57
2355349 0 50
2356885 0 70
2358380 0 45
2359936 0 50
2361411 0 59
2362947 0 58
2364421 0 72
2365957 0 42
2367493 0 60
2369009 0 56
2370442 0 66
2371876 0 46
2373432 0 51
2374907 0 56
2376443 0 60
2377917 0 51
2379392 0 69
2380826 0 39
2382280 0 58
2383775 0 54
2385331 0 59
2386888 0 56
2388423 0 57
2389857 0 64
2391393 0 47
2392806 0 59
2394322 0 70
2395673 0 41
2397189 0 51
2398704 0 52
2400138 0 56
2401612 0 52
2403067 0 67
2404480 0 48
2405934 0 50
2407367 0 50
2408903 0 57
2410337 0 50
2411873 0 50
2413327 0 55
2414740 0 69
2416317 0 40
2417771 0 54
2419327 0 70
2420802 0 39
2422235 0 51
2423771 0 56
2425328 0 64
2426823 0 45
2428277 0 55
2429772 0 53
2431267 0 54
2432721 0 72
2434195 0 44
2435752 0 49
2437206 0 63
2438742 0 45
2440298 0 56
2441834 0 62
2443268 0 44
2444763 0 50
2446238 0 55
2447671 0 66
2449228 0 41
2450641 0 60
2452054 0 56
2453549 0 50
2455044 0 59
2456580 0 59
2458095 0 63
2459549 0 39
2461106 0 50
2462580 0 50
2464034 0 57
2465488 0 63
2467045 0 38
2468540 0 52
2470076 0 59
2471612 0 60
2473127 0 55
2474643 0 57
2476220 0 51
2477612 0 59
2479066 0 65
2480561 0 43
2481995 0 55
2483531 0 59
2484964 0 51
2486500 0 49
2487995 0 67
2489511 0 47
2490945 0 57
2492399 0 57
2493853 0 58
2495389 0 49
2496904 0 56
2498317 0 50
2499730 0 57
2501307 0 65
2502823 0 40
2504379 0 50
2505874 0 60
2507328 0 54
2508823 0 72
2510257 0 48
2511711 0 50
2513206 0 55
2514619 0 51
2516073 0 53
2517609 0 72
2519125 0 42
2520579 0 56
2522012 0 56
2523507 0 52
2524961 0 59
2526497 0 69
2527951 0 37
2529487 0 54
2530900 0 62
2532375 0 41
2533911 0 51
2535447 0 72
2536983 0 38
2538519 0 52
2539952 0 70
2541365 0 45
2542819 0 58
2544396 0 61
2545932 0 39
2547468 0 57
2548984 0 59
2550438 0 50
2551912 0 49
2553407 0 62
2554943 0 38
2556479 0 59
2557892 0 56
2559387 0 57
2560862 0 49
2562316 0 53
2563729 0 52
2565142 0 68
2566596 0 40
2568091 0 52
2569586 0 54
2570999 0 66
2572535 0 38
2574051 0 57
2575566 0 65
2577041 0 38
2578515 0 53
2579970 0 53
2581506 0 50
2582980 0 49
2584414 0 63
2585847 0 37
2587240 0 51
2588776 0 57
2590312 0 60
2591786 0 66
2593199 0 43
2594715 0 60
2596251 0 54
2597766 0 51
2599261 0 58
2600777 0 49
2602292 0 59
2603726 0 64
2605262 0 47
2606695 0 54
2608129 0 57
2609583 0 60
2611037 0 61
2612532 0 42
2613966 0 55
2615440 0 57
2616915 0 57
2618451 0 64
2619925 0 47
2621420 0 49
2622874 0 57
2624410 0 58
2625864 0 60
2627278 0 70
2628732 0 39
2630288 0 54
2631681 0 49
2633135 0 57
2634712 0 56
2636268 0 65
2637702 0 45
2639238 0 60
2640651 0 67
2642105 0 37
2643538 0 52
2645013 0 66
2646446 0 41
2647941 0 54
2649477 0 59
2651034 0 57
2652529 0 71
2654024 0 47
2655519 0 59
2657055 0 59
2658529 0 54
2660086 0 60
2661499 0 51
2662912 0 64
2664407 0 48
2665820 0 53
2667295 0 54
2668769 0 56
2670285 0 52
2671800 0 59
2673316 0 60
2674872 0 66
2676408 0 48
2677883 0 55
2679296 0 68
2680770 0 41
2682306 0 49
2683842 0 53
2685255 0 56
2686689 0 72
2688122 0 47
2689536 0 58
2690990 0 59
2692464 0 67
2694021 0 47
2695577 0 50
2697093 0 55
2698669 0 59
2700226 0 72
2701762 0 42
2703257 0 54
2704772 0 60
2706329 0 59
2707742 0 66
2709216 0 41
2710732 0 56
2712268 0 56
2713742 0 55
2715278 0 60
2716753 0 68
2718289 0 42
2719784 0 53
2721340 0 63
2722794 0 45
2724228 0 54
2725764 0 49
2727218 0 52
2728734 0 54
2730167 0 50
2731621 0 52
2733034 0 69
2734447 0 44
2735983 0 55
2737519 0 59
2738973 0 56
2740489 0 51
2741902 0 60
2743315 0 63
2744810 0 41
2746223 0 57
2747718 0 54
2749234 0 50
2750667 0 54
2752162 0 59
2753657 0 70
2755070 0 42
2756524 0 60
2758060 0 57
2759637 0 71
2761071 0 41
2762525 0 60
2764040 0 59
2765576 0 49
2767051 0 56
2768546 0 58
2770000 0 68
2771413 0 44
2772908 0 51
2774403 0 57
2775939 0 51
2777434 0 52
2778991 0 57
2780424 0 53
2781981 0 60
2783537 0 67
2785053 0 46
2786548 0 49
2788002 0 64
2789476 0 38
2790869 0 59
2792323 0 59
2793879 0 58
2795374 0 59
2796849 0 56
2798385 0 58
2799839 0 67
2801293 0 48
2802808 0 50
2804283 0 60
2805819 0 50
2807334 0 61
2808850 0 42
2810304 0 57
2811819 0 59
2813376 0 54
2814871 0 70
2816304 0 42
2817800 0 50
2819213 0 52
2820708 0 55
2822121 0 54
2823554 0 54
2824967 0 67
2826380 0 46
2827835 0 51
2829248 0 56
2830763 0 70
2832279 0 39
2833712 0 54
2835248 0 66
2836723 0 38
2838136 0 55
2839569 0 55
2841044 0 49
2842518 0 53
2843952 0 50
2845427 0 57
2846922 0 65
2848417 0 38
2849952 0 52
2851509 0 63
2853065 0 39
2854581 0 59
2855994 0 50
2857428 0 56
2858923 0 54
2860397 0 56
2861872 0 66
2863428 0 37
2864964 0 60
2866500 0 56
2868016 0 52
2869511 0 53
2870944 0 56
2872501 0 71
2873893 0 42
2875409 0 55
2876904 0 58
2878481 0 65
2879873 0 37
2881286 0 55
2882843 0 61
2884276 0 40
2885771 0 56
2887307 0 59
2888720 0 58
2898320 0 104
2899835 0 104
2901248 0 104
2902723 0 104
2904136 0 104
2905590 0 104
2907126 0 104
2908642 0 104
2910096 0 104
2911591 0 104
2913086 0 105
2914560 0 105
2916117 0 105
2917632 0 105
2919066 0 106
2920520 0 104
2921933 0 105
2923346 0 106
2924841 0 104
2926357 0 105
2927852 0 105
2929408 0 105
2930903 0 105
2932357 0 106
2933873 0 104
2935306 0 105
2936781 0 105
2938337 0 105
2939812 0 105
2941245 0 105
2942740 0 106
2944276 0 104
2945833 0 105
2947328 0 105
2948802 0 105
2950318 0 106
2951751 0 104
2953246 0 105
2954741 0 105
2956257 0 105
2957752 0 105
2959288 0 106
2960762 0 104
2962319 0 105
2963752 0 105
2965165 0 105
2966599 0 105
2968012 0 106
2969548 0 104
2971084 0 105
2972477 0 106
2973972 0 104
2975487 0 105
2977023 0 105
2978457 0 105
2979870 0 105
2981283 0 106
2982839 0 104
2984355 0 105
2985891 0 105
2987406 0 105
2988942 0 105
2990355 0 106
2991809 0 104
2993345 0 105
2994820 0 105
2996274 0 105
2997728 0 105
2999223 0 106
3000657 0 104
3002152 0 105
3003626 0 106
3005183 0 104
3006616 0 105
3008050 0 106
3009524 0 104
3011040 0 105
3012432 0 106
3013948 0 104
3015443 0 105
3016856 0 105
3018372 0 105
3019866 0 105
3021280 0 105
3022754 0 105
3024270 0 105
3025724 0 106
3027178 0 104
3028591 0 105
3030086 0 105
3031540 0 105
3033035 0 105
3034550 0 105
3036045 0 106
3037520 0 104
3038974 0 105
3040489 0 105
3042005 0 105
3043500 0 106
3044995 0 104
3046511 0 105
3047944 0 105
3049378 0 105
3050811 0 105
3052224 0 105
3053699 0 105
3055235 0 106
3056709 0 104
3058204 0 105
3059720 0 105
3061153 0 105
3062567 0 105
3064082 0 106
3065598 0 104
3067031 0 105
3068444 0 105
3069960 0 105
3071414 0 105
3072909 0 105
3074322 0 105
3075837 0 106
3077271 0 104
3078766 0 105
3080281 0 106
3081817 0 104
3083312 0 105
3084848 0 105
3086384 0 106
3087900 0 104
3089456 0 105
3091013 0 106
3092549 0 104
3094064 0 105
3095539 0 105
3097034 0 105
3098508 0 105
3099942 0 105
3101437 0 105
3102973 0 105
3104427 0 106
3105881 0 104
3107335 0 105
3108871 0 106
3110346 0 104
3111841 0 105
3113295 0 105
3114749 0 105
3116264 0 105
3117821 0 105
3119234 0 105
3120729 0 106
3122265 0 104
3123678 0 105
3125091 0 106
3126627 0 104
3128142 0 105
3129555 0 105
3131009 0 105
3132402 0 105
3133836 0 105
3135372 0 106
3136785 0 104
3138300 0 105
3139754 0 106
3141188 0 104
3142703 0 105
3144198 0 105
3145755 0 106
3147168 0 104
3148683 0 105
3150117 0 106
3151551 0 104
3152964 0 105
3154438 0 105
3155933 0 106
3157490 0 104
3158923 0 105
3160439 0 105
3161893 0 105
3163306 0 105
3164842 0 105
3166275 0 106
3167791 0 104
3169286 0 105
3170781 0 105
3172194 0 105
3173689 0 106
3175225 0 104
3176700 0 105
3178174 0 105
3179608 0 105
3181021 0 105
3182454 0 105
3183888 0 105
3185301 0 105
3186857 0 106
3188271 0 104
3189684 0 105
3191199 0 106
3192735 0 104
3194292 0 105
3195684 0 105
3197200 0 105
3198654 0 106
3200169 0 104
3201685 0 105
3203098 0 106
3204531 0 104
3205944 0 105
3207337 0 105
3208750 0 106
3210184 0 104
3211679 0 105
3213133 0 106
3214587 0 104
3216123 0 105
3217556 0 106
3219010 0 104
3220567 0 105
3222123 0 105
3223659 0 106
3225195 0 104
3226731 0 105
3228206 0 105
3229721 0 105
3231114 0 106
3232527 0 104
3234002 0 105
3235538 0 105
3237033 0 105
3238589 0 106
3240125 0 104
3241681 0 105
3243217 0 106
3244692 0 104
3246125 0 105
3247620 0 106
3249054 0 104
3250529 0 105
3252003 0 106
3253457 0 104
3254952 0 105
3256509 0 105
3257963 0 105
3259499 0 105
3261035 0 105
3262448 0 106
3264004 0 104
3265561 0 105
3266974 0 106
3268387 0 104
3269902 0 105
3271315 0 105
3272749 0 105
3274142 0 105
3275616 0 105
3277091 0 105
3278606 0 106
3280122 0 104
3281617 0 105
3283173 0 105
3284627 0 105
3286184 0 105
3287699 0 105
3289092 0 105
3290566 0 106
3292061 0 104
3293577 0 105
3295031 0 106
3296485 0 104
3297878 0 105
3299393 0 106
3300908 0 104
3302424 0 105
3303919 0 106
3305455 0 104
3307011 0 105
3308486 0 106
3310042 0 104
3311496 0 105
3312889 0 105
3314343 0 106
3315900 0 104
3317374 0 105
3318931 0 106
3320405 0 104
3321839 0 105
3323334 0 105
3324788 0 105
3326262 0 105
3327798 0 106
3329211 0 104
3330768 0 105
3332283 0 106
3333737 0 104
3335150 0 105
3336543 0 105
3338059 0 105
3339533 0 105
3341008 0 105
3342482 0 106
3343936 0 104
3345493 0 105
3346967 0 105
3348483 0 105
3349957 0 106
3351473 0 104
3352968 0 105
3354401 0 105
3355855 0 105
3357268 0 105
3358743 0 105
3360177 0 106
3361651 0 104
3363044 0 105
3364457 0 105
3365890 0 106
3367426 0 104
3368921 0 105
3370416 0 105
3371932 0 106
3373386 0 104
3374840 0 105
3376396 0 106
3377871 0 104
3379305 0 105
3380820 0 105
3382274 0 105
3383687 0 105
3385080 0 105
3386513 0 106
3387926 0 104
3389360 0 105
3390855 0 105
3392391 0 106
3393825 0 104
3395361 0 105
3396917 0 106
3398453 0 104
3399928 0 105
3401443 0 106
3402856 0 104
3404310 0 105
3405703 0 106
3407218 0 104
3408672 0 105
3410126 0 105
3411580 0 105
3413055 0 105
3414489 0 105
3416004 0 105
3417540 0 106
3419076 0 104
3420571 0 105
3421984 0 106
3423459 0 104
3424913 0 105
3426326 0 106
3427739 0 104
3429213 0 105
3430647 0 106
3432081 0 104
3433596 0 105
3435132 0 105
3436668 0 105
3438183 0 105
3439740 0 105
3441235 0 106
3442771 0 104
3444184 0 105
3445597 0 105
3447010 0 105
3448485 0 105
3449877 0 105
3451311 0 106
3452847 0 104
3454342 0 105
3455878 0 105
3457311 0 105
3458807 0 106
3460281 0 104
3461796 0 105
3463332 0 105
3464889 0 105
3466425 0 105
3467940 0 106
3469497 0 104
3470992 0 105
3472405 0 105
3473941 0 105
3475456 0 105
3476992 0 106
3478426 0 104
3479962 0 105
3481436 0 105
3482850 0 106
3484304 0 104
3485758 0 105
3487253 0 105
3488666 0 105
3490079 0 105
3491574 0 105
3492966 0 106
3494461 0 104
3496018 0 105
3497554 0 106
3498967 0 104
3500483 0 105
3501957 0 106
3503391 0 104
3504947 0 105
3506442 0 105
3507978 0 106
3509514 0 104
3510968 0 105
3512422 0 105
3513958 0 106
3515515 0 104
3516969 0 105
3518382 0 106
3519856 0 104
3521331 0 105
3522764 0 105
3524280 0 105
3525754 0 105
3527167 0 105
3528581 0 105
3529994 0 105
3531530 0 106
3532963 0 104
3534376 0 105
3535851 0 106
3537264 0 104
3538657 0 105
3540213 0 105
3541708 0 106
3543224 0 104
3544698 0 105
3546111 0 105
3547586 0 105
3549101 0 105
3550576 0 105
3551989 0 106
3553504 0 104
3554917 0 105
3556453 0 105
3557907 0 106
3559464 0 104
3561000 0 105
3562556 0 105
3564092 0 105
3565505 0 106
3566939 0 104
3568475 0 105
3569929 0 105
3571363 0 105
3572858 0 105
3574353 0 106
3575909 0 104
3577343 0 105
3578879 0 105
3580292 0 106
3581746 0 104
3583261 0 105
3584797 0 105
3586313 0 105
3587705 0 105
3589180 0 106
3590593 0 104
3592067 0 105
3593460 0 105
3594955 0 105
3596491 0 106
3597925 0 104
3599379 0 105
3600812 0 105
3602246 0 105
3603700 0 106
3605195 0 104
3606731 0 105
3608164 0 105
3609721 0 105
3611154 0 105
3612588 0 105
3614124 0 105
3615639 0 105
3617094 0 106
3618568 0 104
3620125 0 105
3621579 0 105
3623135 0 105
3624651 0 105
3626064 0 106
3627538 0 104
3629054 0 105
3630590 0 106
3632105 0 104
3633580 0 105
3635136 0 105
3636631 0 105
3638126 0 106
3639580 0 104
3641055 0 105
3642488 0 106
3644004 0 104
3645560 0 105
3646973 0 105
3648448 0 105
3649861 0 105
3651397 0 105
3652871 0 106
3654346 0 104
3655820 0 105
3657356 0 105
3658852 0 105
3660306 0 105
3661801 0 106
3663357 0 104
3664811 0 105
3666286 0 105
3667801 0 105
3669276 0 105
3670730 0 106
3672266 0 104
3673802 0 105
3675297 0 105
3676812 0 106
3678266 0 104
3679761 0 105
3681215 0 105
3682710 0 105
3684267 0 105
3685782 0 105
3687257 0 105
3688711 0 106
3690247 0 104
3691783 0 105
3693298 0 105
3694773 0 105
3696227 0 105
3697660 0 105
3699094 0 106
3700507 0 104
3702002 0 105
3703477 0 105
3704951 0 105
3706426 0 105
3707921 0 106
3709436 0 104
3710931 0 105
3712365 0 105
3713798 0 105
3715211 0 106
3716645 0 104
3718181 0 105
3719656 0 105
3721069 0 105
3722523 0 105
3723936 0 105
3725492 0 105
3727028 0 106
3728503 0 104
3729895 0 105
3731370 0 105
3732865 0 105
3734380 0 106
3735855 0 104
3737391 0 105
3738845 0 105
3740360 0 105
3741774 0 106
3743309 0 104
3744764 0 105
3746300 0 106
3747835 0 104
3749310 0 105
3750723 0 105
3752218 0 105
3753652 0 106
3755167 0 104
3756642 0 105
3758055 0 105
3759570 0 105
3760963 0 105
3762478 0 105
3763912 0 106
3765448 0 104
3766984 0 105
3768397 0 105
3769790 0 105
3771203 0 106
3772657 0 104
3774070 0 105
3775503 0 105
3776896 0 105
3778391 0 105
3779886 0 105
3781361 0 106
3782815 0 104
3784228 0 105
3785661 0 105
3787156 0 105
3788631 0 105
3790167 0 105
3791641 0 106
3793055 0 104
3794611 0 105
3796147 0 106
3797662 0 104
3799055 0 105
