41729 0 11
43183 0 1
44616 0 5
46070 0 10
47606 0 2
49040 0 1
50515 0 11
52030 0 9
53586 0 4
55041 0 10
56474 0 20
58051 0 23
59464 0 24
61000 0 20
62536 0 13
63970 0 35
65362 0 2
66796 0 20
68270 0 17
69806 0 23
71260 0 23
72776 0 28
74168 0 10
75623 0 18
77159 0 21
78592 0 36
80067 0 1
81562 0 16
83077 0 27
84593 0 7
86026 0 15
87562 0 16
89016 0 23
90429 0 22
91965 0 22
93440 0 24
94935 0 13
96430 0 31
97966 0 10
99502 0 24
100935 0 22
102348 0 13
103843 0 22
105379 0 13
106895 0 36
108411 0 3
109905 0 16
111319 0 30
112711 0 4
114145 0 21
115701 0 26
117176 0 10
118609 0 20
120145 0 36
121681 0 8
123156 0 23
124569 0 36
126105 0 4
127518 0 15
129033 0 14
130467 0 18
131942 0 36
133416 0 2
134870 0 17
136283 0 15
137799 0 20
139376 0 21
140953 0 27
142366 0 1
143820 0 20
145274 0 15
146728 0 16
148100 0 31
149677 0 3
151069 0 17
152605 0 28
154100 0 6
155575 0 16
157090 0 21
158565 0 14
160019 0 21
161535 0 24
162968 0 18
164525 0 17
165979 0 27
167494 0 8
169071 0 22
170525 0 15
172041 0 19
173515 0 25
175072 0 6
176485 0 23
177898 0 16
179270 0 33
180765 0 10
182219 0 15
183755 0 22
185270 0 23
186745 0 15
188220 0 22
189694 0 24
191169 0 25
192725 0 8
194281 0 23
195797 0 36
197210 0 12
198746 0 13
200282 0 21
201818 0 30
203231 0 7
204767 0 21
206221 0 15
207716 0 17
209150 0 23
210665 0 21
212099 0 23
213594 0 27
215027 0 9
216461 0 18
217895 0 29
219390 0 8
220987 0 21
222421 0 30
223772 0 1
225267 0 15
226660 0 29
228093 0 6
229650 0 22
231104 0 23
232537 0 17
233951 0 24
235446 0 16
236879 0 20
238354 0 36
239849 0 7
241323 0 15
242880 0 18
244457 0 16
245911 0 18
247344 0 17
248737 0 20
250191 0 34
251727 0 5
253140 0 13
254635 0 20
256212 0 23
257707 0 15
259161 0 21
260636 0 13
262049 0 15
263523 0 32
264977 0 2
266452 0 15
267967 0 23
269462 0 27
270875 0 5
272309 0 16
273763 0 18
275217 0 36
276753 0 9
278309 0 24
279825 0 16
281340 0 23
282774 0 22
284289 0 13
285784 0 23
287320 0 33
288754 0 12
290147 0 17
291621 0 15
293014 0 21
294488 0 23
295922 0 18
297376 0 21
298932 0 27
300386 0 9
301963 0 14
303458 0 16
304872 0 27
306346 0 10
307821 0 21
309254 0 22
310790 0 34
312306 0 4
313678 0 13
315193 0 24
316586 0 30
317999 0 2
319433 0 21
321009 0 33
322504 0 7
324081 0 20
325576 0 26
327010 0 12
328505 0 15
329898 0 21
331475 0 31
333031 0 4
334403 0 22
335837 0 17
337332 0 16
338827 0 14
340322 0 33
341858 0 7
343332 0 23
344807 0 18
346343 0 22
347920 0 15
349333 0 33
350889 0 4
352384 0 21
353818 0 35
355374 0 10
356849 0 18
358344 0 25
359818 0 10
361334 0 22
362788 0 23
364262 0 15
365757 0 17
367293 0 16
368809 0 19
370304 0 35
371778 0 8
373335 0 23
374891 0 19
376386 0 25
377943 0 3
379376 0 14
380912 0 21
382428 0 24
383964 0 21
385479 0 36
386933 0 2
388449 0 14
389841 0 13
391377 0 23
392872 0 22
394306 0 26
395740 0 10
397173 0 24
398627 0 22
400163 0 19
401720 0 25
403174 0 4
404689 0 19
406164 0 13
407638 0 14
409154 0 26
410567 0 4
411959 0 18
413475 0 14
414990 0 23
416465 0 17
418001 0 25
419537 0 3
420930 0 14
422445 0 30
423797 0 7
425333 0 24
426746 0 15
428261 0 16
429674 0 15
431149 0 32
432542 0 8
434098 0 14
435634 0 22
437190 0 18
438624 0 24
440058 0 21
441594 0 22
443048 0 16
444563 0 27
446058 0 1
447615 0 18
449069 0 35
450625 0 4
452018 0 23
453533 0 20
455049 0 18
456544 0 15
457957 0 18
459513 0 19
460988 0 29
462442 0 6
463978 0 24
465432 0 16
466865 0 19
468340 0 18
469814 0 24
471309 0 31
472825 0 2
474238 0 15
475733 0 23
477228 0 25
478682 0 5
480095 0 20
481672 0 22
483188 0 19
484662 0 23
486096 0 15
487550 0 34
488942 0 4
490355 0 21
491810 0 16
493346 0 16
494820 0 14
496336 0 32
497872 0 2
499285 0 24
500780 0 25
502357 0 3
503852 0 17
505306 0 30
506678 0 9
508132 0 24
509545 0 18
510979 0 24
512453 0 33
513948 0 12
515464 0 22
516999 0 18
518433 0 17
519846 0 19
521423 0 24
522898 0 30
524331 0 9
525806 0 17
527219 0 31
528652 0 4
530045 0 20
531499 0 34
532953 0 11
534346 0 14
535861 0 17
537316 0 32
538769 0 1
540264 0 21
541841 0 28
543357 0 5
544770 0 17
546244 0 32
547739 0 1
549255 0 15
550668 0 31
552102 0 10
553556 0 15
555030 0 18
556587 0 17
558041 0 32
559433 0 4
560887 0 18
562403 0 20
563959 0 16
565352 0 16
566847 0 16
568219 0 36
569653 0 8
571230 0 15
572766 0 29
574281 0 11
575776 0 16
577292 0 16
578705 0 23
580159 0 16
581592 0 33
583108 0 8
584603 0 13
586036 0 16
587572 0 22
589047 0 26
590501 0 4
592016 0 14
593450 0 20
594884 0 20
596358 0 15
597915 0 24
599328 0 16
600720 0 31
602215 0 3
603690 0 23
605103 0 17
606536 0 13
608052 0 15
609486 0 18
610960 0 19
612476 0 31
613971 0 6
615527 0 14
616981 0 18
618456 0 24
619889 0 14
621405 0 28
622879 0 4
624333 0 21
625849 0 18
627344 0 33
628757 0 3
630211 0 13
631706 0 31
633180 0 1
634573 0 17
636007 0 21
637481 0 16
638853 0 36
640348 0 5
641802 0 18
643338 0 20
644792 0 25
646287 0 6
647864 0 13
649277 0 26
650670 0 11
652227 0 24
653701 0 27
655114 0 10
656589 0 13
658104 0 35
659558 0 1
661053 0 18
662487 0 20
663920 0 16
665395 0 16
666829 0 19
668303 0 18
669778 0 34
671314 0 7
672788 0 22
674222 0 13
675676 0 20
677130 0 20
678727 0 15
680263 0 16
681697 0 14
683110 0 30
684502 0 2
685977 0 22
687533 0 14
689028 0 27
690441 0 3
691957 0 16
693432 0 35
694845 0 3
696278 0 22
697773 0 30
699166 0 1
700599 0 21
702115 0 36
703589 0 9
705146 0 16
706620 0 18
708177 0 34
709549 0 10
711044 0 17
712539 0 20
714095 0 13
715529 0 23
716963 0 34
718376 0 12
719830 0 16
721304 0 19
722820 0 19
724376 0 22
725851 0 35
727387 0 10
728882 0 20
730397 0 23
731851 0 24
733387 0 30
734821 0 6
736398 0 16
737913 0 25
739449 0 10
740903 0 23
742357 0 18
743852 0 20
745409 0 22
746924 0 24
748419 0 22
749955 0 28
751368 0 9
752945 0 19
754420 0 20
755935 0 33
757492 0 11
759028 0 18
760543 0 15
762018 0 24
763472 0 14
764885 0 23
766359 0 24
767916 0 33
769390 0 8
770926 0 20
772462 0 29
773896 0 9
775350 0 14
776866 0 16
778299 0 21
779712 0 24
781248 0 22
782723 0 14
784259 0 13
785692 0 26
787146 0 2
788662 0 20
790136 0 24
791631 0 35
793147 0 2
794621 0 14
796014 0 31
797550 0 2
798984 0 19
800499 0 24
801933 0 15
803325 0 32
804820 0 8
806397 0 22
807892 0 34
809326 0 3
810841 0 21
812398 0 36
813872 0 1
815388 0 23
816842 0 23
818337 0 27
819811 0 9
821347 0 16
822863 0 30
824337 0 1
825791 0 15
827245 0 29
828659 0 7
830113 0 23
831669 0 32
833082 0 1
834475 0 15
835970 0 18
837424 0 24
838919 0 20
840373 0 16
841806 0 24
843199 0 36
844633 0 8
846169 0 17
847602 0 18
849056 0 18
850551 0 15
851964 0 17
853398 0 16
854913 0 20
856449 0 30
857822 0 1
859296 0 16
860730 0 24
862184 0 20
863740 0 31
865174 0 1
866587 0 21
868041 0 20
869577 0 34
871031 0 12
872587 0 20
874103 0 20
875680 0 22
877216 0 19
878752 0 18
880308 0 31
881865 0 2
883360 0 17
884793 0 15
886309 0 19
887742 0 36
889319 0 4
890773 0 18
892289 0 35
893702 0 2
895217 0 15
896671 0 19
898166 0 22
899682 0 19
901259 0 29
902672 0 12
904065 0 23
905539 0 22
907014 0 24
908570 0 22
910126 0 33
911662 0 11
913076 0 19
914652 0 22
916148 0 19
917683 0 27
919097 0 2
920571 0 18
922087 0 21
923664 0 33
925077 0 5
926592 0 17
927985 0 29
929459 0 6
930934 0 23
932367 0 15
933801 0 25
935296 0 5
936689 0 14
938204 0 22
939720 0 21
941235 0 23
942771 0 13
960360 0 101
961834 0 101
963268 0 101
964783 0 101
966278 0 101
967753 0 101
969146 0 101
970641 0 101
972177 0 101
973651 0 101
975126 0 102
976580 0 102
977972 0 103
979426 0 101
980880 0 102
982314 0 102
983768 0 102
985161 0 103
986738 0 101
988233 0 102
989769 0 103
991182 0 101
992677 0 102
994090 0 103
995646 0 101
997121 0 102
998657 0 103
1000131 0 101
1001524 0 102
1002916 0 102
1004452 0 102
1005845 0 102
1007381 0 102
1008774 0 103
1010248 0 101
1011641 0 102
1013156 0 102
1014651 0 102
1016126 0 102
1017580 0 102
1018993 0 102
1020468 0 103
1021922 0 101
1023396 0 102
1024912 0 102
1026448 0 102
1027861 0 102
1029294 0 102
1030769 0 103
1032223 0 101
1033636 0 102
1035070 0 103
1036585 0 101
1037998 0 102
1039473 0 102
1040906 0 103
1042442 0 101
1043896 0 102
1045309 0 102
1046763 0 103
1048320 0 101
1049712 0 102
1051126 0 102
1052539 0 102
1053931 0 102
1055344 0 103
1056880 0 101
1058314 0 102
1059809 0 102
1061324 0 102
1062737 0 102
1064171 0 102
1065584 0 103
1067100 0 101
1068533 0 102
1069926 0 102
1071380 0 103
1072813 0 101
1074349 0 102
1075742 0 103
1077217 0 101
1078753 0 102
1080227 0 103
1081763 0 101
1083258 0 102
1084794 0 103
1086207 0 101
1087620 0 102
1089095 0 102
1090569 0 102
1091982 0 102
1093457 0 102
1094870 0 102
1096406 0 103
1097860 0 101
1099396 0 102
1100830 0 102
1102366 0 102
1103902 0 102
1105294 0 102
1106707 0 103
1108161 0 101
1109656 0 102
1111151 0 102
1112687 0 102
1114141 0 102
1115677 0 103
1117152 0 101
1118626 0 102
1120019 0 103
1121494 0 101
1122907 0 102
1124320 0 102
1125753 0 103
1127207 0 101
1128723 0 102
1130259 0 102
1131754 0 102
1133228 0 102
1134682 0 102
1136095 0 103
1137591 0 101
1138983 0 102
1140519 0 103
1142076 0 101
1143571 0 102
1145025 0 102
1146499 0 102
1147892 0 103
1149387 0 101
1150861 0 102
1152254 0 102
1153728 0 102
1155203 0 102
1156759 0 103
1158254 0 101
1159729 0 102
1161244 0 103
1162740 0 101
1164173 0 102
1165648 0 102
1167081 0 102
1168617 0 102
1170092 0 102
1171648 0 102
1173184 0 103
1174741 0 101
1176215 0 102
1177731 0 102
1179246 0 102
1180639 0 102
1182093 0 103
1183526 0 101
1184939 0 102
1186353 0 102
1187868 0 102
1189281 0 102
1190735 0 103
1192169 0 101
1193664 0 102
1195077 0 103
1196531 0 101
1197985 0 102
1199459 0 103
1201016 0 101
1202572 0 102
1203965 0 102
1205419 0 103
1206935 0 101
1208327 0 102
1209802 0 102
1211194 0 102
1212689 0 102
1214102 0 103
1215577 0 101
1217052 0 102
1218465 0 102
1219960 0 102
1221393 0 102
1222888 0 103
1224404 0 101
1225878 0 102
1227312 0 103
1228827 0 101
1230322 0 102
1231776 0 102
1233189 0 102
1234664 0 102
1236098 0 102
1237593 0 102
1239108 0 103
1240562 0 101
1242016 0 102
1243470 0 102
1244863 0 103
1246399 0 101
1247832 0 102
1249348 0 102
1250863 0 102
1252276 0 102
1253771 0 103
1255328 0 101
1256721 0 102
1258236 0 102
1259752 0 102
1261287 0 102
1262680 0 102
1264216 0 103
1265670 0 101
1267063 0 102
1268537 0 102
1269991 0 102
1271404 0 102
1272859 0 103
1274313 0 101
1275705 0 102
1277262 0 103
1278757 0 101
1280149 0 102
1281603 0 102
1283139 0 102
1284593 0 102
1286150 0 102
1287624 0 102
1289078 0 102
1290471 0 103
1292027 0 101
1293502 0 102
1294997 0 103
1296512 0 101
1298007 0 102
1299523 0 102
1300936 0 103
1302452 0 101
1303947 0 102
1305483 0 102
1307018 0 102
1308513 0 103
1309947 0 101
1311463 0 102
1312917 0 102
1314309 0 102
1315804 0 102
1317299 0 102
1318815 0 102
1320228 0 103
1321723 0 101
1323136 0 102
1324672 0 103
1326105 0 101
1327641 0 102
1329075 0 102
1330488 0 102
1331922 0 102
1333396 0 102
1334850 0 103
1336284 0 101
1337799 0 102
1339192 0 102
1340707 0 103
1342182 0 101
1343575 0 102
1345070 0 103
1346606 0 101
1348039 0 102
1349452 0 102
1350886 0 102
1352381 0 102
1353896 0 102
1355350 0 102
1356784 0 102
1358259 0 103
1359774 0 101
1361167 0 102
1362703 0 102
1364239 0 103
1365754 0 101
1367229 0 102
1368703 0 102
1370096 0 102
1371611 0 102
1373127 0 102
1374601 0 102
1375994 0 103
1377448 0 101
1378882 0 102
1380418 0 102
1381851 0 102
1383346 0 102
1384841 0 102
1386234 0 103
1387708 0 101
1389183 0 102
1390719 0 103
1392193 0 101
1393586 0 102
1395019 0 103
1396555 0 101
1398091 0 102
1399627 0 103
1401204 0 101
1402699 0 102
1404112 0 103
1405526 0 101
1406939 0 102
1408454 0 102
1409949 0 102
1411465 0 102
1412878 0 102
1414270 0 102
1415806 0 103
1417240 0 101
1418755 0 102
1420230 0 102
1421643 0 102
1423118 0 103
1424572 0 101
1426087 0 102
1427541 0 102
1428995 0 102
1430449 0 102
1431965 0 102
1433501 0 102
1435037 0 103
1436593 0 101
1438006 0 102
1439440 0 103
1440996 0 101
1442389 0 102
1443822 0 103
1445379 0 101
1446792 0 102
1448185 0 102
1449741 0 103
1451297 0 101
1452690 0 102
1454165 0 103
1455680 0 101
1457175 0 102
1458588 0 103
1460083 0 101
1461496 0 102
1462930 0 102
1464425 0 103
1465920 0 101
1467435 0 102
1468971 0 102
1470425 0 102
1471900 0 102
1473334 0 102
1474788 0 102
1476180 0 103
1477675 0 101
1479129 0 102
1480563 0 102
1481996 0 102
1483471 0 103
1484905 0 101
1486318 0 102
1487772 0 102
1489308 0 102
1490844 0 102
1492277 0 103
1493711 0 101
1495185 0 102
1496680 0 103
1498196 0 101
1499629 0 102
1501043 0 103
1502517 0 101
1503910 0 102
1505364 0 102
1506900 0 102
1508395 0 102
1509808 0 103
1511323 0 101
1512716 0 102
1514272 0 103
1515788 0 101
1517242 0 102
1518696 0 103
1520150 0 101
1521625 0 102
1523140 0 102
1524594 0 103
1526151 0 101
1527646 0 102
1529038 0 102
1530533 0 102
1532028 0 102
1533503 0 102
1535039 0 103
1536493 0 101
1538029 0 102
1539421 0 102
1540896 0 102
1542309 0 103
1543784 0 101
1545176 0 102
1546610 0 102
1548125 0 103
1549702 0 101
1551218 0 102
1552692 0 103
1554249 0 101
1555662 0 102
1557095 0 102
1558570 0 103
1560065 0 101
1561478 0 102
1562871 0 103
1564366 0 101
1565861 0 102
1567294 0 102
1568728 0 103
1570141 0 101
1571636 0 102
1573110 0 103
1574626 0 101
1576018 0 102
1577473 0 103
1578927 0 101
1580360 0 102
1581753 0 102
1583166 0 102
1584620 0 102
1586074 0 102
1587467 0 103
1589023 0 101
1590538 0 102
1591972 0 102
1593406 0 102
1594901 0 102
1596396 0 102
1597870 0 102
1599386 0 102
1600881 0 103
1602417 0 101
1603830 0 102
1605304 0 102
1606717 0 103
1608233 0 101
1609687 0 102
1611141 0 102
1612636 0 102
1614090 0 102
1615524 0 102
1617039 0 102
1618473 0 103
1619947 0 101
1621381 0 102
1622896 0 102
1624309 0 102
1625784 0 102
1627299 0 102
1628794 0 103
1630330 0 101
1631744 0 102
1633259 0 103
1634713 0 101
1636126 0 102
1637560 0 102
1638993 0 102
1640509 0 102
1641942 0 102
1643355 0 102
1644850 0 103
1646346 0 101
1647779 0 102
1649295 0 102
1650749 0 102
1652182 0 102
1653636 0 102
1655070 0 103
1656503 0 101
1657916 0 102
1659371 0 102
1660763 0 102
1662176 0 103
1663671 0 101
1665146 0 102
1666661 0 102
1668115 0 102
1669569 0 102
1671003 0 102
1672396 0 103
1673973 0 101
1675406 0 102
1676922 0 102
1678335 0 102
1679748 0 102
1681284 0 102
1682758 0 102
1684315 0 103
1685728 0 101
1687182 0 102
1688574 0 103
1690049 0 101
1691462 0 102
1692937 0 102
1694350 0 103
1695783 0 101
1697237 0 102
1698712 0 102
1700145 0 102
1701641 0 102
1703115 0 103
1704610 0 101
1706003 0 102
1707395 0 102
1708849 0 102
1710303 0 102
1711798 0 102
1713293 0 103
1714747 0 101
1716161 0 102
1717615 0 102
1719028 0 102
1720461 0 102
1721915 0 102
1723390 0 103
1724864 0 101
1726277 0 102
1727773 0 103
1729206 0 101
1730701 0 102
1732155 0 102
1733671 0 103
1735125 0 101
1736661 0 102
1738094 0 102
1739528 0 102
1740941 0 102
1742334 0 103
1743747 0 101
1745262 0 102
1746737 0 102
1748293 0 103
1749747 0 101
1751201 0 102
1752676 0 102
1754150 0 103
1755625 0 101
1757058 0 102
1758512 0 103
1760048 0 101
1761523 0 102
1762997 0 103
1764513 0 101
1766049 0 102
1767523 0 102
1768998 0 102
1770513 0 102
1771968 0 102
1773442 0 103
1774917 0 101
1776391 0 102
2340803 0 37
2342216 0 38
2343650 0 45
2345145 0 47
2346558 0 47
2347992 0 46
2349569 0 45
2351125 0 48
2352518 0 43
2353931 0 48
2355487 0 53
2356941 0 50
2358436 0 70
2359870 0 39
2361283 0 49
2362757 0 63
2364211 0 42
2365747 0 54
2367161 0 66
2368697 0 48
2370212 0 60
2371625 0 51
2373059 0 66
2374615 0 48
2376172 0 50
2377646 0 50
2379100 0 69
2380575 0 39
2382029 0 58
2383483 0 70
2384855 0 47
2386350 0 53
2387865 0 64
2389401 0 45
2390917 0 54
2392473 0 53
2394009 0 57
2395422 0 70
2396836 0 42
2398331 0 50
2399805 0 68
2401239 0 42
2402672 0 59
2404106 0 62
2405662 0 38
2407198 0 56
2408611 0 53
2410147 0 54
2411622 0 69
2413137 0 43
2414550 0 50
2416045 0 51
2417561 0 52
2419035 0 67
2420489 0 41
2422025 0 52
2423541 0 72
2425036 0 43
2426470 0 53
2427883 0 59
2429296 0 56
2430832 0 57
2432388 0 67
2433842 0 40
2435378 0 59
2436894 0 68
2438409 0 46
2439945 0 58
2441522 0 60
2442956 0 50
2444512 0 71
2445905 0 38
2447400 0 58
2448874 0 52
2450369 0 60
2451823 0 53
2453359 0 58
2454793 0 50
2456206 0 61
2457721 0 41
2459237 0 56
2460773 0 57
2462329 0 55
2463886 0 53
2465401 0 72
2466855 0 48
2468350 0 56
2469886 0 57
2471361 0 53
2472897 0 66
2474351 0 39
2475846 0 60
2477382 0 51
2478938 0 58
2480392 0 50
2481908 0 57
2483403 0 55
2484939 0 62
2486454 0 48
2487908 0 52
2489322 0 49
2490735 0 56
2492291 0 69
2493766 0 40
2495261 0 50
2496735 0 69
2498271 0 37
2499807 0 49
2501302 0 58
2502838 0 70
2504210 0 45
2505746 0 54
2507221 0 68
2508736 0 37
2510231 0 52
2511788 0 57
2513303 0 57
2514778 0 49
2516252 0 67
2517686 0 44
2519099 0 54
2520614 0 52
2522150 0 63
2523686 0 38
2525181 0 55
2526697 0 62
2528151 0 45
2529605 0 53
2531059 0 57
2532595 0 50
2533988 0 52
2535462 0 55
2536896 0 72
2538432 0 40
2539845 0 49
2541340 0 57
2542814 0 71
2544309 0 44
2545763 0 51
2547217 0 65
2548651 0 47
2550105 0 58
2551600 0 60
2553095 0 57
2554570 0 50
2556106 0 57
2557601 0 51
2559034 0 71
2560591 0 37
2562065 0 51
2563622 0 58
2565055 0 69
2566591 0 37
2568127 0 49
2569581 0 67
2571076 0 43
2572530 0 58
2574025 0 64
2575541 0 37
2576974 0 58
2578428 0 58
2579944 0 51
2581357 0 52
2582791 0 67
2584306 0 46
2585862 0 50
2587398 0 57
2588873 0 64
2590286 0 41
2591822 0 49
2593235 0 64
2594792 0 46
2596287 0 60
2597843 0 56
2599318 0 57
2600731 0 60
2602205 0 64
2603618 0 41
2605052 0 53
2606485 0 50
2608021 0 51
2609557 0 63
2610991 0 45
2612425 0 57
2614001 0 51
2615558 0 56
2617073 0 56
2618589 0 58
2620022 0 50
2621538 0 71
2623033 0 41
2624548 0 54
2625962 0 57
2627436 0 60
2628849 0 69
2630365 0 39
2631819 0 50
2633232 0 49
2634727 0 56
2636242 0 57
2637778 0 51
2639253 0 70
2640645 0 46
2642202 0 50
2643717 0 49
2645274 0 49
2646789 0 56
2648305 0 55
2649779 0 70
2651152 0 43
2652687 0 51
2654244 0 62
2655718 0 39
2657152 0 54
2658606 0 51
2660122 0 58
2661658 0 58
2663214 0 65
2664709 0 47
2666245 0 58
2667720 0 67
2669235 0 38
2670669 0 54
2672123 0 52
2673659 0 52
2675154 0 54
2676669 0 64
2678226 0 42
2679741 0 56
2681298 0 58
2682833 0 68
2684267 0 40
2685742 0 49
2687278 0 61
2688691 0 42
2690083 0 55
2691599 0 71
2692991 0 45
2694527 0 60
2695940 0 52
2697435 0 66
2698951 0 46
2700446 0 54
2701982 0 52
2703436 0 60
2704829 0 59
2706365 0 60
2707901 0 59
2709396 0 72
2710850 0 48
2712365 0 51
2713799 0 52
2715335 0 58
2716912 0 60
2718407 0 66
2719820 0 45
2721376 0 49
2722871 0 55
2724407 0 56
2725943 0 58
2727479 0 55
2728954 0 50
2730387 0 72
2731903 0 42
2733336 0 54
2734893 0 55
2736367 0 52
2737780 0 56
2739193 0 60
2740750 0 55
2742265 0 57
2743740 0 67
2745255 0 42
2746791 0 51
2748266 0 49
2749802 0 60
2751358 0 55
2752771 0 49
2754266 0 66
2755823 0 48
2757379 0 56
2758874 0 50
2760431 0 49
2761844 0 70
2763216 0 39
2764752 0 54
2766267 0 51
2767660 0 49
2769155 0 51
2770630 0 71
2772022 0 45
2773538 0 58
2774971 0 56
2776425 0 60
2777879 0 69
2779456 0 39
2780910 0 54
2782467 0 55
2783880 0 53
2785375 0 56
2786911 0 51
2788426 0 51
2789983 0 62
2791437 0 39
2792952 0 59
2794529 0 72
2795983 0 43
2797458 0 60
2798871 0 68
2800407 0 38
2801841 0 56
2803356 0 60
2804810 0 53
2806346 0 64
2807780 0 47
2809213 0 55
2810770 0 51
2812224 0 60
2813698 0 50
2815091 0 52
2816565 0 57
2818101 0 55
2819637 0 71
2821173 0 37
2822689 0 55
2824225 0 49
2825617 0 58
2827092 0 55
2828526 0 49
2829959 0 59
2831475 0 50
2832949 0 65
2834506 0 45
2835939 0 59
2837414 0 65
2838868 0 48
2840322 0 58
2841817 0 52
2843250 0 64
2844704 0 45
2846240 0 60
2847776 0 61
2849312 0 43
2850869 0 59
2852405 0 57
2853859 0 63
2855354 0 45
2856910 0 54
2858426 0 60
2859982 0 53
2861539 0 64
2863034 0 44
2864549 0 54
2865962 0 64
2867478 0 43
2869034 0 53
2870570 0 66
2872127 0 40
2873663 0 58
2875240 0 56
2876694 0 58
2878189 0 53
2879704 0 51
2881138 0 54
2882551 0 68
2883984 0 42
2885438 0 54
2886872 0 63
2888408 0 43
2889862 0 59
2891296 0 64
2892729 0 43
2894245 0 50
2895719 0 69
2897214 0 41
2898750 0 53
2900225 0 49
2901761 0 51
2903276 0 52
2904812 0 51
2906225 0 52
2907720 0 59
2909154 0 62
2910649 0 38
2912103 0 54
2913516 0 56
2914970 0 66
2916506 0 39
2918062 0 60
2919455 0 53
2920971 0 49
2922507 0 50
2924063 0 52
2925599 0 56
2927074 0 71
2928609 0 42
2930043 0 49
2931538 0 67
2932992 0 47
2934487 0 51
2935962 0 54
2937375 0 52
2938911 0 51
2940344 0 55
2941757 0 52
2943232 0 52
2944788 0 61
2946325 0 43
2947778 0 58
2949314 0 51
2950728 0 59
2952243 0 64
2953677 0 48
2955213 0 54
2956728 0 53
2958182 0 64
2959718 0 38
2961152 0 54
2962667 0 64
2964162 0 37
2965719 0 51
2967173 0 57
2968606 0 66
2970060 0 42
2971473 0 52
2972927 0 71
2974484 0 48
2976040 0 59
2977494 0 65
2979030 0 41
2980505 0 51
2981959 0 57
2983372 0 57
2984826 0 49
2986280 0 63
2987714 0 45
2989209 0 59
2990724 0 60
2992240 0 57
2993817 0 53
2995332 0 59
2996786 0 61
2998261 0 43
2999694 0 57
3001148 0 59
3002582 0 55
3004015 0 61
3005531 0 46
3007087 0 60
3008480 0 59
3009914 0 55
3011409 0 50
3012842 0 66
3014296 0 40
3015832 0 52
3017348 0 59
3018781 0 58
3020358 0 49
3021833 0 69
3023369 0 42
3024925 0 57
3026502 0 59
3027977 0 72
3029472 0 44
3030987 0 53
3032503 0 52
3033916 0 65
3035411 0 47
3036967 0 56
3038360 0 49
3039875 0 51
3041391 0 51
3042865 0 49
3044360 0 62
3045773 0 43
3047350 0 52
3048804 0 49
3050238 0 51
3051631 0 53
3053044 0 64
3054600 0 46
3056177 0 50
3057652 0 60
3059147 0 68
3060601 0 42
3062157 0 56
3063632 0 49
3065127 0 59
3066601 0 49
3068055 0 65
3069571 0 43
3071107 0 54
3072622 0 60
3074097 0 55
3075551 0 68
3077066 0 37
3078602 0 55
3080056 0 59
3081551 0 50
3082985 0 65
3084439 0 37
3085893 0 49
3087429 0 62
3088863 0 39
3090378 0 59
3091894 0 65
3093450 0 48
3094863 0 54
3096358 0 68
3097771 0 44
3099328 0 49
3100864 0 58
3102359 0 57
3103833 0 52
3105369 0 55
3106905 0 60
3108421 0 57
3109895 0 66
3111431 0 42
3112926 0 60
3114319 0 64
3115855 0 46
3117309 0 52
3118763 0 72
3120176 0 42
3121712 0 60
3123105 0 51
3124538 0 59
3133832 0 104
3135286 0 104
3136781 0 104
3138235 0 104
3139709 0 104
3141143 0 104
3142617 0 104
3144010 0 104
3145525 0 104
3147061 0 104
3148515 0 105
3150031 0 105
3151587 0 105
3153000 0 105
3154434 0 106
3155929 0 104
3157342 0 105
3158735 0 105
3160271 0 105
3161704 0 106
3163261 0 104
3164694 0 105
3166148 0 105
3167602 0 106
3169077 0 104
3170592 0 105
3172006 0 106
3173480 0 104
3175016 0 105
3176511 0 105
3177986 0 105
3179419 0 105
3180935 0 105
3182348 0 106
3183863 0 104
3185256 0 105
3186771 0 105
3188184 0 105
3189700 0 105
3191236 0 105
3192772 0 106
3194205 0 104
3195721 0 105
3197175 0 105
3198690 0 105
3200145 0 105
3201619 0 106
3203176 0 104
3204732 0 105
3206247 0 106
3207702 0 104
3209156 0 105
3210671 0 105
3212166 0 105
3213641 0 105
3215095 0 105
3216610 0 106
3218044 0 104
3219457 0 105
3220870 0 105
3222426 0 105
3223880 0 106
3225396 0 104
3226911 0 105
3228427 0 106
3229901 0 104
3231376 0 105
3232891 0 105
3234448 0 105
3235861 0 106
3237417 0 104
3238872 0 105
3240408 0 105
3241800 0 105
3243357 0 105
3244831 0 105
3246388 0 106
3247862 0 104
3249357 0 105
3250770 0 105
3252286 0 105
3253740 0 105
3255214 0 105
3256750 0 105
3258245 0 106
3259720 0 104
3261133 0 105
3262546 0 106
3264082 0 104
3265495 0 105
3267011 0 106
3268444 0 104
3269939 0 105
3271414 0 105
3272868 0 105
3274383 0 106
3275817 0 104
3277230 0 105
3278643 0 106
3280056 0 104
3281449 0 105
3282923 0 105
3284336 0 105
3285852 0 106
3287408 0 104
3288842 0 105
3290296 0 106
3291750 0 104
3293183 0 105
3294719 0 105
3296174 0 105
3297648 0 105
3299123 0 106
3300597 0 104
3302092 0 105
3303608 0 105
3305041 0 105
3306536 0 105
3307990 0 106
3309383 0 104
3310775 0 105
3312189 0 105
3313745 0 105
3315240 0 105
3316715 0 105
3318230 0 106
3319643 0 104
3321138 0 105
3322674 0 106
3324169 0 104
3325623 0 105
3327077 0 106
3328490 0 104
3330026 0 105
3331562 0 106
3333078 0 104
3334491 0 105
3335884 0 105
3337297 0 105
3338689 0 106
3340225 0 104
3341679 0 105
3343113 0 106
3344567 0 104
3346041 0 105
3347475 0 105
3348909 0 105
3350465 0 105
3351858 0 106
3353332 0 104
3354786 0 105
3356240 0 105
3357797 0 106
3359271 0 104
3360787 0 105
3362241 0 105
3363695 0 105
3365149 0 106
3366705 0 104
3368139 0 105
3369634 0 105
3371047 0 105
3372460 0 106
3373976 0 104
3375532 0 105
3377068 0 105
3378522 0 105
3379976 0 105
3381410 0 105
3382864 0 105
3384400 0 106
3385833 0 104
3387369 0 105
3388905 0 105
3390380 0 105
3391813 0 105
3393329 0 106
3394865 0 104
3396278 0 105
3397752 0 105
3399288 0 105
3400722 0 105
3402258 0 106
3403712 0 104
3405248 0 105
3406804 0 105
3408340 0 105
3409774 0 105
3411330 0 105
3412785 0 106
3414177 0 104
3415590 0 105
3416983 0 105
3418437 0 105
3419932 0 105
3421488 0 106
3422881 0 104
3424335 0 105
3425789 0 105
3427305 0 105
3428718 0 105
3430233 0 105
3431728 0 105
3433203 0 106
3434718 0 104
3436131 0 105
3437565 0 105
3438957 0 105
3440514 0 105
3442050 0 106
3443565 0 104
3445040 0 105
3446514 0 105
3447989 0 105
3449423 0 106
3450959 0 104
3452454 0 105
3453846 0 105
3455362 0 105
3456775 0 106
3458188 0 104
3459662 0 105
3461096 0 105
3462530 0 105
3463984 0 105
3465479 0 106
3466974 0 104
3468510 0 105
3469984 0 106
3471479 0 104
3472954 0 105
3474408 0 106
3475903 0 104
3477418 0 105
3478852 0 105
3480367 0 105
3481780 0 105
3483337 0 105
3484770 0 106
3486327 0 104
3487822 0 105
3489358 0 106
3490771 0 104
3492245 0 105
3493781 0 105
3495297 0 105
3496812 0 106
3498226 0 104
3499741 0 105
3501236 0 106
3502649 0 104
3504185 0 105
3505701 0 105
3507196 0 105
3508588 0 105
3510001 0 105
3511476 0 106
3513012 0 104
3514527 0 105
3516043 0 105
3517476 0 105
3518889 0 105
3520446 0 106
3521859 0 104
3523395 0 105
3524788 0 106
3526201 0 104
3527696 0 105
3529150 0 105
3530624 0 105
3532037 0 106
3533471 0 104
3534945 0 105
3536461 0 105
3537915 0 105
3539349 0 105
3540844 0 105
3542380 0 106
3543834 0 104
3545247 0 105
3546742 0 105
3548175 0 105
3549670 0 106
3551104 0 104
3552599 0 105
3554114 0 106
3555630 0 104
3557166 0 105
3558600 0 105
3560115 0 105
3561549 0 105
3562962 0 105
3564477 0 106
3566034 0 104
3567447 0 105
3569003 0 106
3570498 0 104
3572034 0 105
3573570 0 106
3575024 0 104
3576458 0 105
3577891 0 106
3579386 0 104
3580840 0 105
3582274 0 106
3583748 0 104
3585284 0 105
3586820 0 105
3588356 0 105
3589831 0 105
3591305 0 105
3592719 0 105
3594173 0 105
3595729 0 106
3597265 0 104
3598760 0 105
3600173 0 105
3601668 0 106
3603184 0 104
3604720 0 105
3606256 0 105
3607751 0 105
3609307 0 106
3610720 0 104
3612256 0 105
3613649 0 105
3615103 0 105
3616536 0 105
3617990 0 106
3619526 0 104
3621062 0 105
3622619 0 106
3624052 0 104
3625506 0 105
3626981 0 105
3628415 0 106
3629828 0 104
3631364 0 105
3632900 0 105
3634415 0 105
3635828 0 105
3637344 0 106
3638859 0 104
3640272 0 105
3641829 0 105
3643221 0 106
3644634 0 104
3646047 0 105
3647481 0 106
3649037 0 104
3650451 0 105
3651987 0 105
3653543 0 105
3655099 0 105
3656513 0 105
3657926 0 106
3659339 0 104
3660752 0 105
3662144 0 105
3663619 0 105
3665073 0 105
3666630 0 105
3668104 0 106
3669660 0 104
3671074 0 105
3672528 0 105
3673941 0 105
3675415 0 106
3676910 0 104
3678323 0 105
3679798 0 105
3681334 0 105
3682747 0 105
3684181 0 105
3685676 0 106
3687212 0 104
3688748 0 105
3690202 0 106
3691676 0 104
3693151 0 105
3694707 0 106
3696161 0 104
3697677 0 105
3699172 0 105
3700626 0 105
3702141 0 105
3703657 0 106
3705213 0 104
3706626 0 105
3708039 0 105
3709555 0 106
3710968 0 104
3712422 0 105
3713937 0 106
3715453 0 104
3716887 0 105
3718341 0 105
3719836 0 105
3721228 0 105
3722744 0 106
3724177 0 104
3725713 0 105
3727208 0 105
3728724 0 105
3730239 0 106
3731775 0 104
3733311 0 105
3734806 0 105
3736240 0 106
3737755 0 104
3739148 0 105
3740684 0 105
3742179 0 106
3743715 0 104
3745230 0 105
3746766 0 105
3748323 0 105
3749736 0 105
3751169 0 106
3752562 0 104
3753975 0 105
3755511 0 105
3757047 0 105
3758501 0 105
3759935 0 105
3761491 0 105
3762986 0 105
3764481 0 106
3765956 0 104
3767389 0 105
3768843 0 105
3770359 0 106
3771833 0 104
3773349 0 105
3774803 0 105
3776359 0 105
3777813 0 105
3779349 0 105
3780885 0 106
3782360 0 104
3783814 0 105
3785268 0 106
3786702 0 104
3788176 0 105
3789671 0 106
3791207 0 104
3792723 0 105
3794156 0 106
3795631 0 104
3797044 0 105
3798559 0 105
3800034 0 105
3801426 0 106
3802901 0 104
3804396 0 105
3805891 0 105
3807447 0 105
3808881 0 105
3810274 0 105
3811810 0 105
3813264 0 105
3814738 0 106
3816192 0 104
3817646 0 105
3819100 0 105
3820534 0 106
3822070 0 104
3823544 0 105
3825019 0 105
3826432 0 106
3827866 0 104
3829299 0 105
3830835 0 106
3832330 0 104
3833743 0 105
3835218 0 106
3836692 0 104
3838146 0 105
3839641 0 105
3841095 0 105
3842570 0 105
3844065 0 105
3845621 0 106
3847055 0 104
3848550 0 105
3850107 0 105
3851663 0 105
3853097 0 105
3854510 0 105
3855923 0 106
3857438 0 104
3858913 0 105
3860326 0 106
3861739 0 104
3863193 0 105
3864606 0 105
3866081 0 105
3867535 0 105
3869030 0 105
3870504 0 106
3872040 0 104
3873474 0 105
3874969 0 106
3876505 0 104
3878041 0 105
3879577 0 105
3881113 0 106
3882587 0 104
3884123 0 105
3885659 0 105
3887154 0 105
3888547 0 106
3890001 0 104
