58587 0 6
60082 0 4
61557 0 10
63052 0 3
64567 0 9
65980 0 12
67496 0 9
69011 0 6
70465 0 4
71858 0 1
73374 0 23
74869 0 15
76261 0 21
77736 0 24
79190 0 24
80746 0 30
82221 0 5
83613 0 22
85067 0 22
86501 0 26
87873 0 2
89286 0 21
90740 0 19
92194 0 25
93648 0 1
95082 0 16
96495 0 18
97929 0 13
99362 0 15
100919 0 21
102373 0 26
103909 0 5
105383 0 21
106817 0 13
108230 0 22
109807 0 19
111384 0 34
112756 0 9
114333 0 17
115766 0 28
117282 0 12
118818 0 13
120210 0 22
121746 0 24
123160 0 20
124655 0 22
126088 0 15
127604 0 36
129160 0 9
130614 0 19
132068 0 23
133502 0 18
135017 0 13
136471 0 22
138028 0 20
139543 0 19
141079 0 36
142595 0 1
144131 0 14
145564 0 29
146977 0 6
148493 0 13
150029 0 16
151462 0 20
152896 0 17
154309 0 30
155661 0 1
157094 0 16
158507 0 33
160064 0 6
161497 0 18
162992 0 20
164467 0 14
165880 0 15
167334 0 16
168768 0 25
170222 0 12
171614 0 18
173048 0 18
174543 0 20
176140 0 30
177615 0 11
179028 0 24
180523 0 15
181916 0 23
183411 0 13
184844 0 36
186360 0 7
187855 0 19
189288 0 20
190886 0 22
192360 0 21
193937 0 18
195412 0 22
196886 0 24
198340 0 28
199835 0 6
201330 0 14
202744 0 13
204218 0 25
205774 0 8
207208 0 13
208703 0 16
210178 0 31
211611 0 8
213168 0 18
214663 0 14
216137 0 19
217653 0 15
219086 0 33
220663 0 1
222056 0 16
223448 0 22
224943 0 19
226377 0 21
227933 0 13
229469 0 17
230964 0 29
232377 0 7
233811 0 23
235265 0 21
236801 0 14
238214 0 32
239627 0 4
240999 0 16
242515 0 24
243989 0 13
245505 0 25
246959 0 4
248372 0 14
249826 0 31
251301 0 2
252755 0 14
254229 0 19
255786 0 14
257199 0 18
258632 0 19
260168 0 35
261725 0 6
263302 0 22
264858 0 35
266271 0 11
267684 0 21
269179 0 27
270715 0 4
272169 0 19
273603 0 30
275078 0 10
276613 0 17
278047 0 24
279542 0 35
280935 0 12
282327 0 14
283761 0 36
285317 0 11
286792 0 19
288287 0 28
289782 0 3
291215 0 15
292690 0 15
294165 0 17
295598 0 30
296950 0 7
298465 0 21
299981 0 21
301558 0 13
302971 0 16
304384 0 16
305756 0 28
307169 0 3
308623 0 23
310077 0 14
311531 0 35
312965 0 12
314358 0 22
315791 0 17
317327 0 24
318863 0 14
320256 0 18
321710 0 17
323246 0 32
324782 0 3
326174 0 22
327608 0 29
329021 0 7
330577 0 17
331990 0 16
333363 0 16
334858 0 24
336271 0 35
337684 0 5
339199 0 13
340694 0 24
342189 0 27
343664 0 11
345200 0 24
346654 0 31
348210 0 5
349603 0 20
351180 0 36
352736 0 7
354272 0 21
355747 0 13
357139 0 18
358655 0 27
360191 0 12
361727 0 21
363181 0 13
364594 0 21
366089 0 14
367584 0 32
368997 0 2
370410 0 16
371905 0 17
373441 0 22
374875 0 19
376411 0 33
377844 0 3
379278 0 13
380691 0 21
382268 0 19
383783 0 27
385299 0 7
386855 0 22
388391 0 27
389804 0 1
391197 0 16
392672 0 35
394208 0 9
395703 0 18
397198 0 27
398611 0 1
400106 0 19
401683 0 20
403157 0 17
404550 0 13
405942 0 32
407356 0 6
408830 0 20
410346 0 32
411882 0 8
413417 0 20
414953 0 30
416367 0 5
417882 0 22
419316 0 14
420831 0 23
422265 0 19
423698 0 18
425193 0 30
426565 0 11
428122 0 18
429617 0 32
431030 0 12
432464 0 15
433938 0 24
435474 0 14
436990 0 13
438464 0 14
439836 0 28
441331 0 8
442765 0 16
444157 0 19
445673 0 35
447209 0 1
448683 0 22
450260 0 35
451755 0 1
453148 0 22
454582 0 20
456036 0 15
457510 0 16
458882 0 14
460336 0 21
461811 0 20
463265 0 28
464739 0 11
466194 0 17
467750 0 32
469245 0 8
470740 0 17
472153 0 23
473546 0 14
475000 0 22
476556 0 22
478092 0 21
479669 0 31
481164 0 10
482721 0 18
484216 0 33
485772 0 7
487329 0 13
488721 0 19
490257 0 13
491670 0 16
493145 0 21
494578 0 29
496012 0 8
497507 0 23
499022 0 26
500415 0 4
501828 0 23
503344 0 21
504818 0 22
506293 0 18
507747 0 13
509283 0 16
510655 0 29
512191 0 6
513645 0 19
515201 0 22
516737 0 20
518253 0 18
519707 0 28
521181 0 5
522738 0 16
524171 0 21
525646 0 18
527120 0 17
528615 0 20
530110 0 32
531606 0 4
532998 0 18
534411 0 34
535886 0 3
537442 0 13
538835 0 17
540371 0 20
541907 0 19
543402 0 23
544958 0 35
546412 0 2
547866 0 23
549402 0 25
550959 0 8
552515 0 19
553990 0 15
555464 0 14
556877 0 22
558413 0 18
559826 0 29
561240 0 5
562735 0 20
564209 0 20
565786 0 14
567261 0 22
568756 0 29
570148 0 12
571623 0 16
573138 0 25
574613 0 2
576108 0 18
577562 0 19
579057 0 17
580531 0 17
582026 0 18
583439 0 13
584934 0 13
586491 0 36
587966 0 2
589440 0 19
590853 0 23
592266 0 16
593700 0 32
595113 0 1
596567 0 16
598082 0 22
599618 0 14
601052 0 18
602486 0 34
603899 0 8
605353 0 22
606889 0 21
608425 0 20
609981 0 19
611497 0 35
612951 0 12
614425 0 19
615900 0 15
617374 0 22
618808 0 28
620241 0 12
621634 0 17
623027 0 21
624522 0 24
626058 0 23
627553 0 29
629007 0 10
630522 0 18
632079 0 31
633594 0 4
635007 0 15
636482 0 20
637997 0 22
639533 0 23
640967 0 31
642462 0 12
643875 0 18
645288 0 14
646681 0 21
648176 0 17
649609 0 25
651166 0 9
652599 0 14
654053 0 22
655589 0 21
657023 0 14
658477 0 29
659931 0 2
661385 0 19
662921 0 23
664416 0 20
665870 0 25
667386 0 10
668922 0 19
670376 0 24
671912 0 14
673407 0 14
674902 0 16
676356 0 29
677769 0 10
679264 0 23
680677 0 20
682131 0 19
683544 0 13
684937 0 14
686350 0 27
687783 0 2
689258 0 20
690712 0 36
692166 0 2
693661 0 23
695074 0 27
696549 0 7
698064 0 13
699457 0 28
701013 0 10
702508 0 24
704003 0 14
705498 0 21
706973 0 15
708529 0 22
710045 0 21
711519 0 34
712973 0 10
714550 0 22
716025 0 19
717581 0 23
719097 0 18
720592 0 17
722025 0 27
723418 0 7
724933 0 23
726387 0 34
727821 0 12
729275 0 16
730688 0 35
732101 0 10
733637 0 22
735173 0 14
736586 0 18
737999 0 14
739474 0 35
740989 0 10
742423 0 13
743816 0 28
745290 0 2
746785 0 23
748260 0 19
749755 0 18
751250 0 15
752724 0 32
754178 0 11
755612 0 21
757107 0 15
758663 0 14
760199 0 21
761735 0 22
763271 0 20
764787 0 35
766261 0 6
767777 0 16
769292 0 31
770746 0 6
772241 0 18
773818 0 13
775272 0 21
776726 0 17
778160 0 32
779573 0 3
780986 0 17
782399 0 15
783894 0 17
785430 0 31
786966 0 5
788379 0 24
789833 0 35
791267 0 4
792762 0 19
794175 0 21
795650 0 17
797165 0 14
798640 0 24
800155 0 29
801691 0 9
803247 0 20
804702 0 24
806135 0 13
807610 0 31
809043 0 8
810579 0 14
811972 0 27
813426 0 6
814859 0 13
816252 0 23
817747 0 14
819160 0 29
820655 0 4
822171 0 19
823727 0 29
825243 0 5
826758 0 19
828315 0 15
829748 0 14
831141 0 26
832677 0 10
834213 0 13
835667 0 27
837080 0 10
838657 0 23
840090 0 18
841647 0 16
843060 0 17
844596 0 27
846070 0 8
847545 0 17
848958 0 24
850514 0 28
851907 0 3
853423 0 14
854938 0 20
856474 0 18
857969 0 31
859444 0 12
860836 0 22
862393 0 17
863806 0 13
865219 0 27
866734 0 6
868291 0 18
869765 0 26
871260 0 4
872653 0 16
874168 0 35
875643 0 12
877159 0 15
878551 0 34
880005 0 1
881398 0 23
882934 0 15
884388 0 22
885821 0 22
887234 0 32
888689 0 1
890163 0 14
891617 0 30
893051 0 7
894607 0 24
896000 0 20
897495 0 19
898949 0 33
900382 0 3
901857 0 23
903311 0 32
904704 0 4
906178 0 19
907714 0 20
909148 0 21
910581 0 15
912056 0 21
913592 0 23
915087 0 13
916582 0 36
917995 0 3
919490 0 18
920985 0 22
922500 0 34
923914 0 9
925327 0 22
926863 0 29
928378 0 7
929914 0 13
931307 0 17
932843 0 30
934256 0 10
935771 0 14
937184 0 14
938618 0 23
940113 0 19
941608 0 32
943062 0 2
944537 0 15
946032 0 23
947547 0 19
948981 0 15
950517 0 13
951950 0 15
953404 0 26
954817 0 5
956312 0 20
1091654 0 101
1093170 0 101
1094583 0 101
1095996 0 101
1097429 0 101
1098945 0 101
1100460 0 101
1101955 0 101
1103389 0 101
1104863 0 101
1106297 0 102
1107751 0 102
1109205 0 102
1110721 0 102
1112216 0 102
1113649 0 102
1115042 0 102
1116578 0 103
1117991 0 101
1119424 0 102
1120879 0 102
1122312 0 102
1123746 0 102
1125282 0 102
1126715 0 102
1128251 0 102
1129787 0 103
1131200 0 101
1132695 0 102
1134170 0 102
1135706 0 102
1137180 0 102
1138614 0 102
1140129 0 103
1141563 0 101
1142997 0 102
1144512 0 102
1146028 0 102
1147461 0 103
1149018 0 101
1150472 0 102
1151885 0 102
1153318 0 102
1154793 0 102
1156226 0 102
1157701 0 102
1159257 0 103
1160834 0 101
1162350 0 102
1163783 0 103
1165217 0 101
1166753 0 102
1168268 0 102
1169722 0 102
1171238 0 102
1172631 0 102
1174044 0 103
1175539 0 101
1177034 0 102
1178467 0 102
1179921 0 103
1181375 0 101
1182768 0 102
1184222 0 102
1185779 0 103
1187274 0 101
1188809 0 102
1190366 0 103
1191922 0 101
1193417 0 102
1194892 0 102
1196305 0 102
1197780 0 103
1199275 0 101
1200688 0 102
1202183 0 102
1203616 0 102
1205111 0 102
1206565 0 102
1208122 0 102
1209637 0 102
1211153 0 103
1212627 0 101
1214061 0 102
1215556 0 102
1216989 0 102
1218484 0 102
1219918 0 102
1221434 0 102
1222826 0 103
1224301 0 101
1225734 0 102
1227209 0 103
1228663 0 101
1230117 0 102
1231653 0 102
1233086 0 103
1234622 0 101
1236015 0 102
1237490 0 102
1238964 0 102
1240418 0 102
1241811 0 102
1243367 0 103
1244821 0 101
1246337 0 102
1247729 0 103
1249286 0 101
1250781 0 102
1252174 0 102
1253628 0 103
1255061 0 101
1256618 0 102
1258051 0 102
1259505 0 102
1260898 0 103
1262454 0 101
1263867 0 102
1265281 0 102
1266694 0 102
1268168 0 102
1269684 0 102
1271220 0 102
1272735 0 102
1274128 0 103
1275643 0 101
1277097 0 102
1278510 0 102
1280005 0 102
1281439 0 102
1282832 0 103
1284286 0 101
1285760 0 102
1287173 0 102
1288648 0 102
1290040 0 102
1291453 0 102
1292928 0 102
1294382 0 103
1295918 0 101
1297311 0 102
1298826 0 103
1300280 0 101
1301673 0 102
1303086 0 102
1304601 0 103
1306158 0 101
1307653 0 102
1309107 0 102
1310643 0 102
1312076 0 102
1313510 0 103
1315026 0 101
1316439 0 102
1317893 0 102
1319306 0 102
1320719 0 102
1322255 0 102
1323647 0 102
1325163 0 103
1326740 0 101
1328194 0 102
1329730 0 103
1331307 0 101
1332720 0 102
1334174 0 102
1335608 0 102
1337144 0 102
1338639 0 103
1340175 0 101
1341567 0 102
1342980 0 102
1344393 0 102
1345868 0 103
1347383 0 101
1348817 0 102
1350353 0 102
1351786 0 102
1353282 0 102
1354736 0 102
1356292 0 103
1357705 0 101
1359118 0 102
1360531 0 102
1361965 0 103
1363419 0 101
1364934 0 102
1366470 0 102
1367965 0 103
1369522 0 101
1371017 0 102
1372532 0 102
1373945 0 102
1375400 0 102
1376935 0 103
1378369 0 101
1379803 0 102
1381359 0 103
1382854 0 101
1384349 0 102
1385762 0 102
1387216 0 102
1388629 0 103
1390165 0 101
1391619 0 102
1393176 0 102
1394630 0 102
1396023 0 102
1397477 0 102
1398890 0 103
1400385 0 101
1401900 0 102
1403395 0 103
1404829 0 101
1406221 0 102
1407634 0 102
1409109 0 103
1410563 0 101
1412017 0 102
1413492 0 103
1415028 0 101
1416461 0 102
1417956 0 103
1419451 0 101
1420905 0 102
1422318 0 102
1423731 0 102
1425124 0 102
1426517 0 103
1428073 0 101
1429568 0 102
1430981 0 102
1432415 0 102
1433828 0 102
1435323 0 102
1436838 0 103
1438292 0 101
1439747 0 102
1441242 0 102
1442778 0 102
1444191 0 102
1445583 0 102
1447037 0 103
1448512 0 101
1450048 0 102
1451481 0 102
1452997 0 102
1454471 0 102
1456007 0 102
1457502 0 102
1458936 0 103
1460390 0 101
1461926 0 102
1463401 0 103
1464957 0 101
1466472 0 102
1467967 0 103
1469401 0 101
1470917 0 102
1472453 0 102
1473989 0 102
1475402 0 102
1476938 0 102
1478351 0 102
1479743 0 103
1481238 0 101
1482631 0 102
1484187 0 103
1485703 0 101
1487239 0 102
1488754 0 102
1490188 0 102
1491703 0 102
1493117 0 102
1494550 0 103
1496025 0 101
1497479 0 102
1499015 0 103
1500510 0 101
1501964 0 102
1503377 0 102
1504790 0 102
1506285 0 102
1507821 0 103
1509254 0 101
1510770 0 102
1512306 0 103
1513842 0 101
1515337 0 102
1516852 0 102
1518306 0 102
1519740 0 102
1521235 0 103
1522710 0 101
1524102 0 102
1525556 0 102
1526990 0 102
1528403 0 102
1529796 0 103
1531352 0 101
1532827 0 102
1534362 0 102
1535898 0 102
1537455 0 102
1538909 0 103
1540404 0 101
1541879 0 102
1543292 0 103
1544705 0 101
1546138 0 102
1547551 0 102
1549087 0 103
1550603 0 101
1552098 0 102
1553511 0 103
1554945 0 101
1556378 0 102
1557873 0 103
1559409 0 101
1560822 0 102
1562256 0 103
1563710 0 101
1565102 0 102
1566516 0 102
1568031 0 103
1569465 0 101
1571001 0 102
1572496 0 102
1574032 0 103
1575445 0 101
1576940 0 102
1578373 0 102
1579889 0 102
1581384 0 102
1582797 0 102
1584292 0 102
1585684 0 103
1587200 0 101
1588715 0 102
1590251 0 102
1591644 0 102
1593180 0 102
1594696 0 103
1596150 0 101
1597604 0 102
1599099 0 102
1600573 0 102
1602027 0 102
1603563 0 103
1604997 0 101
1606512 0 102
1607946 0 103
1609482 0 101
1610956 0 102
1612431 0 102
1613864 0 102
1615278 0 102
1616752 0 102
1618186 0 103
1619722 0 101
1621237 0 102
1622650 0 102
1624186 0 102
1625702 0 103
1627258 0 101
1628733 0 102
1630166 0 103
1631723 0 101
1633156 0 102
1634590 0 103
1636044 0 101
1637498 0 102
1639034 0 103
1640447 0 101
1641901 0 102
1643314 0 103
1644830 0 101
1646263 0 102
1647717 0 102
1649171 0 102
1650687 0 103
1652161 0 101
1653697 0 102
1655233 0 102
1656708 0 103
1658121 0 101
1659677 0 102
1661172 0 103
1662647 0 101
1664162 0 102
1665555 0 102
1666989 0 102
1668422 0 102
1669835 0 102
1671228 0 102
1672764 0 102
1674238 0 103
1675713 0 101
1677228 0 102
1678642 0 102
1680157 0 102
1681550 0 102
1683045 0 102
1684437 0 103
1685912 0 101
1687448 0 102
1688984 0 102
1690417 0 102
1691871 0 102
1693305 0 102
1694759 0 103
1696193 0 101
1697647 0 102
1699183 0 103
1700657 0 101
1702111 0 102
1703565 0 102
1705101 0 102
1706514 0 102
1707907 0 102
1709382 0 102
1710897 0 103
1712310 0 101
1713846 0 102
1715382 0 102
1716918 0 102
1718413 0 103
1719867 0 101
1721280 0 102
1722796 0 102
1724291 0 103
1725806 0 101
1727260 0 102
1728735 0 103
1730271 0 101
1731745 0 102
1733220 0 102
1734612 0 102
1736087 0 102
1737561 0 103
1739118 0 101
1740511 0 102
1742006 0 103
1743419 0 101
1744934 0 102
1746470 0 102
1747986 0 103
1749440 0 101
1750853 0 102
1752389 0 103
1753904 0 101
1755358 0 102
1756853 0 103
1758410 0 101
1759925 0 102
1761461 0 102
1762997 0 102
1764533 0 102
1765967 0 102
1767441 0 102
1768916 0 103
1770390 0 101
1771865 0 102
1773339 0 102
1774855 0 102
1776268 0 103
1777722 0 101
1779258 0 102
1780753 0 102
1782269 0 102
1783764 0 102
1785320 0 102
1786856 0 103
1788331 0 101
1789805 0 102
1791341 0 102
1792816 0 102
1794270 0 102
1795785 0 103
1797219 0 101
1798673 0 102
1800086 0 102
1801519 0 103
1803055 0 101
1804550 0 102
1806066 0 102
1807520 0 102
1808954 0 103
1810449 0 101
1811882 0 102
1813357 0 103
1814770 0 101
1816224 0 102
1817719 0 103
1819152 0 101
1820627 0 102
1822163 0 102
1823637 0 102
1825132 0 102
1826566 0 102
1828000 0 102
1829495 0 102
1831010 0 103
1832526 0 101
1834021 0 102
1835413 0 102
1836888 0 102
1838444 0 103
1839960 0 101
1841393 0 102
1842868 0 102
1844281 0 102
1845755 0 102
1847189 0 102
1848725 0 103
1850281 0 101
1851776 0 102
1853251 0 103
1854746 0 101
1856241 0 102
1857675 0 102
1859211 0 102
1860644 0 102
1862160 0 103
1863614 0 101
1865109 0 102
1866583 0 102
1868119 0 102
1869553 0 102
1871068 0 103
1872645 0 101
1874161 0 102
1875553 0 103
1877048 0 101
1878482 0 102
1879895 0 103
1881349 0 101
1882885 0 102
1884401 0 102
1885855 0 103
1887309 0 101
1888722 0 102
1890258 0 102
1891712 0 102
1893248 0 102
1894702 0 103
1896115 0 101
1897528 0 102
1899003 0 103
1900498 0 101
1901952 0 102
1903365 0 103
1904921 0 101
1906355 0 102
1907870 0 103
1909386 0 101
1910778 0 102
1912273 0 102
1913789 0 102
1915243 0 102
1916717 0 102
1918212 0 102
1919646 0 103
1921121 0 101
1922534 0 102
1924029 0 102
1925442 0 102
1926978 0 102
1928432 0 103
1929906 0 101
1931422 0 102
1932814 0 103
1934227 0 101
1935661 0 102
1937197 0 102
1938672 0 103
1940187 0 101
1941600 0 102
1943095 0 103
1944549 0 101
1945962 0 102
1947457 0 102
1948850 0 102
1950304 0 102
1951799 0 103
1953335 0 101
1954810 0 102
1956223 0 103
1957677 0 101
1959233 0 102
1960667 0 102
1962162 0 102
1963677 0 103
1965090 0 101
1966565 0 102
1967957 0 102
1969493 0 102
1970988 0 103
1972463 0 101
1973999 0 102
1975474 0 103
1976968 0 101
1978443 0 102
1979856 0 102
1981269 0 102
1982682 0 102
1984177 0 102
1985713 0 103
1987147 0 101
1988642 0 102
2201442 0 46
2202855 0 38
2204330 0 48
2205804 0 44
2207197 0 45
2208630 0 41
2210146 0 48
2211559 0 41
2212992 0 38
2214487 0 42
2216023 0 50
2217580 0 53
2219116 0 72
2220508 0 47
2222044 0 53
2223560 0 68
2224973 0 38
2226489 0 50
2227963 0 57
2229479 0 50
2231015 0 51
2232489 0 58
2234066 0 67
2235459 0 41
2237015 0 58
2238592 0 59
2240026 0 52
2241562 0 72
2243057 0 42
2244593 0 52
2246088 0 54
2247501 0 49
2248914 0 61
2250470 0 43
2252006 0 58
2253583 0 59
2255119 0 53
2256676 0 59
2258211 0 49
2259727 0 57
2261263 0 70
2262758 0 43
2264212 0 57
2265687 0 53
2267120 0 58
2268636 0 53
2270151 0 56
2271564 0 59
2273018 0 71
2274554 0 43
2276090 0 54
2277606 0 55
2279162 0 53
2280616 0 51
2282050 0 50
2283524 0 61
2285060 0 40
2286535 0 50
2287969 0 58
2289463 0 56
2290979 0 53
2292494 0 58
2293969 0 61
2295423 0 37
2296959 0 51
2298434 0 60
2299929 0 49
2301383 0 58
2302857 0 64
2304291 0 37
2305745 0 52
2307199 0 70
2308694 0 37
2310148 0 53
2311704 0 51
2313199 0 72
2314715 0 45
2316251 0 60
2317746 0 53
2319200 0 51
2320715 0 50
2322190 0 59
2323664 0 59
2325139 0 65
2326695 0 45
2328272 0 59
2329706 0 66
2331201 0 45
2332614 0 59
2334027 0 54
2335481 0 53
2336935 0 67
2338451 0 41
2339884 0 51
2341359 0 63
2342854 0 48
2344349 0 59
2345905 0 69
2347400 0 45
2348977 0 60
2350431 0 68
2351988 0 42
2353483 0 60
2354916 0 61
2356370 0 38
2357825 0 53
2359340 0 51
2360876 0 55
2362391 0 64
2363825 0 37
2365238 0 49
2366774 0 61
2368208 0 39
2369662 0 56
2371198 0 51
2372611 0 57
2374126 0 50
2375621 0 51
2377178 0 61
2378632 0 41
2380045 0 60
2381601 0 69
2383076 0 38
2384530 0 50
2385964 0 53
2387479 0 55
2388913 0 49
2390408 0 60
2391944 0 72
2393398 0 38
2394893 0 50
2396449 0 60
2397862 0 55
2399296 0 71
2400709 0 40
2402265 0 57
2403719 0 53
2405235 0 54
2406648 0 56
2408225 0 52
2409720 0 66
2411153 0 40
2412669 0 54
2414225 0 64
2415720 0 39
2417215 0 52
2418751 0 72
2420165 0 37
2421619 0 53
2423134 0 55
2424609 0 58
2426145 0 50
2427578 0 53
2429094 0 55
2430650 0 49
2432125 0 71
2433661 0 48
2435074 0 54
2436507 0 54
2437920 0 52
2439436 0 53
2440992 0 69
2442508 0 38
2444023 0 56
2445498 0 56
2447034 0 56
2448488 0 52
2450003 0 61
2451539 0 38
2453014 0 58
2454570 0 50
2456004 0 56
2457519 0 54
2459014 0 50
2460550 0 54
2462066 0 69
2463561 0 46
2465035 0 56
2466592 0 57
2468169 0 69
2469582 0 37
2471118 0 51
2472654 0 53
2474190 0 49
2475623 0 52
2477159 0 68
2478655 0 47
2480067 0 50
2481583 0 50
2483058 0 52
2484532 0 59
2486068 0 57
2487604 0 59
2489079 0 66
2490553 0 43
2492007 0 59
2493543 0 49
2494977 0 62
2496390 0 41
2497926 0 58
2499503 0 51
2500998 0 54
2502390 0 54
2503844 0 58
2505298 0 65
2506773 0 43
2508268 0 50
2509742 0 55
2511237 0 65
2512732 0 46
2514166 0 56
2515723 0 55
2517156 0 65
2518651 0 46
2520167 0 53
2521682 0 64
2523095 0 47
2524508 0 60
2525962 0 60
2527396 0 64
2528870 0 45
2530447 0 53
2532004 0 63
2533540 0 45
2535096 0 55
2536530 0 50
2538004 0 59
2539520 0 55
2541015 0 55
2542469 0 60
2543902 0 65
2545316 0 48
2546770 0 60
2548244 0 59
2549678 0 54
2551214 0 55
2552709 0 58
2554286 0 66
2555740 0 43
2557153 0 55
2558627 0 70
2559999 0 41
2561413 0 55
2562867 0 51
2564341 0 52
2565877 0 58
2567311 0 66
2568744 0 44
2570280 0 58
2571837 0 49
2573311 0 57
2574847 0 54
2576342 0 56
2577878 0 66
2579353 0 40
2580766 0 59
2582179 0 51
2583735 0 58
2585210 0 52
2586623 0 60
2588098 0 62
2589552 0 38
2591026 0 52
2592460 0 61
2593893 0 45
2595368 0 49
2596904 0 55
2598378 0 57
2599914 0 51
2601307 0 56
2602761 0 69
2604256 0 39
2605690 0 55
2607123 0 62
2608618 0 46
2610134 0 50
2611608 0 56
2613062 0 56
2614578 0 51
2616073 0 61
2617609 0 45
2619042 0 55
2620517 0 61
2621971 0 46
2623527 0 50
2624941 0 65
2626497 0 45
2627971 0 49
2629507 0 52
2631043 0 51
2632477 0 51
2633890 0 55
2635365 0 67
2636880 0 44
2638293 0 56
2639768 0 55
2641242 0 60
2642758 0 64
2644212 0 47
2645645 0 49
2647099 0 59
2648635 0 64
2650069 0 43
2651503 0 51
2652916 0 66
2654329 0 37
2655885 0 59
2657401 0 54
2658957 0 51
2660493 0 68
2662029 0 42
2663463 0 58
2665040 0 53
2666494 0 64
2667907 0 40
2669422 0 51
2670979 0 65
2672453 0 48
2673928 0 50
2675443 0 52
2676918 0 54
2678433 0 59
2679969 0 53
2681423 0 54
2682918 0 67
2684393 0 44
2685826 0 54
2687240 0 55
2688796 0 58
2690373 0 53
2691868 0 70
2693301 0 38
2694776 0 57
2696189 0 69
2697746 0 38
2699159 0 55
2700674 0 59
2702231 0 51
2703746 0 64
2705262 0 44
2706777 0 51
2708293 0 53
2709808 0 58
2711344 0 51
2712860 0 55
2714314 0 65
2715727 0 45
2717304 0 60
2718717 0 51
2720253 0 55
2721727 0 64
2723284 0 43
2724758 0 54
2726171 0 70
2727584 0 40
2729059 0 54
2730533 0 66
2731947 0 37
2733401 0 53
2734814 0 51
2736370 0 54
2737763 0 65
2739319 0 43
2740794 0 50
2742207 0 59
2743702 0 54
2745197 0 62
2746610 0 40
2748166 0 50
2749702 0 60
2751197 0 51
2752672 0 59
2754228 0 59
2755785 0 52
2757218 0 70
2758734 0 41
2760208 0 51
2761765 0 53
2763198 0 70
2764714 0 42
2766148 0 51
2767622 0 71
2769015 0 48
2770530 0 56
2771964 0 53
2773438 0 49
2774892 0 60
2776326 0 52
2777780 0 70
2779255 0 40
2780709 0 53
2782122 0 61
2783637 0 48
2785030 0 52
2786484 0 56
2787917 0 56
2789351 0 53
2790805 0 54
2792239 0 59
2793795 0 63
2795311 0 48
2796826 0 55
2798280 0 69
2799755 0 38
2801311 0 53
2802786 0 71
2804281 0 40
2805776 0 59
2807230 0 68
2808643 0 45
2810117 0 52
2811530 0 51
2813025 0 57
2814561 0 65
2816036 0 38
2817572 0 56
2819067 0 58
2820541 0 51
2822057 0 56
2823532 0 69
2825067 0 47
2826583 0 49
2827996 0 57
2829491 0 71
2830986 0 37
2832420 0 58
2833956 0 63
2835369 0 41
2836884 0 53
2838400 0 49
2839792 0 57
2841246 0 54
2842680 0 70
2844073 0 37
2845506 0 53
2847001 0 53
2848455 0 62
2849889 0 37
2851302 0 57
2852838 0 60
2854374 0 61
2855910 0 47
2857405 0 55
2858900 0 61
2860374 0 39
2861910 0 54
2863446 0 68
2864941 0 45
2866436 0 54
2867849 0 55
2869263 0 55
2870758 0 50
2872253 0 52
2873748 0 51
2875243 0 62
2876758 0 42
2878233 0 54
2879728 0 56
2881264 0 51
2882677 0 56
2884110 0 71
2885605 0 41
2887080 0 58
2888595 0 57
2890111 0 66
2891544 0 41
2892978 0 55
2894412 0 72
2895907 0 43
2897361 0 60
2898897 0 70
2900310 0 43
2901743 0 49
2903218 0 54
2904713 0 51
2906208 0 50
2907723 0 65
2909157 0 43
2910652 0 57
2912106 0 58
2913540 0 58
2915117 0 55
2916591 0 53
2918127 0 62
2919622 0 48
2921056 0 52
2922592 0 65
2924107 0 44
2925561 0 52
2927077 0 50
2928531 0 59
2929944 0 53
2931459 0 52
2933016 0 69
2934511 0 45
2935965 0 53
2937378 0 49
2938934 0 49
2940429 0 58
2941863 0 61
2943358 0 39
2944771 0 50
2946307 0 65
2947863 0 39
2949379 0 55
2950833 0 49
2952389 0 50
2953823 0 69
2955379 0 46
2956854 0 52
2958267 0 53
2959783 0 53
2961319 0 65
2962773 0 40
2964268 0 56
2965681 0 71
2967196 0 47
2968609 0 60
2970043 0 67
2971558 0 40
2973094 0 49
2974507 0 52
2976064 0 49
2977518 0 68
2978972 0 39
2980406 0 58
2981901 0 54
2983293 0 57
2984850 0 51
2986345 0 60
2987860 0 65
2989294 0 44
2990830 0 57
2992386 0 53
2993943 0 59
2995458 0 49
2996871 0 56
2998407 0 65
2999882 0 40
3001315 0 58
3002872 0 59
3004428 0 52
3005964 0 57
3007439 0 66
3008852 0 39
3010388 0 55
3011801 0 57
3013296 0 58
3014791 0 58
3016265 0 51
3017699 0 61
3019235 0 46
3020689 0 57
3022123 0 55
3023638 0 59
3025051 0 68
3026567 0 43
3028062 0 53
3029475 0 59
3030888 0 55
3032383 0 72
3033816 0 41
3035373 0 56
3036827 0 58
3038404 0 72
3039858 0 43
3041373 0 58
3042828 0 50
3044323 0 54
3045838 0 61
3047272 0 42
3048808 0 55
3050323 0 52
3051818 0 52
3053313 0 67
3054849 0 38
3056303 0 56
3057798 0 49
3059252 0 54
3060768 0 54
3062283 0 57
3063799 0 62
3065232 0 43
3066707 0 59
3068120 0 57
3069553 0 55
3071089 0 72
3072584 0 46
3074018 0 60
3075472 0 56
3076926 0 70
3078421 0 48
3079937 0 56
3081432 0 68
3082906 0 45
3084360 0 58
3085794 0 61
3087289 0 37
3088784 0 57
3090320 0 53
3091753 0 60
3093289 0 57
3094866 0 72
3096300 0 47
3097836 0 52
3099351 0 49
3100887 0 52
3102464 0 53
3103959 0 55
3105516 0 49
3180571 0 104
3182066 0 104
3183582 0 104
3185056 0 104
3186469 0 104
3187862 0 104
3189316 0 104
3190750 0 104
3192265 0 104
3193740 0 104
3195296 0 105
3196791 0 105
3198266 0 106
3199802 0 104
3201235 0 105
3202669 0 105
3204205 0 105
3205659 0 105
3207215 0 106
3208669 0 104
3210083 0 105
3211578 0 105
3213134 0 105
3214547 0 105
3215940 0 105
3217435 0 105
3218950 0 105
3220363 0 106
3221776 0 104
3223230 0 105
3224705 0 106
3226220 0 104
3227715 0 105
3229210 0 105
3230685 0 105
3232098 0 105
3233634 0 106
3235170 0 104
3236583 0 105
3237996 0 105
3239553 0 105
3240986 0 105
3242379 0 106
3243812 0 104
3245205 0 105
3246639 0 105
3248072 0 105
3249526 0 106
3251001 0 104
3252475 0 105
3253868 0 106
3255383 0 104
3256797 0 105
3258271 0 105
3259725 0 105
3261241 0 105
3262777 0 105
3264190 0 105
3265623 0 106
3267077 0 104
3268552 0 105
3270088 0 106
3271562 0 104
3273037 0 105
3274470 0 106
3275925 0 104
3277379 0 105
3278874 0 105
3280430 0 106
3281905 0 104
3283338 0 105
3284874 0 106
3286390 0 104
3287905 0 105
3289359 0 106
3290793 0 104
3292226 0 105
3293639 0 105
3295155 0 105
3296691 0 105
3298186 0 105
3299619 0 105
3301053 0 105
3302466 0 106
3303941 0 104
3305354 0 105
3306787 0 105
3308200 0 105
3309675 0 106
3311170 0 104
3312706 0 105
3314201 0 105
3315614 0 105
3317150 0 106
3318625 0 104
3320079 0 105
3321553 0 106
3322966 0 104
3324359 0 105
3325915 0 106
3327451 0 104
3328967 0 105
3330400 0 106
3331813 0 104
3333227 0 105
3334701 0 105
3336217 0 105
3337671 0 105
3339186 0 105
3340620 0 105
3342033 0 105
3343528 0 106
3344920 0 104
3346436 0 105
3347972 0 106
3349385 0 104
3350901 0 105
3352334 0 105
3353829 0 105
3355345 0 105
3356737 0 105
3358150 0 105
3359666 0 106
3361099 0 104
3362492 0 105
3364007 0 105
3365502 0 105
3367018 0 106
3368431 0 104
3369885 0 105
3371401 0 105
3372896 0 105
3374452 0 106
3376009 0 104
3377463 0 105
3378876 0 106
3380350 0 104
3381866 0 105
3383279 0 105
3384692 0 106
3386146 0 104
3387600 0 105
3389013 0 106
3390570 0 104
3392085 0 105
3393560 0 105
3395075 0 105
3396570 0 105
3398086 0 105
3399540 0 106
3401076 0 104
3402591 0 105
3404004 0 106
3405438 0 104
3406892 0 105
3408407 0 106
3409841 0 104
3411274 0 105
3412790 0 105
3414305 0 105
3415760 0 105
3417255 0 105
3418688 0 106
3420142 0 104
3421678 0 105
3423132 0 105
3424689 0 105
3426102 0 105
3427535 0 105
3429071 0 105
3430566 0 106
3432082 0 104
3433638 0 105
3435195 0 105
3436587 0 105
3438123 0 105
3439659 0 106
3441154 0 104
3442670 0 105
3444185 0 105
3445701 0 105
3447155 0 105
3448670 0 106
3450083 0 104
3451578 0 105
3453073 0 105
3454569 0 106
3456043 0 104
3457517 0 105
3459074 0 105
3460467 0 105
3461941 0 105
3463395 0 105
3464890 0 106
3466406 0 104
3467921 0 105
3469416 0 105
3470932 0 105
3472365 0 105
3473840 0 105
3475396 0 105
3476789 0 106
3478284 0 104
3479799 0 105
3481253 0 105
3482667 0 105
3484223 0 105
3485657 0 106
3487111 0 104
3488503 0 105
3489916 0 105
3491350 0 105
3492824 0 106
3494360 0 104
3495855 0 105
3497268 0 106
3498743 0 104
3500197 0 105
3501631 0 105
3503044 0 105
3504477 0 106
3505993 0 104
3507508 0 105
3509044 0 106
3510601 0 104
3512137 0 105
3513652 0 105
3515086 0 105
3516519 0 105
3518055 0 105
3519598 0 105
3521113 0 106
3522670 0 104
3524205 0 105
3525639 0 105
3527175 0 105
3528649 0 105
3530206 0 105
3531701 0 106
3533155 0 104
3534629 0 105
3536083 0 105
3537497 0 105
3539012 0 105
3540507 0 106
3542042 0 104
3543558 0 105
3544991 0 106
3546425 0 104
3547921 0 105
3549354 0 105
3550890 0 106
3552446 0 104
3553860 0 105
3555416 0 105
3556912 0 105
3558427 0 105
3594981 0 5
3596415 0 11
3597848 0 6
3599343 0 2
3600818 0 8
3657464 0 104
3658897 0 104
3660392 0 104
3661928 0 104
3663485 0 104
3664959 0 104
3666413 0 104
3667867 0 104
3669281 0 104
3670817 0 104
3672230 0 105
3673663 0 105
3675220 0 105
3676756 0 105
3678169 0 105
3679623 0 105
3681036 0 105
3682449 0 105
3683985 0 106
3685541 0 104
3686995 0 105
3688531 0 105
3690026 0 106
3691460 0 104
3692955 0 105
3694368 0 105
3695781 0 106
3697317 0 104
3698730 0 105
3700164 0 106
3701597 0 104
3703031 0 105
3704465 0 106
3705878 0 104
3707311 0 105
3708745 0 105
3710260 0 105
3711694 0 105
3713127 0 106
3714541 0 104
3716077 0 105
3717613 0 105
3719108 0 105
3720582 0 105
3722057 0 105
3723552 0 105
3724985 0 106
3726439 0 104
3727893 0 105
3729409 0 105
3730945 0 106
3732481 0 104
3733976 0 105
3735512 0 106
3737027 0 104
3738502 0 105
3739976 0 105
3741533 0 105
3742946 0 105
3744461 0 106
3746018 0 104
3747554 0 105
3748987 0 106
3750441 0 104
3751936 0 105
3753370 0 105
3754845 0 105
3756360 0 105
3757794 0 105
3759309 0 105
3760763 0 105
3762176 0 106
3763610 0 104
3765105 0 105
3766497 0 106
3767972 0 104
3769385 0 105
3770921 0 106
3772375 0 104
3773829 0 105
3775283 0 105
3776819 0 106
3778273 0 104
3779666 0 105
3781099 0 105
3782635 0 105
3784192 0 106
3785625 0 104
3787038 0 105
3788513 0 105
3790069 0 105
3791524 0 105
3792957 0 105
3794514 0 105
3795927 0 106
3797401 0 104
3798814 0 105
3800227 0 106
3801722 0 104
3803217 0 105
3804692 0 106
3806105 0 104
3807559 0 105
3809075 0 105
3810529 0 105
3811983 0 105
3813416 0 105
3814870 0 105
3816427 0 106
3817922 0 104
3819417 0 105
3820830 0 106
3822345 0 104
3823758 0 105
3825213 0 106
3826667 0 104
3828223 0 105
3829698 0 105
3831234 0 106
3832770 0 104
3834162 0 105
3835575 0 105
3837111 0 105
3838586 0 105
3839978 0 105
3841371 0 106
3842825 0 104
3844341 0 105
3845754 0 105
3847228 0 105
3848682 0 105
3850198 0 106
3851693 0 104
3853106 0 105
3854621 0 105
3856034 0 105
3857570 0 105
3859106 0 106
3860622 0 104
3862035 0 105
3863448 0 105
3864902 0 106
3866459 0 104
3867872 0 105
3869285 0 105
3870780 0 105
3872254 0 105
3873688 0 106
3875101 0 104
3876514 0 105
3878070 0 105
3879565 0 105
3881061 0 105
3882596 0 105
3884010 0 105
3885423 0 106
3886877 0 104
3888372 0 105
3889887 0 105
3891321 0 105
3892857 0 105
3894290 0 106
3895826 0 104
3897301 0 105
3898714 0 106
3900229 0 104
3901704 0 105
3903117 0 105
3904633 0 105
3906087 0 105
3907561 0 106
3909097 0 104
3910592 0 105
3912026 0 105
3913418 0 105
3914975 0 106
3916490 0 104
3917965 0 105
3919460 0 105
3920893 0 105
3922409 0 105
3923822 0 105
3925235 0 106
3926771 0 104
3928246 0 105
3929782 0 106
3931215 0 104
3932669 0 105
3934205 0 105
3935618 0 105
3937175 0 106
3938670 0 104
3940226 0 105
3941783 0 105
3943175 0 105
3944650 0 106
3946083 0 104
3947619 0 105
3949032 0 105
3950527 0 105
3952002 0 105
3953436 0 105
3954849 0 105
3956344 0 106
3957859 0 104
3959334 0 105
3960767 0 105
3962221 0 105
3963634 0 106
3965170 0 104
3966624 0 105
3968038 0 105
3969451 0 105
3970925 0 105
3972441 0 106
3973977 0 104
3975369 0 105
3976885 0 106
3978421 0 104
3979895 0 105
3981390 0 106
3982885 0 104
3984380 0 105
3985834 0 105
3987350 0 105
3988845 0 105
3990360 0 105
3991773 0 106
3993309 0 104
3994763 0 105
3996177 0 105
3997713 0 105
3999208 0 105
4000682 0 105
4002136 0 106
4003549 0 104
4005044 0 105
4006478 0 106
4008034 0 104
4009468 0 105
4011024 0 105
4012499 0 105
4013953 0 105
4015427 0 105
4016922 0 106
4018417 0 104
4019892 0 105
4021346 0 105
4022800 0 106
4024234 0 104
4025708 0 105
4027183 0 106
4028596 0 104
4030152 0 105
4031647 0 105
4033060 0 105
4034535 0 106
4036050 0 104
4037586 0 105
4038999 0 105
4040515 0 105
4041928 0 106
4043485 0 104
4044898 0 105
4046311 0 105
4047826 0 106
4049383 0 104
4050919 0 105
4052352 0 105
4053888 0 106
4055383 0 104
4056899 0 105
4058312 0 106
4059868 0 104
4061363 0 105
4062920 0 105
4064333 0 106
4065889 0 104
4067302 0 105
4068695 0 105
4070190 0 105
4071603 0 106
4073139 0 104
4074655 0 105
4076170 0 105
4077665 0 105
4079222 0 105
4080757 0 105
4082150 0 105
4083625 0 105
4085161 0 106
4086697 0 104
4088130 0 105
4089605 0 105
4091141 0 105
4092615 0 106
4094131 0 104
4095605 0 105
4097080 0 105
4098554 0 106
4100008 0 104
4101565 0 105
4103060 0 105
4104534 0 106
4105988 0 104
4107545 0 105
4109101 0 106
4110617 0 104
4112030 0 105
4113525 0 105
4114938 0 105
4116433 0 105
4117908 0 105
4119341 0 105
4120795 0 106
4122352 0 104
4123826 0 105
4125280 0 105
4126693 0 105
4128168 0 105
4129643 0 105
4131117 0 105
4132653 0 106
4134209 0 104
4135663 0 105
4137199 0 105
4138694 0 105
4140128 0 105
4141664 0 105
4143138 0 106
4144593 0 104
4146088 0 105
4147501 0 105
4148975 0 106
4150532 0 104
4151924 0 105
4153440 0 105
4154894 0 106
4156450 0 104
4157904 0 105
4159440 0 106
4160874 0 104
4162369 0 105
4163782 0 106
4165318 0 104
4166813 0 105
4168369 0 106
4169823 0 104
4171278 0 105
4172793 0 105
4174227 0 106
4175742 0 104
4177258 0 105
4178773 0 105
4180309 0 105
4181743 0 106
4183258 0 104
4184712 0 105
4186207 0 105
4187702 0 105
4189115 0 105
4190528 0 105
4191962 0 105
4193375 0 105
4194870 0 106
4196406 0 104
4197942 0 105
4199355 0 105
4200850 0 105
4202304 0 106
4203799 0 104
4205315 0 105
4206728 0 106
4208202 0 104
4209718 0 105
4211233 0 105
4212708 0 105
4214121 0 105
4215555 0 105
4217029 0 106
4218483 0 104
4219917 0 105
4221432 0 106
4222845 0 104
4224279 0 105
4225733 0 106
4227269 0 104
4228784 0 105
4230238 0 106
4231651 0 104
4233147 0 105
4234580 0 106
4236075 0 104
4237550 0 105
4238983 0 105
4240417 0 105
4241973 0 105
4243386 0 105
4244779 0 106
4246212 0 104
4247728 0 105
4249203 0 105
4250595 0 105
4251988 0 105
4253524 0 105
4254978 0 105
4256514 0 106
4257927 0 104
4259319 0 105
4260733 0 105
4262166 0 105
4263620 0 105
4265013 0 106
4266405 0 104
4267921 0 105
4269457 0 106
4270931 0 104
4272385 0 105
4273880 0 105
4275314 0 106
4276850 0 104
4278304 0 105
4279758 0 105
4281294 0 105
4282748 0 105
4284223 0 105
4285615 0 106
4287049 0 104
4288442 0 105
