37567 0 12
39083 0 7
40557 0 8
41991 0 9
43445 0 2
44858 0 1
46251 0 1
47725 0 5
49159 0 8
50715 0 6
52231 0 14
53767 0 16
55139 0 19
56593 0 17
58047 0 13
59460 0 33
60996 0 6
62470 0 18
64006 0 17
65501 0 22
66955 0 22
68532 0 15
69986 0 21
71522 0 29
72935 0 4
74410 0 19
75844 0 27
77339 0 6
78772 0 17
80308 0 24
81701 0 35
83237 0 11
84670 0 24
86145 0 25
87640 0 4
89114 0 20
90630 0 35
92104 0 8
93558 0 21
94992 0 24
96405 0 13
97921 0 17
99334 0 13
100829 0 18
102365 0 26
103860 0 6
105355 0 14
106850 0 18
108283 0 21
109758 0 18
111191 0 23
112686 0 18
114263 0 27
115676 0 9
117171 0 19
118707 0 29
120202 0 3
121697 0 13
123172 0 26
124565 0 10
125998 0 17
127452 0 22
128988 0 20
130483 0 24
131999 0 26
133412 0 5
134804 0 23
136279 0 31
137713 0 5
139105 0 16
140559 0 29
141931 0 3
143365 0 21
144942 0 25
146355 0 4
147768 0 15
149222 0 28
150676 0 2
152048 0 14
153482 0 29
154977 0 4
156431 0 23
157905 0 27
159421 0 10
160957 0 15
162370 0 22
163947 0 23
165442 0 23
166835 0 18
168391 0 30
169866 0 2
171299 0 17
172794 0 14
174310 0 22
175866 0 16
177320 0 15
178754 0 22
180290 0 28
181805 0 6
183382 0 23
184918 0 23
186454 0 16
187929 0 21
189485 0 21
191021 0 14
192414 0 22
193929 0 28
195486 0 10
197042 0 18
198476 0 15
199889 0 17
201322 0 34
202858 0 7
204312 0 20
205889 0 22
207343 0 21
208838 0 23
210354 0 18
211767 0 29
213241 0 5
214736 0 17
216150 0 22
217706 0 13
219140 0 22
220696 0 17
222171 0 27
223584 0 8
225120 0 13
226553 0 17
228069 0 17
229564 0 17
231120 0 25
232574 0 12
233987 0 24
235523 0 25
236977 0 12
238431 0 24
239885 0 33
241401 0 11
242855 0 18
244289 0 17
245722 0 17
247135 0 23
248651 0 14
250146 0 17
251641 0 32
253054 0 4
254487 0 19
256023 0 15
257416 0 19
258911 0 14
260406 0 33
261860 0 3
263355 0 18
264850 0 31
266407 0 8
267963 0 17
269437 0 29
270892 0 3
272407 0 24
273923 0 18
275397 0 21
276933 0 28
278326 0 1
279780 0 15
281213 0 18
282626 0 18
284101 0 20
285678 0 13
287091 0 32
288545 0 12
290020 0 19
291576 0 16
292989 0 23
294402 0 20
295979 0 28
297474 0 6
298990 0 19
300403 0 17
301898 0 25
303372 0 6
304867 0 18
306280 0 30
307734 0 6
309270 0 16
310765 0 17
312240 0 34
313735 0 1
315148 0 14
316664 0 25
318118 0 7
319674 0 22
321251 0 23
322766 0 19
324221 0 16
325695 0 16
327149 0 31
328644 0 6
330119 0 23
331614 0 20
333088 0 20
334624 0 13
336160 0 14
337696 0 30
339150 0 3
340563 0 14
341997 0 16
343410 0 13
344803 0 23
346318 0 36
347834 0 2
349308 0 14
350824 0 21
352278 0 15
353814 0 32
355247 0 5
356640 0 20
358237 0 22
359794 0 22
361371 0 18
362804 0 24
364320 0 27
365815 0 9
367248 0 24
368702 0 29
370136 0 3
371672 0 14
373146 0 33
374703 0 3
376157 0 22
377693 0 22
379229 0 13
380765 0 23
382198 0 22
383755 0 29
385147 0 11
386622 0 21
388178 0 14
389591 0 19
391025 0 28
392541 0 1
393933 0 18
395490 0 18
396944 0 19
398480 0 22
399913 0 20
401367 0 18
402903 0 33
404316 0 7
405893 0 24
407368 0 20
408822 0 19
410276 0 22
411791 0 22
413225 0 18
414659 0 33
416174 0 2
417567 0 23
419123 0 19
420618 0 32
422052 0 7
423547 0 19
424980 0 17
426414 0 18
427970 0 32
429404 0 12
430837 0 14
432312 0 29
433746 0 7
435302 0 13
436797 0 17
438333 0 18
439869 0 15
441364 0 19
442798 0 29
444334 0 7
445870 0 21
447283 0 24
448716 0 13
450170 0 24
451665 0 35
453119 0 11
454614 0 22
456068 0 27
457502 0 2
458997 0 21
460471 0 13
461966 0 27
463502 0 9
465059 0 22
466554 0 34
468008 0 7
469442 0 19
470937 0 19
472432 0 19
473845 0 28
475258 0 8
476732 0 23
478145 0 17
479579 0 25
480992 0 5
482487 0 16
483941 0 36
485395 0 6
486911 0 22
488426 0 31
490003 0 2
491457 0 14
492932 0 16
494324 0 17
495860 0 18
497273 0 19
498789 0 32
500263 0 5
501779 0 18
503212 0 35
504687 0 6
506162 0 23
507718 0 17
509111 0 21
510544 0 14
512019 0 17
513473 0 27
514886 0 8
516463 0 19
517917 0 20
519391 0 18
520907 0 24
522443 0 28
523856 0 9
525330 0 13
526825 0 35
528320 0 2
529856 0 13
531249 0 34
532744 0 3
534219 0 16
535632 0 33
537106 0 12
538519 0 18
539932 0 24
541366 0 28
542820 0 3
544254 0 21
545667 0 34
547080 0 3
548472 0 23
549947 0 20
551422 0 21
552876 0 29
554350 0 1
555804 0 20
557279 0 13
558712 0 14
560105 0 19
561538 0 19
563054 0 22
564467 0 13
565921 0 31
567478 0 3
568911 0 20
570406 0 13
571799 0 14
573191 0 29
574666 0 1
576059 0 23
577595 0 15
579028 0 26
580564 0 10
582018 0 18
583534 0 19
585090 0 24
586524 0 19
588039 0 13
589493 0 13
591009 0 25
592545 0 1
594101 0 20
595535 0 32
596948 0 9
598463 0 13
599876 0 23
601289 0 33
602764 0 2
604259 0 17
605795 0 25
607249 0 5
608683 0 14
610075 0 23
611570 0 23
613086 0 15
614622 0 34
616035 0 6
617571 0 21
619107 0 13
620561 0 18
622056 0 14
623469 0 18
625025 0 26
626397 0 3
627892 0 14
629346 0 34
630760 0 7
632275 0 16
633770 0 33
635204 0 12
636658 0 18
638214 0 31
639791 0 11
641348 0 15
642904 0 19
644317 0 20
645915 0 21
647471 0 24
648864 0 16
650338 0 27
651813 0 7
653369 0 24
654885 0 21
656359 0 24
657875 0 19
659349 0 24
660803 0 26
662319 0 5
663834 0 15
665329 0 36
666845 0 8
668340 0 16
669794 0 23
671186 0 21
672661 0 20
674135 0 28
675692 0 3
677125 0 17
678620 0 22
680197 0 24
681611 0 21
683085 0 13
684621 0 18
686157 0 34
687550 0 3
688942 0 14
690437 0 19
691912 0 24
693366 0 22
694820 0 20
696376 0 29
697892 0 12
699428 0 15
700964 0 24
702377 0 28
703851 0 11
705326 0 13
706719 0 20
708173 0 14
709709 0 30
711081 0 9
712514 0 15
713948 0 31
715463 0 6
716999 0 20
718494 0 23
720010 0 20
721546 0 16
723020 0 18
724474 0 13
725949 0 34
727464 0 8
729021 0 14
730413 0 15
731929 0 22
733363 0 13
734817 0 32
736209 0 8
737663 0 24
739220 0 34
740653 0 6
742210 0 22
743643 0 13
745179 0 18
746654 0 14
748128 0 34
749582 0 5
751016 0 15
752511 0 15
754006 0 25
755440 0 9
757017 0 22
758512 0 26
759986 0 9
761522 0 14
762915 0 28
764307 0 8
765782 0 15
767256 0 28
768731 0 2
770123 0 21
771578 0 24
773093 0 19
774650 0 20
776206 0 30
777578 0 3
779135 0 20
780670 0 21
782145 0 19
783599 0 24
785135 0 21
786569 0 19
788043 0 16
789477 0 32
791013 0 1
792528 0 24
793982 0 16
795457 0 19
796911 0 22
798344 0 21
799901 0 32
801437 0 12
802911 0 24
804406 0 22
805840 0 22
807417 0 16
808850 0 36
810386 0 4
811902 0 20
813397 0 34
814790 0 2
816223 0 22
817718 0 13
819193 0 22
820626 0 31
822080 0 8
823575 0 21
825070 0 13
826463 0 17
827917 0 13
829310 0 18
830764 0 21
832341 0 13
833897 0 31
835351 0 3
836846 0 18
838403 0 21
839959 0 23
841413 0 19
842990 0 24
844403 0 19
845878 0 25
847434 0 8
848909 0 24
850383 0 29
851776 0 4
853168 0 15
854602 0 26
856015 0 9
857490 0 13
858903 0 34
860439 0 3
861975 0 16
863449 0 16
864944 0 21
866521 0 27
867975 0 1
869409 0 20
870883 0 26
872296 0 5
873853 0 22
875430 0 24
876966 0 16
878461 0 29
879997 0 1
881389 0 20
882843 0 15
884297 0 23
885772 0 15
887226 0 17
888762 0 18
890236 0 32
891670 0 6
893247 0 17
894722 0 33
896237 0 4
897671 0 18
899207 0 24
900743 0 28
902258 0 11
903753 0 15
905269 0 18
906743 0 21
908300 0 35
909774 0 3
911228 0 23
912641 0 21
914177 0 33
915693 0 1
917229 0 24
918683 0 30
920137 0 11
921529 0 15
923065 0 23
924499 0 23
925912 0 13
927407 0 21
928841 0 25
930336 0 11
931810 0 13
933223 0 16
934739 0 18
936295 0 20
937749 0 22
1008184 0 101
1009720 0 101
1011174 0 101
1012669 0 101
1014082 0 101
1015474 0 101
1016949 0 101
1018341 0 101
1019816 0 101
1021352 0 101
1022867 0 102
1024281 0 102
1025755 0 103
1027291 0 101
1028704 0 102
1030097 0 102
1031612 0 103
1033128 0 101
1034520 0 102
1035954 0 102
1037408 0 102
1038842 0 103
1040337 0 101
1041770 0 102
1043306 0 102
1044699 0 102
1046153 0 102
1047689 0 102
1049143 0 102
1050638 0 103
1052133 0 101
1053546 0 102
1055082 0 103
1056536 0 101
1057990 0 102
1059506 0 102
1060919 0 102
1062434 0 102
1063970 0 103
1065506 0 101
1067001 0 102
1068394 0 103
1069827 0 101
1071322 0 102
1072838 0 102
1074230 0 102
1075643 0 102
1077118 0 103
1078531 0 101
1079985 0 102
1081419 0 102
1082873 0 102
1084409 0 102
1085822 0 102
1087337 0 102
1088832 0 103
1090327 0 101
1091863 0 102
1093297 0 102
1094812 0 102
1096307 0 102
1097720 0 102
1099277 0 102
1100772 0 103
1102185 0 101
1103680 0 102
1105155 0 102
1106588 0 103
1108145 0 101
1109619 0 102
1111073 0 102
1112507 0 102
1114043 0 102
1115497 0 102
1116910 0 102
1118446 0 103
1119982 0 101
1121395 0 102
1122849 0 103
1124344 0 101
1125798 0 102
1127232 0 102
1128706 0 102
1130181 0 103
1131696 0 101
1133089 0 102
1134584 0 102
1135976 0 102
1137492 0 102
1139007 0 102
1140502 0 103
1141977 0 101
1143390 0 102
1144844 0 103
1146421 0 101
1147957 0 102
1149432 0 102
1150824 0 102
1152319 0 102
1153732 0 103
1155227 0 101
1156681 0 102
1158176 0 102
1159692 0 102
1161207 0 103
1162702 0 101
1164197 0 102
1165733 0 102
1167228 0 102
1168744 0 102
1170239 0 103
1171775 0 101
1173270 0 102
1174826 0 102
1176362 0 102
1177755 0 102
1179291 0 103
1180868 0 101
1182281 0 102
1183817 0 102
1185209 0 103
1186766 0 101
1188199 0 102
1189715 0 102
1191251 0 102
1192664 0 102
1194057 0 102
1195572 0 103
1197047 0 101
1198439 0 102
1199914 0 102
1201429 0 103
1202904 0 101
1204317 0 102
1205832 0 102
1207246 0 102
1208761 0 102
1210195 0 102
1211649 0 102
1213144 0 103
1214680 0 101
1216072 0 102
1217465 0 102
1219001 0 102
1220475 0 102
1221868 0 102
1223302 0 103
1224735 0 101
1226251 0 102
1227746 0 102
1229241 0 102
1230715 0 102
1232231 0 103
1233705 0 101
1235241 0 102
1236736 0 103
1238231 0 101
1239767 0 102
1241283 0 103
1242696 0 101
1244109 0 102
1245522 0 102
1246915 0 102
1248369 0 103
1249925 0 101
1251359 0 102
1252813 0 102
1254349 0 102
1255803 0 103
1257298 0 101
1258813 0 102
1260267 0 103
1261721 0 101
1263134 0 102
1264548 0 102
1266022 0 103
1267558 0 101
1269012 0 102
1270528 0 102
1272002 0 102
1273518 0 103
1275033 0 101
1276487 0 102
1278023 0 102
1279477 0 103
1280911 0 101
1282365 0 102
1283880 0 102
1285375 0 102
1286911 0 103
1288406 0 101
1289942 0 102
1291437 0 102
1292912 0 102
1294304 0 103
1295738 0 101
1297172 0 102
1298646 0 102
1300039 0 103
1301452 0 101
1302967 0 102
1304380 0 103
1305896 0 101
1307411 0 102
1308825 0 102
1310258 0 102
1311774 0 102
1313248 0 102
1314784 0 102
1316197 0 103
1317692 0 101
1319187 0 102
1320580 0 102
1322116 0 102
1323652 0 103
1325208 0 101
1326662 0 102
1328096 0 103
1329652 0 101
1331086 0 102
1332601 0 102
1333994 0 102
1335469 0 103
1336984 0 101
1338520 0 102
1339974 0 102
1341490 0 103
1343046 0 101
1344480 0 102
1346016 0 102
1347408 0 102
1348883 0 102
1350316 0 102
1351750 0 103
1353306 0 101
1354801 0 102
1356276 0 103
1357791 0 101
1359286 0 102
1360720 0 102
1362235 0 102
1363771 0 102
1365246 0 102
1366720 0 103
1368134 0 101
1369526 0 102
1371042 0 102
1372455 0 102
1373888 0 102
1375281 0 103
1376837 0 101
1378291 0 102
1379725 0 102
1381118 0 102
1382551 0 102
1384026 0 102
1385582 0 102
1387077 0 103
1388511 0 101
1390047 0 102
1391460 0 102
1392914 0 102
1394409 0 102
1395822 0 102
1397378 0 102
1398812 0 102
1400266 0 103
1401679 0 101
1403072 0 102
1404526 0 103
1406021 0 101
1407516 0 102
1409052 0 102
1410444 0 103
1411919 0 101
1413393 0 102
1414868 0 103
1416363 0 101
1417797 0 102
1419312 0 102
1420848 0 102
1422364 0 102
1423900 0 102
1425415 0 103
1426869 0 101
1428385 0 102
1429818 0 102
1431354 0 102
1432808 0 102
1434221 0 102
1435675 0 102
1437129 0 103
1438686 0 101
1440099 0 102
1441594 0 102
1443007 0 102
1444502 0 102
1445895 0 102
1447308 0 102
1448721 0 103
1450257 0 101
1451772 0 102
1453308 0 103
1454803 0 101
1456237 0 102
1457752 0 102
1459145 0 102
1460579 0 103
1462135 0 101
1463671 0 102
1465064 0 102
1466538 0 102
1467972 0 102
1469364 0 102
1470839 0 103
1472395 0 101
1473788 0 102
1475181 0 102
1476614 0 102
1478089 0 102
1479645 0 102
1481038 0 102
1482533 0 103
1483946 0 101
1485420 0 102
1486854 0 103
1488308 0 101
1489762 0 102
1491175 0 102
1492568 0 102
1494063 0 102
1495578 0 102
1497032 0 102
1498527 0 103
1500022 0 101
1501579 0 102
1503033 0 102
1504569 0 102
1506084 0 102
1507620 0 102
1509115 0 102
1510569 0 102
1511962 0 103
1513518 0 101
1514972 0 102
1516406 0 102
1517922 0 103
1519376 0 101
1520871 0 102
1522304 0 102
1523758 0 102
1525151 0 102
1526625 0 102
1528059 0 103
1529513 0 101
1530967 0 102
1532421 0 102
1533875 0 103
1535432 0 101
1536947 0 102
1538442 0 103
1539937 0 101
1541330 0 102
1542743 0 102
1544176 0 102
1545712 0 102
1547105 0 103
1548518 0 101
1549952 0 102
1551365 0 103
1552839 0 101
1554252 0 102
1555809 0 102
1557242 0 103
1558717 0 101
1560110 0 102
1561605 0 102
1563079 0 102
1564472 0 103
1565905 0 101
1567359 0 102
1568875 0 102
1570349 0 103
1571885 0 101
1573380 0 102
1574916 0 102
1576432 0 102
1577845 0 102
1579319 0 102
1580712 0 102
1582146 0 103
1583600 0 101
1585054 0 102
1586528 0 103
1588064 0 101
1589600 0 102
1591095 0 103
1592590 0 101
1594126 0 102
1595662 0 102
1597075 0 103
1598632 0 101
1600045 0 102
1601540 0 102
1602953 0 103
1604530 0 101
1606045 0 102
1607520 0 102
1608994 0 102
1610469 0 103
1611984 0 101
1613418 0 102
1614811 0 102
1616244 0 102
1617739 0 102
1619193 0 102
1620627 0 103
1622142 0 101
1623658 0 102
1625071 0 103
1626566 0 101
1628061 0 102
1629515 0 103
1630990 0 101
1632382 0 102
1633918 0 102
1635311 0 102
1636744 0 102
1638198 0 102
1639611 0 102
1641168 0 103
1642622 0 101
1644158 0 102
1645694 0 102
1647148 0 103
1648602 0 101
1649995 0 102
1651469 0 103
1652964 0 101
1654398 0 102
1655790 0 102
1657244 0 102
1658658 0 102
1660193 0 103
1661607 0 101
1663081 0 102
1664576 0 103
1665989 0 101
1667443 0 102
1668897 0 102
1670290 0 102
1671846 0 103
1673321 0 101
1674734 0 102
1676147 0 102
1677581 0 103
1679117 0 101
1680530 0 102
1682025 0 102
1683561 0 103
1685117 0 101
1686612 0 102
1688066 0 103
1689582 0 101
1691118 0 102
1692654 0 102
1694108 0 103
1695664 0 101
1697139 0 102
1698613 0 102
1700129 0 102
1701665 0 102
1703180 0 102
1704614 0 103
1706129 0 101
1707604 0 102
1709140 0 102
1710573 0 102
1712027 0 102
1713543 0 102
1715017 0 102
1716512 0 103
1717946 0 101
1719339 0 102
1720752 0 102
1722288 0 102
1723824 0 102
1725298 0 103
1726855 0 101
1728391 0 102
1729804 0 103
1731381 0 101
1732814 0 102
1734268 0 102
1735804 0 102
1737197 0 102
1738630 0 102
1740023 0 103
1741539 0 101
1743013 0 102
1744508 0 103
1745983 0 101
1747437 0 102
1748911 0 102
1750468 0 102
1751901 0 103
1753396 0 101
1754912 0 102
1756325 0 102
1757717 0 103
1759274 0 101
1760707 0 102
1762100 0 102
1763575 0 103
1765049 0 101
1766503 0 102
1767957 0 103
1769370 0 101
1770783 0 102
1772340 0 102
1773733 0 102
1775125 0 102
1776559 0 103
1778033 0 101
1779508 0 102
1781044 0 103
1782518 0 101
1783911 0 102
1785304 0 102
1786696 0 102
1788150 0 103
1789604 0 101
1791017 0 102
1792492 0 103
1793905 0 101
1795339 0 102
1796793 0 103
1798267 0 101
1799783 0 102
1801175 0 102
1802588 0 103
1804145 0 101
1805681 0 102
1807135 0 103
1808712 0 101
1810145 0 102
1811661 0 102
1813135 0 102
1814651 0 102
1816146 0 102
1817559 0 103
1819054 0 101
1820528 0 102
1822044 0 103
1823457 0 101
1824993 0 102
1826447 0 102
1827942 0 102
1829335 0 102
1830830 0 103
1832345 0 101
1833820 0 102
1835294 0 103
1836769 0 101
1838264 0 102
1839759 0 102
1841192 0 102
1842728 0 102
1844121 0 103
1845534 0 101
1846968 0 102
1848360 0 102
1849896 0 102
1851412 0 102
1852927 0 102
1854484 0 103
1855979 0 101
1857371 0 102
1858907 0 103
1860423 0 101
1861877 0 102
1863310 0 102
1864765 0 103
1866178 0 101
1867673 0 102
1869127 0 103
1870560 0 101
1872096 0 102
1873591 0 102
1874984 0 102
1876479 0 102
1877953 0 103
1879448 0 101
1880882 0 102
1882397 0 102
1883872 0 103
1885387 0 101
1886821 0 102
1888337 0 103
1889873 0 101
1891388 0 102
1892842 0 102
1894317 0 102
1895853 0 102
1897368 0 102
1898781 0 103
1900256 0 101
1901710 0 102
1903143 0 102
1904536 0 102
1960117 0 41
1961612 0 37
1963004 0 45
1964499 0 43
1965953 0 45
1967510 0 43
1968964 0 39
1970459 0 41
1971974 0 45
1973408 0 43
1974862 0 52
1976419 0 53
1977893 0 57
1979306 0 60
1980699 0 53
1982112 0 50
1983525 0 62
1984999 0 37
1986454 0 55
1987990 0 56
1989464 0 57
1991000 0 50
1992516 0 68
1993908 0 48
1995362 0 52
1996878 0 50
1998311 0 60
1999724 0 63
2001199 0 38
2002632 0 52
2004107 0 62
2005561 0 46
2007056 0 49
2008551 0 63
2010108 0 48
2011643 0 49
2013118 0 70
2014613 0 48
2016108 0 56
2017644 0 49
2019159 0 55
2020695 0 49
2022190 0 71
2023747 0 39
2025303 0 55
2026839 0 50
2028273 0 50
2029829 0 61
2031365 0 37
2032840 0 55
2034294 0 70
2035727 0 48
2037223 0 54
2038738 0 56
2040192 0 57
2041728 0 50
2043264 0 51
2044780 0 72
2046254 0 47
2047688 0 49
2049203 0 58
2050719 0 57
2052173 0 60
2053729 0 58
2055286 0 50
2056781 0 52
2058276 0 67
2059750 0 40
2061286 0 49
2062699 0 56
2064215 0 70
2065587 0 45
2067102 0 51
2068638 0 59
2070174 0 51
2071731 0 50
2073164 0 49
2074598 0 63
2076113 0 42
2077649 0 56
2079124 0 65
2080660 0 41
2082093 0 49
2083650 0 60
2085104 0 49
2086578 0 54
2088073 0 63
2089507 0 46
2090982 0 57
2092456 0 65
2093931 0 47
2095344 0 60
2096818 0 50
2098354 0 62
2099767 0 46
2101262 0 60
2102737 0 49
2104273 0 57
2105809 0 51
2107304 0 51
2108860 0 72
2110335 0 41
2111830 0 58
2113284 0 55
2114820 0 54
2116335 0 60
2117851 0 68
2119284 0 40
2120820 0 60
2122274 0 58
2123728 0 60
2125183 0 52
2126719 0 60
2128173 0 72
2129586 0 46
2131163 0 56
2132637 0 52
2134091 0 58
2135648 0 58
2137102 0 50
2138576 0 72
2140112 0 39
2141566 0 57
2143061 0 49
2144515 0 58
2146051 0 57
2147587 0 66
2149062 0 43
2150557 0 57
2152093 0 71
2153629 0 45
2155083 0 49
2156598 0 67
2157991 0 45
2159424 0 57
2160940 0 60
2162476 0 59
2163910 0 68
2165445 0 40
2166879 0 54
2168415 0 64
2169890 0 43
2171405 0 58
2172859 0 59
2174293 0 63
2175808 0 45
2177365 0 54
2178860 0 52
2180416 0 56
2181973 0 59
2183468 0 55
2185024 0 64
2186539 0 44
2187953 0 59
2189468 0 55
2190902 0 51
2192376 0 68
2193851 0 47
2195305 0 52
2196738 0 51
2198213 0 70
2199667 0 42
2201141 0 50
2202677 0 61
2204234 0 40
2205688 0 52
2207122 0 53
2208678 0 60
2210091 0 70
2211525 0 48
2212979 0 52
2214433 0 57
2215928 0 64
2217464 0 47
2218877 0 51
2220351 0 66
2221826 0 41
2223280 0 54
2224755 0 69
2226290 0 41
2227847 0 57
2229321 0 65
2230816 0 48
2232332 0 59
2233766 0 49
2235220 0 58
2236674 0 55
2238189 0 64
2239705 0 38
2241138 0 55
2242592 0 61
2244067 0 48
2245562 0 58
2247057 0 67
2248490 0 42
2249965 0 50
2251439 0 67
2252934 0 44
2254368 0 59
2255924 0 54
2257399 0 54
2258853 0 59
2260328 0 56
2261884 0 55
2263359 0 54
2264772 0 61
2266267 0 46
2267741 0 58
2269236 0 56
2270752 0 50
2272288 0 60
2273783 0 69
2275319 0 47
2276814 0 59
2278329 0 53
2279845 0 70
2281299 0 45
2282753 0 51
2284207 0 59
2285702 0 71
2287094 0 37
2288508 0 53
2290064 0 67
2291580 0 48
2292993 0 54
2294447 0 57
2295962 0 52
2297457 0 58
2298911 0 54
2300345 0 57
2301901 0 70
2303396 0 42
2304891 0 55
2306325 0 61
2307738 0 39
2309253 0 52
2310687 0 49
2312080 0 56
2313534 0 54
2315070 0 50
2316544 0 63
2317957 0 37
2319452 0 59
2321009 0 49
2322504 0 56
2324060 0 60
2325535 0 58
2327112 0 65
2328525 0 41
2330081 0 60
2331597 0 50
2333030 0 58
2334546 0 58
2336082 0 60
2337495 0 61
2338908 0 43
2340423 0 59
2341980 0 71
2343434 0 45
2345011 0 49
2346403 0 70
2347898 0 44
2349414 0 52
2350827 0 68
2352240 0 37
2353694 0 50
2355148 0 59
2356582 0 71
2358118 0 45
2359592 0 59
2361149 0 70
2362541 0 38
2364036 0 56
2365552 0 51
2367047 0 53
2368542 0 53
2370016 0 57
2371511 0 50
2372986 0 50
2374542 0 62
2375997 0 47
2377492 0 53
2378905 0 68
2380461 0 42
2381956 0 49
2383492 0 66
2384905 0 40
2386380 0 59
2387895 0 66
2389308 0 46
2390845 0 55
2392401 0 55
2393896 0 59
2395370 0 68
2396804 0 45
2398237 0 60
2399732 0 58
2401186 0 55
2402620 0 52
2404095 0 52
2405610 0 53
2407085 0 69
2408580 0 48
2410095 0 52
2411611 0 58
2413044 0 54
2414437 0 71
2415952 0 48
2417386 0 56
2418860 0 63
2420273 0 41
2421830 0 58
2423345 0 60
2424779 0 55
2426294 0 63
2427851 0 40
2429305 0 55
2430841 0 50
2432254 0 54
2433790 0 69
2435306 0 46
2436882 0 51
2438439 0 51
2439934 0 52
2441388 0 71
2442801 0 40
2444255 0 49
2445812 0 58
2447245 0 61
2448761 0 44
2450174 0 55
2451628 0 56
2453041 0 57
2454577 0 57
2456051 0 58
2457546 0 57
2459021 0 61
2460557 0 40
2462031 0 52
2463445 0 58
2464899 0 49
2466332 0 60
2467807 0 69
2469302 0 44
2470817 0 50
2472312 0 52
2473787 0 49
2475220 0 56
2476654 0 55
2478210 0 53
2479705 0 69
2481200 0 41
2482757 0 53
2484252 0 50
2485788 0 50
2487283 0 72
2488716 0 41
2490170 0 49
2491706 0 61
2493222 0 39
2494717 0 55
2496294 0 64
2497727 0 46
2499161 0 54
2500717 0 49
2502253 0 60
2503748 0 57
2505243 0 57
2506738 0 62
2508274 0 42
2509769 0 51
2511203 0 56
2512759 0 54
2514234 0 54
2515770 0 52
2517306 0 72
2518801 0 46
2520296 0 59
2521852 0 49
2523245 0 59
2524740 0 55
2526235 0 60
2527730 0 56
2529287 0 69
2530720 0 42
2532256 0 57
2533710 0 56
2535185 0 57
2536741 0 66
2538277 0 41
2539772 0 49
2541267 0 67
2542721 0 43
2544196 0 57
2545773 0 61
2547227 0 45
2548804 0 52
2550319 0 58
2551753 0 50
2553186 0 60
2554661 0 49
2556094 0 57
2557610 0 56
2559043 0 64
2560579 0 40
2562074 0 55
2563549 0 54
2564983 0 49
2566519 0 52
2568075 0 63
2569652 0 47
2571065 0 52
2572478 0 50
2574014 0 59
2575550 0 56
2577086 0 54
2578540 0 57
2579974 0 56
2581448 0 66
2582902 0 41
2584356 0 55
2585769 0 67
2587223 0 46
2588657 0 60
2590213 0 51
2591667 0 50
2593203 0 56
2594617 0 54
2596091 0 59
2597525 0 53
2598938 0 66
2600433 0 37
2601846 0 50
2603341 0 49
2604836 0 52
2606269 0 58
2607764 0 56
2609260 0 55
2610714 0 60
2612250 0 61
2613745 0 37
2615158 0 57
2616612 0 64
2618127 0 48
2619663 0 58
2621240 0 55
2622715 0 71
2624169 0 48
2625623 0 55
2627077 0 57
2628531 0 57
2630046 0 61
2631480 0 40
2632934 0 57
2634429 0 66
2635924 0 41
2637419 0 49
2638894 0 52
2640389 0 57
2641945 0 59
2643481 0 65
2644915 0 42
2646471 0 57
2647925 0 70
2649400 0 38
2650915 0 59
2652410 0 60
2653864 0 50
2655318 0 57
2656772 0 60
2658206 0 64
2659762 0 39
2661237 0 50
2662650 0 69
2664063 0 38
2665619 0 59
2667135 0 69
2668691 0 40
2670207 0 60
2671743 0 52
2673258 0 57
2674733 0 50
2676207 0 63
2677620 0 46
2679054 0 50
2680611 0 52
2682065 0 51
2683539 0 56
2684993 0 56
2686468 0 55
2688045 0 56
2689601 0 63
2691158 0 37
2692632 0 52
2694148 0 67
2695540 0 48
2697076 0 52
2698633 0 59
2700189 0 55
2701684 0 67
2703179 0 41
2704613 0 56
2706026 0 69
2707562 0 38
2708995 0 60
2710429 0 50
2711903 0 53
2713378 0 56
2714832 0 56
2716368 0 70
2717740 0 48
2719153 0 50
2720648 0 56
2722143 0 69
2723638 0 37
2725195 0 52
2726649 0 55
2728103 0 52
2729557 0 55
2731031 0 70
2732424 0 48
2733899 0 53
2735332 0 56
2736827 0 51
2738363 0 58
2739899 0 70
2741333 0 47
2742889 0 50
2744343 0 68
2745777 0 40
2747251 0 54
2748746 0 60
2750303 0 69
2751839 0 41
2753395 0 58
2754870 0 69
2756426 0 38
2757860 0 59
2759273 0 69
2760747 0 48
2762222 0 58
2763655 0 58
2765130 0 63
2766686 0 45
2768120 0 58
2769595 0 57
2771028 0 55
2772503 0 54
2774039 0 53
2775513 0 66
2777029 0 37
2778565 0 51
2780121 0 72
2781637 0 41
2783152 0 54
2784565 0 56
2785999 0 58
2787473 0 49
2788907 0 61
2790402 0 47
2791815 0 57
2793248 0 56
2794723 0 49
2796198 0 56
2797713 0 50
2799269 0 62
2800805 0 42
2802239 0 55
2803795 0 50
2805311 0 65
2806826 0 38
2808240 0 60
2809714 0 64
2811127 0 47
2812663 0 50
2814076 0 58
2815612 0 60
2817148 0 59
2818684 0 50
2820077 0 66
2821510 0 48
2823005 0 58
2824541 0 59
2826077 0 56
2827572 0 68
2829006 0 38
2830521 0 58
2831996 0 56
2833532 0 61
2834945 0 44
2836420 0 52
2837833 0 53
2839246 0 55
2840802 0 55
2842338 0 64
2843792 0 39
2845328 0 57
2846782 0 51
2848298 0 51
2849834 0 54
2851288 0 61
2852844 0 39
2854278 0 54
2855793 0 64
2857329 0 41
2858783 0 49
2860196 0 49
2861691 0 51
2863248 0 54
2864804 0 60
2877234 0 104
2878750 0 104
2880163 0 104
2881555 0 104
2883050 0 104
2884504 0 104
2885917 0 104
2887392 0 104
2888866 0 104
2890280 0 104
2891775 0 105
2893311 0 105
2894826 0 105
2896321 0 105
2897857 0 106
2899372 0 104
2900786 0 105
2902322 0 105
2903878 0 105
2905373 0 105
2906807 0 105
2908302 0 105
2909756 0 106
2911292 0 104
2912766 0 105
2914220 0 105
2915613 0 105
2917149 0 105
2918664 0 106
2920139 0 104
2921654 0 105
2923129 0 105
2924644 0 105
2926078 0 105
2927532 0 106
2929068 0 104
2930481 0 105
2931935 0 105
2933451 0 105
2934966 0 106
2936482 0 104
2938018 0 105
2939533 0 105
2940946 0 105
2942359 0 105
2943875 0 106
2945349 0 104
2946844 0 105
2948401 0 106
2949875 0 104
2951329 0 105
2952763 0 106
2954176 0 104
2955651 0 105
2957084 0 106
2958620 0 104
2960074 0 105
2961610 0 106
2963167 0 104
2964723 0 105
2966259 0 105
2967733 0 106
2969249 0 104
2970662 0 105
2972178 0 106
2973734 0 104
2975209 0 105
2976663 0 105
2978076 0 105
2979591 0 105
2981086 0 105
2982581 0 106
2983994 0 104
2985510 0 105
2987005 0 105
2988500 0 105
2989995 0 106
2991449 0 104
2992882 0 105
2994296 0 106
2995832 0 104
2997265 0 105
2998760 0 105
3000153 0 105
3001607 0 105
3003163 0 105
3004699 0 106
3006256 0 104
3007771 0 105
3009307 0 105
3010843 0 105
3012400 0 106
3013833 0 104
3015369 0 105
3016864 0 105
3018400 0 105
3019936 0 105
3021472 0 105
3022988 0 106
3024523 0 104
3025998 0 105
3027432 0 105
3028927 0 105
3030340 0 106
3031753 0 104
3033207 0 105
3034743 0 105
3036156 0 105
3037651 0 105
3039044 0 106
3040498 0 104
3041972 0 105
3043508 0 105
3044921 0 105
3046437 0 106
3047932 0 104
3049488 0 105
3050922 0 105
3052376 0 106
3053789 0 104
3055243 0 105
3056697 0 106
3058233 0 104
3059667 0 105
3061121 0 105
3062616 0 105
3064131 0 105
3065647 0 106
3067142 0 104
3068596 0 105
3070152 0 106
3071709 0 104
3073224 0 105
3074699 0 105
3076194 0 105
3077648 0 105
3079102 0 106
3080556 0 104
3082071 0 105
3083505 0 106
3085020 0 104
3086474 0 105
3087928 0 106
3089444 0 104
3090959 0 105
3092454 0 105
3093868 0 105
3095281 0 105
3096837 0 105
3098312 0 105
3099807 0 106
3101281 0 104
3102776 0 105
3104251 0 105
3105705 0 105
3107138 0 106
3108695 0 104
3110128 0 105
3111603 0 106
3113098 0 104
3114572 0 105
3116047 0 105
3117521 0 105
3118996 0 105
3120430 0 106
3121986 0 104
3123440 0 105
3124997 0 105
3126430 0 106
3127946 0 104
3129338 0 105
3130874 0 105
3132410 0 105
3133905 0 105
3135339 0 105
3136752 0 106
3138247 0 104
3139721 0 105
3141257 0 105
3142773 0 106
3144268 0 104
3145783 0 105
3147217 0 105
3148773 0 105
3150207 0 105
3151661 0 106
3153115 0 104
3154590 0 105
3155982 0 106
3157498 0 104
3158993 0 105
3160488 0 106
3161901 0 104
3163396 0 105
3164932 0 105
3166427 0 105
3167881 0 105
3169355 0 105
3170789 0 105
3172182 0 105
3173738 0 106
3175213 0 104
3176687 0 105
3178100 0 106
3179636 0 104
3181111 0 105
3182626 0 105
3184183 0 105
3185719 0 105
3187255 0 105
3188709 0 106
3190245 0 104
3191760 0 105
3193214 0 105
3194648 0 105
3196122 0 105
3197576 0 106
3199051 0 104
3200607 0 105
3202000 0 106
3203515 0 104
3205011 0 105
3206444 0 106
3207898 0 104
3209311 0 105
3210765 0 106
3212260 0 104
3213755 0 105
3215148 0 106
3216602 0 104
3218097 0 105
3219653 0 105
3221128 0 105
3222684 0 105
3224159 0 105
3225592 0 105
3227006 0 106
3228480 0 104
3229934 0 105
3231450 0 106
3233006 0 104
3234522 0 105
3236078 0 105
3237553 0 105
3239109 0 105
3240502 0 106
3242038 0 104
3243451 0 105
3244884 0 105
3246420 0 106
3247936 0 104
3249328 0 105
3250782 0 105
3252318 0 105
3253752 0 105
3255308 0 105
3256762 0 105
3258176 0 106
3259671 0 104
3261166 0 105
3262579 0 105
3264115 0 105
3265589 0 105
3267023 0 105
3268579 0 105
3270054 0 105
3271487 0 106
3273003 0 104
3274395 0 105
3275849 0 105
3277406 0 105
3278880 0 106
3280335 0 104
3281830 0 105
3283366 0 105
3284881 0 105
3286294 0 105
3287830 0 105
3289243 0 105
3290656 0 106
3292110 0 104
3293564 0 105
3295018 0 105
3296493 0 106
3297967 0 104
3299381 0 105
3300855 0 106
3302289 0 104
3303804 0 105
3305320 0 106
3306712 0 104
3308105 0 105
3309579 0 105
3311136 0 106
3312590 0 104
3314085 0 105
3315498 0 105
3316993 0 105
3318386 0 105
3319799 0 105
3321273 0 105
3322686 0 105
3324202 0 106
3325738 0 104
3327212 0 105
3328748 0 106
3330284 0 104
3331820 0 105
3333295 0 105
3334831 0 105
3336387 0 105
3337862 0 106
3339275 0 104
3340770 0 105
3342244 0 105
3343739 0 105
3345275 0 105
3346811 0 105
3348245 0 105
3349638 0 105
3351153 0 106
3352587 0 104
3354102 0 105
3355495 0 105
3357031 0 105
3358444 0 105
3359939 0 106
3361475 0 104
3362888 0 105
3364301 0 105
3365837 0 106
3367250 0 104
3368807 0 105
3370281 0 106
3371715 0 104
3373148 0 105
3374602 0 105
3376138 0 105
3377674 0 106
3379210 0 104
3380726 0 105
3382139 0 105
3383695 0 105
3385129 0 105
3386562 0 105
3388057 0 106
3389470 0 104
3390884 0 105
3392297 0 106
3393792 0 104
3395205 0 105
3396761 0 105
3398174 0 105
3399649 0 105
3401103 0 105
3402618 0 105
3404134 0 106
3405526 0 104
3406919 0 105
3408435 0 105
3409971 0 106
3411466 0 104
3412858 0 105
3414394 0 105
3415787 0 105
3417343 0 106
3418879 0 104
3420313 0 105
3421767 0 105
3423200 0 105
3424613 0 105
3426149 0 105
3427665 0 106
3429160 0 104
3430675 0 105
3432068 0 105
3433481 0 106
3434915 0 104
3436328 0 105
3437864 0 106
3439400 0 104
3440956 0 105
3442369 0 105
3443803 0 105
3445339 0 105
3446793 0 105
3448288 0 106
3449742 0 104
3451217 0 105
3452671 0 105
3454145 0 106
3455599 0 104
3457135 0 105
3458548 0 105
3459982 0 105
3461477 0 105
3462931 0 106
3464446 0 104
3465941 0 105
3467395 0 106
3468911 0 104
3470365 0 105
3471778 0 105
3473273 0 106
3474809 0 104
3476366 0 105
3477840 0 105
3479376 0 105
3480912 0 105
3482346 0 105
3483800 0 106
3485356 0 104
3486872 0 105
3488346 0 105
3489862 0 106
3491398 0 104
3492872 0 105
3494326 0 105
3495780 0 105
3497337 0 105
3498893 0 105
3500388 0 106
3501883 0 104
3503317 0 105
3504730 0 106
3506266 0 104
3507699 0 105
3509133 0 105
3510546 0 105
3512021 0 105
3513536 0 106
3514990 0 104
3516547 0 105
3518021 0 106
3519455 0 104
3520929 0 105
3522342 0 105
3523735 0 105
3525128 0 105
3526561 0 106
3528097 0 104
3529551 0 105
3531087 0 106
3532521 0 104
3533975 0 105
3535531 0 105
3536985 0 106
3538542 0 104
3540078 0 105
3541532 0 105
3543006 0 105
3544542 0 106
3545955 0 104
3547389 0 105
3548925 0 105
3550399 0 105
3551833 0 106
3553389 0 104
3554946 0 105
3556482 0 105
3557874 0 105
3559288 0 105
3560824 0 106
3562298 0 104
3563711 0 105
3565186 0 105
3566681 0 105
3568135 0 105
3569650 0 105
3571207 0 105
3572763 0 105
3574299 0 106
3575794 0 104
3577228 0 105
3578682 0 106
3580095 0 104
3581528 0 105
3582982 0 105
3584518 0 105
3586034 0 105
3587590 0 105
3589106 0 105
3590662 0 106
3592075 0 104
3593468 0 105
3595025 0 105
3596458 0 105
3597892 0 105
3599448 0 105
3600964 0 106
3602459 0 104
3603933 0 105
3605428 0 106
3606862 0 104
3608336 0 105
3609852 0 105
3611367 0 105
3612842 0 105
3614337 0 106
3615832 0 104
3617388 0 105
3618924 0 105
3620460 0 105
3621996 0 106
3623430 0 104
3624925 0 105
3626481 0 105
3628017 0 105
3629430 0 105
3630966 0 105
3632400 0 105
3633854 0 106
3635308 0 104
3636741 0 105
3638257 0 105
3639772 0 105
3641186 0 106
3642619 0 104
3644135 0 105
3645589 0 105
3647104 0 105
3648640 0 105
3650074 0 106
3651610 0 104
3653084 0 105
3654600 0 105
3656054 0 106
3657590 0 104
3659085 0 105
3660539 0 106
3661952 0 104
3663467 0 105
3664942 0 106
3666457 0 104
3667891 0 105
3669345 0 105
3670758 0 106
3672274 0 104
3673769 0 105
3675305 0 105
3676800 0 106
3678274 0 104
3679687 0 105
3681141 0 105
3682636 0 105
3684172 0 105
3685647 0 105
3687060 0 105
3688555 0 106
3690009 0 104
3691525 0 105
3692979 0 105
3694433 0 105
3695928 0 105
3697402 0 106
3698815 0 104
3700249 0 105
3701703 0 106
3703198 0 104
3704734 0 105
3706126 0 105
3707601 0 106
3709035 0 104
3710591 0 105
3712025 0 106
3713458 0 104
3714871 0 105
3716305 0 106
3717861 0 104
3719336 0 105
3720810 0 105
3722264 0 106
3723718 0 104
3725193 0 105
3726647 0 105
3728163 0 105
3729555 0 105
3731050 0 105
3732484 0 106
3734040 0 104
3735576 0 105
3736989 0 106
3738464 0 104
3739959 0 105
3741351 0 106
3742908 0 104
3744464 0 105
3746000 0 106
3747434 0 104
3748970 0 105
3750485 0 105
3752001 0 105
3753434 0 106
3754868 0 104
3756363 0 105
3757919 0 105
3759455 0 105
3760991 0 105
3762486 0 106
3763920 0 104
3765435 0 105
3766828 0 106
3768262 0 104
3769757 0 105
3771211 0 105
3772603 0 105
3774119 0 105
3775552 0 105
3777027 0 105
3778563 0 105
