80798 0 6
82272 0 6
83706 0 3
85119 0 1
86573 0 6
88006 0 4
89481 0 3
90976 0 4
92389 0 6
93946 0 8
95400 0 17
96895 0 20
98492 0 34
99885 0 1
101359 0 14
102834 0 26
104329 0 7
105885 0 13
107421 0 24
108834 0 13
110309 0 19
111845 0 15
113278 0 36
114855 0 1
116289 0 20
117886 0 17
119279 0 21
120754 0 14
122228 0 32
123702 0 2
125157 0 24
126693 0 26
128065 0 3
129560 0 17
131096 0 21
132550 0 17
134004 0 22
135437 0 25
136891 0 12
138345 0 19
139840 0 24
141376 0 31
142810 0 7
144305 0 17
145718 0 19
147172 0 13
148565 0 29
149957 0 6
151391 0 16
152865 0 25
154442 0 5
155917 0 13
157310 0 18
158805 0 19
160259 0 19
161795 0 23
163249 0 22
164805 0 15
166280 0 30
167754 0 9
169270 0 21
170744 0 26
172260 0 1
173673 0 18
175188 0 24
176581 0 14
178096 0 20
179632 0 16
181045 0 21
182479 0 35
184015 0 4
185449 0 20
187046 0 30
188459 0 10
189954 0 17
191470 0 16
192985 0 21
194480 0 18
195914 0 13
197327 0 27
198760 0 8
200235 0 24
201689 0 20
203245 0 20
204720 0 19
206215 0 19
207669 0 16
209164 0 28
210659 0 3
212195 0 23
213690 0 35
215185 0 3
216721 0 15
218155 0 33
219629 0 8
221227 0 21
222783 0 17
224298 0 20
225752 0 16
227145 0 21
228640 0 22
230156 0 18
231630 0 30
233125 0 2
234559 0 20
236013 0 13
237467 0 26
238859 0 11
240354 0 19
241890 0 16
243283 0 23
244819 0 16
246232 0 28
247625 0 4
249099 0 20
250553 0 19
252048 0 19
253584 0 15
255120 0 20
256677 0 29
258172 0 7
259667 0 23
261182 0 15
262636 0 14
264090 0 30
265503 0 6
267060 0 22
268637 0 23
270132 0 20
271729 0 20
273306 0 24
274699 0 26
276153 0 5
277668 0 22
279245 0 29
280740 0 11
282276 0 17
283792 0 20
285348 0 15
286782 0 22
288318 0 19
289874 0 21
291369 0 36
292823 0 2
294359 0 14
295772 0 34
297185 0 1
298640 0 17
300053 0 32
301507 0 5
303022 0 23
304579 0 34
306115 0 2
307569 0 23
309064 0 22
310518 0 24
312054 0 35
313487 0 3
315003 0 15
316457 0 15
317931 0 29
319426 0 8
320942 0 15
322437 0 14
323870 0 21
325345 0 16
326860 0 27
328355 0 6
329932 0 16
331448 0 19
332984 0 15
334520 0 18
335974 0 27
337387 0 10
338882 0 15
340336 0 19
341831 0 26
343285 0 6
344698 0 15
346255 0 20
347832 0 20
349347 0 24
350822 0 34
352276 0 6
353771 0 18
355327 0 15
356781 0 17
358297 0 28
359853 0 9
361410 0 23
362905 0 21
364379 0 17
365772 0 13
367287 0 13
368823 0 22
370400 0 33
371834 0 5
373349 0 23
374824 0 25
376237 0 5
377650 0 19
379124 0 31
380660 0 6
382217 0 15
383753 0 35
385268 0 5
386784 0 14
388320 0 25
389815 0 7
391371 0 23
392846 0 31
394300 0 2
395692 0 18
397249 0 20
398723 0 14
400157 0 35
401652 0 2
403188 0 14
404581 0 13
406014 0 32
407468 0 9
408902 0 19
410458 0 30
411912 0 2
413428 0 23
414902 0 30
416418 0 2
417913 0 17
419367 0 23
420862 0 18
422357 0 13
423852 0 19
425429 0 28
426965 0 12
428460 0 22
430016 0 15
431429 0 21
432924 0 15
434399 0 30
435853 0 8
437409 0 15
438843 0 24
440400 0 33
441956 0 10
443451 0 13
444966 0 15
446461 0 21
447977 0 23
449472 0 32
450844 0 12
452278 0 16
453670 0 16
455083 0 14
456517 0 18
458012 0 23
459487 0 18
460961 0 34
462497 0 6
464053 0 15
465467 0 28
466962 0 4
468477 0 21
470034 0 23
471590 0 16
472983 0 19
474478 0 22
475973 0 18
477386 0 22
478860 0 29
480232 0 12
481645 0 17
483079 0 14
484574 0 13
486110 0 33
487626 0 9
489202 0 19
490677 0 23
492070 0 14
493565 0 15
494978 0 23
496432 0 14
497845 0 30
499217 0 6
500753 0 21
502207 0 28
503661 0 1
505095 0 13
506590 0 21
508085 0 24
509600 0 19
511095 0 36
512631 0 6
514065 0 24
515580 0 33
517137 0 12
518550 0 19
519963 0 22
521417 0 18
522871 0 34
524407 0 3
525820 0 23
527336 0 20
528831 0 36
530387 0 1
531923 0 13
533459 0 18
534872 0 24
536367 0 24
537842 0 15
539337 0 21
540770 0 26
542306 0 1
543719 0 19
545235 0 27
546750 0 3
548245 0 23
549699 0 33
551153 0 8
552628 0 13
554061 0 31
555495 0 12
556970 0 17
558465 0 13
559878 0 29
561291 0 9
562847 0 13
564363 0 29
565796 0 1
567291 0 24
568684 0 27
570118 0 5
571510 0 22
572944 0 24
574459 0 14
575975 0 35
577429 0 11
578862 0 14
580275 0 21
581832 0 17
583245 0 21
584740 0 21
586317 0 36
587791 0 10
589225 0 15
590761 0 26
592215 0 5
593608 0 21
595103 0 14
596516 0 27
598031 0 10
599485 0 20
600960 0 22
602475 0 13
604011 0 20
605445 0 21
606940 0 31
608414 0 2
609930 0 19
611384 0 15
612879 0 21
614333 0 36
615869 0 12
617385 0 20
618920 0 16
620313 0 28
621870 0 6
623324 0 17
624778 0 18
626273 0 32
627686 0 3
629201 0 14
630614 0 13
632048 0 16
633522 0 19
635038 0 14
636451 0 33
637885 0 3
639400 0 18
640813 0 15
642226 0 36
643660 0 8
645196 0 15
646650 0 20
648165 0 16
649681 0 24
651237 0 22
652671 0 14
654166 0 32
655661 0 9
657135 0 17
658549 0 18
659982 0 20
661436 0 20
662931 0 25
664406 0 6
665860 0 23
667416 0 26
668788 0 5
670201 0 14
671717 0 13
673110 0 16
674482 0 16
675895 0 15
677308 0 26
678844 0 5
680380 0 15
681772 0 35
683267 0 12
684681 0 20
686135 0 32
687527 0 12
688961 0 19
690415 0 35
691889 0 8
693425 0 22
694859 0 17
696374 0 19
697910 0 35
699364 0 2
700757 0 15
702314 0 16
703706 0 34
705242 0 9
706655 0 19
708089 0 35
709584 0 4
711038 0 18
712533 0 35
714028 0 11
715523 0 23
717038 0 35
718492 0 8
719987 0 22
721462 0 16
722977 0 18
724493 0 13
726009 0 23
727524 0 20
729080 0 29
730493 0 10
731948 0 22
733402 0 35
734938 0 2
736392 0 21
737846 0 18
739320 0 17
740856 0 17
742392 0 24
743887 0 34
745403 0 8
746918 0 13
748393 0 13
749929 0 17
751342 0 21
752816 0 17
754270 0 33
755827 0 9
757383 0 15
758796 0 23
760332 0 15
761725 0 20
763322 0 19
764817 0 32
766251 0 8
767725 0 13
769261 0 19
770695 0 22
772272 0 14
773808 0 24
775221 0 29
776614 0 11
778047 0 19
779604 0 17
781037 0 17
782450 0 27
783966 0 1
785358 0 23
786915 0 16
788348 0 20
789823 0 15
791359 0 33
792915 0 11
794451 0 20
795926 0 36
797400 0 7
798916 0 24
800390 0 36
801926 0 10
803381 0 15
804876 0 16
806391 0 28
807886 0 3
809340 0 24
810753 0 22
812248 0 16
813661 0 22
815136 0 13
816528 0 33
817982 0 12
819396 0 15
820911 0 24
822324 0 13
823737 0 16
825253 0 29
826686 0 4
828161 0 14
829656 0 14
831049 0 23
832523 0 18
833957 0 29
835452 0 5
836967 0 13
838380 0 22
839896 0 24
841432 0 18
842947 0 14
844483 0 36
846060 0 12
847535 0 20
848968 0 15
850463 0 17
851999 0 32
853392 0 2
854846 0 13
856259 0 20
857733 0 20
859310 0 27
860805 0 4
862280 0 21
863775 0 26
865270 0 1
866724 0 17
868117 0 15
869653 0 14
871189 0 32
872663 0 8
874158 0 23
875592 0 25
877025 0 3
878541 0 18
880056 0 15
881572 0 34
883087 0 7
884521 0 14
885893 0 27
887429 0 10
888924 0 22
890398 0 21
891832 0 24
893348 0 33
894761 0 4
896256 0 16
897710 0 17
899102 0 24
900536 0 13
902072 0 20
903628 0 18
905123 0 17
906639 0 28
908031 0 7
909588 0 23
911124 0 31
912619 0 11
914052 0 16
915486 0 22
917022 0 23
918476 0 21
919910 0 22
921446 0 14
922982 0 35
924518 0 4
925910 0 15
927385 0 35
928859 0 4
930231 0 19
931665 0 17
933180 0 29
934614 0 3
936068 0 15
937461 0 21
938976 0 18
940533 0 19
942028 0 21
943523 0 13
944915 0 15
946369 0 28
947864 0 11
949339 0 18
950916 0 14
952411 0 30
953885 0 3
955278 0 19
956752 0 17
958288 0 14
959824 0 17
961381 0 34
962855 0 7
964371 0 20
965927 0 18
967381 0 13
968917 0 17
970392 0 15
971907 0 17
973341 0 35
974816 0 8
976270 0 18
977683 0 19
979260 0 13
980775 0 13
982311 0 24
1210253 0 101
1211666 0 101
1213079 0 101
1214533 0 101
1216069 0 101
1217543 0 101
1218997 0 101
1220411 0 101
1221906 0 101
1223421 0 101
1224916 0 102
1226391 0 102
1227845 0 102
1229299 0 102
1230712 0 103
1232227 0 101
1233620 0 102
1235013 0 103
1236426 0 101
1237859 0 102
1239313 0 103
1240829 0 101
1242283 0 102
1243778 0 103
1245232 0 101
1246706 0 102
1248099 0 102
1249533 0 103
1251069 0 101
1252502 0 102
1253956 0 102
1255369 0 102
1256823 0 103
1258298 0 101
1259793 0 102
1261185 0 102
1262640 0 102
1264073 0 102
1265548 0 102
1267022 0 103
1268558 0 101
1270012 0 102
1271569 0 102
1272982 0 102
1274456 0 102
1275910 0 102
1277364 0 102
1278798 0 103
1280313 0 101
1281768 0 102
1283222 0 103
1284696 0 101
1286232 0 102
1287666 0 102
1289202 0 102
1290656 0 103
1292130 0 101
1293666 0 102
1295079 0 102
1296554 0 102
1297987 0 103
1299421 0 101
1300977 0 102
1302431 0 102
1303865 0 103
1305381 0 101
1306916 0 102
1308412 0 102
1309947 0 102
1311504 0 102
1312917 0 102
1314351 0 102
1315887 0 103
1317361 0 101
1318795 0 102
1320269 0 102
1321703 0 102
1323218 0 102
1324631 0 102
1326126 0 102
1327601 0 103
1329116 0 101
1330550 0 102
1331963 0 102
1333458 0 102
1334871 0 102
1336325 0 102
1337759 0 102
1339151 0 103
1340585 0 101
1342060 0 102
1343555 0 103
1344988 0 101
1346401 0 102
1347896 0 102
1349391 0 102
1350845 0 103
1352320 0 101
1353856 0 102
1355351 0 102
1356887 0 102
1358423 0 102
1359856 0 102
1361392 0 103
1362805 0 101
1364362 0 102
1365775 0 103
1367188 0 101
1368622 0 102
1370096 0 102
1371632 0 102
1373148 0 103
1374663 0 101
1376199 0 102
1377653 0 103
1379128 0 101
1380541 0 102
1381954 0 102
1383428 0 103
1384841 0 101
1386377 0 102
1387791 0 102
1389327 0 102
1390760 0 102
1392255 0 102
1393709 0 102
1395102 0 103
1396556 0 101
1398051 0 102
1399525 0 102
1400938 0 102
1402352 0 102
1403826 0 103
1405301 0 101
1406837 0 102
1408352 0 102
1409909 0 103
1411424 0 101
1412858 0 102
1414332 0 103
1415889 0 101
1417445 0 102
1418981 0 103
1420537 0 101
1421971 0 102
1423405 0 102
1424900 0 102
1426292 0 103
1427787 0 101
1429241 0 102
1430736 0 102
1432211 0 102
1433644 0 102
1435119 0 103
1436634 0 101
1438109 0 102
1439604 0 102
1441140 0 102
1442676 0 102
1444089 0 103
1445584 0 101
1447120 0 102
1448574 0 103
1450028 0 101
1451503 0 102
1452936 0 102
1454411 0 102
1455926 0 102
1457421 0 103
1458855 0 101
1460248 0 102
1461763 0 103
1463197 0 101
1464692 0 102
1466248 0 102
1467764 0 102
1469279 0 103
1470835 0 101
1472392 0 102
1473805 0 103
1475321 0 101
1476856 0 102
1478372 0 103
1479887 0 101
1481362 0 102
1482898 0 102
1484413 0 102
1485868 0 103
1487424 0 101
1488960 0 102
1490414 0 103
1491929 0 101
1493384 0 102
1494879 0 102
1496312 0 102
1497787 0 102
1499261 0 102
1500674 0 103
1502149 0 101
1503623 0 102
1505159 0 103
1506736 0 101
1508211 0 102
1509624 0 102
1511078 0 102
1512532 0 102
1513986 0 102
1515379 0 103
1516792 0 101
1518287 0 102
1519802 0 102
1521277 0 102
1522690 0 103
1524103 0 101
1525598 0 102
1527052 0 102
1528527 0 102
1529960 0 103
1531435 0 101
1532889 0 102
1534343 0 102
1535735 0 102
1537169 0 102
1538644 0 102
1540057 0 102
1541613 0 102
1543149 0 103
1544705 0 101
1546160 0 102
1547675 0 102
1549191 0 102
1550624 0 102
1552037 0 102
1553532 0 102
1555068 0 103
1556604 0 101
1558058 0 102
1559512 0 103
1560966 0 101
1562400 0 102
1563854 0 102
1565369 0 102
1566905 0 102
1568421 0 102
1569895 0 103
1571411 0 101
1572906 0 102
1574421 0 102
1575875 0 102
1577411 0 102
1578825 0 103
1580299 0 101
1581733 0 102
1583187 0 102
1584620 0 102
1586095 0 102
1587631 0 103
1589167 0 101
1590662 0 102
1592095 0 102
1593570 0 102
1595106 0 103
1596560 0 101
1597973 0 102
1599427 0 102
1600861 0 103
1602356 0 101
1603912 0 102
1605428 0 102
1606964 0 102
1608479 0 103
1609974 0 101
1611449 0 102
1612882 0 102
1614295 0 103
1615831 0 101
1617224 0 102
1618637 0 102
1620071 0 102
1621463 0 103
1622958 0 101
1624433 0 102
1625928 0 102
1627443 0 102
1628959 0 103
1630515 0 101
1631928 0 102
1633321 0 102
1634836 0 102
1636270 0 102
1637724 0 102
1639158 0 103
1640632 0 101
1642045 0 102
1643479 0 102
1645035 0 102
1646448 0 102
1647882 0 102
1649356 0 103
1650790 0 101
1652203 0 102
1653637 0 102
1655152 0 103
1656586 0 101
1658040 0 102
1659494 0 103
1661050 0 101
1662525 0 102
1663999 0 102
1665412 0 103
1666948 0 101
1668484 0 102
1669897 0 102
1671392 0 102
1672928 0 102
1674464 0 102
1676000 0 102
1677495 0 102
1679011 0 103
1680567 0 101
1682103 0 102
1683496 0 102
1684889 0 103
1686465 0 101
1687879 0 102
1689415 0 103
1690930 0 101
1692343 0 102
1693859 0 102
1695313 0 102
1696849 0 103
1698323 0 101
1699777 0 102
1701313 0 102
1702706 0 102
1704139 0 102
1705634 0 103
1707129 0 101
1708543 0 102
1710038 0 103
1711594 0 101
1713089 0 102
1714564 0 102
1716038 0 102
1717554 0 103
1719110 0 101
1720605 0 102
1721998 0 102
1723411 0 102
1724824 0 103
1726339 0 101
1727732 0 102
1729145 0 102
1730681 0 102
1732094 0 102
1733548 0 102
1734982 0 102
1736374 0 103
1737890 0 101
1739405 0 102
1740798 0 103
1742334 0 101
1743747 0 102
1745242 0 102
1746758 0 103
1748191 0 101
1749625 0 102
1751161 0 102
1752697 0 102
1754110 0 102
1755605 0 102
1757038 0 103
1758595 0 101
1760028 0 102
1761503 0 103
1763018 0 101
1764493 0 102
1765886 0 102
1767278 0 102
1768671 0 102
1770125 0 102
1771579 0 103
1773074 0 101
1774487 0 102
1775982 0 102
1777456 0 102
1778992 0 102
1780406 0 102
1781798 0 102
1783232 0 103
1784788 0 101
1786263 0 102
1787778 0 102
1789232 0 102
1790748 0 102
1792263 0 103
1793840 0 101
1795335 0 102
1796810 0 102
1798366 0 102
1799902 0 103
1801336 0 101
1802851 0 102
1804285 0 102
1805698 0 102
1807234 0 102
1808749 0 103
1810183 0 101
1811678 0 102
1813152 0 102
1814627 0 102
1816122 0 102
1817658 0 103
1819194 0 101
1820628 0 102
1822020 0 103
1823577 0 101
1824969 0 102
1826362 0 103
1827795 0 101
1829209 0 102
1830642 0 102
1832096 0 102
1833591 0 102
1835148 0 102
1836602 0 103
1838158 0 101
1839633 0 102
1841025 0 102
1842561 0 102
1843974 0 103
1845510 0 101
1847005 0 102
1848398 0 102
1849913 0 103
1851429 0 101
1852822 0 102
1854255 0 102
1855709 0 102
1857143 0 102
1858617 0 103
1860092 0 101
1861628 0 102
1863082 0 102
1864597 0 102
1866092 0 102
1867505 0 102
1868898 0 102
1870311 0 102
1871765 0 103
1873342 0 101
1874878 0 102
1876414 0 102
1877950 0 102
1879425 0 103
1880899 0 101
1882353 0 102
1883787 0 103
1885200 0 101
1886736 0 102
1888231 0 103
1889644 0 101
1891139 0 102
1892654 0 102
1894149 0 102
1895563 0 102
1897037 0 102
1898471 0 103
1899904 0 101
1901358 0 102
1902833 0 102
1904369 0 102
1905802 0 102
1907256 0 102
1908751 0 103
1910287 0 101
1911803 0 102
1913318 0 102
1914793 0 102
1916288 0 102
1917803 0 103
1919216 0 101
1920691 0 102
1922145 0 102
1923640 0 102
1925156 0 102
1926692 0 102
1928166 0 102
1929559 0 103
1930992 0 101
1932405 0 102
1933818 0 102
1935211 0 102
1936645 0 102
1938099 0 103
1939532 0 101
1940966 0 102
1942461 0 103
1943915 0 101
1945308 0 102
1946721 0 103
1948134 0 101
1949690 0 102
1951185 0 102
1952619 0 102
1954052 0 102
1955465 0 103
1957001 0 101
1958517 0 102
1959971 0 103
1961466 0 101
1962941 0 102
1964333 0 103
1965767 0 101
1967221 0 102
1968757 0 102
1970190 0 103
1971747 0 101
1973262 0 102
1974675 0 103
1976211 0 101
1977604 0 102
1979140 0 102
1980553 0 102
1982068 0 103
1983502 0 101
1984915 0 102
1986328 0 103
1987782 0 101
1989298 0 102
1990813 0 103
1992349 0 101
1993803 0 102
1995257 0 102
1996752 0 102
1998206 0 102
1999701 0 103
2001115 0 101
2002528 0 102
2004002 0 103
2005559 0 101
2006972 0 102
2008508 0 103
2009962 0 101
2011498 0 102
2012890 0 102
2014406 0 102
2015921 0 102
2017355 0 103
2018911 0 101
2020304 0 102
2021778 0 102
2023274 0 102
2024748 0 102
2026223 0 102
2027656 0 103
2029172 0 101
2030708 0 102
2032121 0 103
2033575 0 101
2035049 0 102
2036462 0 102
2037875 0 102
2039411 0 102
2040845 0 103
2042401 0 101
2043856 0 102
2045351 0 102
2046846 0 103
2048259 0 101
2049754 0 102
2051290 0 103
2052723 0 101
2054218 0 102
2055754 0 102
2057208 0 102
2058601 0 102
2060137 0 102
2061632 0 102
2063086 0 102
2064581 0 103
2066076 0 101
2067509 0 102
2069045 0 103
2070459 0 101
2071913 0 102
2073367 0 103
2074780 0 101
2076234 0 102
2077688 0 102
2079203 0 102
2080596 0 102
2082111 0 103
2083668 0 101
2085122 0 102
2086637 0 102
2088051 0 102
2089505 0 102
2091020 0 103
2092495 0 101
2093949 0 102
2095485 0 102
2096959 0 102
2098393 0 103
2099908 0 101
2101424 0 102
2102898 0 103
2104393 0 101
2105827 0 102
2107383 0 102
2450438 0 41
2451913 0 41
2453387 0 46
2454923 0 45
2456480 0 37
2457872 0 43
2459347 0 40
2460760 0 42
2462234 0 43
2463647 0 41
2465081 0 50
2466555 0 54
2467969 0 56
2469423 0 58
2470918 0 51
2472454 0 53
2473887 0 70
2475280 0 40
2476693 0 56
2478229 0 71
2479765 0 44
2481260 0 58
2482693 0 54
2484209 0 54
2485745 0 56
2487301 0 71
2488817 0 40
2490230 0 58
2491766 0 52
2493199 0 52
2494756 0 72
2496271 0 40
2497828 0 52
2499282 0 57
2500756 0 56
2502272 0 60
2503685 0 60
2505180 0 53
2506614 0 70
2508047 0 45
2509563 0 60
2511037 0 53
2512450 0 49
2513986 0 61
2515399 0 48
2516935 0 53
2518492 0 59
2519987 0 58
2521502 0 58
2522977 0 67
2524431 0 44
2525864 0 57
2527441 0 52
2528855 0 53
2530288 0 57
2531763 0 68
2533176 0 43
2534691 0 51
2536166 0 57
2537620 0 53
2539094 0 54
2540507 0 52
2542002 0 66
2543457 0 45
2544890 0 60
2546447 0 70
2547860 0 43
2549375 0 51
2550932 0 51
2552468 0 63
2553881 0 40
2555376 0 54
2556871 0 67
2558366 0 39
2559779 0 58
2561253 0 61
2562687 0 41
2564182 0 52
2565738 0 52
2567233 0 70
2568667 0 43
2570121 0 59
2571534 0 58
2573050 0 51
2574565 0 50
2576040 0 63
2577494 0 37
2578968 0 55
2580463 0 63
2581938 0 41
2583453 0 53
2584907 0 63
2586402 0 41
2587856 0 54
2589351 0 53
2590764 0 61
2592280 0 46
2593713 0 53
2595250 0 72
2596642 0 41
2598076 0 55
2599632 0 71
2601045 0 45
2602520 0 58
2603953 0 50
2605387 0 56
2606882 0 53
2608356 0 72
2609851 0 46
2611306 0 54
2612719 0 51
2614214 0 59
2615729 0 52
2617163 0 51
2618637 0 68
2620071 0 41
2621627 0 57
2623204 0 62
2624658 0 40
2626174 0 58
2627607 0 59
2629020 0 71
2630515 0 46
2632031 0 55
2633464 0 72
2634959 0 42
2636352 0 60
2637909 0 59
2639383 0 57
2640919 0 59
2642373 0 60
2643868 0 49
2645363 0 60
2646838 0 72
2648230 0 44
2649643 0 53
2651118 0 49
2652551 0 60
2654087 0 57
2655664 0 65
2657077 0 38
2658593 0 51
2660088 0 58
2661562 0 54
2663119 0 52
2664655 0 71
2666068 0 45
2667584 0 51
2669038 0 54
2670533 0 49
2672089 0 57
2673564 0 62
2674977 0 46
2676533 0 58
2677967 0 52
2679380 0 60
2680936 0 51
2682493 0 49
2683947 0 51
2685421 0 51
2686896 0 70
2688411 0 46
2689947 0 56
2691401 0 68
2692937 0 48
2694432 0 60
2695948 0 51
2697504 0 53
2698958 0 64
2700453 0 46
2702010 0 49
2703505 0 72
2704959 0 47
2706392 0 50
2707887 0 55
2709321 0 49
2710755 0 61
2712229 0 42
2713765 0 55
2715219 0 56
2716673 0 59
2718127 0 68
2719561 0 44
2721097 0 49
2722510 0 60
2723923 0 59
2725479 0 66
2726954 0 43
2728428 0 52
2729862 0 66
2731337 0 46
2732893 0 57
2734449 0 60
2735965 0 54
2737480 0 59
2738955 0 61
2740471 0 41
2741884 0 50
2743420 0 49
2744853 0 53
2746328 0 60
2747782 0 62
2749338 0 45
2750813 0 55
2752349 0 51
2753905 0 70
2755380 0 37
2756834 0 49
2758329 0 58
2759783 0 62
2761257 0 40
2762670 0 59
2764124 0 60
2765599 0 53
2767094 0 68
2768609 0 46
2770084 0 59
2771579 0 57
2773115 0 66
2774651 0 45
2776207 0 58
2777662 0 66
2779218 0 38
2780652 0 55
2782126 0 49
2783580 0 51
2785034 0 70
2786529 0 46
2788024 0 49
2789499 0 50
2791014 0 69
2792571 0 48
2794025 0 50
2795581 0 72
2797056 0 40
2798469 0 58
2799943 0 72
2801459 0 42
2802913 0 52
2804326 0 58
2805903 0 55
2807459 0 53
2808975 0 61
2810429 0 38
2811903 0 50
2813378 0 58
2814812 0 70
2816307 0 47
2817863 0 52
2819399 0 55
2820874 0 54
2822348 0 56
2823864 0 51
2825359 0 60
2826895 0 50
2828328 0 66
2829762 0 47
2831277 0 53
2832813 0 49
2834288 0 49
2835824 0 59
2837298 0 55
2838814 0 60
2840268 0 70
2841701 0 44
2843114 0 54
2844568 0 66
2846023 0 39
2847497 0 50
2848972 0 49
2850508 0 56
2851982 0 67
2853436 0 44
2854849 0 58
2856344 0 71
2857737 0 48
2859170 0 53
2860624 0 64
2862058 0 47
2863594 0 57
2865130 0 52
2866666 0 51
2868222 0 60
2869697 0 64
2871171 0 41
2872687 0 51
2874202 0 51
2875759 0 53
2877275 0 51
2878831 0 65
2880387 0 43
2881903 0 49
2883418 0 52
2884893 0 66
2886306 0 41
2887780 0 52
2889275 0 50
2890689 0 49
2892204 0 62
2893699 0 37
2895133 0 56
2896546 0 55
2898061 0 60
2899536 0 62
2900969 0 39
2902464 0 54
2903877 0 55
2905413 0 60
2906888 0 50
2908322 0 50
2909796 0 60
2911271 0 67
2912704 0 37
2914220 0 56
2915653 0 56
2917087 0 52
2918582 0 51
2920015 0 50
2921572 0 66
2923067 0 47
2924480 0 60
2925954 0 50
2927490 0 51
2929026 0 52
2930583 0 49
2932119 0 59
2933593 0 72
2934986 0 47
2936420 0 60
2937976 0 63
2939410 0 37
2940823 0 59
2942236 0 59
2943669 0 58
2945144 0 56
2946557 0 50
2948093 0 56
2949506 0 72
2951042 0 42
2952476 0 49
2953909 0 54
2955363 0 53
2956797 0 59
2958292 0 54
2959807 0 60
2961302 0 61
2962797 0 42
2964333 0 60
2965890 0 56
2967446 0 49
2968859 0 51
2970375 0 63
2971870 0 47
2973324 0 53
2974737 0 67
2976150 0 45
2977625 0 59
2979099 0 62
2980533 0 42
2982048 0 57
2983502 0 52
2984936 0 54
2986369 0 62
2987864 0 40
2989400 0 60
2990916 0 57
2992390 0 52
2993844 0 59
2995299 0 61
2996753 0 41
2998227 0 57
2999722 0 54
3001217 0 58
3002692 0 58
3004269 0 68
3005805 0 39
3007279 0 57
3008836 0 69
3010412 0 42
3011826 0 51
3013239 0 69
3014775 0 39
3016270 0 50
3017785 0 54
3019260 0 58
3020816 0 52
3022311 0 54
3023745 0 62
3025199 0 40
3026735 0 52
3028250 0 64
3029663 0 39
3031179 0 60
3032694 0 51
3034251 0 63
3035746 0 47
3037220 0 50
3038736 0 60
3040272 0 60
3041787 0 55
3043241 0 60
3044736 0 54
3046252 0 62
3047747 0 40
3049303 0 53
3050839 0 58
3052293 0 49
3053788 0 56
3055283 0 53
3056799 0 72
3058192 0 45
3059666 0 58
3061161 0 50
3062656 0 70
3064090 0 37
3065544 0 58
3067121 0 49
3068677 0 54
3070070 0 49
3071606 0 59
3073019 0 68
3074555 0 38
3076029 0 52
3077442 0 51
3078855 0 65
3080289 0 48
3081784 0 59
3083299 0 55
3084774 0 49
3086269 0 57
3087682 0 58
3089239 0 64
3090652 0 41
3092065 0 50
3093478 0 60
3094891 0 49
3096325 0 54
3097758 0 60
3099315 0 49
3100851 0 69
3102407 0 41
3103861 0 55
3105295 0 55
3106728 0 58
3108182 0 62
3109595 0 47
3111152 0 59
3112606 0 52
3114121 0 56
3115596 0 57
3117111 0 57
3118688 0 65
3120183 0 37
3121699 0 51
3123173 0 56
3124648 0 57
3126122 0 52
3127679 0 60
3129174 0 66
3130689 0 39
3132102 0 52
3133638 0 60
3135133 0 58
3136690 0 71
3138144 0 47
3139618 0 58
3141175 0 61
3142588 0 42
3144124 0 56
3145639 0 59
3147053 0 54
3148507 0 71
3150002 0 48
3151435 0 59
3152951 0 69
3154466 0 43
3155879 0 60
3157292 0 57
3158787 0 49
3160344 0 55
3161880 0 59
3163416 0 50
3164870 0 64
3166324 0 45
3167778 0 57
3169212 0 71
3170604 0 47
3172099 0 59
3173574 0 53
3175089 0 49
3176523 0 59
3177977 0 55
3179410 0 64
3180844 0 45
3182257 0 55
3183732 0 50
3185227 0 55
3186722 0 56
3188217 0 49
3189671 0 54
3191063 0 66
3192579 0 39
3194012 0 57
3195528 0 57
3197043 0 62
3198559 0 39
3200013 0 57
3201487 0 65
3203023 0 48
3204436 0 51
3205952 0 58
3207529 0 58
3209024 0 57
3210519 0 54
3212034 0 56
3213570 0 56
3215045 0 65
3216601 0 48
3218014 0 53
3219428 0 70
3220923 0 47
3222459 0 58
3223933 0 50
3225428 0 62
3226821 0 48
3228336 0 52
3229790 0 52
3231265 0 55
3232698 0 67
3234214 0 42
3235750 0 56
3237224 0 58
3238760 0 59
3240173 0 62
3241689 0 47
3243245 0 58
3244802 0 57
3246297 0 67
3247771 0 40
3249246 0 52
3250659 0 64
3252175 0 45
3253629 0 58
3255062 0 57
3256475 0 58
3257991 0 61
3259424 0 46
3260960 0 54
3262517 0 61
3263950 0 40
3265363 0 58
3266920 0 58
3268476 0 58
3270053 0 67
3271466 0 41
3272961 0 50
3274395 0 49
3275870 0 55
3277344 0 56
3278798 0 57
3280375 0 53
3281809 0 70
3283304 0 43
3284860 0 56
3286314 0 64
3287850 0 39
3289366 0 57
3290820 0 69
3292376 0 39
3293912 0 54
3295407 0 54
3296923 0 61
3298397 0 41
3299872 0 57
3301285 0 58
3302759 0 65
3304234 0 47
3305667 0 49
3307142 0 72
3308534 0 37
3310050 0 56
3311627 0 70
3313060 0 42
3314453 0 59
3315969 0 70
3317341 0 47
3318754 0 58
3320310 0 61
3321846 0 44
3323362 0 55
3324918 0 55
3326352 0 53
3327867 0 67
3329321 0 42
3330878 0 57
3332332 0 51
3333786 0 61
3335281 0 37
3336776 0 55
3338271 0 57
3339704 0 54
3341138 0 55
3342572 0 58
3344149 0 61
3345644 0 40
3347118 0 55
3348531 0 49
3350067 0 58
3351501 0 49
3352975 0 58
3364592 0 104
3365985 0 104
3367541 0 104
3369036 0 104
3370552 0 104
3372088 0 104
3373562 0 104
3374996 0 104
3376511 0 104
3378047 0 104
3379481 0 105
3381037 0 105
3382512 0 105
3383945 0 105
3385440 0 106
3386935 0 104
3388451 0 105
3389885 0 105
3391441 0 106
3392956 0 104
3394513 0 105
3396008 0 105
3397442 0 105
3398977 0 105
3400411 0 106
3401886 0 104
3403340 0 105
3404794 0 106
3406186 0 104
3407661 0 105
3409074 0 105
3410487 0 105
3412003 0 105
3413395 0 105
3414890 0 105
3416426 0 105
3417921 0 106
3419416 0 104
3420809 0 105
3422304 0 106
3423819 0 104
3425273 0 105
3426830 0 105
3428366 0 105
3429799 0 105
3431274 0 106
3432830 0 104
3434325 0 105
3435779 0 106
3437295 0 104
3438769 0 105
3440183 0 105
3441596 0 105
3443132 0 106
3444606 0 104
3445999 0 105
3447514 0 106
3448989 0 104
3450422 0 105
3451876 0 106
3453371 0 104
3454805 0 105
3456341 0 105
3457856 0 105
3459331 0 105
3460887 0 106
3462423 0 104
3463816 0 105
3465229 0 106
3466704 0 104
3468178 0 105
3469653 0 105
3471209 0 106
3472622 0 104
3474138 0 105
3475633 0 105
3477148 0 105
3478582 0 105
3480118 0 106
3481551 0 104
3483005 0 105
3484562 0 105
3486036 0 106
3487593 0 104
3489006 0 105
3490460 0 105
3491976 0 105
3493491 0 105
3494966 0 105
3496399 0 105
3497853 0 106
3499287 0 104
3500700 0 105
3502154 0 105
3503628 0 105
3505082 0 105
3506557 0 105
3507970 0 106
3509527 0 104
3510960 0 105
3512414 0 106
3513950 0 104
3515384 0 105
3516838 0 105
3518312 0 105
3519869 0 105
3521405 0 105
3522900 0 105
3524313 0 106
3525746 0 104
3527241 0 105
3528757 0 105
3530231 0 105
3531726 0 105
3533119 0 105
3534635 0 106
3536191 0 104
3537707 0 105
3539222 0 105
3540615 0 105
3542130 0 105
3543646 0 106
3545059 0 104
3546472 0 105
3548028 0 106
3549523 0 104
3551018 0 105
3552534 0 105
3554049 0 105
3555483 0 106
3556937 0 104
3558411 0 105
3559865 0 105
3561320 0 105
3562753 0 106
3564248 0 104
3565682 0 105
3567197 0 106
3568631 0 104
3570044 0 105
3571436 0 106
3572850 0 104
3574386 0 105
3575901 0 105
3577417 0 106
3578932 0 104
3580407 0 105
3581963 0 105
3583438 0 106
3584851 0 104
3586346 0 105
3587779 0 105
3589213 0 105
3590749 0 106
3592203 0 104
3593739 0 105
3595234 0 105
3596688 0 105
3598244 0 106
3599657 0 104
3601152 0 105
3602545 0 105
3604061 0 105
3605474 0 105
3606887 0 105
3608361 0 106
3609856 0 104
3611413 0 105
3612826 0 106
3614362 0 104
3615836 0 105
3617270 0 105
3618704 0 106
3620178 0 104
3621591 0 105
3622984 0 105
3624540 0 105
3625974 0 105
3627448 0 106
3628902 0 104
3630315 0 105
3631749 0 105
3633285 0 105
3634678 0 106
3636173 0 104
3637729 0 105
3639224 0 105
3640699 0 106
3642255 0 104
3643750 0 105
3645306 0 105
3646740 0 105
3648133 0 106
3649587 0 104
3651102 0 105
3652515 0 105
3653969 0 105
3655444 0 105
3656918 0 105
3658331 0 105
3659827 0 105
3661383 0 106
3662796 0 104
3664271 0 105
3665786 0 105
3667179 0 105
3668633 0 106
3670189 0 104
3671623 0 105
3673138 0 106
3674654 0 104
3676128 0 105
3677582 0 106
3679057 0 104
3680552 0 105
3682088 0 105
3683644 0 105
3685057 0 105
3686532 0 106
3688006 0 104
3689420 0 105
3690956 0 105
3692471 0 105
3693905 0 105
3695400 0 105
3696854 0 106
3698349 0 104
3699844 0 105
3701298 0 105
3702813 0 106
3704247 0 104
3705660 0 105
3707216 0 105
3708711 0 106
3710145 0 104
3711681 0 105
3713115 0 105
3714671 0 105
3716207 0 105
3717620 0 105
3719156 0 105
3720631 0 106
3722187 0 104
3723600 0 105
3725095 0 106
3726631 0 104
3728126 0 105
3729601 0 105
3731157 0 105
3732611 0 106
3734024 0 104
3735519 0 105
3736912 0 106
3738345 0 104
3739820 0 105
3741254 0 105
3742728 0 105
3744162 0 105
3745657 0 105
3747070 0 105
3748503 0 106
3749998 0 104
3751411 0 105
3752947 0 105
3754401 0 105
3755876 0 106
3757269 0 104
3758805 0 105
3760197 0 105
3761733 0 105
3763167 0 106
3764641 0 104
3766075 0 105
3767570 0 105
3769106 0 105
3770580 0 105
3772116 0 105
3773529 0 106
3774983 0 104
3776499 0 105
3778035 0 106
3779489 0 104
3780882 0 105
3782377 0 105
3783872 0 105
3785285 0 105
3786698 0 106
3788172 0 104
3789688 0 105
3791080 0 105
3792616 0 105
3794030 0 105
3795463 0 105
3796999 0 105
3798515 0 106
3800010 0 104
3801402 0 105
3802815 0 106
3804228 0 104
3805723 0 105
3807239 0 105
3808693 0 105
3810249 0 105
3811724 0 105
3813280 0 105
3814755 0 105
3816229 0 106
3817643 0 104
3819199 0 105
3820633 0 105
3822148 0 105
3823582 0 105
3825015 0 105
3826551 0 105
3828046 0 105
3829582 0 106
3831036 0 104
3832511 0 105
3834067 0 105
3835521 0 106
3836955 0 104
3838429 0 105
3839883 0 105
3841399 0 106
3842873 0 104
3844287 0 105
3845761 0 105
3847277 0 105
3848710 0 105
3850205 0 105
3851598 0 105
3852990 0 105
3854485 0 106
3855980 0 104
3857393 0 105
3858889 0 106
3860384 0 104
3861838 0 105
3863394 0 105
3864848 0 105
3866282 0 106
3867777 0 104
3869251 0 105
3870664 0 105
3872057 0 106
3873491 0 104
3874945 0 105
3876337 0 105
3877730 0 105
3879204 0 106
3880761 0 104
3882256 0 105
3883771 0 106
3885205 0 104
3886659 0 105
3888113 0 105
3889587 0 105
3891001 0 105
3892475 0 105
3894011 0 105
3895527 0 105
3896960 0 106
3898496 0 104
3899930 0 105
3901425 0 106
3902817 0 104
3904333 0 105
3905746 0 106
3907241 0 104
3908674 0 105
3910190 0 105
3911603 0 105
3913078 0 105
3914491 0 105
3916027 0 105
3917460 0 106
3918955 0 104
3920471 0 105
3921986 0 105
3923379 0 105
3924874 0 105
3926389 0 105
3927925 0 105
3929400 0 105
3930895 0 106
3932308 0 104
3933762 0 105
3935175 0 105
3936609 0 105
3938001 0 105
3939455 0 105
3940971 0 105
3942466 0 106
3943981 0 104
3945538 0 105
3947012 0 105
3948507 0 105
3949961 0 106
3951395 0 104
3952870 0 105
3954365 0 105
3955921 0 105
3957375 0 106
3958829 0 104
3960386 0 105
3961881 0 105
3963376 0 105
3964789 0 105
3966345 0 106
3967758 0 104
3969294 0 105
3970769 0 105
3972202 0 105
3973697 0 106
3975131 0 104
3976687 0 105
3978100 0 105
3979514 0 106
3980988 0 104
3982483 0 105
3983999 0 105
3985453 0 105
3986968 0 106
3988484 0 104
3989876 0 105
3991310 0 105
3992805 0 105
3994238 0 105
3995795 0 105
3997208 0 106
3998703 0 104
4000177 0 105
4001713 0 105
4003249 0 105
4004785 0 106
4006321 0 104
4007857 0 105
4009270 0 106
4010806 0 104
4012322 0 105
4013776 0 106
4015250 0 104
4016664 0 105
4018138 0 105
4019572 0 106
4021005 0 104
4022418 0 105
4023934 0 106
4025347 0 104
4026781 0 105
4028276 0 105
4029750 0 106
4031204 0 104
4032720 0 105
4034174 0 106
4035710 0 104
4037184 0 105
4038597 0 106
4040154 0 104
4041628 0 105
4043103 0 105
4044536 0 106
4045970 0 104
4047403 0 105
4048899 0 106
4050353 0 104
4051786 0 105
4053240 0 106
4054756 0 104
4056148 0 105
4057705 0 105
4059179 0 105
4060736 0 105
4062251 0 105
4063767 0 105
4065303 0 106
4066859 0 104
4068272 0 105
4069706 0 105
4071221 0 105
4072716 0 106
4074232 0 104
4075727 0 105
4077181 0 105
4078717 0 105
4080273 0 106
4081727 0 104
4083202 0 105
4084595 0 106
4086028 0 104
4087503 0 105
4088998 0 106
4090513 0 104
4091947 0 105
4093462 0 105
4094875 0 105
4096289 0 105
4097722 0 106
4099237 0 104
4100753 0 105
4102146 0 105
4103661 0 106
4105074 0 104
4106590 0 105
4108105 0 105
4109621 0 105
4111095 0 105
4112529 0 105
4114024 0 106
4115457 0 104
4116973 0 105
4118447 0 105
4119942 0 106
4121437 0 104
4122912 0 105
4124448 0 105
4125963 0 105
4127499 0 105
4129015 0 105
4130551 0 105
4132087 0 106
4133541 0 104
4135056 0 105
4136469 0 106
4137882 0 104
4139418 0 105
4140893 0 105
4142306 0 105
4143822 0 106
4145337 0 104
4146771 0 105
4148245 0 106
4149679 0 104
4151153 0 105
4152546 0 105
4154041 0 105
4155434 0 105
4156888 0 105
4158301 0 106
4159714 0 104
4161229 0 105
4162642 0 105
4164076 0 105
4165612 0 105
4167046 0 106
4168520 0 104
4170036 0 105
4171531 0 106
4172964 0 104
4174500 0 105
4176057 0 105
4177572 0 105
4178985 0 105
4180542 0 105
4182098 0 106
4183634 0 104
4185027 0 105
4186563 0 106
4188017 0 104
4189532 0 105
4190966 0 106
4192481 0 104
4193976 0 105
4195451 0 106
4196946 0 104
4198400 0 105
4199833 0 105
4201308 0 106
4202864 0 104
4204298 0 105
4205732 0 105
4207267 0 105
4208803 0 105
4210278 0 106
4211834 0 104
4213370 0 105
4214865 0 105
4216340 0 106
4217753 0 104
4219269 0 105
4220702 0 106
4222156 0 104
4223672 0 105
4225064 0 105
4226457 0 105
4227871 0 105
4229426 0 106
4230942 0 104
4232396 0 105
4233911 0 105
4235386 0 105
4236861 0 105
4238376 0 105
4239789 0 105
4241202 0 105
4242595 0 106
4244110 0 104
4245646 0 105
4247141 0 105
4248534 0 105
4249947 0 106
4251360 0 104
4252773 0 105
4254207 0 106
4255702 0 104
4257197 0 105
4258712 0 105
4260248 0 105
4261743 0 105
4263300 0 105
