48577 0 6
50072 0 2
51547 0 7
53021 0 3
54537 0 11
56073 0 7
57650 0 2
59083 0 5
60558 0 6
62053 0 8
63527 0 22
65043 0 17
66579 0 24
67971 0 18
69507 0 24
70961 0 20
72538 0 33
73951 0 6
75405 0 18
76819 0 20
78334 0 19
79850 0 21
81365 0 23
82860 0 36
84335 0 7
85891 0 18
87345 0 17
88738 0 21
90171 0 28
91584 0 5
93079 0 16
94554 0 29
96049 0 8
97564 0 14
99100 0 20
100657 0 24
102131 0 32
103585 0 3
104978 0 18
106514 0 14
107989 0 36
109422 0 1
110938 0 23
112351 0 14
113743 0 15
115239 0 22
116815 0 14
118228 0 23
119621 0 31
121177 0 12
122672 0 13
124086 0 19
125540 0 14
127014 0 13
128468 0 13
130004 0 32
131438 0 1
132851 0 19
134387 0 28
135779 0 5
137193 0 23
138708 0 24
140265 0 20
141719 0 17
143111 0 27
144606 0 3
145999 0 18
147555 0 25
149091 0 9
150586 0 19
152040 0 24
153535 0 25
155092 0 8
156689 0 21
158225 0 16
159597 0 33
161051 0 12
162505 0 18
163959 0 27
165393 0 12
166909 0 23
168383 0 25
169878 0 1
171291 0 21
172848 0 27
174302 0 1
175817 0 20
177353 0 21
178848 0 14
180364 0 23
181838 0 20
183395 0 17
184849 0 31
186426 0 4
187818 0 15
189354 0 20
190870 0 32
192406 0 8
193942 0 15
195396 0 35
196911 0 4
198406 0 17
199922 0 19
201355 0 13
202850 0 23
204366 0 21
205922 0 13
207397 0 19
208974 0 34
210407 0 2
211861 0 14
213377 0 15
214810 0 14
216264 0 24
217739 0 31
219275 0 7
220831 0 13
222244 0 27
223739 0 10
225173 0 13
226607 0 16
227999 0 24
229392 0 19
230805 0 18
232259 0 33
233795 0 3
235290 0 17
236806 0 20
238362 0 22
239796 0 22
241352 0 14
242745 0 14
244219 0 22
245694 0 26
247107 0 12
248643 0 13
250158 0 18
251694 0 34
253210 0 8
254746 0 21
256241 0 19
257797 0 19
259272 0 28
260767 0 12
262180 0 16
263695 0 21
265170 0 34
266562 0 11
267996 0 20
269430 0 21
270863 0 34
272256 0 9
273792 0 16
275287 0 13
276843 0 19
278359 0 16
279792 0 19
281308 0 35
282741 0 10
284175 0 21
285649 0 35
287042 0 9
288599 0 16
290053 0 14
291445 0 15
292940 0 21
294435 0 22
295951 0 29
297343 0 6
298920 0 20
300477 0 24
301972 0 21
303405 0 23
304900 0 14
306334 0 17
307767 0 28
309201 0 3
310696 0 23
312212 0 21
313789 0 22
315283 0 15
316697 0 36
318212 0 11
319728 0 16
321202 0 21
322636 0 21
324069 0 21
325564 0 21
327039 0 29
328575 0 11
330090 0 18
331626 0 35
333162 0 3
334719 0 23
336275 0 24
337770 0 25
339265 0 12
340781 0 16
342194 0 33
343730 0 5
345204 0 22
346720 0 23
348153 0 25
349710 0 10
351287 0 20
352843 0 33
354400 0 4
355833 0 16
357308 0 13
358803 0 18
360236 0 23
361629 0 14
363124 0 28
364517 0 9
366032 0 18
367548 0 17
368940 0 22
370456 0 21
372012 0 14
373507 0 31
374941 0 1
376415 0 17
377890 0 18
379446 0 21
380900 0 13
382313 0 21
383788 0 27
385344 0 11
386839 0 22
388375 0 29
389829 0 4
391283 0 13
392778 0 30
394171 0 4
395564 0 22
397120 0 24
398513 0 17
399946 0 14
401339 0 29
402772 0 7
404267 0 19
405763 0 18
407217 0 20
408712 0 16
410227 0 17
411681 0 18
413094 0 28
414548 0 2
415941 0 14
417354 0 15
418808 0 20
420324 0 20
421757 0 18
423293 0 19
424870 0 31
426365 0 2
427799 0 22
429335 0 16
430707 0 13
432120 0 13
433635 0 17
435028 0 26
436482 0 7
438018 0 14
439513 0 21
441049 0 25
442483 0 12
443896 0 22
445350 0 13
446783 0 21
448299 0 19
449773 0 22
451186 0 13
452599 0 27
454115 0 3
455651 0 24
457187 0 27
458682 0 3
460075 0 15
461549 0 18
463106 0 23
464539 0 31
466116 0 5
467529 0 23
469065 0 32
470519 0 5
472055 0 20
473530 0 27
474963 0 12
476376 0 19
477830 0 17
479367 0 27
480902 0 4
482418 0 19
483851 0 14
485367 0 36
486944 0 2
488459 0 18
489913 0 16
491326 0 16
492781 0 13
494194 0 22
495627 0 25
497204 0 4
498576 0 18
500133 0 35
501587 0 7
503123 0 22
504577 0 14
506092 0 21
507669 0 22
509123 0 31
510659 0 9
512195 0 13
513711 0 18
515206 0 24
516680 0 16
518052 0 16
519465 0 15
520920 0 19
522374 0 26
523848 0 2
525261 0 14
526797 0 13
528333 0 22
529849 0 31
531303 0 10
532716 0 18
534190 0 22
535685 0 13
537242 0 29
538655 0 9
540170 0 14
541563 0 17
542956 0 17
544430 0 13
545884 0 24
547338 0 19
548751 0 17
550205 0 31
551721 0 5
553175 0 24
554629 0 22
556145 0 16
557517 0 36
559073 0 5
560609 0 19
562145 0 22
563640 0 36
565053 0 10
566589 0 22
568105 0 27
569579 0 5
571095 0 14
572631 0 15
574105 0 22
575682 0 22
577259 0 31
578713 0 7
580126 0 23
581662 0 18
583178 0 29
584570 0 5
585963 0 23
587437 0 26
588953 0 10
590489 0 19
591943 0 22
593417 0 18
594831 0 16
596244 0 25
597800 0 7
599336 0 21
600852 0 24
602265 0 23
603719 0 16
605214 0 18
606750 0 34
608286 0 1
609719 0 13
611214 0 27
612730 0 5
614266 0 17
615761 0 16
617194 0 24
618689 0 24
620184 0 13
621700 0 13
623133 0 31
624567 0 6
626001 0 19
627434 0 30
628806 0 7
630240 0 13
631632 0 35
633148 0 12
634582 0 15
636036 0 24
637490 0 33
638985 0 7
640418 0 14
641852 0 26
643326 0 4
644760 0 15
646234 0 13
647668 0 34
649081 0 3
650494 0 15
651969 0 28
653525 0 1
655061 0 13
656597 0 13
658072 0 13
659526 0 19
660980 0 16
662352 0 26
663745 0 1
665158 0 19
666735 0 21
668189 0 28
669581 0 5
671056 0 20
672530 0 26
674025 0 2
675418 0 22
676913 0 27
678387 0 11
679842 0 14
681316 0 20
682893 0 21
684306 0 22
685863 0 13
687255 0 14
688668 0 27
690184 0 2
691679 0 17
693071 0 18
694648 0 17
696082 0 21
697536 0 34
699051 0 6
700587 0 14
702123 0 16
703516 0 25
704991 0 9
706567 0 18
708124 0 19
709701 0 17
711216 0 24
712670 0 13
714104 0 30
715579 0 7
717114 0 22
718589 0 30
719961 0 2
721354 0 14
722808 0 15
724323 0 15
725839 0 14
727354 0 18
728849 0 26
730262 0 8
731737 0 21
733273 0 22
734747 0 26
736263 0 10
737778 0 24
739192 0 23
740707 0 23
742141 0 35
743697 0 6
745274 0 22
746810 0 25
748346 0 3
749882 0 14
751377 0 15
752892 0 14
754305 0 15
755821 0 18
757336 0 32
758872 0 3
760367 0 13
761781 0 13
763276 0 24
764750 0 24
766163 0 17
767638 0 26
769071 0 1
770525 0 21
772000 0 29
773474 0 5
774908 0 17
776444 0 15
777857 0 18
779373 0 34
780745 0 1
782219 0 24
783755 0 31
785291 0 8
786848 0 18
788302 0 16
789776 0 23
791169 0 17
792602 0 16
794016 0 32
795408 0 12
796944 0 19
798480 0 33
799893 0 3
801388 0 13
802924 0 21
804440 0 17
805976 0 20
807491 0 21
809048 0 20
810625 0 13
812017 0 28
813430 0 2
814946 0 24
816441 0 25
817874 0 5
819349 0 23
820782 0 20
822216 0 27
823629 0 2
825145 0 19
826619 0 13
828073 0 15
829486 0 22
830920 0 18
832415 0 31
833910 0 2
835405 0 18
836879 0 18
838354 0 29
839808 0 2
841303 0 13
842696 0 30
844068 0 12
845522 0 14
846935 0 23
848491 0 16
850007 0 13
851481 0 20
852935 0 13
854390 0 34
855823 0 5
857359 0 14
858854 0 17
860329 0 32
861865 0 3
863257 0 23
864691 0 13
866247 0 29
867763 0 10
869278 0 19
870835 0 35
872371 0 3
873763 0 21
875197 0 33
876651 0 8
878084 0 16
879457 0 22
880972 0 17
882365 0 23
883778 0 35
885314 0 8
886891 0 20
888386 0 23
889942 0 17
891355 0 24
892789 0 15
894284 0 19
895758 0 13
897294 0 36
898789 0 8
900387 0 18
901882 0 15
903356 0 33
904831 0 9
906285 0 15
907800 0 20
909275 0 29
910688 0 3
912224 0 13
913699 0 14
915173 0 30
916566 0 5
918061 0 21
919494 0 19
920989 0 30
922382 0 11
923836 0 14
925310 0 31
926785 0 5
928219 0 18
929796 0 35
931188 0 5
932581 0 16
934014 0 13
935509 0 13
936943 0 13
938336 0 32
939831 0 1
941285 0 22
942821 0 36
944254 0 6
945688 0 23
947121 0 24
948596 0 14
1114807 0 101
1116281 0 101
1117715 0 101
1119148 0 101
1120582 0 101
1122016 0 101
1123552 0 101
1125088 0 101
1126562 0 101
1128057 0 101
1129511 0 102
1131068 0 102
1132604 0 103
1134058 0 101
1135614 0 102
1137048 0 102
1138563 0 102
1139997 0 103
1141553 0 101
1143007 0 102
1144420 0 103
1145936 0 101
1147328 0 102
1148823 0 102
1150278 0 102
1151752 0 102
1153206 0 102
1154681 0 102
1156114 0 103
1157548 0 101
1158961 0 102
1160415 0 102
1161828 0 102
1163241 0 102
1164695 0 102
1166231 0 103
1167747 0 101
1169221 0 102
1170675 0 103
1172191 0 101
1173665 0 102
1175140 0 103
1176573 0 101
1178089 0 102
1179625 0 102
1181099 0 102
1182594 0 102
1184069 0 102
1185502 0 103
1186998 0 101
1188472 0 102
1189865 0 102
1191319 0 102
1192773 0 103
1194206 0 101
1195660 0 102
1197196 0 102
1198691 0 102
1200145 0 103
1201640 0 101
1203156 0 102
1204671 0 103
1206166 0 101
1207621 0 102
1209116 0 102
1210631 0 102
1212085 0 102
1213539 0 102
1214993 0 103
1216570 0 101
1218106 0 102
1219519 0 102
1220973 0 103
1222407 0 101
1223902 0 102
1225335 0 103
1226769 0 101
1228284 0 102
1229820 0 102
1231234 0 102
1232708 0 103
1234183 0 101
1235637 0 102
1237173 0 102
1238668 0 102
1240183 0 102
1241637 0 103
1243173 0 101
1244627 0 102
1246163 0 103
1247576 0 101
1249133 0 102
1250648 0 102
1252102 0 103
1253659 0 101
1255133 0 102
1256608 0 102
1258041 0 102
1259495 0 102
1260888 0 103
1262301 0 101
1263755 0 102
1265209 0 102
1266622 0 102
1268015 0 102
1269469 0 103
1270882 0 101
1272398 0 102
1273811 0 102
1275326 0 102
1276760 0 102
1278296 0 103
1279729 0 101
1281183 0 102
1282596 0 103
1284091 0 101
1285505 0 102
1286918 0 102
1288351 0 102
1289785 0 102
1291218 0 103
1292693 0 101
1294188 0 102
1295601 0 102
1297035 0 102
1298530 0 102
1300045 0 103
1301499 0 101
1302912 0 102
1304428 0 102
1305902 0 102
1307315 0 102
1308769 0 102
1310162 0 102
1311616 0 103
1313070 0 101
1314565 0 102
1315999 0 102
1317473 0 103
1319009 0 101
1320504 0 102
1321999 0 103
1323453 0 101
1324866 0 102
1326320 0 103
1327877 0 101
1329290 0 102
1330683 0 102
1332096 0 102
1333611 0 103
1335065 0 101
1336540 0 102
1337994 0 102
1339468 0 102
1341004 0 102
1342458 0 102
1344015 0 103
1345530 0 101
1347025 0 102
1348520 0 103
1349934 0 101
1351490 0 102
1353005 0 102
1354501 0 102
1355955 0 102
1357368 0 103
1358904 0 101
1360378 0 102
1361894 0 102
1363430 0 102
1364966 0 102
1366358 0 102
1367833 0 102
1369246 0 103
1370659 0 101
1372072 0 102
1373608 0 103
1375042 0 101
1376516 0 102
1378032 0 102
1379547 0 102
1381001 0 102
1382455 0 103
1383930 0 101
1385404 0 102
1386817 0 102
1388333 0 102
1389828 0 103
1391384 0 101
1392797 0 102
1394333 0 102
1395788 0 102
1397282 0 102
1398675 0 103
1400252 0 101
1401767 0 102
1403201 0 102
1404594 0 102
1406109 0 102
1407645 0 102
1409120 0 103
1410635 0 101
1412130 0 102
1413564 0 102
1414977 0 102
1416369 0 102
1417864 0 102
1419380 0 103
1420916 0 101
1422431 0 102
1423824 0 102
1425340 0 102
1426835 0 102
1428309 0 102
1429784 0 103
1431361 0 101
1432856 0 102
1434310 0 102
1435825 0 102
1437238 0 102
1438672 0 102
1440208 0 102
1441621 0 103
1443136 0 101
1444672 0 102
1446208 0 102
1447662 0 102
1449055 0 102
1450530 0 103
1451963 0 101
1453417 0 102
1454871 0 102
1456305 0 102
1457779 0 102
1459213 0 102
1460728 0 103
1462264 0 101
1463800 0 102
1465254 0 102
1466749 0 103
1468265 0 101
1469739 0 102
1471153 0 103
1472688 0 101
1474245 0 102
1475760 0 102
1477235 0 102
1478709 0 103
1480266 0 101
1481781 0 102
1483276 0 103
1484833 0 101
1486287 0 102
1487782 0 102
1489277 0 102
1490731 0 102
1492124 0 103
1493639 0 101
1495032 0 102
1496568 0 102
1498104 0 102
1499619 0 102
1501012 0 102
1502425 0 102
1503879 0 102
1505292 0 103
1506705 0 101
1508098 0 102
1509531 0 102
1511026 0 102
1512501 0 102
1513914 0 102
1515389 0 102
1516863 0 102
1518399 0 103
1519915 0 101
1521369 0 102
1522782 0 102
1524195 0 102
1525669 0 103
1527246 0 101
1528680 0 102
1530072 0 102
1531588 0 102
1533001 0 102
1534476 0 103
1535889 0 101
1537363 0 102
1538817 0 102
1540230 0 102
1541766 0 103
1543323 0 101
1544756 0 102
1546251 0 103
1547808 0 101
1549262 0 102
1550675 0 102
1552068 0 102
1553624 0 102
1555017 0 102
1556491 0 103
1557925 0 101
1559317 0 102
1560833 0 102
1562328 0 102
1563843 0 102
1565236 0 102
1566751 0 102
1568226 0 103
1569721 0 101
1571216 0 102
1572732 0 103
1574247 0 101
1575722 0 102
1577237 0 102
1578671 0 102
1580145 0 102
1581558 0 103
1582992 0 101
1584384 0 102
1585879 0 103
1587374 0 101
1588808 0 102
1590221 0 103
1591737 0 101
1593293 0 102
1594727 0 103
1596222 0 101
1597635 0 102
1599089 0 103
1600543 0 101
1601956 0 102
1603431 0 103
1604987 0 101
1606380 0 102
1607772 0 103
1609267 0 101
1610762 0 102
1612237 0 103
1613752 0 101
1615288 0 102
1616783 0 102
1618299 0 102
1619773 0 102
1621268 0 102
1622763 0 102
1624197 0 103
1625733 0 101
1627187 0 102
1628620 0 103
1630034 0 101
1631508 0 102
1632942 0 103
1634416 0 101
1635891 0 102
1637386 0 103
1638922 0 101
1640417 0 102
1641830 0 102
1643222 0 103
1644758 0 101
1646233 0 102
1647769 0 103
1649305 0 101
1650698 0 102
1652213 0 103
1653749 0 101
1655223 0 102
1656759 0 102
1658275 0 102
1659790 0 103
1661224 0 101
1662719 0 102
1664153 0 102
1665627 0 102
1667163 0 103
1668658 0 101
1670112 0 102
1671546 0 102
1673020 0 103
1674515 0 101
1675969 0 102
1677423 0 103
1678980 0 101
1680393 0 102
1681929 0 102
1683485 0 102
1684898 0 102
1686353 0 102
1687868 0 103
1689445 0 101
1690879 0 102
1692415 0 102
1693889 0 102
1695282 0 102
1696777 0 103
1698313 0 101
1699787 0 102
1701344 0 102
1702736 0 102
1704211 0 102
1705644 0 102
1707139 0 102
1708552 0 103
1710047 0 101
1711461 0 102
1712976 0 102
1714389 0 102
1715864 0 102
1717379 0 102
1718792 0 103
1720328 0 101
1721782 0 102
1723195 0 102
1724731 0 102
1726267 0 102
1727762 0 102
1729196 0 103
1730650 0 101
1732166 0 102
1733558 0 102
1734951 0 102
1736384 0 103
1737838 0 101
1739231 0 102
1740624 0 102
1742078 0 102
1743552 0 103
1745047 0 101
1746460 0 102
1747873 0 102
1749327 0 103
1750863 0 101
1752276 0 102
1753690 0 102
1755082 0 102
1756577 0 103
1758154 0 101
1759588 0 102
1761001 0 103
1762455 0 101
1763909 0 102
1765343 0 102
1766817 0 103
1768251 0 101
1769684 0 102
1771159 0 102
1772551 0 102
1773964 0 103
1775459 0 101
1776954 0 102
1778511 0 102
1779985 0 102
1781501 0 102
1782975 0 102
1784430 0 102
1785884 0 103
1787440 0 101
1788997 0 102
1790492 0 103
1792068 0 101
1793604 0 102
1794997 0 102
1796472 0 103
1797967 0 101
1799421 0 102
1800936 0 102
1802431 0 102
1803967 0 103
1805380 0 101
1806875 0 102
1808391 0 102
1809886 0 103
1811422 0 101
1812896 0 102
1814330 0 103
1815845 0 101
1817340 0 102
1818753 0 103
1820228 0 101
1821764 0 102
1823300 0 102
1824774 0 102
1826188 0 102
1827580 0 103
1829055 0 101
1830447 0 102
1831901 0 102
1833417 0 102
1834932 0 103
1836366 0 101
1837799 0 102
1839274 0 102
1840728 0 102
1842162 0 103
1843677 0 101
1845172 0 102
1846585 0 102
1848101 0 103
1849575 0 101
1851132 0 102
1852565 0 102
1854081 0 102
1855494 0 102
1857030 0 103
1858463 0 101
1859918 0 102
1861413 0 103
1862826 0 101
1864382 0 102
1865877 0 102
1867290 0 102
1868724 0 102
1870239 0 102
1871755 0 103
1873311 0 101
1874724 0 102
1876260 0 103
1877776 0 101
1879250 0 102
1880704 0 103
1882240 0 101
1883735 0 102
1885148 0 102
1886561 0 102
1887975 0 102
1889388 0 102
1890924 0 103
1892398 0 101
1893852 0 102
1895347 0 102
1896801 0 102
1898337 0 102
1899873 0 103
1901286 0 101
1902822 0 102
1904215 0 102
1905689 0 102
1907225 0 102
1908659 0 103
1910134 0 101
1911629 0 102
1913062 0 102
1914496 0 103
1915970 0 101
1917404 0 102
1918817 0 103
1920353 0 101
1921807 0 102
1923282 0 103
1924695 0 101
1926108 0 102
1927500 0 102
1928995 0 102
1930429 0 102
1931822 0 102
1933214 0 103
1934709 0 101
1936184 0 102
1937617 0 102
1939112 0 102
1940587 0 102
1942000 0 102
1943454 0 102
1944888 0 103
1946383 0 101
1947857 0 102
1949291 0 102
1950704 0 103
1952178 0 101
1953694 0 102
1955127 0 102
1956540 0 102
1958035 0 102
1959449 0 102
1960923 0 103
1962398 0 101
1963831 0 102
1965326 0 102
1966739 0 103
1968193 0 101
1969647 0 102
1971142 0 102
1972637 0 102
1974091 0 102
1975525 0 103
1977082 0 101
1978474 0 102
1980010 0 102
1981423 0 102
1982836 0 102
1984393 0 103
1985806 0 101
1987342 0 102
1988755 0 102
1990229 0 102
1991724 0 102
1993260 0 102
1994735 0 102
1996189 0 103
1997725 0 101
1999179 0 102
2000735 0 102
2002190 0 102
2003685 0 103
2005200 0 101
2006613 0 102
2008067 0 103
2009624 0 101
2011160 0 102
2091413 0 37
2092847 0 39
2094280 0 42
2095775 0 43
2097270 0 44
2098786 0 47
2100301 0 46
2101817 0 41
2103271 0 42
2104704 0 38
2106240 0 57
2107756 0 60
2109149 0 58
2110705 0 60
2112220 0 63
2113736 0 43
2115292 0 54
2116746 0 56
2118282 0 54
2119716 0 62
2121252 0 41
2122808 0 52
2124344 0 59
2125839 0 57
2127293 0 54
2128809 0 50
2130365 0 51
2131901 0 71
2133314 0 39
2134728 0 52
2136141 0 68
2137554 0 46
2139008 0 57
2140462 0 55
2141875 0 49
2143309 0 52
2144824 0 58
2146319 0 49
2147855 0 68
2149268 0 46
2150784 0 50
2152258 0 71
2153692 0 47
2155166 0 50
2156702 0 54
2158136 0 53
2159651 0 71
2161044 0 38
2162559 0 59
2164034 0 61
2165570 0 41
2167106 0 55
2168580 0 57
2170055 0 49
2171570 0 59
2172984 0 58
2174417 0 71
2175912 0 38
2177407 0 51
2178964 0 55
2180479 0 50
2182015 0 49
2183510 0 70
2184903 0 44
2186316 0 50
2187831 0 64
2189265 0 43
2190821 0 57
2192378 0 52
2193914 0 50
2195409 0 66
2196822 0 37
2198296 0 56
2199730 0 64
2201225 0 38
2202638 0 53
2204092 0 69
2205546 0 47
2207021 0 55
2208475 0 67
2209888 0 37
2211321 0 53
2212714 0 61
2214148 0 40
2215622 0 54
2217076 0 54
2218469 0 63
2219902 0 40
2221336 0 51
2222852 0 56
2224408 0 52
2225841 0 58
2227255 0 57
2228811 0 55
2230265 0 51
2231801 0 72
2233317 0 39
2234730 0 57
2236143 0 58
2237638 0 70
2239133 0 43
2240669 0 59
2242205 0 49
2243700 0 60
2245256 0 71
2246731 0 40
2248287 0 57
2249803 0 53
2251318 0 52
2252834 0 56
2254267 0 59
2255803 0 54
2257216 0 62
2258691 0 47
2260124 0 55
2261558 0 51
2263053 0 60
2264589 0 55
2266166 0 50
2267599 0 71
2269094 0 42
2270569 0 55
2272105 0 68
2273539 0 41
2274993 0 49
2276447 0 53
2277962 0 52
2279457 0 71
2280973 0 39
2282488 0 60
2284045 0 61
2285519 0 46
2286953 0 49
2288366 0 55
2289779 0 53
2291253 0 49
2292748 0 56
2294243 0 57
2295779 0 60
2297193 0 72
2298647 0 37
2300183 0 51
2301719 0 59
2303275 0 49
2304811 0 52
2306224 0 53
2307740 0 51
2309235 0 63
2310668 0 45
2312122 0 56
2313576 0 50
2315071 0 50
2316628 0 52
2318102 0 54
2319597 0 58
2321174 0 66
2322690 0 42
2324205 0 60
2325680 0 56
2327154 0 54
2328670 0 61
2330185 0 44
2331742 0 56
2333216 0 58
2334773 0 53
2336309 0 58
2337742 0 53
2339155 0 59
2340630 0 61
2342145 0 46
2343599 0 54
2345094 0 54
2346549 0 70
2348064 0 43
2349539 0 58
2350993 0 52
2352426 0 59
2353901 0 50
2355293 0 52
2356706 0 67
2358222 0 41
2359737 0 51
2361232 0 67
2362625 0 41
2364120 0 51
2365533 0 56
2367090 0 54
2368544 0 49
2369957 0 59
2371390 0 56
2372885 0 68
2374360 0 48
2375916 0 51
2377432 0 63
2378845 0 38
2380340 0 51
2381835 0 54
2383289 0 54
2384723 0 72
2386095 0 39
2387549 0 51
2389085 0 62
2390621 0 37
2392116 0 57
2393631 0 49
2395044 0 56
2396498 0 53
2398055 0 60
2399468 0 50
2400901 0 59
2402396 0 65
2403789 0 40
2405264 0 60
2406779 0 71
2408274 0 39
2409749 0 57
2411326 0 71
2412821 0 47
2414357 0 54
2415831 0 72
2417326 0 37
2418821 0 60
2420316 0 58
2421893 0 72
2423306 0 39
2424781 0 53
2426214 0 66
2427648 0 40
2429184 0 53
2430699 0 53
2432256 0 58
2433689 0 56
2435102 0 51
2436577 0 67
2438072 0 46
2439587 0 49
2441103 0 57
2442618 0 56
2444175 0 56
2445690 0 58
2447165 0 50
2448680 0 65
2450237 0 47
2451752 0 59
2453309 0 58
2454886 0 55
2456381 0 65
2457814 0 44
2459350 0 54
2460826 0 58
2462381 0 52
2463835 0 52
2465392 0 53
2466928 0 64
2468382 0 43
2469877 0 60
2471290 0 64
2472826 0 45
2474341 0 53
2475816 0 69
2477291 0 41
2478724 0 50
2480178 0 53
2481591 0 53
2483025 0 59
2484499 0 50
2485974 0 71
2487366 0 41
2488902 0 57
2490459 0 57
2491974 0 54
2493449 0 60
2495005 0 51
2496459 0 64
2497893 0 46
2499470 0 54
2500924 0 66
2502378 0 38
2503853 0 49
2505368 0 58
2506904 0 60
2508461 0 53
2509874 0 56
2511328 0 65
2512823 0 43
2514338 0 54
2515895 0 49
2517390 0 49
2518905 0 59
2520339 0 62
2521834 0 40
2523349 0 50
2524762 0 51
2526216 0 52
2527752 0 50
2529206 0 53
2530763 0 51
2532237 0 52
2533712 0 70
2535145 0 39
2536661 0 54
2538156 0 56
2539610 0 61
2541044 0 37
2542518 0 50
2543972 0 54
2545447 0 49
2546880 0 71
2548396 0 40
2549870 0 52
2551365 0 56
2552922 0 52
2554335 0 59
2555748 0 57
2557304 0 63
2558718 0 41
2560274 0 53
2561749 0 64
2563244 0 44
2564759 0 49
2566234 0 67
2567667 0 46
2569203 0 55
2570616 0 65
2572173 0 41
2573586 0 51
2575101 0 53
2576576 0 58
2578050 0 52
2579504 0 52
2580979 0 49
2582515 0 53
2583948 0 68
2585484 0 42
2587000 0 56
2588536 0 69
2590031 0 45
2591505 0 53
2592980 0 72
2594475 0 47
2595970 0 49
2597404 0 72
2598817 0 46
2600250 0 53
2601663 0 61
2603158 0 41
2604653 0 49
2606169 0 55
2607725 0 55
2609241 0 52
2610736 0 66
2612190 0 43
2613746 0 49
2615180 0 59
2616695 0 64
2618211 0 44
2619726 0 55
2621242 0 64
2622778 0 38
2624273 0 58
2625727 0 50
2627140 0 68
2628655 0 46
2630212 0 53
2631768 0 56
2633263 0 52
2634717 0 54
2636131 0 51
2637585 0 68
2638998 0 37
2640493 0 57
2642008 0 61
2643503 0 46
2644978 0 59
2646473 0 50
2647927 0 53
2649483 0 57
2651019 0 62
2652432 0 44
2653866 0 50
2655341 0 58
2656815 0 55
2658249 0 51
2659744 0 60
2661198 0 72
2662611 0 47
2664106 0 59
2665539 0 53
2667096 0 53
2668611 0 56
2670086 0 51
2671581 0 53
2673137 0 66
2674673 0 47
2676209 0 56
2677663 0 68
2679199 0 40
2680674 0 57
2682210 0 66
2683766 0 44
2685302 0 59
2686777 0 54
2688190 0 60
2689623 0 56
2691159 0 56
2692675 0 60
2694231 0 65
2695767 0 38
2697283 0 56
2698839 0 61
2700293 0 45
2701788 0 53
2703345 0 71
2704819 0 40
2706232 0 54
2707748 0 58
2709325 0 58
2710881 0 54
2712356 0 52
2713769 0 65
2715182 0 37
2716697 0 55
2718111 0 58
2719585 0 65
2720998 0 45
2722411 0 57
2723824 0 60
2725360 0 59
2726835 0 60
2728330 0 67
2729763 0 39
2731238 0 49
2732713 0 64
2734208 0 44
2735621 0 60
2737034 0 65
2738570 0 42
2740065 0 51
2741560 0 57
2743055 0 52
2744611 0 64
2746106 0 41
2747581 0 51
2749137 0 69
2750694 0 47
2752107 0 49
2753540 0 68
2755056 0 39
2756551 0 58
2758128 0 50
2759664 0 52
2761097 0 53
2762654 0 57
2764190 0 69
2765705 0 40
2767262 0 55
2768695 0 72
2770170 0 44
2771624 0 55
2773119 0 64
2774593 0 42
2776150 0 51
2777624 0 61
2779119 0 37
2780635 0 55
2782089 0 55
2783625 0 61
2785181 0 46
2786758 0 56
2788233 0 51
2789728 0 60
2791264 0 60
2792656 0 69
2794131 0 46
2795687 0 52
2797182 0 52
2798637 0 52
2800152 0 57
2801627 0 67
2803019 0 46
2804535 0 54
2805968 0 53
2807443 0 59
2808938 0 60
2810433 0 64
2811969 0 40
2813402 0 59
2814938 0 53
2816454 0 60
2817949 0 61
2819423 0 39
2820959 0 52
2822454 0 63
2823888 0 46
2825444 0 50
2826960 0 55
2828373 0 54
2829766 0 66
2831199 0 41
2832694 0 54
2834107 0 72
2835623 0 37
2837097 0 56
2838633 0 71
2840087 0 38
2841582 0 53
2843077 0 49
2844613 0 52
2846088 0 60
2847624 0 67
2849160 0 39
2850655 0 53
2852068 0 51
2853624 0 56
2855058 0 57
2856614 0 71
2858150 0 44
2859584 0 55
2861140 0 52
2862635 0 58
2864130 0 57
2865584 0 53
2867100 0 69
2868513 0 39
2870008 0 54
2871524 0 56
2872998 0 59
2874452 0 59
2875886 0 55
2877381 0 56
2878937 0 71
2880473 0 44
2881968 0 55
2883422 0 69
2884938 0 43
2886494 0 56
2887928 0 56
2889464 0 67
2890877 0 39
2892433 0 50
2893969 0 63
2895423 0 45
2896918 0 52
2898475 0 54
2899949 0 57
2901526 0 56
2902960 0 61
2904455 0 48
2905888 0 59
2907322 0 49
2908817 0 62
2910210 0 46
2911643 0 54
2913159 0 57
2914715 0 53
2916231 0 50
2917746 0 63
2919303 0 46
2920777 0 56
2922293 0 60
2923747 0 49
2925262 0 61
2926696 0 46
2928150 0 60
2929624 0 57
2931119 0 56
2932594 0 52
2934089 0 53
2935584 0 71
2937017 0 44
2938574 0 49
2940069 0 60
2941605 0 55
2943141 0 49
2944595 0 64
2946028 0 37
2947503 0 58
2948957 0 71
2950411 0 41
2951824 0 54
2953278 0 70
2954773 0 45
2956248 0 50
2957743 0 52
2959156 0 53
2960651 0 62
2962084 0 48
2963477 0 51
2964890 0 49
2966324 0 57
2967860 0 59
2969252 0 64
2970686 0 43
2972181 0 49
2973594 0 55
2975151 0 50
2976666 0 55
2978222 0 49
2979615 0 69
2981151 0 42
2982646 0 59
2984162 0 59
2985575 0 66
2987029 0 44
2988483 0 59
2989896 0 54
2991391 0 49
2992927 0 58
2994442 0 58
2995958 0 54
3010481 0 104
3011894 0 104
3013307 0 104
3014720 0 104
3016174 0 104
3017731 0 104
3019246 0 104
3020659 0 104
3022134 0 104
3023629 0 104
3025042 0 105
3026537 0 105
3027930 0 106
3029486 0 104
3030899 0 105
3032374 0 105
3033828 0 106
3035384 0 104
3036900 0 105
3038354 0 105
3039910 0 105
3041405 0 105
3042818 0 105
3044334 0 105
3045788 0 105
3047283 0 106
3048737 0 104
3050232 0 105
3051747 0 105
3053201 0 105
3054594 0 105
3056007 0 105
3057523 0 105
3059079 0 106
3060574 0 104
3062069 0 105
3063503 0 106
3064998 0 104
3066431 0 105
3067824 0 106
3069257 0 104
3070773 0 105
3072247 0 106
3073783 0 104
3075238 0 105
3076753 0 106
3078207 0 104
3079620 0 105
3081054 0 105
3082590 0 105
3084085 0 106
3085498 0 104
3086972 0 105
3088488 0 105
3089880 0 105
3091396 0 106
3092809 0 104
3094222 0 105
3095615 0 106
3097069 0 104
3098564 0 105
3100038 0 105
3101595 0 105
3103110 0 105
3104564 0 105
3106019 0 106
3107452 0 104
3108886 0 105
3110340 0 106
3111814 0 104
3113248 0 105
3114702 0 105
3116094 0 105
3117651 0 105
3119125 0 105
3120559 0 105
3121972 0 106
3123406 0 104
3124921 0 105
3126478 0 106
3128014 0 104
3129570 0 105
3131065 0 105
3132540 0 105
3134035 0 105
3135550 0 105
3137107 0 106
3138602 0 104
3140138 0 105
3141571 0 106
3143046 0 104
3144541 0 105
3146056 0 106
3147510 0 104
3148944 0 105
3150500 0 105
3151975 0 105
3153470 0 106
3154903 0 104
3156398 0 105
3157934 0 106
3159347 0 104
3160781 0 105
3162296 0 105
3163710 0 106
3165205 0 104
3166761 0 105
3168297 0 105
3169833 0 106
3171348 0 104
3172864 0 105
3174318 0 106
3175752 0 104
3177288 0 105
3178721 0 105
3180114 0 105
3181568 0 105
3183083 0 105
3184599 0 105
3186012 0 106
3187527 0 104
3188941 0 105
3190415 0 105
3191890 0 105
3193303 0 105
3194839 0 105
3196313 0 105
3197870 0 105
3199385 0 106
3200880 0 104
3202273 0 105
3203747 0 105
3205181 0 106
3206655 0 104
3208171 0 105
3209686 0 105
3211243 0 105
3212676 0 105
3214090 0 106
3215605 0 104
3217018 0 105
3218554 0 106
3220090 0 104
3221544 0 105
3222937 0 105
3224452 0 105
3225988 0 106
3227442 0 104
3228978 0 105
3230432 0 105
3231927 0 105
3233361 0 105
3234897 0 105
3236433 0 106
3237948 0 104
3239484 0 105
3240918 0 106
3242433 0 104
3243826 0 105
3245280 0 106
3246693 0 104
3248188 0 105
3249622 0 106
3251158 0 104
3252673 0 105
3254127 0 105
3255581 0 105
3257035 0 105
3258530 0 105
3260046 0 106
3261541 0 104
3262974 0 105
3264531 0 106
3265923 0 104
3267398 0 105
3268934 0 105
3270368 0 105
3271801 0 105
3273296 0 105
3274832 0 105
3276327 0 105
3277781 0 106
3279215 0 104
3280648 0 105
3282082 0 105
3283577 0 105
3285031 0 105
3286546 0 105
3287960 0 106
3289434 0 104
3290950 0 105
3292465 0 105
3293960 0 105
3295476 0 106
3296971 0 104
3298527 0 105
3300022 0 105
3301456 0 105
3302848 0 106
3304323 0 104
3305736 0 105
3307190 0 105
3308726 0 106
3310262 0 104
3311798 0 105
3313272 0 105
3314788 0 105
3316221 0 105
3317696 0 105
3319150 0 106
3320563 0 104
3322038 0 105
3323492 0 106
3324966 0 104
3326379 0 105
3327792 0 106
3329267 0 104
3330721 0 105
3332134 0 105
3333609 0 105
3335083 0 105
3336537 0 106
3337991 0 104
3339425 0 105
3340817 0 105
3342251 0 105
3343787 0 105
3345323 0 106
3346736 0 104
3348211 0 105
3349685 0 105
3351160 0 105
3352655 0 105
3354109 0 106
3355624 0 104
3357160 0 105
3358676 0 106
3360191 0 104
3361625 0 105
3363120 0 106
3364533 0 104
3366028 0 105
3367502 0 105
3369018 0 106
3370452 0 104
3371967 0 105
3373523 0 105
3374957 0 105
3376432 0 105
3377906 0 105
3379381 0 106
3380896 0 104
3382412 0 105
3383845 0 106
3385381 0 104
3386917 0 105
3388351 0 105
3389825 0 105
3391341 0 105
3392795 0 106
3394310 0 104
3395723 0 105
3397116 0 106
3398632 0 104
3400167 0 105
3401663 0 106
3403137 0 104
3404591 0 105
3406066 0 106
3407520 0 104
3409035 0 105
3410489 0 105
3411923 0 105
3413479 0 105
3414974 0 105
3416510 0 106
3417923 0 104
3419336 0 105
3420811 0 105
3422265 0 105
3423740 0 106
3425255 0 104
3426689 0 105
3428102 0 106
3429515 0 104
3431010 0 105
3432525 0 105
3434061 0 106
3435495 0 104
3436949 0 105
3438342 0 105
3439837 0 105
3441270 0 105
3442765 0 105
3444178 0 106
3445735 0 104
3447189 0 105
3448684 0 105
3450158 0 105
3451694 0 106
3453107 0 104
3454582 0 105
3456118 0 105
3457510 0 105
3458985 0 106
3460460 0 104
3461873 0 105
3463409 0 106
3464883 0 104
3466419 0 105
3467894 0 105
3469389 0 106
3470843 0 104
3472338 0 105
3473812 0 105
3475328 0 106
3476802 0 104
3478215 0 105
3479669 0 105
3481185 0 105
3482721 0 106
3484195 0 104
3485609 0 105
3487144 0 105
3488619 0 105
3490114 0 105
3491568 0 105
3493043 0 106
3494579 0 104
3496053 0 105
3497446 0 105
3498961 0 105
3500497 0 105
3501951 0 105
3503364 0 106
3504818 0 104
3506211 0 105
3507727 0 106
3509119 0 104
3510594 0 105
3512109 0 105
3513563 0 105
3514976 0 106
3516471 0 104
3517966 0 105
3519441 0 106
3520936 0 104
3522410 0 105
3523946 0 105
3525360 0 105
3526752 0 105
3528186 0 105
3529599 0 105
3531032 0 105
3532548 0 106
3534002 0 104
3535395 0 105
3536869 0 105
3538282 0 105
3539839 0 105
3541334 0 105
3542808 0 106
3544344 0 104
3545757 0 105
3547211 0 106
3548665 0 104
3550140 0 105
3551553 0 106
3553109 0 104
3554645 0 105
3556120 0 105
3557615 0 105
3559049 0 106
3560605 0 104
3562120 0 105
3563656 0 105
3565172 0 105
3566605 0 105
3568060 0 105
3569534 0 106
3571070 0 104
3572545 0 105
3574019 0 105
3575535 0 105
3576989 0 106
3578463 0 104
3579938 0 105
3581351 0 106
3582907 0 104
3584361 0 105
3585774 0 106
3587290 0 104
3588724 0 105
3590260 0 105
3591714 0 105
3593147 0 106
3594683 0 104
3596096 0 105
3597530 0 105
3599004 0 106
3600540 0 104
3602097 0 105
3603592 0 105
3605025 0 105
3606438 0 105
3607974 0 105
3609387 0 106
3610944 0 104
3612337 0 105
3613729 0 105
3615204 0 106
3616617 0 104
3618132 0 105
3619648 0 105
3621061 0 105
3622515 0 105
3623969 0 105
3625423 0 105
3626918 0 105
3628311 0 106
3629724 0 104
3631260 0 105
3632816 0 105
3634229 0 106
3635786 0 104
3637219 0 105
3638673 0 106
3640086 0 104
3641540 0 105
3642954 0 106
3644490 0 104
3646046 0 105
3647459 0 105
3648913 0 105
3650429 0 105
3651924 0 106
3653378 0 104
3654893 0 105
3656429 0 106
3657842 0 104
3659358 0 105
3660791 0 105
3662286 0 105
3663720 0 105
3665256 0 106
3666751 0 104
3668307 0 105
3669741 0 105
3671256 0 105
3672710 0 105
3674226 0 105
3675619 0 105
3677134 0 106
3678650 0 104
3680083 0 105
3681640 0 105
3683114 0 106
3684507 0 104
3686002 0 105
3687497 0 105
3688992 0 106
3690548 0 104
3692002 0 105
3693477 0 105
3694869 0 106
3696364 0 104
3697819 0 105
3699334 0 105
3700829 0 105
3702345 0 105
3703881 0 105
3705416 0 105
3706952 0 106
3708386 0 104
3709840 0 105
3711233 0 106
3712666 0 104
3714223 0 105
3715636 0 105
3717069 0 105
3718482 0 105
3719916 0 105
3721411 0 105
3722865 0 106
3724360 0 104
3725814 0 105
3727371 0 106
3728907 0 104
3730340 0 105
3731733 0 105
3733207 0 105
3734620 0 106
3736115 0 104
3737672 0 105
3739208 0 106
3740601 0 104
3742096 0 105
3743509 0 105
3745045 0 105
3746478 0 105
3747973 0 105
3749427 0 105
3750984 0 106
3752479 0 104
3754015 0 105
3755448 0 105
3756964 0 105
3758459 0 106
3759995 0 104
3761449 0 105
3762985 0 105
3764480 0 105
3765934 0 105
3767429 0 105
3768821 0 105
3770316 0 106
3771811 0 104
3773286 0 105
3774761 0 105
3776317 0 105
3777853 0 106
3779368 0 104
3780823 0 105
3782379 0 105
3783833 0 105
3785267 0 105
3786721 0 106
3788236 0 104
3789670 0 105
3791165 0 105
3792701 0 106
3794114 0 104
3795568 0 105
3797083 0 105
3798496 0 105
3800032 0 105
3801548 0 106
3803022 0 104
3804517 0 105
3806053 0 105
3807507 0 105
3808941 0 105
3810436 0 105
3811911 0 106
3813324 0 104
3814819 0 105
3816355 0 105
3817850 0 105
3819386 0 105
3820881 0 105
3822294 0 106
3823748 0 104
3825263 0 105
3826697 0 105
3828253 0 106
3829769 0 104
3831243 0 105
3832718 0 105
3834151 0 106
3835667 0 104
3837101 0 105
3838616 0 105
3840111 0 105
3841586 0 105
3843040 0 105
3844453 0 105
3845989 0 105
3847381 0 106
3848856 0 104
3850310 0 105
3851805 0 105
3853341 0 106
3854795 0 104
3856290 0 105
3857744 0 105
3859260 0 105
3860734 0 105
3862229 0 105
3863683 0 106
3865117 0 104
3866591 0 105
3868127 0 105
3869643 0 106
3871199 0 104
3872653 0 105
3874169 0 105
3875725 0 105
3877179 0 105
3878715 0 106
3880190 0 104
3881746 0 105
3883241 0 105
3884634 0 105
3886149 0 105
3887624 0 105
3889098 0 106
3890655 0 104
3892068 0 105
3893461 0 105
3894853 0 106
3896389 0 104
3897802 0 105
3899338 0 105
3900772 0 105
3902226 0 105
3903680 0 106
3905134 0 104
3906588 0 105
3908001 0 105
3909435 0 105
