48017 0 5
49533 0 5
50946 0 4
52338 0 4
53833 0 9
55287 0 1
56701 0 9
58114 0 9
59670 0 11
61104 0 5
62517 0 13
64073 0 20
65589 0 32
67084 0 2
68538 0 18
70053 0 13
71569 0 16
73023 0 15
74579 0 27
76013 0 12
77528 0 19
79044 0 35
80580 0 3
81993 0 15
83488 0 19
84962 0 23
86355 0 24
87809 0 23
89345 0 25
90820 0 8
92376 0 16
93912 0 25
95468 0 1
96902 0 15
98315 0 23
99728 0 33
101162 0 12
102575 0 21
104152 0 20
105749 0 15
107265 0 18
108678 0 22
110193 0 30
111688 0 4
113204 0 18
114637 0 15
116112 0 22
117627 0 23
119020 0 16
120495 0 28
121990 0 6
123464 0 21
124980 0 20
126557 0 18
128113 0 13
129588 0 34
131021 0 10
132537 0 22
133950 0 13
135342 0 25
136878 0 8
138332 0 13
139848 0 32
141241 0 10
142756 0 24
144251 0 18
145664 0 24
147200 0 15
148613 0 19
150026 0 18
151501 0 20
152934 0 31
154429 0 12
155863 0 22
157338 0 20
158935 0 35
160389 0 10
161884 0 16
163277 0 36
164792 0 7
166308 0 15
167844 0 23
169298 0 14
170772 0 14
172226 0 33
173783 0 6
175216 0 14
176732 0 31
178247 0 3
179681 0 17
181114 0 19
182630 0 15
184125 0 16
185620 0 17
187135 0 35
188569 0 9
189982 0 22
191416 0 19
192890 0 20
194447 0 15
195942 0 31
197375 0 2
198829 0 13
200345 0 14
201819 0 18
203253 0 16
204727 0 22
206222 0 13
207758 0 33
209233 0 12
210646 0 15
212039 0 14
213431 0 17
214967 0 28
216524 0 9
218080 0 18
219637 0 24
221050 0 18
222627 0 23
224163 0 28
225678 0 4
227132 0 21
228689 0 26
230081 0 6
231576 0 20
233051 0 22
234505 0 19
235959 0 15
237351 0 26
238724 0 5
240280 0 19
241775 0 33
243332 0 8
244786 0 24
246322 0 31
247796 0 9
249312 0 14
250786 0 13
252199 0 35
253633 0 3
255046 0 21
256459 0 26
257872 0 8
259367 0 15
260821 0 16
262316 0 20
263750 0 21
265265 0 28
266781 0 1
268296 0 18
269791 0 24
271286 0 20
272761 0 31
274215 0 6
275751 0 24
277225 0 23
278659 0 16
280113 0 21
281567 0 34
283062 0 12
284496 0 16
285909 0 21
287486 0 24
288940 0 34
290394 0 1
291807 0 21
293302 0 16
294817 0 14
296333 0 19
297807 0 14
299200 0 33
300695 0 2
302108 0 20
303644 0 14
305098 0 25
306634 0 2
308027 0 17
309460 0 22
311017 0 35
312450 0 8
313925 0 22
315502 0 30
316935 0 3
318328 0 21
319823 0 23
321339 0 16
322854 0 21
324370 0 19
325926 0 27
327421 0 12
328916 0 23
330411 0 18
331886 0 25
333442 0 10
334896 0 23
336453 0 24
337907 0 20
339402 0 21
340958 0 19
342494 0 23
343989 0 29
345423 0 12
346877 0 24
348290 0 13
349826 0 21
351362 0 17
352836 0 26
354311 0 6
355785 0 24
357280 0 15
358714 0 13
360209 0 35
361643 0 5
363076 0 15
364612 0 23
366046 0 16
367500 0 14
368913 0 25
370326 0 3
371759 0 18
373254 0 31
374831 0 8
376408 0 20
377924 0 31
379439 0 12
380955 0 21
382532 0 19
384068 0 18
385583 0 30
387037 0 10
388614 0 17
390150 0 35
391666 0 2
393099 0 20
394656 0 13
396110 0 35
397605 0 12
399059 0 15
400574 0 28
402008 0 11
403421 0 18
404916 0 13
406350 0 29
407824 0 9
409258 0 24
410794 0 35
412207 0 6
413681 0 17
415074 0 19
416589 0 24
417982 0 26
419395 0 2
420849 0 17
422324 0 35
423716 0 3
425252 0 13
426727 0 16
428119 0 21
429594 0 18
431089 0 15
432625 0 27
434120 0 4
435595 0 20
437171 0 21
438707 0 22
440264 0 14
441697 0 33
443233 0 9
444687 0 23
446101 0 31
447534 0 10
449050 0 16
450483 0 21
452040 0 23
453576 0 14
455009 0 20
456525 0 36
458020 0 7
459515 0 24
461030 0 32
462525 0 4
463959 0 14
465351 0 13
466826 0 24
468301 0 15
469734 0 15
471188 0 16
472581 0 17
474096 0 35
475591 0 5
477107 0 16
478622 0 24
480138 0 22
481612 0 15
483005 0 27
484500 0 11
485934 0 18
487408 0 23
488862 0 24
490337 0 28
491832 0 12
493327 0 15
494740 0 36
496235 0 11
497750 0 23
499266 0 33
500802 0 5
502215 0 23
503771 0 24
505287 0 23
506700 0 25
508256 0 1
509792 0 18
511328 0 26
512803 0 7
514257 0 18
515813 0 21
517390 0 13
518906 0 36
520339 0 6
521814 0 17
523268 0 34
524742 0 6
526217 0 15
527610 0 23
529084 0 19
530579 0 13
531992 0 16
533467 0 17
534900 0 27
536395 0 9
537849 0 22
539385 0 16
540921 0 21
542396 0 21
543973 0 13
545365 0 19
546881 0 35
548376 0 4
549769 0 24
551243 0 35
552718 0 3
554213 0 23
555626 0 16
557100 0 23
558657 0 33
560152 0 5
561667 0 15
563183 0 29
564596 0 8
566070 0 24
567463 0 20
568979 0 18
570412 0 22
571948 0 17
573443 0 31
575000 0 6
576433 0 23
577949 0 21
579485 0 18
581041 0 21
582516 0 14
583970 0 24
585424 0 26
586857 0 10
588352 0 24
589827 0 21
591301 0 20
592878 0 19
594353 0 20
595930 0 32
597445 0 8
598961 0 17
600353 0 36
601910 0 7
603487 0 13
604920 0 14
606374 0 26
607767 0 12
609241 0 13
610716 0 36
612273 0 2
1053867 0 101
1055321 0 101
1056857 0 101
1058393 0 101
1059827 0 101
1061322 0 101
1062878 0 101
1064394 0 101
1065909 0 101
1067384 0 101
1068838 0 102
1070230 0 102
1071746 0 103
1073200 0 101
1074716 0 102
1076251 0 102
1077746 0 103
1079282 0 101
1080716 0 102
1082211 0 103
1083686 0 101
1085160 0 102
1086676 0 102
1088109 0 102
1089645 0 102
1091058 0 102
1092533 0 102
1093987 0 103
1095400 0 101
1096895 0 102
1098431 0 103
1099865 0 101
1101380 0 102
1102814 0 102
1104227 0 102
1105701 0 103
1107114 0 101
1108589 0 102
1110084 0 103
1111538 0 101
1112931 0 102
1114467 0 103
1115921 0 101
1117334 0 102
1118808 0 103
1120324 0 101
1121778 0 102
1123273 0 102
1124747 0 102
1126304 0 103
1127860 0 101
1129273 0 102
1130686 0 102
1132079 0 103
1133513 0 101
1134905 0 102
1136339 0 102
1137731 0 103
1139267 0 101
1140660 0 102
1142073 0 103
1143507 0 101
1145002 0 102
1146476 0 102
1147971 0 102
1149384 0 102
1150920 0 103
1152436 0 101
1153849 0 102
1155282 0 102
1156716 0 102
1158150 0 102
1159542 0 103
1161037 0 101
1162573 0 102
1163986 0 102
1165420 0 102
1166812 0 102
1168328 0 103
1169741 0 101
1171216 0 102
1172711 0 103
1174226 0 101
1175721 0 102
1177155 0 103
1178588 0 101
1180042 0 102
1181455 0 103
1182889 0 101
1184364 0 102
1185900 0 102
1187333 0 102
1188787 0 102
1190282 0 102
1191818 0 103
1193313 0 101
1194829 0 102
1196303 0 103
1197839 0 101
1199355 0 102
1200829 0 102
1202222 0 102
1203737 0 102
1205171 0 102
1206707 0 102
1208243 0 103
1209799 0 101
1211253 0 102
1212769 0 103
1214223 0 101
1215636 0 102
1217070 0 102
1218565 0 102
1219957 0 102
1221473 0 102
1222865 0 103
1224401 0 101
1225814 0 102
1227207 0 102
1228682 0 103
1230177 0 101
1231672 0 102
1233187 0 102
1234682 0 102
1236075 0 102
1237570 0 102
1238983 0 102
1240478 0 103
1241973 0 101
1243386 0 102
1244840 0 102
1246314 0 103
1247748 0 101
1249243 0 102
1250738 0 102
1252274 0 102
1253790 0 102
1255305 0 102
1256698 0 102
1258193 0 103
1259606 0 101
1261101 0 102
1262493 0 102
1263947 0 102
1265483 0 102
1266876 0 102
1268351 0 102
1269805 0 103
1271361 0 101
1272795 0 102
1274208 0 102
1275662 0 102
1277116 0 103
1278631 0 101
1280085 0 102
1281642 0 102
1283096 0 103
1284530 0 101
1285963 0 102
1287499 0 103
1288953 0 101
1290407 0 102
1291902 0 102
1293336 0 102
1294831 0 102
1296264 0 102
1297718 0 103
1299152 0 101
1300667 0 102
1302142 0 102
1303555 0 102
1304948 0 102
1306463 0 102
1307917 0 103
1309351 0 101
1310805 0 102
1312320 0 103
1313754 0 101
1315229 0 102
1316764 0 102
1318157 0 102
1319693 0 103
1321188 0 101
1322704 0 102
1324178 0 102
1325612 0 102
1327025 0 102
1328520 0 102
1330056 0 102
1331551 0 102
1333046 0 103
1334541 0 101
1336077 0 102
1337510 0 102
1338944 0 103
1340357 0 101
1341811 0 102
1343286 0 103
1344801 0 101
1346317 0 102
1347709 0 102
1349245 0 102
1350740 0 102
1352235 0 103
1353669 0 101
1355205 0 102
1356741 0 102
1358277 0 102
1359731 0 102
1361205 0 102
1362741 0 102
1364175 0 103
1365711 0 101
1367124 0 102
1368578 0 103
1370053 0 101
1371466 0 102
1372899 0 102
1374394 0 102
1375848 0 103
1377405 0 101
1378859 0 102
1380333 0 102
1381808 0 103
1383282 0 101
1384736 0 102
1386170 0 102
1387706 0 102
1389140 0 102
1390594 0 102
1391986 0 102
1393502 0 103
1394935 0 101
1396410 0 102
1397864 0 102
1399297 0 103
1400752 0 101
1402288 0 102
1403680 0 103
1405114 0 101
1406547 0 102
1408022 0 103
1409537 0 101
1410950 0 102
1412363 0 103
1413859 0 101
1415333 0 102
1416746 0 103
1418159 0 101
1419552 0 102
1420965 0 103
1422480 0 101
1423873 0 102
1425389 0 102
1426822 0 103
1428256 0 101
1429771 0 102
1431225 0 102
1432720 0 102
1434174 0 102
1435690 0 102
1437226 0 102
1438762 0 103
1440298 0 101
1441690 0 102
1443247 0 102
1444680 0 102
1446216 0 102
1447650 0 102
1449124 0 103
1450619 0 101
1452135 0 102
1453630 0 102
1455125 0 102
1456620 0 103
1458054 0 101
1459549 0 102
1461023 0 102
1462559 0 102
1463952 0 103
1465508 0 101
1466962 0 102
1468457 0 102
1469932 0 102
1471365 0 102
1472840 0 102
1474232 0 103
1475707 0 101
1477120 0 102
1478595 0 103
1480090 0 101
1481585 0 102
1483100 0 102
1484534 0 102
1486008 0 102
1487442 0 102
1488896 0 103
1490452 0 101
1491907 0 102
1493340 0 102
1494774 0 103
1496207 0 101
1497641 0 102
1499074 0 102
1500508 0 102
1501921 0 102
1503355 0 103
1504850 0 101
1506304 0 102
1507717 0 102
1509150 0 103
1510727 0 101
1512243 0 102
1513656 0 102
1515110 0 102
1516523 0 102
1517957 0 102
1519472 0 103
1520967 0 101
1522421 0 102
1523978 0 103
1525534 0 101
1527050 0 102
1528565 0 102
1530019 0 103
1531453 0 101
1532948 0 102
1534361 0 103
1535794 0 101
1537269 0 102
1538662 0 103
1540218 0 101
1541631 0 102
1543085 0 102
1544601 0 103
1546116 0 101
1547611 0 102
1549024 0 102
1550478 0 102
1551891 0 102
1553304 0 103
1554759 0 101
1556233 0 102
1557708 0 103
1559141 0 101
1560575 0 102
1562049 0 103
1563503 0 101
1565039 0 102
1566514 0 102
1568009 0 103
1569545 0 101
1570978 0 102
1572473 0 102
1573866 0 102
1575341 0 102
1576856 0 102
1578269 0 102
1579785 0 103
1581218 0 101
1582631 0 102
1584126 0 102
1585662 0 103
1587157 0 101
1588693 0 102
1590147 0 102
1591622 0 102
1593055 0 102
1594469 0 103
1595902 0 101
1597418 0 102
1598933 0 102
1600408 0 102
1601862 0 103
1603316 0 101
1604811 0 102
1606306 0 102
1607760 0 102
1609275 0 102
1610750 0 102
1612163 0 103
1613617 0 101
1615153 0 102
1616689 0 103
1618102 0 101
1619618 0 102
1621113 0 102
1622526 0 102
1623959 0 102
1625413 0 102
1626888 0 102
1628424 0 103
1629898 0 101
1631414 0 102
1632868 0 102
1634404 0 102
1635858 0 102
1637271 0 103
1638786 0 101
1640282 0 102
1641817 0 103
1643251 0 101
1644746 0 102
1646282 0 103
1647839 0 101
1649231 0 102
1650767 0 103
1652324 0 101
1653798 0 102
1655273 0 103
1656706 0 101
1658099 0 102
1659614 0 103
1661048 0 101
1662440 0 102
1663833 0 102
1665246 0 103
1666680 0 101
1668216 0 102
1669690 0 102
1671124 0 102
1672578 0 103
1674114 0 101
1675588 0 102
1677022 0 102
1678558 0 102
1679992 0 102
1681425 0 102
1682920 0 103
1684436 0 101
1685849 0 102
1687344 0 102
1688818 0 102
1690252 0 102
1691665 0 102
1693201 0 102
1694614 0 103
1696170 0 101
1697563 0 102
1699079 0 102
1700615 0 102
1702028 0 103
1703543 0 101
1705059 0 102
1706472 0 102
1707885 0 102
1709277 0 102
1710772 0 102
1712267 0 103
1713803 0 101
1715319 0 102
1716855 0 102
1718350 0 102
1719763 0 102
1721238 0 102
1722774 0 102
1724269 0 102
1725702 0 103
1727156 0 101
1728590 0 102
1730003 0 102
1731416 0 102
1732931 0 102
1734365 0 102
1735758 0 103
1737253 0 101
1738666 0 102
1740120 0 102
1741656 0 102
1743192 0 103
1744728 0 101
1746120 0 102
1747656 0 102
1749069 0 102
1750503 0 102
1751998 0 102
1753513 0 102
1754927 0 103
1756401 0 101
1757855 0 102
1759289 0 102
1760722 0 102
1762176 0 103
1763692 0 101
1765228 0 102
1766661 0 102
1768054 0 102
1769590 0 102
1771106 0 102
1772621 0 103
1774177 0 101
1775713 0 102
1777208 0 102
1778683 0 102
1780178 0 102
1781612 0 102
1783004 0 103
1784499 0 101
1785974 0 102
1787407 0 103
1788943 0 101
1790377 0 102
1791810 0 103
1793326 0 101
1794841 0 102
1796398 0 103
1797934 0 101
1799449 0 102
1800842 0 102
1802235 0 103
1803648 0 101
1805061 0 102
1806597 0 102
1807989 0 102
1809382 0 102
1810836 0 102
1812270 0 102
1813806 0 103
1815260 0 101
1816673 0 102
1818147 0 103
1819622 0 101
1821137 0 102
1822673 0 102
1824127 0 103
1825581 0 101
1826995 0 102
1828530 0 102
1829944 0 103
1831480 0 101
1832975 0 102
1834511 0 102
1836026 0 102
1837460 0 102
1838852 0 102
1840347 0 102
1841822 0 103
1843337 0 101
1844771 0 102
1846245 0 102
1847781 0 102
1849235 0 102
1850628 0 103
1852164 0 101
1853679 0 102
1855195 0 102
1856588 0 102
1858124 0 102
1859639 0 102
1861093 0 102
1862609 0 103
1864063 0 101
1865558 0 102
1866971 0 102
1868425 0 103
1869920 0 101
1871435 0 102
1872848 0 102
1874241 0 102
1875634 0 102
1877108 0 102
1878583 0 102
1880057 0 103
1881552 0 101
1883068 0 102
1884522 0 103
1886037 0 101
1887532 0 102
1889007 0 102
1890400 0 102
1891813 0 102
1893226 0 103
1894782 0 101
1896236 0 102
1897629 0 102
1899144 0 102
1900680 0 102
1902114 0 103
1903670 0 101
1905145 0 102
1906599 0 102
1908094 0 103
1909630 0 101
1911145 0 102
1912558 0 102
1914094 0 102
1915487 0 102
1916982 0 102
1918518 0 102
1920034 0 103
1921570 0 101
1923024 0 102
1924498 0 103
1925993 0 101
1927447 0 102
1928901 0 102
1930294 0 102
1931789 0 103
1933202 0 101
1934676 0 102
1936192 0 103
1937626 0 101
1939141 0 102
1940575 0 103
1942131 0 101
1943606 0 102
1945101 0 102
1946616 0 102
1948152 0 102
1949565 0 102
2060112 0 47
2061648 0 41
2063061 0 39
2064453 0 48
2065948 0 42
2067484 0 41
2068979 0 45
2070474 0 46
2072010 0 41
2073485 0 40
2075041 0 52
2076536 0 55
2078072 0 69
2079506 0 44
2080981 0 52
2082455 0 56
2083889 0 64
2085445 0 47
2086961 0 51
2088394 0 65
2089951 0 41
2091425 0 57
2092961 0 51
2094374 0 62
2095931 0 44
2097385 0 49
2098818 0 59
2100313 0 56
2101767 0 68
2103181 0 46
2104614 0 55
2106027 0 59
2107522 0 53
2108935 0 69
2110389 0 43
2111905 0 52
2113359 0 53
2114874 0 55
2116349 0 62
2117905 0 41
2119318 0 57
2120854 0 51
2122370 0 49
2123803 0 50
2125278 0 59
2126773 0 57
2128330 0 55
2129763 0 68
2131299 0 42
2132835 0 51
2134269 0 50
2135682 0 53
2137136 0 60
2138631 0 53
2140064 0 68
2141539 0 37
2143075 0 56
2144570 0 58
2146085 0 66
2147539 0 47
2148993 0 50
2150468 0 67
2151943 0 40
2153479 0 56
2154974 0 65
2156428 0 39
2157923 0 54
2159356 0 54
2160892 0 65
2162367 0 39
2163821 0 53
2165316 0 64
2166811 0 37
2168244 0 50
2169678 0 62
2171234 0 43
2172750 0 56
2174204 0 57
2175760 0 60
2177296 0 57
2178791 0 72
2180225 0 44
2181761 0 49
2183256 0 56
2184751 0 56
2186307 0 50
2187864 0 52
2189420 0 57
2190956 0 70
2192451 0 43
2193864 0 55
2195400 0 59
2196977 0 49
2198431 0 53
2199967 0 57
2201462 0 52
2202855 0 66
2204411 0 38
2205927 0 57
2207361 0 56
2208835 0 49
2210310 0 61
2211723 0 41
2213238 0 58
2214733 0 55
2216269 0 52
2217785 0 69
2219300 0 48
2220816 0 53
2222290 0 54
2223724 0 51
2225260 0 53
2226714 0 56
2228127 0 59
2229642 0 71
2231158 0 38
2232591 0 51
2234005 0 58
2235438 0 58
2236913 0 51
2238408 0 54
2239882 0 56
2241377 0 61
2242831 0 46
2244408 0 56
2245883 0 51
2247296 0 56
2248811 0 56
2250245 0 59
2251637 0 69
2253112 0 46
2254566 0 51
2256123 0 60
2257577 0 49
2258969 0 55
2260505 0 51
2262001 0 59
2263536 0 52
2265093 0 67
2266588 0 46
2268103 0 54
2269598 0 66
2271093 0 39
2272506 0 54
2273960 0 61
2275496 0 47
2277012 0 59
2278404 0 51
2279858 0 49
2281251 0 62
2282787 0 38
2284221 0 54
2285654 0 57
2287088 0 53
2288562 0 51
2289996 0 70
2291470 0 45
2292986 0 57
2294419 0 57
2295996 0 62
2297553 0 48
2299089 0 51
2300604 0 62
2302120 0 38
2303635 0 50
2305130 0 58
2306646 0 55
2308161 0 53
2309574 0 71
2310967 0 41
2312401 0 55
2313875 0 65
2315329 0 45
2316886 0 53
2318360 0 56
2319794 0 54
2321330 0 55
2322825 0 51
2324361 0 71
2325856 0 37
2327289 0 52
2328784 0 57
2330218 0 57
2331692 0 63
2333208 0 45
2334642 0 59
2336055 0 52
2337611 0 51
2339106 0 49
2340581 0 66
2342014 0 48
2343530 0 59
2345045 0 60
2346479 0 63
2348035 0 37
2349489 0 60
2351005 0 67
2352479 0 37
2353995 0 59
2355408 0 51
2356964 0 53
2358398 0 52
2359893 0 53
2361429 0 54
2362965 0 65
2364460 0 48
2365873 0 57
2367327 0 58
2368781 0 53
2370256 0 61
2371751 0 48
2373287 0 51
2374720 0 60
2376133 0 50
2377628 0 57
2379185 0 49
2380659 0 72
2382093 0 43
2383547 0 51
2384960 0 60
2386476 0 56
2387971 0 50
2389404 0 63
2390940 0 42
2392353 0 51
2393889 0 52
2395343 0 53
2396838 0 51
2398292 0 65
2399726 0 40
2401159 0 55
2402654 0 50
2404088 0 49
2405501 0 65
2407017 0 45
2408491 0 55
2409945 0 54
2411502 0 67
2412997 0 48
2414512 0 58
2416028 0 59
2417441 0 71
2418895 0 43
2420369 0 57
2421905 0 60
2423380 0 52
2424916 0 49
2426411 0 71
2427947 0 41
2429401 0 56
2430875 0 67
2432432 0 48
2433886 0 55
2435319 0 62
2436774 0 37
2438187 0 49
2439723 0 72
2441259 0 46
2442815 0 59
2444371 0 51
2445907 0 66
2447443 0 48
2449000 0 55
2450536 0 50
2451990 0 59
2453464 0 52
2454878 0 61
2456291 0 45
2457786 0 54
2459178 0 58
2460591 0 62
2462025 0 43
2463499 0 53
2464994 0 58
2466530 0 65
2467944 0 38
2469398 0 58
2470954 0 58
2472490 0 49
2473924 0 55
2475378 0 57
2476934 0 67
2478470 0 44
2479883 0 56
2481440 0 52
2482976 0 56
2484512 0 58
2485986 0 63
2487522 0 41
2488976 0 55
2490512 0 50
2491966 0 58
2493400 0 51
2494895 0 52
2496369 0 55
2497905 0 67
2499441 0 44
2500957 0 59
2502390 0 64
2503803 0 46
2505360 0 52
2506875 0 64
2508391 0 46
2509845 0 50
2511360 0 53
2512753 0 54
2514269 0 58
2515702 0 66
2517177 0 41
2518610 0 56
2520085 0 49
2521580 0 51
2523136 0 52
2524652 0 66
2526085 0 47
2527621 0 54
2529116 0 59
2530632 0 57
2532209 0 56
2533704 0 52
2535158 0 64
2536714 0 37
2538148 0 56
2539643 0 57
2541199 0 59
2542633 0 52
2544087 0 49
2545623 0 69
2547097 0 45
2548572 0 51
2550087 0 65
2551501 0 45
2553077 0 59
2554613 0 68
2556068 0 46
2557583 0 56
2559139 0 55
2560675 0 49
2562191 0 52
2563604 0 54
2565119 0 60
2566594 0 58
2568110 0 67
2569666 0 39
2571141 0 56
2572697 0 67
2574212 0 38
2575769 0 57
2577346 0 58
2578882 0 50
2580438 0 51
2581974 0 69
2583408 0 43
2584841 0 55
2586377 0 53
2587831 0 49
2589286 0 51
2590719 0 65
2592153 0 44
2593607 0 60
2595061 0 49
2596576 0 65
2598071 0 41
2599566 0 55
2601000 0 54
2602433 0 59
2603949 0 65
2605423 0 48
2606857 0 52
2608270 0 49
2609806 0 64
2611301 0 40
2612776 0 52
2614271 0 71
2615807 0 39
2617240 0 58
2618674 0 60
2620210 0 54
2621623 0 50
2623056 0 60
2624613 0 63
2626149 0 39
2627685 0 56
2629180 0 71
2630654 0 38
2632190 0 57
2633603 0 57
2635037 0 53
2636593 0 55
2638007 0 53
2639543 0 64
2641079 0 43
2642512 0 57
2643946 0 57
2645400 0 50
2646833 0 69
2648410 0 47
2649946 0 54
2651462 0 51
2652977 0 59
2654472 0 67
2655906 0 43
2657442 0 54
2658896 0 63
2660411 0 45
2661947 0 58
2663504 0 70
2664978 0 43
2666391 0 58
2667948 0 60
2669463 0 49
2670979 0 52
2672392 0 58
2673866 0 66
2675321 0 47
2676816 0 57
2678290 0 71
2679683 0 45
2681219 0 50
2682775 0 65
2684229 0 46
2685765 0 56
2687322 0 60
2688755 0 55
2690168 0 65
2691602 0 44
2693097 0 57
2694571 0 62
2696005 0 39
2697500 0 50
2699056 0 53
2700572 0 68
2701985 0 41
2703398 0 52
2704852 0 58
2706306 0 52
2707760 0 68
2709296 0 41
2710771 0 52
2712327 0 51
2713863 0 60
2715317 0 59
2716771 0 56
2718328 0 54
2719782 0 61
2721256 0 42
2722772 0 59
2724246 0 57
2725803 0 57
2727359 0 68
2728895 0 45
2730390 0 59
2731947 0 53
2733483 0 57
2735019 0 66
2736534 0 42
2738050 0 55
2739565 0 57
2741040 0 67
2742473 0 43
2744030 0 55
2745545 0 68
2746958 0 47
2748371 0 51
2749866 0 60
2751280 0 57
2752775 0 69
2754188 0 48
2755703 0 56
2757116 0 51
2758509 0 57
2760065 0 49
2761499 0 52
2762912 0 49
2764448 0 63
2766004 0 41
2767397 0 50
2768831 0 54
2770305 0 49
2771780 0 52
2773193 0 59
2774647 0 60
2776183 0 52
2777719 0 69
2779173 0 43
2780750 0 58
2782183 0 51
2783719 0 53
2785112 0 51
2786648 0 59
2788163 0 69
2789658 0 38
2791215 0 51
2792710 0 57
2794164 0 67
2795638 0 45
2797113 0 54
2798526 0 62
2800021 0 43
2801578 0 53
2803073 0 63
2804527 0 46
2806083 0 59
2807558 0 72
2809032 0 43
2810568 0 55
2812022 0 66
2813456 0 39
2814971 0 56
2816466 0 58
2817900 0 69
2819436 0 40
2820869 0 52
2822426 0 54
2823921 0 51
2825477 0 64
2826972 0 39
2828426 0 49
2829962 0 50
2831437 0 56
2832870 0 50
2834325 0 63
2835779 0 41
2837274 0 60
2838687 0 64
2840079 0 47
2841513 0 55
2842946 0 51
2844462 0 59
2845896 0 56
2847329 0 55
2848763 0 49
2850258 0 72
2851671 0 41
2853186 0 54
2854640 0 69
2856094 0 46
2857548 0 59
2859043 0 64
2860559 0 47
2862033 0 51
2863467 0 70
2864880 0 42
2866375 0 56
2867870 0 55
2869324 0 70
2870758 0 43
2872294 0 53
2873768 0 66
2875222 0 39
2876758 0 54
2878212 0 52
2879769 0 58
2881223 0 59
2882636 0 51
2884111 0 54
2885647 0 66
2887121 0 37
2888534 0 56
2890009 0 66
2891524 0 39
2892978 0 60
2894473 0 64
2895927 0 39
2897443 0 50
2898876 0 50
2900392 0 67
2901825 0 45
2903361 0 59
2904918 0 71
2906413 0 37
2907928 0 50
2909362 0 59
2910816 0 59
2912250 0 50
2913765 0 55
2915322 0 49
2916817 0 64
2918271 0 37
2919704 0 50
2921220 0 51
2922776 0 54
2924312 0 56
2925828 0 52
2927323 0 51
2928859 0 68
2930313 0 46
2931828 0 53
2933385 0 72
2934921 0 45
2936354 0 51
2937829 0 57
2939385 0 50
2940798 0 60
2942211 0 60
2943768 0 67
2945160 0 47
2946737 0 58
2948212 0 59
2949645 0 49
2951161 0 59
2952574 0 54
2954049 0 49
2955585 0 67
2957018 0 42
2958431 0 56
2959967 0 59
2961462 0 53
2962896 0 59
2964309 0 58
2979900 0 104
2981436 0 104
2982931 0 104
2984324 0 104
2985798 0 104
2987273 0 104
2988727 0 104
2990181 0 104
2991697 0 104
2993233 0 104
2994748 0 105
2996223 0 105
2997779 0 106
2999254 0 104
3000646 0 105
3002121 0 106
3003677 0 104
3005070 0 105
3006524 0 105
3007978 0 105
3009452 0 105
3010968 0 106
3012463 0 104
3013937 0 105
3015453 0 105
3017009 0 105
3018463 0 105
3019938 0 105
3021433 0 106
3022887 0 104
3024321 0 105
3025775 0 105
3027229 0 105
3028744 0 105
3030260 0 105
3031693 0 106
3033106 0 104
3034540 0 105
3036076 0 106
3037592 0 104
3039107 0 105
3040582 0 105
3041974 0 105
3043367 0 105
3044862 0 106
3046275 0 104
3047770 0 105
3049265 0 106
3050739 0 104
3052193 0 105
3053688 0 105
3055122 0 105
3056556 0 105
3058071 0 106
3059484 0 104
3060938 0 105
3062331 0 105
3063887 0 105
3065423 0 106
3066939 0 104
3068331 0 105
3069847 0 106
3071342 0 104
3072857 0 105
3074332 0 105
3075888 0 105
3077363 0 106
3078817 0 104
3080353 0 105
3081807 0 105
3083343 0 105
3084838 0 106
3086374 0 104
3087828 0 105
3089303 0 105
3090736 0 105
3092231 0 105
3093685 0 106
3095180 0 104
3096593 0 105
3098027 0 105
3099440 0 105
3100915 0 105
3102389 0 105
3103823 0 106
3105277 0 104
3106751 0 105
3108185 0 105
3109618 0 105
3111032 0 105
3112567 0 105
3113960 0 106
3115414 0 104
3116889 0 105
3118404 0 105
3119899 0 105
3121374 0 106
3122848 0 104
3124282 0 105
3125695 0 106
3127190 0 104
3128624 0 105
3130078 0 105
3131634 0 105
3133088 0 105
3134624 0 105
3136160 0 105
3137676 0 105
3139089 0 106
3140584 0 104
3141997 0 105
3143553 0 106
3144966 0 104
3146400 0 105
3147854 0 105
3149288 0 106
3150844 0 104
3152400 0 105
3153793 0 106
3155329 0 104
3156783 0 105
3158196 0 105
3159732 0 105
3161248 0 106
3162702 0 104
3164094 0 105
3165528 0 105
3167043 0 106
3168538 0 104
3170033 0 105
3171467 0 105
3172962 0 105
3174437 0 105
3175891 0 106
3177345 0 104
3178778 0 105
3180171 0 105
3181666 0 105
3183161 0 105
3184676 0 105
3186192 0 105
3187728 0 105
3189141 0 106
3190595 0 104
3192029 0 105
3193421 0 106
3194855 0 104
3196268 0 105
3197681 0 105
3199217 0 105
3200732 0 105
3202207 0 105
3203661 0 105
3205197 0 106
3206651 0 104
3208187 0 105
3209723 0 105
3211238 0 105
3212672 0 105
3214106 0 105
3215642 0 105
3217116 0 106
3218570 0 104
3220127 0 105
3221642 0 106
3223158 0 104
3224612 0 105
3226066 0 106
3227581 0 104
3228974 0 105
3230387 0 106
3231882 0 104
3233315 0 105
3234872 0 105
3236265 0 105
3237657 0 105
3239091 0 105
3240606 0 105
3242142 0 105
3243699 0 106
3245091 0 104
3246607 0 105
3247999 0 106
3249556 0 104
3251112 0 105
3252648 0 105
3254061 0 105
3255618 0 105
3257133 0 106
3258587 0 104
3260021 0 105
3261475 0 105
3263011 0 105
3264445 0 105
3265981 0 105
3267517 0 106
3269073 0 104
3270547 0 105
3272083 0 105
3273578 0 105
3275094 0 105
3276507 0 105
3277900 0 106
3279456 0 104
3281013 0 105
3282569 0 105
3284023 0 105
3285436 0 105
3286972 0 105
3288426 0 106
3289860 0 104
3291334 0 105
3292727 0 105
3294202 0 105
3295635 0 105
3297151 0 106
3298584 0 104
3300100 0 105
3301533 0 105
3303069 0 105
3304544 0 105
3306059 0 105
3307472 0 105
3308947 0 105
3310483 0 106
3312019 0 104
3313575 0 105
3315132 0 105
3316545 0 105
3318060 0 106
3319596 0 104
3321009 0 105
3322504 0 105
3324020 0 105
3325535 0 105
3326948 0 105
3328382 0 105
3329877 0 106
3331372 0 104
3332826 0 105
3334342 0 105
3335816 0 105
3337311 0 105
3338745 0 105
3340281 0 106
3341817 0 104
3343332 0 105
3344786 0 106
3346302 0 104
3347817 0 105
3349271 0 106
3350766 0 104
3352323 0 105
3353736 0 106
3355272 0 104
3356787 0 105
3358323 0 105
3359777 0 105
3361313 0 105
3362788 0 105
3364201 0 106
3365635 0 104
3367089 0 105
3368625 0 105
3370099 0 106
3371635 0 104
3373028 0 105
3374543 0 105
3376079 0 106
3377492 0 104
3378905 0 105
3380318 0 105
3381813 0 105
3383247 0 105
3384803 0 105
3386319 0 105
3387753 0 106
3389289 0 104
3390824 0 105
3392217 0 106
3393610 0 104
3395105 0 105
3396538 0 105
3397951 0 105
3399467 0 105
3400941 0 105
3402416 0 105
3403952 0 106
3405406 0 104
3406881 0 105
3408437 0 106
3409912 0 104
3411325 0 105
3412758 0 105
3414274 0 105
3415728 0 105
3417141 0 105
3418574 0 106
3420131 0 104
3421585 0 105
3423019 0 105
3424554 0 105
3425988 0 106
3427401 0 104
3428876 0 105
3430432 0 105
3431886 0 106
3433279 0 104
3434794 0 105
3436289 0 105
3437723 0 105
3439218 0 105
3440733 0 106
3442269 0 104
3443764 0 105
3445280 0 105
3446734 0 106
3448147 0 104
3449622 0 105
3451055 0 105
3452530 0 105
3453984 0 106
3455479 0 104
3456912 0 105
3458366 0 106
3459759 0 104
3461275 0 105
3462688 0 105
3464142 0 105
3465678 0 105
3467173 0 105
3468565 0 106
3470040 0 104
3471514 0 105
3473071 0 105
3474525 0 106
3476020 0 104
3477474 0 105
3478948 0 105
3480362 0 105
3481775 0 106
3483229 0 104
3484642 0 105
3486198 0 105
3487611 0 105
3489147 0 105
3490581 0 106
3492035 0 104
3493591 0 105
3495086 0 105
3496520 0 105
3497933 0 105
3499346 0 105
3500821 0 105
3502357 0 106
3503893 0 104
3505367 0 105
3506821 0 105
3508378 0 105
3509914 0 105
3511409 0 105
3512924 0 105
3514317 0 106
3515832 0 104
3517368 0 105
3518802 0 106
3520235 0 104
3521690 0 105
3523164 0 105
3524639 0 105
3526031 0 106
3527465 0 104
3529021 0 105
3530434 0 105
3531909 0 105
3533342 0 106
3534858 0 104
3536291 0 105
3537766 0 106
3539179 0 104
3540715 0 105
3542190 0 105
3543664 0 105
3545077 0 105
3546572 0 106
3548108 0 104
3549521 0 105
3550955 0 105
3552368 0 105
3553802 0 106
3555317 0 104
3556751 0 105
3558287 0 106
3559823 0 104
3561215 0 105
3562669 0 106
3564185 0 104
3565680 0 105
3567134 0 106
3568670 0 104
3570165 0 105
3571598 0 106
3573011 0 104
3574527 0 105
3576022 0 106
3577476 0 104
3578992 0 105
3580507 0 106
3581961 0 104
3583374 0 105
3584910 0 105
3586364 0 105
3587921 0 105
3589477 0 105
3591013 0 105
3592406 0 106
3593942 0 104
3595457 0 105
3596911 0 106
3598468 0 104
3599983 0 105
3601499 0 105
3602973 0 106
3604448 0 104
3605922 0 105
3607417 0 105
3608830 0 105
3610346 0 106
3611902 0 104
3613356 0 105
3614770 0 106
3616285 0 104
3617801 0 105
3619234 0 105
3620668 0 106
3622142 0 104
3623617 0 105
3625050 0 106
3626525 0 104
3627979 0 105
3629371 0 105
3630826 0 106
3632361 0 104
3633918 0 105
3635393 0 106
3636826 0 104
3638383 0 105
3639837 0 105
3641332 0 105
3642745 0 105
3644219 0 105
3645653 0 105
3647127 0 106
3648602 0 104
3649994 0 105
3651449 0 106
3652964 0 104
3654398 0 105
3655811 0 105
3657224 0 105
3658780 0 106
3660234 0 104
3661729 0 105
3663142 0 105
3664699 0 106
3666112 0 104
3667566 0 105
3669082 0 105
3670474 0 106
3671949 0 104
3673485 0 105
3675021 0 106
3676475 0 104
3677970 0 105
3679403 0 105
3680857 0 105
3682373 0 105
3683909 0 106
3685363 0 104
3686755 0 105
3688250 0 105
3689807 0 105
3691281 0 105
3692736 0 105
3694190 0 106
3695644 0 104
3697118 0 105
3698593 0 106
3700088 0 104
3701583 0 105
3703037 0 105
3704511 0 105
3706027 0 105
3707440 0 105
3708873 0 106
3710409 0 104
3711925 0 105
3713400 0 106
3714935 0 104
3716369 0 105
3717925 0 105
3719441 0 105
3720977 0 106
3722492 0 104
3724008 0 105
3725462 0 106
3726875 0 104
3728411 0 105
3729886 0 106
3731401 0 104
3732876 0 105
3734350 0 105
3735907 0 106
3737381 0 104
3738794 0 105
3740289 0 105
3741764 0 105
3743320 0 106
3744754 0 104
3746290 0 105
3747723 0 105
3749157 0 105
3750672 0 105
3752126 0 106
3753662 0 104
3755178 0 105
3756653 0 105
3758209 0 105
3759643 0 105
3761097 0 105
3762592 0 106
3764046 0 104
3765500 0 105
3767036 0 105
3768449 0 105
3769985 0 105
3771500 0 106
3772954 0 104
3774367 0 105
3775883 0 105
3777378 0 105
3778771 0 105
3780163 0 105
3781638 0 105
3783153 0 106
3784669 0 104
3786184 0 105
3787700 0 105
3789215 0 106
3790608 0 104
3792041 0 105
3793495 0 105
3794990 0 106
3796465 0 104
3797939 0 105
3799353 0 105
3800868 0 105
3802425 0 105
3803940 0 105
3805374 0 105
3806766 0 105
3808261 0 106
3809797 0 104
3811251 0 105
3812685 0 106
3814118 0 104
3815613 0 105
3817149 0 105
3818542 0 105
3819976 0 105
3821491 0 105
3822966 0 106
3824440 0 104
3825956 0 105
3827410 0 106
3828843 0 104
3830256 0 105
3831731 0 105
3833246 0 105
3834700 0 105
3836195 0 105
3837752 0 106
3839165 0 104
3840619 0 105
3842073 0 105
3843548 0 106
3845104 0 104
3846620 0 105
3848176 0 106
3849630 0 104
3851105 0 105
3852497 0 106
3853931 0 104
3855405 0 105
3856941 0 106
3858395 0 104
3859890 0 105
3861344 0 105
3862819 0 105
3864232 0 105
3865645 0 105
3867058 0 105
3868594 0 106
3870110 0 104
3871523 0 105
3872936 0 105
3874390 0 105
3875824 0 106
3877380 0 104
3878896 0 105
