56490 0 3
57944 0 8
59439 0 10
60873 0 12
62306 0 3
63781 0 6
65317 0 10
66853 0 9
68368 0 3
69843 0 8
71276 0 21
72812 0 22
74307 0 29
75700 0 4
77113 0 13
78526 0 21
80001 0 22
81496 0 19
83032 0 19
84465 0 16
85981 0 27
87517 0 4
88991 0 14
90445 0 15
91838 0 16
93292 0 15
94807 0 17
96302 0 31
97818 0 2
99313 0 24
100808 0 15
102221 0 16
103716 0 16
105129 0 14
106501 0 16
108017 0 33
109553 0 4
111068 0 24
112604 0 20
114181 0 23
115656 0 35
117048 0 1
118523 0 15
119977 0 17
121410 0 22
122885 0 17
124400 0 24
125895 0 19
127431 0 27
128988 0 3
130401 0 24
131855 0 28
133350 0 10
134825 0 18
136381 0 32
137917 0 3
139371 0 24
140825 0 19
142361 0 23
143774 0 17
145187 0 28
146662 0 10
148177 0 17
149693 0 25
151126 0 12
152601 0 17
154055 0 16
155427 0 29
156922 0 8
158479 0 20
160035 0 15
161571 0 19
163025 0 13
164520 0 22
165954 0 24
167490 0 18
168964 0 26
170377 0 5
171893 0 23
173326 0 16
174719 0 36
176275 0 9
177832 0 24
179347 0 31
180884 0 12
182419 0 13
183853 0 22
185307 0 23
186843 0 19
188276 0 22
189710 0 22
191144 0 28
192536 0 1
194031 0 16
195444 0 36
196980 0 3
198373 0 21
199929 0 17
201363 0 24
202837 0 17
204271 0 16
205725 0 20
207241 0 26
208736 0 5
210231 0 16
211664 0 35
213118 0 1
214613 0 14
216129 0 18
217644 0 18
219057 0 32
220532 0 4
221904 0 13
223419 0 23
224833 0 24
226225 0 17
227700 0 13
229195 0 29
230628 0 3
232123 0 13
233536 0 24
234970 0 18
236465 0 16
237981 0 26
239353 0 10
240827 0 24
242261 0 25
243797 0 11
245271 0 16
246787 0 32
248261 0 7
249695 0 17
251108 0 22
252562 0 26
253975 0 8
255532 0 23
257027 0 19
258501 0 28
259996 0 8
261450 0 13
262925 0 15
264338 0 15
265730 0 13
267164 0 15
268577 0 14
270093 0 17
271547 0 30
273062 0 12
274496 0 18
276011 0 19
277506 0 26
278899 0 2
280373 0 22
281827 0 33
283322 0 1
284858 0 20
286353 0 29
287746 0 9
289241 0 15
290798 0 19
292374 0 20
293828 0 22
295283 0 13
296716 0 30
298170 0 5
299583 0 15
300996 0 15
302512 0 17
303904 0 15
305441 0 19
306956 0 14
308430 0 20
309925 0 31
311461 0 3
312854 0 16
314308 0 35
315844 0 7
317319 0 23
318793 0 27
320309 0 1
321804 0 15
323258 0 21
324773 0 31
326289 0 11
327722 0 17
329115 0 18
330549 0 22
332084 0 33
333518 0 9
335054 0 23
336590 0 16
338105 0 21
339621 0 24
341096 0 20
342570 0 20
344126 0 30
345601 0 11
347035 0 13
348550 0 16
349984 0 17
351417 0 23
352830 0 25
354243 0 3
355636 0 17
357111 0 17
358544 0 18
359998 0 20
361575 0 16
363029 0 33
364442 0 5
365896 0 18
367350 0 19
368927 0 21
370484 0 16
371897 0 26
373290 0 3
374703 0 14
376177 0 33
377693 0 2
379085 0 24
380621 0 15
382014 0 20
383447 0 14
384922 0 15
386335 0 32
387810 0 8
389407 0 18
390841 0 20
392417 0 22
393974 0 15
395407 0 35
396923 0 10
398377 0 20
399811 0 15
401203 0 13
402637 0 19
404214 0 17
405729 0 20
407163 0 29
408535 0 9
410071 0 24
411607 0 30
413020 0 3
414454 0 14
415887 0 14
417341 0 22
418775 0 23
420311 0 23
421765 0 31
423219 0 9
424673 0 14
426066 0 21
427561 0 24
429035 0 24
430448 0 29
431964 0 4
433479 0 19
434933 0 20
436469 0 19
437903 0 28
439439 0 6
440954 0 17
442470 0 34
444006 0 12
445419 0 18
446873 0 16
448368 0 16
449801 0 18
451276 0 15
452710 0 14
454164 0 36
455659 0 11
457113 0 15
458526 0 17
460062 0 36
461577 0 12
463113 0 24
464526 0 32
465939 0 3
467414 0 23
468848 0 16
470261 0 33
471715 0 3
473251 0 15
474725 0 24
476138 0 25
477674 0 6
479231 0 14
480623 0 35
482057 0 7
483613 0 23
485149 0 30
486603 0 3
488057 0 16
489552 0 21
490966 0 16
492338 0 31
493853 0 12
495348 0 23
496864 0 19
498277 0 25
499833 0 1
501226 0 17
502762 0 22
504195 0 13
505731 0 28
507226 0 5
508660 0 22
510155 0 36
511609 0 9
513084 0 20
514681 0 29
516155 0 8
517691 0 18
519186 0 29
520702 0 4
522217 0 16
523753 0 14
525269 0 17
526764 0 24
528279 0 22
529733 0 27
531126 0 7
532662 0 22
534116 0 21
535632 0 15
537024 0 27
538458 0 7
539973 0 18
541489 0 26
542984 0 5
544397 0 21
545953 0 27
547346 0 1
548841 0 16
550316 0 23
551872 0 14
553347 0 35
554760 0 10
556337 0 16
557852 0 20
559347 0 20
560781 0 18
562235 0 23
563750 0 25
565286 0 12
566699 0 15
568215 0 17
569648 0 16
571041 0 13
572515 0 25
573949 0 10
575403 0 18
576878 0 22
578414 0 34
579806 0 8
581342 0 23
582817 0 18
584312 0 19
585827 0 28
587302 0 9
588735 0 23
590148 0 31
591643 0 11
593159 0 13
594593 0 22
596108 0 23
597664 0 33
599139 0 3
600654 0 14
602170 0 13
603665 0 17
605160 0 21
606594 0 17
608130 0 13
609563 0 23
611017 0 25
612512 0 10
613987 0 22
615461 0 29
616874 0 3
618431 0 17
619885 0 31
621339 0 10
622916 0 23
624349 0 13
625824 0 28
627298 0 4
628732 0 22
630207 0 21
631702 0 26
633135 0 5
634569 0 17
636064 0 16
637436 0 24
638849 0 23
640303 0 17
641737 0 22
643252 0 27
644686 0 6
646242 0 14
647737 0 13
649171 0 13
650563 0 13
652017 0 34
653410 0 6
654926 0 15
656359 0 21
657916 0 13
659452 0 15
660947 0 21
662503 0 31
663998 0 4
665432 0 20
666886 0 25
668442 0 11
669917 0 15
671330 0 26
672702 0 4
674115 0 24
675528 0 20
676962 0 13
678457 0 34
679952 0 7
681385 0 22
682962 0 17
684396 0 22
685911 0 20
687345 0 21
688819 0 13
690232 0 33
691748 0 11
693222 0 17
694697 0 30
696172 0 4
697667 0 19
699182 0 22
700616 0 17
702029 0 19
703503 0 17
704916 0 30
706350 0 11
707824 0 16
709217 0 13
710671 0 25
712084 0 9
713518 0 23
714910 0 25
716385 0 4
717778 0 19
719191 0 31
720768 0 1
722304 0 14
723737 0 13
725171 0 17
726584 0 17
728120 0 23
729635 0 28
731110 0 12
732666 0 18
734141 0 28
735533 0 5
737069 0 17
738544 0 34
740039 0 11
741493 0 17
742968 0 13
744401 0 29
745835 0 1
747330 0 20
748866 0 19
750320 0 18
751774 0 17
753228 0 26
754743 0 7
756300 0 21
757815 0 18
759372 0 16
760744 0 28
762218 0 3
763631 0 19
765106 0 21
766540 0 20
768116 0 20
769632 0 28
771147 0 4
772622 0 22
774138 0 21
775653 0 13
777066 0 15
778479 0 34
779954 0 8
781449 0 17
782964 0 17
784398 0 18
785954 0 22
787490 0 19
789006 0 17
790480 0 32
791934 0 4
793450 0 19
794924 0 33
796337 0 9
797791 0 13
799307 0 22
800863 0 15
802297 0 31
803813 0 8
805369 0 16
806803 0 28
808195 0 10
809629 0 14
811124 0 19
812639 0 26
814093 0 3
815486 0 19
817063 0 32
818578 0 10
820155 0 23
821568 0 15
823125 0 18
824579 0 36
826033 0 4
827528 0 13
828921 0 23
830313 0 15
831849 0 29
833344 0 9
834901 0 21
836457 0 32
837973 0 8
839550 0 22
841106 0 27
842560 0 6
843994 0 22
845509 0 19
846943 0 36
848458 0 7
850015 0 24
851448 0 15
852964 0 18
854377 0 18
855831 0 24
857285 0 25
858862 0 8
860377 0 15
861790 0 15
863326 0 18
864780 0 13
866214 0 16
867627 0 23
869040 0 26
870535 0 7
871969 0 16
873464 0 18
874959 0 14
876413 0 14
877949 0 36
879485 0 2
880959 0 22
882393 0 17
883786 0 17
885240 0 21
886653 0 14
888189 0 20
889704 0 34
891240 0 7
892674 0 16
894169 0 34
895705 0 6
897179 0 20
898674 0 16
900087 0 13
901644 0 27
903118 0 2
904613 0 24
906006 0 36
907419 0 12
908914 0 21
910430 0 29
911843 0 1
913235 0 13
914730 0 32
916225 0 8
917741 0 14
919256 0 21
920772 0 24
922205 0 17
923700 0 18
925257 0 14
926690 0 29
928124 0 4
929537 0 21
931073 0 20
932609 0 16
934022 0 17
935456 0 13
936992 0 27
938487 0 9
939941 0 22
941415 0 13
942808 0 23
944241 0 17
945655 0 32
947068 0 2
948604 0 20
950058 0 21
951491 0 18
953007 0 16
954481 0 16
1174807 0 101
1176220 0 101
1177694 0 101
1179128 0 101
1180582 0 101
1182118 0 101
1183593 0 101
1185047 0 101
1186583 0 101
1188016 0 101
1189491 0 102
1190883 0 102
1192358 0 102
1193853 0 102
1195389 0 103
1196884 0 101
1198297 0 102
1199751 0 102
1201225 0 102
1202659 0 102
1204175 0 103
1205670 0 101
1207144 0 102
1208598 0 102
1210052 0 102
1211465 0 102
1212878 0 102
1214312 0 102
1215725 0 103
1217261 0 101
1218797 0 102
1220313 0 103
1221767 0 101
1223180 0 102
1224593 0 102
1226047 0 102
1227562 0 102
1228955 0 102
1230470 0 102
1231924 0 103
1233440 0 101
1234833 0 102
1236328 0 102
1237761 0 102
1239297 0 102
1240772 0 102
1242287 0 102
1243782 0 103
1245216 0 101
1246670 0 102
1248144 0 102
1249680 0 103
1251196 0 101
1252732 0 102
1254206 0 103
1255783 0 101
1257299 0 102
1258814 0 102
1260309 0 102
1261763 0 102
1263217 0 102
1264630 0 103
1266207 0 101
1267723 0 102
1269218 0 102
1270672 0 102
1272085 0 103
1273539 0 101
1274952 0 102
1276365 0 103
1277819 0 101
1279294 0 102
1280768 0 102
1282284 0 102
1283758 0 103
1285294 0 101
1286810 0 102
1288284 0 103
1289698 0 101
1291172 0 102
1292708 0 103
1294264 0 101
1295800 0 102
1297296 0 102
1298688 0 103
1300204 0 101
1301699 0 102
1303132 0 103
1304607 0 101
1305999 0 102
1307474 0 102
1308989 0 102
1310443 0 102
1311938 0 102
1313433 0 103
1314908 0 101
1316362 0 102
1317775 0 103
1319250 0 101
1320745 0 102
1322219 0 102
1323735 0 102
1325271 0 103
1326766 0 101
1328220 0 102
1329756 0 102
1331230 0 102
1332705 0 103
1334138 0 101
1335613 0 102
1337046 0 102
1338439 0 102
1339914 0 102
1341450 0 102
1342883 0 102
1344317 0 103
1345832 0 101
1347245 0 102
1348720 0 102
1350174 0 102
1351689 0 103
1353143 0 101
1354618 0 102
1356072 0 103
1357629 0 101
1359103 0 102
1360537 0 102
1361929 0 102
1363424 0 102
1364940 0 102
1366394 0 103
1367889 0 101
1369404 0 102
1370940 0 102
1372497 0 102
1373971 0 103
1375425 0 101
1376879 0 102
1378292 0 103
1379828 0 101
1381364 0 102
1382900 0 102
1384416 0 102
1385809 0 102
1387242 0 102
1388799 0 103
1390294 0 101
1391748 0 102
1393222 0 102
1394656 0 102
1396130 0 102
1397666 0 103
1399100 0 101
1400554 0 102
1401967 0 102
1403401 0 102
1404916 0 103
1406493 0 101
1407988 0 102
1409401 0 102
1410794 0 102
1412248 0 102
1413763 0 102
1415197 0 102
1416651 0 103
1418146 0 101
1419620 0 102
1421074 0 102
1422569 0 102
1423983 0 102
1425396 0 102
1426829 0 102
1428324 0 103
1429860 0 101
1431396 0 102
1432871 0 103
1434304 0 101
1435717 0 102
1437212 0 102
1438748 0 102
1440243 0 103
1441656 0 101
1443151 0 102
1444708 0 103
1446203 0 101
1447637 0 102
1449050 0 102
1450442 0 102
1451978 0 102
1453514 0 102
1454968 0 102
1456422 0 103
1457938 0 101
1459351 0 102
1460887 0 102
1462341 0 102
1463836 0 103
1465352 0 101
1466846 0 102
1468382 0 102
1469857 0 103
1471270 0 101
1472683 0 102
1474096 0 102
1475509 0 102
1476963 0 102
1478376 0 102
1479871 0 102
1481264 0 103
1482718 0 101
1484131 0 102
1485647 0 102
1487101 0 102
1488555 0 103
1490091 0 101
1491483 0 102
1493019 0 102
1494535 0 102
1496050 0 102
1497586 0 102
1499040 0 103
1500454 0 101
1501887 0 102
1503341 0 103
1504898 0 101
1506372 0 102
1507785 0 103
1509280 0 101
1510796 0 102
1512188 0 103
1513642 0 101
1515096 0 102
1516571 0 103
1518046 0 101
1519438 0 102
1520954 0 102
1522449 0 102
1523841 0 102
1525254 0 103
1526770 0 101
1528244 0 102
1529698 0 102
1531193 0 103
1532750 0 101
1534224 0 102
1535760 0 102
1537235 0 103
1538791 0 101
1540266 0 102
1541659 0 102
1543174 0 102
1544669 0 103
1546226 0 101
1547680 0 102
1549216 0 103
1550731 0 101
1552165 0 102
1553598 0 102
1555011 0 103
1556486 0 101
1557899 0 102
1559312 0 102
1560807 0 102
1562220 0 103
1563654 0 101
1565169 0 102
1566685 0 102
1568139 0 103
1569593 0 101
1571108 0 102
1572542 0 102
1574016 0 103
1575470 0 101
1576986 0 102
1578460 0 102
1579935 0 103
1581471 0 101
1582905 0 102
1584400 0 102
1585895 0 102
1587369 0 102
1588762 0 102
1590175 0 102
1591649 0 103
1593124 0 101
1594598 0 102
1596052 0 103
1597568 0 101
1599043 0 102
1600538 0 102
1602053 0 102
1603548 0 103
1605023 0 101
1606477 0 102
1607992 0 102
1609426 0 102
1610941 0 103
1612416 0 101
1613849 0 102
1615344 0 102
1616737 0 102
1618191 0 103
1619666 0 101
1621079 0 102
1622553 0 102
1623987 0 103
1625400 0 101
1626833 0 102
1628349 0 103
1629885 0 101
1631380 0 102
1632916 0 102
1634308 0 102
1635722 0 102
1637217 0 102
1638691 0 102
1640125 0 103
1641558 0 101
1643094 0 102
1644589 0 102
1645982 0 102
1647395 0 102
1648931 0 103
1650487 0 101
1651921 0 102
1653375 0 102
1654788 0 102
1656242 0 102
1657676 0 102
1659150 0 102
1660666 0 102
1662099 0 103
1663635 0 101
1665110 0 102
1666502 0 102
1667956 0 102
1669493 0 102
1670947 0 102
1672462 0 102
1673978 0 103
1675513 0 101
1677070 0 102
1678626 0 103
1680162 0 101
1681657 0 102
1683091 0 102
1684545 0 102
1686020 0 102
1687494 0 102
1688887 0 103
1690443 0 101
1691938 0 102
1693331 0 102
1694826 0 102
1696341 0 103
1697775 0 101
1699290 0 102
1700806 0 103
1702260 0 101
1703734 0 102
1705270 0 102
1706663 0 103
1708076 0 101
1709469 0 102
1710964 0 103
1712479 0 101
1713913 0 102
1715469 0 102
1716985 0 103
1718541 0 101
1720036 0 102
1721511 0 102
1723047 0 102
1724480 0 102
1726037 0 102
1727511 0 102
1728965 0 103
1730481 0 101
1731996 0 102
1733430 0 102
1734945 0 102
1736440 0 102
1737874 0 102
1739267 0 102
1740700 0 102
1742113 0 103
1743547 0 101
1745001 0 102
1746455 0 102
1747848 0 102
1749261 0 103
1750838 0 101
1752353 0 102
1753746 0 103
1755179 0 101
1756592 0 102
1758108 0 102
1759501 0 102
1760955 0 102
1762368 0 102
1763842 0 102
1765296 0 102
1766791 0 103
1768327 0 101
1769761 0 102
1771276 0 103
1772792 0 101
1774205 0 102
1775720 0 102
1777154 0 102
1778690 0 103
1780267 0 101
1781803 0 102
1783277 0 102
1784731 0 102
1786206 0 103
1787762 0 101
1789155 0 102
1790589 0 103
1792043 0 101
1793517 0 102
1794992 0 102
1796405 0 102
1797838 0 103
1799251 0 101
1800767 0 102
1802242 0 102
1803675 0 102
1805109 0 103
1806522 0 101
1807976 0 102
1809409 0 103
1810863 0 101
1812297 0 102
1813731 0 102
1815123 0 103
1816700 0 101
1818113 0 102
1819526 0 102
1820980 0 103
1822434 0 101
1823848 0 102
1825322 0 103
1826756 0 101
1828189 0 102
1829705 0 103
1831220 0 101
1832715 0 102
1834149 0 102
1835644 0 102
1837118 0 103
1838675 0 101
1840067 0 102
1841521 0 102
1842955 0 102
1844471 0 102
1845966 0 102
1847440 0 102
1848915 0 102
1850430 0 103
1851987 0 101
1853461 0 102
1854936 0 102
1856369 0 102
1857803 0 102
1859318 0 103
1860854 0 101
1862308 0 102
1863742 0 103
1865278 0 101
1866773 0 102
1868288 0 102
1869824 0 102
1871299 0 103
1872794 0 101
1874248 0 102
1875661 0 103
1877217 0 101
1878692 0 102
1880085 0 102
1881518 0 102
1882972 0 103
1884406 0 101
1885860 0 102
1887273 0 102
1888727 0 102
1890263 0 103
1891738 0 101
1893130 0 102
1894564 0 103
1896018 0 101
1897533 0 102
1899028 0 102
1900503 0 102
1902018 0 102
1903493 0 103
1904947 0 101
1906421 0 102
1907937 0 103
1909432 0 101
1910968 0 102
1912422 0 102
1913876 0 102
1915392 0 103
1916907 0 101
1918341 0 102
1919856 0 103
1921413 0 101
1922908 0 102
1924362 0 103
1925836 0 101
1927372 0 102
1928765 0 102
1930280 0 103
1931816 0 101
1933373 0 102
1934868 0 102
1936404 0 102
1937858 0 103
1939291 0 101
1940766 0 102
1942158 0 102
1943571 0 102
1945046 0 102
1946541 0 102
1948036 0 102
1949429 0 102
1950903 0 103
1952398 0 101
1953852 0 102
1955368 0 102
1956883 0 102
1958317 0 102
1959873 0 102
1961327 0 102
1962781 0 103
1964235 0 101
1965669 0 102
1967103 0 102
1968557 0 102
1969970 0 102
1971465 0 102
1973021 0 102
1974557 0 103
1976134 0 101
1977588 0 102
1979063 0 102
1980496 0 102
1982012 0 102
1983527 0 102
1984920 0 102
1986394 0 102
1987787 0 103
1989262 0 101
1990736 0 102
1992170 0 103
1993706 0 101
1995160 0 102
1996655 0 103
1998191 0 101
1999686 0 102
2001078 0 102
2002491 0 102
2003946 0 103
2005379 0 101
2006813 0 102
2008267 0 103
2009803 0 101
2011298 0 102
2012793 0 103
2014226 0 101
2015639 0 102
2017155 0 102
2018609 0 102
2020063 0 102
2021578 0 102
2023135 0 102
2024671 0 103
2026227 0 101
2027640 0 102
2029156 0 103
2030651 0 101
2032064 0 102
2033498 0 103
2035013 0 101
2036447 0 102
2037860 0 102
2039396 0 103
2040932 0 101
2042427 0 102
2043901 0 102
2045437 0 102
2046973 0 102
2048407 0 102
2049881 0 103
2051417 0 101
2052810 0 102
2054285 0 103
2055718 0 101
2057152 0 102
2058565 0 102
2059998 0 102
2061411 0 102
2062927 0 102
2064340 0 102
2065774 0 102
2067207 0 103
2068702 0 101
2070136 0 102
2071631 0 102
2378637 0 46
2380132 0 48
2381668 0 47
2383163 0 47
2384719 0 47
2386153 0 47
2387689 0 37
2389102 0 46
2390577 0 42
2392051 0 40
2393526 0 52
2395062 0 59
2396475 0 62
2397929 0 46
2399362 0 56
2400775 0 60
2402209 0 59
2403765 0 52
2405281 0 51
2406735 0 62
2408148 0 39
2409623 0 51
2411097 0 55
2412510 0 53
2413964 0 58
2415439 0 51
2416934 0 49
2418347 0 69
2419924 0 39
2421419 0 51
2422893 0 60
2424306 0 72
2425802 0 47
2427297 0 52
2428853 0 55
2430307 0 72
2431823 0 38
2433277 0 54
2434731 0 60
2436267 0 54
2437803 0 55
2439318 0 67
2440834 0 37
2442288 0 52
2443844 0 66
2445360 0 39
2446834 0 56
2448391 0 50
2449804 0 54
2451237 0 49
2452691 0 68
2454145 0 48
2455702 0 57
2457279 0 51
2458753 0 52
2460228 0 54
2461661 0 72
2463095 0 46
2464651 0 52
2466064 0 53
2467600 0 69
2469034 0 44
2470488 0 60
2471922 0 59
2473417 0 57
2474912 0 56
2476304 0 61
2477820 0 40
2479253 0 56
2480810 0 61
2482305 0 43
2483718 0 51
2485131 0 53
2486585 0 56
2488080 0 51
2489596 0 55
2491091 0 56
2492647 0 67
2494204 0 47
2495760 0 53
2497234 0 60
2498668 0 54
2500102 0 55
2501658 0 69
2503092 0 45
2504648 0 53
2506143 0 68
2507597 0 40
2509133 0 56
2510567 0 69
2512021 0 41
2513516 0 60
2515072 0 62
2516567 0 37
2518103 0 58
2519639 0 49
2521114 0 51
2522670 0 55
2524165 0 70
2525660 0 45
2527094 0 57
2528650 0 71
2530145 0 42
2531640 0 57
2533135 0 58
2534548 0 66
2536064 0 45
2537579 0 56
2539095 0 62
2540590 0 43
2542003 0 52
2543437 0 58
2544911 0 49
2546447 0 59
2547983 0 60
2549539 0 64
2551055 0 38
2552571 0 60
2554025 0 60
2555417 0 56
2556830 0 56
2558346 0 56
2559779 0 61
2561295 0 45
2562851 0 58
2564305 0 59
2565739 0 59
2567172 0 71
2568586 0 43
2570081 0 52
2571494 0 60
2572948 0 50
2574361 0 59
2575856 0 64
2577392 0 48
2578866 0 59
2580402 0 49
2581959 0 51
2583495 0 69
2584928 0 37
2586423 0 51
2587939 0 61
2589352 0 37
2590785 0 53
2592199 0 51
2593612 0 56
2595107 0 52
2596663 0 53
2598097 0 50
2599612 0 67
2601148 0 44
2602684 0 57
2604220 0 50
2605674 0 51
2607149 0 55
2608562 0 58
2610098 0 49
2611490 0 49
2612924 0 62
2614419 0 41
2615832 0 57
2617266 0 67
2618740 0 39
2620297 0 59
2621833 0 63
2623348 0 47
2624782 0 55
2626318 0 59
2627854 0 64
2629390 0 41
2630905 0 59
2632421 0 64
2633957 0 38
2635452 0 50
2636865 0 54
2638401 0 51
2639916 0 59
2641370 0 58
2642886 0 52
2644319 0 58
2645753 0 72
2647166 0 45
2648600 0 58
2650095 0 58
2651590 0 60
2653003 0 55
2654416 0 68
2655890 0 47
2657426 0 49
2658880 0 59
2660334 0 53
2661747 0 56
2663283 0 55
2664819 0 69
2666273 0 45
2667727 0 55
2669263 0 50
2670758 0 57
2672294 0 68
2673789 0 41
2675325 0 55
2676820 0 59
2678377 0 55
2679892 0 53
2681305 0 57
2682739 0 68
2684193 0 43
2685627 0 60
2687081 0 60
2688617 0 51
2690071 0 55
2691627 0 49
2693143 0 58
2694597 0 70
2696071 0 40
2697566 0 50
2699123 0 57
2700618 0 58
2702113 0 62
2703649 0 46
2705082 0 51
2706577 0 55
2708154 0 67
2709690 0 45
2711247 0 50
2712701 0 52
2714196 0 71
2715609 0 44
2717104 0 49
2718660 0 52
2720135 0 57
2721671 0 51
2723125 0 61
2724640 0 44
2726094 0 58
2727589 0 50
2729125 0 50
2730620 0 57
2732054 0 58
2733570 0 70
2734921 0 45
2736396 0 56
2737891 0 64
2739406 0 38
2740819 0 55
2742253 0 71
2743645 0 38
2745079 0 60
2746574 0 53
2748090 0 57
2749626 0 63
2751121 0 48
2752677 0 58
2754111 0 56
2755565 0 55
2756998 0 55
2758555 0 50
2760050 0 71
2761504 0 37
2762937 0 57
2764473 0 52
2765948 0 58
2767381 0 58
2768876 0 54
2770433 0 58
2771887 0 54
2773443 0 70
2774877 0 37
2776311 0 54
2777806 0 55
2779239 0 52
2780714 0 68
2782250 0 37
2783663 0 60
2785219 0 57
2786632 0 62
2788168 0 46
2789745 0 54
2791158 0 60
2792674 0 55
2794230 0 51
2795725 0 58
2797179 0 60
2798613 0 65
2800067 0 46
2801603 0 50
2803118 0 51
2804531 0 50
2805986 0 50
2807419 0 50
2808955 0 67
2810368 0 45
2811822 0 53
2813297 0 52
2814833 0 49
2816348 0 55
2817823 0 57
2819236 0 64
2820731 0 40
2822226 0 55
2823782 0 58
2825318 0 58
2826834 0 53
2828247 0 57
2829762 0 52
2831278 0 53
2832752 0 62
2834247 0 41
2835742 0 57
2837258 0 51
2838732 0 50
2840146 0 49
2841579 0 56
2843136 0 69
2844549 0 46
2846126 0 51
2847641 0 52
2849054 0 55
2850611 0 63
2852147 0 44
2853703 0 51
2855116 0 55
2856570 0 68
2857983 0 38
2859437 0 55
2860994 0 60
2862407 0 64
2863881 0 43
2865417 0 54
2866933 0 60
2868387 0 57
2869841 0 72
2871275 0 41
2872708 0 53
2874265 0 57
2875780 0 52
2877275 0 50
2878750 0 68
2880204 0 43
2881760 0 49
2883317 0 50
2884812 0 53
2886245 0 56
2887761 0 55
2889297 0 52
2890874 0 61
2892287 0 45
2893782 0 56
2895277 0 54
2896751 0 70
2898267 0 42
2899762 0 55
2901175 0 58
2902629 0 55
2904042 0 58
2905578 0 60
2906991 0 67
2908548 0 41
2909961 0 56
2911394 0 56
2912910 0 55
2914425 0 68
2915879 0 43
2917395 0 55
2918910 0 72
2920344 0 47
2921859 0 51
2923272 0 52
2924829 0 60
2926365 0 72
2927778 0 43
2929273 0 55
2930747 0 67
2932181 0 44
2933717 0 56
2935192 0 57
2936625 0 51
2938079 0 60
2939615 0 60
2941131 0 67
2942585 0 44
2944018 0 52
2945534 0 51
2947049 0 66
2948606 0 39
2950080 0 56
2951493 0 59
2952988 0 60
2954422 0 58
2955856 0 69
2957330 0 44
2958743 0 51
2960197 0 54
2961672 0 68
2963146 0 42
2964600 0 51
2966136 0 60
2967693 0 60
2969106 0 56
2970519 0 54
2972075 0 64
2973529 0 41
2975045 0 50
2976499 0 72
2977953 0 42
2979469 0 50
2981005 0 58
2982500 0 59
2984056 0 64
2985531 0 48
2987087 0 49
2988643 0 67
2990179 0 47
2991613 0 50
2993026 0 64
2994562 0 45
2996098 0 59
2997655 0 68
2999088 0 41
3000563 0 51
3002037 0 62
3003450 0 47
3005007 0 58
3006543 0 54
3008038 0 64
3009471 0 47
3011007 0 50
3012482 0 66
3013956 0 38
3015451 0 50
3016905 0 68
3018421 0 41
3019854 0 57
3021411 0 51
3022865 0 60
3024278 0 72
3025814 0 41
3027370 0 56
3028804 0 72
3030319 0 45
3031835 0 60
3033391 0 65
3034866 0 41
3036402 0 53
3037958 0 69
3039515 0 42
3041030 0 58
3042505 0 52
3044061 0 64
3045577 0 38
3047031 0 56
3048505 0 62
3050041 0 42
3051536 0 54
3053011 0 51
3054465 0 57
3055878 0 58
3057394 0 59
3058909 0 71
3060445 0 41
3061899 0 53
3063333 0 54
3064787 0 52
3066220 0 69
3067715 0 47
3069272 0 52
3070726 0 64
3072221 0 41
3073634 0 58
3075149 0 60
3076542 0 69
3078119 0 37
3079614 0 51
3081048 0 54
3082584 0 61
3084120 0 39
3085533 0 53
3087007 0 49
3088461 0 70
3089936 0 48
3091451 0 52
3093008 0 71
3094564 0 43
3096018 0 60
3097493 0 59
3098926 0 56
3100401 0 67
3101855 0 37
3103268 0 56
3104681 0 69
3106135 0 43
3107610 0 60
3109125 0 52
3110559 0 56
3112013 0 57
3113446 0 52
3114880 0 69
3116314 0 40
3117768 0 57
3119263 0 53
3120737 0 53
3122191 0 62
3123604 0 48
3125161 0 57
3126594 0 56
3128007 0 49
3129400 0 56
3130956 0 56
3132513 0 64
3134008 0 41
3135442 0 55
3137018 0 50
3138472 0 53
3139967 0 52
3141442 0 71
3142896 0 48
3144412 0 59
3145907 0 61
3147320 0 37
3148753 0 59
3150248 0 57
3151682 0 59
3153156 0 69
3154610 0 47
3156044 0 56
3157498 0 70
3158952 0 37
3160386 0 60
3161778 0 71
3163253 0 45
3164789 0 53
3166202 0 49
3167676 0 57
3169253 0 56
3170707 0 51
3172243 0 57
3173738 0 64
3175152 0 44
3176585 0 56
3177998 0 52
3179493 0 51
3180927 0 69
3182442 0 44
3183876 0 58
3185330 0 52
3186804 0 64
3188238 0 39
3189672 0 59
3191126 0 52
3192662 0 59
3194177 0 58
3195672 0 57
3197229 0 70
3198621 0 44
3200178 0 50
3201591 0 62
3203065 0 39
3204458 0 52
3205994 0 68
3207489 0 44
3209045 0 54
3210602 0 65
3212117 0 48
3213551 0 56
3215107 0 59
3216541 0 57
3218056 0 61
3219592 0 43
3221005 0 52
3222541 0 64
3224016 0 41
3225511 0 59
3226945 0 72
3228399 0 45
3229935 0 53
3231409 0 49
3232863 0 58
3234297 0 51
3235853 0 50
3237348 0 56
3238905 0 63
3240338 0 43
3241751 0 52
3243267 0 65
3244782 0 38
3246236 0 56
3247752 0 53
3249308 0 54
3250721 0 53
3252257 0 72
3253650 0 46
3255186 0 54
3256660 0 56
3258135 0 52
3259651 0 60
3261084 0 54
3262620 0 63
3264136 0 37
3265651 0 56
3267146 0 53
3268621 0 52
3270116 0 52
3271590 0 54
3273126 0 65
3274539 0 38
3275952 0 54
3277406 0 53
3278963 0 53
3280519 0 53
3282076 0 56
3302639 0 104
3304114 0 104
3305588 0 104
3307042 0 104
3308517 0 104
3309950 0 104
3311363 0 104
3312797 0 104
3314312 0 104
3315767 0 104
3317302 0 105
3318797 0 105
3320211 0 105
3321665 0 105
3323119 0 105
3324655 0 105
3326191 0 106
3327747 0 104
3329242 0 105
3330696 0 105
3332171 0 105
3333563 0 106
3335099 0 104
3336574 0 105
3338089 0 105
3339523 0 105
3340956 0 105
3342472 0 105
3343967 0 106
3345380 0 104
3346896 0 105
3348432 0 105
3349865 0 106
3351381 0 104
3352896 0 105
3354289 0 106
3355804 0 104
3357299 0 105
3358753 0 106
3360228 0 104
3361621 0 105
3363156 0 105
3364651 0 105
3366065 0 105
3367478 0 106
3368911 0 104
3370406 0 105
3371799 0 105
3373212 0 105
3374625 0 105
3376120 0 106
3377635 0 104
3379028 0 105
3380585 0 106
3382080 0 104
3383493 0 105
3384947 0 105
3386401 0 105
3387814 0 106
3389288 0 104
3390702 0 105
3392217 0 105
3393630 0 106
3395105 0 104
3396518 0 105
3398033 0 106
3399487 0 104
3400982 0 105
3402477 0 105
3403931 0 105
3405447 0 105
3406901 0 106
3408334 0 104
3409768 0 105
3411161 0 106
3412615 0 104
3414048 0 105
3415441 0 106
3416997 0 104
3418451 0 105
3419844 0 106
3421360 0 104
3422793 0 105
3424288 0 105
3425763 0 105
3427299 0 105
3428855 0 105
3430350 0 105
3431845 0 106
3433299 0 104
3434774 0 105
3436269 0 106
3437743 0 104
3439218 0 105
3440733 0 105
3442208 0 105
3443682 0 106
3445157 0 104
3446550 0 105
3448024 0 105
3449519 0 105
3450932 0 105
3452468 0 105
3453963 0 105
3455417 0 106
3456912 0 104
3458325 0 105
3459841 0 105
3461295 0 105
3462831 0 105
3464264 0 105
3465780 0 106
3467336 0 104
3468872 0 105
3470285 0 105
3471739 0 105
3473255 0 105
3474729 0 105
3476265 0 105
3477801 0 106
3479215 0 104
3480710 0 105
3482225 0 105
3483638 0 105
3485072 0 105
3486628 0 106
3488123 0 104
3489577 0 105
3491072 0 105
3492588 0 105
3494062 0 105
3495557 0 105
3497114 0 106
3498650 0 104
3500186 0 105
3501660 0 106
3503053 0 104
3504486 0 105
3505920 0 105
3507435 0 105
3508910 0 105
3510385 0 106
3511921 0 104
3513354 0 105
3514767 0 106
3516160 0 104
3517675 0 105
3519088 0 106
3520542 0 104
3521996 0 105
3523451 0 106
3524864 0 104
3526277 0 105
3527813 0 106
3529308 0 104
3530864 0 105
3532339 0 105
3533731 0 105
3535185 0 106
3536680 0 104
3538175 0 105
3539629 0 106
3541186 0 104
3542681 0 105
3544094 0 106
3545610 0 104
3547105 0 105
3548620 0 105
3550115 0 105
3551549 0 105
3553044 0 105
3554559 0 105
3555993 0 106
3557488 0 104
3558880 0 105
3560437 0 105
3561952 0 105
3563386 0 105
3564799 0 106
3566355 0 104
3567748 0 105
3569141 0 105
3570636 0 105
3572049 0 105
3573585 0 105
3575121 0 105
3576534 0 106
3577947 0 104
3579360 0 105
3580896 0 105
3582432 0 106
3583886 0 104
3585299 0 105
3586733 0 105
3588207 0 106
3589620 0 104
3591074 0 105
3592528 0 105
3593941 0 105
3595436 0 105
3596870 0 105
3598263 0 106
3599717 0 104
3601253 0 105
3602748 0 105
3604181 0 105
3605635 0 105
3607110 0 105
3608605 0 105
3609998 0 106
3611411 0 104
3612967 0 105
3614503 0 105
3615957 0 105
3617452 0 105
3618886 0 106
3620422 0 104
3621896 0 105
3623391 0 106
3624784 0 104
3626238 0 105
3627774 0 105
3629187 0 105
3630621 0 106
3632177 0 104
3633692 0 105
3635106 0 106
3636621 0 104
3638034 0 105
3639468 0 105
3640881 0 105
3642376 0 106
3643912 0 104
3645448 0 105
3646943 0 106
3648376 0 104
3649789 0 105
3651203 0 106
3652677 0 104
3654172 0 105
3655565 0 106
3656978 0 104
3658493 0 105
3659988 0 105
3661463 0 105
3662978 0 105
3664453 0 105
3665968 0 106
3667463 0 104
3668999 0 105
3670515 0 105
3671969 0 105
3673443 0 106
3674877 0 104
3676290 0 105
3677765 0 105
3679321 0 105
3680755 0 105
3682291 0 105
3683683 0 105
3685076 0 105
3686612 0 106
3688148 0 104
3689561 0 105
3691056 0 106
3692469 0 104
3694005 0 105
3695480 0 105
3696934 0 106
3698470 0 104
3699862 0 105
3701398 0 105
3702852 0 105
3704265 0 105
3705678 0 105
3707091 0 105
3708586 0 105
3710081 0 106
3711556 0 104
3713051 0 105
3714567 0 105
3716041 0 106
3717557 0 104
3719011 0 105
3720547 0 105
3722083 0 105
3723619 0 105
3725114 0 105
3726568 0 106
3728124 0 104
3729619 0 105
3731135 0 106
3732630 0 104
3734022 0 105
3735538 0 105
3737053 0 106
3738466 0 104
3739961 0 105
3741456 0 106
3742849 0 104
3744323 0 105
3745778 0 105
3747191 0 105
3748706 0 106
3750201 0 104
3751676 0 105
3753212 0 106
3754748 0 104
3756222 0 105
3757758 0 105
3759192 0 105
3760646 0 105
3762059 0 105
3763533 0 105
3764946 0 105
3766462 0 106
3767855 0 104
3769288 0 105
3770824 0 105
3772258 0 106
3773691 0 104
3775166 0 105
3776599 0 105
3778135 0 105
3779548 0 105
3780982 0 106
3782498 0 104
3783931 0 105
3785385 0 105
3786901 0 105
3788314 0 105
3789809 0 105
3791242 0 105
3792758 0 106
3794253 0 104
3795645 0 105
3797181 0 105
3798717 0 105
3800253 0 105
3801728 0 106
3803243 0 104
3804657 0 105
3806172 0 105
3807585 0 105
3809142 0 106
3810698 0 104
3812091 0 105
3813504 0 105
3814999 0 105
3816514 0 105
3818009 0 106
3819504 0 104
3821040 0 105
3822515 0 105
3823969 0 105
3825402 0 105
3826897 0 106
3828331 0 104
3829724 0 105
3831178 0 105
3832591 0 105
3834004 0 105
3835396 0 105
3836953 0 105
3838407 0 106
3839922 0 104
3841458 0 105
3843015 0 105
3844571 0 105
3846005 0 105
3847418 0 105
3848831 0 105
3850367 0 106
3851862 0 104
3853296 0 105
3854729 0 106
3856245 0 104
3857699 0 105
3859153 0 106
3860648 0 104
3862143 0 105
3863597 0 106
3865153 0 104
3866587 0 105
3868021 0 105
3869454 0 105
3870847 0 105
3872280 0 105
3873837 0 105
3875250 0 106
3876806 0 104
3878281 0 105
3879694 0 106
3881168 0 104
3882684 0 105
3884220 0 105
3885735 0 105
3887128 0 105
3888644 0 105
3890057 0 106
3891572 0 104
3893067 0 105
3894562 0 106
3895996 0 104
3897409 0 105
3898924 0 106
3900460 0 104
3901976 0 105
3903471 0 106
3904904 0 104
3906338 0 105
3907771 0 105
3909307 0 106
3910843 0 104
3912297 0 105
3913711 0 105
3915247 0 105
3916803 0 106
3918237 0 104
3919670 0 105
3921104 0 105
3922619 0 106
3924073 0 104
3925589 0 105
3927002 0 105
3928456 0 105
3929992 0 105
3931405 0 105
3932920 0 106
3934415 0 104
3935849 0 105
3937262 0 105
3938696 0 105
3940211 0 106
3941706 0 104
3943181 0 105
3944594 0 105
3946048 0 105
3947522 0 105
3949038 0 106
3950492 0 104
3952028 0 105
3953584 0 105
3954998 0 105
3956493 0 105
3957926 0 105
3959442 0 106
3960916 0 104
3962473 0 105
3963906 0 105
3965442 0 105
3966999 0 105
3968412 0 105
3969866 0 106
3971361 0 104
3972753 0 105
3974207 0 105
3975661 0 106
3977177 0 104
3978672 0 105
3980085 0 105
3981601 0 106
3983055 0 104
3984550 0 105
3985942 0 105
3987355 0 105
3988891 0 106
3990325 0 104
3991820 0 105
3993254 0 106
3994810 0 104
3996346 0 105
3997841 0 105
3999336 0 105
4000831 0 105
4002367 0 106
4003862 0 104
4005296 0 105
4006729 0 105
4008142 0 106
4009555 0 104
4010948 0 105
4012504 0 105
4014040 0 105
4015576 0 105
4016969 0 105
4018443 0 105
4019979 0 106
4021393 0 104
4022847 0 105
4024321 0 105
4025755 0 106
4027291 0 104
4028765 0 105
4030322 0 105
4031776 0 105
4033312 0 105
4034827 0 106
4036302 0 104
4037817 0 105
4039374 0 105
4040828 0 106
4042220 0 104
4043674 0 105
4045067 0 105
4046501 0 106
4048057 0 104
4049532 0 105
4051027 0 105
4052501 0 105
4053935 0 106
4055389 0 104
4056904 0 105
4058420 0 105
4059935 0 105
4061369 0 106
4062823 0 104
4064318 0 105
4065710 0 105
4067144 0 105
4068619 0 106
4070175 0 104
4071691 0 105
4073104 0 106
4074660 0 104
4076094 0 105
4077609 0 106
4079084 0 104
4080476 0 105
4081910 0 106
4083364 0 104
4084859 0 105
4086293 0 105
4087788 0 105
4089324 0 106
4090859 0 104
4092252 0 105
4093747 0 105
4095222 0 105
4096778 0 106
4098212 0 104
4099604 0 105
4101017 0 106
4102471 0 104
4103925 0 105
4105339 0 106
4106875 0 104
4108267 0 105
4109783 0 105
4111257 0 105
4112814 0 106
4114227 0 104
4115619 0 105
4117012 0 105
4118507 0 106
4119920 0 104
4121436 0 105
4122869 0 105
4124323 0 105
4125839 0 105
4127293 0 105
4128808 0 106
4130262 0 104
4131819 0 105
4133334 0 105
4134850 0 106
4136386 0 104
4137942 0 105
4139458 0 105
4140973 0 106
4142427 0 104
4143820 0 105
4145233 0 105
4146666 0 105
4148059 0 106
4149595 0 104
4151070 0 105
4152503 0 105
4153978 0 105
4155534 0 105
4157070 0 105
4158524 0 105
4160060 0 105
4161596 0 106
4163153 0 104
4164668 0 105
4166122 0 105
4167556 0 105
4169051 0 105
4170484 0 106
4171897 0 104
4173331 0 105
4174826 0 105
4176301 0 105
4177775 0 106
4179250 0 104
4180765 0 105
4182301 0 105
4183837 0 105
4185250 0 105
4186684 0 106
4188158 0 104
4189653 0 105
4191148 0 105
4192684 0 106
4194241 0 104
4195695 0 105
4197169 0 105
4198603 0 105
4200077 0 105
