89292 0 2
90745 0 12
92220 0 4
93613 0 4
95087 0 6
96603 0 3
97995 0 8
99449 0 7
100985 0 4
102439 0 2
103955 0 17
105368 0 24
106781 0 34
108215 0 5
109710 0 14
111225 0 24
112700 0 23
114215 0 14
115690 0 17
117103 0 35
118618 0 8
120072 0 15
121485 0 15
123001 0 14
124414 0 30
125827 0 6
127384 0 15
128797 0 16
130251 0 20
131684 0 24
133138 0 33
134592 0 1
136087 0 21
137623 0 33
139159 0 6
140593 0 15
141986 0 33
143542 0 1
145078 0 16
146614 0 20
148129 0 17
149543 0 34
151079 0 4
152553 0 13
153987 0 22
155543 0 31
157018 0 9
158431 0 19
159905 0 23
161339 0 35
162752 0 6
164206 0 16
165681 0 31
167094 0 1
168548 0 21
170043 0 22
171538 0 14
172930 0 18
174507 0 35
176043 0 4
177477 0 22
179033 0 16
180426 0 23
181880 0 21
183334 0 16
184727 0 13
186160 0 30
187573 0 4
189007 0 19
190522 0 16
191935 0 30
193369 0 1
194864 0 20
196400 0 15
197875 0 20
199308 0 24
200762 0 33
202175 0 5
203691 0 20
205247 0 19
206742 0 26
208196 0 3
209732 0 18
211145 0 20
212640 0 24
214176 0 21
215651 0 14
217187 0 29
218682 0 5
220177 0 15
221672 0 23
223146 0 19
224560 0 18
226034 0 24
227529 0 30
228881 0 2
230273 0 13
231686 0 35
233141 0 8
234636 0 13
236049 0 16
237503 0 18
239018 0 33
240575 0 9
242070 0 15
243565 0 34
245039 0 8
246534 0 20
248091 0 27
249524 0 2
250917 0 22
252391 0 20
253907 0 30
255279 0 7
256774 0 23
258269 0 15
259723 0 17
261218 0 16
262713 0 24
264147 0 18
265662 0 30
267055 0 7
268611 0 21
270147 0 22
271683 0 34
273178 0 6
274653 0 24
276086 0 21
277602 0 22
279035 0 28
280510 0 12
282005 0 17
283438 0 21
284913 0 13
286408 0 24
287842 0 24
289275 0 31
290770 0 8
292265 0 21
293740 0 25
295296 0 11
296689 0 24
298081 0 22
299638 0 19
301215 0 21
302751 0 30
304184 0 5
305597 0 23
307011 0 15
308547 0 17
310062 0 13
311516 0 23
312929 0 34
314363 0 1
315755 0 17
317291 0 24
318684 0 35
320117 0 1
321592 0 17
323005 0 34
324480 0 10
325975 0 14
327470 0 36
328903 0 7
330460 0 18
332037 0 20
333552 0 24
335047 0 29
336542 0 4
338037 0 15
339471 0 19
340945 0 26
342358 0 12
343894 0 15
345369 0 31
346864 0 7
348420 0 16
349854 0 28
351329 0 9
352844 0 24
354359 0 17
355875 0 33
357288 0 7
358742 0 21
360155 0 20
361712 0 16
363104 0 22
364558 0 14
365971 0 19
367425 0 34
368900 0 10
370416 0 19
371890 0 17
373406 0 23
374942 0 14
376457 0 20
377932 0 22
379468 0 13
380881 0 27
382376 0 6
383932 0 16
385304 0 14
386799 0 18
388376 0 20
389810 0 18
391264 0 13
392779 0 21
394233 0 35
395749 0 2
397285 0 14
398821 0 29
400295 0 11
401831 0 18
403306 0 13
404719 0 16
406112 0 13
407566 0 34
409081 0 9
410617 0 24
412092 0 13
413607 0 19
415164 0 14
416577 0 17
418051 0 33
419608 0 2
421000 0 23
422516 0 26
424031 0 12
425506 0 20
427083 0 32
428537 0 3
430073 0 13
431506 0 28
433022 0 3
434558 0 21
436114 0 35
437527 0 10
438961 0 21
440435 0 26
441910 0 1
443425 0 23
444941 0 17
446497 0 15
447972 0 13
449487 0 20
450982 0 29
452416 0 10
453931 0 22
455427 0 18
456963 0 23
458417 0 19
459932 0 29
461366 0 8
462861 0 21
464417 0 19
465871 0 17
467428 0 16
468841 0 25
470254 0 4
471626 0 14
473080 0 14
474616 0 19
476193 0 16
477708 0 18
479224 0 20
480657 0 22
482214 0 25
483627 0 11
485061 0 24
486597 0 17
488133 0 18
489668 0 16
491082 0 14
492474 0 19
493949 0 34
495403 0 6
496918 0 16
498413 0 22
499867 0 21
501424 0 17
502878 0 14
504271 0 15
505704 0 31
507260 0 7
508735 0 21
510230 0 23
511786 0 23
513241 0 22
514777 0 16
516210 0 32
517623 0 10
519098 0 24
520511 0 24
521965 0 36
523378 0 12
524771 0 14
526163 0 20
527679 0 31
529194 0 10
530751 0 22
532184 0 20
533720 0 21
535215 0 15
536669 0 22
538185 0 20
539659 0 13
541052 0 34
542465 0 1
543981 0 22
545435 0 31
546909 0 3
548363 0 17
549756 0 30
551251 0 2
552643 0 22
554200 0 33
555715 0 3
557149 0 17
558664 0 16
560098 0 22
561532 0 18
563006 0 14
564460 0 16
565914 0 25
567471 0 12
568884 0 24
570358 0 22
571915 0 16
573430 0 22
574884 0 35
576420 0 3
577833 0 23
579349 0 24
580803 0 17
582298 0 13
583691 0 15
585083 0 14
586517 0 28
587950 0 6
589425 0 21
590961 0 13
592374 0 36
593848 0 1
595241 0 15
596757 0 28
598211 0 5
599685 0 22
601201 0 21
602655 0 22
604191 0 17
605727 0 23
607201 0 26
608594 0 2
609986 0 14
611399 0 21
612833 0 27
614226 0 8
615680 0 18
617257 0 20
618834 0 24
620308 0 22
621742 0 23
623155 0 32
624588 0 5
626124 0 17
627660 0 22
629196 0 22
630691 0 19
632125 0 21
633681 0 34
635176 0 3
636692 0 20
638228 0 20
639682 0 18
641218 0 23
642631 0 15
644187 0 28
645600 0 6
647034 0 22
648488 0 35
650024 0 9
651540 0 14
653055 0 28
654448 0 11
655943 0 18
657458 0 18
658994 0 25
660448 0 1
661841 0 20
663274 0 13
664708 0 32
666203 0 8
667678 0 22
669234 0 20
670709 0 13
672224 0 19
673740 0 33
675235 0 9
676709 0 24
678204 0 17
679679 0 17
681215 0 30
682607 0 12
684041 0 16
685515 0 36
687010 0 9
688423 0 16
689837 0 16
691291 0 25
692847 0 7
694383 0 14
695817 0 27
697271 0 1
698807 0 17
700220 0 27
701694 0 12
703128 0 23
704623 0 13
706138 0 27
707592 0 4
708965 0 20
710419 0 23
711934 0 20
713429 0 24
714822 0 35
716358 0 7
717873 0 21
719409 0 17
720945 0 20
722502 0 18
723935 0 34
725410 0 6
726925 0 19
728400 0 21
729895 0 21
731451 0 31
732885 0 1
734277 0 13
735711 0 26
737247 0 10
738742 0 14
740196 0 20
741711 0 17
743247 0 19
744701 0 18
746156 0 23
747548 0 33
748961 0 5
750477 0 20
752013 0 16
753487 0 26
754982 0 11
756477 0 18
758013 0 13
759529 0 23
761065 0 13
762601 0 20
764157 0 17
765591 0 20
767065 0 34
768560 0 11
769994 0 13
771489 0 20
773025 0 28
774458 0 8
776035 0 13
777551 0 29
779005 0 3
780541 0 18
782036 0 27
783592 0 7
785067 0 18
786623 0 18
788118 0 17
789511 0 22
791088 0 18
792583 0 28
794057 0 12
795471 0 22
796986 0 14
798420 0 24
799894 0 14
801287 0 16
802782 0 32
804236 0 4
805731 0 21
807226 0 25
808762 0 6
810195 0 24
811711 0 20
813185 0 22
814701 0 21
816175 0 17
817609 0 26
819125 0 11
820579 0 24
822115 0 18
823548 0 24
824982 0 20
826538 0 24
828033 0 22
829487 0 29
831023 0 9
832559 0 24
833993 0 18
835488 0 26
836942 0 10
838437 0 24
839870 0 34
841386 0 3
842799 0 19
844335 0 21
845809 0 22
847345 0 23
848738 0 35
850233 0 5
851687 0 15
853100 0 36
854616 0 3
856008 0 18
857503 0 14
859039 0 22
860493 0 16
861988 0 22
863565 0 15
864958 0 34
866474 0 12
867887 0 14
869402 0 17
870877 0 25
872351 0 4
873805 0 19
875300 0 31
876754 0 11
878249 0 17
879683 0 24
881198 0 21
882652 0 21
884188 0 29
885663 0 5
887137 0 13
888673 0 32
890086 0 9
891520 0 17
893015 0 16
894469 0 21
896026 0 36
897562 0 6
898995 0 21
900572 0 20
902026 0 26
903480 0 11
905037 0 17
906552 0 23
907965 0 19
909522 0 21
911037 0 24
912491 0 25
913945 0 7
915461 0 24
916956 0 15
918471 0 22
919905 0 15
921338 0 21
922813 0 26
924308 0 10
925782 0 18
927257 0 21
928711 0 28
930186 0 1
931660 0 14
933053 0 36
934487 0 5
936043 0 21
937579 0 19
939012 0 13
940405 0 15
941818 0 20
943395 0 36
944972 0 7
946508 0 18
948023 0 22
949457 0 17
950993 0 20
952508 0 28
953983 0 3
955437 0 13
956891 0 16
958304 0 26
959676 0 11
961110 0 21
962666 0 21
964161 0 23
965677 0 25
967233 0 6
968708 0 20
970244 0 20
971841 0 33
973275 0 8
974852 0 18
976347 0 34
977739 0 8
979193 0 21
980627 0 15
982102 0 26
983535 0 2
985071 0 16
986546 0 31
988061 0 8
989515 0 15
1290909 0 101
1292404 0 101
1293919 0 101
1295353 0 101
1296746 0 101
1298138 0 101
1299613 0 101
1301026 0 101
1302541 0 101
1304057 0 101
1305511 0 102
1307026 0 102
1308501 0 103
1309996 0 101
1311389 0 102
1312802 0 102
1314215 0 102
1315669 0 102
1317123 0 102
1318659 0 103
1320195 0 101
1321751 0 102
1323205 0 103
1324741 0 101
1326134 0 102
1327670 0 102
1329226 0 102
1330619 0 102
1332073 0 103
1333527 0 101
1334961 0 102
1336394 0 103
1337828 0 101
1339220 0 102
1340736 0 102
1342272 0 102
1343726 0 102
1345241 0 102
1346798 0 102
1348272 0 103
1349788 0 101
1351303 0 102
1352819 0 102
1354293 0 103
1355809 0 101
1357345 0 102
1358819 0 103
1360232 0 101
1361646 0 102
1363079 0 102
1364513 0 103
1365926 0 101
1367462 0 102
1368998 0 102
1370493 0 102
1372008 0 102
1373401 0 103
1374834 0 101
1376268 0 102
1377804 0 102
1379258 0 102
1380774 0 103
1382310 0 101
1383702 0 102
1385156 0 102
1386610 0 103
1388064 0 101
1389539 0 102
1391034 0 102
1392549 0 103
1394106 0 101
1395601 0 102
1397137 0 103
1398611 0 101
1400147 0 102
1401560 0 103
1402973 0 101
1404407 0 102
1405820 0 102
1407315 0 102
1408769 0 103
1410285 0 101
1411718 0 102
1413213 0 103
1414708 0 101
1416121 0 102
1417596 0 102
1419132 0 102
1420668 0 102
1422163 0 103
1423678 0 101
1425214 0 102
1426689 0 103
1428143 0 101
1429597 0 102
1431031 0 102
1432464 0 102
1433877 0 102
1435434 0 102
1436888 0 103
1438321 0 101
1439816 0 102
1441352 0 102
1442827 0 103
1444342 0 101
1445817 0 102
1447373 0 102
1448909 0 102
1450384 0 102
1451920 0 103
1453435 0 101
1454971 0 102
1456425 0 102
1457900 0 102
1459313 0 103
1460890 0 101
1462446 0 102
1463941 0 103
1465416 0 101
1466972 0 102
1468406 0 103
1469819 0 101
1471212 0 102
1472666 0 102
1474120 0 102
1475574 0 102
1477007 0 102
1478543 0 102
1479977 0 103
1481411 0 101
1482844 0 102
1484237 0 102
1485752 0 102
1487247 0 103
1488824 0 101
1490340 0 102
1491835 0 102
1493371 0 102
1494866 0 102
1496361 0 102
1497815 0 103
1499248 0 101
1500702 0 102
1502197 0 103
1503672 0 101
1505126 0 102
1506559 0 102
1508054 0 102
1509468 0 102
1510922 0 102
1512458 0 102
1513953 0 103
1515427 0 101
1516820 0 102
1518274 0 102
1519728 0 102
1521141 0 102
1522677 0 102
1524090 0 103
1525585 0 101
1526998 0 102
1528493 0 103
1530050 0 101
1531483 0 102
1532999 0 102
1534514 0 102
1535927 0 102
1537320 0 102
1538774 0 103
1540289 0 101
1541784 0 102
1543198 0 102
1544672 0 102
1546106 0 102
1547519 0 103
1549055 0 101
1550447 0 102
1551840 0 103
1553253 0 101
1554728 0 102
1556243 0 102
1557677 0 102
1559213 0 102
1560605 0 102
1562100 0 103
1563554 0 101
1564967 0 102
1566483 0 102
1567937 0 102
1569330 0 102
1570784 0 103
1572299 0 101
1573794 0 102
1575187 0 102
1576743 0 102
1578259 0 103
1579815 0 101
1581310 0 102
1582764 0 102
1584157 0 102
1585631 0 102
1587167 0 103
1588601 0 101
1590035 0 102
1591489 0 102
1592984 0 103
1594458 0 101
1595933 0 102
1597489 0 102
1599025 0 102
1600541 0 103
1601954 0 101
1603428 0 102
1604964 0 102
1606459 0 102
1608016 0 102
1609429 0 102
1610883 0 102
1612357 0 103
1613914 0 101
1615368 0 102
1616801 0 103
1618296 0 101
1619750 0 102
1621245 0 102
1622679 0 102
1624133 0 102
1625546 0 102
1626939 0 102
1628352 0 103
1629908 0 101
1631321 0 102
1632714 0 102
1634148 0 102
1635540 0 103
1637015 0 101
1638448 0 102
1639964 0 103
1641459 0 101
1642913 0 102
1644306 0 102
1645780 0 103
1647275 0 101
1648729 0 102
1650183 0 102
1651658 0 102
1653153 0 102
1654627 0 102
1656040 0 102
1657454 0 102
1658989 0 103
1660403 0 101
1661918 0 102
1663393 0 102
1664867 0 102
1666362 0 102
1667878 0 103
1669434 0 101
1670950 0 102
1672465 0 103
1674022 0 101
1675455 0 102
1676930 0 103
1678363 0 101
1679838 0 102
1681292 0 103
1682725 0 101
1684282 0 102
1685695 0 103
1687231 0 101
1688644 0 102
1690078 0 102
1691532 0 102
1692924 0 102
1694481 0 103
1696037 0 101
1697573 0 102
1699007 0 102
1700420 0 102
1701812 0 102
1703328 0 102
1704720 0 102
1706236 0 102
1707711 0 103
1709144 0 101
1710701 0 102
1712175 0 102
1713711 0 102
1715124 0 102
1716599 0 103
1718032 0 101
1719527 0 102
1720940 0 103
1722394 0 101
1723930 0 102
1725487 0 102
1726982 0 102
1728456 0 103
1729890 0 101
1731283 0 102
1732778 0 103
1734314 0 101
1735870 0 102
1737283 0 103
1738860 0 101
1740376 0 102
1741850 0 102
1743325 0 102
1744820 0 103
1746274 0 101
1747748 0 102
1749284 0 102
1750779 0 102
1752213 0 102
1753646 0 103
1755162 0 101
1756636 0 102
1758049 0 103
1759606 0 101
1761019 0 102
1762473 0 102
1764009 0 103
1765504 0 101
1766917 0 102
1768310 0 102
1769805 0 102
1771320 0 102
1772856 0 102
1774351 0 103
1775785 0 101
1777259 0 102
1778754 0 102
1780168 0 102
1781683 0 103
1783219 0 101
1784755 0 102
1786270 0 102
1787765 0 102
1789199 0 102
1790653 0 102
1792087 0 102
1793520 0 103
1794933 0 101
1796367 0 102
1797841 0 102
1799377 0 102
1800811 0 102
1802326 0 103
1803740 0 101
1805255 0 102
1806668 0 102
1808163 0 103
1809597 0 101
1811133 0 102
1812628 0 102
1814164 0 102
1815700 0 103
1817174 0 101
1818690 0 102
1820164 0 102
1821680 0 102
1823154 0 102
1824588 0 102
1826021 0 102
1827475 0 103
1829011 0 101
1830466 0 102
1831879 0 103
1833333 0 101
1834807 0 102
1836343 0 102
1837838 0 102
1839313 0 102
1840787 0 103
1842282 0 101
1843777 0 102
1845190 0 102
1846583 0 102
1848037 0 102
1849512 0 102
1850966 0 102
1852379 0 103
1853812 0 101
1855348 0 102
1856782 0 102
1858277 0 103
1859833 0 101
1861226 0 102
1862660 0 102
1864134 0 102
1865609 0 102
1867165 0 102
1868558 0 103
1869971 0 101
1871486 0 102
1872920 0 102
1874415 0 102
1875848 0 102
1877364 0 102
1878756 0 102
1880211 0 102
1881726 0 103
1883303 0 101
1884839 0 102
1886252 0 103
1887706 0 101
1889242 0 102
1890778 0 102
1892232 0 102
1893707 0 102
1895202 0 103
1896717 0 101
1898110 0 102
1899564 0 102
1900997 0 103
1902554 0 101
1904069 0 102
1905564 0 103
1907018 0 101
1908534 0 102
1910008 0 103
1911483 0 101
1912917 0 102
1914391 0 103
1915866 0 101
1917258 0 102
1918651 0 102
1920043 0 102
1921559 0 102
1923054 0 103
1924488 0 101
1925983 0 102
1927498 0 102
1928911 0 102
1930386 0 102
1931881 0 103
1933355 0 101
1934748 0 102
1936202 0 102
1937676 0 102
1939212 0 102
1940687 0 102
1942100 0 102
1943616 0 102
1945111 0 103
1946667 0 101
1948162 0 102
1949616 0 102
1951070 0 102
1952524 0 102
1953978 0 102
1955432 0 102
1956845 0 103
1958340 0 101
1959856 0 102
1961392 0 102
1962784 0 102
1964177 0 103
1965652 0 101
1967147 0 102
1968683 0 102
1970178 0 102
1971673 0 102
1973127 0 103
1974581 0 101
1975973 0 102
1977448 0 102
1978902 0 102
1980438 0 103
1981872 0 101
1983428 0 102
1984964 0 102
1986397 0 102
1987790 0 102
1989265 0 103
1990678 0 101
1992193 0 102
1993688 0 103
1995122 0 101
1996617 0 102
1998009 0 102
1999566 0 102
2001020 0 103
2002576 0 101
2004112 0 102
2005648 0 102
2007061 0 103
2008516 0 101
2010011 0 102
2011424 0 103
2012939 0 101
2014373 0 102
2015765 0 103
2017281 0 101
2018837 0 102
2020332 0 103
2021786 0 101
2023220 0 102
2024756 0 102
2026148 0 102
2027562 0 103
2029036 0 101
2030552 0 102
2031944 0 102
2033398 0 102
2034934 0 102
2036388 0 102
2037781 0 103
2039296 0 101
2040832 0 102
2042368 0 102
2043904 0 102
2045297 0 102
2046812 0 103
2048287 0 101
2049823 0 102
2051338 0 103
2052813 0 101
2054267 0 102
2055721 0 102
2057237 0 102
2058752 0 102
2060227 0 102
2061783 0 102
2063196 0 103
2064691 0 101
2066207 0 102
2067620 0 103
2069135 0 101
2070692 0 102
2072146 0 102
2073661 0 103
2075238 0 101
2076754 0 102
2078228 0 102
2079621 0 102
2081095 0 103
2082631 0 101
2084147 0 102
2085580 0 102
2087075 0 103
2088550 0 101
2089984 0 102
2091438 0 102
2092933 0 102
2094469 0 102
2095902 0 103
2097356 0 101
2098872 0 102
2100346 0 102
2101821 0 102
2103357 0 103
2104790 0 101
2106224 0 102
2107617 0 102
2109050 0 102
2110586 0 102
2112081 0 103
2113638 0 101
2115112 0 102
2116525 0 103
2117959 0 101
2119413 0 102
2120928 0 103
2122423 0 101
2123877 0 102
2125372 0 102
2126826 0 102
2128362 0 103
2129796 0 101
2131291 0 102
2132745 0 103
2134301 0 101
2135776 0 102
2137210 0 102
2138664 0 103
2140118 0 101
2141551 0 102
2143026 0 103
2144480 0 101
2145975 0 102
2147511 0 102
2148903 0 102
2150296 0 103
2151771 0 101
2153266 0 102
2154679 0 102
2156112 0 102
2157566 0 102
2159041 0 102
2160536 0 103
2162072 0 101
2163464 0 102
2164959 0 103
2166393 0 101
2167806 0 102
2169363 0 102
2170796 0 102
2172291 0 102
2173725 0 102
2175199 0 103
2176735 0 101
2178210 0 102
2179766 0 102
2181241 0 103
2182715 0 101
2184251 0 102
2185705 0 102
2187098 0 102
2188491 0 102
2244594 0 38
2246151 0 40
2247584 0 38
2249038 0 46
2250574 0 38
2252069 0 48
2253585 0 43
2255080 0 48
2256493 0 42
2257988 0 48
2259401 0 52
2260876 0 56
2262330 0 72
2263763 0 43
2265217 0 49
2266651 0 70
2268146 0 47
2269559 0 52
2271054 0 54
2272549 0 55
2274044 0 49
2275519 0 49
2277075 0 52
2278529 0 57
2280024 0 66
2281478 0 45
2282891 0 52
2284427 0 67
2285861 0 37
2287356 0 55
2288871 0 52
2290284 0 63
2291841 0 44
2293295 0 58
2294831 0 58
2296367 0 51
2297821 0 71
2299234 0 40
2300770 0 59
2302286 0 56
2303842 0 54
2305317 0 59
2306730 0 52
2308266 0 71
2309699 0 40
2311235 0 53
2312751 0 57
2314205 0 53
2315741 0 63
2317236 0 40
2318710 0 52
2320226 0 49
2321782 0 65
2323195 0 39
2324690 0 57
2326144 0 59
2327660 0 57
2329134 0 60
2330547 0 62
2332063 0 48
2333537 0 58
2335094 0 59
2336609 0 59
2338145 0 68
2339681 0 39
2341197 0 56
2342610 0 57
2344166 0 57
2345661 0 60
2347136 0 63
2348672 0 37
2350105 0 55
2351600 0 57
2353116 0 56
2354652 0 54
2356126 0 67
2357642 0 47
2359117 0 53
2360632 0 57
2362168 0 55
2363581 0 50
2365097 0 65
2366612 0 40
2368128 0 56
2369561 0 60
2371056 0 50
2372551 0 57
2374005 0 56
2375541 0 69
2376975 0 42
2378531 0 55
2379985 0 66
2381460 0 40
2382914 0 50
2384470 0 50
2386027 0 72
2387522 0 41
2388996 0 51
2390512 0 51
2391966 0 67
2393358 0 43
2394833 0 51
2396308 0 70
2397741 0 37
2399175 0 58
2400711 0 59
2402206 0 57
2403680 0 71
2405093 0 39
2406527 0 49
2407981 0 54
2409435 0 60
2410930 0 53
2412343 0 68
2413900 0 37
2415395 0 51
2416828 0 56
2418303 0 57
2419757 0 60
2421313 0 60
2422849 0 56
2424365 0 68
2425921 0 44
2427437 0 57
2428993 0 59
2430488 0 63
2432004 0 39
2433478 0 56
2434932 0 59
2436407 0 53
2437922 0 54
2439356 0 65
2440789 0 42
2442223 0 56
2443779 0 54
2445192 0 64
2446749 0 43
2448244 0 60
2449677 0 58
2451172 0 54
2452647 0 59
2454183 0 55
2455739 0 53
2457193 0 66
2458648 0 44
2460184 0 54
2461679 0 50
2463174 0 53
2464607 0 53
2466020 0 71
2467536 0 43
2469031 0 50
2470444 0 52
2471918 0 69
2473434 0 39
2474827 0 51
2476301 0 55
2477816 0 52
2479393 0 58
2480970 0 65
2482506 0 40
2483981 0 58
2485435 0 50
2486848 0 58
2488343 0 50
2489859 0 51
2491333 0 72
2492787 0 42
2494344 0 58
2495921 0 56
2497456 0 62
2498849 0 47
2500344 0 59
2501860 0 55
2503396 0 54
2504850 0 53
2506304 0 52
2507819 0 55
2509355 0 49
2510789 0 69
2512263 0 39
2513697 0 50
2515253 0 68
2516789 0 39
2518243 0 54
2519636 0 52
2521192 0 57
2522749 0 56
2524162 0 55
2525636 0 69
2527152 0 44
2528565 0 52
2530122 0 50
2531596 0 52
2533071 0 63
2534504 0 48
2536061 0 51
2537515 0 63
2538928 0 44
2540423 0 53
2541897 0 63
2543413 0 45
2544969 0 56
2546423 0 53
2547939 0 64
2549475 0 44
2551011 0 51
2552526 0 49
2554001 0 57
2555557 0 65
2556970 0 37
2558486 0 59
2560022 0 52
2561435 0 69
2562971 0 41
2564425 0 53
2565981 0 66
2567517 0 48
2568992 0 50
2570405 0 70
2571900 0 45
2573436 0 59
2574972 0 59
2576405 0 55
2577901 0 52
2579477 0 64
2580870 0 41
2582386 0 50
2583799 0 53
2585212 0 54
2586707 0 55
2588243 0 57
2589676 0 54
2591069 0 61
2592564 0 45
2594038 0 52
2595533 0 58
2597049 0 51
2598544 0 51
2599998 0 65
2601493 0 46
2602968 0 52
2604524 0 66
2606019 0 48
2607432 0 57
2608948 0 54
2610484 0 57
2612020 0 50
2613515 0 50
2614948 0 59
2616484 0 70
2617959 0 41
2619372 0 57
2620928 0 72
2622382 0 37
2623877 0 53
2625413 0 57
2626888 0 56
2628342 0 57
2629816 0 71
2631352 0 47
2632868 0 49
2634260 0 60
2635776 0 64
2637210 0 40
2638725 0 53
2640241 0 72
2641654 0 45
2643108 0 49
2644500 0 71
2645975 0 44
2647470 0 49
2649006 0 60
2650419 0 54
2651873 0 60
2653286 0 57
2654761 0 49
2656297 0 71
2657833 0 37
2659225 0 49
2660782 0 62
2662195 0 48
2663690 0 53
2665144 0 60
2666639 0 59
2668093 0 51
2669608 0 59
2671083 0 66
2672639 0 45
2674052 0 51
2675466 0 70
2676961 0 45
2678497 0 49
2679992 0 49
2681466 0 49
2683002 0 59
2684477 0 72
2685869 0 43
2687364 0 54
2688839 0 66
2690354 0 45
2691849 0 54
2693324 0 72
2694716 0 37
2696252 0 57
2697788 0 53
2699201 0 59
2700717 0 50
2702253 0 52
2703748 0 52
2705202 0 59
2706676 0 70
2708069 0 41
2709503 0 57
2710998 0 60
2712452 0 56
2713885 0 49
2715319 0 61
2716753 0 46
2718227 0 60
2719681 0 67
2721135 0 44
2722671 0 54
2724125 0 66
2725559 0 37
2727013 0 59
2728467 0 59
2729982 0 54
2731518 0 65
2733075 0 38
2734611 0 58
2736188 0 55
2737601 0 53
2739116 0 57
2740611 0 59
2742127 0 61
2743560 0 46
2745076 0 51
2746550 0 49
2747943 0 65
2749356 0 47
2750831 0 54
2752326 0 57
2753882 0 49
2755377 0 50
2756913 0 60
2758429 0 62
2759985 0 42
2761521 0 50
2763016 0 51
2764572 0 57
2765986 0 63
2767522 0 43
2769098 0 54
2770614 0 59
2772027 0 62
2773461 0 42
2774997 0 52
2776553 0 50
2777946 0 59
2779502 0 50
2780956 0 71
2782451 0 46
2783967 0 60
2785503 0 58
2786936 0 56
2788431 0 60
2789885 0 54
2791339 0 57
2792896 0 62
2794370 0 48
2795845 0 49
2797381 0 57
2798896 0 53
2800453 0 55
2801866 0 53
2803422 0 58
2804917 0 64
2806330 0 44
2807805 0 60
2809279 0 52
2810754 0 61
2812208 0 43
2813662 0 55
2815075 0 52
2816632 0 55
2818065 0 59
2819601 0 62
2821137 0 47
2822571 0 55
2824066 0 64
2825479 0 47
2826974 0 57
2828490 0 57
2830025 0 52
2831500 0 59
2832933 0 61
2834347 0 39
2835883 0 56
2837316 0 59
2838811 0 54
2840224 0 54
2841658 0 60
2843153 0 59
2844689 0 69
2846225 0 37
2847699 0 58
2849276 0 66
2850710 0 41
2852184 0 52
2853659 0 68
2855133 0 39
2856649 0 49
2858185 0 50
2859639 0 52
2861052 0 53
2862608 0 64
2864022 0 47
2865476 0 53
2866950 0 67
2868343 0 42
2869899 0 53
2871312 0 70
2872787 0 37
2874220 0 59
2875695 0 66
2877251 0 47
2878685 0 51
2880119 0 49
2881593 0 60
2883068 0 51
2884624 0 61
2886181 0 48
2887717 0 49
2889150 0 60
2890625 0 49
2892058 0 60
2893512 0 51
2895007 0 66
2896482 0 37
2897956 0 56
2899390 0 54
2900885 0 55
2902441 0 49
2903895 0 67
2905370 0 45
2906824 0 57
2908380 0 59
2909876 0 57
2911452 0 58
2912886 0 56
2914381 0 65
2915917 0 39
2917371 0 49
2918805 0 60
2920341 0 62
2921815 0 47
2923372 0 54
2924805 0 52
2926239 0 53
2927672 0 71
2929229 0 38
2930662 0 55
2932075 0 67
2933509 0 41
2934922 0 54
2936417 0 70
2937851 0 45
2939264 0 54
2940677 0 64
2942213 0 48
2943708 0 53
2945203 0 61
2946698 0 37
2948152 0 53
2949708 0 72
2951142 0 45
2952657 0 51
2954132 0 70
2955627 0 48
2957061 0 49
2958453 0 53
2959989 0 58
2961423 0 55
2962897 0 58
2964392 0 64
2965826 0 39
2967300 0 56
2968836 0 71
2970372 0 37
2971826 0 50
2973362 0 52
2974919 0 60
2976352 0 62
2977868 0 48
2979301 0 54
2980776 0 67
2982230 0 45
2983766 0 59
2985282 0 53
2986777 0 72
2988272 0 42
2989828 0 52
2991303 0 70
2992777 0 47
2994334 0 56
2995788 0 51
2997201 0 60
2998716 0 54
3000170 0 53
3001624 0 50
3003119 0 52
3004614 0 67
3006130 0 44
3007625 0 60
3009038 0 53
3010574 0 59
3012089 0 58
3013625 0 49
3015100 0 72
3016533 0 41
3018069 0 54
3019544 0 50
3021019 0 72
3022514 0 46
3024070 0 52
3025524 0 59
3026937 0 51
3028473 0 55
3029948 0 70
3031361 0 44
3032856 0 51
3034248 0 64
3035805 0 42
3037300 0 59
3038713 0 64
3040269 0 43
3041764 0 59
3043218 0 57
3044673 0 55
3046086 0 49
3047601 0 58
3049117 0 51
3050673 0 69
3052127 0 47
3053704 0 51
3055097 0 60
3056551 0 58
3058087 0 68
3059623 0 42
3061159 0 58
3062633 0 55
3064149 0 57
3065705 0 64
3067200 0 48
3068613 0 51
3070067 0 54
3071521 0 52
3072975 0 60
3074491 0 68
3075965 0 44
3077399 0 56
3078976 0 53
3080409 0 51
3081925 0 53
3083440 0 54
3084854 0 54
3086349 0 55
3087905 0 70
3089380 0 45
3090834 0 59
3092247 0 51
3093803 0 60
3095298 0 61
3096752 0 41
3098247 0 57
3099681 0 62
3101114 0 37
3102507 0 50
3103941 0 70
3105313 0 44
3106767 0 51
3108200 0 55
3109613 0 72
3111129 0 40
3112665 0 55
3114201 0 49
3115614 0 58
3117048 0 49
3118563 0 58
3120119 0 60
3121676 0 51
3123150 0 61
3124666 0 44
3126100 0 51
3127636 0 59
3129151 0 68
3130626 0 40
3132100 0 50
3133657 0 62
3135152 0 48
3136606 0 58
3138203 0 72
3139698 0 47
3141132 0 54
3142565 0 57
3144122 0 49
3145596 0 53
3147091 0 53
3148627 0 59
3166039 0 104
3167575 0 104
3169091 0 104
3170626 0 104
3172060 0 104
3173453 0 104
3174907 0 104
3176422 0 104
3177958 0 104
3179433 0 104
3180907 0 105
3182443 0 105
3183938 0 105
3185454 0 105
3186887 0 105
3188362 0 105
3189775 0 106
3191188 0 104
3192683 0 105
3194219 0 106
3195673 0 104
3197209 0 105
3198663 0 105
3200076 0 105
3201530 0 106
3202964 0 104
3204438 0 105
3205872 0 106
3207408 0 104
3208944 0 105
3210439 0 106
3211872 0 104
3213429 0 105
3214944 0 106
3216460 0 104
3218016 0 105
3219552 0 105
3220965 0 106
3222460 0 104
3224017 0 105
3225471 0 105
3226945 0 105
3228379 0 105
3229792 0 106
3231328 0 104
3232844 0 105
3234277 0 105
3235731 0 105
3237288 0 105
3238721 0 106
3240257 0 104
3241793 0 105
3243247 0 105
3244722 0 105
3246196 0 106
3247712 0 104
3249227 0 105
3250763 0 105
3252258 0 106
3253753 0 104
3255146 0 105
3256661 0 105
3258095 0 105
3259590 0 105
3261085 0 105
3262498 0 106
3263911 0 104
3265365 0 105
3266819 0 106
3268232 0 104
3269625 0 105
3271120 0 105
3272554 0 105
3274090 0 105
3275585 0 105
3277100 0 105
3278554 0 106
3280049 0 104
3281606 0 105
3283019 0 105
3284432 0 105
3285845 0 105
3287279 0 105
3288753 0 105
3290248 0 106
3291661 0 104
3293054 0 105
3294549 0 106
3296105 0 104
3297498 0 105
3299034 0 105
3300508 0 105
3302065 0 106
3303560 0 104
3305034 0 105
3306529 0 105
3307983 0 105
3309499 0 106
3310933 0 104
3312366 0 105
3313820 0 106
3315336 0 104
3316749 0 105
3318285 0 105
3319780 0 105
3321275 0 105
3322729 0 106
3324224 0 104
3325678 0 105
3327070 0 106
3328586 0 104
3330020 0 105
3331515 0 105
3332928 0 106
3334341 0 104
3335774 0 105
3337269 0 106
3338703 0 104
3340259 0 105
3341775 0 105
3343249 0 105
3344785 0 106
3346342 0 104
3347878 0 105
3349332 0 105
3350786 0 105
3352219 0 105
3353653 0 106
3355087 0 104
3356643 0 105
3358036 0 105
3359572 0 105
3361067 0 105
3362500 0 105
3364036 0 106
3365490 0 104
3367026 0 105
3368542 0 105
3369975 0 105
3371511 0 106
3372965 0 104
3374481 0 105
3376017 0 105
3377532 0 105
3379007 0 106
3380461 0 104
3381874 0 105
3383287 0 105
3384762 0 105
3386236 0 105
3387793 0 105
3389247 0 106
3390762 0 104
3392155 0 105
3393691 0 105
3395124 0 106
3396619 0 104
3398073 0 105
3399507 0 105
3400920 0 105
3402374 0 106
3403828 0 104
3405364 0 105
3406859 0 106
3408395 0 104
3409870 0 105
3411365 0 105
3412921 0 105
3414355 0 105
3415809 0 105
3417304 0 105
3418758 0 106
3420253 0 104
3421666 0 105
3423079 0 106
3424533 0 104
3426049 0 105
3427441 0 105
3428998 0 106
3430534 0 104
3432008 0 105
3433524 0 106
3434957 0 104
3436473 0 105
3437906 0 105
3439360 0 105
3440814 0 105
3442289 0 106
3443723 0 104
3445136 0 105
3446528 0 106
3447962 0 104
3449416 0 105
3450890 0 105
3452426 0 105
3453880 0 105
3455396 0 105
3456911 0 105
3458427 0 105
3459922 0 106
3461396 0 104
3462891 0 105
3464407 0 106
3465861 0 104
3467274 0 105
3468810 0 105
3470285 0 105
3471800 0 105
3473193 0 105
3474667 0 105
3476101 0 106
3477534 0 104
3478988 0 105
3480463 0 105
3481917 0 105
3483412 0 105
3484846 0 105
3486259 0 106
3487672 0 104
3489228 0 105
3490723 0 106
3492177 0 104
3493713 0 105
3495167 0 105
3496621 0 106
3498075 0 104
3499489 0 105
3501025 0 105
3502417 0 105
3503830 0 106
3505366 0 104
3506779 0 105
3508295 0 106
3509851 0 104
3511408 0 105
3512841 0 106
3514377 0 104
3515893 0 105
3517326 0 106
3518821 0 104
3520214 0 105
3521770 0 106
3523184 0 104
3524740 0 105
3526215 0 105
3527648 0 105
3529102 0 106
3530556 0 104
3531990 0 105
3533546 0 105
3535041 0 105
3536598 0 106
3538052 0 104
3539485 0 105
3540919 0 106
3542434 0 104
3543868 0 105
3545281 0 105
3546797 0 105
3548333 0 105
3549868 0 106
3551343 0 104
3552736 0 105
3554149 0 105
3555603 0 105
3557139 0 106
3558634 0 104
3560149 0 105
3561665 0 105
3563139 0 105
3564614 0 106
3566088 0 104
3567522 0 105
3568996 0 106
3570410 0 104
3571823 0 105
3573338 0 105
3574792 0 105
3576226 0 105
3577782 0 106
3579318 0 104
3580731 0 105
3582226 0 105
3583639 0 105
3585093 0 105
3586629 0 105
3588145 0 106
3589579 0 104
3590992 0 105
3592405 0 105
3593879 0 105
3595415 0 105
3596849 0 105
3598241 0 106
3599798 0 104
3601231 0 105
3602624 0 106
3604140 0 104
3605532 0 105
3606986 0 106
3608522 0 104
3610038 0 105
3611512 0 105
3612946 0 105
3614338 0 105
3615833 0 106
3617349 0 104
3618782 0 105
3620216 0 105
3621650 0 105
3623165 0 105
3624722 0 105
3626196 0 106
3627691 0 104
3629125 0 105
3630620 0 105
3632074 0 105
3633569 0 105
3635125 0 105
3636641 0 105
3638177 0 105
3639569 0 106
3641085 0 104
3642580 0 105
3644075 0 105
3645590 0 105
3647044 0 106
3648539 0 104
3650075 0 105
3651488 0 105
3653045 0 105
3654520 0 105
3656035 0 105
3657448 0 105
3658861 0 106
3660377 0 104
3661892 0 105
3663326 0 105
3664841 0 105
3666295 0 105
3667831 0 105
3669326 0 105
3670842 0 105
3672337 0 106
3673791 0 104
3675286 0 105
3676719 0 105
3678255 0 106
3679791 0 104
3681327 0 105
3682822 0 105
3684358 0 105
3685894 0 106
3687348 0 104
3688864 0 105
3690420 0 106
3691977 0 104
3693431 0 105
3694967 0 105
3696462 0 105
3697875 0 105
3699370 0 105
3700885 0 105
3702380 0 105
3703793 0 106
3705268 0 104
3706804 0 105
3708340 0 105
3709835 0 105
3711371 0 105
3712866 0 105
3714279 0 106
3715835 0 104
3717331 0 105
3718866 0 105
3720423 0 105
3721959 0 106
3723454 0 104
3724990 0 105
3726546 0 105
3728062 0 105
3729618 0 105
3731134 0 106
3732670 0 104
3734144 0 105
3735578 0 106
3737134 0 104
3738691 0 105
3740206 0 105
3741763 0 106
3743217 0 104
3744691 0 105
3746104 0 105
3747599 0 105
3749013 0 105
3750528 0 106
3752084 0 104
3753498 0 105
3754911 0 106
3756406 0 104
3757819 0 105
3759334 0 105
3760870 0 105
3762406 0 105
3763840 0 106
3765253 0 104
3766789 0 105
3768284 0 106
3769779 0 104
3771315 0 105
3772748 0 105
3774141 0 105
3775575 0 105
3776967 0 105
3778442 0 106
3779896 0 104
3781350 0 105
3782783 0 105
3784197 0 105
3785651 0 105
3787187 0 105
3788620 0 106
3790054 0 104
3791487 0 105
3792962 0 105
3794395 0 105
3795788 0 106
3797324 0 104
3798819 0 105
3800334 0 105
3801789 0 105
3803304 0 105
3804738 0 106
3806294 0 104
3807748 0 105
3809202 0 105
3810636 0 105
3812151 0 105
3813605 0 105
3815100 0 106
3816575 0 104
3818029 0 105
3819462 0 105
3820876 0 106
3822330 0 104
3823866 0 105
3825299 0 106
3826815 0 104
3828228 0 105
3829743 0 105
3831238 0 105
3832795 0 105
3834208 0 105
3835744 0 106
3837157 0 104
3838693 0 105
3840147 0 105
3841642 0 105
3843116 0 105
3844530 0 106
3845963 0 104
3847438 0 105
3848830 0 106
3850243 0 104
3851636 0 105
3853029 0 106
3854524 0 104
3856019 0 105
3857555 0 105
3859029 0 106
3860565 0 104
3861999 0 105
3863473 0 105
3864989 0 105
3866381 0 105
3867794 0 105
3869330 0 105
3870825 0 106
3872382 0 104
3873836 0 105
3875372 0 105
3876826 0 105
3878239 0 105
3879693 0 106
3881229 0 104
3882724 0 105
3884260 0 105
3885673 0 105
3887189 0 105
3888643 0 105
3890056 0 105
3891469 0 106
3892882 0 104
3894336 0 105
3895831 0 105
3897326 0 105
3898739 0 106
3900275 0 104
3901791 0 105
3903204 0 106
3904760 0 104
3906173 0 105
3907668 0 105
3909184 0 105
3910617 0 106
3912030 0 104
3913525 0 105
3915082 0 105
3916638 0 105
3918154 0 105
3919669 0 105
3921123 0 105
3922618 0 106
3924113 0 104
3925649 0 105
3927185 0 105
3928598 0 106
3930012 0 104
3931527 0 105
3932961 0 105
3934497 0 105
3936033 0 105
3937487 0 105
3938961 0 106
3940518 0 104
3941992 0 105
3943487 0 106
3944921 0 104
3946375 0 105
3947890 0 105
3949365 0 105
3950778 0 105
3952212 0 106
3953686 0 104
3955161 0 105
3956553 0 106
3957966 0 104
3959420 0 105
3960936 0 106
3962349 0 104
3963864 0 105
3965257 0 106
3966813 0 104
3968349 0 105
3969865 0 105
3971319 0 106
3972794 0 104
3974289 0 105
3975825 0 105
3977361 0 105
3978876 0 106
3980371 0 104
3981805 0 105
3983279 0 106
3984795 0 104
3986310 0 105
3987805 0 106
3989300 0 104
3990713 0 105
3992188 0 105
3993580 0 105
3995034 0 106
3996468 0 104
3997902 0 105
3999376 0 105
4000810 0 105
4002284 0 105
4003759 0 106
4005233 0 104
4006667 0 105
4008182 0 105
4009636 0 105
4011152 0 105
4012708 0 105
4014244 0 105
4015678 0 105
4017173 0 106
4018668 0 104
4020183 0 105
4021597 0 106
4023092 0 104
4024607 0 105
4026082 0 105
4027556 0 105
4028969 0 105
4030464 0 106
4031980 0 104
4033454 0 105
4034847 0 106
4036280 0 104
4037816 0 105
4039291 0 106
4040725 0 104
4042220 0 105
4043653 0 105
4045148 0 105
4046623 0 106
4048179 0 104
4049613 0 105
4051108 0 106
4052664 0 104
4054200 0 105
4055593 0 105
4057006 0 105
4058521 0 105
4059975 0 105
4061450 0 105
4062863 0 106
4064358 0 104
4065894 0 105
