30093 0 6
31608 0 9
33165 0 7
34619 0 5
36093 0 4
37547 0 9
39104 0 3
40558 0 3
42094 0 1
43589 0 12
45145 0 20
46620 0 21
48197 0 16
49569 0 27
51023 0 4
52436 0 22
53931 0 16
55385 0 27
56900 0 12
58375 0 24
59788 0 28
61324 0 4
62778 0 16
64212 0 17
65686 0 21
67202 0 16
68615 0 20
70089 0 34
71564 0 5
73059 0 18
74492 0 31
76069 0 3
77605 0 19
79141 0 35
80595 0 6
82029 0 24
83524 0 21
84999 0 21
86534 0 18
88111 0 31
89525 0 10
91081 0 19
92637 0 27
94091 0 1
95627 0 20
97081 0 22
98658 0 36
100235 0 5
101710 0 14
103103 0 16
104536 0 20
105970 0 28
107444 0 4
108919 0 24
110434 0 21
111991 0 17
113424 0 19
114858 0 32
116291 0 12
117786 0 15
119322 0 23
120736 0 35
122169 0 5
123685 0 22
125180 0 24
126593 0 23
128026 0 19
129460 0 19
130934 0 14
132388 0 33
133945 0 2
135358 0 21
136771 0 19
138287 0 20
139741 0 16
141113 0 23
142587 0 17
144041 0 20
145577 0 25
146990 0 12
148526 0 13
150021 0 17
151455 0 21
152889 0 20
154404 0 17
155797 0 26
157333 0 1
158746 0 17
160261 0 32
161797 0 2
163190 0 23
164644 0 32
166118 0 6
167634 0 24
169108 0 23
170583 0 20
172037 0 16
173471 0 16
174945 0 21
176481 0 31
177976 0 4
179430 0 14
180823 0 30
182256 0 11
183731 0 15
185185 0 15
186721 0 19
188155 0 19
189690 0 34
191124 0 7
192660 0 15
194196 0 31
195773 0 11
197186 0 21
198640 0 15
200176 0 16
201651 0 14
203125 0 23
204518 0 13
205992 0 25
207487 0 5
208921 0 17
210375 0 25
211849 0 8
213344 0 20
214860 0 24
216273 0 34
217748 0 6
219161 0 21
220738 0 23
222151 0 30
223523 0 1
225038 0 21
226574 0 36
228069 0 6
229544 0 22
231080 0 23
232575 0 36
234131 0 11
235647 0 19
237183 0 36
238719 0 5
240132 0 19
241606 0 19
243040 0 15
244494 0 29
245948 0 11
247423 0 23
248959 0 33
250413 0 10
251949 0 17
253362 0 31
254877 0 5
256270 0 18
257724 0 14
259198 0 15
260693 0 21
262270 0 33
263765 0 8
265219 0 17
266653 0 18
268169 0 21
269623 0 18
271077 0 23
272469 0 32
273841 0 5
275275 0 24
276729 0 19
278142 0 16
279596 0 24
281132 0 19
282689 0 35
284184 0 10
285658 0 15
287071 0 20
288648 0 18
290102 0 15
291618 0 19
293072 0 25
294608 0 10
296062 0 23
297618 0 21
299195 0 20
300752 0 21
302226 0 21
303762 0 24
305298 0 32
306691 0 12
308247 0 20
309681 0 16
311135 0 32
312691 0 9
314268 0 21
315825 0 20
317361 0 21
318897 0 13
320433 0 24
321928 0 17
323443 0 17
324959 0 27
326433 0 3
327867 0 15
329341 0 21
330898 0 19
332413 0 16
333806 0 18
335280 0 30
336775 0 1
338209 0 22
339643 0 26
341015 0 10
342592 0 19
344087 0 34
345602 0 6
347077 0 22
348551 0 17
349985 0 31
351439 0 7
352995 0 17
354388 0 13
355801 0 16
357255 0 15
358770 0 21
360245 0 36
361740 0 1
363256 0 22
364751 0 23
366246 0 17
367659 0 18
369195 0 30
370669 0 1
372205 0 23
373618 0 15
375134 0 19
376629 0 16
378083 0 23
379578 0 20
381052 0 32
382506 0 5
383899 0 14
385374 0 14
386807 0 15
388261 0 16
389715 0 23
391128 0 25
392685 0 11
394118 0 18
395572 0 24
397047 0 23
398522 0 33
400037 0 11
401491 0 18
403027 0 24
404420 0 23
405874 0 34
407369 0 5
408823 0 24
410339 0 14
411833 0 30
413205 0 3
414598 0 13
416032 0 23
417588 0 33
419145 0 9
420660 0 13
422073 0 33
423527 0 7
425084 0 16
426517 0 22
427992 0 19
429446 0 23
430920 0 23
432456 0 27
433849 0 4
435364 0 15
436818 0 16
438334 0 22
439808 0 14
441222 0 25
442737 0 4
444191 0 24
445604 0 33
447140 0 4
448533 0 15
450069 0 24
451482 0 21
453059 0 21
454595 0 22
456110 0 16
457544 0 31
459100 0 7
460616 0 20
462172 0 17
463667 0 21
465203 0 13
466657 0 23
468214 0 22
469688 0 33
471101 0 2
472596 0 16
474091 0 14
475627 0 15
477163 0 16
478617 0 16
480112 0 19
481607 0 20
483123 0 30
484557 0 8
486113 0 17
487526 0 21
489021 0 34
490393 0 3
491950 0 16
493445 0 14
494940 0 27
496353 0 11
497807 0 23
499363 0 16
500817 0 17
502353 0 13
503848 0 26
505364 0 8
506859 0 23
508415 0 19
509849 0 18
511323 0 15
512859 0 35
514313 0 8
515870 0 21
517303 0 25
518860 0 2
520355 0 17
521850 0 21
523345 0 15
524860 0 33
526315 0 4
527769 0 23
529223 0 19
530738 0 21
532233 0 35
533667 0 7
535100 0 22
536657 0 27
538111 0 5
539565 0 22
541080 0 22
542555 0 24
544050 0 36
545586 0 11
547081 0 16
548576 0 34
549969 0 11
551443 0 23
552897 0 23
554351 0 24
555785 0 16
557177 0 13
558713 0 18
560270 0 33
561703 0 1
563198 0 20
564734 0 19
566291 0 13
567806 0 29
569260 0 6
570755 0 19
572189 0 20
573704 0 19
575240 0 15
576756 0 21
578333 0 34
579807 0 1
581241 0 21
582756 0 31
584190 0 8
585747 0 22
587221 0 24
588634 0 24
590150 0 30
591522 0 4
592996 0 15
594450 0 24
595863 0 20
597358 0 23
598792 0 18
600205 0 19
601680 0 26
603052 0 5
604567 0 13
606103 0 30
607598 0 7
609073 0 17
610568 0 13
612001 0 21
613517 0 26
615032 0 1
616548 0 20
618043 0 34
619497 0 6
620931 0 24
622323 0 34
623798 0 2
625190 0 19
626644 0 13
628078 0 19
629614 0 21
631027 0 28
632461 0 2
633956 0 18
635410 0 17
636823 0 36
638359 0 5
639854 0 21
641287 0 27
642762 0 8
644298 0 22
645813 0 24
647329 0 17
648721 0 30
650073 0 1
651507 0 23
653002 0 21
654415 0 35
655930 0 2
657323 0 15
658797 0 24
660190 0 17
661644 0 35
663098 0 12
664634 0 23
666129 0 24
667645 0 19
669140 0 20
670696 0 20
672191 0 22
673707 0 29
675120 0 10
676574 0 17
677966 0 35
679482 0 6
680997 0 15
682492 0 25
684008 0 8
685503 0 22
686936 0 20
688390 0 18
689824 0 16
691340 0 18
692773 0 29
694145 0 4
695661 0 24
697074 0 24
698507 0 24
699900 0 20
701334 0 23
702849 0 23
704406 0 19
705839 0 28
707314 0 9
708809 0 14
710304 0 32
711778 0 8
713314 0 16
714748 0 21
716181 0 21
717615 0 17
719110 0 13
720625 0 26
722039 0 10
723554 0 22
725008 0 14
726442 0 21
727998 0 20
729493 0 22
730927 0 32
732360 0 2
733773 0 18
735207 0 30
736620 0 8
738197 0 18
739651 0 19
741146 0 14
742682 0 20
744259 0 24
745754 0 34
747167 0 3
748703 0 22
750198 0 15
751673 0 20
753127 0 24
754622 0 32
756137 0 4
757591 0 16
759045 0 23
760479 0 30
761974 0 2
763367 0 19
764902 0 17
766377 0 34
767790 0 9
769285 0 24
770739 0 18
772234 0 28
773688 0 11
775122 0 23
776617 0 20
778214 0 15
779607 0 17
781122 0 31
782699 0 5
784174 0 15
785607 0 24
787021 0 32
788475 0 3
789949 0 20
791424 0 20
792939 0 21
794455 0 25
795929 0 1
797404 0 17
798796 0 26
800230 0 6
801745 0 22
803220 0 23
804694 0 14
806128 0 19
807684 0 14
809139 0 35
810675 0 5
812190 0 17
813603 0 15
815119 0 28
816532 0 12
817986 0 21
819542 0 29
820914 0 5
822307 0 14
823700 0 23
825236 0 15
826669 0 24
828164 0 24
829639 0 24
831052 0 34
832547 0 11
833960 0 20
835414 0 14
836929 0 14
838445 0 18
839981 0 32
841496 0 11
843012 0 23
844466 0 29
845981 0 9
847517 0 23
848930 0 33
850364 0 11
851880 0 18
853456 0 15
854870 0 23
856283 0 15
857778 0 20
859273 0 13
860809 0 30
862242 0 11
863737 0 16
865232 0 15
866666 0 19
868140 0 17
869635 0 26
871028 0 8
872605 0 24
874059 0 36
875472 0 5
876967 0 20
878524 0 15
879978 0 26
881411 0 11
882947 0 23
884442 0 31
885917 0 2
887391 0 21
888825 0 22
890320 0 35
891835 0 10
893351 0 19
894825 0 35
896300 0 2
897733 0 13
899167 0 15
900580 0 31
902137 0 5
903591 0 15
905045 0 16
906417 0 18
907953 0 17
909448 0 17
910963 0 32
912479 0 1
914015 0 22
915469 0 23
916882 0 28
918316 0 2
919729 0 20
921285 0 30
922739 0 1
924255 0 19
925832 0 13
927286 0 36
928781 0 7
930276 0 15
953180 0 101
954614 0 101
956129 0 101
957604 0 101
959037 0 101
960553 0 101
961986 0 101
963522 0 101
964976 0 101
966451 0 101
967884 0 102
969379 0 102
970874 0 103
972410 0 101
973844 0 102
975257 0 103
976691 0 101
978206 0 102
979640 0 102
981073 0 102
982466 0 102
984002 0 102
985538 0 103
987053 0 101
988507 0 102
989941 0 102
991395 0 102
992890 0 102
994324 0 102
995839 0 103
997314 0 101
998706 0 102
1000263 0 103
1001778 0 101
1003314 0 102
1004809 0 102
1006243 0 102
1007676 0 102
1009192 0 103
1010687 0 101
1012080 0 102
1013493 0 103
1014988 0 101
1016380 0 102
1017793 0 102
1019288 0 103
1020865 0 101
1022299 0 102
1023732 0 102
1025268 0 103
1026825 0 101
1028299 0 102
1029733 0 103
1031208 0 101
1032682 0 102
1034198 0 103
1035734 0 101
1037249 0 102
1038662 0 102
1040157 0 103
1041632 0 101
1043045 0 102
1044540 0 102
1045973 0 103
1047530 0 101
1049045 0 102
1050561 0 102
1051994 0 102
1053510 0 103
1055066 0 101
1056520 0 102
1057934 0 102
1059367 0 102
1060780 0 103
1062275 0 101
1063709 0 102
1065183 0 102
1066617 0 102
1068132 0 103
1069689 0 101
1071163 0 102
1072638 0 102
1074051 0 102
1075526 0 103
1077021 0 101
1078557 0 102
1080093 0 103
1081506 0 101
1082980 0 102
1084393 0 103
1085827 0 101
1087322 0 102
1088714 0 102
1090107 0 102
1091520 0 102
1093056 0 103
1094551 0 101
1095944 0 102
1097398 0 102
1098790 0 103
1100285 0 101
1101801 0 102
1103275 0 103
1104689 0 101
1106184 0 102
1107699 0 102
1109194 0 102
1110628 0 102
1112041 0 102
1113577 0 102
1115010 0 103
1116485 0 101
1117877 0 102
1119291 0 102
1120827 0 102
1122301 0 102
1123735 0 102
1125250 0 102
1126786 0 103
1128322 0 101
1129858 0 102
1131271 0 103
1132684 0 101
1134179 0 102
1135674 0 102
1137087 0 102
1138603 0 102
1140036 0 103
1141572 0 101
1142986 0 102
1144521 0 102
1146057 0 102
1147532 0 102
1149027 0 102
1150461 0 103
1151915 0 101
1153369 0 102
1154823 0 102
1156277 0 102
1157833 0 102
1159226 0 102
1160721 0 102
1162216 0 103
1163670 0 101
1165144 0 102
1166660 0 103
1168175 0 101
1169650 0 102
1171125 0 102
1172640 0 103
1174135 0 101
1175691 0 102
1177187 0 103
1178702 0 101
1180238 0 102
1181753 0 102
1183167 0 102
1184703 0 102
1186157 0 103
1187590 0 101
1189065 0 102
1190478 0 103
1191932 0 101
1193345 0 102
1194860 0 102
1196396 0 102
1197912 0 102
1199325 0 102
1200718 0 103
1202274 0 101
1203769 0 102
1205326 0 102
1206800 0 103
1208336 0 101
1209811 0 102
1211265 0 102
1212760 0 103
1214275 0 101
1215791 0 102
1217306 0 103
1218760 0 101
1220255 0 102
1221750 0 103
1223245 0 101
1224720 0 102
1226194 0 102
1227751 0 102
1229164 0 102
1230597 0 102
1231990 0 102
1233485 0 103
1234919 0 101
1236393 0 102
1237806 0 102
1239342 0 102
1240837 0 102
1242373 0 102
1243766 0 103
1245302 0 101
1246694 0 102
1248128 0 102
1249623 0 102
1251098 0 103
1252634 0 101
1254170 0 102
1255562 0 103
1257016 0 101
1258552 0 102
1260068 0 102
1261542 0 102
1262955 0 103
1264491 0 101
1265945 0 102
1267399 0 103
1268853 0 101
1270389 0 102
1271823 0 102
1273257 0 102
1274711 0 103
1276226 0 101
1277742 0 102
1279216 0 102
1280711 0 102
1282227 0 103
1283681 0 101
1285237 0 102
1286691 0 102
1288104 0 102
1289599 0 103
1291053 0 101
1292528 0 102
1294064 0 103
1295579 0 101
1297115 0 102
1298610 0 102
1300023 0 102
1301539 0 102
1303075 0 103
1304529 0 101
1306065 0 102
1307560 0 103
1309116 0 101
1310550 0 102
1312066 0 102
1313479 0 102
1314892 0 102
1316428 0 103
1317902 0 101
1319438 0 102
1320974 0 102
1322510 0 102
1323964 0 103
1325459 0 101
1326954 0 102
1328429 0 102
1329862 0 103
1331337 0 101
1332729 0 102
1334184 0 102
1335597 0 103
1337051 0 101
1338505 0 102
1339897 0 102
1341290 0 102
1342805 0 102
1344260 0 102
1345734 0 103
1347188 0 101
1348642 0 102
1350035 0 103
1351448 0 101
1352984 0 102
1354438 0 103
1355994 0 101
1357428 0 102
1358923 0 102
1360316 0 102
1361852 0 103
1363265 0 101
1364739 0 102
1366275 0 103
1367791 0 101
1369224 0 102
1370740 0 102
1372153 0 102
1373586 0 102
1374999 0 103
1376576 0 101
1378112 0 102
1379566 0 102
1381041 0 102
1382556 0 102
1384051 0 103
1385608 0 101
1387144 0 102
1388537 0 102
1389991 0 102
1391486 0 102
1392960 0 103
1394414 0 101
1395909 0 102
1397322 0 102
1398817 0 103
1400312 0 101
1401746 0 102
1403179 0 102
1404572 0 102
1406108 0 102
1407501 0 102
1408934 0 102
1410450 0 103
1411965 0 101
1413501 0 102
1414976 0 102
1416512 0 102
1417925 0 102
1419379 0 102
1420915 0 102
1422430 0 102
1423946 0 103
1425420 0 101
1426956 0 102
1428390 0 102
1429864 0 102
1431298 0 103
1432752 0 101
1434309 0 102
1435763 0 102
1437258 0 102
1438732 0 102
1440268 0 103
1441845 0 101
1443258 0 102
1444692 0 102
1446187 0 103
1447743 0 101
1449259 0 102
1450733 0 102
1452208 0 102
1453641 0 102
1455054 0 102
1456549 0 102
1458024 0 103
1459499 0 101
1460973 0 102
1462489 0 102
1463922 0 102
1465356 0 102
1466830 0 103
1468284 0 101
1469779 0 102
1471213 0 102
1472605 0 102
1474060 0 102
1475575 0 103
1477050 0 101
1478524 0 102
1479937 0 103
1481453 0 101
1482845 0 102
1484258 0 102
1485774 0 102
1487228 0 102
1488723 0 102
1490218 0 103
1491734 0 101
1493208 0 102
1494662 0 102
1496055 0 102
1497529 0 103
1498942 0 101
1500478 0 102
1502014 0 102
1503448 0 103
1504902 0 101
1506356 0 102
1507810 0 103
1509223 0 101
1510739 0 102
1512172 0 102
1513667 0 102
1515203 0 102
1516698 0 102
1518193 0 102
1519606 0 102
1521101 0 103
1522555 0 101
1524030 0 102
1525566 0 102
1527081 0 102
1528474 0 103
1530030 0 101
1531566 0 102
1533102 0 102
1534638 0 102
1536195 0 102
1537628 0 102
1539021 0 103
1540577 0 101
1542113 0 102
1543670 0 102
1545144 0 102
1546701 0 103
1548155 0 101
1549589 0 102
1551043 0 102
1552579 0 102
1554053 0 102
1555487 0 102
1556900 0 102
1558456 0 102
1559992 0 103
1561508 0 101
1562962 0 102
1564498 0 103
1565993 0 101
1567426 0 102
1568942 0 103
1570498 0 101
1571952 0 102
1573427 0 102
1574942 0 102
1576355 0 102
1577809 0 102
1579345 0 103
1580881 0 101
1582295 0 102
1583728 0 102
1585182 0 102
1586657 0 102
1588131 0 102
1589585 0 102
1591080 0 102
1592473 0 103
1593906 0 101
1595299 0 102
1596774 0 103
1598289 0 101
1599784 0 102
1601320 0 102
1602856 0 102
1604372 0 102
1605826 0 103
1607280 0 101
1608713 0 102
1610188 0 103
1611642 0 101
1613157 0 102
1614632 0 102
1616086 0 103
1617499 0 101
1618953 0 102
1620407 0 102
1621841 0 102
1623336 0 102
1624810 0 102
1626264 0 103
1627677 0 101
1629111 0 102
1630524 0 103
1631937 0 101
1633350 0 102
1634845 0 103
1636299 0 101
1637712 0 102
1639207 0 102
1640621 0 102
1642034 0 102
1643447 0 102
1644962 0 103
1646396 0 101
1647850 0 102
1649386 0 102
1650799 0 103
1652294 0 101
1653789 0 102
1655345 0 102
1656759 0 102
1658192 0 102
1659585 0 103
1661121 0 101
1662657 0 102
1664090 0 102
1665544 0 102
1666937 0 102
1668350 0 102
1669825 0 103
1671258 0 101
1672651 0 102
1674043 0 102
1675559 0 102
1677054 0 102
1678446 0 102
1679921 0 102
1681334 0 103
1682788 0 101
1684324 0 102
1685819 0 102
1687335 0 103
1688891 0 101
1690386 0 102
1691922 0 102
1693458 0 103
1694953 0 101
1696407 0 102
1697882 0 102
1699377 0 102
1700892 0 103
1702367 0 101
1703821 0 102
1705254 0 102
1706770 0 102
1708265 0 102
1709678 0 103
1711152 0 101
1712668 0 102
1714081 0 102
1715597 0 103
1717112 0 101
1718587 0 102
1720123 0 102
1721536 0 103
1723051 0 101
1724485 0 102
1726021 0 102
1727454 0 102
1728908 0 102
1730342 0 103
1731755 0 101
1733148 0 102
1734581 0 103
1736138 0 101
1737633 0 102
1739169 0 103
1740664 0 101
1742077 0 102
1743531 0 102
1745046 0 102
1746500 0 102
1748036 0 103
1749572 0 101
1751006 0 102
1752439 0 102
1753955 0 102
1755470 0 102
1756986 0 102
1758481 0 103
1760058 0 101
1761471 0 102
1762946 0 103
1764502 0 101
1765915 0 102
1767410 0 103
1768885 0 101
1770318 0 102
1771813 0 102
1773329 0 102
1774762 0 102
1776237 0 103
1777711 0 101
1779165 0 102
1780579 0 103
1781992 0 101
1783507 0 102
1785043 0 102
1786456 0 103
1787992 0 101
1789467 0 102
1790941 0 102
1792375 0 102
1793808 0 102
1795242 0 102
1796737 0 103
1798211 0 101
1799686 0 102
1801222 0 103
1802635 0 101
1804151 0 102
1805584 0 103
1807141 0 101
1808595 0 102
1810110 0 102
1811585 0 102
1813080 0 102
1814534 0 103
1815988 0 101
1817483 0 102
1818998 0 102
1820391 0 102
1821845 0 102
1823238 0 102
1824753 0 102
1826207 0 103
1827661 0 101
1829115 0 102
1830610 0 102
1832023 0 102
1833539 0 102
1835075 0 103
1836570 0 101
1838085 0 102
1839478 0 102
1840993 0 102
1842529 0 102
1844065 0 103
1845601 0 101
1847096 0 102
1848632 0 102
1850168 0 102
1851602 0 102
2151325 0 45
2152759 0 40
2154192 0 39
2155605 0 40
2157162 0 48
2158575 0 37
2160029 0 39
2161565 0 48
2163019 0 37
2164514 0 48
2165907 0 52
2167422 0 59
2168958 0 55
2170392 0 67
2171846 0 41
2173341 0 55
2174856 0 65
2176331 0 41
2177867 0 52
2179403 0 61
2180836 0 42
2182249 0 50
2183724 0 53
2185137 0 59
2186591 0 51
2188004 0 49
2189458 0 68
2190974 0 37
2192469 0 60
2193902 0 57
2195336 0 55
2196769 0 53
2198265 0 64
2199739 0 40
2201214 0 50
2202729 0 49
2204286 0 66
2205760 0 44
2207194 0 50
2208689 0 49
2210245 0 54
2211658 0 53
2213153 0 60
2214566 0 49
2216020 0 67
2217474 0 48
2218969 0 52
2220444 0 55
2221898 0 50
2223393 0 56
2224868 0 60
2226424 0 60
2227858 0 58
2229312 0 68
2230786 0 44
2232220 0 51
2233735 0 69
2235292 0 46
2236869 0 54
2238343 0 55
2239859 0 57
2241395 0 57
2242869 0 50
2244405 0 63
2245880 0 41
2247354 0 51
2248890 0 64
2250344 0 38
2251757 0 56
2253211 0 65
2254706 0 45
2256160 0 51
2257676 0 53
2259110 0 53
2260666 0 52
2262079 0 51
2263533 0 52
2265069 0 71
2266462 0 42
2267998 0 50
2269431 0 55
2270967 0 64
2272462 0 38
2274019 0 50
2275575 0 68
2276988 0 37
2278463 0 56
2280019 0 58
2281555 0 50
2283091 0 55
2284627 0 52
2286143 0 51
2287617 0 70
2289112 0 44
2290525 0 51
2292082 0 54
2293597 0 52
2295133 0 60
2296690 0 58
2298123 0 61
2299536 0 43
2301011 0 51
2302526 0 62
2304083 0 48
2305557 0 50
2307093 0 61
2308568 0 43
2310022 0 54
2311435 0 54
2312930 0 56
2314384 0 68
2315859 0 46
2317374 0 60
2318931 0 61
2320405 0 38
2321839 0 49
2323354 0 49
2324747 0 51
2326221 0 51
2327655 0 57
2329191 0 63
2330706 0 43
2332120 0 51
2333553 0 66
2334987 0 44
2336482 0 50
2338038 0 57
2339492 0 50
2340905 0 67
2342318 0 39
2343813 0 53
2345206 0 51
2346660 0 52
2348094 0 59
2349630 0 51
2351084 0 63
2352620 0 45
2354176 0 58
2355651 0 60
2357084 0 54
2358620 0 72
2360136 0 41
2361610 0 60
2363105 0 63
2364662 0 48
2366136 0 60
2367631 0 52
2369044 0 53
2370601 0 59
2372014 0 67
2373427 0 46
2374983 0 54
2376499 0 60
2378014 0 49
2379448 0 49
2380943 0 64
2382479 0 45
2383953 0 59
2385469 0 54
2386882 0 60
2388418 0 65
2389893 0 39
2391326 0 56
2392842 0 52
2394378 0 50
2395934 0 49
2397470 0 59
2399006 0 68
2400481 0 41
2402017 0 57
2403532 0 68
2404986 0 48
2406461 0 57
2408038 0 54
2409533 0 67
2410966 0 37
2412502 0 53
2414038 0 57
2415595 0 52
2417028 0 53
2418585 0 62
2420039 0 47
2421595 0 56
2423049 0 67
2424462 0 46
2425978 0 59
2427432 0 61
2428968 0 43
2430401 0 57
2431978 0 51
2433514 0 53
2434927 0 68
2436422 0 40
2437958 0 55
2439433 0 67
2440948 0 41
2442361 0 54
2443815 0 72
2445208 0 38
2446744 0 50
2448157 0 60
2449632 0 65
2451168 0 42
2452663 0 57
2454178 0 70
2455694 0 39
2457230 0 57
2458704 0 53
2460158 0 68
2461715 0 44
2463148 0 55
2464602 0 49
2466036 0 72
2467551 0 38
2468944 0 53
2470419 0 56
2471893 0 60
2473327 0 54
2474822 0 51
2476378 0 54
2477873 0 62
2479307 0 39
2480781 0 54
2482297 0 60
2483853 0 57
2485307 0 52
2486864 0 69
2488277 0 46
2489772 0 59
2491185 0 65
2492659 0 44
2494195 0 54
2495629 0 52
2497124 0 69
2498578 0 47
2500012 0 52
2501548 0 49
2503063 0 54
2504558 0 55
2506074 0 57
2507630 0 54
2509166 0 71
2510620 0 48
2512136 0 57
2513692 0 63
2515167 0 47
2516621 0 55
2518136 0 60
2519631 0 69
2521085 0 42
2522498 0 56
2523932 0 49
2525406 0 53
2526922 0 60
2528478 0 68
2530014 0 40
2531427 0 57
2532963 0 54
2534479 0 55
2535974 0 56
2537428 0 59
2538882 0 69
2540336 0 46
2541852 0 60
2543347 0 66
2544780 0 47
2546214 0 59
2547668 0 71
2549142 0 48
2550576 0 60
2552091 0 50
2553566 0 55
2555040 0 62
2556515 0 37
2558010 0 60
2559423 0 53
2560939 0 72
2562413 0 41
2563867 0 58
2565342 0 64
2566878 0 46
2568352 0 56
2569888 0 57
2571424 0 59
2572899 0 52
2574353 0 56
2575868 0 56
2577363 0 70
2578735 0 41
2580251 0 55
2581746 0 51
2583139 0 66
2584572 0 37
2586006 0 54
2587521 0 57
2589016 0 60
2590450 0 69
2591965 0 47
2593378 0 51
2594894 0 49
2596368 0 49
2597822 0 70
2599256 0 39
2600710 0 57
2602287 0 49
2603803 0 59
2605318 0 69
2606772 0 43
2608329 0 55
2609783 0 59
2611339 0 51
2612773 0 54
2614186 0 56
2615619 0 71
2617114 0 38
2618527 0 55
2619981 0 72
2621517 0 43
2623012 0 49
2624507 0 57
2626064 0 62
2627559 0 37
2629054 0 54
2630467 0 58
2631942 0 51
2633478 0 53
2634952 0 60
2636468 0 64
2637881 0 43
2639294 0 57
2640707 0 57
2642161 0 59
2643697 0 67
2645151 0 47
2646666 0 55
2648202 0 63
2649677 0 46
2651213 0 58
2652749 0 70
2654142 0 38
2655616 0 60
2657172 0 61
2658688 0 40
2660203 0 49
2661739 0 49
2663255 0 49
2664791 0 68
2666224 0 45
2667801 0 52
2669235 0 53
2670730 0 72
2672225 0 47
2673700 0 58
2675215 0 50
2676751 0 53
2678267 0 53
2679721 0 59
2681277 0 71
2682711 0 47
2684247 0 56
2685680 0 59
2687114 0 60
2688527 0 51
2689919 0 58
2691394 0 57
2692869 0 69
2694364 0 40
2695797 0 56
2697354 0 52
2698930 0 54
2700364 0 56
2701839 0 70
2703231 0 42
2704665 0 60
2706119 0 57
2707675 0 51
2709191 0 52
2710665 0 55
2712181 0 54
2713594 0 70
2714987 0 43
2716543 0 59
2718058 0 60
2719451 0 58
2721008 0 59
2722441 0 59
2723936 0 50
2725411 0 68
2726885 0 37
2728339 0 60
2729855 0 50
2731370 0 57
2732886 0 52
2734422 0 51
2735876 0 60
2737330 0 62
2738784 0 38
2740299 0 57
2741712 0 63
2743187 0 45
2744743 0 53
2746157 0 55
2747570 0 59
2749126 0 53
2750580 0 56
2752014 0 61
2753550 0 45
2755045 0 57
2756540 0 71
2758014 0 38
2759550 0 58
2761004 0 50
2762479 0 59
2763933 0 57
2765489 0 49
2767025 0 53
2768520 0 59
2770077 0 67
2771551 0 40
2773108 0 50
2774562 0 52
2776057 0 60
2777572 0 51
2779067 0 55
2780624 0 68
2782057 0 42
2783614 0 56
2785109 0 60
2786624 0 51
2788099 0 54
2789594 0 56
2791130 0 57
2792625 0 52
2794038 0 67
2795492 0 44
2797008 0 58
2798523 0 69
2799998 0 44
2801411 0 59
2802865 0 56
2804339 0 51
2805814 0 53
2807309 0 65
2808763 0 46
2810217 0 51
2811712 0 54
2813125 0 55
2814681 0 49
2816095 0 72
2817508 0 47
2819023 0 57
2820559 0 54
2822054 0 61
2823590 0 48
2825106 0 59
2826662 0 58
2828075 0 49
2829591 0 53
2831147 0 72
2832622 0 42
2834076 0 60
2835530 0 65
2837004 0 37
2838561 0 58
2840015 0 63
2841510 0 37
2843066 0 55
2844643 0 68
2846118 0 44
2847633 0 59
2849210 0 52
2850726 0 52
2852241 0 56
2853777 0 54
2855190 0 50
2856726 0 71
2858242 0 37
2859716 0 60
2861170 0 69
2862706 0 37
2864263 0 58
2865778 0 63
2867335 0 42
2868768 0 53
2870243 0 55
2871676 0 54
2873192 0 66
2874707 0 44
2876202 0 53
2877759 0 61
2879172 0 44
2880626 0 50
2882121 0 54
2883555 0 53
2884947 0 51
2886442 0 53
2887876 0 58
2889350 0 72
2890763 0 40
2892197 0 51
2893692 0 65
2895228 0 38
2896784 0 58
2898279 0 50
2899692 0 49
2901126 0 54
2902601 0 55
2904075 0 70
2905447 0 37
2906983 0 58
2908458 0 50
2909912 0 50
2911345 0 52
2912902 0 59
2914376 0 50
2915933 0 61
2917366 0 42
2918882 0 50
2920356 0 51
2921851 0 60
2923387 0 71
2924841 0 42
2926337 0 49
2927770 0 68
2929224 0 42
2930760 0 51
2932173 0 67
2933586 0 48
2935122 0 56
2936535 0 58
2938112 0 58
2939566 0 49
2941061 0 70
2942495 0 39
2943929 0 51
2945321 0 55
2946898 0 56
2948393 0 49
2949847 0 54
2951322 0 53
2952858 0 58
2954291 0 63
2955807 0 42
2957302 0 51
2958756 0 55
2960230 0 56
2961664 0 54
2963138 0 69
2964654 0 42
2966190 0 52
2967644 0 62
2969159 0 41
2970716 0 49
2972129 0 59
2973522 0 50
2974935 0 54
2976327 0 71
2977884 0 46
2979440 0 56
2980874 0 51
2982307 0 72
2983720 0 46
2985195 0 54
2986711 0 70
2988206 0 38
2989680 0 50
2991175 0 63
2992670 0 39
2994145 0 59
2995701 0 72
2997114 0 40
2998568 0 56
3000063 0 59
3001476 0 57
3003033 0 58
3004466 0 61
3005879 0 39
3007436 0 55
3008890 0 53
3010385 0 55
3011921 0 72
3013436 0 48
3014850 0 50
3016345 0 50
3017758 0 62
3019212 0 47
3020707 0 53
3022243 0 61
3023676 0 44
3025192 0 53
3026728 0 55
3028284 0 53
3029820 0 54
3031254 0 52
3032728 0 64
3034141 0 38
3035575 0 59
3037029 0 60
3038463 0 52
3039937 0 50
3041473 0 61
3042927 0 38
3044443 0 53
3045979 0 62
3047515 0 37
3049071 0 53
3050607 0 54
3052061 0 54
3053474 0 53
3055010 0 58
3070147 0 104
3071601 0 104
3073055 0 104
3074550 0 104
3075963 0 104
3077499 0 104
3079035 0 104
3080448 0 104
3081984 0 104
3083500 0 104
3084913 0 105
3086326 0 105
3087760 0 106
3089173 0 104
3090709 0 105
3092101 0 105
3093556 0 106
3095009 0 104
3096443 0 105
3097836 0 105
3099249 0 105
3100744 0 105
3102239 0 106
3103672 0 104
3105126 0 105
3106663 0 105
3108219 0 105
3109632 0 105
3111168 0 106
3112581 0 104
3114076 0 105
3115530 0 105
3116984 0 106
3118500 0 104
3120036 0 105
3121428 0 105
3122882 0 106
3124357 0 104
3125831 0 105
3127285 0 105
3128698 0 106
3130234 0 104
3131648 0 105
3133102 0 105
3134556 0 105
3136010 0 105
3137546 0 105
3139102 0 106
3140597 0 104
3142031 0 105
3143587 0 106
3145144 0 104
3146557 0 105
3148052 0 105
3149588 0 105
3151042 0 105
3152455 0 105
3154011 0 106
3155506 0 104
3156960 0 105
3158435 0 105
3159869 0 105
3161302 0 105
3162838 0 105
3164231 0 106
3165664 0 104
3167159 0 105
3168593 0 106
3170026 0 104
3171542 0 105
3173016 0 105
3174430 0 105
3175884 0 105
3177358 0 105
3178894 0 106
3180348 0 104
3181823 0 105
3183338 0 106
3184895 0 104
3186410 0 105
3187885 0 105
3189421 0 105
3190936 0 106
3192472 0 104
3193947 0 105
3195483 0 105
3196978 0 105
3198370 0 105
3199865 0 106
3201319 0 104
3202794 0 105
3204289 0 105
3205845 0 105
3207258 0 105
3208733 0 105
3210207 0 105
3211662 0 106
3213218 0 104
3214754 0 105
3216269 0 105
3217764 0 105
3219198 0 106
3220693 0 104
3222127 0 105
3223622 0 105
3225076 0 106
3226591 0 104
3227984 0 105
3229499 0 105
3230933 0 106
3232407 0 104
3233943 0 105
3235459 0 105
3236954 0 105
3238490 0 105
3240026 0 105
3241541 0 106
3243057 0 104
3244552 0 105
3246088 0 105
3247562 0 105
3248996 0 105
3250470 0 106
3251945 0 104
3253338 0 105
3254792 0 105
3256205 0 106
3257659 0 104
3259113 0 105
3260608 0 106
3262144 0 104
3263680 0 105
3265113 0 106
3266609 0 104
3268144 0 105
3269558 0 106
3271012 0 104
3272548 0 105
3274002 0 105
3275435 0 105
3276910 0 106
3278364 0 104
3279920 0 105
3281477 0 105
3282910 0 105
3284344 0 106
3285900 0 104
3287334 0 105
3288808 0 105
3290221 0 106
3291717 0 104
3293150 0 105
3294666 0 105
3296079 0 105
3297533 0 105
3299007 0 105
3300543 0 106
3301956 0 104
3303390 0 105
3304803 0 105
3306257 0 106
3307752 0 104
3309165 0 105
3310681 0 106
3312114 0 104
3313568 0 105
3315084 0 105
3316620 0 105
3318156 0 105
3319692 0 105
3321166 0 106
3322620 0 104
3324054 0 105
3325610 0 105
3327126 0 105
3328621 0 105
3330136 0 106
3331693 0 104
3333167 0 105
3334683 0 105
3336116 0 105
3337652 0 105
3339147 0 105
3340642 0 105
3342178 0 106
3343673 0 104
3345107 0 105
3346622 0 105
3348138 0 105
3349694 0 105
3351107 0 106
3352623 0 104
3354118 0 105
3355633 0 105
3357190 0 105
3358726 0 105
3360221 0 106
3361675 0 104
3363150 0 105
3364685 0 105
3366180 0 106
3367716 0 104
3369191 0 105
3370747 0 106
3372161 0 104
3373676 0 105
3375233 0 106
3376625 0 104
3378059 0 105
3379492 0 105
3381028 0 105
3382503 0 105
3383936 0 105
3385411 0 106
3386906 0 104
3388401 0 105
3389814 0 105
3391248 0 106
3392702 0 104
3394135 0 105
3395671 0 106
3397105 0 104
3398620 0 105
3400054 0 105
3401610 0 105
3403085 0 105
3404621 0 106
3406075 0 104
3407529 0 105
3408983 0 105
3410417 0 106
3411830 0 104
3413263 0 105
3414697 0 105
3416151 0 105
3417666 0 105
3419202 0 105
3420697 0 105
3422090 0 106
3423565 0 104
3425060 0 105
3426514 0 106
3428070 0 104
3429524 0 105
3431081 0 105
3432576 0 105
3434050 0 105
3435525 0 105
3437061 0 106
3438453 0 104
3439969 0 105
3441443 0 105
3442856 0 105
3444331 0 106
3445764 0 104
3447280 0 105
3448734 0 106
3450249 0 104
3451765 0 105
3453260 0 105
3454734 0 105
3456189 0 105
3457684 0 106
3459179 0 104
3460715 0 105
3462189 0 105
3463602 0 105
3464995 0 106
3466551 0 104
3467964 0 105
3469480 0 105
3470913 0 105
3472388 0 105
3473903 0 105
3475378 0 106
3476771 0 104
3478225 0 105
3479761 0 105
3481256 0 105
3482730 0 106
3484164 0 104
3485597 0 105
3487113 0 105
3488608 0 105
3490021 0 106
3491434 0 104
3492888 0 105
3494383 0 105
3495817 0 105
3497291 0 106
3498827 0 104
3500322 0 105
3501858 0 106
3503292 0 104
3504807 0 105
3506302 0 106
3507838 0 104
3509292 0 105
3510787 0 105
3512323 0 106
3513777 0 104
3515211 0 105
3516706 0 105
3518242 0 105
3519716 0 106
3521150 0 104
3522686 0 105
3524222 0 105
3525676 0 105
3527232 0 105
3528646 0 105
3530161 0 106
3531697 0 104
3533233 0 105
3534667 0 106
3536203 0 104
3537698 0 105
3539172 0 106
3540626 0 104
3542183 0 105
3543698 0 106
3545152 0 104
3546647 0 105
3548183 0 106
3549719 0 104
3551112 0 105
3552504 0 105
3553938 0 105
3555392 0 106
3556887 0 104
3558280 0 105
3559816 0 105
3561311 0 105
3562826 0 106
3564280 0 104
3565714 0 105
3567229 0 105
3568683 0 105
3570178 0 105
3571714 0 106
3573209 0 104
3574766 0 105
3576261 0 105
3577817 0 105
3579271 0 105
3580725 0 105
3582282 0 105
3583715 0 106
3585149 0 104
3586603 0 105
3588057 0 106
3589532 0 104
3590986 0 105
3592460 0 105
3594017 0 105
3595450 0 105
3596884 0 105
3598399 0 106
3599874 0 104
3601266 0 105
3602802 0 105
3604297 0 105
3605690 0 105
3607083 0 105
3608557 0 105
3610011 0 106
3611547 0 104
3612940 0 105
3614435 0 105
3615889 0 105
3617363 0 106
3618838 0 104
3620251 0 105
3621726 0 105
3623221 0 105
3624695 0 105
3626231 0 105
3627644 0 105
3629078 0 106
3630532 0 104
3631945 0 105
3633358 0 106
3634792 0 104
3636287 0 105
3637782 0 105
3639215 0 105
3640608 0 106
3642123 0 104
3643577 0 105
3644990 0 105
3646424 0 106
3647837 0 104
3649271 0 105
3650745 0 106
3652240 0 104
3653735 0 105
3655169 0 106
3656684 0 104
3658097 0 105
3659531 0 105
3661087 0 105
3662501 0 105
3663914 0 106
3665327 0 104
3666842 0 105
3668317 0 105
3669771 0 105
3671286 0 105
3672761 0 105
3674256 0 106
3675751 0 104
3677287 0 105
3678802 0 105
3680256 0 106
3681710 0 104
3683226 0 105
3684680 0 106
3686175 0 104
3687711 0 105
3689124 0 105
3690640 0 105
3692094 0 105
3693630 0 106
3695063 0 104
3696579 0 105
3698094 0 106
3699630 0 104
3701125 0 105
3702559 0 105
3704054 0 105
3705610 0 105
3707044 0 106
3708498 0 104
3709932 0 105
3711345 0 106
3712880 0 104
3714437 0 105
3715993 0 105
3717447 0 105
3718861 0 105
3720397 0 105
3721953 0 106
3723387 0 104
3724779 0 105
3726295 0 106
3727831 0 104
3729346 0 105
3730821 0 105
3732316 0 105
3733790 0 105
3735285 0 105
3736760 0 105
3738193 0 106
3739627 0 104
3741081 0 105
3742556 0 106
3744010 0 104
3745484 0 105
3746877 0 105
3748331 0 105
3749867 0 106
3751424 0 104
3752877 0 105
3754331 0 105
3755888 0 106
3757362 0 104
3758857 0 105
3760352 0 105
3761827 0 105
3763342 0 106
3764735 0 104
3766148 0 105
3767643 0 105
3769138 0 105
3770551 0 105
3771985 0 105
3773480 0 105
3774975 0 106
3776408 0 104
3777842 0 105
3779296 0 106
3780730 0 104
3782204 0 105
3783699 0 105
3785174 0 105
3786730 0 105
3788123 0 106
3789577 0 104
3791010 0 105
3792464 0 105
3793898 0 105
3795393 0 105
3796806 0 105
3798342 0 106
3799817 0 104
3801271 0 105
3802786 0 105
3804322 0 105
3805756 0 105
3807210 0 105
3808746 0 105
3810261 0 105
3811715 0 106
3813190 0 104
3814705 0 105
3816221 0 105
3817757 0 105
3819211 0 105
3820685 0 106
3822180 0 104
3823675 0 105
3825088 0 105
3826624 0 105
3828079 0 105
3829553 0 105
3831069 0 106
3832482 0 104
3833895 0 105
3835328 0 106
3836823 0 104
3838298 0 105
3839813 0 106
3841226 0 104
3842701 0 105
3844196 0 105
3845691 0 105
3847247 0 105
3848743 0 106
3850197 0 104
3851733 0 105
3853187 0 105
3854743 0 105
3856258 0 105
3857672 0 106
3859208 0 104
3860621 0 105
3862095 0 106
3863508 0 104
3864983 0 105
3866457 0 105
3867932 0 106
3869386 0 104
3870922 0 105
3872417 0 105
3873953 0 105
3875366 0 106
3876800 0 104
3878315 0 105
3879790 0 105
3881223 0 105
3882698 0 105
3884111 0 105
3885606 0 106
3887142 0 104
3888596 0 105
3890050 0 106
3891565 0 104
3893019 0 105
3894555 0 105
3896050 0 105
3897545 0 105
3898959 0 106
3900495 0 104
3901928 0 105
3903403 0 106
3904939 0 104
3906413 0 105
3907888 0 105
3909383 0 105
3910919 0 105
3912373 0 105
3913929 0 106
3915506 0 104
3916919 0 105
3918435 0 105
3919991 0 105
3921404 0 105
3922940 0 105
3924476 0 105
3925930 0 105
3927323 0 106
3928859 0 104
3930292 0 105
3931849 0 106
3933405 0 104
3934880 0 105
3936313 0 105
3937747 0 105
3939283 0 106
3940798 0 104
3942253 0 105
3943789 0 105
3945202 0 105
3946656 0 106
3948089 0 104
3949543 0 105
3951079 0 105
3952492 0 105
3954008 0 105
3955564 0 105
3956977 0 106
3958452 0 104
3960008 0 105
3961544 0 106
3962998 0 104
3964514 0 105
3965927 0 105
3967443 0 106
3968958 0 104
3970371 0 105
