54379 0 11
55935 0 8
57389 0 8
58946 0 9
60523 0 9
61997 0 5
63513 0 8
65008 0 4
66380 0 12
67895 0 7
69411 0 24
70906 0 14
72339 0 22
73834 0 30
75186 0 1
76742 0 22
78197 0 14
79671 0 35
81228 0 4
82743 0 13
84218 0 35
85754 0 9
87187 0 15
88662 0 21
90177 0 20
91754 0 29
93290 0 12
94703 0 22
96239 0 15
97775 0 21
99229 0 17
100683 0 23
102199 0 18
103755 0 30
105209 0 1
106745 0 24
108179 0 32
109592 0 10
111046 0 18
112582 0 14
114015 0 21
115551 0 34
117046 0 6
118521 0 15
119995 0 31
121490 0 7
123047 0 18
124603 0 13
126160 0 18
127737 0 23
129211 0 26
130727 0 11
132263 0 18
133737 0 22
135171 0 21
136748 0 31
138304 0 12
139758 0 16
141294 0 19
142830 0 14
144325 0 29
145718 0 3
147274 0 18
148708 0 19
150244 0 29
151739 0 7
153295 0 19
154729 0 21
156163 0 21
157596 0 14
159050 0 16
160586 0 31
162081 0 4
163617 0 15
165051 0 21
166566 0 19
168020 0 16
169413 0 20
170990 0 16
172382 0 32
173918 0 6
175413 0 16
176867 0 27
178321 0 4
179816 0 24
181312 0 21
182807 0 28
184220 0 7
185715 0 15
187128 0 33
188643 0 11
190077 0 20
191551 0 33
193108 0 2
194603 0 23
196036 0 31
197552 0 11
199026 0 18
200542 0 35
202057 0 1
203491 0 20
205027 0 36
206542 0 7
208017 0 21
209532 0 23
210987 0 17
212482 0 16
213956 0 18
215451 0 23
216967 0 32
218482 0 9
220018 0 15
221493 0 17
222885 0 31
224442 0 8
225937 0 18
227370 0 14
228742 0 29
230196 0 12
231630 0 23
233145 0 18
234681 0 36
236176 0 6
237671 0 17
239166 0 21
240621 0 24
242157 0 19
243611 0 26
245024 0 9
246478 0 18
248055 0 13
249529 0 16
250983 0 15
252458 0 13
253871 0 31
255407 0 4
256922 0 20
258417 0 19
259994 0 13
261428 0 17
262820 0 30
264172 0 12
265688 0 24
267101 0 24
268534 0 17
269947 0 16
271422 0 33
272876 0 2
274391 0 16
275764 0 29
277259 0 12
278774 0 19
280269 0 19
281846 0 24
283362 0 13
284816 0 32
286208 0 10
287662 0 24
289157 0 15
290652 0 13
292188 0 25
293683 0 6
295199 0 23
296653 0 20
298209 0 22
299725 0 14
301220 0 20
302674 0 21
304230 0 33
305746 0 8
307302 0 14
308695 0 24
310169 0 23
311685 0 15
313221 0 17
314695 0 23
316129 0 18
317685 0 33
319242 0 3
320778 0 18
322211 0 31
323747 0 1
325201 0 23
326696 0 26
328191 0 7
329727 0 15
331141 0 13
332533 0 14
334069 0 26
335564 0 12
337018 0 20
338595 0 32
340111 0 9
341585 0 23
343101 0 23
344616 0 15
346111 0 23
347565 0 16
348999 0 13
350535 0 25
351948 0 1
353484 0 14
354958 0 14
356453 0 23
357907 0 23
359382 0 24
360857 0 17
362392 0 28
363928 0 2
365403 0 21
366857 0 20
368373 0 13
369765 0 35
371240 0 10
372796 0 21
374353 0 23
375807 0 14
377343 0 14
378838 0 17
380251 0 16
381705 0 25
383179 0 5
384592 0 15
386006 0 17
387480 0 20
389016 0 16
390552 0 29
391965 0 12
393501 0 21
394955 0 20
396471 0 24
397925 0 36
399399 0 5
400956 0 23
402348 0 15
403884 0 15
405400 0 29
406915 0 6
408390 0 17
409844 0 23
411380 0 22
412895 0 19
414431 0 25
415967 0 3
417401 0 20
418875 0 17
420309 0 13
421702 0 14
423217 0 27
424712 0 4
426146 0 20
427723 0 15
429279 0 25
430733 0 11
432289 0 16
433682 0 23
435177 0 13
436631 0 23
438044 0 20
439498 0 33
441055 0 1
442591 0 23
444045 0 31
445601 0 3
447117 0 19
448694 0 18
450230 0 13
451704 0 17
453097 0 31
454633 0 11
456128 0 17
457520 0 19
459015 0 31
460449 0 11
461862 0 14
463378 0 16
464791 0 20
466347 0 13
467801 0 30
469153 0 5
470586 0 20
472040 0 24
473556 0 20
475112 0 16
476607 0 14
478000 0 13
479536 0 24
480949 0 30
482362 0 10
483878 0 15
485373 0 13
486827 0 24
488383 0 21
489899 0 14
491332 0 35
492868 0 11
494322 0 24
495756 0 24
497292 0 20
498766 0 35
500159 0 1
501674 0 15
503210 0 27
504767 0 6
506221 0 21
507634 0 24
509088 0 28
510522 0 10
512017 0 18
513553 0 14
515068 0 13
516461 0 24
517894 0 17
519328 0 13
520762 0 35
522216 0 6
523772 0 18
525288 0 16
526680 0 29
528175 0 11
529732 0 13
531206 0 29
532701 0 10
534237 0 23
535773 0 20
537207 0 20
538763 0 26
540258 0 2
541671 0 20
543228 0 33
544682 0 4
546095 0 24
547590 0 22
549105 0 22
550600 0 27
552034 0 11
553529 0 24
554963 0 32
556355 0 8
557912 0 16
559366 0 20
560799 0 18
562274 0 14
563728 0 32
565120 0 5
566636 0 23
568192 0 31
569708 0 3
571244 0 21
572739 0 34
574152 0 6
575667 0 15
577142 0 14
578596 0 24
580030 0 14
581422 0 26
582897 0 2
584412 0 21
585866 0 23
587341 0 16
588877 0 20
590392 0 14
591887 0 16
593280 0 25
594816 0 7
596372 0 20
597806 0 25
599321 0 9
600796 0 17
602189 0 17
603745 0 13
605158 0 24
606571 0 13
608005 0 18
609438 0 31
610933 0 4
612449 0 14
613923 0 23
615439 0 20
616913 0 30
618286 0 8
619801 0 23
621235 0 13
622750 0 19
624225 0 19
625740 0 36
627153 0 10
628730 0 20
630225 0 21
631761 0 35
633297 0 7
634731 0 22
636287 0 13
637782 0 17
639257 0 15
640649 0 32
642042 0 4
643496 0 24
644991 0 16
646384 0 28
647817 0 9
649251 0 13
650766 0 18
652282 0 15
653674 0 27
655210 0 2
656664 0 14
658037 0 19
659552 0 14
660965 0 19
662522 0 22
663955 0 22
665389 0 23
666802 0 30
668235 0 9
669669 0 13
671062 0 14
672536 0 24
674072 0 22
675629 0 14
677042 0 33
678516 0 3
679909 0 17
681322 0 22
682858 0 35
684291 0 2
685705 0 13
687097 0 29
688572 0 1
690087 0 14
691603 0 36
693098 0 9
694572 0 18
696088 0 36
697644 0 3
699119 0 22
700593 0 28
702068 0 5
703542 0 23
705017 0 22
706491 0 33
708007 0 6
709420 0 19
710976 0 13
712369 0 35
713803 0 10
715339 0 23
716834 0 16
718308 0 15
719803 0 17
721278 0 21
722773 0 25
724309 0 10
725824 0 19
727340 0 16
728753 0 21
730207 0 14
731661 0 20
733217 0 14
734733 0 34
736228 0 9
737661 0 23
739136 0 20
740672 0 13
742208 0 22
743641 0 21
745177 0 35
746672 0 1
748147 0 17
749581 0 21
751116 0 16
752591 0 26
754107 0 9
755581 0 23
756994 0 21
758428 0 33
759923 0 9
761438 0 14
762913 0 22
764469 0 13
765944 0 26
767418 0 1
768954 0 19
770449 0 30
771883 0 5
773296 0 18
774750 0 21
776245 0 18
777740 0 24
779215 0 31
780689 0 6
782184 0 17
783638 0 16
785031 0 23
786567 0 13
787980 0 17
789393 0 16
790806 0 27
792342 0 1
793837 0 22
795312 0 30
796725 0 8
798261 0 22
799776 0 36
801271 0 10
802705 0 23
804241 0 28
805695 0 12
807231 0 17
808664 0 34
810200 0 3
811695 0 15
813129 0 16
814603 0 30
816119 0 8
817552 0 18
818986 0 23
820461 0 19
821976 0 30
823389 0 4
824905 0 19
826420 0 26
827956 0 5
829492 0 14
831028 0 15
832462 0 15
833854 0 32
835288 0 9
836762 0 16
838237 0 18
839793 0 19
841206 0 14
842701 0 33
844237 0 7
845773 0 23
847207 0 14
848620 0 33
850136 0 3
851672 0 24
853146 0 22
854621 0 15
856034 0 15
857467 0 23
859003 0 31
860478 0 3
861932 0 19
863365 0 15
864881 0 23
866335 0 17
867769 0 15
869182 0 21
870615 0 34
872028 0 5
873482 0 20
874936 0 24
876329 0 23
877804 0 28
879258 0 2
880753 0 14
882145 0 19
883681 0 34
885074 0 4
886548 0 19
887982 0 23
889497 0 32
890890 0 6
892365 0 13
893860 0 28
895314 0 6
896829 0 13
898304 0 18
899860 0 16
901253 0 36
902789 0 5
904304 0 20
905799 0 17
907274 0 28
908728 0 9
910161 0 13
911656 0 35
913131 0 3
914605 0 21
916080 0 17
917493 0 20
919009 0 17
920442 0 32
921978 0 7
923535 0 22
924989 0 18
926484 0 18
927958 0 16
929433 0 26
930887 0 1
932320 0 19
933733 0 36
935290 0 8
936744 0 24
938157 0 22
939611 0 29
941004 0 7
942540 0 15
944055 0 33
945468 0 3
946984 0 17
948397 0 13
949810 0 15
951203 0 19
952677 0 23
954111 0 13
955544 0 15
1036620 0 101
1038176 0 101
1039712 0 101
1041166 0 101
1042661 0 101
1044136 0 101
1045529 0 101
1046921 0 101
1048457 0 101
1049932 0 101
1051365 0 102
1052860 0 102
1054294 0 103
1055768 0 101
1057222 0 102
1058717 0 102
1060212 0 102
1061728 0 102
1063223 0 102
1064738 0 103
1066152 0 101
1067667 0 102
1069101 0 102
1070596 0 102
1072050 0 102
1073545 0 102
1074937 0 103
1076473 0 101
1077886 0 102
1079340 0 103
1080856 0 101
1082392 0 102
1083866 0 103
1085280 0 101
1086734 0 102
1088188 0 102
1089724 0 102
1091260 0 103
1092775 0 101
1094229 0 102
1095765 0 102
1097178 0 102
1098632 0 102
1100148 0 102
1101622 0 102
1103117 0 102
1104551 0 103
1106066 0 101
1107479 0 102
1109015 0 102
1110531 0 102
1112046 0 102
1113460 0 102
1114996 0 102
1116470 0 103
1117945 0 101
1119460 0 102
1120996 0 102
1122471 0 102
1124007 0 102
1125461 0 103
1126915 0 101
1128430 0 102
1129864 0 102
1131297 0 102
1132813 0 102
1134287 0 103
1135782 0 101
1137318 0 102
1138772 0 102
1140185 0 103
1141619 0 101
1143032 0 102
1144589 0 102
1146145 0 102
1147599 0 102
1148992 0 102
1150466 0 103
1151920 0 101
1153415 0 102
1154849 0 103
1156303 0 101
1157736 0 102
1159211 0 103
1160665 0 101
1162160 0 102
1163655 0 102
1165150 0 102
1166666 0 102
1168222 0 103
1169799 0 101
1171294 0 102
1172687 0 103
1174243 0 101
1175759 0 102
1177192 0 103
1178708 0 101
1180100 0 102
1181513 0 102
1182967 0 102
1184462 0 102
1185957 0 103
1187391 0 101
1188825 0 102
1190299 0 103
1191856 0 101
1193248 0 102
1194784 0 103
1196320 0 101
1197733 0 102
1199167 0 102
1200600 0 103
1202054 0 101
1203570 0 102
1204983 0 103
1206519 0 101
1208014 0 102
1209489 0 103
1211025 0 101
1212458 0 102
1213994 0 103
1215428 0 101
1216923 0 102
1218356 0 102
1219790 0 102
1221223 0 102
1222759 0 103
1224213 0 101
1225667 0 102
1227122 0 103
1228678 0 101
1230214 0 102
1231607 0 103
1233163 0 101
1234617 0 102
1236112 0 102
1237546 0 102
1238959 0 102
1240433 0 102
1241969 0 102
1243362 0 103
1244775 0 101
1246209 0 102
1247704 0 103
1249199 0 101
1250653 0 102
1252127 0 102
1253581 0 102
1255056 0 102
1256551 0 102
1257943 0 102
1259500 0 103
1260995 0 101
1262469 0 102
1263882 0 102
1265357 0 102
1266791 0 102
1268245 0 103
1269658 0 101
1271091 0 102
1272566 0 102
1274102 0 102
1275556 0 103
1277030 0 101
1278444 0 102
1279898 0 102
1281434 0 102
1282949 0 102
1284444 0 102
1285919 0 103
1287393 0 101
1288827 0 102
1290363 0 102
1291755 0 102
1293312 0 102
1294745 0 102
1296179 0 102
1297572 0 103
1299066 0 101
1300521 0 102
1302057 0 102
1303552 0 103
1305047 0 101
1306542 0 102
1307934 0 103
1309388 0 101
1310904 0 102
1312358 0 102
1313832 0 102
1315368 0 103
1316781 0 101
1318297 0 102
1319751 0 103
1321287 0 101
1322823 0 102
1324215 0 102
1325608 0 102
1327021 0 102
1328516 0 102
1329991 0 102
1331465 0 102
1332960 0 103
1334414 0 101
1335848 0 102
1337282 0 103
1338838 0 101
1340353 0 102
1341787 0 103
1343241 0 101
1344634 0 102
1346047 0 102
1347460 0 103
1348934 0 101
1350409 0 102
1351863 0 102
1353399 0 103
1354812 0 101
1356307 0 102
1357823 0 103
1359359 0 101
1360751 0 102
1362164 0 103
1363700 0 101
1365236 0 102
1366690 0 102
1368185 0 102
1369639 0 102
1371134 0 102
1372670 0 103
1374104 0 101
1375640 0 102
1377155 0 103
1378589 0 101
1380063 0 102
1381518 0 102
1382931 0 102
1384426 0 102
1385880 0 102
1387375 0 102
1388890 0 103
1390344 0 101
1391839 0 102
1393375 0 102
1394768 0 102
1396181 0 102
1397717 0 103
1399171 0 101
1400707 0 102
1402222 0 102
1403738 0 102
1405274 0 103
1406707 0 101
1408162 0 102
1409554 0 102
1411008 0 102
1412442 0 103
1413937 0 101
1415473 0 102
1416968 0 102
1418442 0 102
1419978 0 102
1421371 0 102
1422907 0 103
1424320 0 101
1425713 0 102
1427249 0 102
1428723 0 102
1430157 0 102
1431590 0 103
1433106 0 101
1434621 0 102
1436096 0 103
1437550 0 101
1439065 0 102
1440581 0 102
1442035 0 102
1443489 0 102
1444922 0 103
1446499 0 101
1447994 0 102
1449510 0 102
1450923 0 102
1452316 0 102
1453831 0 102
1455285 0 102
1456760 0 103
1458173 0 101
1459709 0 102
1461245 0 103
1462781 0 101
1464194 0 102
1465648 0 102
1467041 0 102
1468556 0 102
1469969 0 102
1471403 0 102
1472939 0 103
1474393 0 101
1475908 0 102
1477321 0 103
1478878 0 101
1480393 0 102
1481847 0 102
1483281 0 103
1484776 0 101
1486291 0 102
1487848 0 102
1489363 0 103
1490879 0 101
1492333 0 102
1493889 0 102
1495384 0 102
1496859 0 102
1498333 0 103
1499849 0 101
1501241 0 102
1502634 0 102
1504150 0 102
1505624 0 102
1507058 0 103
1508512 0 101
1509966 0 102
1511502 0 102
1512915 0 102
1514471 0 103
1515966 0 101
1517523 0 102
1518956 0 102
1520349 0 102
1521824 0 102
1523319 0 102
1524773 0 103
1526309 0 101
1527845 0 102
1529258 0 102
1530773 0 103
1532268 0 101
1533722 0 102
1535197 0 102
1536692 0 103
1538125 0 101
1539661 0 102
1541136 0 102
1542549 0 102
1543942 0 103
1545416 0 101
1546870 0 102
1548386 0 102
1549819 0 102
1551232 0 103
1552686 0 101
1554161 0 102
1555636 0 102
1557130 0 102
1558564 0 103
1560121 0 101
1561636 0 102
1563151 0 102
1564565 0 102
1566101 0 102
1567575 0 102
1568988 0 103
1570565 0 101
1572040 0 102
1573576 0 102
1575009 0 102
1576545 0 102
1577938 0 103
1579433 0 101
1580928 0 102
1582443 0 102
1583836 0 102
1585249 0 103
1586764 0 101
1588300 0 102
1589754 0 102
1591209 0 102
1592704 0 102
1594240 0 102
1595694 0 103
1597189 0 101
1598643 0 102
1600097 0 102
1601612 0 102
1603005 0 102
1604520 0 102
1605913 0 103
1607347 0 101
1608821 0 102
1610255 0 102
1611668 0 103
1613224 0 101
1614740 0 102
1616194 0 103
1617668 0 101
1619061 0 102
1620597 0 102
1622092 0 102
1623546 0 102
1625000 0 102
1626454 0 102
1627970 0 103
1629506 0 101
1630980 0 102
1632536 0 102
1634072 0 102
1635608 0 102
1637144 0 103
1638639 0 101
1640073 0 102
1641568 0 103
1642981 0 101
1644517 0 102
1645910 0 103
1647446 0 101
1648900 0 102
1650456 0 103
1651992 0 101
1653528 0 102
1654962 0 102
1656395 0 103
1657952 0 101
1659467 0 102
1660983 0 102
1662416 0 102
1663932 0 103
1665488 0 101
1666963 0 102
1668458 0 102
1669891 0 102
1671427 0 102
1672922 0 103
1674356 0 101
1675810 0 102
1677284 0 103
1678841 0 101
1680295 0 102
1681729 0 103
1683183 0 101
1684637 0 102
1686111 0 102
1687606 0 102
1689101 0 102
1690576 0 102
1692071 0 102
1693463 0 103
1694938 0 101
1696392 0 102
1697907 0 102
1699300 0 103
1700816 0 101
1702352 0 102
1703785 0 102
1705239 0 102
1706714 0 103
1708270 0 101
1709745 0 102
1711158 0 102
1712653 0 102
1714189 0 102
1715581 0 102
1717117 0 102
1718633 0 103
1720128 0 101
1721664 0 102
1723118 0 103
1724674 0 101
1726087 0 102
1727521 0 102
1728955 0 103
1730511 0 101
1731986 0 102
1733501 0 102
1735058 0 102
1736512 0 103
1737986 0 101
1739543 0 102
1740976 0 103
1742451 0 101
1743843 0 102
1745297 0 102
1746751 0 102
1748226 0 103
1749782 0 101
1751236 0 102
1752691 0 103
1754165 0 101
1755660 0 102
1757196 0 102
1758650 0 103
1760207 0 101
1761722 0 102
1763115 0 102
1764630 0 102
1766187 0 102
1767702 0 102
1769177 0 102
1770610 0 103
1772064 0 101
1773498 0 102
1775034 0 103
1776529 0 101
1777942 0 102
1779478 0 103
1780912 0 101
1782304 0 102
1783820 0 103
1785376 0 101
1786789 0 102
1788284 0 103
1789697 0 101
1791233 0 102
1792749 0 102
1794305 0 102
1795780 0 102
1797234 0 102
1798790 0 102
1800306 0 103
1801821 0 101
1803214 0 102
1804709 0 103
1806265 0 101
1807719 0 102
1809235 0 102
1810771 0 103
1812348 0 101
1813822 0 102
1815276 0 102
1816689 0 102
1818205 0 102
1819659 0 103
1821093 0 101
1822485 0 102
1824001 0 102
1825516 0 102
1827073 0 102
1828506 0 103
1830022 0 101
1831517 0 102
1833053 0 102
1834507 0 102
1835920 0 102
1837353 0 102
1838787 0 102
1840302 0 103
1841859 0 101
1843374 0 102
1844849 0 102
1846385 0 102
1847859 0 103
1849293 0 101
1850747 0 102
1852201 0 103
1853696 0 101
1855232 0 102
1856625 0 102
1858058 0 102
1859594 0 102
1861089 0 103
1862502 0 101
1863936 0 102
1865390 0 102
1866926 0 102
1868360 0 102
1869773 0 103
1871288 0 101
1872701 0 102
1874114 0 102
1875507 0 102
1876961 0 102
1878497 0 103
1880033 0 101
1881548 0 102
1883064 0 103
1884579 0 101
1885972 0 102
1887447 0 102
1888839 0 102
1890273 0 102
1891665 0 102
1893119 0 103
1894553 0 101
1896048 0 102
1897461 0 102
1898895 0 102
1900369 0 102
1901905 0 103
1903400 0 101
1904793 0 102
1906226 0 102
1907619 0 103
1909032 0 101
1910548 0 102
1911961 0 102
1913374 0 102
1914828 0 102
1916241 0 102
1917797 0 103
1919313 0 101
1920849 0 102
1922323 0 102
1923798 0 102
1925231 0 102
1926706 0 102
1928140 0 102
1929553 0 102
1931048 0 103
1932543 0 101
1934038 0 102
1935492 0 102
1956735 0 39
1958169 0 42
1959705 0 47
1961261 0 47
1962818 0 44
1964354 0 47
1965787 0 47
1967323 0 48
1968757 0 41
1970272 0 44
1971829 0 56
1973242 0 60
1974798 0 72
1976273 0 48
1977727 0 56
1979263 0 66
1980799 0 48
1982212 0 58
1983768 0 58
1985243 0 56
1986779 0 50
1988294 0 62
1989748 0 43
1991305 0 54
1992861 0 64
1994397 0 40
1995872 0 50
1997367 0 53
1998800 0 69
2000213 0 38
2001688 0 55
2003224 0 51
2004760 0 53
2006296 0 60
2007791 0 65
2009347 0 44
2010904 0 56
2012460 0 55
2013976 0 49
2015389 0 60
2016822 0 51
2018338 0 70
2019731 0 43
2021267 0 60
2022741 0 58
2024318 0 64
2025833 0 39
2027369 0 54
2028885 0 55
2030441 0 59
2031895 0 63
2033390 0 48
2034844 0 53
2036319 0 56
2037753 0 55
2039289 0 56
2040743 0 66
2042217 0 41
2043651 0 60
2045105 0 53
2046641 0 54
2048197 0 51
2049733 0 71
2051269 0 43
2052703 0 52
2054177 0 52
2055672 0 49
2057085 0 57
2058539 0 53
2059973 0 68
2061509 0 41
2063004 0 53
2064417 0 71
2065830 0 39
2067346 0 53
2068841 0 49
2070356 0 59
2071790 0 62
2073305 0 38
2074841 0 56
2076275 0 61
2077811 0 40
2079306 0 50
2080821 0 67
2082296 0 44
2083791 0 49
2085306 0 69
2086822 0 40
2088255 0 60
2089709 0 58
2091225 0 54
2092740 0 54
2094235 0 54
2095628 0 50
2097144 0 71
2098639 0 44
2100052 0 56
2101485 0 70
2102878 0 38
2104291 0 49
2105847 0 51
2107342 0 55
2108796 0 52
2110230 0 50
2111684 0 61
2113179 0 42
2114715 0 51
2116231 0 55
2117705 0 55
2119118 0 52
2120634 0 54
2122190 0 67
2123624 0 41
2125016 0 59
2126491 0 72
2127945 0 45
2129399 0 50
2130833 0 66
2132348 0 39
2133761 0 52
2135174 0 55
2136628 0 70
2138123 0 47
2139577 0 50
2141134 0 50
2142588 0 60
2144103 0 68
2145639 0 41
2147073 0 60
2148588 0 49
2150001 0 58
2151578 0 70
2153012 0 39
2154568 0 51
2155982 0 49
2157436 0 58
2158951 0 67
2160467 0 43
2161921 0 59
2163375 0 55
2164890 0 60
2166344 0 50
2167839 0 49
2169252 0 52
2170747 0 67
2172181 0 42
2173676 0 59
2175089 0 58
2176666 0 60
2178141 0 49
2179533 0 61
2181090 0 39
2182605 0 57
2184182 0 53
2185698 0 51
2187213 0 59
2188667 0 66
2190060 0 48
2191616 0 58
2193173 0 49
2194709 0 55
2196285 0 53
2197719 0 56
2199194 0 55
2200607 0 69
2202163 0 43
2203679 0 58
2205256 0 54
2206751 0 51
2208225 0 64
2209700 0 40
2211195 0 52
2212690 0 52
2214123 0 56
2215680 0 70
2217175 0 41
2218670 0 57
2220144 0 58
2221721 0 52
2223257 0 60
2224814 0 49
2226247 0 52
2227701 0 64
2229217 0 39
2230630 0 50
2232084 0 52
2233558 0 59
2235053 0 50
2236548 0 66
2238043 0 39
2239538 0 51
2240952 0 49
2242426 0 68
2243860 0 48
2245314 0 56
2246727 0 62
2248263 0 47
2249717 0 57
2251253 0 68
2252768 0 39
2254202 0 56
2255635 0 58
2257192 0 54
2258605 0 62
2260141 0 48
2261677 0 60
2263111 0 60
2264524 0 52
2266060 0 57
2267616 0 66
2269029 0 44
2270483 0 58
2272019 0 63
2273432 0 46
2274886 0 54
2276402 0 66
2277876 0 38
2279433 0 60
2280969 0 67
2282361 0 41
2283918 0 54
2285331 0 56
2286765 0 54
2288219 0 56
2289652 0 69
2291147 0 41
2292560 0 53
2293973 0 50
2295509 0 54
2297045 0 60
2298458 0 66
2299933 0 40
2301448 0 55
2303005 0 60
2304541 0 65
2305995 0 45
2307490 0 57
2308944 0 59
2310500 0 49
2311934 0 53
2313470 0 66
2314924 0 38
2316399 0 57
2317853 0 55
2319286 0 60
2320802 0 71
2322317 0 39
2323730 0 49
2325143 0 51
2326638 0 59
2328051 0 53
2329506 0 53
2331062 0 72
2332537 0 38
2334011 0 49
2335465 0 61
2336899 0 40
2338394 0 51
2339868 0 66
2341384 0 47
2342797 0 60
2344189 0 60
2345725 0 52
2347261 0 50
2348777 0 66
2350313 0 43
2351808 0 60
2353344 0 50
2354798 0 60
2356191 0 49
2357726 0 50
2359201 0 62
2360737 0 43
2362191 0 53
2363727 0 58
2365283 0 58
2366799 0 53
2368233 0 49
2369666 0 51
2371100 0 61
2372656 0 37
2374172 0 59
2375687 0 54
2377141 0 50
2378636 0 57
2380090 0 50
2381647 0 51
2383101 0 70
2384493 0 48
2386029 0 59
2387545 0 51
2388937 0 56
2390432 0 55
2391907 0 61
2393341 0 46
2394836 0 57
2396372 0 54
2397928 0 55
2399382 0 52
2400816 0 64
2402229 0 48
2403765 0 51
2405260 0 62
2406714 0 41
2408127 0 59
2409622 0 50
2411137 0 53
2412673 0 56
2414209 0 62
2415745 0 45
2417302 0 53
2418838 0 63
2420292 0 42
2421725 0 59
2423200 0 52
2424736 0 60
2426190 0 71
2427624 0 46
2429057 0 52
2430511 0 55
2431924 0 72
2433399 0 43
2434955 0 60
2436389 0 62
2437802 0 38
2439338 0 52
2440751 0 51
2442164 0 67
2443659 0 46
2445154 0 51
2446608 0 53
2448144 0 59
2449619 0 53
2451175 0 53
2452691 0 68
2454104 0 42
2455517 0 52
2456930 0 50
2458425 0 52
2459981 0 66
2461435 0 37
2462848 0 55
2464405 0 49
2465818 0 57
2467333 0 54
2468747 0 60
2470303 0 63
2471798 0 44
2473355 0 58
2474829 0 57
2476324 0 59
2477819 0 51
2479335 0 57
2480768 0 57
2482345 0 52
2483922 0 71
2485438 0 38
2486871 0 60
2488387 0 69
2489923 0 38
2491377 0 56
2492933 0 50
2494346 0 49
2495841 0 50
2497357 0 52
2498893 0 64
2500388 0 42
2501821 0 56
2503357 0 57
2504852 0 52
2506306 0 60
2507740 0 54
2509214 0 61
2510648 0 44
2512102 0 59
2513618 0 64
2515051 0 46
2516608 0 57
2518041 0 70
2519434 0 43
2520970 0 55
2522506 0 54
2523939 0 52
2525496 0 52
2526929 0 65
2528404 0 43
2529899 0 55
2531312 0 66
2532868 0 46
2534445 0 52
2535961 0 59
2537353 0 61
2538848 0 47
2540323 0 53
2541879 0 53
2543436 0 68
2544972 0 43
2546385 0 60
2547860 0 59
2549273 0 57
2550768 0 71
2552263 0 37
2553758 0 53
2555273 0 49
2556748 0 53
2558222 0 52
2559717 0 72
2561192 0 48
2562748 0 52
2564223 0 57
2565677 0 58
2567151 0 60
2568667 0 60
2570121 0 59
2571595 0 68
2573008 0 37
2574422 0 50
2575835 0 52
2577248 0 50
2578661 0 70
2580094 0 46
2581589 0 56
2583084 0 60
2584641 0 54
2586074 0 49
2587488 0 62
2588942 0 45
2590519 0 59
2592034 0 50
2593468 0 57
2595004 0 50
2596478 0 69
2597973 0 38
2599386 0 60
2600861 0 67
2602376 0 46
2603912 0 58
2605489 0 50
2606923 0 70
2608295 0 43
2609851 0 51
2611305 0 59
2612800 0 54
2614234 0 49
2615688 0 59
2617122 0 66
2618535 0 39
2620030 0 57
2621525 0 69
2622999 0 44
2624515 0 60
2626010 0 54
2627525 0 51
2629020 0 59
2630515 0 64
2632051 0 40
2633526 0 50
2635021 0 57
2636454 0 72
2637990 0 47
2639465 0 49
2641001 0 49
2642475 0 55
2643950 0 65
2645404 0 41
2646899 0 49
2648353 0 60
2649766 0 53
2651241 0 53
2652756 0 64
2654251 0 48
2655664 0 55
2657098 0 66
2658593 0 40
2660149 0 55
2661665 0 67
2663098 0 45
2664573 0 60
2666129 0 55
2667645 0 55
2669160 0 51
2670635 0 58
2672109 0 49
2673584 0 66
2675038 0 45
2676492 0 60
2678049 0 60
2679605 0 58
2681059 0 59
2682534 0 68
2684090 0 42
2685483 0 53
2686937 0 61
2688370 0 48
2689783 0 51
2691196 0 57
2692630 0 57
2694186 0 52
2695722 0 54
2697238 0 58
2698794 0 68
2700228 0 37
2701662 0 55
2703177 0 70
2704611 0 42
2706126 0 59
2707580 0 55
2709137 0 49
2710611 0 69
2712024 0 41
2713540 0 56
2715035 0 50
2716468 0 54
2717861 0 70
2719274 0 37
2720810 0 50
2722264 0 57
2723677 0 62
2725213 0 42
2726749 0 56
2728162 0 69
2729616 0 40
2731111 0 51
2732627 0 50
2734163 0 56
2735596 0 49
2737112 0 63
2738607 0 48
2740061 0 49
2741474 0 60
2742908 0 52
2744341 0 67
2745877 0 42
2747372 0 50
2748847 0 69
2750362 0 46
2751796 0 49
2753250 0 65
2754683 0 43
2756199 0 52
2757632 0 67
2759045 0 37
2760459 0 55
2761913 0 59
2763326 0 52
2764800 0 50
2766316 0 63
2767811 0 39
2769244 0 51
2770780 0 68
2772234 0 44
2773668 0 53
2775224 0 52
2776658 0 53
2778214 0 55
2779750 0 59
2781143 0 64
2782699 0 47
2784235 0 49
2785730 0 50
2787144 0 64
2788536 0 37
2790093 0 54
2791506 0 55
2792939 0 70
2794311 0 43
2795827 0 56
2797260 0 70
2798694 0 44
2800210 0 60
2801725 0 50
2803220 0 54
2804695 0 53
2806128 0 52
2807644 0 61
2809118 0 46
2810613 0 51
2812108 0 50
2813562 0 65
2815037 0 39
2816491 0 51
2817904 0 57
2819358 0 67
2820853 0 40
2822389 0 51
2823864 0 55
2825359 0 59
2826874 0 60
2828308 0 52
2829762 0 50
2831277 0 69
2832793 0 40
2834349 0 57
2835926 0 69
2837339 0 44
2838834 0 49
2840288 0 54
2841722 0 52
2843237 0 60
2844650 0 59
2846186 0 65
2847722 0 47
2849279 0 58
2850815 0 50
2852351 0 51
2853846 0 56
2855361 0 53
2856856 0 71
2858331 0 44
2859867 0 59
2870216 0 104
2871629 0 104
2873124 0 104
2874558 0 104
2876032 0 104
2877527 0 104
2879063 0 104
2880476 0 104
2881910 0 104
2883466 0 104
2884961 0 105
2886436 0 105
2887911 0 105
2889344 0 105
2890860 0 105
2892416 0 105
2893809 0 105
2895263 0 106
2896737 0 104
2898150 0 105
2899686 0 105
2901099 0 106
2902635 0 104
2904048 0 105
2905523 0 105
2907038 0 105
2908472 0 105
2909947 0 105
2911442 0 105
2912896 0 106
2914391 0 104
2915804 0 105
2917217 0 105
2918691 0 106
2920166 0 104
2921681 0 105
2923135 0 105
2924590 0 105
2926023 0 106
2927498 0 104
2928931 0 105
2930447 0 106
2931962 0 104
2933498 0 105
2934952 0 105
2936427 0 105
2937963 0 105
2939437 0 106
2940953 0 104
2942427 0 105
2943902 0 105
2945458 0 105
2946871 0 105
2948366 0 106
2949820 0 104
2951377 0 105
2952831 0 106
2954387 0 104
2955903 0 105
2957459 0 106
2958995 0 104
2960470 0 105
2961903 0 105
2963337 0 106
2964893 0 104
2966368 0 105
2967843 0 105
2969399 0 105
2970935 0 106
2972491 0 104
2973945 0 105
2975461 0 106
2976976 0 104
2978471 0 105
2979987 0 105
2981502 0 105
2982957 0 106
2984472 0 104
2985926 0 105
2987401 0 105
2988896 0 105
2990329 0 105
2991845 0 106
2993319 0 104
2994835 0 105
2996289 0 106
2997743 0 104
2999156 0 105
3000569 0 106
3002044 0 104
3003600 0 105
3005156 0 105
3006692 0 105
3008167 0 105
3009703 0 105
3011239 0 106
3012775 0 104
3014290 0 105
3015785 0 105
3017239 0 105
3018734 0 105
3020188 0 106
3021704 0 104
3023158 0 105
3024612 0 105
3026046 0 105
3027602 0 106
3029118 0 104
3030592 0 105
3032108 0 105
3033582 0 105
3034995 0 105
3036429 0 106
3037985 0 104
3039501 0 105
3040975 0 105
3042491 0 105
3043924 0 105
3045460 0 106
3047017 0 104
3048573 0 105
3050027 0 105
3051522 0 106
3053017 0 104
3054451 0 105
3055946 0 106
3057380 0 104
3058813 0 105
3060329 0 105
3061885 0 106
3063380 0 104
3064916 0 105
3066309 0 106
3067742 0 104
3069237 0 105
3070650 0 105
3072166 0 105
3073579 0 105
3074992 0 105
3076467 0 106
3077941 0 104
3079395 0 105
3080931 0 106
3082344 0 104
3083778 0 105
3085252 0 105
3086727 0 105
3088263 0 105
3089778 0 106
3091335 0 104
3092727 0 105
3094263 0 106
3095820 0 104
3097315 0 105
3098769 0 105
3100325 0 105
3101882 0 105
3103336 0 105
3104831 0 106
3106305 0 104
3107718 0 105
3109132 0 106
3110688 0 104
3112122 0 105
3113658 0 105
3115214 0 105
3116730 0 106
3118204 0 104
3119720 0 105
3121235 0 105
3122628 0 105
3124082 0 106
3125618 0 104
3127154 0 105
3128587 0 105
3130103 0 105
3131536 0 105
3132929 0 106
3134383 0 104
3135878 0 105
3137291 0 105
3138766 0 105
3140220 0 106
3141735 0 104
3143271 0 105
3144766 0 105
3146220 0 105
3147715 0 105
3149169 0 105
3150623 0 106
3152057 0 104
3153552 0 105
3155108 0 106
3156603 0 104
3158016 0 105
3159532 0 106
3160945 0 104
3162461 0 105
3163935 0 105
3165430 0 105
3166925 0 106
3168338 0 104
3169751 0 105
3171164 0 106
3172639 0 104
3174052 0 105
3175568 0 106
3177083 0 104
3178639 0 105
3180175 0 106
3181711 0 104
3183268 0 105
3184722 0 106
3186135 0 104
3187548 0 105
3189023 0 106
3190456 0 104
3191931 0 105
3193385 0 105
3194798 0 105
3196252 0 105
3197808 0 105
3199283 0 106
3200819 0 104
3202273 0 105
3203829 0 105
3205304 0 105
3206840 0 105
3208376 0 106
3209912 0 104
3211345 0 105
3212820 0 105
3214315 0 105
3215810 0 105
3217244 0 105
3218677 0 106
3220131 0 104
3221585 0 105
3223121 0 105
3224555 0 105
3226050 0 105
3227565 0 106
3228978 0 104
3230391 0 105
3231784 0 105
3233279 0 105
3234795 0 105
3236310 0 105
3237723 0 105
3239177 0 106
3240734 0 104
3242126 0 105
3243580 0 105
3245116 0 105
3246550 0 105
3248045 0 105
3249458 0 105
3250851 0 106
3252264 0 104
3253656 0 105
3255090 0 105
3256503 0 105
3257896 0 106
3259452 0 104
3260947 0 105
3262381 0 105
3263896 0 105
3265350 0 106
3266763 0 104
3268238 0 105
3269753 0 106
3271310 0 104
3272825 0 105
3274279 0 105
3275713 0 105
3277228 0 106
3278621 0 104
3280137 0 105
3281529 0 105
3282942 0 105
3284355 0 105
3285768 0 105
3287243 0 106
3288677 0 104
3290172 0 105
3291728 0 106
3293141 0 104
3294677 0 105
3296152 0 105
3297688 0 105
3299121 0 105
3300575 0 105
3302070 0 105
3303606 0 106
3305101 0 104
3306576 0 105
3308071 0 105
3309504 0 106
3310999 0 104
3312453 0 105
3314010 0 105
3315484 0 105
3316959 0 105
3318352 0 105
3319765 0 105
3321280 0 105
3322673 0 106
3324168 0 104
3325683 0 105
3327219 0 106
3328673 0 104
3330107 0 105
3331643 0 105
3333097 0 105
3334571 0 105
3336066 0 105
3337520 0 105
3338995 0 105
3340510 0 106
3342026 0 104
3343460 0 105
3344873 0 106
3346409 0 104
3347883 0 105
3349296 0 106
3350750 0 104
3352286 0 105
3353822 0 105
3355358 0 106
3356853 0 104
3358266 0 105
3359659 0 105
3361052 0 105
3362526 0 106
3363960 0 104
3365352 0 105
3366745 0 105
3368179 0 105
3369714 0 106
3371128 0 104
3372643 0 105
3374118 0 105
3375551 0 105
3377005 0 105
3378480 0 106
3379975 0 104
3381388 0 105
3382801 0 105
3384316 0 105
3385811 0 105
3387306 0 105
3388842 0 105
3390296 0 106
3391751 0 104
3393184 0 105
3394720 0 105
3396215 0 105
3397731 0 105
3399246 0 105
3400659 0 105
3402175 0 106
3403690 0 104
3405206 0 105
3406742 0 105
3408237 0 105
3409691 0 106
3411104 0 104
3412558 0 105
3413971 0 105
3415364 0 105
3416777 0 105
3418272 0 105
3419808 0 106
3421303 0 104
3422839 0 105
3424293 0 105
3425685 0 105
3427099 0 106
3428655 0 104
3430068 0 105
3431481 0 105
3432976 0 105
3434533 0 105
3436007 0 106
3437564 0 104
3439059 0 105
3440533 0 106
3442008 0 104
3443544 0 105
3445059 0 105
3446595 0 105
3448029 0 105
3449544 0 105
3451039 0 105
3452575 0 106
3454050 0 104
3455524 0 105
3456937 0 105
3458391 0 105
3459845 0 105
3461299 0 105
3462794 0 106
3464269 0 104
3465764 0 105
3467218 0 106
3468734 0 104
3470269 0 105
3471826 0 105
3473260 0 105
3474795 0 105
3476331 0 106
3477765 0 104
3479260 0 105
3480653 0 106
3482066 0 104
3483458 0 105
3484933 0 105
3486367 0 105
3487861 0 105
3489357 0 105
3490872 0 105
3492306 0 106
3493862 0 104
3495316 0 105
3496873 0 105
3498429 0 105
3499944 0 106
3501460 0 104
3502873 0 105
3504286 0 106
3505740 0 104
3507235 0 105
3508730 0 106
3510266 0 104
3511720 0 105
3513236 0 106
3514731 0 104
3516185 0 105
3517639 0 106
3519052 0 104
3520445 0 105
3522001 0 105
3523496 0 105
3524909 0 106
3526343 0 104
3527879 0 105
3529353 0 105
3530766 0 105
3532323 0 106
3533818 0 104
3535333 0 105
3536828 0 105
3538221 0 105
3539695 0 105
3541211 0 105
3542686 0 105
3544181 0 106
3545635 0 104
3547068 0 105
3548584 0 105
3550038 0 105
3551451 0 105
3553007 0 106
3554441 0 104
3555874 0 105
3557369 0 106
3558905 0 104
3560441 0 105
3561854 0 105
3563390 0 105
3564804 0 105
3566299 0 105
3567732 0 106
3569207 0 104
3570681 0 105
3572115 0 105
3573507 0 105
3574961 0 105
3576395 0 106
3577808 0 104
3579283 0 105
3580696 0 106
3582170 0 104
3583686 0 105
3585222 0 105
3586676 0 105
3588212 0 105
3589707 0 105
3591181 0 105
3592594 0 106
3594069 0 104
3595584 0 105
3597038 0 105
3598513 0 105
3599988 0 105
3601483 0 106
3602957 0 104
3604370 0 105
3605845 0 106
3607360 0 104
3608855 0 105
3610248 0 105
3611804 0 105
3613340 0 105
3614856 0 106
3616412 0 104
3617846 0 105
3619320 0 105
3620713 0 105
3622146 0 105
3623642 0 105
3625096 0 106
3626570 0 104
3628106 0 105
3629560 0 106
3630953 0 104
3632407 0 105
3633861 0 106
3635315 0 104
3636789 0 105
3638284 0 105
3639759 0 105
3641152 0 105
3642565 0 106
3644060 0 104
3645534 0 105
3646947 0 105
3648504 0 105
3650040 0 105
3651432 0 106
3652907 0 104
3654422 0 105
3655958 0 105
3657453 0 105
3658948 0 105
3660423 0 105
3661959 0 105
3663433 0 105
3664867 0 106
3666423 0 104
3667959 0 105
3669393 0 105
3670888 0 106
3672383 0 104
3673796 0 105
3675271 0 105
3676786 0 106
3678179 0 104
3679653 0 105
3681169 0 106
3682643 0 104
3684077 0 105
3685551 0 105
3687108 0 105
3688623 0 106
3690180 0 104
3691695 0 105
3693190 0 105
3694726 0 105
3696160 0 106
3697675 0 104
3699068 0 105
3700583 0 106
3702058 0 104
3703492 0 105
3704925 0 105
3706400 0 106
3707854 0 104
3709410 0 105
3710926 0 106
3712462 0 104
3713916 0 105
3715370 0 105
3716803 0 106
3718360 0 104
3719896 0 105
3721329 0 105
3722742 0 106
3724217 0 104
3725671 0 105
3727084 0 105
3728477 0 105
3729869 0 106
3731323 0 104
3732737 0 105
3734150 0 105
3735624 0 105
3737119 0 105
3738594 0 106
3740109 0 104
3741563 0 105
3742956 0 106
3744410 0 104
3745823 0 105
3747379 0 105
3748915 0 105
3750431 0 106
3751926 0 104
3753421 0 105
3754957 0 105
3756411 0 105
3757804 0 105
3759340 0 106
3760773 0 104
3762330 0 105
3763804 0 105
3765238 0 106
3766774 0 104
3768228 0 105
3769661 0 105
