81172 0 4
82564 0 9
84039 0 5
85554 0 4
86947 0 4
88340 0 11
89753 0 4
91186 0 7
92599 0 2
94115 0 7
95651 0 14
97125 0 18
98579 0 15
99972 0 20
101549 0 23
102962 0 19
104437 0 14
105911 0 29
107365 0 3
108901 0 16
110294 0 24
111727 0 19
113243 0 31
114758 0 7
116335 0 20
117789 0 36
119305 0 4
120800 0 15
122295 0 30
123728 0 4
125100 0 15
126636 0 30
128070 0 6
129483 0 21
130937 0 30
132289 0 3
133702 0 24
135136 0 28
136631 0 6
138167 0 15
139600 0 31
141013 0 11
142426 0 14
143880 0 33
145334 0 6
146891 0 16
148406 0 30
149799 0 1
151233 0 15
152646 0 17
154038 0 18
155492 0 24
156905 0 15
158400 0 29
159813 0 6
161268 0 14
162660 0 28
164114 0 11
165630 0 16
167145 0 13
168681 0 32
170217 0 2
171733 0 18
173289 0 21
174866 0 22
176341 0 24
177815 0 23
179351 0 17
180887 0 31
182341 0 7
183877 0 23
185393 0 16
186785 0 21
188219 0 20
189693 0 27
191188 0 12
192683 0 13
194076 0 14
195469 0 18
196902 0 19
198336 0 17
199790 0 29
201182 0 1
202575 0 22
204152 0 34
205565 0 4
207060 0 13
208596 0 23
210050 0 19
211545 0 18
213081 0 30
214535 0 11
215989 0 16
217484 0 15
218918 0 20
220392 0 19
221846 0 22
223280 0 20
224795 0 30
226168 0 11
227601 0 21
229076 0 16
230591 0 19
232107 0 18
233663 0 30
235097 0 11
236633 0 19
238148 0 36
239643 0 6
241097 0 22
242592 0 14
244108 0 13
245521 0 17
246975 0 33
248490 0 7
250026 0 21
251460 0 30
252914 0 2
254307 0 13
255720 0 20
257297 0 30
258751 0 8
260266 0 22
261720 0 23
263174 0 17
264567 0 15
265959 0 29
267352 0 10
268806 0 13
270322 0 17
271817 0 20
273312 0 15
274827 0 16
276199 0 13
277612 0 36
279148 0 4
280561 0 15
281954 0 33
283367 0 1
284924 0 19
286357 0 33
287791 0 4
289286 0 19
290781 0 23
292214 0 21
293689 0 35
295143 0 3
296618 0 15
298153 0 19
299648 0 25
301082 0 5
302598 0 19
304031 0 18
305506 0 31
307021 0 5
308496 0 16
309950 0 23
311445 0 14
312837 0 21
314291 0 13
315745 0 32
317240 0 3
318654 0 20
320210 0 23
321685 0 22
323200 0 24
324613 0 33
326129 0 2
327624 0 21
329160 0 20
330737 0 14
332170 0 27
333706 0 4
335222 0 20
336758 0 14
338232 0 13
339727 0 33
341243 0 1
342676 0 17
344212 0 14
345605 0 13
347100 0 25
348513 0 4
349967 0 17
351441 0 18
352875 0 13
354391 0 21
355927 0 13
357462 0 21
358978 0 33
360412 0 9
361825 0 19
363361 0 33
364774 0 6
366310 0 20
367743 0 17
369218 0 20
370754 0 17
372208 0 17
373641 0 29
375014 0 10
376590 0 20
378167 0 35
379621 0 6
381055 0 16
382571 0 32
384004 0 8
385561 0 22
387015 0 36
388489 0 9
390066 0 24
391479 0 15
392892 0 23
394449 0 17
395903 0 13
397295 0 30
398729 0 6
400142 0 13
401596 0 24
403112 0 22
404545 0 13
405999 0 23
407412 0 30
408784 0 12
410259 0 22
411774 0 13
413270 0 13
414744 0 22
416178 0 24
417693 0 28
419250 0 5
420724 0 23
422137 0 21
423550 0 31
425086 0 9
426561 0 16
427953 0 21
429407 0 22
430984 0 22
432561 0 20
434036 0 28
435428 0 8
436944 0 18
438439 0 21
439893 0 19
441368 0 25
442924 0 3
444419 0 23
445853 0 21
447430 0 15
448925 0 26
450358 0 12
451874 0 13
453287 0 35
454782 0 12
456297 0 23
457813 0 24
459328 0 20
460762 0 23
462236 0 15
463772 0 25
465329 0 5
466803 0 19
468319 0 17
469834 0 22
471268 0 24
472722 0 20
474176 0 25
475589 0 1
477105 0 21
478600 0 22
480013 0 33
481569 0 8
483044 0 19
484457 0 16
485972 0 17
487426 0 27
488819 0 8
490375 0 23
491829 0 24
493263 0 18
494758 0 31
496335 0 12
497727 0 20
499182 0 22
500738 0 19
502254 0 23
503789 0 20
505223 0 18
506677 0 30
508131 0 8
509688 0 19
511142 0 16
512534 0 24
513927 0 36
515422 0 12
516835 0 22
518412 0 20
519927 0 14
521463 0 36
522999 0 9
524453 0 24
525948 0 19
527423 0 22
528857 0 28
530270 0 8
531806 0 19
533321 0 15
534755 0 32
536168 0 9
537704 0 14
539240 0 29
540653 0 5
542168 0 23
543622 0 36
545138 0 3
546633 0 24
548087 0 14
549500 0 14
550975 0 13
552367 0 35
553801 0 5
555316 0 21
556852 0 34
558306 0 9
559740 0 22
561276 0 24
562791 0 18
564266 0 24
565740 0 26
567113 0 10
568669 0 15
570205 0 25
571741 0 5
573256 0 22
574731 0 16
576124 0 18
577660 0 14
579093 0 18
580527 0 32
581919 0 1
583455 0 17
584909 0 14
586445 0 19
587899 0 19
589415 0 13
590807 0 27
592262 0 3
593695 0 18
595252 0 22
596767 0 22
598201 0 19
599778 0 17
601273 0 36
602788 0 7
604222 0 16
605594 0 14
607027 0 18
608502 0 30
609956 0 1
611369 0 24
612844 0 13
614236 0 22
615793 0 22
617267 0 22
618803 0 30
620155 0 5
621670 0 22
623206 0 16
624722 0 30
626176 0 2
627609 0 13
629023 0 29
630415 0 12
631869 0 22
633405 0 23
634900 0 23
636334 0 24
637767 0 17
639221 0 23
640778 0 27
642314 0 1
643809 0 22
645365 0 31
646860 0 1
648294 0 23
649809 0 35
651345 0 12
652840 0 19
654315 0 32
655830 0 11
657366 0 13
658841 0 33
660254 0 4
661708 0 20
663162 0 35
664596 0 5
666009 0 18
667442 0 20
668917 0 13
670453 0 22
672030 0 19
673586 0 24
674999 0 34
676412 0 8
677907 0 18
679341 0 14
680795 0 14
682167 0 24
683621 0 14
685014 0 31
686447 0 9
688024 0 20
689560 0 17
690994 0 21
692550 0 19
694066 0 19
695643 0 22
697056 0 18
698551 0 25
699984 0 2
701418 0 21
702934 0 22
704347 0 28
705821 0 1
707296 0 18
708709 0 23
710204 0 17
711719 0 34
713255 0 1
714709 0 15
716204 0 21
717679 0 18
719215 0 23
720689 0 18
722123 0 21
723659 0 25
725154 0 7
726731 0 24
728267 0 17
729700 0 23
731154 0 22
732649 0 22
734206 0 26
735578 0 12
737053 0 14
738486 0 23
740022 0 24
741558 0 13
743074 0 27
744548 0 11
746002 0 15
747518 0 31
749054 0 5
750508 0 13
751900 0 14
753416 0 36
754993 0 5
756447 0 22
757983 0 14
759519 0 16
760932 0 21
762468 0 24
763922 0 14
765335 0 36
766851 0 3
768386 0 22
769820 0 20
771274 0 15
772728 0 23
774264 0 30
775718 0 4
777193 0 23
778667 0 15
780183 0 20
781719 0 24
783214 0 20
784750 0 27
786286 0 2
787678 0 22
789112 0 28
790504 0 3
791999 0 21
793494 0 24
795030 0 29
796525 0 4
797918 0 21
799393 0 34
800826 0 8
802321 0 14
803796 0 20
805250 0 13
806745 0 19
808301 0 36
809837 0 10
811394 0 14
812807 0 13
814261 0 25
815735 0 1
817251 0 15
818807 0 18
820241 0 22
821777 0 22
823210 0 22
824726 0 22
826241 0 26
827695 0 3
829129 0 22
830583 0 30
832078 0 10
833553 0 22
835089 0 18
836563 0 24
838017 0 25
839451 0 7
840987 0 13
842502 0 18
844038 0 23
845554 0 17
846967 0 32
848400 0 12
849814 0 19
851370 0 20
852824 0 22
854319 0 18
855896 0 34
857370 0 7
858927 0 13
860422 0 15
861917 0 23
863432 0 19
864886 0 34
866259 0 6
867836 0 21
869290 0 21
870703 0 19
872280 0 14
873734 0 31
875290 0 6
876744 0 23
878301 0 19
879816 0 32
881250 0 6
882806 0 13
884342 0 13
885796 0 27
887250 0 8
888684 0 16
890199 0 14
891612 0 18
893066 0 15
894623 0 18
896077 0 31
897633 0 8
899169 0 15
900664 0 27
902118 0 12
903613 0 19
905149 0 15
906624 0 17
908017 0 15
909430 0 23
910904 0 28
912440 0 2
913874 0 19
915451 0 29
916905 0 9
918420 0 13
919874 0 23
921287 0 36
922803 0 12
924339 0 18
925854 0 23
927267 0 20
928844 0 36
930258 0 9
931712 0 18
933125 0 32
934579 0 7
936094 0 14
937487 0 17
939043 0 16
940518 0 32
941951 0 2
943344 0 23
944839 0 16
946212 0 30
947624 0 2
949160 0 24
950553 0 31
952109 0 4
953604 0 15
955099 0 13
956492 0 36
957926 0 12
959318 0 15
960731 0 21
962144 0 23
963557 0 23
965052 0 35
966568 0 9
968042 0 14
969537 0 28
970992 0 1
972507 0 16
974002 0 16
975395 0 26
976890 0 7
978405 0 16
979859 0 23
1107473 0 101
1108886 0 101
1110381 0 101
1111773 0 101
1113207 0 101
1114722 0 101
1116197 0 101
1117651 0 101
1119064 0 101
1120457 0 101
1121911 0 102
1123324 0 102
1124778 0 102
1126191 0 103
1127624 0 101
1129099 0 102
1130533 0 103
1131966 0 101
1133482 0 102
1134874 0 102
1136390 0 102
1137926 0 103
1139441 0 101
1140957 0 102
1142370 0 102
1143865 0 102
1145298 0 102
1146814 0 103
1148309 0 101
1149722 0 102
1151115 0 102
1152528 0 102
1153961 0 103
1155497 0 101
1157033 0 102
1158549 0 103
1160044 0 101
1161580 0 102
1163095 0 102
1164488 0 103
1166024 0 101
1167539 0 102
1168973 0 102
1170468 0 103
1172045 0 101
1173601 0 102
1175137 0 102
1176612 0 102
1178127 0 102
1179663 0 102
1181117 0 103
1182592 0 101
1184025 0 102
1185438 0 102
1186933 0 102
1188367 0 102
1189801 0 102
1191275 0 102
1192750 0 103
1194245 0 101
1195760 0 102
1197173 0 103
1198689 0 101
1200184 0 102
1201679 0 102
1203071 0 102
1204505 0 102
1205918 0 103
1207434 0 101
1208970 0 102
1210362 0 102
1211796 0 102
1213188 0 102
1214724 0 103
1216240 0 101
1217653 0 102
1219127 0 102
1220663 0 102
1222158 0 102
1223551 0 102
1225005 0 102
1226541 0 103
1227954 0 101
1229388 0 102
1230903 0 102
1232378 0 102
1233852 0 102
1235388 0 103
1236945 0 101
1238481 0 102
1239873 0 102
1241348 0 102
1242884 0 103
1244461 0 101
1245956 0 102
1247389 0 102
1248864 0 103
1250400 0 101
1251833 0 102
1253349 0 103
1254782 0 101
1256298 0 102
1257752 0 102
1259186 0 102
1260619 0 102
1262094 0 102
1263548 0 103
1265002 0 101
1266456 0 102
1267971 0 103
1269425 0 101
1270879 0 102
1272293 0 103
1273706 0 101
1275098 0 102
1276511 0 102
1277986 0 102
1279420 0 102
1280914 0 102
1282369 0 102
1283802 0 102
1285215 0 103
1286772 0 101
1288267 0 102
1289659 0 103
1291175 0 101
1292670 0 102
1294062 0 102
1295557 0 102
1297073 0 102
1298568 0 102
1300124 0 102
1301578 0 102
1302992 0 103
1304446 0 101
1305961 0 102
1307374 0 102
1308890 0 103
1310446 0 101
1311880 0 102
1313272 0 102
1314665 0 103
1316078 0 101
1317471 0 102
1318945 0 102
1320420 0 103
1321935 0 101
1323389 0 102
1324864 0 102
1326359 0 102
1327792 0 103
1329308 0 101
1330700 0 102
1332114 0 102
1333650 0 103
1335063 0 101
1336476 0 102
1337991 0 102
1339527 0 102
1341002 0 102
1342435 0 102
1343910 0 102
1345343 0 103
1346798 0 101
1348272 0 102
1349808 0 102
1351283 0 102
1352819 0 102
1354273 0 102
1355706 0 102
1357119 0 103
1358553 0 101
1359945 0 102
1361399 0 102
1362895 0 102
1364328 0 103
1365864 0 101
1367400 0 102
1368916 0 102
1370308 0 102
1371721 0 102
1373216 0 103
1374650 0 101
1376083 0 102
1377578 0 102
1379073 0 102
1380609 0 102
1382022 0 102
1383415 0 103
1384849 0 101
1386364 0 102
1387818 0 102
1389313 0 103
1390767 0 101
1392242 0 102
1393737 0 102
1395211 0 102
1396686 0 102
1398181 0 103
1399614 0 101
1401028 0 102
1402482 0 102
1403874 0 102
1405267 0 102
1406660 0 103
1408155 0 101
1409568 0 102
1411083 0 102
1412619 0 102
1414032 0 102
1415425 0 102
1416838 0 103
1418312 0 101
1419848 0 102
1421364 0 102
1422900 0 103
1424415 0 101
1425910 0 102
1427364 0 102
1428818 0 103
1430273 0 101
1431768 0 102
1433263 0 102
1434717 0 103
1436191 0 101
1437604 0 102
1439079 0 102
1440553 0 102
1442089 0 102
1443564 0 102
1445018 0 103
1446451 0 101
1447844 0 102
1449298 0 102
1450752 0 102
1452145 0 102
1453599 0 103
1455053 0 101
1456445 0 102
1457838 0 103
1459395 0 101
1460787 0 102
1462303 0 102
1463818 0 102
1465272 0 103
1466685 0 101
1468221 0 102
1469675 0 102
1471150 0 102
1472583 0 103
1474017 0 101
1475471 0 102
1477028 0 103
1478441 0 101
1479854 0 102
1481287 0 103
1482844 0 101
1484359 0 102
1485834 0 102
1487329 0 103
1488885 0 101
1490421 0 102
1491957 0 102
1493411 0 102
1494968 0 103
1496442 0 101
1497855 0 102
1499248 0 102
1500722 0 102
1502115 0 103
1503631 0 101
1505085 0 102
1506498 0 102
1507993 0 102
1509385 0 102
1510901 0 102
1512375 0 103
1513891 0 101
1515345 0 102
1516758 0 102
1518212 0 102
1519646 0 103
1521100 0 101
1522574 0 102
1524110 0 103
1525667 0 101
1527059 0 102
1528554 0 102
1529988 0 102
1531462 0 102
1532978 0 102
1534391 0 102
1535784 0 102
1537299 0 103
1538753 0 101
1540248 0 102
1541784 0 102
1543259 0 102
1544713 0 102
1546146 0 102
1547641 0 103
1549075 0 101
1550468 0 102
1551963 0 102
1553458 0 102
1554891 0 103
1556366 0 101
1557881 0 102
1559356 0 103
1560912 0 101
1562387 0 102
1563882 0 102
1565295 0 102
1566749 0 102
1568223 0 102
1569739 0 103
1571152 0 101
1572626 0 102
1574162 0 102
1575576 0 102
1577091 0 102
1578566 0 102
1579999 0 102
1581453 0 103
1582928 0 101
1584361 0 102
1585836 0 103
1587331 0 101
1588744 0 102
1590259 0 103
1591754 0 101
1593147 0 102
1594683 0 102
1596137 0 103
1597550 0 101
1598984 0 102
1600458 0 102
1601953 0 103
1603510 0 101
1605046 0 102
1606438 0 102
1607872 0 103
1609428 0 101
1610923 0 102
1612398 0 102
1613893 0 102
1615306 0 103
1616760 0 101
1618276 0 102
1619832 0 102
1621348 0 103
1622761 0 101
1624297 0 102
1625771 0 102
1627266 0 102
1628741 0 102
1630277 0 102
1631751 0 103
1633246 0 101
1634680 0 102
1636175 0 102
1637588 0 102
1639021 0 103
1640455 0 101
1641909 0 102
1643322 0 102
1644776 0 103
1646230 0 101
1647684 0 102
1649241 0 102
1650756 0 102
1652272 0 102
1653787 0 103
1655282 0 101
1656716 0 102
1658231 0 102
1659726 0 102
1661201 0 102
1662696 0 102
1664191 0 103
1665604 0 101
1667038 0 102
1668574 0 102
1669966 0 102
1671400 0 102
1672915 0 102
1674369 0 103
1675823 0 101
1677216 0 102
1678752 0 103
1680206 0 101
1681599 0 102
1683135 0 102
1684630 0 102
1686022 0 102
1687435 0 102
1688951 0 102
1690405 0 102
1691859 0 103
1693374 0 101
1694890 0 102
1696385 0 102
1697880 0 102
1699293 0 102
1700686 0 102
1702140 0 102
1703594 0 103
1705130 0 101
1706686 0 102
1708222 0 102
1709717 0 102
1711110 0 102
1712605 0 102
1713997 0 103
1715411 0 101
1716926 0 102
1718380 0 102
1719773 0 102
1721206 0 102
1722742 0 102
1724176 0 102
1725609 0 103
1727145 0 101
1728620 0 102
1730135 0 103
1731671 0 101
1733166 0 102
1734579 0 103
1736075 0 101
1737590 0 102
1739126 0 103
1740580 0 101
1742055 0 102
1743591 0 102
1745004 0 102
1746478 0 102
1747994 0 102
1749448 0 102
1750861 0 102
1752253 0 103
1753748 0 101
1755141 0 102
1756636 0 102
1758111 0 102
1759524 0 102
1761039 0 102
1762432 0 103
1763988 0 101
1765504 0 102
1766917 0 103
1768371 0 101
1769825 0 102
1771238 0 103
1772713 0 101
1774228 0 102
1775682 0 102
1777116 0 102
1778631 0 102
1780106 0 103
1781662 0 101
1783198 0 102
1784693 0 102
1786209 0 102
1787663 0 102
1789158 0 103
1790612 0 101
1792045 0 102
1793479 0 103
1794994 0 101
1796448 0 102
1797882 0 103
1799418 0 101
1800831 0 102
1802224 0 102
1803657 0 102
1805193 0 103
1806750 0 101
1808286 0 102
1809678 0 102
1811112 0 102
1812607 0 102
1814143 0 102
1815679 0 102
1817112 0 102
1818526 0 103
1820062 0 101
1821597 0 102
1823133 0 103
1824690 0 101
1826144 0 102
1827578 0 103
1829073 0 101
1830506 0 102
1832063 0 102
1833578 0 102
1835032 0 103
1836486 0 101
1837899 0 102
1839415 0 103
1840992 0 101
1842405 0 102
1843859 0 103
1845292 0 101
1846726 0 102
1848180 0 102
1849593 0 102
1851006 0 103
1852440 0 101
1853935 0 102
1855471 0 103
1856966 0 101
1858440 0 102
1859976 0 103
1861492 0 101
1863007 0 102
1864543 0 103
1866100 0 101
1867636 0 102
1869069 0 102
1870503 0 103
1871916 0 101
1873350 0 102
1874783 0 102
1876319 0 102
1877794 0 102
1879248 0 102
1880763 0 102
1882217 0 102
1883671 0 103
1885105 0 101
1886559 0 102
1887972 0 102
1889508 0 102
1891003 0 103
1892539 0 101
1893973 0 102
1895468 0 103
1896942 0 101
1898335 0 102
1899768 0 102
1901243 0 103
1902799 0 101
1904253 0 102
1905789 0 102
1907264 0 103
1908779 0 101
1910192 0 102
1911605 0 103
1913141 0 101
1914657 0 102
1916193 0 102
1917688 0 102
1919122 0 102
1920617 0 102
1922132 0 102
1923525 0 103
1924979 0 101
1926392 0 102
1927907 0 102
1929423 0 103
1930877 0 101
1932331 0 102
1933846 0 103
1935362 0 101
1936755 0 102
1938290 0 102
1939847 0 102
1941321 0 103
1942857 0 101
1944352 0 102
1945766 0 103
1947220 0 101
1948674 0 102
1950148 0 102
1951623 0 102
1953036 0 102
1954449 0 102
1955944 0 103
1957398 0 101
1958873 0 102
1960306 0 102
1961822 0 102
1963296 0 102
1964750 0 103
1966245 0 101
1967781 0 102
1969194 0 103
1970710 0 101
1972143 0 102
1973700 0 102
1975113 0 102
1976649 0 103
1978103 0 101
1979557 0 102
1981093 0 103
1982649 0 101
1984042 0 102
1985578 0 102
1986991 0 103
1988425 0 101
1989899 0 102
1991353 0 102
1992848 0 103
1994405 0 101
1995961 0 102
1997456 0 103
1998869 0 101
2000282 0 102
2001818 0 102
2003252 0 102
2024770 0 43
2026204 0 47
2027699 0 39
2029173 0 48
2030730 0 37
2032143 0 37
2033638 0 44
2035133 0 39
2036689 0 43
2038143 0 45
2039700 0 59
2041195 0 57
2042710 0 66
2044144 0 45
2045639 0 57
2047154 0 53
2048649 0 70
2050124 0 39
2051537 0 54
2052930 0 52
2054466 0 49
2055858 0 56
2057333 0 56
2058828 0 63
2060241 0 42
2061654 0 56
2063067 0 51
2064480 0 50
2065975 0 61
2067429 0 39
2068945 0 53
2070501 0 51
2072017 0 56
2073471 0 52
2074986 0 50
2076399 0 55
2077935 0 70
2079328 0 38
2080823 0 58
2082338 0 50
2083854 0 49
2085328 0 54
2086741 0 64
2088216 0 45
2089732 0 51
2091186 0 63
2092640 0 47
2094196 0 58
2095691 0 57
2097227 0 59
2098702 0 69
2100278 0 39
2101794 0 51
2103248 0 57
2104825 0 59
2106361 0 51
2107815 0 50
2109351 0 71
2110805 0 40
2112341 0 59
2113795 0 60
2115352 0 58
2116826 0 68
2118321 0 43
2119877 0 51
2121291 0 71
2122724 0 37
2124137 0 50
2125571 0 60
2127004 0 49
2128540 0 49
2130035 0 53
2131448 0 68
2132943 0 43
2134357 0 57
2135770 0 67
2137224 0 39
2138698 0 60
2140152 0 65
2141668 0 46
2143142 0 55
2144678 0 59
2146235 0 71
2147648 0 40
2149102 0 49
2150617 0 54
2152010 0 63
2153566 0 40
2155062 0 53
2156495 0 56
2157990 0 56
2159444 0 52
2160857 0 66
2162270 0 48
2163704 0 54
2165240 0 52
2166735 0 58
2168189 0 65
2169725 0 43
2171159 0 50
2172633 0 65
2174046 0 46
2175623 0 57
2177098 0 71
2178552 0 43
2180108 0 54
2181583 0 56
2183037 0 51
2184532 0 60
2185965 0 56
2187399 0 60
2188894 0 57
2190368 0 72
2191863 0 48
2193358 0 55
2194833 0 71
2196369 0 39
2197782 0 54
2199236 0 59
2200649 0 51
2202206 0 70
2203660 0 43
2205196 0 58
2206732 0 58
2208227 0 50
2209763 0 62
2211237 0 46
2212773 0 54
2214186 0 63
2215702 0 45
2217156 0 57
2218630 0 57
2220187 0 55
2221723 0 66
2223259 0 46
2224795 0 50
2226331 0 56
2227826 0 50
2229239 0 53
2230795 0 55
2232270 0 60
2233724 0 64
2235260 0 37
2236755 0 55
2238250 0 72
2239765 0 48
2241240 0 50
2242776 0 72
2244312 0 42
2245848 0 59
2247343 0 68
2248776 0 46
2250210 0 58
2251766 0 51
2253282 0 67
2254736 0 40
2256149 0 58
2257583 0 67
2259119 0 41
2260655 0 49
2262088 0 51
2263522 0 60
2265058 0 54
2266553 0 54
2267966 0 65
2269502 0 45
2270997 0 58
2272430 0 66
2273905 0 46
2275379 0 49
2276915 0 57
2278410 0 67
2279926 0 42
2281482 0 53
2282916 0 72
2284349 0 42
2285804 0 55
2287258 0 54
2288753 0 63
2290186 0 38
2291599 0 59
2293033 0 57
2294610 0 53
2296166 0 53
2297620 0 56
2299033 0 64
2300528 0 37
2301962 0 59
2303518 0 53
2305054 0 65
2306549 0 48
2308065 0 52
2309580 0 52
2311014 0 59
2312550 0 66
2314106 0 48
2315540 0 50
2317055 0 59
2318469 0 51
2319984 0 71
2321479 0 39
2322913 0 52
2324326 0 49
2325800 0 50
2327254 0 58
2328770 0 68
2330244 0 44
2331678 0 56
2333173 0 58
2334668 0 53
2336183 0 62
2337719 0 48
2339133 0 52
2340689 0 63
2342204 0 38
2343761 0 56
2345256 0 50
2346710 0 60
2348185 0 63
2349741 0 40
2351236 0 60
2352792 0 63
2354308 0 44
2355803 0 53
2357359 0 54
2358793 0 57
2360268 0 55
2361722 0 71
2363258 0 45
2364773 0 55
2366248 0 55
2367722 0 49
2369197 0 60
2370733 0 72
2372166 0 43
2373641 0 49
2375095 0 50
2376487 0 53
2377962 0 55
2379416 0 59
2380972 0 49
2382467 0 69
2383942 0 44
2385498 0 54
2386994 0 62
2388468 0 47
2389902 0 59
2391356 0 58
2392810 0 57
2394264 0 50
2395738 0 62
2397192 0 45
2398667 0 58
2400100 0 64
2401595 0 42
2403029 0 56
2404504 0 59
2406019 0 52
2407555 0 59
2409071 0 60
2410566 0 50
2412061 0 51
2413515 0 69
2414948 0 47
2416341 0 54
2417877 0 51
2419433 0 51
2420867 0 53
2422280 0 50
2423775 0 60
2425188 0 58
2426622 0 64
2428035 0 37
2429427 0 51
2430902 0 55
2432356 0 68
2433892 0 39
2435325 0 55
2436779 0 55
2438234 0 69
2439769 0 48
2441326 0 56
2442780 0 51
2444234 0 58
2445750 0 71
2447204 0 43
2448637 0 50
2450071 0 50
2451627 0 52
2453204 0 50
2454761 0 59
2456235 0 65
2457730 0 48
2459287 0 51
2460843 0 52
2462256 0 58
2463751 0 72
2465246 0 46
2466700 0 54
2468134 0 56
2469547 0 59
2470960 0 63
2472435 0 48
2473950 0 55
2475425 0 63
2477001 0 43
2478496 0 60
2479930 0 51
2481466 0 55
2483022 0 71
2484436 0 37
2485890 0 52
2487303 0 50
2488777 0 60
2490211 0 53
2491767 0 56
2493180 0 68
2494634 0 41
2496088 0 49
2497543 0 68
2498956 0 43
2500369 0 53
2501925 0 54
2503482 0 58
2504956 0 72
2506349 0 40
2507885 0 60
2509441 0 50
2510936 0 56
2512472 0 66
2514029 0 43
2515565 0 57
2517019 0 57
2518473 0 52
2519906 0 58
2521340 0 60
2522814 0 65
2524207 0 48
2525600 0 54
2527136 0 60
2528692 0 49
2530208 0 55
2531764 0 52
2533239 0 56
2534795 0 67
2536188 0 48
2537683 0 58
2539239 0 57
2540734 0 57
2542270 0 70
2543786 0 39
2545240 0 59
2546755 0 58
2548230 0 61
2549684 0 37
2551076 0 58
2552633 0 52
2554128 0 53
2555684 0 70
2557200 0 38
2558633 0 53
2560067 0 49
2561480 0 49
2562975 0 59
