57043 0 6
58620 0 10
60074 0 1
61528 0 9
63064 0 3
64559 0 12
65993 0 1
67529 0 4
68942 0 7
70498 0 3
71953 0 18
73509 0 24
74983 0 24
76417 0 31
77851 0 12
79243 0 23
80697 0 23
82131 0 34
83585 0 1
85100 0 20
86616 0 32
88111 0 12
89626 0 20
91183 0 28
92596 0 9
94112 0 24
95586 0 27
97102 0 10
98658 0 18
100153 0 15
101668 0 33
103143 0 4
104515 0 13
105928 0 22
107362 0 15
108898 0 30
110372 0 4
111826 0 17
113342 0 21
114878 0 16
116373 0 25
117806 0 2
119301 0 16
120756 0 36
122271 0 5
123786 0 15
125179 0 16
126592 0 17
128005 0 19
129500 0 22
131016 0 29
132490 0 3
134026 0 14
135398 0 35
136934 0 4
138409 0 16
139884 0 24
141419 0 15
142955 0 15
144389 0 25
145843 0 7
147338 0 20
148854 0 20
150431 0 17
151844 0 28
153359 0 11
154834 0 16
156267 0 18
157762 0 20
159257 0 13
160814 0 14
162350 0 16
163886 0 33
165422 0 3
166896 0 13
168330 0 33
169825 0 5
171320 0 13
172733 0 35
174269 0 4
175805 0 14
177279 0 25
178692 0 11
180208 0 13
181621 0 30
183075 0 4
184488 0 22
186045 0 29
187540 0 12
189035 0 13
190448 0 15
192004 0 19
193499 0 15
194994 0 18
196489 0 19
197923 0 31
199438 0 7
200933 0 21
202469 0 28
203923 0 1
205459 0 21
206995 0 21
208408 0 16
209883 0 24
211419 0 17
212852 0 27
214388 0 4
215883 0 16
217317 0 23
218853 0 19
220328 0 14
221782 0 17
223256 0 19
224731 0 36
226287 0 3
227782 0 22
229339 0 21
230793 0 18
232226 0 25
233660 0 11
235216 0 14
236609 0 30
237981 0 7
239456 0 21
241012 0 18
242548 0 21
244104 0 14
245579 0 25
247054 0 1
248569 0 17
250003 0 36
251457 0 3
252931 0 21
254508 0 24
255942 0 33
257498 0 2
258932 0 16
260324 0 18
261881 0 18
263314 0 22
264830 0 31
266325 0 3
267758 0 24
269212 0 24
270626 0 21
272141 0 23
273698 0 22
275131 0 26
276606 0 12
278121 0 14
279534 0 17
281070 0 21
282647 0 15
284142 0 22
285699 0 23
287112 0 23
288607 0 33
290020 0 1
291453 0 16
292887 0 22
294382 0 22
295897 0 17
297433 0 15
298908 0 21
300403 0 35
301816 0 1
303291 0 24
304786 0 16
306158 0 23
307653 0 18
309209 0 35
310725 0 10
312158 0 19
313694 0 23
315251 0 24
316746 0 24
318179 0 18
319633 0 15
321128 0 31
322582 0 3
324037 0 22
325470 0 28
326965 0 9
328460 0 14
329996 0 14
331532 0 13
333027 0 16
334461 0 17
335935 0 36
337348 0 12
338802 0 18
340318 0 16
341731 0 27
343226 0 1
344782 0 17
346298 0 30
347772 0 1
349288 0 14
350681 0 26
352073 0 8
353671 0 15
355063 0 36
356640 0 5
358135 0 13
359610 0 14
361125 0 16
362579 0 17
364095 0 20
365631 0 33
367064 0 6
368559 0 16
370034 0 18
371590 0 18
373003 0 35
374416 0 6
375911 0 21
377427 0 33
378881 0 1
380356 0 13
381871 0 17
383305 0 24
384738 0 21
386295 0 15
387728 0 17
389285 0 21
390780 0 33
392254 0 12
393729 0 19
395224 0 13
396678 0 24
398070 0 23
399606 0 24
401081 0 19
402515 0 32
403989 0 6
405484 0 22
407061 0 22
408515 0 22
409949 0 19
411464 0 26
412898 0 3
414434 0 16
415826 0 31
417342 0 5
418816 0 15
420311 0 21
421847 0 17
423342 0 28
424878 0 8
426455 0 14
427950 0 18
429507 0 27
430940 0 8
432517 0 13
433910 0 18
435425 0 26
436838 0 1
438231 0 18
439665 0 15
441201 0 17
442757 0 32
444211 0 11
445747 0 15
447222 0 30
448573 0 10
450150 0 15
451625 0 15
453038 0 14
454512 0 35
456048 0 5
457543 0 13
459059 0 15
460513 0 33
462028 0 8
463503 0 13
465018 0 28
466472 0 4
467968 0 23
469503 0 20
470958 0 24
472432 0 21
474009 0 21
475443 0 32
476876 0 1
478412 0 13
479928 0 18
481361 0 30
482754 0 2
484187 0 15
485580 0 32
487055 0 8
488550 0 15
490024 0 36
491478 0 12
493014 0 19
494571 0 23
495984 0 21
497479 0 31
498912 0 12
500366 0 23
501800 0 32
503233 0 6
504647 0 18
506162 0 13
507596 0 20
509091 0 24
510524 0 34
511896 0 10
513412 0 13
514886 0 16
516299 0 31
517733 0 6
519249 0 22
520825 0 23
522280 0 18
523856 0 15
525290 0 13
526826 0 26
528239 0 2
529693 0 20
531188 0 18
532745 0 13
534240 0 21
535735 0 29
537107 0 1
538520 0 21
540076 0 22
541653 0 32
543107 0 7
544684 0 15
546179 0 14
547695 0 19
549128 0 33
550685 0 7
552139 0 13
553613 0 34
555006 0 8
556521 0 15
558037 0 19
559552 0 19
561007 0 35
562476 0 12
563910 0 24
565344 0 17
566798 0 19
568293 0 13
569829 0 27
571324 0 12
572737 0 20
574232 0 23
575646 0 19
577162 0 35
578657 0 7
580192 0 16
581708 0 22
583244 0 18
584698 0 13
586090 0 17
587585 0 18
589101 0 15
590575 0 29
591968 0 6
593403 0 22
594979 0 19
596433 0 13
597824 0 14
599239 0 22
600714 0 35
602207 0 6
603703 0 22
673248 0 11
674743 0 1
676217 0 4
677610 0 6
679105 0 10
680559 0 7
682136 0 11
683549 0 1
685024 0 5
686498 0 8
688055 0 21
689632 0 21
691147 0 16
692540 0 23
694055 0 17
695530 0 13
697045 0 34
698479 0 3
699953 0 13
701346 0 15
702759 0 13
704234 0 20
705811 0 26
707203 0 10
708637 0 15
710132 0 24
711586 0 36
713081 0 5
714473 0 20
716030 0 36
717525 0 7
718999 0 23
720454 0 27
721867 0 12
723280 0 18
724734 0 17
726249 0 34
727765 0 1
729198 0 17
730673 0 14
732209 0 21
733642 0 21
735199 0 19
736653 0 27
738066 0 7
739602 0 15
741118 0 32
742633 0 12
744087 0 20
745521 0 19
747057 0 18
748613 0 20
750170 0 20
751665 0 31
753200 0 6
754675 0 14
756170 0 15
757583 0 21
759119 0 14
760553 0 17
762068 0 18
763625 0 35
765079 0 6
766574 0 18
768069 0 15
769584 0 23
771100 0 21
772636 0 17
774090 0 22
775564 0 28
777018 0 12
778431 0 15
779824 0 25
781360 0 6
782916 0 13
784350 0 20
785906 0 13
787381 0 23
788917 0 29
790392 0 12
791928 0 22
793423 0 32
794836 0 4
796269 0 24
797805 0 21
799321 0 17
800754 0 14
802167 0 17
803724 0 35
805260 0 10
806693 0 19
808229 0 33
809724 0 6
811137 0 18
812592 0 17
814005 0 16
815459 0 14
816892 0 18
818428 0 29
819800 0 7
821275 0 13
822667 0 25
824244 0 1
825760 0 21
827173 0 17
828688 0 24
830102 0 29
831617 0 8
833194 0 13
834689 0 33
836205 0 4
837618 0 20
839133 0 22
840608 0 14
842103 0 14
843639 0 26
845113 0 12
846649 0 21
848144 0 13
849557 0 15
851032 0 25
852547 0 1
854063 0 14
855476 0 32
856991 0 12
858404 0 24
859920 0 35
861394 0 2
862849 0 17
864364 0 20
865859 0 16
867231 0 35
868788 0 12
870242 0 17
871716 0 19
873293 0 27
874788 0 9
876263 0 13
877717 0 13
879150 0 16
880584 0 20
882140 0 17
883635 0 20
885130 0 35
886523 0 10
887977 0 18
889493 0 21
891008 0 25
892565 0 8
894060 0 14
895555 0 16
896968 0 26
898442 0 12
899958 0 23
901371 0 21
902784 0 23
904299 0 14
905835 0 23
907392 0 16
908866 0 26
910300 0 11
911856 0 15
913310 0 24
914724 0 22
916157 0 28
917673 0 4
919209 0 17
920663 0 31
922117 0 6
923530 0 13
925066 0 23
926561 0 21
928076 0 34
929571 0 3
931066 0 19
932500 0 17
933954 0 17
935428 0 17
936842 0 36
938377 0 8
939832 0 17
941327 0 18
942740 0 21
944276 0 21
945832 0 34
947266 0 2
948720 0 22
950297 0 25
951730 0 10
953184 0 14
954659 0 36
956154 0 9
957587 0 23
959123 0 32
960577 0 6
962134 0 20
963629 0 25
965062 0 12
966517 0 22
967971 0 19
969404 0 14
970940 0 14
972476 0 21
973971 0 27
975507 0 12
976900 0 20
978436 0 16
979890 0 18
981385 0 26
982900 0 10
984395 0 19
985829 0 36
987344 0 1
988839 0 15
990252 0 20
991706 0 34
993140 0 9
994656 0 23
996171 0 17
997564 0 22
999038 0 19
1000451 0 23
1001987 0 13
1003441 0 21
1004916 0 36
1006370 0 8
1007967 0 18
1009524 0 28
1010957 0 4
1012391 0 16
1013845 0 21
1015320 0 13
1016712 0 23
1018248 0 35
1019723 0 12
1021136 0 21
1022631 0 36
1024085 0 7
1025559 0 24
1026993 0 13
1028508 0 20
1030065 0 14
1031519 0 19
1033075 0 21
1034652 0 26
1036188 0 10
1037622 0 17
1039035 0 13
1040530 0 27
1042004 0 10
1043581 0 22
1045035 0 21
1046490 0 19
1048066 0 22
1049561 0 14
1051097 0 27
1052613 0 2
1054128 0 18
1055542 0 32
1056975 0 9
1058409 0 19
1079690 0 101
1081103 0 101
1082496 0 101
1083930 0 101
1085425 0 101
1086961 0 101
1088476 0 101
1089869 0 101
1091302 0 101
1092715 0 101
1094170 0 102
1095705 0 102
1097241 0 102
1098777 0 103
1100293 0 101
1101808 0 102
1103201 0 103
1104655 0 101
1106150 0 102
1107604 0 102
1109161 0 102
1110594 0 103
1112028 0 101
1113482 0 102
1114936 0 102
1116451 0 102
1117905 0 102
1119400 0 102
1120875 0 103
1122411 0 101
1123844 0 102
1125360 0 102
1126875 0 102
1128432 0 102
1129845 0 102
1131320 0 102
1132712 0 103
1134125 0 101
1135518 0 102
1137054 0 102
1138549 0 102
1139942 0 102
1141355 0 103
1142850 0 101
1144263 0 102
1145737 0 103
1147232 0 101
1148625 0 102
1150120 0 102
1151615 0 102
1153048 0 102
1154462 0 103
1155998 0 101
1157431 0 102
1158824 0 102
1160319 0 102
1161793 0 102
1163268 0 102
1164701 0 103
1166155 0 101
1167630 0 102
1169145 0 103
1170641 0 101
1172054 0 102
1173487 0 103
1174962 0 101
1176375 0 102
1177788 0 102
1179283 0 102
1180716 0 102
1182232 0 103
1183686 0 101
1185181 0 102
1186676 0 103
1188171 0 101
1189687 0 102
1191079 0 103
1192554 0 101
1193987 0 102
1195482 0 102
1196957 0 102
1198370 0 102
1199885 0 102
1201339 0 103
1202773 0 101
1204227 0 102
1205784 0 102
1207238 0 102
1208774 0 102
1210310 0 102
1211743 0 102
1213300 0 103
1214754 0 101
1216269 0 102
1217723 0 102
1219198 0 102
1220652 0 103
1222188 0 101
1223601 0 102
1225034 0 102
1226468 0 102
1228004 0 102
1229438 0 103
1230851 0 101
1232264 0 102
1233697 0 102
1235233 0 103
1236728 0 101
1238223 0 102
1239657 0 103
1241234 0 101
1242626 0 102
1244040 0 102
1245576 0 102
1247111 0 102
1248668 0 102
1250081 0 102
1251494 0 103
1253051 0 101
1254607 0 102
1256143 0 102
1257659 0 102
1259174 0 102
1260669 0 102
1262062 0 102
1263516 0 103
1265011 0 101
1266547 0 102
1267939 0 102
1269414 0 103
1270909 0 101
1272424 0 102
1273960 0 103
1275455 0 101
1277012 0 102
1278507 0 103
1279981 0 101
1281394 0 102
1282808 0 102
1284221 0 102
1285757 0 102
1287272 0 102
1288747 0 103
1290283 0 101
1291696 0 102
1293088 0 103
1294583 0 101
1296078 0 102
1297471 0 103
1298966 0 101
1300359 0 102
1301792 0 102
1303185 0 102
1304721 0 102
1306134 0 102
1307588 0 103
1309022 0 101
1310435 0 102
1311930 0 102
1313466 0 102
1314940 0 102
1316394 0 103
1317828 0 101
1319364 0 102
1320797 0 103
1322333 0 101
1323746 0 102
1325200 0 103
1326634 0 101
1328088 0 102
1329542 0 103
1330955 0 101
1332368 0 102
1333884 0 102
1335379 0 103
1336894 0 101
1338328 0 102
1339782 0 102
1341216 0 102
1342751 0 102
1344287 0 102
1345762 0 102
1347277 0 103
1348813 0 101
1350288 0 102
1351742 0 102
1353196 0 102
1354671 0 102
1356207 0 103
1357763 0 101
1359217 0 102
1360630 0 103
1362125 0 101
1363600 0 102
1365095 0 103
1366549 0 101
1368023 0 102
1369580 0 103
1371095 0 101
1372529 0 102
1373962 0 102
1375498 0 102
1377014 0 102
1378550 0 102
1379983 0 102
1381499 0 102
1382912 0 103
1384387 0 101
1385923 0 102
1387377 0 102
1388831 0 103
1390387 0 101
1391862 0 102
1393316 0 102
1394749 0 103
1396203 0 101
1397596 0 102
1398989 0 102
1400463 0 102
1401917 0 103
1403412 0 101
1404866 0 102
1406423 0 102
1407877 0 102
1409331 0 102
1410867 0 103
1412341 0 101
1413857 0 102
1415352 0 102
1416785 0 102
1418260 0 102
1419653 0 103
1421086 0 101
1422499 0 102
1423912 0 103
1425366 0 101
1426779 0 102
1428193 0 103
1429688 0 101
1431224 0 102
1432719 0 102
1434111 0 102
1435627 0 102
1437019 0 102
1438555 0 103
1440009 0 101
1441402 0 102
1442795 0 102
1444208 0 102
1445621 0 102
1447116 0 102
1448590 0 102
1450126 0 103
1451580 0 101
1453034 0 102
1454529 0 102
1456045 0 102
1457540 0 102
1458953 0 102
1460428 0 103
1461882 0 101
1463356 0 102
1464769 0 102
1466264 0 102
1467739 0 102
1469193 0 103
1470770 0 101
1472224 0 102
1473678 0 103
1475111 0 101
1476545 0 102
1478061 0 102
1479494 0 102
1480989 0 102
1482402 0 103
1483836 0 101
1485269 0 102
1486764 0 102
1488177 0 102
1489591 0 103
1491147 0 101
1492560 0 102
1494035 0 102
1495489 0 103
1496963 0 101
1498356 0 102
1499789 0 103
1501284 0 101
1502800 0 102
1504254 0 103
1505667 0 101
1507162 0 102
1508698 0 102
1510152 0 102
1511627 0 103
1513101 0 101
1514555 0 102
1516050 0 103
1517545 0 101
1518958 0 102
1520453 0 102
1521887 0 102
1523402 0 102
1524918 0 103
1526393 0 101
1527928 0 102
1529362 0 103
1530857 0 101
1532291 0 102
1533765 0 102
1535158 0 102
1536653 0 102
1538189 0 102
1539581 0 102
1541056 0 102
1542489 0 103
1544005 0 101
1545500 0 102
1547016 0 103
1548551 0 101
1549965 0 102
1551439 0 102
1552955 0 102
1554368 0 103
1555924 0 101
1557317 0 102
1558832 0 103
1560389 0 101
1561925 0 102
1563440 0 103
1564935 0 101
1566430 0 102
1567946 0 102
1569461 0 102
1570915 0 103
1572349 0 101
1573762 0 102
1575216 0 102
1576711 0 102
1578186 0 103
1579640 0 101
1581155 0 102
1582691 0 102
1584248 0 102
1585681 0 102
1587217 0 102
1588692 0 102
1590248 0 103
1591804 0 101
1593197 0 102
1594651 0 102
1596126 0 102
1597662 0 102
1599095 0 102
1600549 0 102
1602044 0 103
1603478 0 101
1604993 0 102
1606529 0 103
1607983 0 101
1609458 0 102
1610994 0 102
1612468 0 102
1613984 0 102
1615479 0 102
1616933 0 102
1618346 0 103
1619903 0 101
1621316 0 102
1622811 0 103
1624306 0 101
1625780 0 102
1627296 0 102
1628791 0 102
1630204 0 102
1631699 0 102
1633235 0 103
1634750 0 101
1636184 0 102
1637577 0 102
1639031 0 102
1640423 0 102
1641959 0 103
1643434 0 101
1644826 0 102
1646342 0 103
1647837 0 101
1649311 0 102
1650806 0 103
1652383 0 101
1653878 0 102
1655373 0 103
1656930 0 101
1658445 0 102
1659879 0 103
1661435 0 101
1662971 0 102
1664487 0 102
1665982 0 102
1667395 0 103
1668951 0 101
1670405 0 102
1671859 0 102
1673273 0 102
1674686 0 102
1676140 0 103
1677553 0 101
1678986 0 102
1680399 0 102
1681813 0 103
1683287 0 101
1684680 0 102
1686134 0 103
1687547 0 101
1688960 0 102
1690373 0 102
1691848 0 102
1693281 0 102
1694797 0 103
1696312 0 101
1697787 0 102
1699282 0 102
1700818 0 102
1702251 0 102
1703664 0 103
1705200 0 101
1706593 0 102
1708108 0 102
1709624 0 102
1711057 0 103
1712491 0 101
1713925 0 102
1715379 0 103
1716894 0 101
1718369 0 102
1719782 0 102
1721195 0 102
1722649 0 102
1724062 0 103
1725496 0 101
1727032 0 102
1728568 0 102
1729960 0 102
1731373 0 102
1732889 0 102
1734322 0 102
1735858 0 103
1737394 0 101
1738930 0 102
1740343 0 103
1741797 0 101
1743292 0 102
1744706 0 102
1746119 0 102
1747573 0 102
1749006 0 103
1750522 0 101
1752017 0 102
1753471 0 102
1754966 0 102
1756461 0 103
1758038 0 101
1759533 0 102
1761007 0 103
1762543 0 101
1764038 0 102
1765574 0 102
1766987 0 103
1768503 0 101
1770018 0 102
1771452 0 102
1772886 0 103
1774401 0 101
1775794 0 102
1777309 0 102
1778825 0 102
1780299 0 102
1781856 0 103
1783412 0 101
1784866 0 102
1786320 0 103
1787754 0 101
1789290 0 102
1790744 0 102
1792259 0 103
1793693 0 101
1795106 0 102
1796621 0 102
1798096 0 102
1799591 0 102
1801107 0 102
1802540 0 103
1804076 0 101
1805592 0 102
1807046 0 102
1808561 0 102
1810036 0 102
1811490 0 102
1812964 0 103
1814377 0 101
1815852 0 102
1817347 0 103
1818842 0 101
1820316 0 102
1821811 0 102
1823327 0 102
1824740 0 103
1826215 0 101
1827710 0 102
1829205 0 102
1830638 0 103
1832154 0 101
1833587 0 102
1834980 0 102
1836516 0 102
1837929 0 102
1839322 0 102
1840858 0 102
1842291 0 102
1843766 0 103
1845240 0 101
1846776 0 102
1848189 0 102
1849664 0 102
1851118 0 102
1852674 0 103
1854231 0 101
1855685 0 102
1857077 0 103
1858531 0 101
1860027 0 102
1861460 0 102
1862894 0 102
1864409 0 102
1865945 0 102
1867461 0 103
1868976 0 101
1870451 0 102
1871925 0 102
1873379 0 103
1874915 0 101
1876410 0 102
1877885 0 102
1879380 0 102
1880793 0 102
1882247 0 103
1883762 0 101
1885237 0 102
1886650 0 102
1888063 0 102
1889579 0 102
1891053 0 102
1892507 0 103
1893941 0 101
1895374 0 102
1896787 0 103
1898241 0 101
1899736 0 102
1901129 0 102
1902645 0 102
1904181 0 103
1905696 0 101
1907212 0 102
1908604 0 103
1910099 0 101
1911492 0 102
1913007 0 102
1914441 0 103
1915895 0 101
1917369 0 102
1918783 0 102
1920257 0 102
1921650 0 102
1923165 0 102
1924722 0 102
1926217 0 102
1927753 0 103
1929309 0 101
1930702 0 102
1932176 0 102
1933671 0 102
1935166 0 103
1936723 0 101
1938218 0 102
1939713 0 102
1941228 0 102
1942641 0 102
1944034 0 102
1945570 0 102
1947024 0 102
1948458 0 103
1949973 0 101
1951489 0 102
1952984 0 102
1954376 0 102
1955810 0 102
1957264 0 102
1958718 0 102
1960254 0 103
1961708 0 101
1963182 0 102
1964616 0 102
1966152 0 102
1967688 0 103
1969122 0 101
1970617 0 102
1972153 0 102
1973627 0 103
1975143 0 101
1976535 0 102
2020896 0 47
2022309 0 43
2023845 0 48
2025340 0 48
2026855 0 39
2028350 0 43
2029784 0 45
2031258 0 43
2032712 0 42
2034187 0 41
2035702 0 55
2037116 0 60
2038611 0 53
2040167 0 60
2041621 0 69
2043178 0 48
2044652 0 59
2046086 0 62
2047622 0 47
2049076 0 60
2050591 0 63
2052148 0 47
2053581 0 49
2055015 0 52
2056551 0 66
2058046 0 37
2059479 0 56
2060892 0 49
2062306 0 64
2063862 0 48
2065316 0 54
2066811 0 58
2068347 0 54
2069822 0 54
2071276 0 54
2072689 0 64
2074122 0 41
2075535 0 54
2076969 0 49
2078464 0 50
2080020 0 49
2081495 0 55
2083010 0 65
2084464 0 40
2085959 0 57
2087393 0 60
2088950 0 49
2090445 0 55
2091878 0 56
2093373 0 53
2094786 0 63
2096302 0 45
2097879 0 59
2099374 0 56
2100787 0 55
2102282 0 59
2103695 0 51
2105149 0 63
2106623 0 45
2108159 0 54
2109613 0 60
2111068 0 60
2112501 0 55
2114037 0 51
2115573 0 61
2117027 0 44
2118481 0 51
2120038 0 58
2121574 0 57
2123069 0 72
2124605 0 41
2126141 0 53
2127636 0 62
2129131 0 42
2130646 0 49
2132059 0 67
2133616 0 42
2135111 0 52
2136626 0 54
2138121 0 68
2139596 0 41
2141050 0 56
2142586 0 53
2144081 0 60
2145617 0 59
2147030 0 65
2148566 0 42
2150081 0 50
2151597 0 68
2153092 0 43
2154648 0 55
2156205 0 50
2157761 0 66
2159318 0 37
2160813 0 55
2162308 0 50
2163803 0 60
2165318 0 51
2166834 0 52
2168247 0 51
2169680 0 70
2171073 0 39
2172609 0 55
2174104 0 60
2175578 0 70
2176951 0 41
2178466 0 57
2179961 0 72
2181395 0 41
2182910 0 54
2184467 0 59
2185900 0 56
2187313 0 66
2188829 0 47
2190385 0 60
2191819 0 59
2193293 0 59
2194747 0 65
2196201 0 48
2197758 0 50
2199253 0 71
2200707 0 44
2202161 0 53
2203595 0 62
2205131 0 41
2206585 0 51
2208080 0 66
2209595 0 43
2211049 0 52
2212462 0 58
2214039 0 66
2215555 0 43
2216988 0 59
2218442 0 61
2219999 0 38
2221555 0 53
2223112 0 71
2224525 0 47
2225979 0 56
2227494 0 60
2228969 0 57
2230423 0 53
2231979 0 61
2233536 0 41
2235072 0 49
2236526 0 72
2237959 0 39
2239434 0 51
2240929 0 63
2242383 0 43
2243878 0 54
2245435 0 58
2246950 0 55
2248445 0 51
2249920 0 49
2251476 0 56
2252910 0 62
2254405 0 44
2255982 0 57
2257436 0 58
2258869 0 49
2260344 0 49
2261839 0 49
2263395 0 52
2264931 0 68
2266488 0 48
2267921 0 50
2269375 0 65
2270788 0 39
2272263 0 49
2273655 0 51
2275151 0 60
2276584 0 50
2277997 0 53
2279492 0 62
2280885 0 37
2282359 0 56
2283772 0 58
2285288 0 71
2286722 0 48
2288176 0 56
2289650 0 58
2291104 0 53
2292661 0 56
2294238 0 54
2295773 0 63
2297248 0 40
2298764 0 57
2300340 0 67
2301795 0 39
2303269 0 52
2304764 0 65
2306239 0 37
2307754 0 51
2309208 0 66
2310703 0 40
2312178 0 53
2313714 0 53
2315270 0 49
2316765 0 60
2318322 0 62
2319817 0 42
2321230 0 55
2322643 0 52
2324179 0 55
2325735 0 60
2327251 0 57
2328828 0 60
2330364 0 63
2331797 0 43
2333374 0 59
2334890 0 56
2336323 0 54
2337777 0 71
2339211 0 43
2340665 0 60
2342221 0 55
2343737 0 51
2345211 0 59
2346706 0 50
2348181 0 56
2349655 0 54
2351171 0 62
2352564 0 44
2354120 0 53
2355574 0 67
2357090 0 39
2358605 0 58
2360161 0 68
2361575 0 40
2362988 0 53
2364483 0 57
2365957 0 58
2367473 0 58
2368968 0 49
2370463 0 65
2371978 0 45
2373453 0 49
2374866 0 59
2376422 0 54
2377835 0 67
2379310 0 45
2380825 0 56
2382239 0 68
2383734 0 44
2385208 0 50
2386642 0 54
2388055 0 56
2389529 0 49
2391086 0 51
2392581 0 52
2394035 0 70
2395407 0 46
2396984 0 52
2398397 0 72
2399831 0 41
2401346 0 55
2402821 0 59
2404295 0 50
2405831 0 65
2407306 0 47
2408842 0 54
2410337 0 52
2411770 0 57
2413265 0 70
2414637 0 46
2416091 0 58
2417525 0 62
2419020 0 41
2420495 0 49
2422031 0 58
2423464 0 61
2425021 0 37
2426475 0 58
2428052 0 69
2429526 0 41
2430980 0 49
2432434 0 70
2433950 0 39
2435506 0 54
2436940 0 56
2438435 0 60
2439889 0 50
2441445 0 59
2443002 0 61
2444476 0 47
2445971 0 54
2447507 0 51
2449043 0 53
2450538 0 58
2452074 0 62
2453631 0 45
2455208 0 51
2456662 0 53
2458198 0 53
2459693 0 59
2461188 0 60
2462601 0 49
2463993 0 70
2465509 0 48
2467004 0 54
2468437 0 49
2469932 0 54
2471346 0 56
2472759 0 50
2474315 0 70
2475687 0 41
2477100 0 55
2478636 0 59
2480049 0 50
2481585 0 50
2482978 0 65
2484391 0 38
2485948 0 59
2487463 0 59
2488999 0 51
2490453 0 58
2491948 0 57
2493382 0 60
2494918 0 66
2496331 0 47
2497805 0 53
2499259 0 56
2500775 0 72
2502208 0 37
2503642 0 49
2505157 0 52
2506652 0 52
2508147 0 49
2509540 0 67
2511076 0 38
2512571 0 49
2513964 0 60
2515418 0 56
2516892 0 54
2518449 0 68
2519985 0 46
2521582 0 49
2522995 0 59
2524552 0 55
2526026 0 51
2527480 0 63
2528914 0 37
2530327 0 53
2531883 0 53
2533419 0 71
2534832 0 46
2536368 0 54
2537802 0 70
2539317 0 41
2540833 0 54
2542328 0 54
2543762 0 50
2545195 0 55
2546608 0 64
2548144 0 39
2549598 0 52
2551114 0 56
2552650 0 52
2554186 0 53
2555640 0 60
2557135 0 58
2558691 0 49
2560227 0 71
2561681 0 42
2563176 0 60
2564733 0 57
2566289 0 72
2567805 0 42
2569341 0 59
2570856 0 49
2572310 0 53
2573785 0 50
2575300 0 63
2576775 0 43
2578229 0 58
2579744 0 52
2581219 0 57
2582632 0 68
2584147 0 39
2585642 0 60
2587076 0 58
2588592 0 64
2590127 0 39
2591623 0 56
2593097 0 58
2594654 0 60
2596169 0 53
2597623 0 53
2599036 0 65
2600449 0 38
2601862 0 55
2603419 0 50
2604955 0 49
2606429 0 49
2607965 0 57
2609522 0 53
2611058 0 64
2612594 0 40
2614068 0 50
2615563 0 52
2617099 0 57
2618635 0 54
2620192 0 63
2621625 0 40
2623038 0 53
2624615 0 51
2626069 0 57
2627585 0 56
2629100 0 61
2630534 0 46
2632008 0 56
2633442 0 53
2634855 0 49
2636350 0 56
2637804 0 67
2639361 0 42
2640815 0 54
2642351 0 56
2643764 0 59
2645320 0 63
2646733 0 38
2648269 0 49
2649764 0 68
2651239 0 42
2652713 0 57
2654188 0 69
2655744 0 38
2657178 0 57
2658755 0 50
2660209 0 70
2661601 0 45
2663056 0 55
2664469 0 59
2665984 0 49
2667500 0 52
2669015 0 50
2670510 0 50
2671944 0 63
2673357 0 42
2674913 0 49
2676470 0 49
2677903 0 69
2679398 0 46
2680832 0 53
2682306 0 52
2683740 0 54
2685133 0 66
2686607 0 43
2688123 0 58
2689679 0 53
2691154 0 54
2692567 0 68
2694082 0 41
2695495 0 53
2696929 0 60
2698444 0 51
2699980 0 56
2701516 0 55
2702970 0 72
2704465 0 37
2705878 0 53
2707312 0 54
2708787 0 58
2710343 0 69
2711818 0 47
2713333 0 54
2714808 0 59
2716221 0 52
2717716 0 53
2719272 0 69
2720747 0 38
2722160 0 59
2723614 0 68
2725129 0 44
2726563 0 54
2728037 0 53
2729491 0 68
2730966 0 45
2732482 0 58
2734038 0 62
2735594 0 47
2737069 0 51
2738523 0 62
2740059 0 39
2741615 0 51
2743049 0 54
2744503 0 63
2745916 0 46
2747350 0 49
2748742 0 55
2750176 0 58
2751712 0 49
2753268 0 51
2754702 0 65
2756258 0 41
2757815 0 52
2759310 0 72
2760846 0 44
2762402 0 53
2763856 0 61
2765392 0 42
2766805 0 56
2768362 0 58
2769898 0 50
2771372 0 51
2772806 0 58
2774321 0 57
2775837 0 69
2777373 0 43
2778806 0 52
2780281 0 53
2781796 0 65
2783230 0 48
2784787 0 51
2786343 0 71
2787777 0 44
2789231 0 54
2790726 0 53
2792180 0 49
2793613 0 49
2795170 0 67
2796726 0 43
2798262 0 53
2799819 0 53
2801334 0 62
2802727 0 40
2804263 0 55
2805819 0 70
2807314 0 41
2808850 0 49
2810386 0 54
2811840 0 52
2813253 0 59
2814728 0 58
2816182 0 50
2817615 0 50
2819069 0 63
2820483 0 37
2821937 0 55
2823391 0 50
2824927 0 51
2826360 0 64
2827794 0 41
2829330 0 59
2830825 0 70
2832299 0 40
2833753 0 53
2835310 0 50
2836743 0 50
2838300 0 64
2839754 0 43
2841290 0 53
2842764 0 59
2844198 0 49
2845754 0 50
2847147 0 60
2848683 0 57
2850199 0 72
2851673 0 46
2853189 0 52
2854663 0 66
2856199 0 44
2857694 0 50
2859210 0 64
2860766 0 44
2862179 0 52
2863695 0 57
2865149 0 50
2866705 0 60
2868221 0 55
2869798 0 60
2871313 0 65
2872808 0 45
2874344 0 51
2875819 0 68
2877211 0 44
2878645 0 58
2880222 0 61
2881717 0 41
2883150 0 56
2884686 0 61
2886243 0 41
2887758 0 49
2889171 0 65
2890687 0 37
2892223 0 53
2893738 0 56
2895295 0 67
2896810 0 39
2898326 0 60
2899739 0 49
2901275 0 49
2902729 0 54
2904183 0 50
2905678 0 55
2907132 0 64
2908566 0 45
2909979 0 49
2911453 0 56
2912989 0 59
2914505 0 50
2916020 0 71
2917433 0 42
2918846 0 60
2920403 0 55
2921877 0 49
2923434 0 59
2924970 0 52
2926424 0 54
2946168 0 104
2947623 0 104
2949036 0 104
2950449 0 104
2952005 0 104
2953459 0 104
2954872 0 104
2956367 0 104
2957780 0 104
2959316 0 104
2960770 0 105
2962204 0 105
2963638 0 106
2965051 0 104
2966525 0 105
2967938 0 106
2969372 0 104
2970765 0 105
2972239 0 106
2973652 0 104
2975127 0 105
2976581 0 105
2978014 0 105
2979489 0 105
2980902 0 106
2982458 0 104
2984015 0 105
2985428 0 105
2986923 0 105
2988336 0 105
2989770 0 105
2991285 0 106
2992739 0 104
2994214 0 105
2995627 0 106
2997060 0 104
2998596 0 105
3000071 0 106
3001607 0 104
3003061 0 105
3004474 0 106
3005908 0 104
3007382 0 105
3008795 0 105
3010249 0 105
3011703 0 105
3013239 0 105
3014693 0 106
3016229 0 104
3017663 0 105
3019178 0 105
3020653 0 105
3022066 0 105
3023602 0 105
3025036 0 106
3026510 0 104
3027923 0 105
3029439 0 106
3030852 0 104
3032306 0 105
3033780 0 105
3035173 0 105
3036586 0 105
3038102 0 105
3039597 0 105
3041051 0 106
3042484 0 104
3043938 0 105
3045454 0 106
3046887 0 104
3048382 0 105
3049898 0 105
3051352 0 105
3052867 0 105
3054280 0 106
3055714 0 104
3057148 0 105
3058684 0 105
3060117 0 105
3061551 0 105
3063025 0 105
3064520 0 106
3065954 0 104
3067347 0 105
3068882 0 106
3070316 0 104
3071852 0 105
3073327 0 105
3074801 0 106
3076255 0 104
3077709 0 105
3079184 0 105
3080720 0 105
3082174 0 105
3083648 0 105
3085184 0 106
3086659 0 104
3088113 0 105
3089526 0 106
3091082 0 104
3092557 0 105
3094072 0 105
3095486 0 106
3096919 0 104
3098373 0 105
3099848 0 105
3101261 0 106
3102674 0 104
3104087 0 105
3105500 0 106
3106893 0 104
3108326 0 105
3109862 0 105
3111255 0 105
3112729 0 105
3114245 0 106
3115658 0 104
3117051 0 105
3118464 0 105
3119877 0 105
3121310 0 106
3122805 0 104
3124259 0 105
3125652 0 105
3127147 0 105
3128622 0 105
3130137 0 106
3131591 0 104
3133107 0 105
3134622 0 105
3136158 0 105
3137633 0 105
3139066 0 105
3140582 0 106
3142138 0 104
3143654 0 105
3145149 0 106
3146623 0 104
3148077 0 105
3149613 0 105
3151006 0 105
3152521 0 105
3153955 0 105
3155409 0 105
3156822 0 105
3158317 0 106
3159812 0 104
3161246 0 105
3162761 0 105
3164297 0 106
3165751 0 104
3167246 0 105
3168803 0 106
3170257 0 104
3171813 0 105
3173288 0 105
3174680 0 105
3176237 0 105
3177732 0 105
3179268 0 105
3180681 0 105
3182176 0 106
3183691 0 104
3185227 0 105
3186784 0 105
3188197 0 105
3189712 0 105
3191146 0 105
3192682 0 105
3194156 0 105
3195652 0 106
3197167 0 104
3198560 0 105
3200014 0 106
3201529 0 104
3202922 0 105
3204417 0 105
3205953 0 105
3207489 0 106
3208922 0 104
3210438 0 105
3211871 0 105
3213366 0 105
3214841 0 105
3216254 0 105
3217749 0 106
3219224 0 104
3220780 0 105
3222214 0 105
3223750 0 106
3225224 0 104
3226637 0 105
3228091 0 105
3229566 0 105
3231102 0 106
3232576 0 104
3234112 0 105
3235566 0 105
3237082 0 105
3238618 0 105
3240174 0 105
3241690 0 106
3243226 0 104
3244680 0 105
3246216 0 105
3247731 0 105
3249185 0 105
3250639 0 105
3252073 0 106
3253588 0 104
3255002 0 105
3256537 0 106
3258094 0 104
3259528 0 105
3261043 0 106
3262538 0 104
3263931 0 105
3265405 0 106
3266880 0 104
3268436 0 105
3269931 0 105
3271426 0 105
3272942 0 105
3274334 0 105
3275829 0 105
3277242 0 106
3278778 0 104
3280335 0 105
3281850 0 105
3283284 0 105
3284820 0 105
3286356 0 105
3287871 0 105
3289346 0 106
3290882 0 104
3292356 0 105
3293913 0 106
3295449 0 104
3296964 0 105
3298500 0 105
3299995 0 105
3301511 0 106
3302965 0 104
3304480 0 105
3305975 0 105
3307491 0 105
3309047 0 106
3310481 0 104
3311935 0 105
3313409 0 106
3314864 0 104
3316297 0 105
3317690 0 105
3319226 0 105
3320721 0 106
3322175 0 104
3323608 0 105
3325062 0 106
3326619 0 104
3328052 0 105
3329486 0 105
3330981 0 105
3332374 0 105
3333910 0 106
3335425 0 104
3336879 0 105
3338292 0 106
3339705 0 104
3341200 0 105
3342675 0 105
3344149 0 105
3345644 0 105
3347180 0 105
3348716 0 105
3350150 0 106
3351604 0 104
3353058 0 105
3354512 0 106
3355946 0 104
3357461 0 105
3358977 0 105
3360451 0 105
3361967 0 105
3363441 0 106
3364895 0 104
3366452 0 105
3367865 0 106
3369339 0 104
3370814 0 105
3372329 0 105
3373886 0 105
3375340 0 105
3376814 0 105
3378228 0 106
3379764 0 104
3381299 0 105
3382835 0 105
3384372 0 105
3385866 0 105
3387321 0 105
3388816 0 106
3390372 0 104
3391785 0 105
3393301 0 105
3394714 0 105
3396127 0 106
3397581 0 104
3399055 0 105
3400571 0 105
3402086 0 106
3403602 0 104
3405097 0 105
3406510 0 105
3407944 0 106
3409500 0 104
3410913 0 105
3412367 0 105
3413821 0 106
3415234 0 104
3416729 0 105
3418286 0 106
3419719 0 104
3421235 0 105
3422750 0 105
3424266 0 105
3425802 0 105
3427235 0 106
3428689 0 104
3430102 0 105
3431618 0 105
3433011 0 105
3434547 0 106
3436062 0 104
3437455 0 105
3438970 0 106
3440506 0 104
3441960 0 105
3443394 0 105
3444848 0 106
3446384 0 104
3447858 0 105
3449271 0 106
3450705 0 104
3452139 0 105
3453675 0 105
3455108 0 105
3456624 0 105
3458037 0 106
3459491 0 104
3460965 0 105
3462501 0 105
3463914 0 105
3465348 0 106
3466823 0 104
3468236 0 105
3469669 0 105
3471164 0 105
3472557 0 105
3473949 0 105
3475444 0 105
3476837 0 106
3478291 0 104
3479766 0 105
3481322 0 105
3482797 0 105
3484312 0 106
3485746 0 104
3487200 0 105
3488695 0 106
3490231 0 104
3491746 0 105
3493139 0 105
3494634 0 105
3496149 0 105
3497706 0 105
3499221 0 105
3500696 0 106
3502088 0 104
3503522 0 105
3504956 0 105
3506430 0 105
3507884 0 105
3509420 0 105
3510936 0 105
3512369 0 106
3513905 0 104
3515462 0 105
3516895 0 105
3518452 0 105
3520008 0 105
3521544 0 106
3522978 0 104
3524370 0 105
3525927 0 105
3527319 0 106
3528753 0 104
3530146 0 105
3531661 0 105
3533136 0 105
3534590 0 105
3536126 0 106
3537559 0 104
3539095 0 105
3540570 0 106
3542085 0 104
3543580 0 105
3545116 0 105
3546570 0 105
3548127 0 105
3549540 0 105
3551055 0 105
3552530 0 106
3554025 0 104
3555479 0 105
3556933 0 106
3558407 0 104
3559943 0 105
3561479 0 105
3562872 0 105
3564408 0 105
3565821 0 105
3567316 0 105
3568770 0 106
3570204 0 104
3571617 0 105
3573091 0 105
3574648 0 105
3576184 0 105
3577617 0 105
3579112 0 106
3580546 0 104
3582021 0 105
3583413 0 105
3584806 0 105
3586321 0 106
3587816 0 104
3589332 0 105
3590888 0 105
3592383 0 105
3593837 0 105
3595394 0 105
3596930 0 105
3598343 0 106
3599756 0 104
3601230 0 105
3602685 0 105
3604241 0 105
3605777 0 106
3607333 0 104
3608808 0 105
3610201 0 106
3611757 0 104
3613232 0 105
3614727 0 105
3616140 0 105
3617614 0 105
3619109 0 106
3620666 0 104
3622161 0 105
3623656 0 106
3625110 0 104
3626646 0 105
3628120 0 106
3629656 0 104
3631192 0 105
3632749 0 106
3634162 0 104
3635677 0 105
3637131 0 105
3638585 0 106
3640101 0 104
3641596 0 105
3643132 0 106
3644524 0 104
3646040 0 105
3647453 0 105
3648907 0 105
3650341 0 106
3651754 0 104
3653208 0 105
3654723 0 106
3656198 0 104
3657713 0 105
3659208 0 105
3660642 0 105
3662055 0 105
3663611 0 105
3665127 0 105
3666642 0 106
3668137 0 104
3669632 0 105
3671127 0 106
3672582 0 104
3674118 0 105
3675653 0 106
3677087 0 104
3678603 0 105
3680118 0 105
3681593 0 105
3683088 0 106
3684521 0 104
3686037 0 105
3687470 0 105
3688945 0 106
3690440 0 104
3691914 0 105
3693348 0 105
3694761 0 105
3696297 0 105
3697751 0 105
3699205 0 105
3700598 0 106
3702093 0 104
3703526 0 105
3705062 0 105
3706578 0 105
3708114 0 105
3709547 0 105
3711104 0 106
3712496 0 104
3713991 0 105
3715404 0 105
3716859 0 106
3718354 0 104
3719889 0 105
3721303 0 105
3722839 0 105
3724272 0 105
3725706 0 105
3727262 0 106
3728819 0 104
3730334 0 105
3731870 0 105
3733304 0 105
3734717 0 106
3736253 0 104
3737748 0 105
3739202 0 106
3740676 0 104
3742171 0 105
3743605 0 106
3745100 0 104
3746636 0 105
3748049 0 105
3749462 0 105
3750896 0 105
3752329 0 105
3753886 0 105
3755360 0 106
3756773 0 104
3758248 0 105
3759640 0 105
3761054 0 106
3762590 0 104
3764105 0 105
3765518 0 105
3766952 0 106
3768365 0 104
3769860 0 105
3771273 0 106
3772809 0 104
3774304 0 105
3775778 0 105
3777212 0 106
3778728 0 104
3780243 0 105
3781799 0 105
3783254 0 106
3784769 0 104
3786325 0 105
3787841 0 105
3789336 0 105
3790729 0 105
3792265 0 105
3793698 0 105
3795132 0 106
3796668 0 104
3798101 0 105
3799658 0 105
3801194 0 105
3802750 0 105
3804204 0 106
3805679 0 104
3807174 0 105
3808669 0 106
3810123 0 104
3811679 0 105
3813154 0 105
3814710 0 105
3816246 0 105
3817680 0 105
3819113 0 105
3820588 0 106
3822124 0 104
3823537 0 105
3824971 0 105
3826527 0 106
3828043 0 104
3829517 0 105
3830951 0 105
3832446 0 106
3834002 0 104
3835559 0 105
3837033 0 105
3838426 0 105
3839921 0 105
3841477 0 105
3842952 0 106
3844406 0 104
3845798 0 105
