36015 0 4
37469 0 12
38882 0 10
40356 0 4
41790 0 4
43305 0 3
44739 0 12
46213 0 8
47729 0 5
49163 0 12
50617 0 16
52030 0 21
53566 0 13
55122 0 16
56494 0 26
57969 0 12
59443 0 24
60918 0 20
62454 0 13
64010 0 21
65505 0 24
66959 0 29
68372 0 4
69867 0 24
71403 0 21
72960 0 29
74352 0 11
75827 0 20
77322 0 22
78756 0 22
80230 0 19
81664 0 21
83200 0 25
84674 0 1
86067 0 13
87459 0 35
88852 0 3
90347 0 18
91822 0 19
93296 0 19
94812 0 16
96286 0 18
97740 0 33
99215 0 5
100607 0 13
102061 0 15
103515 0 18
104970 0 23
106383 0 36
107857 0 4
109250 0 14
110704 0 36
112219 0 7
113776 0 16
115209 0 15
116745 0 17
118261 0 28
119715 0 5
121189 0 15
122602 0 20
124057 0 35
125552 0 2
126985 0 17
128439 0 19
130016 0 13
131450 0 14
132883 0 23
134358 0 13
135812 0 33
137225 0 6
138659 0 17
140174 0 27
141567 0 10
143103 0 21
144598 0 34
146052 0 9
147526 0 18
148939 0 13
150373 0 20
151847 0 22
153424 0 21
154899 0 23
156455 0 27
157868 0 4
159302 0 17
160777 0 19
162333 0 24
163869 0 29
165303 0 10
166879 0 23
168415 0 13
169808 0 20
171324 0 35
172880 0 2
174334 0 17
175727 0 18
177242 0 19
178819 0 22
180396 0 19
181891 0 32
183427 0 5
184943 0 13
186458 0 15
187871 0 36
189448 0 8
190984 0 13
192500 0 31
193954 0 6
195510 0 23
197005 0 35
198541 0 12
200077 0 20
201654 0 15
203067 0 25
204603 0 8
206057 0 20
207634 0 14
209109 0 16
210563 0 14
211996 0 19
213491 0 13
214986 0 15
216502 0 28
218058 0 11
219492 0 13
220966 0 16
222420 0 16
223915 0 19
225349 0 35
226885 0 3
228359 0 22
229895 0 24
231390 0 20
232947 0 20
234503 0 29
235896 0 7
237350 0 15
238743 0 35
240299 0 4
241712 0 19
243269 0 18
244723 0 16
246218 0 17
247672 0 22
249228 0 18
250662 0 19
252136 0 35
253570 0 1
255024 0 20
256498 0 20
257973 0 36
259529 0 8
261065 0 14
262540 0 21
264076 0 22
265530 0 21
267004 0 22
268459 0 27
269995 0 4
271387 0 23
272800 0 29
274172 0 3
275606 0 13
277080 0 36
278534 0 10
279989 0 17
281484 0 36
282938 0 10
284474 0 15
286010 0 20
287443 0 35
288897 0 9
290474 0 21
291990 0 24
293464 0 28
294939 0 2
296352 0 19
297765 0 18
299260 0 16
300693 0 24
302209 0 21
303663 0 28
305097 0 9
306653 0 23
308169 0 14
309684 0 26
311200 0 9
312776 0 24
314230 0 14
315664 0 13
317139 0 13
318593 0 32
320026 0 6
321480 0 16
322955 0 17
324368 0 21
325842 0 18
327276 0 18
328689 0 36
330184 0 4
331659 0 23
333174 0 16
334690 0 21
336123 0 14
337516 0 35
338970 0 2
340383 0 22
341939 0 21
343455 0 13
344868 0 23
346322 0 17
347879 0 26
349374 0 6
350848 0 22
352425 0 20
353859 0 17
355374 0 18
356910 0 14
358344 0 24
359818 0 29
361272 0 2
362788 0 21
364283 0 36
365757 0 4
367273 0 24
368727 0 36
370263 0 8
371819 0 14
373335 0 33
374830 0 8
376263 0 18
377840 0 17
379376 0 20
380830 0 16
382325 0 16
383759 0 21
385336 0 32
386872 0 7
388326 0 18
389841 0 33
391357 0 6
392913 0 21
394490 0 15
395985 0 17
397460 0 22
398955 0 15
400450 0 32
401965 0 10
403481 0 18
405058 0 21
406532 0 16
407925 0 23
409440 0 14
410956 0 22
412492 0 32
414028 0 9
415482 0 21
416977 0 34
418513 0 2
419946 0 22
421523 0 14
423059 0 15
424554 0 23
426029 0 21
427606 0 24
429060 0 23
430616 0 33
432111 0 3
433606 0 19
435060 0 35
436596 0 12
438050 0 24
439525 0 15
441061 0 16
442454 0 19
444030 0 34
445485 0 8
447020 0 23
448577 0 35
450031 0 7
451444 0 14
452939 0 17
454414 0 20
455970 0 17
457465 0 21
458940 0 33
460455 0 10
461930 0 24
463404 0 32
464920 0 10
466415 0 22
467910 0 14
469384 0 32
470859 0 5
472395 0 13
473931 0 16
475446 0 28
476941 0 2
478457 0 20
479993 0 17
481406 0 13
482921 0 16
484437 0 23
485973 0 33
487488 0 11
489024 0 24
490417 0 18
491891 0 30
493345 0 8
494922 0 23
496356 0 19
497790 0 21
499244 0 36
500800 0 3
502234 0 21
503667 0 20
505203 0 34
506657 0 10
508173 0 22
509668 0 31
511245 0 6
512699 0 19
514255 0 13
515648 0 17
517040 0 19
518597 0 35
519989 0 3
521444 0 17
522979 0 16
524434 0 23
525847 0 24
527383 0 24
528878 0 14
530311 0 33
531827 0 5
533301 0 15
534837 0 19
536332 0 23
537868 0 22
539425 0 22
540981 0 19
542497 0 29
543930 0 9
545405 0 23
546900 0 17
548354 0 21
549910 0 13
551467 0 25
553023 0 2
554477 0 16
555952 0 35
557488 0 12
558921 0 24
560396 0 23
561932 0 16
563365 0 33
564881 0 10
566335 0 22
567871 0 16
569345 0 20
570861 0 25
572315 0 7
573769 0 17
575223 0 33
576759 0 9
578254 0 13
579729 0 36
581142 0 6
582678 0 24
584070 0 17
585545 0 19
587040 0 13
588555 0 30
589968 0 12
591463 0 18
593020 0 14
594474 0 14
595907 0 19
597484 0 31
598979 0 7
600413 0 20
601990 0 17
603464 0 22
604919 0 19
606454 0 29
607888 0 10
609424 0 19
610919 0 25
612353 0 3
613868 0 20
615363 0 21
616899 0 13
618435 0 27
619971 0 4
621405 0 15
622879 0 30
624251 0 5
625746 0 17
627282 0 15
628757 0 24
630252 0 21
631706 0 21
633201 0 13
634675 0 25
636130 0 1
637522 0 16
638997 0 17
640492 0 16
641905 0 22
643400 0 17
644936 0 14
646431 0 14
647844 0 33
649380 0 8
650813 0 14
652206 0 29
653742 0 1
655155 0 20
656650 0 13
658145 0 25
659640 0 4
661074 0 17
662548 0 14
664043 0 24
665579 0 23
666992 0 14
668426 0 21
669900 0 33
671395 0 6
672890 0 19
674406 0 21
675901 0 23
677314 0 16
678768 0 36
680284 0 4
681676 0 14
683069 0 31
684523 0 2
685956 0 19
687431 0 17
688865 0 26
690339 0 10
691834 0 24
693288 0 15
694804 0 22
696319 0 14
697753 0 31
699227 0 4
700702 0 21
702135 0 19
703610 0 17
705003 0 31
706518 0 12
707931 0 22
709447 0 18
710901 0 28
712355 0 6
713850 0 19
715324 0 30
716696 0 7
718191 0 23
719686 0 36
721120 0 9
722636 0 21
724090 0 32
725626 0 12
727080 0 22
728513 0 36
729988 0 6
731462 0 18
732916 0 29
734329 0 3
735865 0 17
737401 0 32
738835 0 10
740269 0 19
741804 0 15
743299 0 26
744733 0 5
746167 0 20
747621 0 15
749054 0 14
750570 0 14
752065 0 18
753519 0 28
754952 0 5
756386 0 23
757861 0 36
759335 0 12
760810 0 16
762284 0 17
763779 0 31
765295 0 11
766749 0 19
768264 0 18
769718 0 23
771131 0 34
772585 0 6
774101 0 17
775596 0 36
777132 0 4
778668 0 23
780163 0 15
781678 0 16
783050 0 27
784607 0 12
786122 0 23
787679 0 18
789153 0 24
790546 0 26
792000 0 1
793516 0 22
794990 0 17
796465 0 22
798042 0 31
799557 0 6
801113 0 19
802649 0 24
804083 0 14
805558 0 14
807094 0 28
808589 0 4
810043 0 13
811476 0 27
812992 0 8
814548 0 13
816043 0 13
817456 0 21
819013 0 21
820528 0 15
822023 0 14
823416 0 24
824829 0 25
826303 0 8
827758 0 17
829191 0 27
830727 0 8
832202 0 16
833615 0 14
835089 0 24
836502 0 31
838018 0 3
839472 0 16
840987 0 21
842421 0 24
843957 0 23
845452 0 17
846906 0 35
848421 0 2
849896 0 18
851452 0 15
852988 0 18
854545 0 18
856081 0 30
857473 0 11
859030 0 18
860586 0 21
862143 0 15
863638 0 16
865051 0 15
866546 0 33
867980 0 1
869495 0 18
870929 0 17
872485 0 16
873919 0 16
875373 0 27
876868 0 10
878404 0 24
879919 0 17
881394 0 26
882909 0 12
884363 0 13
885899 0 16
887353 0 24
888848 0 19
890302 0 34
891818 0 6
893231 0 21
894767 0 22
896282 0 31
897716 0 11
899150 0 22
900686 0 16
902222 0 33
903757 0 8
905212 0 23
906666 0 27
908161 0 9
909656 0 15
911151 0 30
912564 0 5
913956 0 23
915410 0 19
916844 0 15
918359 0 27
919793 0 9
921309 0 14
922763 0 35
924237 0 3
925773 0 17
927207 0 14
928661 0 22
930094 0 14
931548 0 16
932921 0 28
934334 0 9
935890 0 22
937344 0 20
938901 0 18
954181 0 101
955655 0 101
957130 0 101
958563 0 101
960038 0 101
961492 0 101
962885 0 101
964380 0 101
965875 0 101
967431 0 101
968947 0 102
970442 0 102
971937 0 103
973473 0 101
974947 0 102
976422 0 103
977835 0 101
979227 0 102
980702 0 102
982238 0 102
983712 0 102
985187 0 102
986621 0 103
988198 0 101
989631 0 102
991085 0 102
992601 0 102
994137 0 103
995673 0 101
997188 0 102
998704 0 102
1000178 0 102
1001714 0 102
1003148 0 102
1004684 0 103
1006158 0 101
1007674 0 102
1009107 0 102
1010582 0 102
1012056 0 103
1013490 0 101
1014903 0 102
1016316 0 102
1017811 0 103
1019265 0 101
1020719 0 102
1022194 0 103
1023607 0 101
1025143 0 102
1026597 0 102
1028051 0 102
1029525 0 102
1031020 0 102
1032474 0 103
1034011 0 101
1035567 0 102
1037103 0 102
1038639 0 102
1040072 0 103
1041486 0 101
1042981 0 102
1044496 0 102
1045889 0 103
1047322 0 101
1048838 0 102
1050230 0 102
1051664 0 102
1053057 0 103
1054490 0 101
1055985 0 102
1057398 0 102
1058914 0 102
1060347 0 102
1061883 0 103
1063296 0 101
1064812 0 102
1066245 0 102
1067802 0 102
1069215 0 102
1070649 0 103
1072082 0 101
1073577 0 102
1075134 0 103
1076629 0 101
1078185 0 102
1079619 0 102
1081155 0 102
1082691 0 102
1084186 0 103
1085722 0 101
1087114 0 102
1088630 0 103
1090104 0 101
1091497 0 102
1093033 0 103
1094487 0 101
1096023 0 102
1097559 0 102
1099095 0 102
1100528 0 102
1102003 0 102
1103518 0 102
1104952 0 102
1106365 0 103
1107799 0 101
1109191 0 102
1110686 0 103
1112140 0 101
1113676 0 102
1115171 0 102
1116666 0 102
1118223 0 102
1119738 0 102
1121151 0 103
1122585 0 101
1124059 0 102
1125473 0 103
1127009 0 101
1128483 0 102
1130019 0 102
1131453 0 102
1132948 0 103
1134361 0 101
1135794 0 102
1137310 0 103
1138825 0 101
1140361 0 102
1141774 0 102
1143310 0 102
1144805 0 102
1146321 0 102
1147795 0 103
1149229 0 101
1150683 0 102
1152198 0 102
1153734 0 102
1155229 0 102
1156663 0 103
1158199 0 101
1159674 0 102
1161107 0 103
1162561 0 101
1164077 0 102
1165572 0 103
1167005 0 101
1168439 0 102
1169893 0 102
1171367 0 102
1172862 0 103
1174276 0 101
1175668 0 102
1177204 0 102
1178597 0 102
1180071 0 102
1181464 0 103
1182918 0 101
1184433 0 102
1185928 0 103
1187403 0 101
1188918 0 102
1190393 0 102
1191847 0 102
1193383 0 102
1194878 0 102
1196394 0 103
1197848 0 101
1199302 0 102
1200735 0 102
1202148 0 103
1203602 0 101
1205077 0 102
1206551 0 102
1208006 0 103
1209521 0 101
1211037 0 102
1212552 0 102
1213986 0 102
1215481 0 102
1216996 0 102
1218553 0 102
1220007 0 103
1221563 0 101
1223058 0 102
1224553 0 102
1226028 0 102
1227441 0 102
1228915 0 103
1230328 0 101
1231741 0 102
1233216 0 102
1234629 0 102
1236063 0 102
1237476 0 103
1238950 0 101
1240363 0 102
1241817 0 102
1243210 0 102
1244705 0 102
1246241 0 102
1247695 0 103
1249170 0 101
1250665 0 102
1252119 0 103
1253532 0 101
1255027 0 102
1256419 0 102
1257832 0 102
1259327 0 102
1260741 0 102
1262256 0 103
1263813 0 101
1265349 0 102
1266782 0 103
1268195 0 101
1269690 0 102
1271206 0 102
1272680 0 102
1274114 0 102
1275527 0 103
1277042 0 101
1278537 0 102
1280032 0 102
1281486 0 102
1282920 0 103
1284476 0 101
1285890 0 102
1287344 0 103
1288900 0 101
1290313 0 102
1291726 0 102
1293160 0 103
1294634 0 101
1296088 0 102
1297502 0 103
1299038 0 101
1300492 0 102
1301946 0 102
1303420 0 102
1304813 0 102
1306226 0 102
1307680 0 102
1309216 0 103
1310731 0 101
1312247 0 102
1313742 0 103
1315237 0 101
1316650 0 102
1318104 0 102
1319620 0 103
1321196 0 101
1322589 0 102
1323982 0 103
1325456 0 101
1326931 0 102
1328426 0 102
1329962 0 102
1331436 0 102
1332972 0 102
1334488 0 102
1335880 0 102
1337293 0 103
1338788 0 101
1340181 0 102
1341717 0 103
1343171 0 101
1344605 0 102
1346059 0 102
1347574 0 102
1348967 0 102
1350380 0 102
1351773 0 102
1353247 0 103
1354783 0 101
1356217 0 102
1357630 0 102
1359022 0 102
1360497 0 102
1362033 0 103
1363487 0 101
1364900 0 102
1366334 0 103
1367747 0 101
1369201 0 102
1370716 0 103
1372191 0 101
1373747 0 102
1375140 0 102
1376655 0 102
1378048 0 102
1379584 0 102
1381120 0 102
1382513 0 103
1383946 0 101
1385421 0 102
1386875 0 102
1388370 0 102
1389824 0 103
1391278 0 101
1392691 0 102
1394104 0 102
1395599 0 102
1397094 0 102
1398589 0 102
1400084 0 103
1401641 0 101
1403177 0 102
1404631 0 103
1406126 0 101
1407580 0 102
1409116 0 103
1410693 0 101
1412126 0 102
1413621 0 103
1415178 0 101
1416734 0 102
1418127 0 102
1419519 0 102
1421055 0 103
1422509 0 101
1423963 0 102
1425479 0 103
1426974 0 101
1428469 0 102
1430005 0 103
1431520 0 101
1432974 0 102
1434490 0 102
1435882 0 102
1437296 0 102
1438811 0 102
1440245 0 102
1441760 0 103
1443276 0 101
1444668 0 102
1446163 0 102
1447576 0 103
1449092 0 101
1450587 0 102
1452123 0 102
1453597 0 103
1455154 0 101
1456649 0 102
1458164 0 102
1459659 0 102
1461195 0 103
1462629 0 101
1464144 0 102
1465660 0 102
1467134 0 102
1468670 0 102
1470083 0 102
1471558 0 103
1473094 0 101
1474487 0 102
1475879 0 103
1477292 0 101
1478746 0 102
1480159 0 102
1481634 0 103
1483170 0 101
1484665 0 102
1486180 0 103
1487594 0 101
1489048 0 102
1490563 0 102
1492038 0 102
1493594 0 103
1495089 0 101
1496502 0 102
1497956 0 102
1499513 0 102
1500905 0 102
1502400 0 102
1503916 0 102
1505349 0 103
1506885 0 101
1508278 0 102
1509814 0 102
1511207 0 102
1512722 0 103
1514135 0 101
1515589 0 102
1516982 0 103
1518559 0 101
1520013 0 102
1521569 0 102
1523044 0 102
1524539 0 102
1525952 0 102
1527345 0 103
1528778 0 101
1530171 0 102
1531666 0 102
1533202 0 103
1534758 0 101
1536315 0 102
1537707 0 102
1539100 0 102
1540574 0 102
1542008 0 102
1543421 0 103
1544937 0 101
1546370 0 102
1547804 0 103
1549299 0 101
1550814 0 102
1552330 0 103
1553743 0 101
1555176 0 102
1556589 0 102
1558003 0 102
1559416 0 102
1560808 0 102
1562242 0 103
1563716 0 101
1565130 0 102
1566686 0 103
1568242 0 101
1569676 0 102
1571151 0 103
1572646 0 101
1574100 0 102
1575554 0 103
1577028 0 101
1578462 0 102
1579977 0 102
1581534 0 103
1583008 0 101
1584483 0 102
1586019 0 102
1587473 0 102
1588947 0 102
1590463 0 102
1591855 0 102
1593371 0 103
1594886 0 101
1596321 0 102
1597856 0 102
1599290 0 102
1600805 0 102
1602239 0 103
1603652 0 101
1605167 0 102
1606703 0 102
1608198 0 102
1609632 0 102
1611045 0 102
1612458 0 103
1613994 0 101
1615489 0 102
1616882 0 102
1618397 0 102
1619872 0 103
1621408 0 101
1622821 0 102
1624275 0 102
1625667 0 103
1627142 0 101
1628616 0 102
1630152 0 102
1631627 0 103
1633163 0 101
1634576 0 102
1636071 0 102
1637505 0 102
1639020 0 102
1640536 0 102
1641928 0 102
1643423 0 103
1644877 0 101
1646393 0 102
1647929 0 102
1649383 0 103
1650898 0 101
1652332 0 102
1653806 0 102
1655240 0 102
1656633 0 102
1658066 0 102
1659582 0 102
1661097 0 103
1662613 0 101
1664087 0 102
1665603 0 103
1667036 0 101
1668449 0 102
1669924 0 102
1671419 0 103
1672914 0 101
1674450 0 102
1675986 0 102
1677481 0 103
1678894 0 101
1680327 0 102
1681823 0 102
1683297 0 102
1684772 0 102
1686267 0 102
1687721 0 102
1689216 0 103
1690629 0 101
1692124 0 102
1693598 0 102
1695073 0 102
1696465 0 102
1697960 0 102
1699455 0 103
1700971 0 101
1702445 0 102
1703961 0 102
1705374 0 102
1706828 0 102
1708241 0 103
1709675 0 101
1711190 0 102
1712665 0 103
1714201 0 101
1715716 0 102
1717211 0 102
1718645 0 102
1720099 0 102
1721533 0 102
1722946 0 102
1724338 0 103
1725874 0 101
1727287 0 102
1728741 0 103
1730216 0 101
1731670 0 102
1733124 0 102
1734640 0 102
1736032 0 103
1737445 0 101
1738838 0 102
1740251 0 102
1741644 0 102
1743098 0 102
1744593 0 103
1746006 0 101
1747398 0 102
1748811 0 103
1750306 0 101
1751801 0 102
1753276 0 102
1754730 0 102
1756123 0 103
1757597 0 101
1759113 0 102
1760567 0 102
1762021 0 102
1763516 0 102
1765031 0 102
1766424 0 102
1767817 0 102
1769250 0 103
1770704 0 101
1772240 0 102
1773674 0 102
1775169 0 102
1776561 0 102
1778036 0 103
1779531 0 101
1780985 0 102
1782418 0 103
1783975 0 101
1785388 0 102
1786781 0 102
1788276 0 103
1789812 0 101
1791204 0 102
1792699 0 102
1794235 0 102
1795669 0 102
1797205 0 102
1798659 0 102
1800113 0 103
1801587 0 101
1803042 0 102
1804434 0 102
1805868 0 102
1807301 0 102
1808837 0 102
1810271 0 102
1811684 0 103
1813240 0 101
1814776 0 102
1816333 0 102
1817869 0 102
1819282 0 102
1820736 0 102
1822169 0 103
1823624 0 101
1825098 0 102
1826573 0 103
1828027 0 101
1829460 0 102
1830955 0 103
1832409 0 101
1833802 0 102
1835317 0 102
1836751 0 102
1838164 0 102
1839680 0 102
1841072 0 103
1842567 0 101
1844001 0 102
1845455 0 103
1846888 0 101
1848404 0 102
1849919 0 102
1904721 0 37
1906237 0 40
1907650 0 48
1909145 0 42
1910558 0 42
1912032 0 38
1913507 0 43
1914961 0 38
1916476 0 37
1917971 0 40
1919364 0 49
1920777 0 53
1922293 0 55
1923829 0 70
1925303 0 48
1926819 0 58
1928396 0 49
1929829 0 53
1931386 0 56
1932901 0 55
1934417 0 61
1935973 0 43
1937489 0 59
1939045 0 63
1940581 0 48
1942097 0 53
1943530 0 53
1944984 0 69
1946541 0 43
1948015 0 58
1949469 0 62
1950903 0 44
1952459 0 52
1953872 0 52
1955285 0 50
1956842 0 57
1958296 0 60
1959750 0 50
1961245 0 63
1962720 0 45
1964276 0 57
1965812 0 72
1967307 0 46
1968884 0 58
1970379 0 63
1971894 0 48
1973308 0 54
1974741 0 50
1976277 0 52
1977854 0 49
1979288 0 69
1980824 0 41
1982237 0 51
1983752 0 53
1985247 0 52
1986783 0 57
1988196 0 58
1989712 0 49
1991125 0 72
1992640 0 42
1994135 0 60
1995671 0 69
1997207 0 38
1998641 0 51
2000156 0 58
2001733 0 52
2003208 0 54
2004744 0 51
2006136 0 71
2007570 0 42
2009106 0 49
2010580 0 49
2012137 0 58
2013714 0 56
2015209 0 61
2016765 0 43
2018219 0 55
2019755 0 61
2021230 0 48
2022643 0 54
2024199 0 58
2025756 0 50
2027292 0 55
2028787 0 68
2030200 0 38
2031695 0 59
2033129 0 64
2034583 0 48
2036098 0 52
2037552 0 70
2038904 0 44
2040460 0 55
2041935 0 58
2043512 0 49
2044945 0 50
2046481 0 50
2048017 0 62
2049533 0 46
2051028 0 51
2052461 0 58
2053997 0 66
2055554 0 37
2057008 0 51
2058503 0 59
2059998 0 63
2061472 0 44
2063029 0 52
2064483 0 50
2065937 0 57
2067350 0 66
2068763 0 44
2070258 0 55
2071712 0 58
2073166 0 60
2074661 0 57
2076218 0 55
2077672 0 63
2079146 0 44
2080703 0 57
2082136 0 68
2083631 0 39
2085126 0 52
2086683 0 63
2088096 0 42
2089652 0 58
2091188 0 55
2092745 0 50
2094260 0 50
2095714 0 67
2097127 0 48
2098622 0 52
2100056 0 59
2101612 0 51
2103128 0 56
2104541 0 50
2106077 0 54
2107613 0 64
2109149 0 42
2110685 0 52
2112159 0 53
2113716 0 59
2115252 0 53
2116685 0 55
2118160 0 51
2119553 0 70
2121048 0 45
2122543 0 57
2124017 0 57
2125471 0 49
2126925 0 51
2128441 0 52
2129915 0 65
2131472 0 44
2132967 0 60
2134503 0 69
2136039 0 42
2137534 0 58
2138988 0 55
2140462 0 57
2142039 0 56
2143596 0 54
2145009 0 49
2146401 0 59
2147876 0 68
2149391 0 37
2150886 0 52
2152361 0 65
2153815 0 46
2155331 0 58
2156826 0 56
2158280 0 67
2159693 0 47
2161249 0 54
2162683 0 52
2164137 0 52
2165652 0 61
2167086 0 40
2168540 0 58
2170055 0 60
2171489 0 51
2172984 0 58
2174459 0 55
2176015 0 54
2177449 0 57
2178903 0 61
2180439 0 44
2181913 0 59
2183388 0 49
2184862 0 56
2186316 0 57
2187873 0 55
2189429 0 68
2190863 0 37
2192399 0 54
2193832 0 62
2195327 0 45
2196761 0 59
2198174 0 58
2199628 0 49
2201062 0 50
2202557 0 55
2204011 0 57
2205444 0 65
2206980 0 43
2208455 0 59
2209909 0 63
2211342 0 38
2212796 0 52
2214291 0 66
2215827 0 45
2217240 0 53
2218695 0 55
2220149 0 70
2221500 0 44
2222934 0 51
2224367 0 69
2225842 0 43
2227337 0 58
2228832 0 51
2230286 0 72
2231781 0 37
2233194 0 55
2234648 0 57
2236123 0 70
2237577 0 44
2239072 0 49
2240526 0 57
2241980 0 57
2243557 0 55
2244990 0 64
2246403 0 41
2247858 0 60
2249332 0 71
2250745 0 42
2252240 0 49
2253735 0 55
2255169 0 67
2256623 0 37
2258036 0 52
2259592 0 50
2261005 0 52
2262541 0 54
2264036 0 56
2265552 0 58
2267006 0 53
2268419 0 71
2269832 0 47
2271266 0 60
2272761 0 52
2274174 0 70
2275689 0 38
2277164 0 60
2278720 0 67
2280236 0 48
2281690 0 59
2283206 0 69
2284782 0 43
2286277 0 58
2287793 0 59
2289247 0 50
2290803 0 52
2292339 0 54
2293855 0 58
2295329 0 69
2296804 0 46
2298340 0 56
2299814 0 60
2301330 0 53
2302784 0 58
2304299 0 65
2305835 0 45
2307351 0 58
2308866 0 52
2310320 0 56
2311856 0 50
2313351 0 52
2314887 0 55
2316403 0 65
2317857 0 39
2319332 0 53
2320827 0 52
2322240 0 57
2323673 0 64
2325107 0 43
2326581 0 57
2328117 0 69
2329674 0 48
2331148 0 58
2332623 0 68
2334036 0 43
2335572 0 49
2337128 0 67
2338562 0 37
2340036 0 56
2341593 0 54
2343006 0 59
2344522 0 58
2346057 0 51
2347552 0 57
2349047 0 65
2350440 0 39
2351894 0 56
2353430 0 59
2354884 0 64
2356379 0 48
2357874 0 55
2359349 0 60
2360823 0 50
2362318 0 60
2363772 0 59
2365206 0 59
2366721 0 70
2368134 0 37
2369609 0 56
2371125 0 50
2372640 0 49
2374094 0 54
2375528 0 65
2377002 0 44
2378436 0 57
2379951 0 54
2381467 0 59
2382900 0 66
2384334 0 41
2385767 0 60
2387181 0 55
2388635 0 55
2390130 0 54
2391522 0 57
2392956 0 58
2394410 0 60
2395864 0 62
2397359 0 40
2398772 0 53
2400329 0 53
2401762 0 55
2403196 0 66
2404691 0 38
2406124 0 56
2407537 0 68
2408971 0 39
2410445 0 54
2411838 0 54
2413313 0 50
2414767 0 58
2416221 0 51
2417695 0 57
2419231 0 61
2420726 0 41
2422262 0 56
2423737 0 53
2425293 0 70
2426788 0 46
2428222 0 54
2429717 0 60
2431253 0 69
2432748 0 44
2434284 0 55
2435697 0 55
2437274 0 51
2438748 0 49
2440202 0 58
2441697 0 57
2443254 0 66
2444810 0 38
2446223 0 58
2447657 0 72
2449193 0 47
2450688 0 60
2452183 0 49
2453617 0 55
2455091 0 58
2456566 0 71
2458081 0 37
2459494 0 55
2461030 0 61
2462443 0 48
2464000 0 53
2465495 0 52
2467031 0 57
2468526 0 49
2469959 0 50
2471454 0 71
2472888 0 44
2474383 0 60
2475796 0 63
2477250 0 45
2478807 0 60
2480240 0 72
2481735 0 39
2483251 0 50
2484725 0 56
2486138 0 51
2487572 0 53
2489046 0 60
2490562 0 52
2492016 0 51
2493572 0 72
2495088 0 43
2496624 0 51
2498078 0 60
2499511 0 51
2500925 0 60
2502440 0 62
2503853 0 38
2505410 0 49
2506802 0 50
2508215 0 53
2509628 0 60
2511144 0 57
2512721 0 66
2514175 0 48
2515588 0 51
2517103 0 63
2518619 0 40
2520052 0 55
2521527 0 67
2522981 0 43
2524415 0 51
2525869 0 63
2527405 0 46
2528818 0 60
2530313 0 65
2531869 0 43
2533303 0 57
2534880 0 61
2536436 0 41
2537890 0 51
2539344 0 71
2540778 0 43
2542211 0 58
2543686 0 63
2545222 0 40
2546717 0 49
2548212 0 57
2549789 0 55
2551222 0 67
2552738 0 48
2554192 0 53
2555646 0 50
2557080 0 56
2558595 0 62
2560049 0 41
2561462 0 49
2562875 0 58
2564411 0 50
2565845 0 57
2567360 0 52
2568774 0 63
2570269 0 41
2571764 0 60
2573320 0 58
2574754 0 59
2576269 0 61
2577785 0 43
2579198 0 49
2580672 0 67
2582208 0 38
2583703 0 54
2585239 0 50
2586652 0 51
2588045 0 51
2589458 0 65
2590912 0 44
2592366 0 51
2593759 0 53
2595172 0 68
2596728 0 41
2598203 0 54
2599739 0 55
2601213 0 60
2602626 0 53
2604101 0 70
2605616 0 44
2607091 0 53
2608504 0 57
2609938 0 57
2611494 0 50
2612989 0 65
2614525 0 40
2616000 0 50
2617454 0 59
2618990 0 70
2620362 0 45
2621898 0 56
2623393 0 55
2624867 0 69
2626403 0 41
2627919 0 56
2629434 0 61
2630847 0 40
2632342 0 57
2633796 0 51
2635332 0 70
2636786 0 47
2638261 0 57
2639756 0 57
2641210 0 59
2642623 0 67
2644159 0 46
2645695 0 60
2647211 0 57
2648665 0 52
2650221 0 58
2651798 0 53
2653313 0 62
2654829 0 42
2656242 0 53
2657778 0 53
2659314 0 51
2660768 0 69
2662243 0 45
2663656 0 57
2665110 0 59
2666666 0 50
2668182 0 54
2669615 0 58
2671131 0 50
2672564 0 70
2673936 0 42
2675350 0 54
2676886 0 58
2678360 0 56
2679855 0 58
2681391 0 50
2682907 0 72
2684381 0 40
2685938 0 56
2687392 0 72
2688825 0 40
2690361 0 53
2691877 0 53
2693310 0 59
2694846 0 68
2696362 0 48
2697898 0 50
2699393 0 67
2700847 0 48
2702280 0 59
2703775 0 49
2705270 0 52
2706806 0 53
2708219 0 67
2709673 0 37
2711168 0 52
2712643 0 56
2714097 0 58
2715654 0 58
2717087 0 67
2718500 0 42
2719954 0 51
2721490 0 50
2723047 0 60
2724521 0 49
2726057 0 63
2727573 0 42
2729006 0 57
2730542 0 58
2732058 0 52
2733635 0 57
2735212 0 68
2736727 0 42
2738243 0 60
2739635 0 66
2741110 0 44
2742584 0 57
2744120 0 49
2745636 0 59
2747110 0 51
2748544 0 66
2749998 0 39
2751472 0 55
2753049 0 66
2754483 0 40
2755998 0 49
2757452 0 63
2758968 0 37
2760442 0 56
2761999 0 53
2763412 0 57
2764968 0 64
2766423 0 44
2767856 0 54
2769310 0 51
2770846 0 59
2772382 0 55
2773877 0 54
2775393 0 61
2776908 0 44
2778424 0 49
2779939 0 51
2781373 0 66
2782786 0 48
2784342 0 56
2785837 0 52
2787373 0 61
2788827 0 38
2790281 0 53
2791735 0 65
2793190 0 47
2794623 0 59
2796098 0 60
2797531 0 53
2798985 0 51
2800501 0 62
2801914 0 40
2803450 0 55
2804904 0 49
2806460 0 60
2807873 0 50
2841418 0 104
2842933 0 104
2844449 0 104
2846005 0 104
2847521 0 104
2849016 0 104
2850449 0 104
2851924 0 104
2853419 0 104
2854914 0 104
2856409 0 105
2857945 0 105
2859419 0 105
2860894 0 106
2862307 0 104
2863699 0 105
2865133 0 106
2866669 0 104
2868205 0 105
2869598 0 105
2871011 0 105
2872567 0 105
2874103 0 106
2875537 0 104
2877093 0 105
2878486 0 105
2879940 0 105
2881455 0 105
2882991 0 106
2884527 0 104
2886043 0 105
2887579 0 105
2889053 0 105
2890507 0 105
2892023 0 106
2893579 0 104
2895074 0 105
2896487 0 105
2897941 0 105
2899395 0 105
2900890 0 106
2902385 0 104
2903881 0 105
2905416 0 105
2906973 0 105
2908366 0 105
2909779 0 105
2911212 0 106
2912666 0 104
2914202 0 105
2915718 0 105
2917172 0 105
2918687 0 105
2920203 0 105
2921677 0 105
2923193 0 106
2924626 0 104
2926162 0 105
2927596 0 106
2929091 0 104
2930606 0 105
2932163 0 105
2933617 0 105
2935030 0 105
2936566 0 105
2938000 0 105
2939392 0 106
2940846 0 104
2942321 0 105
2943734 0 105
2945147 0 105
2946642 0 105
2948178 0 105
2949632 0 105
2951148 0 105
2952561 0 106
2954076 0 104
2955633 0 105
2957046 0 105
2958582 0 106
2960015 0 104
2961428 0 105
2962964 0 106
2964459 0 104
2965872 0 105
2967408 0 106
2968842 0 104
2970316 0 105
2971832 0 105
2973286 0 105
2974822 0 105
2976276 0 105
2977751 0 105
2979225 0 105
2980720 0 106
2982215 0 104
2983628 0 105
2985103 0 105
2986557 0 105
2988031 0 105
2989465 0 105
2990878 0 106
2992353 0 104
2993766 0 105
2995281 0 105
2996817 0 105
2998312 0 105
2999787 0 105
3001220 0 105
3002674 0 106
3004190 0 104
3005603 0 105
3007036 0 105
3008593 0 105
3009986 0 105
3011440 0 105
3012853 0 105
3014409 0 106
3015884 0 104
3017440 0 105
3018833 0 106
3020266 0 104
3021679 0 105
3023092 0 105
3024506 0 105
3025960 0 106
3027455 0 104
3028950 0 105
3030486 0 105
3032022 0 105
3033558 0 106
3035012 0 104
3036527 0 105
3037981 0 105
3039394 0 106
3040930 0 104
3042466 0 105
3043982 0 105
3045374 0 105
3046808 0 105
3048262 0 105
3049777 0 106
3051293 0 104
3052768 0 105
3054181 0 105
3055696 0 105
3057191 0 105
3058584 0 106
3060140 0 104
3061594 0 105
3063089 0 105
3064523 0 105
3066038 0 106
3067533 0 104
3068987 0 105
3070523 0 105
3071936 0 106
3073493 0 104
3075008 0 105
3076524 0 105
3077916 0 106
3079350 0 104
3080784 0 105
3082320 0 105
3083835 0 105
3085351 0 106
3086866 0 104
3088300 0 105
3089815 0 105
3091290 0 106
3092785 0 104
3094198 0 105
3095672 0 106
3097085 0 104
3098560 0 105
3099994 0 105
3101448 0 105
3102840 0 105
3104294 0 105
3105748 0 106
3107243 0 104
3108759 0 105
3110172 0 106
3111646 0 104
3113141 0 105
3114677 0 105
3116070 0 105
3117565 0 105
3118978 0 106
3120432 0 104
3121989 0 105
3123484 0 106
3124897 0 104
3126330 0 105
3127887 0 106
3129320 0 104
3130774 0 105
3132290 0 105
3133805 0 105
3135280 0 105
3136816 0 105
3138352 0 105
3139867 0 106
3141280 0 104
3142816 0 105
3144373 0 105
3145847 0 106
3147342 0 104
3148858 0 105
3150251 0 105
3151705 0 106
3153118 0 104
3154572 0 105
3156128 0 105
3157685 0 106
3159139 0 104
3160572 0 105
3162047 0 106
3163480 0 104
3164914 0 105
3166470 0 105
3168006 0 105
3169542 0 106
3171017 0 104
3172512 0 105
3174027 0 106
3175461 0 104
3177017 0 105
3178512 0 105
3180028 0 106
3181441 0 104
3182895 0 105
3184349 0 106
3185865 0 104
3187257 0 105
3188711 0 105
3190165 0 105
3191640 0 105
3193135 0 106
3194589 0 104
3196145 0 105
3197559 0 105
3199033 0 106
3200487 0 104
3202023 0 105
3203436 0 105
3204849 0 106
3206283 0 104
3207819 0 105
3209252 0 105
3210747 0 106
3212161 0 104
3213574 0 105
3215007 0 106
3216420 0 104
3217936 0 105
3219431 0 105
3220926 0 105
3222421 0 105
3223813 0 105
3225349 0 105
3226844 0 105
3228319 0 106
3229814 0 104
3231288 0 105
3232824 0 106
3234340 0 104
3235814 0 105
3237289 0 106
3238825 0 104
3240361 0 105
3241795 0 105
3243269 0 105
3244805 0 105
3246362 0 105
3247775 0 105
3249311 0 106
3250847 0 104
3252301 0 105
3253714 0 105
3255168 0 105
3256663 0 106
3258096 0 104
3259653 0 105
3261148 0 105
3262581 0 105
3264015 0 105
3265510 0 105
3266923 0 105
3268439 0 105
3269954 0 106
3271408 0 104
3272903 0 105
3274439 0 105
3275955 0 105
3277388 0 105
3278822 0 106
3280378 0 104
3281935 0 105
3283409 0 106
3284822 0 104
3286358 0 105
3287915 0 105
3289369 0 105
3290864 0 105
3292318 0 105
3293813 0 105
3295369 0 106
3296885 0 104
3298359 0 105
3299895 0 105
3301329 0 106
3302803 0 104
3304257 0 105
3305752 0 105
3307247 0 106
3308742 0 104
3310156 0 105
3311630 0 105
3313125 0 105
3314518 0 105
3315972 0 106
3317446 0 104
3318941 0 105
3320498 0 105
3321931 0 106
3323467 0 104
3325003 0 105
3326416 0 105
3327891 0 105
3329427 0 105
3330963 0 106
3332356 0 104
3333789 0 105
3335223 0 106
3336738 0 104
3338295 0 105
3339749 0 105
3341305 0 105
3342841 0 105
3344357 0 105
3345872 0 105
3347408 0 106
3348842 0 104
3350398 0 105
3351893 0 105
3353429 0 105
3354863 0 105
3356378 0 106
3357935 0 104
3359491 0 105
3360945 0 106
3362379 0 104
3363853 0 105
3365369 0 106
3366864 0 104
3368379 0 105
3369895 0 106
3371410 0 104
3372864 0 105
3374257 0 105
3375813 0 105
3377206 0 106
3378742 0 104
3380175 0 105
3381630 0 105
3383145 0 105
3384640 0 105
3386033 0 105
3387487 0 105
3388941 0 106
3390497 0 104
3392054 0 105
3393446 0 106
3394880 0 104
3396334 0 105
3397727 0 106
3399222 0 104
3400737 0 105
3402273 0 106
3403707 0 104
3405243 0 105
3406676 0 106
3408089 0 104
3409564 0 105
3411059 0 106
3412472 0 104
3413926 0 105
3415400 0 106
3416916 0 104
3418390 0 105
3419906 0 105
3421360 0 105
3422896 0 105
3424330 0 105
3425866 0 105
3427402 0 105
3428794 0 106
3430289 0 104
3431723 0 105
3433115 0 106
3434672 0 104
3436085 0 105
3437559 0 106
3439054 0 104
3440447 0 105
3441942 0 106
3443458 0 104
3444871 0 105
3446386 0 105
3447840 0 106
3449294 0 104
3450830 0 105
3452387 0 106
3453923 0 104
3455377 0 105
3456913 0 105
3458449 0 105
3459985 0 105
3461418 0 105
3462954 0 106
3464388 0 104
3465883 0 105
3467337 0 105
3468873 0 105
3470265 0 105
3471740 0 106
3473276 0 104
3474689 0 105
3476164 0 105
3477638 0 105
3479113 0 105
3480526 0 105
3482021 0 105
3483516 0 105
3485011 0 106
3486526 0 104
3487980 0 105
3489393 0 105
3490827 0 105
3492342 0 106
3493858 0 104
3495394 0 105
3496848 0 105
3498302 0 106
3499797 0 104
3501313 0 105
3502787 0 105
3504221 0 105
3505736 0 105
3507272 0 105
3508706 0 105
3510221 0 105
3511696 0 106
3513150 0 104
3514706 0 105
3516222 0 106
3517758 0 104
3519212 0 105
3520707 0 106
3522140 0 104
3523615 0 105
3525048 0 105
3526482 0 105
3528018 0 105
3529513 0 105
3530947 0 106
3532442 0 104
3533896 0 105
3535329 0 105
3536742 0 105
3538217 0 105
3539630 0 105
3541145 0 106
3542702 0 104
3544156 0 105
3545569 0 105
3546982 0 105
3548436 0 105
3549870 0 106
3551385 0 104
3552839 0 105
3554314 0 105
3555809 0 105
3557242 0 106
3558676 0 104
3560110 0 105
3561543 0 105
3562977 0 105
3564492 0 105
3565926 0 106
3567359 0 104
3568875 0 105
3570329 0 106
3571742 0 104
3573217 0 105
3574691 0 105
3576166 0 105
3577620 0 105
3579156 0 105
3580651 0 105
3582207 0 105
3583764 0 106
3585197 0 104
3586651 0 105
3588167 0 105
3589662 0 105
3591095 0 105
3592508 0 106
3594044 0 104
3595498 0 105
3596912 0 106
3598386 0 104
3599840 0 105
3601233 0 105
3602666 0 105
3604182 0 105
3605636 0 106
3607090 0 104
3608605 0 105
3610018 0 105
3611473 0 105
3612988 0 106
3614504 0 104
3615917 0 105
3617432 0 105
3618886 0 106
3620340 0 104
3621835 0 105
3623371 0 105
3624928 0 105
3626361 0 105
3627795 0 105
3629310 0 106
3630785 0 104
3632198 0 105
3633631 0 106
3635167 0 104
3636642 0 105
3638035 0 105
3639509 0 105
3640943 0 105
3642376 0 106
3643851 0 104
3645346 0 105
3646882 0 105
3648418 0 106
3649913 0 104
3651428 0 105
3652882 0 106
3654377 0 104
3655913 0 105
3657306 0 105
3658780 0 105
3660275 0 105
3661771 0 105
3663286 0 106
3664842 0 104
3666378 0 105
3667792 0 105
3669205 0 106
3670597 0 104
3672133 0 105
3673526 0 106
3674959 0 104
3676475 0 105
3677990 0 105
3679526 0 105
3681001 0 105
3682557 0 106
3683991 0 104
3685445 0 105
3686858 0 105
3688292 0 105
3689807 0 106
3691302 0 104
3692695 0 105
3694251 0 105
3695705 0 106
3697139 0 104
3698531 0 105
3700006 0 105
3701460 0 105
3702894 0 105
3704286 0 105
3705822 0 106
3707358 0 104
3708751 0 105
3710225 0 105
3711618 0 105
3713011 0 106
3714444 0 104
3715939 0 105
3717434 0 105
3718991 0 106
3720404 0 104
3721817 0 105
3723230 0 105
3724786 0 106
3726322 0 104
3727858 0 105
3729374 0 105
3730848 0 106
3732384 0 104
3733777 0 105
3735210 0 105
3736685 0 106
3738221 0 104
3739737 0 105
3741150 0 105
