20978 0 2
22494 0 10
24030 0 2
25443 0 6
26958 0 6
28474 0 10
29928 0 5
31341 0 7
32918 0 3
34372 0 4
35806 0 18
37342 0 13
38775 0 20
40270 0 17
41806 0 16
43178 0 24
44694 0 30
46148 0 1
47684 0 23
49117 0 32
50592 0 1
51984 0 23
53418 0 18
54974 0 26
56469 0 2
57903 0 24
59316 0 31
60873 0 11
62286 0 19
63801 0 30
65173 0 12
66689 0 14
68163 0 28
69658 0 5
71071 0 13
72587 0 22
74164 0 21
75597 0 31
77031 0 1
78547 0 23
79980 0 32
81414 0 2
82806 0 19
84301 0 23
85776 0 23
87332 0 14
88807 0 20
90343 0 34
91797 0 5
93312 0 24
94828 0 16
96261 0 23
97797 0 16
99170 0 17
100644 0 27
102139 0 5
103552 0 24
104945 0 26
106317 0 10
107791 0 18
109266 0 22
110802 0 18
112297 0 34
113833 0 8
115369 0 22
116864 0 24
118318 0 22
119772 0 20
121308 0 24
122721 0 19
124278 0 32
125814 0 10
127288 0 17
128763 0 26
130278 0 3
131814 0 17
133227 0 23
134661 0 18
136094 0 20
137671 0 23
139207 0 35
140764 0 9
142259 0 14
143774 0 17
145228 0 31
146805 0 4
148341 0 24
149795 0 32
151290 0 5
152724 0 19
154301 0 13
155775 0 22
157291 0 28
158765 0 6
160199 0 21
161612 0 18
163107 0 16
164500 0 14
165995 0 32
167510 0 8
169067 0 16
170521 0 19
172098 0 19
173531 0 17
175026 0 15
176501 0 19
178037 0 34
179470 0 1
180883 0 14
182337 0 21
183750 0 22
185205 0 18
186761 0 30
188256 0 3
189730 0 13
191246 0 30
192618 0 12
194134 0 21
195711 0 16
197103 0 23
198639 0 15
200073 0 34
201568 0 4
203042 0 21
204455 0 21
205868 0 24
207384 0 15
208940 0 26
210415 0 8
211889 0 15
213405 0 18
214982 0 33
216415 0 6
217869 0 15
219283 0 29
220737 0 9
222273 0 20
223788 0 14
225304 0 21
226881 0 28
228294 0 5
229727 0 18
231243 0 22
232758 0 15
234151 0 24
235687 0 14
237182 0 14
238574 0 23
240090 0 31
241503 0 7
243080 0 23
244616 0 34
246029 0 3
247524 0 22
249101 0 24
250514 0 23
251989 0 18
253565 0 29
255020 0 12
256556 0 19
258051 0 20
259525 0 21
261061 0 24
262495 0 32
264031 0 12
265505 0 21
266939 0 14
268352 0 32
269765 0 3
271158 0 20
272653 0 16
274045 0 20
275499 0 13
276912 0 25
278448 0 5
279902 0 21
281377 0 18
282933 0 31
284387 0 4
285759 0 21
287213 0 18
288729 0 16
290245 0 16
291678 0 28
293153 0 9
294730 0 21
296266 0 19
297761 0 13
299256 0 13
300710 0 30
302123 0 2
303536 0 20
305010 0 15
306444 0 24
307877 0 14
309270 0 20
310806 0 21
312342 0 35
313898 0 6
315414 0 22
316929 0 33
318404 0 11
319940 0 19
321394 0 15
322787 0 15
324241 0 16
325736 0 20
327313 0 16
328705 0 27
330241 0 9
331736 0 15
333272 0 24
334808 0 16
336283 0 17
337778 0 18
339293 0 30
340706 0 7
342181 0 14
343614 0 14
345007 0 20
346543 0 15
348099 0 31
349513 0 7
351049 0 15
352564 0 20
354100 0 14
355534 0 22
356967 0 13
358483 0 24
359875 0 26
361309 0 4
362824 0 20
364299 0 22
365773 0 35
367268 0 1
368784 0 23
370217 0 13
371712 0 22
373228 0 21
374703 0 15
376136 0 30
377631 0 3
379085 0 23
380519 0 19
381993 0 22
383529 0 26
385004 0 10
386581 0 14
388035 0 21
389489 0 19
391004 0 16
392479 0 14
394015 0 30
395428 0 8
396964 0 13
398500 0 27
400015 0 3
401408 0 19
402964 0 17
404378 0 17
405832 0 18
407265 0 14
408740 0 31
410276 0 6
411771 0 17
413225 0 24
414740 0 14
416235 0 13
417689 0 16
419164 0 27
420659 0 2
422133 0 22
423649 0 23
425082 0 35
426598 0 12
428032 0 18
429588 0 13
431103 0 33
432660 0 3
434093 0 19
435670 0 24
437124 0 19
438599 0 25
440155 0 4
441528 0 19
443043 0 24
444579 0 15
446013 0 14
447446 0 33
449003 0 3
450539 0 17
452054 0 32
453549 0 7
455003 0 13
456478 0 20
457952 0 30
459468 0 6
460942 0 22
462458 0 17
463973 0 18
465550 0 17
466963 0 33
468520 0 12
469994 0 15
471469 0 16
472882 0 17
474274 0 35
475708 0 3
477162 0 17
478637 0 15
480050 0 28
481565 0 3
483081 0 16
484535 0 13
486050 0 17
487484 0 21
488979 0 34
490494 0 12
492051 0 13
493464 0 26
494979 0 11
496536 0 15
497969 0 19
499444 0 18
500980 0 22
502393 0 13
503909 0 29
505383 0 9
506899 0 14
508373 0 32
509807 0 9
511343 0 17
512776 0 20
514271 0 18
515725 0 17
517179 0 14
518613 0 19
520108 0 20
521562 0 34
523037 0 9
524450 0 24
525904 0 16
527358 0 18
528914 0 13
530307 0 20
531884 0 21
533399 0 17
534833 0 33
536389 0 11
537946 0 18
539420 0 20
540936 0 26
542410 0 7
543864 0 22
545441 0 23
546977 0 22
548534 0 21
550070 0 29
551462 0 2
552916 0 22
554350 0 19
555927 0 22
557381 0 27
558855 0 7
560391 0 17
561804 0 22
563361 0 14
564754 0 16
566208 0 16
567662 0 35
569157 0 12
570631 0 22
572147 0 35
573539 0 8
574993 0 21
576529 0 16
577901 0 31
579417 0 7
580851 0 16
582223 0 17
583738 0 22
585213 0 25
586687 0 5
588141 0 21
589636 0 23
591193 0 15
592729 0 25
594224 0 4
595739 0 15
597193 0 27
598729 0 7
600265 0 14
601699 0 21
603235 0 30
604668 0 12
606143 0 17
607638 0 35
609092 0 2
610526 0 24
611980 0 24
613475 0 23
614970 0 18
616526 0 22
618001 0 28
619414 0 11
620909 0 24
622322 0 16
623755 0 31
625250 0 7
626704 0 23
628261 0 34
629633 0 2
631149 0 23
632644 0 28
634159 0 6
635695 0 15
637251 0 13
638746 0 14
640282 0 15
641839 0 20
643354 0 28
644849 0 2
646385 0 14
647839 0 24
649253 0 14
650645 0 33
652161 0 8
653635 0 22
655089 0 14
656502 0 21
658038 0 24
659554 0 17
660946 0 30
662441 0 8
663936 0 16
665349 0 21
666906 0 23
668319 0 14
669753 0 14
671248 0 36
672743 0 2
674176 0 16
675712 0 36
677228 0 1
678641 0 24
680054 0 26
681487 0 11
682982 0 22
684437 0 15
685850 0 23
687406 0 16
688922 0 32
690314 0 11
691850 0 16
693345 0 35
694820 0 3
696315 0 22
697728 0 23
699161 0 13
700656 0 33
702090 0 8
703626 0 20
705060 0 15
706493 0 17
707947 0 22
709463 0 16
710937 0 19
712350 0 27
713866 0 11
715279 0 17
716712 0 18
718187 0 16
719559 0 14
721075 0 19
722570 0 22
724126 0 21
725642 0 34
727116 0 7
728550 0 18
730065 0 31
731519 0 8
733035 0 14
734530 0 16
736025 0 23
737561 0 28
739097 0 8
740633 0 23
742169 0 14
743684 0 19
745138 0 16
746654 0 23
748108 0 32
749521 0 1
751016 0 20
752593 0 36
754108 0 1
755644 0 22
757098 0 24
758491 0 18
760006 0 28
761501 0 1
762996 0 13
764430 0 27
765864 0 5
767277 0 24
768669 0 16
770164 0 22
771598 0 35
773093 0 4
774506 0 21
775960 0 35
777414 0 7
778909 0 21
780445 0 26
781838 0 8
783353 0 24
784807 0 34
786241 0 10
787715 0 15
789190 0 15
790705 0 23
792180 0 29
793613 0 10
795088 0 23
796501 0 33
797996 0 11
799512 0 13
801027 0 25
802522 0 7
804017 0 24
805410 0 22
806884 0 24
808441 0 28
809936 0 10
811390 0 21
812885 0 35
814318 0 5
815813 0 13
817288 0 33
818865 0 4
820401 0 19
821957 0 34
823370 0 9
824824 0 19
826340 0 19
827773 0 15
829228 0 30
830641 0 9
832054 0 19
833467 0 24
834962 0 24
836375 0 16
837788 0 36
839283 0 10
840839 0 19
842335 0 17
843870 0 20
845447 0 23
846983 0 28
848499 0 2
849932 0 23
851325 0 30
852718 0 1
854254 0 17
855769 0 14
857244 0 24
858718 0 31
860275 0 9
861852 0 13
863265 0 34
864760 0 5
866152 0 13
867709 0 19
869245 0 19
870781 0 14
872214 0 14
873709 0 15
875184 0 16
876617 0 25
878051 0 4
879505 0 24
880898 0 21
882413 0 20
883888 0 22
885362 0 30
886857 0 12
888250 0 20
889806 0 15
891219 0 20
892714 0 20
894271 0 36
895745 0 5
897281 0 13
898756 0 33
900292 0 1
901746 0 22
903220 0 27
904695 0 4
906170 0 21
907685 0 19
909160 0 17
910655 0 25
912211 0 2
913665 0 19
915160 0 25
916676 0 8
918191 0 17
919625 0 15
921099 0 17
922492 0 13
1308924 0 101
1310378 0 101
1311771 0 101
1313307 0 101
1314679 0 101
1316112 0 101
1317505 0 101
1319020 0 101
1320515 0 101
1321949 0 101
1323362 0 102
1324796 0 102
1326209 0 103
1327683 0 101
1329199 0 102
1330694 0 103
1332107 0 101
1333520 0 102
1334974 0 102
1336428 0 102
1337821 0 102
1339377 0 103
1340934 0 101
1342408 0 102
1343801 0 102
1345275 0 102
1346791 0 102
1348183 0 103
1349596 0 101
1351071 0 102
1352566 0 102
1354102 0 102
1355515 0 102
1356990 0 103
1358444 0 101
1359857 0 102
1361290 0 103
1362806 0 101
1364219 0 102
1365755 0 102
1367291 0 103
1368847 0 101
1370383 0 102
1371919 0 102
1373332 0 103
1374807 0 101
1376220 0 102
1377715 0 102
1379149 0 102
1380562 0 102
1382077 0 102
1383531 0 102
1385047 0 103
1386480 0 101
1387955 0 102
1389450 0 103
1390883 0 101
1392419 0 102
1393833 0 102
1395369 0 102
1396884 0 102
1398379 0 102
1399833 0 102
1401369 0 103
1402884 0 101
1404339 0 102
1405793 0 103
1407247 0 101
1408660 0 102
1410175 0 102
1411691 0 102
1413227 0 102
1414742 0 103
1416278 0 101
1417753 0 102
1419186 0 102
1420599 0 102
1422033 0 102
1423467 0 102
1424962 0 102
1426416 0 102
1427931 0 103
1429426 0 101
1430819 0 102
1432355 0 102
1433870 0 102
1435283 0 102
1436717 0 102
1438232 0 103
1439748 0 101
1441140 0 102
1442615 0 103
1444090 0 101
1445585 0 102
1447100 0 102
1448595 0 102
1450029 0 102
1451442 0 103
1452855 0 101
1454370 0 102
1455804 0 102
1457278 0 102
1458794 0 102
1460227 0 102
1461743 0 103
1463217 0 101
1464753 0 102
1466187 0 103
1467641 0 101
1469157 0 102
1470652 0 103
1472126 0 101
1473539 0 102
1474932 0 102
1476488 0 102
1477901 0 102
1479396 0 103
1480810 0 101
1482305 0 102
1483779 0 102
1485192 0 102
1486585 0 103
1488059 0 101
1489595 0 102
1491070 0 102
1492524 0 102
1493916 0 102
1495309 0 102
1496763 0 102
1498197 0 102
1499712 0 103
1501207 0 101
1502641 0 102
1504115 0 103
1505631 0 101
1507126 0 102
1508518 0 102
1509911 0 102
1511406 0 103
1512881 0 101
1514335 0 102
1515748 0 103
1517202 0 101
1518635 0 102
1520151 0 103
1521666 0 101
1523059 0 102
1524513 0 103
1525926 0 101
1527442 0 102
1528978 0 102
1530432 0 102
1531968 0 102
1533463 0 103
1534896 0 101
1536432 0 102
1537927 0 103
1539402 0 101
1540856 0 102
1542269 0 102
1543682 0 102
1545197 0 103
1546713 0 101
1548167 0 102
1549723 0 103
1551280 0 101
1552713 0 102
1554188 0 102
1555601 0 102
1557096 0 102
1558571 0 102
1560004 0 103
1561458 0 101
1562912 0 102
1564366 0 103
1565923 0 101
1567418 0 102
1568831 0 102
1570346 0 103
1571882 0 101
1573296 0 102
1574770 0 102
1576265 0 102
1577801 0 103
1579296 0 101
1580689 0 102
1582122 0 103
1583597 0 101
1585071 0 102
1586525 0 102
1587979 0 102
1589372 0 102
1590765 0 102
1592280 0 103
1593837 0 101
1595270 0 102
1596786 0 103
1598219 0 101
1599776 0 102
1601230 0 103
1602684 0 101
1604097 0 102
1605489 0 103
1606964 0 101
1608377 0 102
1609831 0 102
1611224 0 102
1612657 0 102
1614132 0 102
1615668 0 103
1617122 0 101
1618637 0 102
1620153 0 103
1621627 0 101
1623041 0 102
1624577 0 102
1625990 0 102
1627526 0 103
1628959 0 101
1630393 0 102
1631929 0 103
1633362 0 101
1634755 0 102
1636270 0 103
1637724 0 101
1639260 0 102
1640674 0 102
1642107 0 102
1643602 0 102
1645036 0 103
1646449 0 101
1647862 0 102
1649357 0 102
1650811 0 102
1652265 0 102
1653780 0 102
1655235 0 102
1656689 0 103
1658245 0 101
1659720 0 102
1661112 0 102
1662505 0 102
1663979 0 103
1665515 0 101
1666928 0 102
1668362 0 102
1669775 0 102
1671188 0 102
1672724 0 102
1674178 0 102
1675694 0 103
1677127 0 101
1678581 0 102
1680015 0 102
1681551 0 103
1682984 0 101
1684398 0 102
1685913 0 102
1687367 0 102
1688842 0 102
1690234 0 102
1691770 0 103
1693286 0 101
1694842 0 102
1696358 0 103
1697812 0 101
1699327 0 102
1700843 0 102
1702276 0 102
1703710 0 102
1705123 0 103
1706577 0 101
1708113 0 102
1709547 0 103
1711001 0 101
1712537 0 102
1714011 0 102
1715424 0 102
1716940 0 102
1718476 0 102
1719991 0 103
1721527 0 101
1723043 0 102
1724456 0 103
1725951 0 101
1727384 0 102
1728941 0 102
1730415 0 103
1731869 0 101
1733323 0 102
1734757 0 102
1736170 0 102
1737583 0 102
1739017 0 103
1740532 0 101
1742027 0 102
1743502 0 103
1745038 0 101
1746471 0 102
1747905 0 102
1749461 0 102
1750997 0 102
1752472 0 102
1753967 0 103
1755380 0 101
1756854 0 102
1758309 0 103
1759824 0 101
1761299 0 102
1762773 0 102
1764186 0 102
1765681 0 102
1767094 0 103
1768651 0 101
1770187 0 102
1771743 0 102
1773197 0 103
1774651 0 101
1776146 0 102
1777600 0 102
1779013 0 102
1780467 0 102
1781881 0 103
1783335 0 101
1784809 0 102
1786202 0 102
1787717 0 102
1789253 0 102
1790687 0 102
1792223 0 102
1793738 0 102
1795254 0 103
1796790 0 101
1798244 0 102
1799718 0 103
1801213 0 101
1802626 0 102
1804040 0 102
1805535 0 103
1807071 0 101
1808566 0 102
1809979 0 102
1811412 0 102
1812825 0 102
1814341 0 103
1815774 0 101
1817310 0 102
1818785 0 102
1820259 0 102
1821673 0 103
1823147 0 101
1824642 0 102
1826055 0 102
1827530 0 102
1829004 0 102
1830499 0 103
1831953 0 101
1833346 0 102
1834739 0 102
1836234 0 102
1837708 0 102
1839203 0 102
1840678 0 103
1842111 0 101
1843627 0 102
1845101 0 103
1846576 0 101
1848112 0 102
1849545 0 102
1851020 0 102
1852412 0 102
1853846 0 103
1855402 0 101
1856897 0 102
1858433 0 102
1859908 0 102
1861423 0 102
1862939 0 103
1864434 0 101
1865970 0 102
1867506 0 103
1869021 0 101
1870537 0 102
1871991 0 102
1873384 0 102
1874817 0 102
1876251 0 102
1877705 0 102
1879241 0 103
1880736 0 101
1882272 0 102
1883746 0 102
1885262 0 102
1886716 0 103
1888149 0 101
1889542 0 102
1891078 0 102
1892532 0 102
1894048 0 102
1895522 0 103
1896976 0 101
1898430 0 102
1899966 0 103
1901523 0 101
1903059 0 102
1904513 0 102
1906008 0 102
1907441 0 102
1908895 0 102
1910390 0 102
1911885 0 103
1913401 0 101
1914834 0 102
1916288 0 102
1917742 0 102
1919135 0 103
1920692 0 101
1922146 0 102
1923620 0 102
1925054 0 102
1926487 0 102
1927982 0 103
1929477 0 101
1930890 0 102
1932365 0 102
1933880 0 102
1935314 0 102
1936707 0 102
1938202 0 103
1939717 0 101
1941233 0 102
1942748 0 102
1944202 0 102
1945656 0 103
1947213 0 101
1948646 0 102
1950162 0 103
1951698 0 101
1953152 0 102
1954544 0 103
1955978 0 101
1957432 0 102
1958927 0 102
1960463 0 102
1961876 0 102
1963371 0 102
1964805 0 102
1966320 0 102
1967795 0 103
1969249 0 101
1970641 0 102
1972136 0 102
1973672 0 103
1975229 0 101
1976642 0 102
1978055 0 102
1979468 0 102
1980943 0 103
1982499 0 101
1983974 0 102
1985428 0 102
1986861 0 102
1988295 0 102
1989728 0 102
1991223 0 102
1992637 0 102
1994070 0 103
1995504 0 101
1997040 0 102
1998535 0 103
1999968 0 101
2001361 0 102
2002897 0 103
2004433 0 101
2005866 0 102
2007320 0 102
2008815 0 102
2010229 0 102
2011703 0 102
2013198 0 102
2014632 0 103
2016188 0 101
2017642 0 102
2019137 0 103
2020550 0 101
2021963 0 102
2023397 0 102
2024912 0 102
2026407 0 103
2027984 0 101
2029377 0 102
2030831 0 102
2032367 0 102
2033903 0 102
2035439 0 102
2036873 0 102
2038327 0 103
2039801 0 101
2041235 0 102
2042771 0 103
2044348 0 101
2045761 0 102
2047235 0 102
2048751 0 102
2050287 0 102
2051823 0 103
2053277 0 101
2054731 0 102
2056246 0 103
2057762 0 101
2059175 0 102
2060670 0 102
2062144 0 102
2063578 0 102
2065073 0 102
2066568 0 103
2068002 0 101
2069394 0 102
2070889 0 102
2072343 0 102
2073777 0 102
2075292 0 102
2076808 0 102
2078303 0 102
2079839 0 103
2081334 0 101
2082726 0 102
2084119 0 102
2085553 0 102
2087068 0 102
2088461 0 103
2090017 0 101
2091410 0 102
2092925 0 102
2094420 0 102
2095895 0 102
2097369 0 103
2098946 0 101
2100421 0 102
2101834 0 102
2103370 0 102
2104844 0 102
2106360 0 102
2107875 0 103
2109432 0 101
2110865 0 102
2112401 0 102
2113794 0 102
2115289 0 102
2116723 0 102
2118156 0 103
2119713 0 101
2121208 0 102
2122641 0 103
2124054 0 101
2125488 0 102
2126880 0 103
2128314 0 101
2129707 0 102
2131222 0 102
2132656 0 103
2134089 0 101
2135605 0 102
2136997 0 102
2138513 0 102
2139947 0 102
2141421 0 102
2142957 0 103
2144370 0 101
2145845 0 102
2147278 0 103
2148815 0 101
2150268 0 102
2151743 0 102
2153135 0 102
2154610 0 102
2156023 0 102
2157518 0 103
2159054 0 101
2160447 0 102
2161962 0 102
2163355 0 103
2164911 0 101
2166324 0 102
2167799 0 102
2169253 0 103
2170666 0 101
2172140 0 102
2173574 0 103
2175049 0 101
2176523 0 102
2177936 0 102
2179370 0 103
2180783 0 101
2182196 0 102
2183691 0 103
2185207 0 101
2186661 0 102
2188053 0 102
2189569 0 103
2191105 0 101
2192641 0 102
2194136 0 103
2195569 0 101
2197105 0 102
2198621 0 103
2200136 0 101
2201549 0 102
2203003 0 102
2204478 0 102
2222109 0 44
2223604 0 44
2225038 0 41
2226533 0 37
2227946 0 40
2229400 0 40
2230916 0 48
2232370 0 44
2233865 0 47
2235360 0 48
2236793 0 49
2238206 0 59
2239742 0 67
2241278 0 40
2242753 0 59
2244207 0 58
2245661 0 68
2247197 0 41
2248733 0 52
2250269 0 60
2251764 0 56
2253300 0 50
2254836 0 57
2256413 0 62
2257949 0 37
2259382 0 58
2260959 0 71
2262495 0 38
2263970 0 60
2265424 0 53
2266878 0 57
2268352 0 53
2269806 0 68
2271261 0 38
2272674 0 52
2274210 0 51
2275705 0 49
2277118 0 59
2278613 0 49
2280046 0 69
2281603 0 41
2283098 0 57
2284511 0 54
2285944 0 57
2287501 0 69
2288996 0 43
2290552 0 57
2292006 0 52
2293460 0 56
2294955 0 69
2296369 0 47
2297782 0 55
2299256 0 62
2300690 0 40
2302123 0 53
2303639 0 56
2305072 0 58
2306526 0 63
2307981 0 39
2309414 0 59
2310950 0 69
2312404 0 43
2313838 0 57
2315394 0 56
2316807 0 51
2318302 0 54
2319736 0 59
2321190 0 55
2322746 0 55
2324180 0 65
2325573 0 42
2327108 0 54
2328665 0 61
2330139 0 41
2331614 0 50
2333027 0 58
2334502 0 58
2335976 0 72
2337389 0 44
2338864 0 50
2340420 0 51
2341833 0 57
2343349 0 54
2344905 0 51
2346359 0 72
2347772 0 38
2349329 0 51
2350762 0 50
2352176 0 56
2353671 0 57
2355207 0 54
2356722 0 53
2358279 0 67
2359835 0 43
2361269 0 54
2362784 0 63
2364218 0 45
2365713 0 51
2367228 0 67
2368785 0 37
2370198 0 51
2371754 0 53
2373270 0 71
2374683 0 43
2376239 0 57
2377714 0 55
2379127 0 60
2380581 0 56
2382014 0 54
2383469 0 53
2385025 0 69
2386479 0 42
2387994 0 59
2389408 0 68
2390841 0 38
2392377 0 54
2393811 0 51
2395326 0 54
2396719 0 66
2398255 0 37
2399770 0 51
2401204 0 67
2402740 0 47
2404276 0 60
2405750 0 52
2407184 0 60
2408740 0 54
2410235 0 51
2411648 0 58
2413164 0 69
2414577 0 46
2416093 0 58
2417526 0 52
2419021 0 50
2420434 0 53
2421929 0 53
2423404 0 54
2424858 0 62
2426312 0 41
2427745 0 52
2429302 0 59
2430715 0 64
2432251 0 48
2433807 0 57
2435261 0 67
2436777 0 44
2438292 0 52
2439808 0 58
2441282 0 51
2442696 0 56
2444109 0 62
2445665 0 43
2447160 0 49
2448594 0 58
2450048 0 58
2451502 0 59
2453017 0 55
2454553 0 68
2456007 0 46
2457584 0 49
2459079 0 49
2460615 0 56
2462172 0 55
2463728 0 56
2465264 0 71
2466759 0 37
2468193 0 58
2469647 0 72
2471162 0 43
2472698 0 53
2474152 0 57
2475709 0 55
2477122 0 60
2478555 0 59
2480009 0 65
2481423 0 41
2482877 0 53
2484290 0 57
2485826 0 52
2487362 0 65
2488857 0 44
2490311 0 56
2491724 0 58
2493260 0 60
2494816 0 71
2496311 0 47
2497868 0 53
2499281 0 66
2500714 0 45
2502127 0 50
2503561 0 68
2505036 0 41
2506469 0 52
2508005 0 52
2509418 0 70
2510893 0 45
2512326 0 57
2513883 0 65
2515378 0 47
2516811 0 49
2518265 0 59
2519822 0 59
2521276 0 50
2522709 0 59
2524204 0 72
2525597 0 44
2527133 0 51
2528649 0 55
2530082 0 63
2531557 0 48
2533072 0 49
2534506 0 69
2536021 0 41
2537496 0 53
2539011 0 49
2540424 0 50
2541940 0 58
2543373 0 54
2544868 0 56
2546343 0 65
2547899 0 45
2549333 0 55
2550746 0 52
2552303 0 60
2553839 0 49
2555354 0 55
2556849 0 67
2558344 0 47
2559880 0 49
2561314 0 68
2562747 0 44
2564304 0 57
2565799 0 66
2567253 0 40
2568666 0 56
2570140 0 71
2571615 0 40
2573069 0 56
2574584 0 50
2576100 0 50
2577533 0 51
2579049 0 67
2580544 0 44
2582100 0 53
2583554 0 60
2585111 0 58
2586585 0 59
2588060 0 64
2589576 0 42
2591030 0 57
2592525 0 59
2594061 0 60
2595453 0 55
2596969 0 54
2598464 0 55
2600000 0 61
2601454 0 45
2602949 0 54
2604403 0 59
2605918 0 52
2607372 0 56
2608908 0 61
2610342 0 38
2611857 0 53
2613414 0 59
2614909 0 53
2616424 0 55
2617837 0 55
2619271 0 55
2620725 0 72
2622220 0 37
2623654 0 50
2625190 0 72
2626664 0 45
2628118 0 60
2629572 0 68
2631108 0 46
2632685 0 49
2634242 0 55
2635798 0 65
2637232 0 39
2638686 0 59
2640181 0 59
2641655 0 50
2643171 0 50
2644666 0 60
2646120 0 53
2647533 0 68
2648946 0 39
2650502 0 53
2652038 0 49
2653451 0 52
2654946 0 53
2656503 0 55
2658039 0 57
2659575 0 71
2661090 0 41
2662483 0 57
2663917 0 58
2665473 0 51
2666948 0 50
2668381 0 72
2669835 0 43
2671412 0 57
2672846 0 58
2674279 0 64
2675733 0 40
2677269 0 55
2678785 0 50
2680300 0 57
2681857 0 52
2683270 0 70
2684765 0 44
2686280 0 58
2687837 0 71
2689352 0 42
2690847 0 53
2692383 0 69
2693940 0 45
2695394 0 60
2696807 0 51
2698220 0 57
2699776 0 55
2701271 0 71
2702766 0 43
2704180 0 52
2705634 0 58
2707211 0 60
2708644 0 50
2710160 0 54
2711573 0 57
2713088 0 71
2714563 0 45
2716140 0 60
2717573 0 60
2719048 0 60
2720584 0 49
2722058 0 61
2723533 0 42
2725007 0 59
2726441 0 58
2728018 0 49
2729533 0 50
2730967 0 69
2732523 0 43
2734039 0 56
2735595 0 50
2737131 0 57
2738544 0 67
2739978 0 37
2741514 0 52
2742988 0 71
2744524 0 43
2746060 0 49
2747576 0 63
2749091 0 43
2750545 0 54
2751999 0 69
2753454 0 41
2754887 0 50
2756423 0 62
2757816 0 48
2759290 0 52
2760785 0 53
2762198 0 53
2763673 0 49
2765065 0 68
2766561 0 43
2768096 0 57
2769673 0 57
2771189 0 52
2772663 0 55
2774220 0 52
2775776 0 49
2777271 0 64
2778725 0 48
2780159 0 52
2781674 0 52
2783190 0 54
2784664 0 55
2786201 0 57
2787634 0 64
2789109 0 47
2790624 0 55
2792099 0 66
2793635 0 47
2795150 0 60
2796584 0 52
2798038 0 65
2799512 0 47
2800925 0 52
2802379 0 69
2803895 0 43
2805328 0 50
2806885 0 55
2808400 0 56
2809936 0 50
2811452 0 58
2813008 0 67
2814483 0 42
2815875 0 59
2817289 0 54
2818804 0 49
2820320 0 49
2821733 0 54
2823166 0 70
2824661 0 45
2826095 0 57
2827651 0 60
2829146 0 51
2830559 0 52
2832075 0 63
2833590 0 39
2835044 0 51
2836560 0 68
2838034 0 39
2839488 0 49
2840902 0 51
2842397 0 59
2843830 0 65
2845346 0 45
2846800 0 59
2848274 0 50
2849667 0 72
2851059 0 46
2852595 0 60
2854090 0 50
2855647 0 60
2857101 0 57
2858616 0 53
2860050 0 62
2861504 0 41
2862938 0 56
2864351 0 61
2865825 0 47
2867361 0 56
2868877 0 58
2870454 0 63
2871990 0 39
2873485 0 52
2875000 0 55
2876413 0 57
2877888 0 71
2879280 0 40
2880796 0 57
2882250 0 58
2883704 0 55
2885260 0 60
2886755 0 70
2888189 0 43
2889623 0 55
2891159 0 52
2892592 0 53
2894087 0 67
2895541 0 42
2897057 0 49
2898470 0 56
2899985 0 51
2901501 0 61
2903016 0 44
2904532 0 57
2906068 0 57
2907542 0 57
2909078 0 51
2910573 0 54
2912068 0 52
2913584 0 62
2915058 0 42
2916574 0 55
2917987 0 71
2919441 0 45
2920956 0 56
2922411 0 55
2923926 0 59
2925319 0 59
2926814 0 50
2928309 0 60
2929763 0 63
2931237 0 41
2932650 0 55
2934145 0 52
2935661 0 64
2937217 0 38
2938712 0 52
2940228 0 60
2941682 0 60
2943115 0 70
2944549 0 48
2946024 0 58
2947519 0 55
2949075 0 55
2950509 0 69
2951922 0 43
2953478 0 57
2955014 0 67
2956427 0 42
2957881 0 49
2959294 0 65
2960789 0 47
2962325 0 50
2963841 0 70
2965274 0 48
2966687 0 49
2968224 0 59
2969657 0 51
2971070 0 59
2972606 0 54
2973999 0 57
2975453 0 64
2976927 0 46
2978463 0 57
2979958 0 70
2981330 0 43
2982744 0 58
2984259 0 60
2985713 0 59
2987167 0 50
2988642 0 60
2990116 0 72
2991509 0 42
2993024 0 51
2994478 0 68
2995994 0 37
2997468 0 50
2998922 0 50
3000479 0 49
3001933 0 50
3003407 0 69
3004821 0 40
3006377 0 51
3007913 0 70
3009367 0 48
3010842 0 56
3012275 0 54
3013811 0 49
3015327 0 56
3016863 0 55
3018378 0 60
3019832 0 63
3021389 0 38
3022884 0 60
3024297 0 56
3025730 0 64
3027123 0 47
3028638 0 59
3030195 0 61
3031710 0 47
3033246 0 60
3034721 0 65
3036216 0 45
3037752 0 49
3039288 0 55
3040783 0 68
3042237 0 39
3043752 0 54
3045288 0 49
3046742 0 53
3048237 0 52
3049794 0 65
3051248 0 47
3052681 0 54
3054176 0 69
3055712 0 41
3057269 0 51
3058784 0 49
3060300 0 51
3061774 0 50
3063310 0 72
3064764 0 46
3066280 0 54
3067795 0 67
3069209 0 44
3070642 0 55
3072199 0 50
3073735 0 52
3075250 0 54
3076806 0 70
3078261 0 45
3079694 0 55
3081251 0 49
3082705 0 60
3084138 0 72
3085654 0 47
3087128 0 57
3088582 0 49
3090016 0 61
3091511 0 48
3093026 0 52
3094501 0 70
3095996 0 48
3097511 0 59
3098986 0 62
3100379 0 47
3101771 0 55
3103287 0 59
3104741 0 56
3106277 0 55
3107854 0 61
3109267 0 46
3110700 0 55
3112216 0 52
3113670 0 60
3115226 0 58
3116742 0 51
3118196 0 65
3119670 0 45
3121186 0 51
3122742 0 59
3124237 0 52
3125691 0 52
3141914 0 104
3143470 0 104
3145006 0 104
3146542 0 104
3147955 0 104
3149368 0 104
3150863 0 104
3152420 0 104
3153956 0 104
3155410 0 104
3156884 0 105
3158297 0 105
3159833 0 105
3161349 0 105
3162823 0 105
3164298 0 105
3165772 0 105
3167226 0 106
3168783 0 104
3170278 0 105
3171814 0 106
3173329 0 104
3174763 0 105
3176278 0 106
3177835 0 104
3179391 0 105
3180907 0 106
3182320 0 104
3183876 0 105
3185371 0 105
3186764 0 105
3188300 0 105
3189713 0 105
3191249 0 106
3192785 0 104
3194321 0 105
3195857 0 105
3197372 0 105
3198827 0 106
3200260 0 104
3201776 0 105
3203250 0 105
3204807 0 105
3206240 0 105
3207633 0 105
3209107 0 105
3210643 0 106
3212118 0 104
3213633 0 105
3215067 0 106
3216562 0 104
3218036 0 105
3219593 0 105
3221088 0 105
3222603 0 105
3224119 0 106
3225532 0 104
3227068 0 105
3228461 0 105
3229874 0 105
3231266 0 105
3232741 0 105
3234297 0 106
3235772 0 104
3237287 0 105
3238700 0 105
3240175 0 105
3241690 0 105
3243144 0 106
3244680 0 104
3246134 0 105
3247589 0 106
3249022 0 104
3250497 0 105
3251930 0 105
3253425 0 105
3254982 0 105
3256518 0 105
3258074 0 105
3259569 0 106
3261105 0 104
3262518 0 105
3263931 0 105
3265467 0 105
3266942 0 106
3268375 0 104
3269911 0 105
3271304 0 105
3272717 0 106
3274253 0 104
3275789 0 105
3277182 0 106
3278656 0 104
3280131 0 105
3281585 0 105
3283018 0 106
3284493 0 104
3286029 0 105
3287421 0 105
3288875 0 105
3290330 0 105
3291763 0 105
3293320 0 106
3294774 0 104
3296269 0 105
3297661 0 106
3299074 0 104
3300590 0 105
3302085 0 105
3303600 0 105
3305034 0 105
3306529 0 106
3308044 0 104
3309499 0 105
3310973 0 106
3312407 0 104
3313840 0 105
3315253 0 105
3316789 0 105
3318284 0 105
3319759 0 106
3321254 0 104
3322667 0 105
3324100 0 105
3325534 0 106
3327070 0 104
3328606 0 105
3330080 0 106
3331576 0 104
3333030 0 105
3334545 0 106
3336020 0 104
3337433 0 105
3338887 0 106
3340320 0 104
3341733 0 105
3343126 0 106
3344560 0 104
3346096 0 105
3347570 0 105
3349106 0 105
3350519 0 105
3352014 0 105
3353489 0 106
3354984 0 104
3356397 0 105
3357953 0 105
3359448 0 105
3360943 0 105
3362377 0 105
3363872 0 105
3365305 0 105
3366739 0 106
3368214 0 104
3369750 0 105
3371245 0 105
3372801 0 105
3374214 0 105
3375648 0 105
3377184 0 105
3378658 0 105
3380194 0 106
3381730 0 104
3383225 0 105
3384720 0 106
3386133 0 104
3387690 0 105
3389144 0 105
3390680 0 105
3392093 0 105
3393567 0 105
3395001 0 105
3396414 0 105
3397930 0 106
3399404 0 104
3400879 0 105
3402415 0 105
3403828 0 105
3405384 0 105
3406777 0 106
3408231 0 104
3409767 0 105
3411241 0 105
3412695 0 105
3414231 0 105
3415644 0 105
3417201 0 105
3418594 0 106
3420068 0 104
3421604 0 105
3423119 0 105
3424635 0 105
3426191 0 106
3427646 0 104
3429141 0 105
3430636 0 106
3432090 0 104
3433544 0 105
3435059 0 106
3436554 0 104
3437967 0 105
3439360 0 106
3440875 0 104
3442288 0 105
3443722 0 105
3445258 0 106
3446794 0 104
3448330 0 105
3449866 0 106
3451340 0 104
3452794 0 105
3454289 0 105
3455744 0 105
3457157 0 105
3458672 0 105
3460188 0 106
3461621 0 104
3463157 0 105
3464632 0 105
3466106 0 105
3467540 0 106
3468994 0 104
3470387 0 105
3471841 0 105
3473274 0 105
3474749 0 105
3476264 0 105
3477718 0 106
3479275 0 104
3480811 0 105
3482265 0 105
3483801 0 105
3485255 0 105
3486811 0 105
3488245 0 106
3489801 0 104
3491296 0 105
3492709 0 106
3494163 0 104
3495576 0 105
3497031 0 105
3498566 0 105
3500102 0 105
3501638 0 105
3503113 0 106
3504608 0 104
3506144 0 105
3507700 0 105
3509195 0 105
3510711 0 106
3512165 0 104
3513680 0 105
3515175 0 105
3516589 0 105
3518002 0 106
3519456 0 104
3520869 0 105
3522343 0 105
3523777 0 105
3525251 0 105
3526787 0 105
3528241 0 106
3529757 0 104
3531272 0 105
3532747 0 105
3534160 0 105
3535573 0 106
3537109 0 104
3538502 0 105
3539956 0 105
3541492 0 106
3543007 0 104
3544502 0 105
3545997 0 106
3547451 0 104
3549008 0 105
3550544 0 106
3552080 0 104
3553513 0 105
3554947 0 105
3556401 0 105
3557855 0 106
3559370 0 104
3560906 0 105
3562340 0 105
3563753 0 105
3565187 0 105
3566682 0 106
3568095 0 104
3569569 0 105
3571023 0 105
3572457 0 105
3573891 0 106
3575345 0 104
3576819 0 105
3578355 0 106
3579748 0 104
3581181 0 105
3582594 0 105
3584069 0 105
3585523 0 105
3586916 0 106
3588452 0 104
3589906 0 105
3591319 0 105
3592793 0 105
3594227 0 106
3595640 0 104
3597155 0 105
3598609 0 105
3600125 0 106
3601559 0 104
3602992 0 105
3604446 0 105
3605900 0 106
3607395 0 104
3608931 0 105
3610385 0 106
3611942 0 104
3613416 0 105
3614850 0 105
3616386 0 105
3617819 0 105
3619314 0 106
3620748 0 104
3622284 0 105
3623820 0 105
3625356 0 105
3626830 0 105
3628325 0 105
3629800 0 106
3631275 0 104
3632770 0 105
3634285 0 105
3635698 0 105
3637214 0 105
3638770 0 105
3640265 0 106
3641760 0 104
3643317 0 105
3644730 0 106
3646225 0 104
3647638 0 105
3649153 0 106
3650628 0 104
3652061 0 105
3653515 0 105
3654928 0 105
3656403 0 106
3657816 0 104
3659352 0 105
3660745 0 105
3662240 0 105
3663776 0 105
3665189 0 106
3666643 0 104
3668158 0 105
3669633 0 106
3671169 0 104
3672705 0 105
3674261 0 106
3675797 0 104
3677292 0 105
3678685 0 105
3680200 0 105
3681634 0 105
3683129 0 106
3684603 0 104
3686139 0 105
3687573 0 105
3689109 0 105
3690625 0 106
3692079 0 104
3693492 0 105
3694925 0 106
3696359 0 104
3697915 0 105
3699349 0 106
3700782 0 104
3702257 0 105
3703793 0 105
3705329 0 105
3706865 0 105
3708401 0 105
3709896 0 105
3711370 0 106
3712927 0 104
3714319 0 105
3715753 0 105
3717146 0 105
3718682 0 106
3720115 0 104
3721610 0 105
3723105 0 106
3724641 0 104
3726054 0 105
3727590 0 105
3729065 0 105
3730601 0 105
3732075 0 105
3733570 0 106
3735024 0 104
3736540 0 105
3737994 0 105
3739407 0 105
3740841 0 106
3742356 0 104
3743831 0 105
3745285 0 105
3746821 0 105
3748234 0 105
3749667 0 106
3751203 0 104
3752616 0 105
3754029 0 105
3755545 0 105
3757060 0 105
3758494 0 105
3759907 0 105
3761443 0 105
3762959 0 106
3764515 0 104
3766010 0 105
3767464 0 106
3768918 0 104
3770331 0 105
3771785 0 105
3773260 0 105
3774673 0 105
3776086 0 105
3777520 0 106
3778953 0 104
3780387 0 105
3781800 0 105
3783213 0 105
3784626 0 105
3786039 0 105
3787452 0 106
3788927 0 104
3790381 0 105
3791835 0 105
3793289 0 105
3794743 0 106
3796156 0 104
3797672 0 105
3799105 0 106
3800539 0 104
3801993 0 105
3803488 0 106
3804942 0 104
3806396 0 105
3807829 0 105
3809324 0 106
3810840 0 104
3812315 0 105
3813748 0 105
3815161 0 105
3816615 0 106
3818028 0 104
3819441 0 105
3820936 0 105
3822349 0 105
3823763 0 105
3825319 0 105
3826773 0 106
3828227 0 104
3829661 0 105
3831094 0 106
3832610 0 104
3834166 0 105
3835600 0 106
3837095 0 104
3838590 0 105
3840085 0 106
3841559 0 104
3843095 0 105
3844488 0 106
3845922 0 104
3847478 0 105
3848932 0 105
3850427 0 105
3851984 0 105
3853438 0 105
3854851 0 106
3856325 0 104
3857759 0 105
3859151 0 105
3860667 0 105
3862080 0 105
3863555 0 105
3864968 0 106
3866483 0 104
3868040 0 105
3869453 0 105
3870907 0 105
3872299 0 105
3873794 0 105
3875187 0 105
3876702 0 106
3878136 0 104
3879570 0 105
3880962 0 105
3882416 0 106
3883870 0 104
3885406 0 105
3886819 0 105
3888212 0 105
3889748 0 105
3891141 0 105
3892677 0 106
3894090 0 104
3895523 0 105
3897039 0 106
3898554 0 104
3900111 0 105
3901626 0 105
3903142 0 105
3904698 0 105
3906193 0 105
3907647 0 105
3909081 0 106
3910514 0 104
3911989 0 105
3913402 0 106
3914876 0 104
3916351 0 105
3917744 0 105
3919177 0 105
3920713 0 105
3922147 0 105
3923703 0 106
3925178 0 104
3926673 0 105
3928086 0 106
3929581 0 104
3931014 0 105
3932407 0 105
3933800 0 105
3935295 0 105
3936708 0 106
3938264 0 104
3939821 0 105
3941213 0 106
3942688 0 104
3944203 0 105
3945698 0 105
3947234 0 105
3948647 0 105
3950101 0 105
3951617 0 106
3953071 0 104
3954464 0 105
3955959 0 106
3957474 0 104
3959010 0 105
3960444 0 106
3961959 0 104
3963475 0 105
3965011 0 105
3966506 0 105
3967980 0 105
3969496 0 105
3970909 0 105
3972342 0 106
3973878 0 104
3975414 0 105
3976909 0 105
3978322 0 106
3979838 0 104
3981333 0 105
3982889 0 105
3984323 0 106
3985859 0 104
3987374 0 105
3988767 0 105
3990221 0 105
3991777 0 105
3993191 0 105
3994624 0 106
3996058 0 104
3997491 0 105
3998986 0 105
4000420 0 105
4001853 0 105
4003308 0 106
4004803 0 104
4006277 0 105
4007793 0 106
4009349 0 104
4010783 0 105
4012257 0 105
4013814 0 105
4015350 0 106
4016763 0 104
4018237 0 105
4019732 0 105
4021207 0 105
4022743 0 105
4024258 0 105
4025671 0 106
4027125 0 104
4028538 0 105
4029952 0 105
4031426 0 106
4032921 0 104
4034457 0 105
4035973 0 106
4037509 0 104
4039004 0 105
4040396 0 105
