51676 0 9
53248 0 1
54648 0 3
56098 0 12
57645 0 1
59070 0 12
60495 0 11
62067 0 9
63492 0 3
65015 0 11
66538 0 18
67963 0 18
69388 0 13
70862 0 16
72385 0 17
73834 0 34
75382 0 3
76782 0 20
78330 0 32
79829 0 2
81352 0 24
82826 0 15
84300 0 21
85847 0 23
87321 0 18
88894 0 29
90417 0 4
91792 0 14
93242 0 35
94789 0 7
96288 0 14
97713 0 13
99113 0 24
100513 0 19
101963 0 14
103486 0 15
104960 0 15
106434 0 33
107908 0 10
109455 0 21
110954 0 17
112453 0 13
113976 0 26
115401 0 2
116850 0 22
118324 0 32
119773 0 7
121223 0 22
122697 0 25
124244 0 12
125792 0 19
127340 0 19
128863 0 22
130337 0 16
131811 0 28
133236 0 6
134759 0 18
136331 0 18
137756 0 19
139304 0 19
140753 0 18
142301 0 35
143848 0 6
145421 0 23
146968 0 34
148442 0 6
149990 0 23
151439 0 26
152938 0 8
154485 0 23
155984 0 20
157483 0 33
158957 0 7
160529 0 20
162027 0 24
163452 0 30
164803 0 2
166277 0 15
167751 0 35
169201 0 5
170675 0 20
172124 0 31
173598 0 2
175023 0 16
176521 0 29
177971 0 10
179420 0 16
180870 0 20
182417 0 18
183916 0 21
185464 0 33
187011 0 6
188534 0 20
190082 0 18
191556 0 16
192981 0 19
194528 0 22
196027 0 29
197550 0 5
198975 0 13
200375 0 29
201874 0 6
203323 0 17
204822 0 24
206320 0 23
207819 0 28
209293 0 2
210718 0 18
212265 0 34
213739 0 8
215262 0 22
216736 0 17
218186 0 34
219684 0 1
221085 0 17
222608 0 16
224131 0 32
225556 0 7
227005 0 19
228504 0 13
230027 0 29
231402 0 2
232803 0 24
234277 0 19
235800 0 21
237348 0 33
238772 0 8
240345 0 16
241794 0 24
243219 0 16
244644 0 14
246167 0 24
247616 0 28
249139 0 3
250613 0 24
252063 0 13
253610 0 31
255060 0 4
256558 0 24
258032 0 23
259482 0 28
260907 0 7
262430 0 24
263928 0 23
265353 0 21
266876 0 26
268399 0 11
269947 0 16
271421 0 23
272846 0 24
274295 0 13
275818 0 24
277366 0 17
278914 0 36
280486 0 7
282034 0 18
283557 0 21
285080 0 19
286627 0 14
288126 0 16
289551 0 17
291000 0 36
292523 0 9
293973 0 18
295447 0 22
296970 0 24
298370 0 15
299820 0 34
301269 0 6
302817 0 20
304266 0 18
305814 0 23
307312 0 22
308811 0 22
310358 0 25
311931 0 6
313356 0 23
314854 0 22
316353 0 24
317900 0 23
319448 0 15
320971 0 35
322470 0 9
324017 0 15
325516 0 15
327039 0 22
328513 0 24
330011 0 30
331436 0 12
332861 0 17
334286 0 15
335711 0 21
337283 0 15
338782 0 17
340329 0 29
341730 0 12
343228 0 22
344727 0 23
346176 0 13
347724 0 13
349271 0 24
350721 0 27
352146 0 5
353571 0 21
355118 0 21
356641 0 24
358091 0 34
359516 0 5
360940 0 20
362414 0 26
363839 0 10
365362 0 24
366861 0 17
368261 0 24
369735 0 23
371283 0 24
372683 0 20
374255 0 14
375778 0 30
377154 0 7
378653 0 21
380151 0 17
381650 0 22
383222 0 27
384671 0 9
386195 0 18
387644 0 20
389167 0 21
390641 0 14
392164 0 19
393638 0 36
395210 0 8
396684 0 20
398208 0 33
399632 0 9
401205 0 24
402654 0 30
404153 0 4
405602 0 23
407125 0 31
408673 0 1
410098 0 15
411645 0 26
413168 0 1
414691 0 21
416239 0 16
417639 0 14
419064 0 26
420465 0 1
421914 0 24
423314 0 33
424837 0 6
426311 0 15
427761 0 17
429284 0 16
430758 0 22
432281 0 15
433755 0 15
435229 0 33
436727 0 9
438177 0 24
439602 0 27
441026 0 1
442427 0 24
443852 0 13
445399 0 14
446824 0 22
448347 0 30
449748 0 10
451246 0 24
452720 0 20
454317 0 24
455791 0 20
457388 0 30
458763 0 4
460213 0 13
461638 0 17
463112 0 30
464512 0 2
465937 0 14
467484 0 22
469007 0 32
470457 0 11
471955 0 22
473528 0 14
475026 0 21
476549 0 20
478072 0 13
479473 0 31
481020 0 7
482519 0 14
483993 0 23
485418 0 13
486867 0 24
488341 0 23
489791 0 26
491191 0 7
492689 0 18
494188 0 20
495637 0 22
497210 0 23
498733 0 16
500182 0 29
501607 0 2
503081 0 19
504579 0 31
506078 0 5
507503 0 22
508952 0 30
510328 0 6
511876 0 13
513325 0 24
514873 0 33
516298 0 9
517747 0 16
519123 0 16
520548 0 23
522021 0 16
523397 0 22
524969 0 28
526394 0 5
527893 0 13
529367 0 13
530816 0 24
532217 0 20
533764 0 17
535164 0 35
536712 0 5
538235 0 15
539758 0 22
541306 0 29
542854 0 11
544352 0 19
545875 0 20
547448 0 17
548897 0 14
550346 0 23
551894 0 23
553319 0 20
554891 0 33
556414 0 2
557815 0 17
559264 0 15
560738 0 15
562212 0 16
563735 0 16
565135 0 22
566658 0 35
568157 0 11
569705 0 13
571203 0 22
572677 0 15
574225 0 22
575797 0 30
577173 0 4
578598 0 14
579998 0 32
581447 0 11
583020 0 13
584469 0 23
585992 0 14
587441 0 25
588940 0 2
590389 0 24
591863 0 17
593362 0 13
594836 0 23
596285 0 26
597710 0 3
599110 0 13
600535 0 33
602034 0 1
603557 0 14
605105 0 22
606652 0 19
608175 0 19
609699 0 15
611099 0 23
612622 0 33
614071 0 8
615594 0 20
617191 0 32
618665 0 5
620164 0 21
621736 0 21
623284 0 24
624684 0 26
626207 0 8
627779 0 18
629327 0 17
630727 0 13
632226 0 22
633773 0 19
635321 0 35
636746 0 2
638220 0 20
639817 0 35
641291 0 2
642814 0 17
644362 0 35
645811 0 8
647309 0 20
648783 0 35
650331 0 6
651756 0 13
653181 0 18
654704 0 22
656178 0 21
657603 0 23
659028 0 29
660477 0 12
661927 0 23
663425 0 30
664948 0 4
666422 0 21
667896 0 32
669345 0 12
670893 0 18
672343 0 24
673792 0 25
675217 0 2
676666 0 23
678116 0 21
679639 0 18
681162 0 19
682636 0 29
684159 0 7
685731 0 15
687279 0 14
688679 0 18
690104 0 14
691529 0 25
693101 0 7
694600 0 24
696024 0 28
697449 0 7
698923 0 22
700471 0 19
701920 0 22
703370 0 23
704795 0 19
706342 0 33
707792 0 7
709241 0 15
710715 0 21
712164 0 15
713614 0 14
715063 0 23
716464 0 33
717888 0 2
719338 0 17
720812 0 16
722187 0 14
723588 0 20
725086 0 19
726536 0 14
727985 0 25
729484 0 12
731031 0 19
732604 0 33
734078 0 3
735552 0 22
737001 0 25
738500 0 4
739924 0 20
741398 0 18
742897 0 27
744346 0 5
745771 0 20
747343 0 22
748916 0 36
750488 0 12
751913 0 24
753338 0 36
754812 0 7
756335 0 21
757759 0 15
759283 0 17
760757 0 18
762181 0 14
763631 0 21
765080 0 26
766554 0 7
767979 0 21
769551 0 31
771099 0 11
772524 0 23
774071 0 26
775570 0 1
777019 0 16
778518 0 18
779943 0 14
781417 0 23
782915 0 34
784316 0 7
785765 0 13
787214 0 23
788664 0 21
790162 0 35
791636 0 9
793159 0 19
794658 0 18
796181 0 23
797606 0 26
799080 0 4
800529 0 17
801930 0 29
803404 0 12
804828 0 22
806327 0 32
807875 0 1
809324 0 15
810773 0 28
812297 0 6
813844 0 24
815343 0 21
816768 0 35
818315 0 11
819888 0 13
821411 0 24
822836 0 35
824285 0 11
825759 0 13
827159 0 15
828559 0 14
830083 0 14
831507 0 28
833080 0 6
834578 0 14
836003 0 24
837551 0 13
839098 0 16
840523 0 27
842046 0 1
843471 0 14
844970 0 17
846493 0 14
848016 0 14
849539 0 36
850964 0 10
852413 0 14
853961 0 27
855361 0 7
856835 0 15
858334 0 19
859832 0 23
861282 0 13
862780 0 28
864303 0 9
865777 0 22
867251 0 16
868774 0 21
870224 0 19
871722 0 18
873270 0 36
874744 0 9
876267 0 23
877766 0 19
879240 0 31
880689 0 7
882163 0 20
883662 0 27
885111 0 3
886585 0 23
888010 0 15
889410 0 19
890909 0 16
892334 0 31
893857 0 11
895331 0 14
896829 0 18
898279 0 22
899753 0 27
901300 0 6
902799 0 16
904224 0 26
905722 0 7
907147 0 13
908646 0 36
910095 0 3
911643 0 13
913117 0 20
914615 0 13
916163 0 15
917563 0 22
919062 0 17
920462 0 36
921936 0 4
923434 0 15
924982 0 13
926382 0 19
927881 0 20
929404 0 36
930927 0 10
932377 0 22
933826 0 14
935251 0 21
936749 0 15
938174 0 21
939722 0 19
941220 0 18
942793 0 25
944291 0 8
945765 0 23
947190 0 15
948738 0 14
950138 0 27
951538 0 3
953061 0 17
954511 0 22
972333 0 101
973758 0 101
975257 0 101
976706 0 101
978131 0 101
979556 0 101
981005 0 101
982528 0 101
984076 0 101
985574 0 101
987073 0 102
988522 0 102
989972 0 102
991397 0 103
992846 0 101
994394 0 102
995819 0 102
997317 0 102
998865 0 102
1000314 0 103
1001739 0 101
1003188 0 102
1004736 0 102
1006284 0 102
1007807 0 102
1009281 0 103
1010779 0 101
1012303 0 102
1013801 0 102
1015349 0 103
1016823 0 101
1018346 0 102
1019894 0 103
1021392 0 101
1022866 0 102
1024414 0 102
1025912 0 102
1027435 0 102
1028909 0 102
1030408 0 103
1031931 0 101
1033430 0 102
1034977 0 102
1036451 0 102
1037876 0 102
1039325 0 102
1040726 0 103
1042249 0 101
1043747 0 102
1045270 0 102
1046744 0 103
1048243 0 101
1049717 0 102
1051265 0 102
1052788 0 102
1054262 0 103
1055736 0 101
1057234 0 102
1058684 0 103
1060133 0 101
1061656 0 102
1063204 0 102
1064702 0 102
1066201 0 102
1067675 0 103
1069124 0 101
1070623 0 102
1072048 0 102
1073497 0 102
1074947 0 102
1076494 0 103
1077968 0 101
1079491 0 102
1081039 0 102
1082587 0 102
1084110 0 103
1085584 0 101
1087033 0 102
1088507 0 103
1090006 0 101
1091455 0 102
1092954 0 102
1094378 0 103
1095828 0 101
1097228 0 102
1098702 0 102
1100102 0 102
1101552 0 102
1102952 0 103
1104524 0 101
1105998 0 102
1107546 0 103
1108971 0 101
1110469 0 102
1111968 0 102
1113393 0 102
1114891 0 102
1116390 0 103
1117937 0 101
1119461 0 102
1120935 0 102
1122433 0 102
1123833 0 102
1125258 0 103
1126806 0 101
1128329 0 102
1129828 0 102
1131252 0 102
1132726 0 102
1134274 0 102
1135674 0 103
1137173 0 101
1138671 0 102
1140096 0 103
1141521 0 101
1143020 0 102
1144543 0 102
1146017 0 103
1147442 0 101
1148891 0 102
1150316 0 102
1151716 0 103
1153190 0 101
1154689 0 102
1156163 0 103
1157637 0 101
1159135 0 102
1160634 0 102
1162132 0 102
1163557 0 102
1164982 0 103
1166480 0 101
1167905 0 102
1169355 0 103
1170878 0 101
1172401 0 102
1173899 0 102
1175447 0 102
1176921 0 102
1178371 0 102
1179845 0 102
1181245 0 103
1182743 0 101
1184218 0 102
1185667 0 103
1187116 0 101
1188590 0 102
1190040 0 103
1191612 0 101
1193110 0 102
1194633 0 102
1196058 0 102
1197459 0 102
1198933 0 102
1200406 0 102
1201831 0 103
1203354 0 101
1204779 0 102
1206180 0 103
1207727 0 101
1209226 0 102
1210700 0 102
1212125 0 103
1213549 0 101
1214950 0 102
1216497 0 102
1217971 0 102
1219445 0 102
1220846 0 103
1222295 0 101
1223843 0 102
1225366 0 103
1226889 0 101
1228363 0 102
1229837 0 102
1231237 0 102
1232711 0 102
1234185 0 103
1235708 0 101
1237207 0 102
1238730 0 102
1240253 0 102
1241727 0 103
1243176 0 101
1244650 0 102
1246100 0 102
1247549 0 102
1248974 0 102
1250497 0 102
1251996 0 103
1253519 0 101
1255066 0 102
1256491 0 102
1257990 0 102
1259488 0 102
1261011 0 103
1262535 0 101
1264009 0 102
1265532 0 102
1267006 0 102
1268431 0 103
1269904 0 101
1271428 0 102
1272877 0 102
1274376 0 102
1275800 0 102
1277225 0 102
1278675 0 103
1280124 0 101
1281672 0 102
1283170 0 102
1284595 0 102
1285995 0 102
1287494 0 102
1288919 0 103
1290368 0 101
1291867 0 102
1293414 0 102
1294864 0 102
1296264 0 102
1297664 0 102
1299114 0 102
1300661 0 103
1302234 0 101
1303732 0 102
1305280 0 102
1306778 0 102
1308203 0 102
1309702 0 102
1311151 0 103
1312601 0 101
1314001 0 102
1315524 0 102
1317047 0 102
1318447 0 102
1319848 0 102
1321273 0 103
1322747 0 101
1324147 0 102
1325572 0 102
1327046 0 102
1328544 0 102
1330018 0 103
1331541 0 101
1332966 0 102
1334514 0 102
1335914 0 102
1337413 0 102
1338911 0 103
1340336 0 101
1341736 0 102
1343161 0 102
1344660 0 102
1346109 0 102
1347583 0 102
1349106 0 103
1350556 0 101
1352103 0 102
1353528 0 103
1354978 0 101
1356525 0 102
1358024 0 102
1359449 0 102
1360947 0 102
1362421 0 102
1363846 0 103
1365320 0 101
1366720 0 102
1368170 0 102
1369693 0 102
1371216 0 102
1372690 0 102
1374090 0 103
1375638 0 101
1377136 0 102
1378635 0 103
1380182 0 101
1381706 0 102
1383253 0 102
1384678 0 102
1386177 0 102
1387577 0 103
1389149 0 101
1390574 0 102
1392048 0 102
1393596 0 102
1395070 0 102
1396593 0 103
1398140 0 101
1399590 0 102
1401088 0 102
1402513 0 102
1404036 0 103
1405486 0 101
1406886 0 102
1408360 0 103
1409809 0 101
1411234 0 102
1412635 0 102
1414084 0 102
1415558 0 102
1416983 0 103
1418555 0 101
1419980 0 102
1421478 0 102
1422903 0 102
1424377 0 102
1425777 0 102
1427251 0 102
1428725 0 103
1430199 0 101
1431747 0 102
1433197 0 102
1434720 0 102
1436218 0 102
1437741 0 103
1439166 0 101
1440689 0 102
1442237 0 102
1443637 0 102
1445185 0 102
1446585 0 103
1448157 0 101
1449705 0 102
1451130 0 102
1452555 0 102
1453980 0 102
1455527 0 102
1457001 0 103
1458475 0 101
1459974 0 102
1461448 0 102
1462848 0 102
1464396 0 103
1465845 0 101
1467295 0 102
1468818 0 102
1470316 0 102
1471815 0 102
1473289 0 102
1474689 0 103
1476138 0 101
1477539 0 102
1479062 0 103
1480634 0 101
1482034 0 102
1483533 0 102
1485056 0 103
1486530 0 101
1487955 0 102
1489502 0 102
1491050 0 102
1492549 0 102
1493949 0 102
1495398 0 102
1496872 0 102
1498322 0 103
1499796 0 101
1501245 0 102
1502719 0 102
1504193 0 103
1505692 0 101
1507116 0 102
1508541 0 102
1510089 0 102
1511612 0 103
1513111 0 101
1514609 0 102
1516132 0 103
1517557 0 101
1519056 0 102
1520530 0 102
1522053 0 102
1523478 0 102
1524878 0 102
1526401 0 103
1527900 0 101
1529373 0 102
1530847 0 102
1532395 0 102
1533795 0 102
1535269 0 102
1536743 0 103
1538291 0 101
1539790 0 102
1541214 0 102
1542615 0 103
1544064 0 101
1545464 0 102
1546914 0 102
1548412 0 102
1549837 0 103
1551360 0 101
1552859 0 102
1554357 0 102
1555758 0 102
1557158 0 103
1558607 0 101
1560130 0 102
1561531 0 102
1563029 0 102
1564552 0 103
1566026 0 101
1567427 0 102
1568925 0 103
1570448 0 101
1571996 0 102
1573396 0 102
1574846 0 102
1576270 0 102
1577769 0 103
1579218 0 101
1580742 0 102
1582265 0 103
1583812 0 101
1585311 0 102
1586809 0 102
1588234 0 102
1589659 0 103
1591182 0 101
1592656 0 102
1594130 0 102
1595653 0 103
1597078 0 101
1598478 0 102
1600026 0 102
1601525 0 102
1602974 0 102
1604423 0 102
1605947 0 103
1607519 0 101
1608919 0 102
1610344 0 102
1611892 0 102
1613316 0 103
1614790 0 101
1616215 0 102
1617689 0 102
1619188 0 102
1620686 0 102
1622087 0 102
1623610 0 103
1625133 0 101
1626558 0 102
1628081 0 102
1629604 0 103
1631053 0 101
1632503 0 102
1633952 0 103
1635426 0 101
1636851 0 102
1638399 0 102
1639848 0 103
1641371 0 101
1642821 0 102
1644368 0 103
1645891 0 101
1647414 0 102
1648888 0 102
1650313 0 102
1651738 0 102
1653188 0 102
1654612 0 103
1656062 0 101
1657487 0 102
1659010 0 103
1660459 0 101
1662007 0 102
1663481 0 102
1664955 0 102
1666429 0 102
1667927 0 102
1669475 0 103
1670998 0 101
1672546 0 102
1674044 0 102
1675567 0 103
1677066 0 101
1678491 0 102
1680014 0 103
1681512 0 101
1682986 0 102
1684436 0 102
1685861 0 102
1687285 0 102
1688809 0 103
1690233 0 101
1691683 0 102
1693083 0 103
1694631 0 101
1696056 0 102
1697456 0 103
1698905 0 101
1700404 0 102
1701878 0 102
1703401 0 102
1704924 0 102
1706398 0 102
1707897 0 103
1709321 0 101
1710820 0 102
1712368 0 103
1713793 0 101
1715242 0 102
1716790 0 103
1718313 0 101
1719860 0 102
1721384 0 102
1722907 0 102
1724430 0 102
1725855 0 102
1727255 0 102
1728753 0 103
1730301 0 101
1731824 0 102
1733298 0 103
1734846 0 101
1736369 0 102
1737843 0 103
1739415 0 101
1740938 0 102
1742339 0 102
1743788 0 103
1745237 0 101
1746785 0 102
1748234 0 103
1749733 0 101
1751182 0 102
1752656 0 103
1754106 0 101
1755653 0 102
1757103 0 102
1758528 0 102
1759953 0 102
1761377 0 102
1762876 0 103
1764374 0 101
1765848 0 102
1767372 0 102
1768919 0 102
1770320 0 102
1771867 0 102
1773267 0 103
1774717 0 101
1776215 0 102
1777739 0 102
1779286 0 102
1780785 0 102
1782283 0 102
1783782 0 102
1785256 0 103
1786681 0 101
1788228 0 102
1789751 0 102
1791275 0 102
1792675 0 103
1794247 0 101
1795746 0 102
1797269 0 103
1798841 0 101
1800364 0 102
1801764 0 102
1803238 0 102
1804712 0 102
1806162 0 103
1807660 0 101
1809134 0 102
1810584 0 103
1812131 0 101
1813532 0 102
1814956 0 103
1816430 0 101
1817929 0 102
1819354 0 102
1820901 0 103
1822351 0 101
1823849 0 102
1825323 0 102
1826797 0 103
1828370 0 101
1829819 0 102
1831342 0 102
1832841 0 103
1834290 0 101
1835739 0 102
1837189 0 102
1838712 0 102
1840235 0 103
1841685 0 101
1843183 0 102
1844608 0 102
1846156 0 102
1847703 0 102
1849128 0 102
1850651 0 103
1852076 0 101
1853575 0 102
1854999 0 103
1856547 0 101
1857972 0 102
1859421 0 102
1860871 0 103
1862296 0 101
1863794 0 102
1865244 0 103
1866668 0 101
1868118 0 102
1869543 0 103
1871017 0 101
1872564 0 102
1893972 0 42
1895421 0 39
1896871 0 37
1898418 0 38
1899941 0 38
1901465 0 48
1902914 0 42
1904412 0 46
1905911 0 39
1907360 0 42
1908884 0 51
1910407 0 57
1911930 0 52
1913379 0 58
1914804 0 52
1916303 0 62
1917826 0 48
1919275 0 49
1920675 0 59
1922125 0 52
1923574 0 59
1925024 0 58
1926473 0 57
1927996 0 67
1929495 0 38
1930969 0 56
1932492 0 59
1934064 0 56
1935513 0 56
1937037 0 61
1938461 0 45
1939911 0 58
1941483 0 63
1942908 0 37
1944456 0 58
1946052 0 68
1947502 0 43
1949049 0 51
1950523 0 52
1951997 0 57
1953570 0 52
1955019 0 59
1956468 0 64
1957942 0 40
1959416 0 54
1960890 0 53
1962438 0 60
1963912 0 51
1965361 0 71
1966786 0 47
1968285 0 60
1969710 0 50
1971159 0 60
1972682 0 60
1974205 0 49
1975704 0 65
1977227 0 43
1978775 0 58
1980298 0 63
1981870 0 43
1983393 0 57
1984867 0 58
1986439 0 59
1987889 0 52
1989314 0 54
1990763 0 54
1992311 0 53
1993834 0 71
1995332 0 45
1996831 0 55
1998329 0 54
1999779 0 58
2001253 0 50
2002776 0 52
2004274 0 55
2005724 0 67
2007149 0 47
2008672 0 50
2010170 0 56
2011620 0 49
2013045 0 52
2014469 0 58
2015894 0 58
2017368 0 53
2018818 0 70
2020316 0 43
2021766 0 52
2023240 0 56
2024689 0 54
2026188 0 51
2027612 0 52
2029111 0 71
2030609 0 45
2032108 0 50
2033607 0 66
2035130 0 46
2036653 0 49
2038151 0 63
2039699 0 38
2041198 0 49
2042745 0 53
2044268 0 62
2045816 0 38
2047364 0 49
2048813 0 51
2050287 0 60
2051712 0 53
2053137 0 65
2054586 0 38
2056134 0 53
2057681 0 56
2059205 0 54
2060629 0 60
2062153 0 67
2063602 0 38
2065125 0 58
2066599 0 64
2068048 0 44
2069547 0 52
2071021 0 61
2072569 0 37
2074092 0 57
2075517 0 61
2077064 0 47
2078538 0 52
2080037 0 52
2081511 0 58
2083058 0 54
2084557 0 69
2086031 0 44
2087554 0 50
2089028 0 64
2090477 0 41
2091902 0 55
2093450 0 53
2094924 0 54
2096447 0 67
2097921 0 45
2099469 0 54
2100894 0 49
2102368 0 70
2103817 0 40
2105242 0 52
2106789 0 62
2108337 0 42
2109836 0 53
2111359 0 51
2112931 0 49
2114380 0 53
2115879 0 58
2117451 0 67
2118999 0 39
2120399 0 51
2121947 0 51
2123495 0 57
2125042 0 51
2126565 0 55
2127990 0 61
2129513 0 45
2130963 0 55
2132535 0 49
2134009 0 51
2135557 0 58
2137080 0 53
2138529 0 69
2140028 0 41
2141477 0 55
2142902 0 55
2144425 0 51
2145874 0 65
2147447 0 43
2149019 0 59
2150444 0 61
2151991 0 48
2153515 0 49
2155013 0 61
2156438 0 46
2157986 0 60
2159410 0 50
2160884 0 51
2162408 0 51
2163832 0 64
2165306 0 46
2166756 0 59
2168230 0 57
2169679 0 51
2171079 0 53
2172603 0 51
2174101 0 63
2175550 0 42
2176951 0 58
2178400 0 59
2179923 0 59
2181471 0 58
2183019 0 52
2184443 0 62
2185868 0 46
2187318 0 49
2188816 0 49
2190290 0 57
2191764 0 72
2193263 0 47
2194663 0 56
2196112 0 59
2197636 0 60
2199183 0 70
2200559 0 44
2202008 0 59
2203458 0 67
2204956 0 46
2206406 0 60
2207904 0 66
2209354 0 43
2210828 0 57
2212277 0 71
2213751 0 46
2215200 0 49
2216748 0 55
2218222 0 52
2219696 0 67
2221244 0 37
2222718 0 58
2224216 0 56
2225666 0 60
2227115 0 56
2228638 0 67
2230088 0 42
2231635 0 49
2233085 0 60
2234534 0 72
2236008 0 37
2237556 0 52
2239054 0 54
2240504 0 59
2241978 0 57
2243550 0 56
2244950 0 71
2246400 0 40
2247824 0 59
2249323 0 54
2250772 0 50
2252246 0 55
2253696 0 63
2255170 0 45
2256693 0 55
2258167 0 66
2259665 0 39
2261213 0 58
2262638 0 60
2264087 0 53
2265488 0 60
2266912 0 54
2268436 0 66
2269910 0 44
2271334 0 51
2272857 0 64
2274331 0 42
2275732 0 54
2277181 0 69
2278680 0 37
2280203 0 57
2281775 0 57
2283224 0 69
2284723 0 40
2286172 0 56
2287720 0 59
2289145 0 55
2290570 0 51
2292142 0 50
2293641 0 72
2295090 0 48
2296515 0 50
2298062 0 71
2299586 0 40
2301035 0 60
2302460 0 69
2303958 0 41
2305383 0 60
2306931 0 64
2308503 0 46
2310026 0 57
2311525 0 71
2312974 0 38
2314424 0 60
2315947 0 72
2317396 0 40
2318846 0 59
2320344 0 68
2321794 0 47
2323366 0 54
2324889 0 70
2326338 0 40
2327788 0 55
2329237 0 52
2330760 0 50
2332308 0 57
2333782 0 51
2335207 0 64
2336607 0 40
2338032 0 55
2339506 0 49
2341004 0 52
2342552 0 53
2344051 0 52
2345623 0 71
2347048 0 45
2348620 0 53
2350069 0 63
2351617 0 46
2353214 0 54
2354639 0 50
2356211 0 49
2357660 0 59
2359085 0 71
2360633 0 44
2362033 0 56
2363532 0 66
2365030 0 39
2366578 0 52
2368101 0 49
2369575 0 50
2371147 0 56
2372646 0 72
2374071 0 41
2375643 0 60
2377166 0 51
2378615 0 71
2380065 0 46
2381514 0 51
2383013 0 54
2384462 0 54
2385985 0 52
2387410 0 55
2388909 0 61
2390481 0 46
2391906 0 49
2393355 0 71
2394903 0 40
2396352 0 56
2397875 0 51
2399423 0 51
2400872 0 60
2402346 0 61
2403845 0 41
2405294 0 54
2406744 0 49
2408316 0 53
2409716 0 50
2411215 0 56
2412664 0 64
2414187 0 45
2415612 0 58
2417184 0 50
2418732 0 56
2420206 0 56
2421631 0 69
2423203 0 39
2424751 0 59
2426323 0 57
2427846 0 60
2429271 0 64
2430769 0 43
2432219 0 51
2433693 0 50
2435142 0 54
2436616 0 53
2438139 0 49
2439687 0 63
2441186 0 38
2442660 0 52
2444134 0 51
2445608 0 60
2447057 0 60
2448629 0 66
2450128 0 41
2451553 0 51
2453076 0 70
2454599 0 42
2455999 0 59
2457448 0 60
2458972 0 52
2460446 0 55
2461870 0 63
2463344 0 39
2464769 0 56
2466268 0 64
2467693 0 48
2469216 0 58
2470690 0 54
2472213 0 72
2473687 0 40
2475112 0 60
2476659 0 52
2478182 0 57
2479730 0 57
2481229 0 55
2482678 0 50
2484201 0 63
2485749 0 38
2487174 0 55
2488697 0 59
2490220 0 69
2491792 0 46
2493266 0 55
2494740 0 54
2496165 0 50
2497639 0 49
2499064 0 50
2500562 0 54
2501987 0 67
2503461 0 45
2504886 0 52
2506384 0 64
2507834 0 37
2509357 0 52
2510831 0 67
2512231 0 44
2513632 0 52
2515056 0 50
2516457 0 62
2518004 0 40
2519429 0 52
2520977 0 56
2522500 0 49
2524048 0 52
2525546 0 55
2526996 0 68
2528420 0 44
2529919 0 56
2531442 0 53
2532941 0 72
2534415 0 48
2535839 0 54
2537264 0 52
2538738 0 71
2540188 0 45
2541662 0 51
2543185 0 50
2544683 0 56
2546157 0 58
2547656 0 64
2549130 0 39
2550579 0 58
2552176 0 53
2553675 0 52
2555099 0 71
2556598 0 41
2558072 0 51
2559497 0 65
2561020 0 47
2562469 0 59
2563919 0 55
2565442 0 69
2566940 0 48
2568365 0 56
2569864 0 57
2571411 0 71
2572959 0 47
2574433 0 55
2575907 0 56
2577381 0 53
2578929 0 61
2580403 0 45
2581877 0 54
2583351 0 63
2584923 0 37
2586421 0 50
2587969 0 58
2589492 0 60
2590917 0 53
2592391 0 53
2593865 0 61
2595364 0 44
2596887 0 58
2598311 0 53
2599884 0 59
2601358 0 54
2602783 0 70
2604207 0 46
2605780 0 57
2607204 0 56
2608703 0 55
2610251 0 59
2611725 0 70
2613100 0 42
2614501 0 56
2616073 0 69
2617547 0 41
2619070 0 53
2620470 0 49
2621944 0 51
2623394 0 58
2624843 0 63
2626342 0 44
2627865 0 60
2629339 0 67
2630764 0 41
2632213 0 58
2633687 0 66
2635185 0 48
2636758 0 54
2638207 0 49
2639730 0 51
2641155 0 58
2642703 0 58
2644177 0 62
2645626 0 47
2647100 0 57
2648672 0 51
2650171 0 63
2651694 0 42
2653119 0 58
2654642 0 56
2656067 0 69
2657614 0 38
2659162 0 59
2660562 0 70
2661987 0 46
2663535 0 56
2664984 0 51
2666532 0 55
2668055 0 52
2669529 0 58
2671101 0 62
2672502 0 43
2673926 0 58
2675400 0 69
2676924 0 45
2678422 0 58
2679994 0 50
2681444 0 54
2682869 0 56
2684318 0 62
2685841 0 37
2687340 0 51
2688789 0 57
2690288 0 59
2691786 0 60
2693236 0 68
2694660 0 45
2696159 0 59
2697731 0 57
2699230 0 59
2700704 0 59
2702153 0 58
2703676 0 56
2705175 0 71
2706722 0 46
2708221 0 55
2709744 0 60
2711292 0 54
2712815 0 54
2714240 0 57
2715738 0 63
2717261 0 46
2718834 0 51
2720308 0 61
2721831 0 37
2723378 0 51
2724779 0 70
2726154 0 46
2727604 0 60
2729102 0 69
2730576 0 41
2732001 0 53
2733475 0 51
2734925 0 56
2736325 0 57
2737799 0 60
2739297 0 54
2740747 0 65
2742196 0 46
2743695 0 58
2745242 0 58
2746716 0 56
2748239 0 49
2749738 0 53
2751310 0 61
2752784 0 41
2754307 0 56
2755781 0 54
2757280 0 58
2758778 0 49
2760228 0 59
2761751 0 59
2763225 0 65
2764699 0 37
2766173 0 49
2767671 0 60
2769244 0 54
2770718 0 59
2772290 0 72
2773690 0 44
2775262 0 49
2776761 0 65
2778259 0 38
2779807 0 52
2781281 0 59
2782804 0 58
2784327 0 50
2785752 0 66
2787226 0 38
2788749 0 49
2790199 0 52
2791673 0 49
2793220 0 60
2794743 0 55
2796168 0 67
2797691 0 43
2799141 0 60
2814825 0 104
2816348 0 104
2817896 0 104
2819419 0 104
2820844 0 104
2822269 0 104
2823694 0 104
2825168 0 104
2826715 0 104
2828165 0 104
2829688 0 105
2831088 0 105
2832513 0 106
2833987 0 104
2835387 0 105
2836837 0 105
2838360 0 105
2839908 0 105
2841357 0 106
2842880 0 104
2844280 0 105
2845828 0 106
2847400 0 104
2848972 0 105
2850397 0 106
2851871 0 104
2853321 0 105
2854746 0 105
2856244 0 105
2857767 0 105
2859192 0 105
2860691 0 106
2862115 0 104
2863663 0 105
2865137 0 105
2866636 0 105
2868183 0 105
2869657 0 105
2871107 0 106
2872532 0 104
2874079 0 105
2875480 0 106
2876904 0 104
2878378 0 105
2879852 0 106
2881277 0 104
2882702 0 105
2884151 0 105
2885724 0 106
2887296 0 104
2888794 0 105
2890244 0 106
2891767 0 104
2893167 0 105
2894617 0 105
2896066 0 106
2897614 0 104
2899112 0 105
2900635 0 106
2902085 0 104
2903608 0 105
2905082 0 105
2906507 0 105
2907907 0 105
2909356 0 106
2910904 0 104
2912353 0 105
2913754 0 105
2915252 0 106
2916800 0 104
2918323 0 105
2919797 0 105
2921271 0 106
2922745 0 104
2924268 0 105
2925816 0 106
2927216 0 104
2928666 0 105
2930189 0 105
2931663 0 105
2933210 0 105
2934684 0 105
2936207 0 106
2937755 0 104
2939303 0 105
2940728 0 105
2942251 0 105
2943725 0 105
2945149 0 105
2946673 0 105
2948097 0 105
2949498 0 106
2951021 0 104
2952544 0 105
2953969 0 106
2955418 0 104
2956966 0 105
2958514 0 105
2960061 0 105
2961560 0 105
2963009 0 106
2964459 0 104
2965982 0 105
2967431 0 106
2968954 0 104
2970526 0 105
2972074 0 105
2973646 0 105
2975047 0 105
2976594 0 106
2978044 0 104
2979469 0 105
2980967 0 105
2982416 0 106
2983890 0 104
2985389 0 105
2986961 0 105
2988509 0 105
2989909 0 105
2991359 0 105
2992783 0 105
2994208 0 106
2995633 0 104
2997205 0 105
2998606 0 105
3000031 0 105
3001554 0 105
3002954 0 105
3004477 0 105
3005877 0 105
3007400 0 106
3008899 0 104
3010422 0 105
3011871 0 105
3013321 0 106
3014770 0 104
3016293 0 105
3017816 0 106
3019241 0 104
3020691 0 105
3022165 0 105
3023712 0 105
3025235 0 105
3026759 0 106
3028233 0 104
3029731 0 105
3031156 0 105
3032704 0 105
3034129 0 105
3035553 0 105
3037076 0 105
3038501 0 105
3039975 0 106
3041400 0 104
3042850 0 105
3044299 0 105
3045773 0 105
3047173 0 105
3048721 0 106
3050146 0 104
3051546 0 105
3053020 0 105
3054420 0 105
3055943 0 105
3057491 0 105
3058990 0 106
3060439 0 104
3061987 0 105
3063412 0 105
3064812 0 106
3066335 0 104
3067833 0 105
3069307 0 105
3070831 0 105
3072255 0 105
3073778 0 105
3075277 0 105
3076800 0 106
3078299 0 104
3079846 0 105
3081320 0 106
3082745 0 104
3084293 0 105
3085718 0 105
3087241 0 105
3088690 0 106
3090238 0 104
3091712 0 105
3093210 0 106
3094733 0 104
3096158 0 105
3097559 0 105
3099106 0 105
3100556 0 105
3102054 0 105
3103504 0 105
3105002 0 105
3106427 0 106
3107950 0 104
3109424 0 105
3110849 0 105
3112397 0 106
3113969 0 104
3115517 0 105
3117040 0 106
3118587 0 104
3120037 0 105
3121437 0 105
3122837 0 105
3124311 0 105
3125785 0 105
3127259 0 106
3128782 0 104
3130256 0 105
3131657 0 105
3133204 0 105
3134605 0 105
3136079 0 106
3137602 0 104
3139026 0 105
3140550 0 105
3142097 0 106
3143620 0 104
3145045 0 105
3146568 0 106
3148042 0 104
3149541 0 105
3151064 0 105
3152538 0 106
3154061 0 104
3155510 0 105
3157058 0 106
3158606 0 104
3160104 0 105
3161652 0 105
3163126 0 106
3164551 0 104
3166049 0 105
3167523 0 105
3168973 0 105
3170496 0 105
3171896 0 105
3173395 0 106
3174844 0 104
3176367 0 105
3177866 0 105
3179266 0 106
3180789 0 104
3182337 0 105
3183762 0 105
3185211 0 105
3186685 0 105
3188208 0 105
3189731 0 105
3191254 0 106
3192777 0 104
3194301 0 105
3195848 0 106
3197322 0 104
3198821 0 105
3200319 0 105
3201818 0 106
3203366 0 104
3204913 0 105
3206461 0 106
3208009 0 104
3209483 0 105
3211055 0 106
3212480 0 104
3213978 0 105
3215526 0 106
3217098 0 104
3218498 0 105
3219899 0 105
3221373 0 106
3222822 0 104
3224345 0 105
3225868 0 105
3227440 0 105
3228890 0 105
3230438 0 106
3231862 0 104
3233361 0 105
3234859 0 105
3236309 0 106
3237807 0 104
3239355 0 105
3240878 0 105
3242352 0 105
3243752 0 105
3245153 0 105
3246700 0 105
3248248 0 106
3249747 0 104
3251221 0 105
3252645 0 105
3254193 0 105
3255741 0 105
3257313 0 105
3258713 0 106
3260261 0 104
3261784 0 105
3263209 0 106
3264708 0 104
3266181 0 105
3267680 0 105
3269154 0 105
3270628 0 106
3272053 0 104
3273601 0 105
3275074 0 105
3276598 0 105
3278121 0 105
3279570 0 105
3281093 0 106
3282592 0 104
3284017 0 105
3285491 0 106
3287038 0 104
3288439 0 105
3289863 0 105
3291411 0 105
3292885 0 105
3294334 0 105
3295784 0 105
3297209 0 106
3298609 0 104
3300083 0 105
3301483 0 105
3303006 0 105
3304456 0 105
3305905 0 105
3307355 0 106
3308779 0 104
3310253 0 105
3311801 0 105
3313324 0 105
3314749 0 105
3316297 0 105
3317844 0 106
3319318 0 104
3320841 0 105
3322340 0 106
3323912 0 104
3325460 0 105
3327008 0 105
3328555 0 105
3330005 0 105
3331528 0 106
3333075 0 104
3334525 0 105
3335974 0 105
3337375 0 105
3338799 0 105
3340225 0 106
3341796 0 104
3343270 0 105
3344818 0 105
3346317 0 105
3347815 0 105
3349314 0 105
3350861 0 105
3352385 0 106
3353908 0 104
3355332 0 105
3356856 0 106
3358330 0 104
3359853 0 105
3361278 0 106
3362825 0 104
3364373 0 105
3365847 0 105
3367321 0 106
3368869 0 104
3370367 0 105
3371816 0 106
3373266 0 104
3374715 0 105
3376263 0 105
3377688 0 105
3379113 0 106
3380587 0 104
3382085 0 105
3383633 0 105
3385131 0 105
3386654 0 105
3388104 0 106
3389652 0 104
3391076 0 105
3392624 0 106
3394098 0 104
3395621 0 105
3397095 0 106
3398594 0 104
3399994 0 105
3401493 0 105
3402991 0 106
3404465 0 104
3405890 0 105
3407413 0 105
3408887 0 105
3410435 0 105
3411933 0 106
3413407 0 104
3414930 0 105
3416380 0 105
3417927 0 106
3419475 0 104
3420924 0 105
3422472 0 105
3423946 0 105
3425445 0 105
3426968 0 105
3428491 0 106
3429940 0 104
3431463 0 105
3432864 0 105
3434387 0 106
3435861 0 104
3437310 0 105
3438809 0 106
3440307 0 104
3441855 0 105
3443329 0 105
3444827 0 105
3446375 0 105
3447898 0 105
3449372 0 106
3450871 0 104
3452369 0 105
3453892 0 105
3455366 0 105
3456914 0 105
3458363 0 105
3459837 0 106
3461311 0 104
3462859 0 105
3464407 0 105
3465954 0 105
3467453 0 105
3468853 0 105
3470401 0 105
3471924 0 106
3473349 0 104
3474823 0 105
3476272 0 106
3477722 0 104
3479269 0 105
3480792 0 105
3482242 0 105
3483765 0 105
3485190 0 105
3486713 0 105
3488162 0 106
3489685 0 104
3491233 0 105
3492805 0 105
3494328 0 105
3495827 0 105
3497301 0 106
3498800 0 104
3500224 0 105
3501674 0 105
3503123 0 105
3504523 0 105
3506022 0 106
3507471 0 104
3508921 0 105
3510346 0 105
3511820 0 105
3513269 0 106
3514718 0 104
3516242 0 105
3517666 0 105
3519140 0 106
3520688 0 104
3522088 0 105
3523611 0 105
3525085 0 105
3526584 0 105
3528083 0 106
3529556 0 104
3531080 0 105
3532480 0 105
3534003 0 105
3535452 0 105
3536902 0 105
3538302 0 106
3539727 0 104
3541152 0 105
3542626 0 105
3544198 0 106
3545721 0 104
3547220 0 105
3548669 0 106
3550094 0 104
3551568 0 105
3553042 0 105
3554590 0 105
3556064 0 106
3557513 0 104
3559036 0 105
3560584 0 105
3562009 0 106
3563433 0 104
3564981 0 105
3566480 0 105
3567904 0 105
3569329 0 106
3570902 0 104
3572326 0 105
3573849 0 105
3575250 0 105
3576773 0 105
3578247 0 106
3579795 0 104
3581318 0 105
3582742 0 105
3584192 0 105
3585617 0 105
3587066 0 105
3588516 0 106
3590014 0 104
3591414 0 105
3592864 0 105
3594338 0 106
3595861 0 104
3597310 0 105
3598760 0 105
3600160 0 105
3601732 0 105
3603255 0 106
3604705 0 104
3606105 0 105
3607530 0 106
3608955 0 104
3610478 0 105
3612025 0 105
3613499 0 105
3614949 0 105
3616423 0 105
3617921 0 106
3619469 0 104
3621041 0 105
3622515 0 106
3623965 0 104
3625439 0 105
3626839 0 106
3628239 0 104
3629738 0 105
3631261 0 105
3632735 0 105
3634135 0 106
3635535 0 104
3637083 0 105
3638483 0 105
3639957 0 105
3641407 0 105
3642954 0 105
3644404 0 106
3645853 0 104
3647278 0 105
3648777 0 105
3650324 0 105
3651749 0 105
3653272 0 105
3654722 0 105
3656147 0 106
3657670 0 104
3659094 0 105
3660544 0 105
3661969 0 105
3663394 0 105
3664892 0 105
3666317 0 106
3667766 0 104
3669289 0 105
3670739 0 106
3672188 0 104
3673589 0 105
3674989 0 106
3676487 0 104
3677986 0 105
3679484 0 105
3681008 0 105
3682482 0 105
3683980 0 105
3685380 0 105
3686879 0 106
3688353 0 104
3689901 0 105
3691375 0 106
3692898 0 104
3694298 0 105
3695772 0 106
3697344 0 104
3698769 0 105
3700341 0 106
3701864 0 104
3703363 0 105
3704812 0 105
3706262 0 106
3707760 0 104
3709283 0 105
3710733 0 105
3712231 0 105
3713681 0 105
3715204 0 106
3716702 0 104
3718201 0 105
