12268 0 9
13701 0 3
15114 0 2
16630 0 12
18145 0 4
19558 0 12
21053 0 8
22589 0 1
24105 0 11
25600 0 6
27115 0 13
28672 0 24
30167 0 15
31662 0 30
33034 0 1
34549 0 13
36024 0 34
37478 0 12
38871 0 21
40325 0 24
41758 0 19
43294 0 24
44830 0 17
46346 0 26
47841 0 5
49295 0 16
50667 0 22
52182 0 23
53698 0 27
55234 0 5
56729 0 19
58183 0 13
59637 0 18
61091 0 34
62545 0 7
63979 0 15
65515 0 17
67071 0 24
68505 0 19
70061 0 33
71597 0 11
73092 0 19
74567 0 16
76021 0 22
77475 0 14
78867 0 21
80321 0 35
81755 0 3
83168 0 22
84663 0 21
86158 0 14
87653 0 14
89169 0 13
90602 0 19
92056 0 34
93449 0 9
94944 0 15
96357 0 17
97872 0 34
99347 0 3
100883 0 20
102317 0 33
103873 0 11
105327 0 13
106781 0 14
108174 0 22
109689 0 18
111164 0 13
112700 0 28
114236 0 6
115792 0 24
117349 0 24
118885 0 18
120400 0 19
121957 0 30
123472 0 2
124885 0 14
126360 0 18
127855 0 16
129268 0 35
130722 0 8
132237 0 22
133671 0 36
135084 0 11
136559 0 16
138033 0 20
139610 0 17
141064 0 19
142539 0 32
143993 0 4
145508 0 17
147003 0 15
148457 0 20
149973 0 14
151447 0 34
152881 0 4
154355 0 13
155789 0 36
157222 0 1
158697 0 16
160212 0 16
161728 0 18
163243 0 18
164738 0 33
166233 0 7
167688 0 20
169203 0 13
170739 0 17
172214 0 18
173750 0 27
175265 0 2
176781 0 16
178214 0 29
179668 0 5
181204 0 22
182638 0 26
184133 0 5
185566 0 20
187041 0 31
188495 0 7
189949 0 19
191505 0 18
192939 0 19
194475 0 20
195929 0 17
197342 0 24
198858 0 32
200271 0 7
201684 0 17
203220 0 15
204694 0 27
206189 0 2
207684 0 13
209097 0 21
210531 0 18
212067 0 15
213521 0 24
214995 0 33
216491 0 3
217883 0 13
219419 0 18
220976 0 23
222389 0 23
223822 0 15
225256 0 21
226812 0 31
228328 0 1
229802 0 13
231256 0 19
232751 0 20
234185 0 18
235680 0 25
237195 0 9
238670 0 16
240165 0 13
241701 0 22
243175 0 13
244711 0 15
246145 0 34
247599 0 4
249074 0 21
250610 0 27
252105 0 5
253620 0 20
255197 0 25
256733 0 2
258269 0 24
259682 0 18
261095 0 14
262529 0 14
264065 0 32
265498 0 6
267034 0 13
268447 0 34
269963 0 9
271417 0 19
272891 0 18
274448 0 14
275840 0 14
277376 0 34
278912 0 12
280366 0 22
281861 0 18
283295 0 17
284749 0 20
286285 0 31
287719 0 4
289214 0 21
290688 0 20
292245 0 21
293760 0 13
295173 0 20
296730 0 17
298184 0 35
299617 0 1
301010 0 16
302403 0 16
303857 0 22
305352 0 19
306867 0 32
308342 0 12
309837 0 16
311332 0 23
312868 0 16
314383 0 16
315878 0 13
317414 0 13
318868 0 32
320384 0 1
321838 0 20
323415 0 24
324807 0 34
326200 0 2
327633 0 21
329067 0 16
330460 0 19
331996 0 22
333470 0 27
334945 0 5
336460 0 24
337955 0 25
339491 0 2
340945 0 16
342399 0 13
343874 0 26
345287 0 5
346843 0 17
348338 0 33
349792 0 3
351206 0 18
352660 0 33
354134 0 1
355527 0 24
356960 0 13
358414 0 16
359848 0 36
361302 0 6
362838 0 20
364292 0 32
365746 0 5
367200 0 17
368613 0 24
370129 0 23
371603 0 21
373078 0 14
374552 0 28
375945 0 6
377481 0 16
378935 0 19
380410 0 16
381946 0 14
383338 0 27
384874 0 2
386267 0 14
387741 0 18
389257 0 16
390690 0 34
392185 0 12
393578 0 19
395093 0 17
396588 0 32
398063 0 6
399619 0 17
401094 0 23
402568 0 22
404084 0 17
405640 0 25
407156 0 10
408671 0 23
410125 0 16
411539 0 18
413054 0 32
414508 0 7
415962 0 15
417416 0 34
418788 0 12
420222 0 13
421676 0 23
423150 0 21
424625 0 29
426079 0 11
427492 0 19
428946 0 32
430400 0 11
431875 0 22
433349 0 22
434885 0 25
436421 0 6
437998 0 23
439452 0 16
440824 0 19
442278 0 19
443855 0 35
445248 0 9
446743 0 17
448279 0 26
449651 0 6
451146 0 19
452559 0 33
454054 0 3
455611 0 13
457024 0 32
458539 0 2
459952 0 15
461427 0 23
462820 0 14
464294 0 29
465728 0 8
467264 0 16
468759 0 32
470172 0 7
471626 0 17
473018 0 16
474513 0 23
475947 0 21
477421 0 17
478917 0 30
480330 0 6
481845 0 16
483320 0 15
484835 0 16
486289 0 14
487784 0 13
489320 0 32
490815 0 5
492331 0 14
493867 0 21
495341 0 20
496898 0 24
498372 0 15
499867 0 26
501260 0 3
502652 0 24
504188 0 28
505622 0 11
507117 0 19
508694 0 30
510066 0 11
511500 0 16
512974 0 13
514428 0 18
515964 0 27
517439 0 10
518872 0 23
520429 0 18
521903 0 15
523419 0 31
524893 0 4
526429 0 16
527822 0 23
529276 0 22
530730 0 26
532123 0 5
533638 0 18
535072 0 31
536567 0 8
538021 0 14
539516 0 22
540949 0 19
542383 0 13
543898 0 16
545352 0 21
546847 0 29
548363 0 6
549899 0 18
551312 0 17
552807 0 15
554323 0 16
555838 0 16
557210 0 17
558767 0 31
560344 0 10
561859 0 24
563415 0 22
564870 0 22
566426 0 22
567901 0 21
569457 0 17
570891 0 29
572304 0 12
573758 0 21
575273 0 31
576850 0 11
578243 0 16
579615 0 26
581028 0 9
582543 0 17
583957 0 30
585472 0 10
586967 0 22
588544 0 25
589957 0 5
591432 0 21
592906 0 16
594340 0 13
595814 0 19
597330 0 36
598907 0 4
600402 0 13
601794 0 19
603351 0 22
604825 0 33
606382 0 5
607938 0 13
609331 0 23
610744 0 19
612239 0 31
613816 0 1
615372 0 24
616785 0 26
618178 0 3
619693 0 14
621127 0 27
622663 0 11
624076 0 17
625551 0 16
626923 0 24
628356 0 14
629831 0 26
631203 0 7
632657 0 22
634132 0 16
635586 0 19
636999 0 14
638535 0 22
640009 0 29
641504 0 2
642979 0 20
644515 0 18
646071 0 25
647566 0 6
649123 0 22
650659 0 14
652092 0 20
653608 0 17
655000 0 13
656434 0 24
657847 0 15
659301 0 34
660755 0 4
662250 0 18
663766 0 18
665199 0 24
666694 0 26
668107 0 1
669500 0 20
670934 0 34
672470 0 8
674026 0 15
675501 0 23
676996 0 14
678511 0 14
680027 0 16
681501 0 13
682935 0 19
684348 0 28
685884 0 5
687317 0 24
688812 0 18
690348 0 18
691884 0 21
693379 0 20
694915 0 19
696410 0 34
697803 0 10
699318 0 22
700854 0 27
702370 0 7
703947 0 15
705442 0 23
706957 0 29
708391 0 7
709865 0 24
711340 0 13
712876 0 15
714309 0 20
715866 0 13
717258 0 28
718774 0 3
720269 0 18
721744 0 25
723177 0 5
724631 0 13
726044 0 14
727498 0 17
728952 0 23
730447 0 13
731860 0 15
733274 0 29
734646 0 1
736141 0 18
737656 0 19
739110 0 14
740585 0 17
742059 0 17
743493 0 30
744845 0 11
746360 0 22
747855 0 34
749268 0 12
750681 0 22
752156 0 35
753671 0 8
755269 0 15
756825 0 29
758361 0 10
759918 0 22
761413 0 23
762908 0 18
764464 0 24
766000 0 19
767434 0 20
768888 0 35
770362 0 1
771878 0 18
773455 0 26
774991 0 4
776506 0 18
777919 0 30
779291 0 9
780868 0 23
782322 0 15
783735 0 13
785148 0 22
786684 0 30
788159 0 6
789715 0 14
791210 0 29
792705 0 3
794139 0 23
795552 0 17
796986 0 21
798501 0 13
800037 0 18
801491 0 22
803007 0 26
804420 0 2
805935 0 19
807348 0 31
808802 0 6
810257 0 18
811752 0 23
813247 0 14
814701 0 26
816093 0 1
817547 0 13
819001 0 21
820476 0 33
822053 0 8
823507 0 24
824899 0 26
826435 0 5
827889 0 19
829323 0 14
830859 0 22
832395 0 16
833931 0 29
835365 0 3
836860 0 15
838334 0 24
839727 0 29
841181 0 11
842573 0 17
844089 0 23
845584 0 15
847140 0 19
848656 0 20
850151 0 30
851584 0 1
853038 0 14
854533 0 18
855947 0 28
857503 0 5
858937 0 21
860473 0 27
861886 0 6
863299 0 22
864732 0 13
866268 0 29
867763 0 4
869197 0 23
870753 0 13
872228 0 14
873702 0 21
875238 0 15
876774 0 33
878331 0 6
879867 0 16
881362 0 21
882795 0 25
884270 0 5
885806 0 21
887383 0 33
888939 0 11
890455 0 17
891950 0 33
893445 0 1
894878 0 21
896414 0 16
897868 0 20
899384 0 13
900899 0 15
902353 0 24
903767 0 30
905139 0 5
906613 0 17
908108 0 19
909562 0 18
911139 0 24
912593 0 18
1102031 0 101
1103505 0 101
1104939 0 101
1106393 0 101
1107868 0 101
1109322 0 101
1110858 0 101
1112373 0 101
1113848 0 101
1115322 0 101
1116694 0 102
1118189 0 102
1119643 0 102
1121056 0 102
1122449 0 103
1123944 0 101
1125357 0 102
1126791 0 102
1128224 0 102
1129760 0 102
1131173 0 102
1132709 0 103
1134225 0 101
1135781 0 102
1137256 0 102
1138730 0 103
1140205 0 101
1141720 0 102
1143236 0 103
1144772 0 101
1146205 0 102
1147721 0 102
1149216 0 103
1150711 0 101
1152124 0 102
1153558 0 103
1155114 0 101
1156548 0 102
1157961 0 102
1159435 0 103
1160951 0 101
1162446 0 102
1163859 0 103
1165415 0 101
1166951 0 102
1168385 0 102
1169900 0 102
1171354 0 102
1172890 0 102
1174406 0 102
1175819 0 102
1177273 0 103
1178830 0 101
1180304 0 102
1181820 0 103
1183356 0 101
1184810 0 102
1186325 0 103
1187738 0 101
1189233 0 102
1190708 0 103
1192182 0 101
1193698 0 102
1195213 0 102
1196626 0 102
1198060 0 102
1199575 0 102
1201070 0 103
1202586 0 101
1204060 0 102
1205474 0 103
1206887 0 101
1208300 0 102
1209774 0 102
1211249 0 102
1212682 0 102
1214116 0 103
1215652 0 101
1217147 0 102
1218621 0 102
1220137 0 103
1221611 0 101
1223066 0 102
1224479 0 103
1225933 0 101
1227448 0 102
1228841 0 103
1230336 0 101
1231749 0 102
1233285 0 102
1234718 0 102
1236213 0 103
1237647 0 101
1239163 0 102
1240596 0 102
1242071 0 103
1243627 0 101
1245061 0 102
1246597 0 102
1248112 0 102
1249546 0 102
1251020 0 103
1252495 0 101
1253969 0 102
1255464 0 102
1256857 0 102
1258372 0 103
1259826 0 101
1261301 0 102
1262837 0 102
1264271 0 102
1265766 0 102
1267179 0 102
1268674 0 103
1270230 0 101
1271766 0 102
1273220 0 102
1274736 0 102
1276128 0 102
1277664 0 102
1279159 0 103
1280593 0 101
1282067 0 102
1283521 0 102
1284975 0 102
1286450 0 102
1287863 0 103
1289420 0 101
1290955 0 102
1292410 0 102
1293884 0 103
1295400 0 101
1296874 0 102
1298410 0 102
1299823 0 102
1301318 0 102
1302854 0 102
1304390 0 102
1305926 0 103
1307442 0 101
1308937 0 102
1310432 0 102
1311906 0 102
1313381 0 102
1314794 0 102
1316289 0 103
1317743 0 101
1319217 0 102
1320753 0 102
1322289 0 102
1323764 0 103
1325238 0 101
1326733 0 102
1328228 0 102
1329642 0 103
1331116 0 101
1332652 0 102
1334147 0 102
1335581 0 102
1337014 0 102
1338407 0 102
1339861 0 102
1341254 0 103
1342769 0 101
1344325 0 102
1345800 0 102
1347336 0 103
1348831 0 101
1350244 0 102
1351780 0 102
1353173 0 102
1354729 0 103
1356183 0 101
1357678 0 102
1359091 0 102
1360504 0 102
1362040 0 102
1363576 0 102
1365092 0 102
1366505 0 103
1368020 0 101
1369495 0 102
1370888 0 102
1372362 0 102
1373898 0 103
1375373 0 101
1376765 0 102
1378178 0 102
1379632 0 102
1381045 0 102
1382479 0 103
1384035 0 101
1385571 0 102
1387005 0 102
1388418 0 102
1389811 0 102
1391326 0 102
1392862 0 103
1394398 0 101
1395832 0 102
1397224 0 102
1398699 0 102
1400132 0 102
1401607 0 103
1403184 0 101
1404597 0 102
1406112 0 102
1407628 0 102
1409062 0 102
1410516 0 102
1411990 0 102
1413403 0 103
1414980 0 101
1416434 0 102
1417868 0 102
1419281 0 102
1420755 0 102
1422250 0 102
1423807 0 103
1425261 0 101
1426654 0 102
1428067 0 102
1429459 0 102
1430975 0 103
1432531 0 101
1434047 0 102
1435542 0 103
1436975 0 101
1438450 0 102
1440006 0 103
1441522 0 101
1443058 0 102
1444532 0 102
1445925 0 102
1447420 0 103
1448935 0 101
1450451 0 102
1451905 0 102
1453379 0 102
1454834 0 102
1456370 0 102
1457885 0 102
1459360 0 103
1460834 0 101
1462268 0 102
1463742 0 102
1465278 0 103
1466773 0 101
1468248 0 102
1469763 0 102
1471217 0 102
1472671 0 102
1474064 0 103
1475600 0 101
1477074 0 102
1478508 0 102
1479901 0 103
1481334 0 101
1482809 0 102
1484283 0 102
1485799 0 102
1487191 0 102
1488707 0 103
1490202 0 101
1491656 0 102
1493069 0 102
1494585 0 102
1496059 0 102
1497513 0 103
1498967 0 101
1500360 0 102
1501752 0 102
1503247 0 102
1504783 0 103
1506278 0 101
1507691 0 102
1509187 0 102
1510579 0 102
1511972 0 102
1513364 0 102
1514880 0 103
1516436 0 101
1517849 0 102
1519365 0 103
1520839 0 101
1522355 0 102
1523809 0 102
1525222 0 102
1526697 0 102
1528192 0 103
1529646 0 101
1531202 0 102
1532595 0 103
1534090 0 101
1535564 0 102
1536998 0 103
1538493 0 101
1539926 0 102
1541360 0 102
1542753 0 102
1544145 0 102
1545599 0 102
1547156 0 102
1548569 0 103
1550105 0 101
1551559 0 102
1553074 0 102
1554549 0 102
1555941 0 102
1557355 0 102
1558829 0 102
1560365 0 103
1561901 0 101
1563335 0 102
1564809 0 102
1566345 0 102
1567861 0 103
1569315 0 101
1570851 0 102
1572366 0 102
1573800 0 102
1575213 0 102
1576749 0 103
1578305 0 101
1579718 0 102
1581213 0 103
1582729 0 101
1584244 0 102
1585698 0 103
1587112 0 101
1588648 0 102
1590183 0 103
1591678 0 101
1593133 0 102
1594628 0 102
1596164 0 102
1597618 0 102
1599051 0 102
1600526 0 103
1602021 0 101
1603536 0 102
1604990 0 103
1606506 0 101
1607939 0 102
1609414 0 103
1610847 0 101
1612281 0 102
1613674 0 102
1615210 0 102
1616684 0 103
1618159 0 101
1619674 0 102
1621190 0 103
1622705 0 101
1624159 0 102
1625716 0 102
1627149 0 103
1628624 0 101
1630037 0 102
1631491 0 102
1633006 0 102
1634563 0 102
1635996 0 102
1637471 0 103
1638925 0 101
1640441 0 102
1641833 0 103
1643328 0 101
1644782 0 102
1646257 0 102
1647711 0 102
1649226 0 103
1650783 0 101
1652237 0 102
1653711 0 102
1655268 0 103
1656701 0 101
1658094 0 102
1659589 0 102
1661063 0 102
1662599 0 103
1664033 0 101
1665487 0 102
1666941 0 102
1668354 0 102
1669849 0 102
1671324 0 102
1672778 0 102
1674314 0 102
1675809 0 103
1677222 0 101
1678676 0 102
1680069 0 102
1681502 0 102
1682977 0 102
1684513 0 102
1686049 0 102
1687482 0 103
1689039 0 101
1690513 0 102
1692029 0 103
1693503 0 101
1695019 0 102
1696534 0 102
1697927 0 102
1699319 0 103
1700773 0 101
1702187 0 102
1703579 0 103
1705013 0 101
1706467 0 102
1707962 0 102
1709498 0 102
1710931 0 103
1712385 0 101
1713799 0 102
1715253 0 102
1716809 0 102
1718202 0 102
1719676 0 102
1721110 0 102
1722564 0 102
1723997 0 103
1725451 0 101
1726865 0 102
1728339 0 102
1729732 0 102
1731227 0 102
1732742 0 103
1734237 0 101
1735712 0 102
1737145 0 102
1738538 0 103
1739972 0 101
1741385 0 102
1742900 0 102
1744334 0 103
1745849 0 101
1747344 0 102
1748798 0 103
1750355 0 101
1751829 0 102
1753263 0 102
1754676 0 102
1756068 0 103
1757482 0 101
1758977 0 102
1760451 0 103
1762008 0 101
1763544 0 102
1764957 0 102
1766349 0 102
1767742 0 102
1769155 0 102
1770548 0 103
1771961 0 101
1773374 0 102
1774869 0 103
1776282 0 101
1777715 0 102
1779272 0 103
1780828 0 101
1782323 0 102
1783798 0 102
1785191 0 102
1786706 0 103
1788242 0 101
1789676 0 102
1791191 0 103
1792768 0 101
1794304 0 102
1795717 0 102
1797151 0 102
1798687 0 102
1800223 0 102
1801677 0 102
1803151 0 102
1804708 0 103
1806162 0 101
1807616 0 102
1809029 0 102
1810421 0 102
1811937 0 102
1813371 0 102
1814825 0 103
1816361 0 101
1817753 0 102
1819248 0 103
1820702 0 101
1822197 0 102
1823692 0 103
1825249 0 101
1826805 0 102
1828321 0 102
1829795 0 102
1831270 0 102
1832765 0 102
1834219 0 102
1835652 0 103
1837229 0 101
1838622 0 102
1840158 0 102
1841673 0 102
1843107 0 102
1844643 0 102
1846117 0 102
1847531 0 103
1849087 0 101
1850480 0 102
1851934 0 103
1853408 0 101
1854801 0 102
1856316 0 102
1857791 0 102
1859306 0 102
1860719 0 102
1862153 0 102
1863689 0 103
1865164 0 101
1866597 0 102
1868072 0 102
1869546 0 103
1870980 0 101
1872475 0 102
1873908 0 102
1875321 0 102
1876755 0 102
1878189 0 103
1879745 0 101
1881260 0 102
1882735 0 102
1884189 0 102
1885643 0 103
1887220 0 101
1888777 0 102
1890272 0 102
1891705 0 102
1893180 0 102
1894613 0 102
1896129 0 103
1897583 0 101
1899016 0 102
1900450 0 102
1901986 0 103
1903481 0 101
1904874 0 102
1906348 0 102
1907761 0 102
1909174 0 103
1910649 0 101
1912205 0 102
1913639 0 102
1915175 0 102
1916670 0 102
1918103 0 103
1919660 0 101
1921093 0 102
1922609 0 102
1924083 0 102
1925578 0 103
1927053 0 101
1928568 0 102
1929961 0 102
1931395 0 103
1932890 0 101
1934282 0 102
1935757 0 103
1937231 0 101
1938665 0 102
1940201 0 103
1941716 0 101
1943232 0 102
1944645 0 102
1946140 0 102
1947676 0 103
1949171 0 101
1950584 0 102
1952120 0 103
1953533 0 101
1955008 0 102
1956482 0 102
1957998 0 102
1959390 0 103
1960885 0 101
1962360 0 102
1963834 0 102
1965268 0 103
1966702 0 101
1968217 0 102
1969610 0 103
1971105 0 101
1972620 0 102
1974033 0 103
1975569 0 101
1976962 0 102
1978498 0 103
1979911 0 101
1981447 0 102
1982921 0 102
1984314 0 102
1985809 0 103
1987304 0 101
1988820 0 102
1990212 0 102
1991646 0 102
1993038 0 103
1994595 0 101
1995987 0 102
1997421 0 102
1998834 0 102
2289887 0 44
2291341 0 43
2292815 0 46
2294290 0 39
2295785 0 39
2297321 0 38
2298857 0 41
2300413 0 38
2301949 0 40
2303403 0 39
2304960 0 51
2306373 0 59
2307807 0 49
2309240 0 54
2310776 0 61
2312169 0 47
2313664 0 51
2315200 0 72
2316736 0 37
2318292 0 49
2319767 0 58
2321221 0 50
2322757 0 54
2324252 0 65
2325788 0 37
2327283 0 53
2328716 0 53
2330150 0 54
2331542 0 65
2333078 0 44
2334532 0 49
2335946 0 50
2337461 0 51
2338936 0 50
2340431 0 50
2341967 0 53
2343503 0 68
2344916 0 47
2346390 0 52
2347824 0 67
2349298 0 38
2350814 0 55
2352247 0 61
2353783 0 47
2355319 0 52
2356732 0 55
2358248 0 60
2359640 0 60
2361197 0 59
2362651 0 55
2364105 0 68
2365661 0 37
2367218 0 54
2368774 0 69
2370351 0 38
2371764 0 59
2373218 0 56
2374734 0 53
2376290 0 66
2377765 0 44
2379199 0 51
2380755 0 62
2382189 0 40
2383643 0 50
2385138 0 51
2386592 0 60
2388128 0 57
2389623 0 72
2391097 0 40
2392613 0 53
2394005 0 60
2395459 0 54
2396934 0 53
2398429 0 59
2399985 0 52
2401439 0 62
2402893 0 43
2404327 0 58
2405761 0 57
2407338 0 52
2408751 0 57
2410307 0 53
2411720 0 56
2413133 0 52
2414546 0 71
2416021 0 39
2417536 0 51
2418990 0 54
2420485 0 58
2421919 0 49
2423353 0 51
2424868 0 63
2426404 0 46
2427981 0 55
2429537 0 71
2430971 0 45
2432384 0 60
2433879 0 56
2435292 0 54
2436808 0 53
2438344 0 64
2439798 0 38
2441252 0 57
2442808 0 55
2444221 0 51
2445778 0 70
2447293 0 41
2448706 0 60
2450242 0 59
2451655 0 59
2453130 0 61
2454605 0 43
2456161 0 50
2457656 0 71
2459171 0 44
2460585 0 59
2462059 0 52
2463554 0 52
2465111 0 49
2466524 0 50
2468080 0 49
2469493 0 57
2470947 0 70
2472422 0 44
2473917 0 55
2475432 0 62
2476968 0 39
2478381 0 59
2479856 0 71
2481392 0 40
2482928 0 51
2484423 0 55
2485877 0 56
2487290 0 51
2488744 0 56
2490260 0 52
2491714 0 56
2493127 0 63
2494540 0 42
2495932 0 57
2497448 0 67
2498882 0 39
2500377 0 57
2501851 0 55
2503326 0 58
2504759 0 58
2506193 0 53
2507626 0 58
2509183 0 58
2510719 0 67
2512152 0 37
2513606 0 54
2515040 0 65
2516494 0 37
2518009 0 59
2519545 0 59
2521081 0 60
2522576 0 63
2524092 0 43
2525607 0 49
2527102 0 54
2528557 0 69
2530092 0 40
2531506 0 56
2532980 0 55
2534516 0 53
2535970 0 52
2537506 0 61
2539042 0 40
2540558 0 59
2542032 0 55
2543486 0 57
2544920 0 52
2546394 0 68
2547828 0 43
2549364 0 52
2550920 0 60
2552456 0 54
2553972 0 60
2555385 0 71
2556839 0 38
2558354 0 53
2559870 0 51
2561283 0 70
2562696 0 39
2564212 0 51
2565748 0 50
2567202 0 56
2568615 0 58
2570048 0 54
2571605 0 69
2573120 0 37
2574677 0 53
2576172 0 51
2577728 0 59
2579182 0 50
2580718 0 69
2582172 0 39
2583647 0 52
2585203 0 49
2586637 0 68
2588091 0 38
2589545 0 56
2591060 0 59
2592555 0 58
2593968 0 69
2595443 0 47
2596958 0 60
2598351 0 56
2599887 0 52
2601423 0 55
2602979 0 70
2604434 0 44
2605847 0 51
2607280 0 51
2608714 0 56
2610229 0 60
2611786 0 54
2613301 0 61
2614735 0 48
2616148 0 60
2617561 0 54
2618954 0 59
2620408 0 52
2621821 0 65
2623377 0 37
2624872 0 56
2626429 0 59
2627965 0 55
2629439 0 64
2630996 0 42
2632532 0 56
2634027 0 62
2635563 0 45
2637078 0 60
2638635 0 60
2640191 0 71
2641727 0 47
2643263 0 49
2644737 0 51
2646294 0 53
2647728 0 57
2649182 0 65
2650697 0 47
2652110 0 60
2653585 0 53
2655100 0 61
2656595 0 42
2658008 0 58
2659585 0 63
2661039 0 47
2662514 0 60
2664070 0 64
2665483 0 47
2666978 0 56
2668514 0 67
2669927 0 47
2671340 0 50
2672815 0 59
2674249 0 58
2675805 0 63
2677362 0 37
2678877 0 54
2680372 0 69
2681847 0 39
2683383 0 54
2684918 0 50
2686414 0 64
2687827 0 41
2689301 0 59
2690858 0 51
2692332 0 52
2693807 0 51
2695281 0 59
2696715 0 60
2698189 0 64
2699623 0 41
2701097 0 52
2702613 0 61
2704087 0 40
2705501 0 57
2707016 0 54
2708491 0 54
2709924 0 51
2711460 0 53
2712935 0 50
2714368 0 49
2715843 0 70
2717358 0 37
2718833 0 55
2720389 0 63
2721864 0 37
2723420 0 54
2724915 0 51
2726349 0 51
2727823 0 57
2729359 0 55
2730936 0 61
2732349 0 39
2733762 0 59
2735278 0 51
2736711 0 57
2738207 0 54
2739722 0 65
2741278 0 43
2742835 0 58
2744309 0 58
2745763 0 51
2747197 0 50
2748651 0 52
2750208 0 67
2751682 0 47
2753177 0 55
2754631 0 70
2756147 0 48
2757662 0 50
2759219 0 55
2760755 0 60
2762209 0 52
2763622 0 71
2765014 0 45
2766448 0 58
2768004 0 55
2769499 0 52
2771056 0 62
2772551 0 40
2774005 0 55
2775418 0 68
2776831 0 47
2778244 0 56
2779657 0 55
2781070 0 52
2782565 0 61
2784081 0 37
2785637 0 56
2787071 0 50
2788566 0 50
2790061 0 49
2791535 0 67
2792949 0 44
2794403 0 59
2795877 0 63
2797311 0 40
2798724 0 50
2800198 0 57
2801693 0 69
2803250 0 47
2804745 0 52
2806281 0 58
2807837 0 57
2809312 0 72
2810807 0 45
2812343 0 49
2813879 0 51
2815292 0 54
2816828 0 64
2818241 0 37
2819777 0 50
2821251 0 64
2822726 0 38
2824180 0 49
2825634 0 56
2827170 0 55
2828624 0 64
2830017 0 46
2831450 0 56
2832904 0 60
2834297 0 72
2835731 0 48
2837287 0 53
2838802 0 53
2840277 0 62
2841670 0 43
2843185 0 49
2844598 0 56
2846011 0 60
2847465 0 60
2848878 0 69
2850332 0 43
2851807 0 60
2853302 0 60
2854777 0 59
2856169 0 68
2857603 0 45
2859036 0 54
2860593 0 55
2862088 0 62
2863521 0 47
2865016 0 50
2866409 0 58
2867843 0 53
2869358 0 54
2870771 0 69
2872266 0 47
2873679 0 56
2875215 0 67
2876751 0 43
2878164 0 50
2879639 0 67
2881113 0 43
2882526 0 57
2884083 0 53
2885619 0 67
2887032 0 47
2888568 0 50
2890104 0 64
2891558 0 40
2893053 0 56
2894589 0 60
2896084 0 52
2897579 0 66
2899013 0 44
2900467 0 52
2901941 0 51
2903354 0 58
2904829 0 49
2906283 0 63
2907716 0 44
2909232 0 60
2910625 0 66
2912140 0 40
2913696 0 55
2915191 0 67
2916727 0 46
2918263 0 60
2919677 0 54
2921233 0 57
2922687 0 55
2924141 0 68
2925554 0 43
2927029 0 59
2928524 0 58
2930101 0 56
2931534 0 50
2932988 0 70
2934463 0 39
2935958 0 52
2937412 0 70
2938886 0 44
2940381 0 59
2941897 0 67
2943433 0 39
2944928 0 57
2946402 0 59
2947918 0 59
2949474 0 51
2951010 0 54
2952485 0 66
2953980 0 45
2955475 0 53
2956990 0 63
2958465 0 40
2959899 0 54
2961435 0 59
2962889 0 65
2964302 0 41
2965735 0 50
2967189 0 54
2968623 0 52
2970118 0 49
2971510 0 50
2972985 0 66
2974460 0 48
2975914 0 55
2977491 0 51
2978904 0 59
2980440 0 71
2981832 0 43
2983348 0 55
2984863 0 58
2986440 0 56
2987976 0 60
2989451 0 52
2990905 0 60
2992338 0 67
2993751 0 47
2995246 0 58
2996721 0 71
2998216 0 43
2999772 0 52
3001288 0 51
3002721 0 50
3004216 0 71
3005691 0 42
3007207 0 50
3008742 0 51
3010217 0 57
3011651 0 55
3013166 0 65
3014661 0 46
3016095 0 51
3017549 0 68
3019105 0 44
3020559 0 56
3021993 0 56
3023529 0 60
3025065 0 56
3026560 0 60
3027993 0 50
3029406 0 60
3030901 0 70
3032294 0 47
3033769 0 58
3035264 0 55
3036718 0 57
3038172 0 50
3039708 0 59
3041223 0 56
3042698 0 68
3044234 0 37
3045647 0 49
3047060 0 59
3048616 0 60
3050173 0 54
3051627 0 52
3053122 0 61
3054678 0 46
3056235 0 51
3057709 0 65
3059143 0 43
3060699 0 60
3062194 0 49
3063628 0 51
3065184 0 59
3066638 0 70
3068133 0 42
3069608 0 56
3071062 0 53
3072537 0 55
3074052 0 66
3075465 0 39
3076940 0 52
3078353 0 59
3079766 0 49
3081220 0 51
3082776 0 68
3084210 0 42
3085725 0 59
3087241 0 72
3088736 0 37
3090169 0 56
3091583 0 52
3093119 0 52
3094573 0 53
3095986 0 51
3097419 0 51
3098955 0 71
3100368 0 46
3101863 0 56
3103358 0 64
3104771 0 43
3106205 0 55
3107762 0 58
3109318 0 72
3110752 0 43
3112308 0 50
3113844 0 53
3115400 0 54
3116916 0 64
3118370 0 39
3119824 0 56
3121339 0 50
3122794 0 53
3124268 0 61
3125681 0 42
3127094 0 49
3128589 0 64
3130105 0 37
3131661 0 57
3133136 0 70
3134549 0 48
3136085 0 53
3137600 0 54
3138993 0 72
3140447 0 44
3141901 0 53
3143335 0 55
3144850 0 52
3146325 0 59
3147881 0 59
3149417 0 61
3150974 0 43
3152387 0 49
3153779 0 60
3155254 0 51
3156811 0 58
3158264 0 61
3159759 0 42
3161275 0 59
3162688 0 52
3164244 0 57
3165678 0 52
3167214 0 60
3168647 0 64
3170183 0 39
3171637 0 55
3173092 0 54
3174607 0 68
3176143 0 46
3177679 0 54
3179113 0 66
3180526 0 47
3181980 0 51
3183495 0 65
3184908 0 40
3186424 0 55
3187857 0 58
3189270 0 54
3190806 0 56
3192342 0 57
3212935 0 104
3214369 0 104
3215843 0 104
3217359 0 104
3218895 0 104
3220288 0 104
3221803 0 104
3223339 0 104
3224793 0 104
3226329 0 104
3227783 0 105
3229258 0 105
3230732 0 105
3232268 0 105
3233743 0 105
3235217 0 106
3236692 0 104
3238166 0 105
3239682 0 105
3241095 0 106
3242508 0 104
3243982 0 105
3245518 0 105
3246952 0 105
3248365 0 105
3249758 0 105
3251273 0 105
3252707 0 106
3254263 0 104
3255758 0 105
3257253 0 105
3258789 0 106
3260346 0 104
3261861 0 105
3263397 0 105
3264872 0 106
3266387 0 104
3267841 0 105
3269234 0 105
3270647 0 106
3272101 0 104
3273617 0 105
3275091 0 105
3276627 0 105
3278143 0 105
3279638 0 106
3281092 0 104
3282566 0 105
3284061 0 105
3285536 0 105
3287031 0 105
3288485 0 105
3289898 0 106
3291352 0 104
3292888 0 105
3294342 0 105
3295755 0 105
3297311 0 106
3298827 0 104
3300301 0 105
3301694 0 105
3303148 0 105
3304623 0 106
3306077 0 104
3307531 0 105
3308985 0 105
3310418 0 106
3311893 0 104
3313306 0 105
3314863 0 106
3316296 0 104
3317812 0 105
3319245 0 105
3320781 0 105
3322215 0 105
3323710 0 106
3325164 0 104
3326638 0 105
3328092 0 105
3329505 0 105
3331000 0 105
3332475 0 106
3333949 0 104
3335363 0 105
3336858 0 106
3338414 0 104
3339930 0 105
3341384 0 105
3342838 0 105
3344251 0 105
3345684 0 105
3347077 0 105
3348531 0 105
3349965 0 106
3351480 0 104
3352975 0 105
3354511 0 106
3355924 0 104
3357460 0 105
3358914 0 105
3360389 0 105
3361843 0 105
3363297 0 105
3364730 0 105
3366184 0 106
3367618 0 104
3369093 0 105
3370629 0 106
3372042 0 104
3373557 0 105
3375011 0 106
3376424 0 104
3377899 0 105
3379394 0 105
3380889 0 105
3382404 0 105
3383940 0 105
3385333 0 106
3386869 0 104
3388384 0 105
3389797 0 106
3391354 0 104
3392767 0 105
3394262 0 106
3395675 0 104
3397129 0 105
3398624 0 106
3400078 0 104
3401594 0 105
3403109 0 105
3404625 0 105
3406038 0 105
3407451 0 105
3408884 0 106
3410420 0 104
3411813 0 105
3413288 0 105
3414803 0 105
3416196 0 106
3417691 0 104
3419124 0 105
3420537 0 105
3421971 0 106
3423446 0 104
3424961 0 105
3426354 0 106
3427828 0 104
3429364 0 105
3430859 0 105
3432334 0 105
3433808 0 105
3435221 0 105
3436655 0 106
3438150 0 104
3439706 0 105
3441140 0 106
3442696 0 104
3444191 0 105
3445727 0 105
3447263 0 105
3448799 0 105
3450335 0 105
3451851 0 106
3453407 0 104
3454923 0 105
3456356 0 106
3457892 0 104
3459367 0 105
3460800 0 105
3462295 0 105
3463688 0 105
3465183 0 105
3466596 0 106
3468030 0 104
3469443 0 105
3470856 0 106
3472371 0 104
3473784 0 105
3475300 0 105
3476734 0 105
3478229 0 106
3479642 0 104
3481137 0 105
3482673 0 105
3484168 0 105
3485724 0 106
3487178 0 104
3488714 0 105
3490230 0 105
3491745 0 106
3493199 0 104
3494735 0 105
3496148 0 106
3497561 0 104
3499036 0 105
3500449 0 105
3501964 0 106
3503521 0 104
3505057 0 105
3506572 0 106
3508006 0 104
3509440 0 105
3510955 0 105
3512348 0 105
3513781 0 106
3515317 0 104
3516833 0 105
3518246 0 105
3519679 0 105
3521215 0 105
3522628 0 105
3524144 0 106
3525536 0 104
3527072 0 105
3528588 0 105
3530001 0 105
3531537 0 105
3532950 0 105
3534343 0 106
3535756 0 104
3537292 0 105
3538787 0 105
3540200 0 105
3541695 0 105
3543190 0 105
3544624 0 106
3546057 0 104
3547450 0 105
3548842 0 105
3550255 0 105
3551812 0 105
3553286 0 105
3554761 0 106
3556174 0 104
3557649 0 105
3559103 0 105
3560577 0 105
3562011 0 105
3563465 0 106
3564919 0 104
3566434 0 105
3567888 0 106
3569445 0 104
3571001 0 105
3572537 0 105
3573950 0 105
3575466 0 105
3576899 0 105
3578435 0 105
3579889 0 105
3581446 0 106
3582920 0 104
3584415 0 105
3585829 0 105
3587344 0 105
3588860 0 106
3590293 0 104
3591768 0 105
3593283 0 106
3594758 0 104
3596171 0 105
3597645 0 106
3599161 0 104
3600635 0 105
3602171 0 105
3603707 0 105
3605182 0 105
3606677 0 105
3608151 0 105
3609585 0 106
3611121 0 104
3612636 0 105
3614070 0 105
3615524 0 106
3616958 0 104
3618494 0 105
3619886 0 105
3621422 0 105
3622917 0 105
3624474 0 105
3625887 0 105
3627300 0 106
3628795 0 104
3630249 0 105
3631703 0 106
3633259 0 104
3634693 0 105
3636106 0 105
3637601 0 105
3639055 0 105
3640448 0 105
3641984 0 106
3643417 0 104
3644871 0 105
3646305 0 105
3647759 0 105
3649315 0 105
3650810 0 105
3652244 0 105
3653739 0 106
3655275 0 104
3656750 0 105
3658224 0 105
3659719 0 105
3661255 0 105
3662730 0 105
3664204 0 105
3665597 0 106
3667010 0 104
3668484 0 105
3669918 0 105
3671413 0 105
3672806 0 105
3674301 0 105
3675796 0 105
3677332 0 106
3678827 0 104
3680301 0 105
3681837 0 106
3683353 0 104
3684848 0 105
3686404 0 105
3687838 0 105
3689374 0 105
3690869 0 106
3692323 0 104
3693859 0 105
3695292 0 105
3696705 0 105
3698139 0 105
3699552 0 105
3701067 0 106
3702603 0 104
3704017 0 105
3705409 0 105
3706945 0 105
3708399 0 105
3709833 0 105
3711348 0 106
3712864 0 104
3714256 0 105
3715669 0 105
3717205 0 106
3718741 0 104
3720257 0 105
3721813 0 106
3723226 0 104
3724742 0 105
3726155 0 106
3727670 0 104
3729125 0 105
3730620 0 106
3732033 0 104
3733487 0 105
3735043 0 106
3736477 0 104
3737931 0 105
3739385 0 106
3740880 0 104
3742293 0 105
3743727 0 105
3745262 0 105
3746696 0 105
3748191 0 106
3749707 0 104
3751202 0 105
3752635 0 105
3754089 0 105
3755482 0 105
3756956 0 105
3758390 0 106
3759885 0 104
3761421 0 105
3762936 0 105
3764370 0 105
3765783 0 105
3767258 0 105
3768691 0 105
3770145 0 106
3771640 0 104
3773115 0 105
3774548 0 106
3776023 0 104
3777559 0 105
3779033 0 106
3780590 0 104
3782085 0 105
3783580 0 105
3785054 0 105
3786570 0 105
3787963 0 106
3789478 0 104
3790912 0 105
3792386 0 106
3793861 0 104
3795294 0 105
3796728 0 105
3798141 0 105
3799595 0 105
3801090 0 105
3802483 0 106
3804019 0 104
3805555 0 105
3806968 0 106
3808483 0 104
3809937 0 105
3811350 0 105
3812784 0 105
3814258 0 106
3815815 0 104
3817248 0 105
3818641 0 106
3820075 0 104
3821590 0 105
3823003 0 106
3824457 0 104
3825891 0 105
3827304 0 106
3828738 0 104
3830273 0 105
3831768 0 105
3833263 0 105
3834656 0 106
3836090 0 104
3837564 0 105
3839100 0 105
3840513 0 105
3841967 0 106
3843442 0 104
3844834 0 105
3846248 0 105
3847702 0 105
3849217 0 106
3850692 0 104
3852187 0 105
3853641 0 105
3855033 0 106
3856446 0 104
3857880 0 105
3859293 0 105
3860727 0 105
3862222 0 106
3863717 0 104
3865191 0 105
3866584 0 105
3867997 0 105
3869410 0 106
3870823 0 104
3872339 0 105
3873772 0 106
3875206 0 104
3876680 0 105
3878134 0 106
3879650 0 104
3881083 0 105
3882619 0 106
3884053 0 104
3885466 0 105
3886920 0 105
3888415 0 105
3889951 0 105
3891487 0 106
3892982 0 104
3894518 0 105
3895931 0 105
3897426 0 105
3898921 0 105
3900437 0 105
3901870 0 105
3903283 0 105
3904696 0 106
3906232 0 104
3907625 0 105
3909018 0 105
3910533 0 105
3912028 0 105
3913421 0 106
3914977 0 104
3916431 0 105
3917885 0 105
3919360 0 105
3920875 0 106
3922288 0 104
3923783 0 105
3925258 0 105
3926671 0 105
3928187 0 105
3929682 0 105
3931156 0 105
3932672 0 106
3934187 0 104
3935662 0 105
3937136 0 105
3938590 0 105
3940065 0 106
3941519 0 104
3942973 0 105
3944386 0 105
3945840 0 105
3947274 0 106
3948830 0 104
3950284 0 105
3951738 0 105
3953295 0 105
3954769 0 105
3956182 0 105
3957718 0 106
3959152 0 104
3960544 0 105
3961998 0 106
3963432 0 104
3964845 0 105
3966402 0 105
3967917 0 105
3969310 0 106
3970825 0 104
3972361 0 105
3973774 0 105
3975331 0 105
3976867 0 105
3978280 0 105
3979816 0 105
3981352 0 106
3982826 0 104
3984301 0 105
3985796 0 105
3987250 0 106
3988683 0 104
3990240 0 105
3991776 0 105
3993230 0 106
3994725 0 104
3996179 0 105
3997633 0 106
3999087 0 104
4000500 0 105
4001913 0 106
4003347 0 104
4004760 0 105
4006235 0 106
4007689 0 104
4009081 0 105
4010617 0 106
4012071 0 104
4013566 0 105
4014959 0 106
4016372 0 104
4017887 0 105
4019341 0 106
4020836 0 104
4022352 0 105
4023867 0 106
4025281 0 104
4026735 0 105
4028271 0 105
4029766 0 105
4031281 0 106
4032756 0 104
4034210 0 105
4035664 0 105
4037077 0 105
4038572 0 105
4040128 0 106
4041685 0 104
4043241 0 105
4044736 0 106
4046293 0 104
4047829 0 105
4049262 0 105
4050675 0 105
4052088 0 106
4053563 0 104
4055017 0 105
4056574 0 105
4058130 0 105
4059584 0 105
4060997 0 105
4062533 0 106
4064048 0 104
4065543 0 105
4067038 0 105
4068452 0 105
4069926 0 105
4071380 0 105
4072855 0 105
4074329 0 105
4075824 0 106
4077381 0 104
4078937 0 105
4080473 0 105
4081968 0 105
4083443 0 106
4084938 0 104
4086371 0 105
4087846 0 105
4089341 0 105
4090877 0 105
4092310 0 106
4093805 0 104
4095321 0 105
4096836 0 105
4098290 0 105
4099704 0 105
4101260 0 105
4102673 0 105
4104148 0 106
4105663 0 104
4107199 0 105
4108735 0 105
4110230 0 105
