34456 0 6
35889 0 8
37384 0 11
38838 0 1
40374 0 10
41828 0 2
43242 0 1
44675 0 9
46252 0 7
47808 0 3
49222 0 24
50758 0 14
52212 0 24
53707 0 14
55099 0 14
56615 0 15
58007 0 20
59461 0 35
60997 0 2
62451 0 23
63865 0 36
65319 0 4
66854 0 15
68288 0 16
69742 0 23
71155 0 18
72650 0 13
74084 0 24
75579 0 31
77094 0 10
78630 0 20
80146 0 13
81682 0 19
83177 0 19
84672 0 20
86126 0 14
87662 0 17
89157 0 36
90713 0 1
92106 0 15
93662 0 19
95096 0 30
96570 0 3
98025 0 22
99499 0 21
101035 0 30
102469 0 12
103882 0 13
105336 0 18
106851 0 23
108244 0 21
109657 0 18
111172 0 23
112627 0 24
114040 0 33
115494 0 2
116948 0 19
118443 0 18
119876 0 24
121371 0 21
122805 0 16
124218 0 21
125774 0 30
127290 0 7
128805 0 13
130198 0 14
131714 0 13
133250 0 14
134704 0 19
136219 0 15
137755 0 35
139189 0 10
140663 0 15
142179 0 31
143715 0 9
145169 0 17
146602 0 31
148097 0 6
149510 0 24
151026 0 21
152603 0 13
154139 0 15
155593 0 32
157026 0 10
158583 0 24
159996 0 25
161552 0 9
163109 0 14
164645 0 14
166099 0 20
167655 0 24
169130 0 13
170625 0 36
172079 0 6
173594 0 20
175110 0 27
176584 0 9
178059 0 15
179493 0 19
180947 0 14
182339 0 16
183773 0 24
185268 0 14
186681 0 33
188115 0 8
189589 0 18
191125 0 13
192620 0 17
194115 0 26
195549 0 5
197023 0 22
198457 0 15
199849 0 23
201344 0 29
202819 0 7
204293 0 19
205829 0 29
207345 0 3
208860 0 17
210273 0 20
211728 0 21
213263 0 16
214656 0 15
216151 0 26
217605 0 9
219162 0 17
220698 0 32
222090 0 8
223667 0 20
225142 0 15
226596 0 15
228091 0 14
229627 0 32
231101 0 3
232637 0 13
234173 0 18
235730 0 21
237163 0 23
238638 0 27
240174 0 11
241607 0 15
243041 0 20
244577 0 20
246051 0 18
247546 0 34
249041 0 2
250454 0 14
251868 0 13
253281 0 14
254776 0 24
256291 0 13
257807 0 27
259240 0 3
260735 0 19
262148 0 14
263623 0 14
265097 0 19
266531 0 25
268067 0 7
269582 0 15
271098 0 23
272654 0 20
274231 0 24
275665 0 19
277119 0 21
278696 0 19
280273 0 27
281706 0 5
283201 0 20
284635 0 26
286130 0 9
287625 0 18
289038 0 14
290451 0 13
291987 0 15
293400 0 19
294957 0 34
296390 0 3
297865 0 24
299298 0 20
300855 0 29
302370 0 1
303845 0 17
305319 0 16
306835 0 27
308289 0 5
309682 0 15
311095 0 33
312610 0 2
314126 0 16
315641 0 24
317116 0 15
318508 0 17
319983 0 32
321519 0 9
322952 0 13
324447 0 34
325861 0 10
327294 0 23
328748 0 19
330284 0 35
331779 0 8
333356 0 17
334790 0 16
336182 0 14
337554 0 19
339070 0 21
340524 0 21
341958 0 16
343391 0 34
344825 0 5
346299 0 16
347753 0 16
349269 0 20
350723 0 24
352197 0 22
353774 0 34
355167 0 12
356682 0 15
358239 0 14
359775 0 17
361188 0 26
362683 0 4
364076 0 15
365530 0 24
367066 0 13
368520 0 25
370056 0 10
371592 0 15
373087 0 36
374623 0 5
376138 0 20
377695 0 30
379169 0 6
380582 0 21
382077 0 15
383593 0 29
385067 0 11
386583 0 16
388016 0 28
389532 0 10
391109 0 14
392624 0 15
394119 0 24
395594 0 21
397048 0 23
398604 0 33
400140 0 4
401594 0 21
403007 0 34
404420 0 6
405977 0 21
407513 0 16
409008 0 20
410441 0 20
411916 0 20
413452 0 26
414845 0 6
416299 0 20
417732 0 17
419125 0 35
420661 0 8
422135 0 21
423589 0 24
425003 0 17
426497 0 18
427952 0 29
429467 0 10
431024 0 16
432457 0 32
433973 0 7
435447 0 13
436983 0 32
438355 0 5
439748 0 17
441284 0 20
442799 0 13
444274 0 16
445748 0 22
447305 0 20
448820 0 27
450295 0 3
451790 0 13
453182 0 18
454657 0 34
456111 0 1
457586 0 19
459019 0 14
460432 0 14
461845 0 17
463299 0 20
464753 0 33
466208 0 6
467662 0 24
469054 0 14
470549 0 26
472065 0 2
473539 0 15
474932 0 24
476365 0 18
477901 0 16
479376 0 15
480912 0 25
482489 0 5
483902 0 21
485336 0 30
486790 0 8
488346 0 14
489718 0 23
491275 0 19
492688 0 13
494142 0 13
495698 0 25
497193 0 2
498606 0 13
500122 0 36
501637 0 4
503071 0 17
504586 0 22
506143 0 33
507617 0 5
509153 0 24
510607 0 13
512082 0 16
513577 0 27
515011 0 2
516526 0 24
518001 0 20
519598 0 17
521113 0 22
522588 0 23
524022 0 25
525537 0 6
527053 0 22
528486 0 18
529899 0 21
531456 0 19
533033 0 16
534466 0 27
535961 0 11
537477 0 14
539013 0 13
540528 0 18
541962 0 13
543416 0 19
544911 0 32
546385 0 1
547819 0 19
549252 0 24
550686 0 20
552161 0 32
553656 0 1
555171 0 14
556666 0 29
558059 0 6
559595 0 14
561131 0 32
562667 0 7
564121 0 16
565513 0 33
566926 0 3
568319 0 19
569814 0 23
571289 0 20
572886 0 13
574279 0 20
575753 0 29
577269 0 3
578784 0 21
580341 0 13
581877 0 15
583351 0 30
584723 0 8
586198 0 20
587693 0 31
589167 0 3
590580 0 22
592137 0 27
593673 0 7
595229 0 21
596786 0 24
598240 0 34
599653 0 3
601189 0 14
602663 0 14
604158 0 32
605551 0 8
607087 0 17
608541 0 17
610016 0 14
611531 0 23
612944 0 19
614460 0 34
615852 0 2
617286 0 15
618781 0 20
620255 0 13
621791 0 20
623266 0 21
624843 0 19
626379 0 13
627935 0 30
629307 0 6
630864 0 22
632338 0 30
633711 0 1
635103 0 20
636680 0 25
638134 0 12
639629 0 17
641124 0 19
642599 0 13
643991 0 13
645404 0 19
646940 0 33
648456 0 4
649848 0 18
651364 0 15
652839 0 29
654374 0 10
655849 0 23
657242 0 21
658737 0 22
660293 0 14
661706 0 36
663242 0 6
664778 0 24
666191 0 13
667707 0 15
669202 0 19
670779 0 17
672274 0 32
673687 0 7
675161 0 18
676677 0 13
678172 0 24
679687 0 24
681203 0 29
682677 0 1
684131 0 19
685606 0 19
687162 0 21
688719 0 23
690193 0 28
691668 0 8
693101 0 17
694556 0 21
696092 0 29
697607 0 2
699123 0 13
700515 0 19
702072 0 27
703505 0 3
705041 0 15
706557 0 23
707990 0 35
709444 0 11
710980 0 13
712496 0 18
714052 0 29
715527 0 12
716940 0 14
718394 0 16
719786 0 28
721220 0 7
722695 0 18
724108 0 28
725541 0 7
727036 0 15
728572 0 16
729944 0 20
731378 0 20
732893 0 16
734388 0 25
735924 0 6
737501 0 20
738976 0 24
740369 0 20
741925 0 16
743338 0 17
744874 0 14
746390 0 25
747823 0 7
749298 0 22
750854 0 28
752370 0 5
753844 0 17
755360 0 36
756937 0 12
758329 0 15
759824 0 32
761340 0 11
762835 0 22
764371 0 18
765784 0 14
767299 0 13
768712 0 29
770146 0 9
771600 0 17
773156 0 36
774651 0 12
776167 0 22
777744 0 19
779239 0 29
780672 0 10
782249 0 13
783703 0 24
785239 0 24
786632 0 23
788107 0 21
789540 0 32
790974 0 11
792428 0 21
793984 0 17
795438 0 27
796913 0 2
798367 0 15
799759 0 32
801173 0 4
802668 0 17
804081 0 26
805576 0 12
807112 0 15
808627 0 19
810163 0 24
811617 0 31
813112 0 2
814566 0 18
816041 0 18
817597 0 14
819113 0 24
820669 0 19
822185 0 23
823598 0 13
825093 0 32
826608 0 7
828144 0 20
829598 0 29
831073 0 8
832650 0 23
834083 0 24
835619 0 26
837094 0 1
838630 0 22
840125 0 32
841538 0 6
842951 0 20
844405 0 22
845900 0 22
847457 0 22
848972 0 18
850488 0 17
852003 0 33
853416 0 8
854870 0 19
856345 0 35
857799 0 1
859294 0 16
860748 0 33
862304 0 4
863717 0 17
865130 0 31
866687 0 4
868202 0 15
869718 0 19
871295 0 26
872810 0 2
874264 0 17
875739 0 14
877132 0 19
878586 0 30
879978 0 7
881473 0 14
882927 0 22
884381 0 18
885856 0 31
887330 0 6
888846 0 17
890382 0 24
891815 0 20
893372 0 28
894805 0 10
896280 0 23
897693 0 31
899270 0 10
900847 0 16
902362 0 23
903919 0 23
905353 0 35
906807 0 12
908363 0 15
909817 0 13
911292 0 30
912664 0 2
914200 0 18
915756 0 22
917190 0 15
918623 0 23
920057 0 31
921511 0 2
923026 0 17
924501 0 15
925935 0 19
927430 0 26
928822 0 1
930297 0 21
931771 0 23
933287 0 33
934741 0 9
936174 0 20
952644 0 101
954057 0 101
955573 0 101
957088 0 101
958604 0 101
960017 0 101
961471 0 101
962925 0 101
964441 0 101
965915 0 101
967451 0 102
968905 0 102
970380 0 103
971813 0 101
973206 0 102
974680 0 103
976094 0 101
977630 0 102
979166 0 102
980620 0 102
982115 0 102
983610 0 103
985064 0 101
986456 0 102
987951 0 102
989426 0 102
990818 0 102
992334 0 102
993808 0 102
995303 0 103
996819 0 101
998355 0 102
999768 0 102
1001243 0 102
1002717 0 103
1004233 0 101
1005769 0 102
1007202 0 102
1008718 0 102
1010151 0 102
1011626 0 102
1013141 0 103
1014718 0 101
1016234 0 102
1017729 0 103
1019162 0 101
1020596 0 102
1022029 0 103
1023586 0 101
1025122 0 102
1026555 0 102
1027989 0 102
1029504 0 102
1031020 0 102
1032433 0 103
1033846 0 101
1035300 0 102
1036795 0 102
1038188 0 102
1039703 0 102
1041116 0 103
1042571 0 101
1043963 0 102
1045417 0 102
1046892 0 102
1048387 0 102
1049820 0 103
1051295 0 101
1052728 0 102
1054182 0 103
1055677 0 101
1057152 0 102
1058545 0 103
1060081 0 101
1061576 0 102
1063009 0 102
1064402 0 102
1065917 0 103
1067412 0 101
1068948 0 102
1070423 0 102
1071918 0 102
1073392 0 103
1074867 0 101
1076382 0 102
1077775 0 103
1079188 0 101
1080663 0 102
1082096 0 102
1083632 0 102
1085086 0 102
1086602 0 102
1087994 0 103
1089428 0 101
1090862 0 102
1092316 0 103
1093811 0 101
1095347 0 102
1096739 0 103
1098316 0 101
1099791 0 102
1101245 0 103
1102678 0 101
1104071 0 102
1105504 0 102
1106959 0 102
1108454 0 103
1109989 0 101
1111444 0 102
1112898 0 102
1114290 0 102
1115724 0 102
1117260 0 103
1118755 0 101
1120291 0 102
1121765 0 103
1123219 0 101
1124612 0 102
1126046 0 102
1127479 0 102
1128995 0 102
1130428 0 102
1131841 0 102
1133295 0 103
1134770 0 101
1136203 0 102
1137698 0 102
1139091 0 102
1140504 0 102
1141958 0 102
1143351 0 102
1144805 0 103
1146238 0 101
1147754 0 102
1149188 0 102
1150642 0 102
1152096 0 102
1153632 0 102
1155147 0 103
1156683 0 101
1158199 0 102
1159591 0 102
1161004 0 103
1162479 0 101
1164015 0 102
1165448 0 102
1166964 0 102
1168356 0 103
1169872 0 101
1171347 0 102
1172801 0 102
1174296 0 102
1175750 0 103
1177183 0 101
1178658 0 102
1180091 0 102
1181545 0 102
1183081 0 102
1184556 0 103
1186071 0 101
1187566 0 102
1189082 0 102
1190495 0 102
1191929 0 102
1193383 0 102
1194837 0 103
1196332 0 101
1197847 0 102
1199383 0 102
1200837 0 103
1202332 0 101
1203868 0 102
1205384 0 102
1206797 0 102
1208189 0 102
1209664 0 102
1211118 0 103
1212572 0 101
1214006 0 102
1215501 0 102
1216955 0 103
1218429 0 101
1219965 0 102
1221419 0 103
1222914 0 101
1224327 0 102
1225863 0 102
1227399 0 102
1228853 0 102
1230369 0 102
1231843 0 102
1233379 0 102
1234813 0 103
1236349 0 101
1237803 0 102
1239359 0 103
1240793 0 101
1242288 0 102
1243824 0 102
1245258 0 102
1246650 0 102
1248104 0 102
1249538 0 102
1251053 0 103
1252610 0 101
1254125 0 102
1255600 0 102
1257095 0 102
1258549 0 103
1259982 0 101
1261375 0 102
1262891 0 103
1264345 0 101
1265860 0 102
1267335 0 102
1268809 0 102
1270202 0 102
1271697 0 102
1273233 0 103
1274666 0 101
1276161 0 102
1277615 0 103
1279110 0 101
1280585 0 102
1282121 0 102
1283657 0 102
1285152 0 102
1286626 0 103
1288081 0 101
1289514 0 102
1290907 0 102
1292340 0 102
1293835 0 102
1295310 0 102
1296805 0 103
1298361 0 101
1299877 0 102
1301351 0 102
1302867 0 102
1304321 0 102
1305816 0 103
1307290 0 101
1308806 0 102
1310342 0 102
1311734 0 102
1313148 0 102
1314622 0 103
1316035 0 101
1317510 0 102
1319025 0 102
1320541 0 102
1321933 0 103
1323387 0 101
1324841 0 102
1326336 0 103
1327872 0 101
1329408 0 102
1330842 0 102
1332235 0 103
1333750 0 101
1335204 0 102
1336617 0 102
1338133 0 103
1339669 0 101
1341102 0 102
1342597 0 102
1344113 0 103
1345628 0 101
1347144 0 102
1348618 0 102
1350134 0 102
1351649 0 102
1353083 0 102
1354496 0 102
1355970 0 103
1357486 0 101
1358981 0 102
1360456 0 103
1361930 0 101
1363487 0 102
1365002 0 102
1366436 0 102
1367869 0 102
1369303 0 102
1370716 0 102
1372108 0 102
1373583 0 103
1375160 0 101
1376634 0 102
1378048 0 103
1379461 0 101
1380976 0 102
1382430 0 103
1383966 0 101
1385502 0 102
1386977 0 103
1388410 0 101
1389864 0 102
1391339 0 103
1392813 0 101
1394267 0 102
1395701 0 102
1397094 0 102
1398527 0 102
1400002 0 102
1401538 0 102
1403074 0 103
1404548 0 101
1406002 0 102
1407497 0 102
1408972 0 103
1410426 0 101
1411839 0 102
1413293 0 102
1414788 0 102
1416324 0 102
1417860 0 102
1419273 0 102
1420768 0 102
1422304 0 103
1423820 0 101
1425356 0 102
1426769 0 102
1428182 0 102
1429656 0 102
1431172 0 102
1432646 0 103
1434223 0 101
1435677 0 102
1437193 0 102
1438626 0 102
1440162 0 103
1441575 0 101
1443111 0 102
1444627 0 103
1446081 0 101
1447514 0 102
1448948 0 103
1450443 0 101
1451856 0 102
1453290 0 102
1454744 0 102
1456239 0 102
1457734 0 102
1459126 0 102
1460601 0 102
1462096 0 103
1463632 0 101
1465168 0 102
1466561 0 103
1468076 0 101
1469469 0 102
1471025 0 103
1472602 0 101
1473995 0 102
1475408 0 102
1476882 0 102
1478418 0 103
1479913 0 101
1481347 0 102
1482760 0 103
1484173 0 101
1485689 0 102
1487163 0 102
1488638 0 102
1490071 0 103
1491505 0 101
1492979 0 102
1494454 0 102
1495867 0 102
1497362 0 103
1498857 0 101
1500291 0 102
1501826 0 102
1503219 0 102
1504632 0 103
1506107 0 101
1507622 0 102
1509138 0 102
1510653 0 102
1512148 0 102
1513623 0 103
1515077 0 101
1516592 0 102
1518067 0 103
1519500 0 101
1521016 0 102
1522429 0 102
1523904 0 102
1525337 0 103
1526853 0 101
1528348 0 102
1529843 0 102
1531358 0 102
1532894 0 102
1534430 0 102
1535946 0 102
1537379 0 103
1538895 0 101
1540287 0 102
1541823 0 102
1543236 0 102
1544629 0 102
1546103 0 102
1547578 0 103
1549134 0 101
1550527 0 102
1551940 0 103
1553497 0 101
1554889 0 102
1556425 0 103
1557900 0 101
1559436 0 102
1560890 0 102
1562323 0 102
1563859 0 102
1565313 0 103
1566747 0 101
1568201 0 102
1569676 0 102
1571150 0 102
1572563 0 102
1574099 0 103
1575574 0 101
1577048 0 102
1578441 0 103
1579915 0 101
1581369 0 102
1582864 0 103
1584380 0 101
1585916 0 102
1587411 0 102
1588824 0 102
1590319 0 102
1591753 0 102
1593248 0 103
1594784 0 101
1596176 0 102
1597610 0 102
1599105 0 103
1600661 0 101
1602177 0 102
1603651 0 103
1605167 0 101
1606580 0 102
1608034 0 102
1609549 0 102
1611044 0 103
1612519 0 101
1613932 0 102
1615345 0 102
1616820 0 102
1618356 0 103
1619830 0 101
1621223 0 102
1622636 0 102
1624049 0 102
1625462 0 102
1626998 0 102
1628432 0 102
1629927 0 102
1631319 0 103
1632876 0 101
1634309 0 102
1635702 0 102
1637197 0 102
1638631 0 102
1640167 0 102
1641621 0 103
1643116 0 101
1644549 0 102
1645942 0 103
1647355 0 101
1648850 0 102
1650242 0 102
1651697 0 102
1653110 0 102
1654543 0 102
1655936 0 103
1657410 0 101
1658885 0 102
1660339 0 103
1661834 0 101
1663370 0 102
1664763 0 103
1666319 0 101
1667732 0 102
1669227 0 102
1670743 0 102
1672217 0 102
1673692 0 103
1675248 0 101
1676764 0 102
1678177 0 102
1679631 0 102
1681105 0 103
1682641 0 101
1684116 0 102
1685652 0 102
1687106 0 103
1688539 0 101
1689993 0 102
1691550 0 102
1693065 0 102
1694560 0 102
1696076 0 103
1697489 0 101
1698882 0 102
1700377 0 102
1701810 0 102
1703305 0 102
1704821 0 102
1706295 0 102
1707770 0 103
1709183 0 101
1710616 0 102
1712152 0 102
1713627 0 102
1715040 0 102
1716556 0 103
1718133 0 101
1719627 0 102
1721102 0 102
1722495 0 102
1724051 0 103
1725505 0 101
1726939 0 102
1728413 0 102
1729847 0 102
1731239 0 103
1732734 0 101
1734127 0 102
1735643 0 102
1737158 0 102
1738612 0 102
1740066 0 102
1741561 0 102
1743118 0 103
1744674 0 101
1746169 0 102
1747664 0 103
1749180 0 101
1750654 0 102
1752129 0 102
1753542 0 102
1754955 0 102
1756511 0 103
1757986 0 101
1759481 0 102
1760894 0 103
1762430 0 101
1763843 0 102
1765379 0 102
1766854 0 102
1768267 0 103
1769700 0 101
1771195 0 102
1772629 0 102
1774021 0 102
1775435 0 103
1776889 0 101
1778343 0 102
1779776 0 103
1781251 0 101
1782725 0 102
1784220 0 103
1785777 0 101
1787231 0 102
1788685 0 102
1790077 0 103
1791572 0 101
1792986 0 102
1794378 0 103
1795894 0 101
1797286 0 102
1798720 0 102
1800235 0 103
1801792 0 101
1803225 0 102
1804782 0 103
1806215 0 101
1807751 0 102
1809185 0 102
1810578 0 102
1812073 0 102
1813629 0 102
1815165 0 102
1816599 0 103
1818073 0 101
1819466 0 102
1821022 0 102
1822415 0 102
1823910 0 102
1825384 0 103
1826797 0 101
1828190 0 102
1829685 0 103
1831221 0 101
1832655 0 102
1834068 0 102
1835542 0 102
1836976 0 103
1838409 0 101
1839864 0 102
1841277 0 102
1842690 0 103
1844246 0 101
1845639 0 102
1847072 0 102
1848547 0 102
1907215 0 41
1908649 0 47
1910062 0 38
1911578 0 38
1913052 0 44
1914588 0 48
1916124 0 43
1917681 0 45
1919217 0 42
1920671 0 37
1922145 0 52
1923702 0 60
1925197 0 54
1926671 0 49
1928146 0 68
1929620 0 47
1931054 0 53
1932549 0 54
1934023 0 63
1935477 0 42
1936993 0 60
1938549 0 52
1939962 0 58
1941416 0 52
1942932 0 68
1944427 0 41
1945840 0 55
1947274 0 58
1948707 0 54
1950243 0 55
1951738 0 63
1953274 0 43
1954749 0 52
1956264 0 55
1957759 0 54
1959295 0 57
1960790 0 54
1962224 0 53
1963780 0 68
1965275 0 46
1966832 0 51
1968286 0 53
1969699 0 49
1971173 0 63
1972689 0 45
1974204 0 59
1975720 0 53
1977174 0 53
1978628 0 59
1980123 0 58
1981659 0 56
1983195 0 62
1984608 0 46
1986042 0 60
1987598 0 49
1989134 0 49
1990568 0 50
1991981 0 62
1993435 0 47
1994909 0 58
1996343 0 63
1997817 0 43
1999230 0 58
2000787 0 64
2002282 0 44
2003675 0 57
2005252 0 56
2006706 0 60
2008180 0 59
2009634 0 52
2011191 0 68
2012604 0 41
2014017 0 50
2015573 0 50
2017027 0 51
2018563 0 54
2020079 0 64
2021533 0 41
2023007 0 55
2024461 0 51
2025997 0 59
2027451 0 68
2028967 0 38
2030401 0 56
2031895 0 59
2033309 0 54
2034742 0 52
2036196 0 56
2037650 0 64
2039166 0 44
2040579 0 56
2042135 0 64
2043651 0 45
2045105 0 60
2046559 0 54
2048095 0 56
2049508 0 60
2050942 0 57
2052457 0 71
2053973 0 39
2055488 0 59
2057045 0 59
2058478 0 50
2059994 0 71
2061407 0 46
2062861 0 53
2064274 0 49
2065687 0 61
2067202 0 45
2068636 0 56
2070049 0 54
2071462 0 53
2073039 0 55
2074534 0 61
2075968 0 42
2077463 0 59
2078958 0 59
2080494 0 70
2081907 0 48
2083340 0 59
2084794 0 64
2086248 0 37
2087641 0 60
2089198 0 53
2090734 0 59
2092167 0 54
2093683 0 65
2095178 0 45
2096673 0 59
2098188 0 55
2099704 0 56
2101240 0 50
2102776 0 50
2104189 0 55
2105622 0 70
2107076 0 47
2108530 0 54
2110046 0 58
2111520 0 52
2112933 0 57
2114449 0 59
2115985 0 54
2117418 0 66
2118893 0 48
2120429 0 57
2121904 0 57
2123419 0 54
2124935 0 71
2126348 0 40
2127781 0 50
2129256 0 54
2130771 0 52
2132287 0 49
2133741 0 66
2135154 0 38
2136710 0 59
2138226 0 54
2139782 0 54
2141339 0 72
2142834 0 44
2144288 0 60
2145824 0 72
2147257 0 43
2148773 0 51
2150309 0 49
2151804 0 72
2153196 0 45
2154650 0 55
2156084 0 49
2157559 0 50
2159115 0 57
2160651 0 56
2162187 0 72
2163662 0 42
2165116 0 49
2166590 0 66
2168065 0 38
2169457 0 58
2170973 0 51
2172488 0 53
2174045 0 54
2175540 0 72
2176994 0 48
2178468 0 54
2180004 0 67
2181520 0 46
2182953 0 50
2184428 0 61
2185820 0 46
2187275 0 50
2188749 0 56
2190306 0 54
2191739 0 52
2193316 0 58
2194893 0 52
2196408 0 55
2197822 0 68
2199235 0 39
2200709 0 60
2202102 0 67
2203535 0 47
2205051 0 51
2206587 0 70
2208041 0 38
2209495 0 56
2210969 0 50
2212424 0 58
2213980 0 54
2215393 0 71
2216868 0 48
2218322 0 56
2219735 0 53
2221148 0 51
2222643 0 72
2224138 0 37
2225592 0 54
2226985 0 55
2228459 0 67
2229954 0 37
2231388 0 51
2232821 0 59
2234337 0 70
2235791 0 46
2237368 0 51
2238904 0 57
2240378 0 72
2241873 0 43
2243430 0 52
2244863 0 67
2246256 0 45
2247771 0 58
2249225 0 69
2250700 0 39
2252256 0 60
2253690 0 58
2255185 0 54
2256639 0 54
2258032 0 49
2259424 0 62
2260878 0 38
2262332 0 52
2263868 0 61
2265404 0 42
2266940 0 56
2268374 0 60
2269848 0 50
2271343 0 49
2272879 0 49
2274415 0 61
2275951 0 40
2277467 0 54
2278982 0 54
2280395 0 68
2281829 0 38
2283365 0 56
2284778 0 65
2286232 0 46
2287789 0 59
2289304 0 60
2290799 0 55
2292253 0 71
2293748 0 45
2295264 0 57
2296779 0 54
2298192 0 50
2299626 0 51
2301039 0 58
2302575 0 49
2304090 0 63
2305524 0 45
2307080 0 53
2308555 0 60
2310009 0 50
2311545 0 68
2313040 0 39
2314596 0 54
2316010 0 62
2317525 0 38
2319000 0 57
2320474 0 72
2321990 0 41
2323485 0 50
2325021 0 71
2326516 0 45
2328072 0 53
2329608 0 54
2331103 0 55
2332660 0 51
2334195 0 54
2335629 0 70
2337022 0 44
2338476 0 59
2339930 0 67
2341363 0 41
2342838 0 55
2344333 0 58
2345848 0 50
2347364 0 56
2348777 0 60
2350252 0 67
2351685 0 39
2353242 0 50
2354696 0 68
2356150 0 42
2357686 0 54
2359201 0 64
2360737 0 38
2362171 0 58
2363645 0 58
2365161 0 49
2366697 0 53
2368233 0 59
2369789 0 62
2371264 0 40
2372738 0 49
2374233 0 60
2375708 0 68
2377182 0 39
2378575 0 56
2380029 0 69
2381585 0 47
2383019 0 59
2384534 0 50
2385948 0 59
2387402 0 63
2388815 0 42
2390248 0 53
2391743 0 53
2393177 0 53
2394733 0 67
2396228 0 44
2397764 0 53
2399198 0 52
2400672 0 51
2402086 0 51
2403519 0 68
2405055 0 47
2406489 0 50
2408045 0 57
2409561 0 53
2411056 0 58
2412612 0 68
2414107 0 48
2415582 0 57
2417118 0 55
2418592 0 52
2420108 0 50
2421582 0 64
2423016 0 39
2424490 0 49
2425944 0 51
2427419 0 59
2428832 0 49
2430245 0 67
2431740 0 37
2433256 0 49
2434771 0 50
2436307 0 57
2437782 0 53
2439215 0 55
2440690 0 65
2442144 0 46
2443680 0 58
2445257 0 67
2446649 0 43
2448144 0 57
2449660 0 64
2451155 0 45
2452670 0 55
2454145 0 66
2455660 0 38
2457073 0 58
2458589 0 70
2459941 0 44
2461354 0 60
2462787 0 72
2464282 0 45
2465839 0 52
2467293 0 62
2468808 0 44
2470242 0 53
2471655 0 58
2473150 0 72
2474645 0 43
2476201 0 54
2477676 0 61
2479171 0 41
2480584 0 52
2482120 0 70
2483492 0 42
2484967 0 60
2486441 0 50
2487875 0 55
2489411 0 63
2490824 0 42
2492257 0 60
2493752 0 49
2495165 0 57
2496640 0 53
2498094 0 62
2499487 0 37
2500961 0 52
2502497 0 52
2503910 0 62
2505364 0 45
2506859 0 50
2508395 0 49
2509931 0 67
2511385 0 41
2512921 0 59
2514478 0 54
2516034 0 50
2517529 0 66
2519004 0 44
2520417 0 56
2521912 0 49
2523407 0 66
2524840 0 43
2526315 0 55
2527769 0 66
2529182 0 44
2530739 0 49
2532193 0 50
2533667 0 67
2535060 0 45
2536534 0 51
2538009 0 56
2539422 0 54
2540978 0 69
2542412 0 46
2543846 0 49
2545259 0 56
2546733 0 69
2548290 0 47
2549764 0 56
2551239 0 57
2552672 0 55
2554106 0 53
2555539 0 60
2556993 0 58
2558448 0 60
2560004 0 71
2561417 0 41
2562912 0 50
2564346 0 53
2565820 0 61
2567377 0 42
2568810 0 59
2570264 0 60
2571677 0 51
2573152 0 60
2574606 0 49
2576142 0 52
2577617 0 64
2579173 0 40
2580648 0 49
2582183 0 54
2583617 0 65
2585174 0 47
2586648 0 59
2588184 0 59
2589659 0 56
2591113 0 57
2592546 0 49
2593939 0 54
2595454 0 49
2596867 0 65
2598403 0 45
2599939 0 55
2601414 0 64
2602888 0 42
2604383 0 59
2605940 0 59
2607435 0 64
2608828 0 39
2610323 0 59
2611818 0 51
2613354 0 53
2614787 0 53
2616303 0 51
2617757 0 57
2619190 0 56
2620603 0 61
2622016 0 47
2623511 0 58
2625068 0 54
2626583 0 58
2628140 0 55
2629635 0 53
2631150 0 65
2632707 0 40
2634222 0 60
2635676 0 62
2637110 0 41
2638543 0 53
2640079 0 60
2641554 0 50
2642967 0 53
2644462 0 56
2645957 0 51
2647452 0 71
2648865 0 42
2650258 0 53
2651773 0 52
2653186 0 55
2654599 0 54
2656156 0 54
2657712 0 65
2659126 0 38
2660539 0 59
2662075 0 59
2663590 0 52
2665065 0 70
2666519 0 46
2668014 0 56
2669529 0 51
2671004 0 51
2672519 0 56
2673932 0 68
2675325 0 44
2676799 0 52
2678294 0 52
2679748 0 56
2681284 0 59
2682677 0 50
2684131 0 70
2685544 0 43
2686998 0 49
2688432 0 50
2689906 0 61
2691463 0 45
2692917 0 56
2694453 0 71
2695907 0 37
2697422 0 60
2698897 0 59
2700351 0 50
2701805 0 50
2703321 0 60
2704857 0 66
2706290 0 48
2707847 0 60
2709383 0 50
2710939 0 49
2712475 0 71
2714031 0 42
2715465 0 49
2716878 0 66
2718353 0 46
2719766 0 57
2721261 0 53
2722674 0 50
2724189 0 70
2725623 0 48
2727118 0 54
2728633 0 54
2730067 0 49
2731623 0 62
2733037 0 46
2734491 0 55
2735945 0 62
2737399 0 48
2738873 0 50
2740286 0 57
2741843 0 70
2743256 0 40
2744812 0 56
2746348 0 59
2747823 0 51
2749277 0 56
2750833 0 59
2752349 0 54
2753905 0 52
2755318 0 71
2756752 0 39
2758206 0 53
2759742 0 60
2761217 0 58
2762793 0 55
2764309 0 53
2765763 0 61
2767238 0 40
2768753 0 52
2770269 0 57
2771723 0 50
2773197 0 62
2774651 0 43
2776208 0 53
2777662 0 52
2779095 0 67
2780611 0 46
2782085 0 56
2783621 0 49
2785096 0 52
2786570 0 60
2788086 0 70
2789581 0 47
2791014 0 58
2792509 0 60
2793963 0 50
2795418 0 59
2796953 0 58
2798428 0 51
2799964 0 68
2801520 0 48
2803056 0 52
2804613 0 68
2806087 0 41
2807521 0 60
2808934 0 53
2825824 0 104
2827380 0 104
2828773 0 104
2830165 0 104
2831640 0 104
2833094 0 104
2834507 0 104
2835961 0 104
2837395 0 104
2838910 0 104
2840405 0 105
2841900 0 105
2843395 0 105
2844808 0 105
2846283 0 105
2847696 0 105
2849252 0 105
2850706 0 106
2852161 0 104
2853717 0 105
2855253 0 106
2856727 0 104
2858182 0 105
2859615 0 106
2861049 0 104
2862605 0 105
2864059 0 105
2865554 0 105
2867070 0 105
2868585 0 105
2870019 0 105
2871432 0 106
2872865 0 104
2874360 0 105
2875876 0 105
2877310 0 105
2878845 0 105
2880340 0 105
2881754 0 106
2883249 0 104
2884682 0 105
2886198 0 105
2887611 0 106
2889085 0 104
2890621 0 105
2892014 0 105
2893529 0 106
2895086 0 104
2896519 0 105
2898055 0 105
2899591 0 105
2901127 0 105
2902602 0 106
2904035 0 104
2905571 0 105
2907107 0 105
2908582 0 105
2910077 0 105
2911510 0 106
2912965 0 104
2914460 0 105
2915934 0 105
2917450 0 105
2918904 0 106
2920317 0 104
2921709 0 105
2923143 0 106
2924597 0 104
2926133 0 105
2927567 0 105
2929103 0 105
2930638 0 105
2932195 0 106
2933690 0 104
2935185 0 105
2936660 0 105
2938114 0 105
2939588 0 105
2941124 0 106
2942599 0 104
2944155 0 105
2945650 0 105
2947125 0 105
2948640 0 105
2950033 0 105
2951466 0 105
2953002 0 105
2954518 0 106
2955931 0 104
2957467 0 105
2958982 0 105
2960395 0 106
2961870 0 104
2963324 0 105
2964799 0 105
2966314 0 105
2967850 0 105
2969366 0 105
2970881 0 106
2972356 0 104
2973871 0 105
2975325 0 105
2976800 0 106
2978356 0 104
2979810 0 105
2981326 0 105
2982739 0 105
2984172 0 105
2985585 0 105
2987080 0 106
2988493 0 104
2989927 0 105
2991483 0 105
2992917 0 105
2994351 0 106
2995764 0 104
2997300 0 105
2998856 0 106
3000290 0 104
3001744 0 105
3003280 0 105
3004693 0 105
3006229 0 105
3007724 0 105
3009260 0 105
3010775 0 106
3012250 0 104
3013765 0 105
3015260 0 105
3016817 0 105
3018353 0 105
3019745 0 105
3021220 0 106
3022654 0 104
3024128 0 105
3025582 0 106
3027098 0 104
3028654 0 105
3030170 0 105
3031706 0 105
3033139 0 105
3034593 0 106
3036150 0 104
3037665 0 105
3039099 0 106
3040614 0 104
3042089 0 105
3043645 0 105
3045140 0 105
3046615 0 106
3048089 0 104
3049584 0 105
3051141 0 105
3052533 0 106
3054008 0 104
3055421 0 105
3056916 0 105
3058329 0 105
3059763 0 105
3061196 0 105
3062712 0 106
3064186 0 104
3065620 0 105
3067094 0 106
3068589 0 104
3069982 0 105
3071456 0 105
3072972 0 105
3074406 0 106
3075942 0 104
3077437 0 105
3078952 0 105
3080508 0 105
3082024 0 106
3083519 0 104
3084994 0 105
3086550 0 105
3088065 0 105
3089479 0 105
3090974 0 106
3092469 0 104
3093984 0 105
3095418 0 105
3096913 0 105
3098428 0 105
3099841 0 105
3101295 0 105
3102790 0 105
3104306 0 106
3105801 0 104
3107214 0 105
3108709 0 105
3110245 0 105
3111781 0 105
3113235 0 105
3114669 0 106
3116225 0 104
3117679 0 105
3119092 0 106
3120628 0 104
3122164 0 105
3123598 0 106
3125093 0 104
3126547 0 105
3127980 0 105
3129516 0 105
3130970 0 106
3132404 0 104
3133919 0 105
3135414 0 105
3136930 0 105
3138425 0 106
3139961 0 104
3141497 0 105
3143033 0 105
3144528 0 106
3146002 0 104
3147415 0 105
3148808 0 105
3150303 0 105
3151778 0 106
3153273 0 104
3154665 0 105
3156140 0 105
3157655 0 105
3159191 0 105
3160666 0 106
3162222 0 104
3163758 0 105
3165315 0 105
3166707 0 106
3168223 0 104
3169759 0 105
3171213 0 106
3172749 0 104
3174305 0 105
3175841 0 105
3177377 0 106
3178790 0 104
3180265 0 105
3181801 0 106
3183296 0 104
3184832 0 105
3186388 0 105
3187781 0 105
3189235 0 106
3190771 0 104
3192286 0 105
3193802 0 105
3195194 0 105
3196628 0 105
3198123 0 106
3199618 0 104
3201011 0 105
3202485 0 105
3204021 0 105
3205475 0 105
3207011 0 105
3208506 0 106
3210001 0 104
3211558 0 105
3213032 0 105
3214548 0 105
3216002 0 105
3217476 0 105
3218992 0 106
3220507 0 104
3222043 0 105
3223477 0 105
3225033 0 106
3226467 0 104
3227982 0 105
3229518 0 106
3231075 0 104
3232611 0 105
3234044 0 106
3235601 0 104
3237157 0 105
3238652 0 106
3240106 0 104
3241499 0 105
3242933 0 106
3244387 0 104
3245861 0 105
3247377 0 106
3248790 0 104
3250346 0 105
3251780 0 105
3253193 0 105
3254729 0 105
3256203 0 105
3257657 0 106
3259091 0 104
3260484 0 105
3261999 0 105
3263515 0 105
3265071 0 105
3266587 0 105
3268102 0 106
3269658 0 104
3271072 0 105
3272567 0 105
3274000 0 105
3275495 0 106
3276970 0 104
3278465 0 105
3279898 0 106
3281332 0 104
3282827 0 105
3284301 0 105
3285796 0 105
3287251 0 105
3288745 0 105
3290200 0 106
3291736 0 104
3293128 0 105
3294664 0 106
3296077 0 104
3297531 0 105
3298924 0 105
3300439 0 106
3301934 0 104
3303388 0 105
3304863 0 105
3306338 0 105
3307833 0 105
3309307 0 105
3310720 0 105
3312154 0 105
3313649 0 106
3315062 0 104
3316536 0 105
3317970 0 105
3319444 0 105
3320899 0 106
3322394 0 104
3323909 0 105
3325343 0 105
3326838 0 106
3328251 0 104
3329807 0 105
3331241 0 105
3332654 0 105
3334149 0 105
3335705 0 106
3337180 0 104
3338675 0 105
3340170 0 105
3341685 0 105
3343160 0 106
3344593 0 104
3346088 0 105
3347604 0 106
3349079 0 104
3350512 0 105
3352028 0 105
3353523 0 105
3355038 0 106
3356472 0 104
3357885 0 105
3359277 0 105
3360711 0 105
3362206 0 105
3363680 0 105
3365094 0 106
3366507 0 104
3367961 0 105
3369456 0 105
3370930 0 105
3372384 0 106
3373900 0 104
3375292 0 105
3376706 0 105
3378160 0 105
3379614 0 105
3381027 0 105
3382501 0 105
3383976 0 106
3385512 0 104
3386945 0 105
3388379 0 105
3389792 0 106
3391348 0 104
3392823 0 105
3394216 0 106
3395711 0 104
3397124 0 105
3398598 0 105
3400032 0 106
3401465 0 104
3402981 0 105
3404394 0 105
3405910 0 105
3407384 0 106
3408838 0 104
3410395 0 105
3411787 0 106
3413200 0 104
3414654 0 105
3416170 0 105
3417624 0 105
3419078 0 105
3420634 0 106
3422191 0 104
3423645 0 105
3425078 0 106
3426492 0 104
3427966 0 105
3429359 0 105
3430895 0 105
3432349 0 105
3433905 0 105
3435421 0 105
3436895 0 105
3438349 0 106
3439783 0 104
3441339 0 105
3442875 0 105
3444391 0 105
3445927 0 105
3447463 0 105
3448917 0 106
3450432 0 104
3451927 0 105
3453381 0 105
3454897 0 105
3456433 0 105
3457969 0 105
3459423 0 105
3460897 0 106
3462433 0 104
3463867 0 105
3465403 0 106
3466939 0 104
3468372 0 105
3469786 0 106
3471260 0 104
3472817 0 105
3474332 0 105
3475868 0 105
3477342 0 105
3478817 0 105
3480333 0 105
3481807 0 106
3483241 0 104
3484715 0 105
3486108 0 106
3487541 0 104
3489037 0 105
3490449 0 105
3491985 0 105
3493481 0 105
3494975 0 105
3496532 0 105
3498088 0 106
3499522 0 104
3501017 0 105
3502553 0 105
3503946 0 106
3505461 0 104
3506874 0 105
3508410 0 105
3509926 0 105
3511318 0 106
3512813 0 104
3514267 0 105
3515742 0 106
3517278 0 104
3518670 0 105
3520186 0 105
3521722 0 105
3523278 0 106
3524773 0 104
3526248 0 105
3527722 0 105
3529238 0 105
3530631 0 105
3532126 0 106
3533621 0 104
3535054 0 105
3536529 0 105
3537962 0 106
3539498 0 104
3541034 0 105
3542550 0 105
3544045 0 105
3545560 0 105
3547014 0 105
3548468 0 105
3549922 0 105
3551376 0 106
3552892 0 104
3554407 0 105
3555923 0 106
3557336 0 104
3558872 0 105
3560367 0 105
3561842 0 105
3563234 0 105
3564709 0 106
3566183 0 104
3567617 0 105
3569050 0 105
3570525 0 105
3572061 0 105
3573494 0 105
3574948 0 106
3576362 0 104
3577857 0 105
3579331 0 105
3580826 0 105
3582321 0 105
3583857 0 105
3585270 0 105
3586786 0 106
3588322 0 104
3589714 0 105
3591148 0 105
3592643 0 106
3594056 0 104
3595592 0 105
3597005 0 106
3598398 0 104
3599913 0 105
3601429 0 105
3602903 0 106
3604398 0 104
3605934 0 105
3607347 0 106
3608904 0 104
3610399 0 105
3611812 0 106
3613286 0 104
3614802 0 105
3616338 0 105
3617771 0 105
3619328 0 105
3620741 0 105
3622195 0 105
3623690 0 105
3625103 0 106
3626660 0 104
3628155 0 105
3629650 0 106
3631063 0 104
3632619 0 105
3634114 0 105
3635671 0 105
3637186 0 105
3638702 0 105
3640217 0 106
3641651 0 104
3643187 0 105
3644641 0 105
3646156 0 106
3647610 0 104
3649105 0 105
3650600 0 106
3652075 0 104
3653488 0 105
3655044 0 105
3656498 0 106
3657993 0 104
3659488 0 105
3660942 0 105
3662417 0 105
3663912 0 106
3665468 0 104
3667025 0 105
3668479 0 106
3669954 0 104
3671510 0 105
3673025 0 106
3674500 0 104
3675954 0 105
3677490 0 105
3678985 0 105
3680419 0 105
3681955 0 106
3683388 0 104
3684904 0 105
3686337 0 105
3687873 0 105
3689266 0 106
3690822 0 104
3692317 0 105
3693771 0 106
3695205 0 104
3696598 0 105
3698072 0 105
3699506 0 105
3701001 0 105
3702475 0 105
3703888 0 106
3705424 0 104
3706878 0 105
3708312 0 106
3709868 0 104
3711322 0 105
3712838 0 105
3714231 0 105
3715766 0 106
3717200 0 104
3718736 0 105
3720231 0 106
3721726 0 104
3723262 0 105
3724696 0 106
3726109 0 104
3727563 0 105
