66394 0 5
67909 0 9
69363 0 1
70756 0 9
72210 0 1
73746 0 5
75139 0 12
76634 0 8
78088 0 5
79562 0 5
81078 0 22
82614 0 17
84109 0 26
85583 0 12
87099 0 18
88573 0 34
89966 0 2
91481 0 23
93017 0 17
94471 0 33
95925 0 8
97420 0 23
98936 0 25
100390 0 3
101803 0 16
103298 0 13
104691 0 16
106124 0 26
107599 0 9
109094 0 23
110650 0 13
112125 0 14
113620 0 19
115176 0 24
116589 0 20
118084 0 30
119436 0 3
120931 0 22
122426 0 23
123860 0 21
125334 0 32
126747 0 9
128181 0 15
129696 0 34
131232 0 8
132727 0 16
134140 0 23
135656 0 13
137089 0 20
138625 0 35
140079 0 3
141636 0 21
143151 0 20
144605 0 16
146100 0 25
147595 0 11
149050 0 19
150565 0 15
151978 0 24
153473 0 16
154968 0 24
156484 0 16
158020 0 27
159474 0 1
160969 0 15
162525 0 22
164061 0 20
165618 0 35
167092 0 2
168485 0 18
170041 0 23
171516 0 17
172990 0 36
174526 0 6
176103 0 18
177537 0 18
179114 0 16
180588 0 20
182186 0 17
183660 0 36
185073 0 7
186609 0 13
188166 0 33
189620 0 9
191094 0 19
192589 0 22
194023 0 17
195497 0 23
196910 0 23
198344 0 14
199757 0 26
201232 0 11
202665 0 22
204222 0 14
205635 0 17
207150 0 22
208727 0 24
210222 0 19
211738 0 35
213130 0 12
214523 0 14
215977 0 18
217390 0 31
218803 0 11
220298 0 18
221814 0 26
223247 0 6
224660 0 15
226094 0 23
227548 0 32
229023 0 5
230456 0 19
231972 0 27
233528 0 2
235064 0 23
236498 0 19
237911 0 20
239406 0 24
240839 0 16
242314 0 20
243809 0 28
245304 0 9
246717 0 16
248171 0 19
249666 0 21
251100 0 25
252677 0 1
254131 0 18
255585 0 15
257059 0 19
258554 0 22
260008 0 25
261565 0 8
263060 0 16
264514 0 17
265988 0 14
267483 0 16
268876 0 16
270371 0 29
271825 0 6
273402 0 21
274897 0 16
276290 0 15
277826 0 15
279280 0 19
280713 0 25
282249 0 7
283683 0 20
285116 0 33
286611 0 9
288168 0 16
289581 0 18
291096 0 28
292591 0 5
294107 0 24
295561 0 19
297097 0 22
298633 0 20
300169 0 17
301623 0 26
303036 0 9
304592 0 22
306108 0 13
307603 0 23
309118 0 24
310572 0 20
312047 0 13
313562 0 16
315037 0 29
316552 0 10
318027 0 15
319481 0 24
320915 0 24
322410 0 19
323987 0 15
325420 0 24
326874 0 34
328287 0 10
329782 0 19
331359 0 27
332752 0 7
334206 0 24
335762 0 31
337216 0 7
338711 0 19
340227 0 33
341763 0 11
343196 0 24
344712 0 14
346187 0 30
347600 0 8
349115 0 17
350651 0 17
352187 0 21
353662 0 18
355177 0 21
356631 0 15
358106 0 32
359642 0 10
361219 0 13
362755 0 24
364229 0 24
365765 0 15
367240 0 15
368632 0 14
370127 0 34
371643 0 3
373097 0 13
374551 0 13
376025 0 17
377561 0 14
379036 0 19
380490 0 13
381985 0 32
383439 0 4
384893 0 24
386286 0 29
387719 0 7
389173 0 20
390648 0 17
392102 0 20
393535 0 22
395071 0 24
396566 0 13
397959 0 26
399372 0 9
400888 0 19
402403 0 15
403919 0 13
405311 0 13
406745 0 27
408178 0 4
409632 0 16
411127 0 13
412622 0 22
414077 0 13
415490 0 32
416903 0 2
418398 0 24
419913 0 36
421408 0 11
422862 0 21
424275 0 26
425688 0 10
427245 0 16
428760 0 17
430235 0 24
431730 0 24
433225 0 23
434781 0 31
436317 0 12
437751 0 20
439185 0 33
440598 0 3
442072 0 21
443649 0 15
445165 0 23
446619 0 22
448175 0 15
449732 0 25
451288 0 7
452722 0 15
454258 0 13
455753 0 21
457207 0 22
458784 0 23
460238 0 29
461630 0 7
463166 0 21
464723 0 18
466238 0 27
467692 0 9
469187 0 16
470600 0 14
472116 0 23
473549 0 30
475024 0 9
476478 0 14
477993 0 15
479448 0 17
480881 0 13
482274 0 26
483789 0 11
485223 0 21
486800 0 24
488336 0 13
489749 0 16
491285 0 17
492800 0 31
494295 0 8
495872 0 22
497347 0 18
498801 0 19
500275 0 30
501647 0 7
503204 0 22
504678 0 24
506194 0 20
507668 0 35
509225 0 3
510740 0 24
512297 0 15
513833 0 22
515266 0 13
516823 0 24
518318 0 36
519731 0 4
521185 0 24
522619 0 24
524134 0 13
525670 0 15
527145 0 21
528599 0 19
530155 0 33
531691 0 4
533104 0 16
534497 0 14
535869 0 19
537364 0 21
538879 0 13
540313 0 28
541849 0 10
543324 0 18
544900 0 36
546395 0 10
547911 0 15
549426 0 19
550962 0 21
552416 0 34
553911 0 2
555366 0 19
556922 0 14
558458 0 28
559871 0 12
561346 0 24
562779 0 19
564336 0 20
565892 0 18
567408 0 14
568944 0 26
570439 0 10
571893 0 21
573470 0 17
574944 0 34
576378 0 9
577955 0 23
579388 0 22
580924 0 26
582378 0 4
583853 0 20
585389 0 21
586843 0 21
588317 0 24
589710 0 15
591246 0 22
592741 0 30
594195 0 7
595628 0 20
597205 0 29
598659 0 8
600134 0 19
601568 0 27
603104 0 10
604619 0 16
606094 0 19
607568 0 23
609022 0 33
610579 0 9
612033 0 18
613528 0 14
615064 0 17
616497 0 25
618033 0 1
619528 0 20
621044 0 15
622477 0 14
623890 0 23
625385 0 23
626901 0 20
628416 0 29
629891 0 9
631447 0 20
633024 0 34
634540 0 8
636096 0 21
637550 0 17
639025 0 36
640561 0 4
642056 0 24
643592 0 25
645169 0 1
646582 0 16
648077 0 34
649490 0 2
651005 0 20
652500 0 13
653975 0 15
655449 0 22
656945 0 36
658460 0 11
659935 0 16
661348 0 25
662863 0 7
664297 0 21
665853 0 35
667328 0 2
668741 0 22
670277 0 31
671751 0 8
673308 0 15
674864 0 32
676257 0 11
677731 0 23
679267 0 17
680803 0 20
682339 0 22
683773 0 24
685227 0 14
686701 0 34
688176 0 11
689630 0 19
691105 0 26
692559 0 12
693972 0 23
695528 0 18
697003 0 18
698436 0 19
699952 0 16
701467 0 20
702983 0 34
704457 0 5
705850 0 15
707242 0 27
708717 0 7
710273 0 15
711768 0 31
713223 0 12
714636 0 15
716110 0 34
717544 0 5
718936 0 15
720472 0 31
721988 0 3
723380 0 16
724896 0 17
726370 0 13
727906 0 33
729422 0 3
730835 0 18
732310 0 36
733825 0 1
735279 0 18
736733 0 36
738269 0 7
739805 0 15
741321 0 20
742836 0 17
744249 0 33
745744 0 10
747280 0 24
748714 0 18
750229 0 20
751786 0 29
753178 0 1
754673 0 17
756086 0 13
757622 0 23
759158 0 32
760612 0 4
762026 0 15
763480 0 20
765016 0 29
766531 0 11
768026 0 24
769501 0 15
771016 0 20
772532 0 26
773924 0 9
775481 0 15
776914 0 29
778307 0 6
779720 0 23
781174 0 31
782751 0 10
784225 0 21
785782 0 22
787256 0 21
788690 0 34
790103 0 2
791639 0 19
793134 0 22
794691 0 22
796206 0 25
797640 0 12
799053 0 13
800568 0 36
802002 0 12
803538 0 19
805094 0 16
806487 0 19
807920 0 35
809415 0 5
810849 0 16
812324 0 25
813737 0 3
815191 0 21
816624 0 24
818037 0 19
819471 0 23
820966 0 33
822379 0 10
823935 0 16
825451 0 26
826925 0 11
828359 0 19
829834 0 36
831370 0 4
832742 0 13
834134 0 30
835568 0 10
837124 0 22
838660 0 26
840155 0 11
841630 0 13
843084 0 24
844477 0 20
845951 0 24
847364 0 23
848818 0 32
850313 0 3
851808 0 24
853324 0 24
854798 0 22
856375 0 29
857829 0 8
859427 0 14
860840 0 21
862294 0 19
863768 0 24
865325 0 21
866861 0 20
868376 0 34
869871 0 10
871325 0 19
872759 0 21
874254 0 14
875749 0 19
877182 0 30
878657 0 10
880091 0 18
881627 0 17
883163 0 13
884596 0 17
886091 0 28
887627 0 2
889061 0 13
890453 0 15
891907 0 21
893402 0 21
894918 0 28
896433 0 8
897990 0 18
899526 0 31
901062 0 5
902516 0 15
904011 0 16
905383 0 22
906878 0 17
908332 0 21
909848 0 26
911343 0 5
912797 0 21
914353 0 22
915807 0 22
917241 0 21
918756 0 35
920231 0 10
921685 0 19
923200 0 24
924716 0 22
926231 0 36
927665 0 3
929119 0 13
930573 0 21
932088 0 14
933481 0 19
934956 0 17
936451 0 32
937966 0 11
939441 0 16
940854 0 17
942246 0 17
943639 0 22
945072 0 13
946588 0 31
948042 0 1
949435 0 24
950991 0 23
952507 0 26
953940 0 4
955435 0 15
956951 0 33
958405 0 4
959879 0 20
961374 0 24
962849 0 27
964323 0 4
965695 0 14
967191 0 20
968624 0 20
1204131 0 101
1205606 0 101
1207019 0 101
1208514 0 101
1210009 0 101
1211422 0 101
1212835 0 101
1214248 0 101
1215702 0 101
1217218 0 101
1218672 0 102
1220146 0 102
1221600 0 102
1223054 0 102
1224488 0 102
1225942 0 102
1227458 0 102
1228993 0 103
1230529 0 101
1232065 0 102
1233540 0 102
1234953 0 102
1236366 0 102
1237882 0 102
1239418 0 102
1240872 0 103
1242367 0 101
1243882 0 102
1245336 0 102
1246852 0 102
1248388 0 102
1249883 0 102
1251398 0 102
1252852 0 103
1254306 0 101
1255760 0 102
1257214 0 103
1258628 0 101
1260163 0 102
1261679 0 103
1263174 0 101
1264608 0 102
1266144 0 102
1267680 0 102
1269113 0 103
1270670 0 101
1272206 0 102
1273680 0 102
1275114 0 102
1276506 0 102
1277919 0 102
1279414 0 103
1280868 0 101
1282302 0 102
1283715 0 102
1285128 0 103
1286603 0 101
1288098 0 102
1289490 0 102
1291026 0 103
1292439 0 101
1293873 0 102
1295409 0 103
1296924 0 101
1298338 0 102
1299812 0 103
1301266 0 101
1302782 0 102
1304215 0 102
1305608 0 102
1307041 0 102
1308454 0 102
1309949 0 102
1311444 0 103
1312878 0 101
1314373 0 102
1315909 0 103
1317363 0 101
1318817 0 102
1320292 0 102
1321725 0 102
1323138 0 102
1324592 0 103
1326026 0 101
1327480 0 102
1328893 0 102
1330347 0 102
1331822 0 103
1333337 0 101
1334812 0 102
1336286 0 103
1337781 0 101
1339297 0 102
1340689 0 102
1342123 0 102
1343618 0 102
1345052 0 102
1346567 0 102
1348042 0 103
1349557 0 101
1350970 0 102
1352383 0 102
1353919 0 102
1355394 0 103
1356868 0 101
1358404 0 102
1359817 0 103
1361374 0 101
1362807 0 102
1364282 0 103
1365777 0 101
1367292 0 102
1368767 0 103
1370282 0 101
1371737 0 102
1373232 0 103
1374788 0 101
1376201 0 102
1377676 0 102
1379171 0 102
1380625 0 103
1382161 0 101
1383574 0 102
1385069 0 102
1386564 0 102
1388079 0 102
1389472 0 102
1390967 0 103
1392523 0 101
1393937 0 102
1395431 0 102
1396865 0 102
1398360 0 103
1399814 0 101
1401350 0 102
1402866 0 102
1404381 0 102
1405917 0 103
1407371 0 101
1408866 0 102
1410361 0 103
1411877 0 101
1413331 0 102
1414764 0 103
1416198 0 101
1417693 0 102
1419208 0 103
1420621 0 101
1422096 0 102
1423591 0 102
1425045 0 102
1426458 0 102
1427974 0 102
1429448 0 102
1430984 0 103
1432459 0 101
1433913 0 102
1435305 0 102
1436739 0 102
1438254 0 102
1439708 0 102
1441162 0 102
1442678 0 102
1444132 0 103
1445668 0 101
1447183 0 102
1448719 0 103
1450214 0 101
1451730 0 102
1453286 0 102
1454740 0 103
1456297 0 101
1457690 0 102
1459246 0 103
1460823 0 101
1462236 0 102
1463690 0 103
1465165 0 101
1466619 0 102
1468073 0 103
1469588 0 101
1471001 0 102
1472517 0 102
1474073 0 102
1475486 0 102
1477022 0 103
1478599 0 101
1480033 0 102
1481569 0 103
1483043 0 101
1484579 0 102
1486095 0 102
1487610 0 103
1489023 0 101
1490539 0 102
1492013 0 103
1493549 0 101
1495085 0 102
1496478 0 102
1497993 0 102
1499427 0 102
1500963 0 102
1502397 0 103
1503892 0 101
1505346 0 102
1506820 0 103
1508315 0 101
1509790 0 102
1511285 0 103
1512800 0 101
1514234 0 102
1515688 0 102
1517203 0 103
1518657 0 101
1520111 0 102
1521566 0 102
1523061 0 102
1524494 0 102
1525887 0 103
1527402 0 101
1528815 0 102
1530372 0 102
1531887 0 102
1533403 0 103
1534939 0 101
1536393 0 102
1537847 0 102
1539280 0 102
1540734 0 102
1542189 0 102
1543704 0 103
1545138 0 101
1546592 0 102
1548148 0 102
1549582 0 102
1551015 0 102
1552428 0 102
1553944 0 103
1555480 0 101
1556872 0 102
1558306 0 102
1559760 0 103
1561235 0 101
1562668 0 102
1564081 0 102
1565597 0 103
1567051 0 101
1568566 0 102
1570082 0 103
1571618 0 101
1573051 0 102
1574485 0 103
1576062 0 101
1577577 0 102
1579011 0 102
1580465 0 102
1581980 0 103
1583394 0 101
1584909 0 102
1586322 0 102
1587756 0 102
1589189 0 103
1590746 0 101
1592241 0 102
1593756 0 102
1595210 0 102
1596623 0 102
1598118 0 102
1599613 0 102
1601026 0 103
1602583 0 101
1604057 0 102
1605552 0 102
1606986 0 102
1608481 0 103
1609935 0 101
1611389 0 102
1612802 0 102
1614359 0 102
1615854 0 102
1617287 0 103
1618741 0 101
1620257 0 102
1621649 0 102
1623165 0 102
1624680 0 102
1626155 0 103
1627609 0 101
1629002 0 102
1630415 0 102
1631889 0 102
1633405 0 103
1634961 0 101
1636518 0 102
1637972 0 102
1639508 0 102
1640962 0 103
1642518 0 101
1643952 0 102
1645365 0 102
1646901 0 102
1648334 0 102
1649870 0 102
1651386 0 103
1652819 0 101
1654355 0 102
1655748 0 102
1657284 0 102
1658738 0 103
1660315 0 101
1661769 0 102
1663182 0 102
1664636 0 102
1666111 0 103
1667544 0 101
1668998 0 102
1670555 0 102
1671947 0 102
1673381 0 102
1674897 0 102
1676412 0 102
1677805 0 103
1679279 0 101
1680815 0 102
1682351 0 103
1683846 0 101
1685239 0 102
1686672 0 103
1688147 0 101
1689662 0 102
1691137 0 102
1692652 0 102
1694106 0 102
1695540 0 102
1696994 0 103
1698407 0 101
1699841 0 102
1701274 0 103
1702687 0 101
1704121 0 102
1705575 0 102
1707111 0 102
1708524 0 102
1709978 0 103
1711453 0 101
1712866 0 102
1714361 0 103
1715856 0 101
1717392 0 102
1718887 0 102
1720382 0 102
1721795 0 102
1723269 0 103
1724846 0 101
1726239 0 102
1727673 0 102
1729168 0 102
1730622 0 102
1732076 0 103
1733591 0 101
1735004 0 102
1736397 0 102
1737892 0 102
1739387 0 102
1740861 0 103
1742356 0 101
1743790 0 102
1745285 0 102
1746760 0 102
1748255 0 102
1749647 0 102
1751122 0 103
1752678 0 101
1754071 0 102
1755504 0 102
1756999 0 103
1758474 0 101
1760010 0 102
1761525 0 102
1762918 0 103
1764393 0 101
1765867 0 102
1767423 0 102
1768878 0 102
1770414 0 103
1771847 0 101
1773281 0 102
1774673 0 102
1776107 0 102
1777540 0 102
1779056 0 102
1780530 0 103
1781944 0 101
1783398 0 102
1784872 0 102
1786367 0 102
1787821 0 103
1789234 0 101
1790770 0 102
1792183 0 102
1793699 0 102
1795235 0 102
1796689 0 102
1798204 0 103
1799699 0 101
1801215 0 102
1802730 0 102
1804184 0 102
1805598 0 102
1807113 0 103
1808567 0 101
1810001 0 102
1811496 0 102
1812970 0 102
1814486 0 102
1815960 0 102
1817414 0 103
1818930 0 101
1820425 0 102
1821899 0 102
1823312 0 102
1824848 0 102
1826323 0 102
1827756 0 102
1829231 0 103
1830767 0 101
1832282 0 102
1833675 0 102
1835109 0 102
1836501 0 102
1837894 0 102
1839307 0 103
1840782 0 101
1842297 0 102
1843772 0 103
1845205 0 101
1846700 0 102
1848113 0 102
1849608 0 102
1851144 0 103
1852701 0 101
1854155 0 102
1855609 0 103
1857104 0 101
1858578 0 102
1860032 0 102
1861568 0 102
1863043 0 103
1864497 0 101
1865931 0 102
1867405 0 102
1868798 0 102
1870231 0 102
1871624 0 102
1873016 0 103
1874471 0 101
1875945 0 102
1877461 0 102
1878894 0 103
1880348 0 101
1881802 0 102
1883256 0 103
1884813 0 101
1886267 0 102
1887721 0 102
1889134 0 102
1890547 0 102
1891940 0 102
1893455 0 102
1894868 0 102
1896363 0 103
1897838 0 101
1899271 0 102
1900725 0 102
1902200 0 102
1903593 0 102
1905108 0 102
1906583 0 102
1908057 0 103
1909491 0 101
1911027 0 102
1912419 0 102
1913832 0 103
1915245 0 101
1916659 0 102
1918092 0 103
1919649 0 101
1921062 0 102
1922618 0 102
1924052 0 102
1925588 0 102
1927124 0 103
1928619 0 101
1930114 0 102
1931547 0 102
1932960 0 102
1934414 0 102
1935889 0 103
1937425 0 101
1938899 0 102
1940333 0 102
1941849 0 102
1943384 0 103
1944859 0 101
1946395 0 102
1947829 0 102
1949221 0 102
1950696 0 102
1952109 0 102
1953542 0 103
1955099 0 101
1956491 0 102
1957925 0 103
1959441 0 101
1960976 0 102
1962390 0 103
1963823 0 101
1965216 0 102
1966649 0 103
1968124 0 101
1969537 0 102
1970991 0 103
1972404 0 101
1973817 0 102
1975251 0 102
1976643 0 102
1978138 0 102
1979654 0 103
1981128 0 101
1982685 0 102
1984180 0 102
1985593 0 102
1987129 0 102
1988644 0 102
1990058 0 103
1991553 0 101
1993007 0 102
1994543 0 102
1995956 0 103
1997492 0 101
1998884 0 102
2000359 0 103
2001792 0 101
2003267 0 102
2004741 0 102
2006298 0 102
2007691 0 103
2009124 0 101
2010660 0 102
2012176 0 102
2013712 0 102
2015125 0 103
2016661 0 101
2018094 0 102
2019548 0 103
2020982 0 101
2022456 0 102
2023951 0 103
2025426 0 101
2026859 0 102
2028314 0 102
2029727 0 102
2031222 0 103
2032778 0 101
2034294 0 102
2035727 0 102
2037181 0 102
2038615 0 102
2040028 0 103
2041502 0 101
2042916 0 102
2044349 0 102
2045906 0 102
2047339 0 103
2048773 0 101
2050309 0 102
2051722 0 102
2053217 0 103
2054712 0 101
2056166 0 102
2057579 0 102
2058972 0 102
2060385 0 102
2061880 0 102
2063416 0 102
2064808 0 103
2066221 0 101
2067716 0 102
2069232 0 102
2070645 0 102
2072160 0 102
2073696 0 102
2075232 0 102
2076666 0 102
2078181 0 103
2079635 0 101
2081110 0 102
2082544 0 103
2083957 0 101
2085390 0 102
2086947 0 102
2088401 0 102
2089896 0 102
2091350 0 102
2092783 0 103
2094340 0 101
2095814 0 102
2097289 0 103
2098845 0 101
2100258 0 102
2114515 0 37
2115907 0 37
2117402 0 40
2118856 0 43
2120351 0 45
2121765 0 46
2123342 0 38
2124796 0 38
2126229 0 37
2127704 0 45
2129199 0 49
2130694 0 50
2132148 0 68
2133581 0 38
2135097 0 55
2136551 0 64
2138025 0 47
2139520 0 59
2141036 0 49
2142429 0 53
2143985 0 60
2145439 0 56
2146975 0 58
2148429 0 71
2149985 0 44
2151501 0 56
2153057 0 55
2154573 0 53
2156109 0 58
2157583 0 49
2158997 0 58
2160430 0 56
2161966 0 72
2163400 0 46
2164874 0 60
2166349 0 51
2167803 0 57
2169380 0 55
2170936 0 56
2172370 0 67
2173844 0 42
2175298 0 54
2176793 0 58
2178288 0 50
2179701 0 69
2181237 0 41
2182753 0 60
2184309 0 50
2185763 0 53
2187177 0 60
2188672 0 58
2190248 0 57
2191723 0 70
2193116 0 41
2194570 0 55
2196044 0 71
2197580 0 41
2199014 0 50
2200468 0 57
2201922 0 51
2203376 0 54
2204871 0 64
2206305 0 43
2207738 0 60
2209192 0 57
2210646 0 66
2212100 0 45
2213595 0 51
2215090 0 53
2216544 0 52
2218039 0 71
2219452 0 43
2220968 0 57
2222545 0 62
2224081 0 43
2225637 0 58
2227091 0 57
2228545 0 59
2229958 0 53
2231494 0 54
2232908 0 55
2234321 0 63
2235734 0 40
2237167 0 51
2238580 0 58
2240116 0 63
2241591 0 48
2243045 0 52
2244581 0 60
2246014 0 55
2247571 0 58
2249107 0 62
2250581 0 42
2252036 0 49
2253510 0 58
2255067 0 71
2256500 0 41
2258016 0 49
2259470 0 50
2260965 0 60
2262480 0 56
2264016 0 54
2265511 0 61
2267006 0 41
2268501 0 50
2270037 0 50
2271491 0 53
2272904 0 54
2274461 0 54
2275915 0 61
2277430 0 39
2278884 0 58
2280338 0 69
2281792 0 41
2283226 0 60
2284680 0 63
2286093 0 47
2287629 0 60
2289042 0 51
2290517 0 49
2291930 0 71
2293404 0 38
2294940 0 58
2296497 0 53
2297951 0 54
2299405 0 58
2300961 0 66
2302518 0 46
2303992 0 51
2305446 0 63
2306962 0 46
2308477 0 57
2309952 0 49
2311385 0 68
2312799 0 38
2314253 0 59
2315789 0 54
2317222 0 63
2318799 0 37
2320356 0 54
2321769 0 50
2323284 0 56
2324697 0 59
2326172 0 65
2327687 0 41
2329141 0 54
2330554 0 58
2332049 0 53
2333503 0 57
2335080 0 60
2336637 0 66
2338050 0 42
2339565 0 54
2341019 0 60
2342515 0 55
2344010 0 53
2345484 0 50
2347020 0 55
2348576 0 70
2349990 0 48
2351526 0 52
2353082 0 54
2354618 0 49
2356174 0 57
2357628 0 53
2359083 0 57
2360598 0 68
2362011 0 37
2363465 0 52
2364940 0 56
2366353 0 64
2367868 0 46
2369322 0 57
2370797 0 53
2372292 0 55
2373787 0 57
2375261 0 52
2376797 0 68
2378252 0 47
2379808 0 49
2381344 0 68
2382757 0 40
2384293 0 60
2385767 0 52
2387201 0 62
2388737 0 44
2390191 0 55
2391707 0 60
2393222 0 58
2394697 0 54
2396110 0 53
2397523 0 62
2399018 0 38
2400492 0 54
2402028 0 57
2403462 0 52
2404875 0 50
2406411 0 68
2407845 0 38
2409319 0 52
2410814 0 55
2412248 0 66
2413804 0 42
2415258 0 53
2416815 0 66
2418269 0 39
2419702 0 57
2421218 0 56
2422774 0 55
2424351 0 61
2425764 0 45
2427218 0 49
2428775 0 72
2430229 0 39
2431765 0 60
2433301 0 57
2434857 0 57
2436311 0 57
2437806 0 58
2439260 0 52
2440796 0 64
2442230 0 47
2443684 0 57
2445220 0 56
2446633 0 58
2448148 0 53
2449684 0 63
2451159 0 46
2452593 0 51
2454129 0 53
2455521 0 54
2456955 0 65
2458491 0 38
2460027 0 58
2461542 0 49
2462996 0 51
2464532 0 68
2465945 0 45
2467461 0 56
2468997 0 58
2470574 0 67
2472048 0 46
2473605 0 51
2475038 0 68
2476533 0 46
2477987 0 55
2479544 0 54
2481100 0 59
2482513 0 60
2483926 0 52
2485380 0 63
2486875 0 39
2488330 0 56
2489865 0 61
2491320 0 48
2492815 0 50
2494330 0 57
2495886 0 64
2497300 0 42
2498836 0 50
2500372 0 57
2501867 0 50
2503321 0 67
2504713 0 46
2506270 0 59
2507703 0 60
2509198 0 61
2510714 0 37
2512147 0 56
2513581 0 53
2514994 0 60
2516550 0 60
2518045 0 56
2519581 0 63
2521117 0 48
2522592 0 51
2524148 0 58
2525623 0 68
2527159 0 41
2528613 0 60
2530026 0 58
2531562 0 68
2533057 0 38
2534532 0 51
2536027 0 60
2537522 0 54
2538935 0 56
2540409 0 70
2541843 0 43
2543358 0 55
2544792 0 62
2546205 0 44
2547639 0 55
2549093 0 63
2550588 0 37
2551980 0 56
2553393 0 49
2554806 0 53
2556281 0 58
2557714 0 72
2559148 0 39
2560643 0 58
2562159 0 59
2563654 0 55
2565169 0 52
2566726 0 56
2568261 0 52
2569757 0 54
2571211 0 71
2572706 0 48
2574262 0 50
2575675 0 67
2577088 0 46
2578665 0 50
2580119 0 67
2581614 0 38
2583027 0 53
2584481 0 55
2585997 0 55
2587471 0 54
2589028 0 58
2590523 0 72
2591997 0 48
2593472 0 49
2594905 0 54
2596421 0 62
2597834 0 48
2599247 0 53
2600701 0 71
2602094 0 39
2603507 0 56
2605063 0 71
2606518 0 48
2608033 0 60
2609528 0 71
2610962 0 41
2612477 0 56
2613931 0 63
2615488 0 44
2616942 0 60
2618375 0 70
2619891 0 39
2621365 0 60
2622819 0 56
2624273 0 57
2625707 0 67
2627161 0 40
2628738 0 60
2630212 0 56
2631666 0 63
2633223 0 40
2634759 0 54
2636254 0 58
2637728 0 64
2639223 0 37
2640657 0 52
2642111 0 55
2643668 0 49
2645183 0 58
2646760 0 53
2648193 0 56
2649607 0 49
2651122 0 72
2652576 0 41
2653989 0 56
2655484 0 58
2657041 0 55
2658515 0 63
2660051 0 45
2661526 0 51
2662939 0 52
2664393 0 51
2665847 0 58
2667321 0 66
2668776 0 37
2670209 0 58
2671663 0 49
2673097 0 55
2674530 0 57
2676005 0 61
2677479 0 38
2678995 0 60
2680429 0 53
2681923 0 69
2683459 0 44
2684954 0 54
2686368 0 54
2687924 0 50
2689460 0 66
2690914 0 39
2692368 0 50
2693904 0 52
2695399 0 53
2696915 0 52
2698451 0 64
2699884 0 44
2701379 0 54
2702833 0 55
2704349 0 56
2705762 0 70
2707257 0 37
2708772 0 51
2710267 0 60
2711803 0 69
2713278 0 44
2714773 0 57
2716329 0 51
2717886 0 57
2719381 0 71
2720896 0 42
2722309 0 58
2723825 0 51
2725279 0 49
2726774 0 63
2728269 0 38
2729743 0 53
2731156 0 53
2732672 0 56
2734167 0 58
2735723 0 71
2737198 0 43
2738693 0 49
2740188 0 60
2741663 0 50
2743178 0 55
2744653 0 50
2746066 0 49
2747520 0 61
2749056 0 45
2750633 0 54
2752066 0 69
2753541 0 42
2754995 0 60
2756510 0 57
2758026 0 57
2759603 0 52
2761077 0 54
2762511 0 64
2763924 0 48
2765480 0 50
2766873 0 50
2768347 0 54
2769863 0 53
2771338 0 57
2772751 0 49
2774287 0 58
2775823 0 70
2777318 0 46
2778854 0 50
2780369 0 69
2781864 0 45
2783339 0 52
2784895 0 60
2786451 0 70
2787885 0 42
2789319 0 56
2790773 0 72
2792227 0 42
2793640 0 60
2795135 0 59
2796630 0 69
2798207 0 39
2799702 0 60
2801238 0 59
2802794 0 63
2804248 0 47
2805702 0 51
2807095 0 60
2808631 0 53
2810064 0 58
2811641 0 71
2813116 0 38
2814590 0 57
2816045 0 53
2817540 0 64
2819096 0 40
2820591 0 58
2822066 0 60
2823581 0 72
2824994 0 47
2826448 0 55
2827902 0 69
2829438 0 38
2830872 0 54
2832285 0 62
2833800 0 47
2835275 0 54
2836668 0 58
2838224 0 66
2839637 0 47
2841050 0 52
2842504 0 68
2844040 0 48
2845474 0 59
2846887 0 65
2848382 0 41
2849918 0 54
2851351 0 51
2852765 0 50
2854178 0 72
2855714 0 39
2857250 0 53
2858745 0 63
2860240 0 39
2861735 0 49
2863250 0 62
2864663 0 42
2866077 0 53
2867633 0 54
2869189 0 57
2870664 0 55
2872077 0 69
2873551 0 47
2875005 0 53
2876562 0 56
2878057 0 53
2879572 0 56
2881047 0 61
2882460 0 40
2884016 0 57
2885450 0 50
2887006 0 53
2888420 0 58
2889915 0 66
2891369 0 46
2892966 0 52
2894502 0 60
2896058 0 65
2897533 0 39
2899028 0 55
2900523 0 62
2901957 0 43
2903472 0 49
2904926 0 49
2906360 0 59
2907916 0 57
2909370 0 67
2910886 0 42
2912299 0 55
2913712 0 57
2915248 0 50
2916743 0 52
2918320 0 50
2919856 0 51
2921330 0 70
2922805 0 39
2924320 0 54
2925815 0 49
2927249 0 53
2928785 0 59
2930259 0 65
2931795 0 43
2933352 0 52
2934826 0 60
2936219 0 51
2937714 0 71
2939250 0 41
2940806 0 55
2942281 0 53
2943715 0 50
2945271 0 51
2946787 0 60
2948261 0 51
2949736 0 61
2951251 0 44
2952746 0 50
2954303 0 53
2955818 0 64
2957293 0 37
2958849 0 55
2960324 0 51
2961839 0 56
2963334 0 59
2964891 0 61
2966447 0 45
2967901 0 51
2969396 0 49
2970830 0 65
2972263 0 38
2973697 0 59
2975110 0 61
2976666 0 44
2978202 0 52
2979636 0 49
2981151 0 58
2982585 0 72
2984059 0 37
2985513 0 60
2987070 0 64
2988524 0 47
2990019 0 53
2991494 0 53
2992907 0 59
2994422 0 54
2995876 0 56
2997412 0 55
2998989 0 63
3000546 0 46
3002082 0 53
3003536 0 54
3005010 0 59
3006423 0 50
3007959 0 72
3009495 0 39
3010990 0 56
3012424 0 54
3013939 0 50
3015455 0 50
3016929 0 60
3018465 0 52
3032583 0 104
3034078 0 104
3035614 0 104
3037088 0 104
3038502 0 104
3040038 0 104
3041533 0 104
3043007 0 104
3044461 0 104
3045977 0 104
3047369 0 105
3048782 0 105
3050257 0 105
3051793 0 105
3053349 0 106
3054865 0 104
3056401 0 105
3057814 0 106
3059247 0 104
3060681 0 105
3062074 0 105
3063507 0 106
3064982 0 104
3066477 0 105
3068013 0 106
3069467 0 104
3070962 0 105
3072457 0 106
3073972 0 104
3075385 0 105
3076860 0 106
3078334 0 104
3079768 0 105
3081263 0 105
3082799 0 106
3084294 0 104
3085687 0 105
3087161 0 105
3088615 0 105
3090090 0 106
3091585 0 104
3093100 0 105
3094616 0 106
3096152 0 104
3097606 0 105
3099039 0 105
3100452 0 105
3101968 0 105
3103381 0 106
3104856 0 104
3106330 0 105
3107764 0 105
3109197 0 106
3110672 0 104
3112126 0 105
3113580 0 105
3115116 0 105
3116529 0 105
3118044 0 106
3119539 0 104
3120953 0 105
3122427 0 105
3123922 0 105
3125397 0 106
3126851 0 104
3128264 0 105
3129718 0 105
3131213 0 105
3132769 0 106
3134223 0 104
3135718 0 105
3137254 0 106
3138790 0 104
3140347 0 105
3141801 0 105
3143316 0 105
3144729 0 105
3146163 0 105
3147617 0 105
3149030 0 106
3150525 0 104
3152082 0 105
3153577 0 106
3155113 0 104
3156649 0 105
3158062 0 106
3159536 0 104
3160949 0 105
3162362 0 105
3163775 0 105
3165270 0 106
3166765 0 104
3168281 0 105
3169715 0 106
3171210 0 104
3172725 0 105
3174220 0 105
3175776 0 105
3177292 0 106
3178828 0 104
3180364 0 105
3181777 0 106
3183333 0 104
3184808 0 105
3186303 0 106
3187839 0 104
3189273 0 105
3190788 0 105
3192283 0 105
3193737 0 105
3195171 0 106
3196666 0 104
3198181 0 105
3199635 0 105
3201130 0 105
3202564 0 105
3204120 0 106
3205656 0 104
3207192 0 105
3208728 0 106
3210203 0 104
3211759 0 105
3213275 0 105
3214708 0 105
3216183 0 105
3217575 0 105
3219111 0 106
3220586 0 104
3221979 0 105
3223433 0 105
3224907 0 106
3226320 0 104
3227774 0 105
3229269 0 106
3230826 0 104
3232218 0 105
3233672 0 105
3235208 0 105
3236601 0 105
3238137 0 105
3239652 0 105
3241168 0 105
3242683 0 106
3244158 0 104
3245592 0 105
3247046 0 105
3248602 0 105
3250056 0 105
3251572 0 105
3253087 0 105
3254623 0 105
3256057 0 106
3257470 0 104
3258883 0 105
3260337 0 105
3261811 0 106
3263286 0 104
3264781 0 105
3266276 0 105
3267730 0 105
3269246 0 105
3270720 0 105
3272174 0 105
3273587 0 106
3275000 0 104
3276393 0 105
3277867 0 105
3279362 0 106
3280776 0 104
3282189 0 105
3283704 0 105
3285179 0 105
3286571 0 106
3288025 0 104
3289520 0 105
3290913 0 105
3292367 0 105
3293923 0 105
3295398 0 106
3296893 0 104
3298306 0 105
3299699 0 105
3301214 0 105
3302771 0 105
3304163 0 106
3305658 0 104
3307092 0 105
3308628 0 105
3310164 0 105
3311638 0 106
3313092 0 104
3314628 0 105
3316062 0 106
3317598 0 104
3319052 0 105
3320486 0 106
3322001 0 104
3323394 0 105
3324786 0 105
3326343 0 105
3327817 0 105
3329292 0 105
3330807 0 105
3332220 0 106
3333756 0 104
3335169 0 105
3336624 0 106
3338016 0 104
3339450 0 105
3341006 0 105
3342460 0 105
3343873 0 106
3345368 0 104
3346822 0 105
3348317 0 105
3349710 0 105
3351164 0 106
3352659 0 104
3354154 0 105
3355547 0 105
3356960 0 105
3358414 0 105
3359868 0 106
3361424 0 104
3362878 0 105
3364271 0 105
3365705 0 105
3367118 0 106
3368613 0 104
3370046 0 105
3371541 0 106
3373098 0 104
3374511 0 105
3375944 0 105
3377398 0 105
3378812 0 105
3380327 0 105
3381843 0 106
3383379 0 104
3384792 0 105
3386266 0 105
3387679 0 106
3389215 0 104
3390710 0 105
3392103 0 105
3393639 0 105
3395154 0 105
3396649 0 105
3398144 0 105
3399680 0 106
3401093 0 104
3402568 0 105
3403981 0 105
3405537 0 105
3407053 0 105
3408527 0 105
3409961 0 106
3411477 0 104
3412931 0 105
3414467 0 105
3415880 0 105
3417354 0 105
3418829 0 105
3420242 0 105
3421634 0 106
3423170 0 104
3424686 0 105
3426119 0 106
3427553 0 104
3429089 0 105
3430543 0 105
3432038 0 105
3433451 0 105
3434905 0 106
3436441 0 104
3437895 0 105
3439390 0 105
3440844 0 106
3442339 0 104
3443793 0 105
3445350 0 105
3446906 0 105
3448299 0 106
3449835 0 104
3451228 0 105
3452682 0 106
3454136 0 104
3455549 0 105
3457064 0 105
3458580 0 105
3460075 0 105
3461611 0 105
3463085 0 106
3464621 0 104
3466075 0 105
3467468 0 105
3469004 0 105
3470540 0 105
3471953 0 106
3473427 0 104
3474861 0 105
3476295 0 105
3477728 0 105
3479244 0 105
3480800 0 106
3482357 0 104
3483790 0 105
3485326 0 105
3486739 0 105
3488296 0 105
3489750 0 105
3491163 0 105
3492576 0 106
3494050 0 104
3495545 0 105
3496999 0 105
3498392 0 105
3499846 0 105
3501362 0 106
3502918 0 104
3504352 0 105
3505806 0 105
3507301 0 106
3508816 0 104
3510311 0 105
3511786 0 105
3513301 0 105
3514755 0 105
3516189 0 106
3517663 0 104
3519220 0 105
3520612 0 106
3522148 0 104
3523582 0 105
3525016 0 105
3526511 0 105
3528026 0 105
3529583 0 105
3530975 0 106
3532470 0 104
3533883 0 105
3535317 0 106
3536730 0 104
3538225 0 105
3539618 0 106
3541154 0 104
3542608 0 105
3544103 0 105
3545618 0 106
3547093 0 104
3548485 0 105
3550021 0 106
3551537 0 104
3552991 0 105
3554506 0 106
3556001 0 104
3557517 0 105
3558909 0 105
3560384 0 105
3561797 0 106
3563313 0 104
3564828 0 105
3566221 0 106
3567675 0 104
3569211 0 105
3570767 0 105
3572242 0 105
3573675 0 105
3575129 0 106
3576665 0 104
3578201 0 105
3579635 0 106
3581150 0 104
3582584 0 105
3583997 0 105
3585533 0 105
3587069 0 105
3588564 0 105
3590100 0 106
3591636 0 104
3593131 0 105
3594605 0 105
3596059 0 105
3597575 0 106
3599029 0 104
3600524 0 105
3602019 0 106
3603514 0 104
3604907 0 105
3606443 0 106
3607856 0 104
3609269 0 105
3610682 0 106
3612116 0 104
3613570 0 105
3615065 0 105
3616601 0 105
3618034 0 105
3619427 0 105
3620983 0 106
3622458 0 104
3623953 0 105
3625489 0 105
3626922 0 105
3628438 0 105
3629851 0 106
3631366 0 104
3632861 0 105
3634377 0 105
3635851 0 105
3637285 0 105
3638719 0 105
3640193 0 106
3641688 0 104
3643204 0 105
3644719 0 105
3646194 0 106
3647627 0 104
3649040 0 105
3650597 0 106
3652092 0 104
3653566 0 105
3654959 0 105
3656392 0 105
3657826 0 106
3659382 0 104
3660898 0 105
3662393 0 106
3663949 0 104
3665465 0 105
3667001 0 106
3668434 0 104
3669889 0 105
3671424 0 105
3672899 0 105
3674312 0 106
3675766 0 104
3677282 0 105
3678818 0 105
3680313 0 106
3681726 0 104
3683262 0 105
3684695 0 105
3686129 0 105
3687562 0 106
3689037 0 104
3690593 0 105
3692047 0 105
3693583 0 105
3694997 0 105
3696451 0 105
3697987 0 106
3699441 0 104
3700997 0 105
3702492 0 106
3703987 0 104
3705462 0 105
3706875 0 105
3708308 0 105
3709865 0 106
3711421 0 104
3712896 0 105
3714309 0 105
3715742 0 105
3717258 0 106
3718753 0 104
3720248 0 105
3721641 0 105
3723177 0 105
3724712 0 106
3726126 0 104
3727600 0 105
3729116 0 105
3730570 0 105
3731962 0 105
3733498 0 105
3734952 0 106
3736386 0 104
3737901 0 105
3739396 0 105
3740850 0 105
3742325 0 105
3743840 0 105
3745254 0 105
3746749 0 106
3748264 0 104
3749718 0 105
3751275 0 105
3752667 0 105
3754162 0 105
3755596 0 105
3757132 0 106
3758606 0 104
3760163 0 105
3761576 0 105
3763112 0 105
3764586 0 105
3765979 0 105
3767494 0 105
3769051 0 106
3770464 0 104
3771918 0 105
3773331 0 105
3774785 0 105
3776301 0 105
3777857 0 106
3779414 0 104
3780929 0 105
3782342 0 106
3783796 0 104
3785332 0 105
3786827 0 106
3788384 0 104
3789920 0 105
3791415 0 106
3792910 0 104
3794323 0 105
3795777 0 105
3797251 0 105
3798808 0 105
3800241 0 106
3801798 0 104
3803252 0 105
3804726 0 105
3806139 0 105
3807532 0 105
3808945 0 106
3810440 0 104
3811997 0 105
3813492 0 105
3814966 0 105
3816400 0 106
3817833 0 104
3819349 0 105
3820803 0 105
3822298 0 105
3823813 0 105
3825226 0 106
3826722 0 104
3828176 0 105
3829691 0 105
3831166 0 105
3832702 0 105
3834217 0 105
3835733 0 106
3837207 0 104
3838764 0 105
3840218 0 105
3841651 0 106
3843167 0 104
3844600 0 105
3846095 0 105
3847549 0 105
3849024 0 105
3850539 0 105
3851952 0 105
3853406 0 106
3854922 0 104
3856437 0 105
3857953 0 106
3859448 0 104
3860922 0 105
3862397 0 106
3863810 0 104
3865264 0 105
3866698 0 105
3868193 0 106
3869647 0 104
3871101 0 105
3872657 0 105
3874173 0 105
3875627 0 105
3877081 0 105
3878535 0 106
3880091 0 104
3881648 0 105
3883061 0 105
3884617 0 105
3886133 0 105
3887669 0 105
3889102 0 106
3890516 0 104
3891929 0 105
3893403 0 105
3894898 0 105
3896352 0 105
3897827 0 105
3899240 0 105
3900714 0 105
3902230 0 106
3903725 0 104
3905220 0 105
3906715 0 105
3908189 0 105
3909725 0 105
3911118 0 105
3912572 0 105
3914108 0 106
3915665 0 104
3917057 0 105
3918532 0 106
3920047 0 104
3921542 0 105
3922955 0 105
3924450 0 105
3925986 0 105
3927481 0 105
3928915 0 106
3930369 0 104
3931885 0 105
