16162 0 12
17734 0 2
19208 0 12
20706 0 11
22156 0 12
23630 0 6
25055 0 8
26651 0 1
28125 0 1
29624 0 5
31122 0 20
32719 0 22
34242 0 18
35815 0 23
37239 0 24
38787 0 14
40237 0 13
41760 0 26
43234 0 1
44658 0 13
46083 0 28
47533 0 9
49080 0 18
50505 0 17
51930 0 28
53453 0 4
54927 0 15
56352 0 29
57851 0 10
59374 0 24
60848 0 21
62297 0 13
63746 0 29
65270 0 11
66793 0 22
68267 0 24
69765 0 23
71239 0 15
72713 0 21
74187 0 33
75612 0 2
77012 0 15
78413 0 14
79813 0 19
81360 0 16
82810 0 14
84284 0 17
85832 0 31
87379 0 1
88878 0 17
90278 0 16
91727 0 23
93275 0 21
94798 0 23
96248 0 33
97746 0 10
99196 0 21
100620 0 14
102119 0 18
103568 0 22
105116 0 15
106541 0 30
108015 0 3
109538 0 24
110938 0 20
112461 0 17
113935 0 23
115483 0 14
117006 0 14
118529 0 31
120052 0 12
121526 0 20
123123 0 22
124597 0 23
126145 0 23
127570 0 15
129117 0 28
130567 0 10
132016 0 13
133564 0 16
135087 0 18
136610 0 33
138059 0 6
139607 0 20
141130 0 19
142580 0 20
144078 0 14
145503 0 29
146977 0 10
148476 0 22
149925 0 15
151374 0 20
152873 0 31
154298 0 3
155845 0 22
157369 0 19
158867 0 28
160341 0 2
161840 0 20
163387 0 20
164861 0 17
166409 0 23
167932 0 31
169455 0 4
170929 0 15
172354 0 17
173779 0 27
175228 0 3
176678 0 19
178225 0 26
179675 0 3
181100 0 22
182672 0 23
184219 0 19
185669 0 28
187143 0 8
188740 0 17
190189 0 19
191614 0 13
193014 0 24
194488 0 28
195938 0 2
197412 0 19
198836 0 32
200237 0 8
201760 0 20
203357 0 24
204757 0 21
206280 0 15
207803 0 17
209326 0 35
210751 0 8
212299 0 14
213699 0 13
215148 0 15
216622 0 22
218072 0 28
219619 0 2
221020 0 13
222469 0 31
223968 0 12
225515 0 21
227063 0 17
228537 0 21
230109 0 29
231510 0 10
233057 0 20
234531 0 14
236005 0 21
237553 0 14
239027 0 30
240452 0 12
241999 0 16
243400 0 24
244800 0 22
246299 0 29
247797 0 7
249345 0 14
250868 0 27
252268 0 7
253816 0 20
255363 0 21
256788 0 17
258336 0 31
259835 0 10
261259 0 22
262733 0 35
264158 0 7
265632 0 17
267057 0 14
268457 0 21
269931 0 15
271381 0 22
272904 0 30
274279 0 6
275778 0 22
277326 0 18
278800 0 14
280274 0 23
281698 0 17
283172 0 30
284573 0 5
286096 0 21
287644 0 34
289167 0 10
290592 0 18
292115 0 34
293539 0 8
295063 0 14
296537 0 15
298035 0 25
299558 0 3
301106 0 17
302555 0 21
304029 0 24
305552 0 13
307051 0 35
308623 0 2
310073 0 22
311596 0 19
313119 0 28
314617 0 3
316116 0 22
317688 0 17
319162 0 20
320685 0 19
322135 0 18
323559 0 16
325058 0 14
326483 0 30
327859 0 5
329308 0 15
330757 0 17
332158 0 35
333705 0 6
335179 0 21
336604 0 32
338152 0 11
339577 0 23
341051 0 24
342525 0 21
343974 0 14
345497 0 19
346971 0 25
348445 0 7
349944 0 23
351393 0 23
352892 0 32
354366 0 5
355913 0 21
357436 0 35
358935 0 4
360311 0 14
361711 0 19
363283 0 14
364708 0 35
366133 0 3
367607 0 18
369179 0 35
370628 0 9
372201 0 17
373724 0 35
375198 0 3
376745 0 21
378293 0 21
379792 0 24
381217 0 35
382740 0 12
384140 0 19
385688 0 21
387137 0 21
388685 0 15
390232 0 36
391755 0 11
393205 0 13
394654 0 33
396153 0 11
397676 0 17
399125 0 20
400698 0 22
402270 0 21
403719 0 31
405242 0 12
406667 0 21
408190 0 23
409640 0 23
411114 0 14
412539 0 13
413963 0 17
415437 0 31
416887 0 6
418361 0 17
419786 0 30
421235 0 6
422807 0 15
424207 0 13
425657 0 31
427155 0 8
428679 0 15
430103 0 26
431577 0 4
433002 0 24
434501 0 17
435901 0 18
437449 0 22
439021 0 36
440593 0 12
442116 0 16
443541 0 31
445015 0 8
446587 0 18
448037 0 16
449560 0 22
451058 0 14
452508 0 23
454031 0 20
455480 0 13
456954 0 27
458453 0 5
459951 0 22
461475 0 14
462924 0 23
464472 0 13
465897 0 36
467370 0 6
468820 0 21
470318 0 19
471866 0 20
473365 0 14
474839 0 23
476288 0 25
477762 0 12
479211 0 19
480759 0 19
482331 0 29
483805 0 5
485230 0 20
486680 0 14
488104 0 13
489554 0 16
491052 0 19
492526 0 31
494025 0 9
495474 0 18
496899 0 22
498422 0 13
499970 0 20
501468 0 19
503016 0 17
504416 0 23
505890 0 27
507389 0 12
508912 0 19
510361 0 14
511762 0 21
513236 0 23
514710 0 21
516208 0 23
517731 0 26
519156 0 11
520630 0 18
522129 0 33
523701 0 12
525249 0 22
526772 0 20
528270 0 30
529769 0 5
531316 0 19
532741 0 22
534215 0 15
535640 0 21
537114 0 23
538637 0 25
540136 0 1
541659 0 24
543084 0 18
544631 0 32
546130 0 2
547530 0 15
548980 0 14
550454 0 16
551878 0 23
553426 0 23
554876 0 31
556374 0 1
557922 0 20
559371 0 28
560845 0 11
562368 0 22
563916 0 13
565390 0 33
566864 0 6
568362 0 13
569886 0 14
571335 0 18
572907 0 35
574381 0 1
575855 0 21
577354 0 25
578779 0 11
580228 0 23
581677 0 19
583102 0 14
584601 0 36
586173 0 11
587598 0 23
589072 0 13
590497 0 14
592044 0 23
593592 0 21
595091 0 15
596540 0 18
598039 0 36
599488 0 4
600888 0 13
602362 0 19
603910 0 17
605384 0 17
606784 0 34
608234 0 9
609732 0 14
611157 0 14
612680 0 32
614129 0 1
615603 0 15
617151 0 25
618576 0 12
619976 0 22
621475 0 23
622973 0 13
624374 0 15
625823 0 22
627272 0 15
628722 0 25
630171 0 12
631670 0 18
633193 0 36
634741 0 4
636165 0 22
637738 0 29
639187 0 1
640686 0 14
642135 0 36
643683 0 1
645157 0 14
646704 0 22
648178 0 16
649677 0 17
651126 0 25
652576 0 4
654074 0 17
655499 0 29
656973 0 9
658472 0 16
659872 0 13
661272 0 17
662771 0 35
664171 0 8
665719 0 24
667217 0 28
668789 0 7
670362 0 15
671836 0 33
673334 0 8
674882 0 19
676307 0 34
677732 0 11
679279 0 20
680729 0 16
682129 0 36
683627 0 5
685077 0 17
686526 0 24
688074 0 17
689597 0 13
691145 0 31
692692 0 5
694191 0 22
695665 0 35
697213 0 5
698637 0 22
700161 0 20
701708 0 19
703207 0 30
704582 0 9
706056 0 15
707481 0 14
708955 0 14
710454 0 19
711903 0 27
713353 0 5
714777 0 16
716276 0 34
717750 0 12
719298 0 22
720747 0 16
722172 0 16
723670 0 18
725144 0 32
726668 0 9
728166 0 23
729591 0 15
731089 0 28
732563 0 6
734013 0 20
735462 0 16
736936 0 19
738410 0 13
739884 0 15
741284 0 29
742709 0 9
744159 0 24
745706 0 26
747230 0 8
748802 0 14
750202 0 15
751676 0 14
753101 0 32
754575 0 1
756049 0 19
757498 0 21
759046 0 31
760544 0 6
762018 0 13
763492 0 20
764942 0 14
766465 0 19
767988 0 34
769511 0 2
771059 0 16
772557 0 32
773982 0 9
775554 0 18
776979 0 13
778404 0 16
779854 0 17
781278 0 23
782802 0 36
784275 0 12
785799 0 19
787322 0 21
788747 0 24
790245 0 17
791719 0 28
793242 0 5
794790 0 22
796239 0 35
797713 0 9
799212 0 14
800735 0 28
802209 0 4
803609 0 17
805059 0 34
806557 0 3
808007 0 22
809480 0 24
810905 0 19
812404 0 14
813878 0 22
815401 0 36
816875 0 4
818275 0 17
819774 0 20
821272 0 21
822771 0 27
824319 0 3
825792 0 24
827340 0 23
828912 0 16
830411 0 34
831885 0 12
833384 0 18
834833 0 24
836282 0 19
837781 0 30
839157 0 3
840557 0 13
841957 0 19
843505 0 13
845028 0 19
846600 0 21
848123 0 23
849548 0 14
851022 0 25
852545 0 6
853970 0 16
855469 0 28
856869 0 7
858441 0 14
859964 0 30
861340 0 5
862863 0 20
864362 0 33
865811 0 8
867310 0 21
868857 0 22
870380 0 22
871879 0 14
873353 0 32
874876 0 2
876399 0 20
877824 0 23
879322 0 17
880747 0 23
882246 0 23
883695 0 22
885267 0 25
886840 0 5
888314 0 13
889714 0 18
891213 0 16
892736 0 20
894332 0 18
895831 0 28
897305 0 1
898779 0 20
900277 0 23
901776 0 15
903225 0 35
904650 0 12
906124 0 21
907647 0 16
909121 0 30
910546 0 2
911996 0 22
913494 0 33
914944 0 9
916418 0 24
917916 0 17
919365 0 23
1082686 0 101
1084185 0 101
1085634 0 101
1087035 0 101
1088533 0 101
1089958 0 101
1091407 0 101
1092808 0 101
1094355 0 101
1095903 0 101
1097426 0 102
1098876 0 102
1100423 0 102
1101848 0 102
1103248 0 102
1104722 0 103
1106221 0 101
1107670 0 102
1109169 0 102
1110618 0 103
1112092 0 101
1113640 0 102
1115188 0 103
1116686 0 101
1118136 0 102
1119585 0 102
1121059 0 103
1122484 0 101
1123933 0 102
1125407 0 103
1126930 0 101
1128380 0 102
1129805 0 103
1131352 0 101
1132802 0 102
1134349 0 102
1135774 0 102
1137248 0 102
1138771 0 102
1140196 0 103
1141719 0 101
1143242 0 102
1144716 0 102
1146141 0 102
1147541 0 102
1148991 0 103
1150465 0 101
1151988 0 102
1153388 0 102
1154911 0 103
1156336 0 101
1157835 0 102
1159358 0 103
1160930 0 101
1162330 0 102
1163804 0 103
1165229 0 101
1166703 0 102
1168226 0 103
1169676 0 101
1171199 0 102
1172624 0 102
1174098 0 102
1175621 0 102
1177144 0 103
1178569 0 101
1180043 0 102
1181492 0 103
1183064 0 101
1184514 0 102
1186037 0 102
1187535 0 102
1189034 0 102
1190532 0 103
1192080 0 101
1193628 0 102
1195151 0 102
1196674 0 102
1198222 0 102
1199646 0 102
1201170 0 103
1202668 0 101
1204142 0 102
1205567 0 102
1207016 0 102
1208539 0 102
1209989 0 102
1211487 0 102
1212937 0 103
1214386 0 101
1215811 0 102
1217260 0 103
1218784 0 101
1220258 0 102
1221682 0 102
1223181 0 102
1224630 0 102
1226055 0 102
1227529 0 102
1229077 0 102
1230600 0 103
1232074 0 101
1233597 0 102
1235022 0 102
1236496 0 102
1237994 0 102
1239542 0 103
1241041 0 101
1242539 0 102
1244013 0 102
1245561 0 102
1246986 0 103
1248460 0 101
1250007 0 102
1251530 0 102
1252980 0 102
1254454 0 102
1255952 0 103
1257525 0 101
1258949 0 102
1260350 0 102
1261775 0 102
1263273 0 102
1264673 0 102
1266098 0 102
1267646 0 103
1269071 0 101
1270545 0 102
1272019 0 102
1273419 0 102
1274819 0 103
1276392 0 101
1277890 0 102
1279389 0 102
1280936 0 102
1282410 0 102
1283884 0 103
1285383 0 101
1286857 0 102
1288404 0 102
1289829 0 102
1291230 0 102
1292703 0 102
1294227 0 102
1295651 0 103
1297150 0 101
1298698 0 102
1300196 0 102
1301621 0 102
1303021 0 102
1304495 0 103
1305994 0 101
1307493 0 102
1308966 0 102
1310489 0 102
1311988 0 102
1313413 0 102
1314911 0 103
1316435 0 101
1317982 0 102
1319530 0 102
1320979 0 102
1322502 0 102
1324001 0 102
1325475 0 103
1327023 0 101
1328423 0 102
1329897 0 103
1331371 0 101
1332845 0 102
1334368 0 102
1335916 0 102
1337414 0 103
1338986 0 101
1340485 0 102
1341983 0 102
1343507 0 102
1345030 0 102
1346553 0 103
1348125 0 101
1349550 0 102
1351073 0 103
1352645 0 101
1354144 0 102
1355593 0 102
1357141 0 103
1358590 0 101
1360089 0 102
1361587 0 102
1363061 0 102
1364511 0 102
1365985 0 103
1367508 0 101
1368982 0 102
1370505 0 103
1371930 0 101
1373330 0 102
1374804 0 102
1376229 0 102
1377629 0 102
1379029 0 103
1380602 0 101
1382125 0 102
1383648 0 102
1385196 0 103
1386743 0 101
1388242 0 102
1389740 0 102
1391214 0 102
1392615 0 103
1394162 0 101
1395685 0 102
1397159 0 102
1398609 0 102
1400034 0 102
1401581 0 103
1403006 0 101
1404480 0 102
1405930 0 102
1407354 0 102
1408902 0 102
1410327 0 103
1411825 0 101
1413250 0 102
1414724 0 103
1416223 0 101
1417648 0 102
1419146 0 102
1420571 0 102
1422020 0 102
1423544 0 102
1425067 0 103
1426565 0 101
1428064 0 102
1429611 0 103
1431061 0 101
1432486 0 102
1433960 0 102
1435483 0 102
1436932 0 103
1438455 0 101
1439905 0 102
1441428 0 102
1442902 0 103
1444425 0 101
1445973 0 102
1447471 0 102
1448970 0 102
1450370 0 102
1451844 0 103
1453367 0 101
1454767 0 102
1456290 0 102
1457813 0 102
1459361 0 102
1460811 0 102
1462285 0 103
1463808 0 101
1465208 0 102
1466731 0 103
1468205 0 101
1469704 0 102
1471251 0 102
1472725 0 102
1474273 0 103
1475747 0 101
1477172 0 102
1478572 0 103
1480021 0 101
1481471 0 102
1483018 0 102
1484419 0 102
1485844 0 102
1487318 0 103
1488767 0 101
1490266 0 102
1491789 0 102
1493312 0 102
1494786 0 103
1496235 0 101
1497635 0 102
1499159 0 102
1500657 0 102
1502106 0 102
1503556 0 102
1505030 0 103
1506479 0 101
1507880 0 102
1509354 0 102
1510778 0 102
1512203 0 102
1513628 0 102
1515127 0 103
1516551 0 101
1518099 0 102
1519598 0 102
1521047 0 103
1522521 0 101
1524044 0 102
1525494 0 103
1527017 0 101
1528491 0 102
1529989 0 102
1531414 0 102
1532863 0 103
1534387 0 101
1535885 0 102
1537310 0 102
1538858 0 102
1540381 0 102
1541781 0 102
1543206 0 102
1544606 0 103
1546105 0 101
1547652 0 102
1549151 0 102
1550699 0 102
1552148 0 102
1553597 0 103
1555022 0 101
1556545 0 102
1558093 0 102
1559518 0 102
1560918 0 102
1562417 0 102
1563915 0 102
1565389 0 102
1566863 0 103
1568362 0 101
1569860 0 102
1571285 0 103
1572710 0 101
1574110 0 102
1575535 0 103
1576984 0 101
1578458 0 102
1579908 0 102
1581333 0 102
1582782 0 102
1584256 0 103
1585706 0 101
1587180 0 102
1588580 0 103
1590152 0 101
1591651 0 102
1593149 0 102
1594598 0 102
1596146 0 102
1597546 0 102
1598996 0 102
1600544 0 103
1602067 0 101
1603492 0 102
1604941 0 102
1606439 0 102
1607840 0 103
1609412 0 101
1610960 0 102
1612434 0 103
1614006 0 101
1615431 0 102
1616856 0 103
1618330 0 101
1619730 0 102
1621155 0 102
1622678 0 102
1624176 0 103
1625675 0 101
1627223 0 102
1628697 0 102
1630170 0 103
1631718 0 101
1633266 0 102
1634813 0 103
1636386 0 101
1637909 0 102
1639407 0 103
1640832 0 101
1642282 0 102
1643731 0 103
1645254 0 101
1646728 0 102
1648153 0 102
1649652 0 102
1651101 0 102
1652526 0 102
1654073 0 102
1655572 0 103
1657071 0 101
1658471 0 102
1659871 0 102
1661370 0 102
1662844 0 103
1664367 0 101
1665914 0 102
1667462 0 102
1669010 0 102
1670459 0 102
1672007 0 103
1673555 0 101
1675029 0 102
1676552 0 102
1677976 0 102
1679426 0 103
1680974 0 101
1682374 0 102
1683823 0 103
1685248 0 101
1686747 0 102
1688196 0 102
1689621 0 102
1691095 0 103
1692667 0 101
1694215 0 102
1695689 0 102
1697187 0 102
1698661 0 102
1700209 0 102
1701609 0 103
1703108 0 101
1704557 0 102
1706105 0 102
1707505 0 103
1709028 0 101
1710453 0 102
1711952 0 102
1713450 0 102
1714949 0 102
1716398 0 103
1717970 0 101
1719494 0 102
1720967 0 102
1722392 0 103
1723965 0 101
1725488 0 102
1726986 0 102
1728386 0 103
1729836 0 101
1731285 0 102
1732710 0 102
1734135 0 102
1735560 0 102
1737058 0 102
1738508 0 102
1740031 0 102
1741431 0 103
1742979 0 101
1744502 0 102
1745976 0 103
1747474 0 101
1748998 0 102
1750521 0 102
1752019 0 102
1753469 0 102
1754967 0 103
1756392 0 101
1757866 0 102
1759414 0 102
1760838 0 102
1762362 0 102
1763885 0 102
1765408 0 102
1766882 0 103
1768356 0 101
1769756 0 102
1771279 0 102
1772827 0 103
1774350 0 101
1775799 0 102
1777323 0 102
1778821 0 102
1780271 0 102
1781769 0 102
1783317 0 103
1784889 0 101
1786412 0 102
1787812 0 102
1789335 0 102
1790809 0 102
1792210 0 103
1793708 0 101
1795108 0 102
1796656 0 103
1798155 0 101
1799604 0 102
1801103 0 102
1802552 0 103
1804002 0 101
1805525 0 102
1807072 0 103
1808595 0 101
1809996 0 102
1811420 0 102
1812968 0 102
1814442 0 102
1815941 0 103
1817439 0 101
1818987 0 102
1820461 0 103
1822009 0 101
1823532 0 102
1825079 0 103
1826578 0 101
1828052 0 102
1829550 0 103
1830975 0 101
1832425 0 102
1833972 0 102
1835422 0 102
1836896 0 102
1838345 0 102
1839819 0 103
1841391 0 101
1842792 0 102
1844315 0 102
1845789 0 102
1847214 0 103
1848663 0 101
1850113 0 102
1851513 0 102
1852962 0 102
1854411 0 102
1855959 0 102
1857384 0 102
1858858 0 103
1860283 0 101
1861683 0 102
1863182 0 102
1864680 0 102
1866105 0 102
1867628 0 102
1869151 0 102
1870552 0 103
1872099 0 101
1873499 0 102
1875023 0 103
1876570 0 101
1877995 0 102
1879395 0 103
1880845 0 101
1882343 0 102
1883891 0 103
1885341 0 101
1886864 0 102
1888264 0 103
1889689 0 101
1891113 0 102
1892637 0 102
1894135 0 102
1895585 0 103
1897009 0 101
1898533 0 102
1900031 0 102
1901456 0 102
1902979 0 102
1904453 0 102
1905878 0 103
1907376 0 101
1908826 0 102
1910349 0 102
1911798 0 103
1913346 0 101
1914894 0 102
1916441 0 102
1917989 0 102
1919389 0 102
1920912 0 102
1922313 0 103
1923738 0 101
1925261 0 102
1926685 0 103
1928110 0 101
1929584 0 102
1931107 0 102
1932557 0 103
1934055 0 101
1935505 0 102
1936979 0 102
1938428 0 102
1939927 0 102
1941474 0 102
1942948 0 103
1944398 0 101
1945872 0 102
1947395 0 102
1948820 0 102
1950318 0 102
1951768 0 102
1953193 0 102
1954740 0 102
1956263 0 103
1957762 0 101
1959260 0 102
1960710 0 103
1962282 0 101
1963707 0 102
1965255 0 102
1966729 0 103
1968301 0 101
1969726 0 102
1971200 0 103
1972674 0 101
1974123 0 102
1975597 0 103
1977046 0 101
1978496 0 102
1979945 0 103
1981517 0 101
1982991 0 102
1984465 0 102
1999091 0 48
2000589 0 40
2002112 0 44
2003611 0 40
2005035 0 47
2006534 0 47
2007934 0 38
2009506 0 48
2011054 0 47
2012528 0 41
2014051 0 50
2015550 0 50
2017073 0 69
2018547 0 38
2020095 0 57
2021519 0 69
2023092 0 47
2024541 0 55
2025966 0 52
2027514 0 50
2029037 0 53
2030511 0 67
2032034 0 45
2033508 0 50
2034957 0 51
2036382 0 56
2037807 0 66
2039305 0 38
2040779 0 55
2042229 0 52
2043727 0 59
2045275 0 50
2046823 0 56
2048297 0 57
2049844 0 65
2051343 0 47
2052792 0 54
2054266 0 52
2055838 0 70
2057239 0 37
2058737 0 57
2060211 0 54
2061661 0 65
2063135 0 38
2064682 0 57
2066205 0 56
2067729 0 50
2069276 0 51
2070849 0 53
2072396 0 68
2073821 0 37
2075393 0 55
2076843 0 49
2078243 0 54
2079717 0 64
2081142 0 37
2082616 0 52
2084090 0 64
2085613 0 38
2087087 0 49
2088561 0 69
2090084 0 44
2091484 0 53
2093057 0 54
2094457 0 68
2095882 0 40
2097405 0 49
2098879 0 61
2100303 0 37
2101802 0 50
2103276 0 57
2104725 0 60
2106249 0 60
2107772 0 68
2109270 0 38
2110695 0 49
2112120 0 54
2113545 0 58
2115068 0 59
2116493 0 49
2117893 0 61
2119367 0 42
2120939 0 54
2122364 0 65
2123813 0 37
2125263 0 60
2126786 0 65
2128235 0 45
2129758 0 60
2131257 0 56
2132780 0 54
2134254 0 54
2135777 0 65
2137227 0 37
2138676 0 53
2140175 0 49
2141698 0 52
2143221 0 53
2144670 0 63
2146218 0 45
2147790 0 51
2149215 0 54
2150689 0 62
2152114 0 38
2153563 0 59
2155037 0 62
2156462 0 43
2157887 0 55
2159361 0 50
2160908 0 58
2162407 0 68
2163832 0 40
2165380 0 50
2166829 0 71
2168327 0 38
2169875 0 50
2171374 0 54
2172921 0 62
2174494 0 41
2175918 0 53
2177392 0 63
2178891 0 37
2180439 0 50
2181937 0 52
2183485 0 49
2184984 0 49
2186457 0 68
2187907 0 43
2189430 0 59
2190953 0 71
2192427 0 45
2193876 0 51
2195326 0 54
2196751 0 69
2198225 0 40
2199772 0 49
2201222 0 56
2202622 0 49
2204170 0 57
2205742 0 54
2207240 0 61
2208641 0 48
2210115 0 60
2211662 0 49
2213136 0 52
2214709 0 55
2216158 0 50
2217657 0 68
2219106 0 44
2220629 0 59
2222054 0 53
2223552 0 59
2225051 0 53
2226574 0 60
2228024 0 65
2229522 0 45
2231045 0 50
2232445 0 60
2233969 0 57
2235541 0 58
2237015 0 57
2238489 0 64
2239914 0 44
2241338 0 57
2242788 0 59
2244237 0 50
2245662 0 54
2247087 0 59
2248659 0 64
2250060 0 43
2251509 0 58
2252958 0 72
2254481 0 48
2256005 0 58
2257479 0 52
2259002 0 56
2260476 0 61
2261999 0 41
2263448 0 60
2264971 0 49
2266445 0 56
2267919 0 53
2269442 0 67
2270892 0 42
2272439 0 55
2273987 0 69
2275510 0 38
2276910 0 55
2278335 0 55
2279883 0 59
2281455 0 58
2282978 0 56
2284501 0 61
2285975 0 42
2287449 0 57
2288997 0 50
2290545 0 57
2291994 0 58
2293444 0 50
2294991 0 53
2296490 0 71
2297890 0 45
2299413 0 59
2300936 0 60
2302410 0 58
2303860 0 69
2305407 0 42
2306906 0 55
2308355 0 71
2309829 0 43
2311279 0 57
2312826 0 61
2314325 0 38
2315873 0 56
2317371 0 69
2318845 0 45
2320319 0 51
2321818 0 51
2323267 0 68
2324766 0 46
2326264 0 59
2327689 0 55
2329138 0 65
2330637 0 39
2332135 0 60
2333634 0 57
2335059 0 58
2336582 0 49
2338007 0 72
2339407 0 43
2340930 0 57
2342404 0 54
2343903 0 52
2345377 0 54
2346851 0 65
2348325 0 45
2349774 0 57
2351346 0 57
2352894 0 49
2354442 0 69
2355866 0 37
2357390 0 59
2358839 0 50
2360362 0 58
2361885 0 63
2363335 0 48
2364833 0 57
2366332 0 53
2367806 0 72
2369280 0 48
2370729 0 52
2372154 0 62
2373579 0 45
2375053 0 58
2376600 0 57
2378148 0 60
2379598 0 56
2381022 0 50
2382545 0 60
2384069 0 70
2385444 0 41
2386869 0 60
2388392 0 68
2389842 0 40
2391266 0 56
2392765 0 54
2394264 0 53
2395762 0 53
2397285 0 50
2398735 0 67
2400184 0 45
2401658 0 49
2403181 0 61
2404581 0 44
2406129 0 60
2407603 0 53
2409126 0 69
2410576 0 41
2412123 0 52
2413548 0 55
2415071 0 60
2416570 0 49
2418117 0 57
2419567 0 62
2420992 0 46
2422466 0 50
2423915 0 56
2425414 0 50
2426888 0 69
2428411 0 46
2429885 0 54
2431432 0 58
2433005 0 59
2434454 0 56
2435879 0 60
2437402 0 71
2438876 0 42
2440325 0 57
2441898 0 51
2443347 0 59
2444821 0 54
2446270 0 60
2447769 0 61
2449194 0 43
2450619 0 60
2452142 0 51
2453665 0 53
2455188 0 55
2456686 0 65
2458234 0 48
2459659 0 52
2461108 0 61
2462533 0 45
2464106 0 51
2465653 0 50
2467176 0 49
2468724 0 60
2470198 0 49
2471721 0 53
2473146 0 70
2474620 0 43
2476069 0 59
2477617 0 57
2479165 0 55
2480663 0 54
2482063 0 56
2483513 0 58
2485085 0 61
2486633 0 44
2488107 0 50
2489581 0 72
2491030 0 48
2492529 0 54
2494052 0 58
2495477 0 49
2496901 0 64
2498425 0 40
2499923 0 57
2501373 0 66
2502896 0 42
2504370 0 57
2505794 0 64
2507342 0 37
2508767 0 56
2510339 0 55
2511764 0 53
2513214 0 59
2514786 0 55
2516333 0 69
2517783 0 45
2519281 0 50
2520780 0 67
2522180 0 48
2523580 0 53
2525104 0 59
2526578 0 50
2528150 0 69
2529575 0 46
2531122 0 54
2532670 0 52
2534144 0 49
2535569 0 70
2536994 0 37
2538517 0 53
2540040 0 65
2541465 0 42
2542865 0 57
2544437 0 64
2545985 0 40
2547459 0 58
2548933 0 49
2550431 0 60
2551832 0 69
2553281 0 37
2554780 0 54
2556303 0 53
2557826 0 50
2559251 0 54
2560774 0 58
2562223 0 67
2563697 0 41
2565220 0 59
2566743 0 70
2568242 0 40
2569814 0 49
2571362 0 57
2572910 0 58
2574359 0 52
2575833 0 50
2577331 0 49
2578756 0 57
2580206 0 67
2581680 0 37
2583227 0 57
2584800 0 68
2586274 0 46
2587748 0 50
2589222 0 69
2590646 0 47
2592096 0 51
2593545 0 63
2594970 0 44
2596444 0 56
2598016 0 50
2599490 0 60
2601013 0 54
2602586 0 72
2603986 0 45
2605484 0 50
2606909 0 55
2608432 0 54
2609980 0 50
2611429 0 57
2612879 0 68
2614377 0 43
2615827 0 54
2617325 0 52
2618750 0 52
2620151 0 57
2621624 0 69
2623148 0 40
2624646 0 49
2626046 0 67
2627447 0 48
2628896 0 53
2630444 0 59
2631967 0 59
2633416 0 64
2634817 0 38
2636266 0 50
2637814 0 55
2639337 0 64
2640835 0 41
2642236 0 55
2643685 0 53
2645233 0 52
2646682 0 65
2648156 0 40
2649581 0 57
2651104 0 56
2652553 0 57
2654052 0 72
2655551 0 38
2656975 0 57
2658449 0 57
2659923 0 58
2661422 0 55
2662871 0 51
2664394 0 59
2665917 0 65
2667441 0 39
2668915 0 55
2670389 0 60
2671887 0 52
2673435 0 71
2674982 0 46
2676530 0 55
2677980 0 58
2679454 0 71
2680952 0 38
2682451 0 56
2683998 0 59
2685497 0 59
2687045 0 54
2688518 0 55
2689992 0 58
2691540 0 56
2693112 0 72
2694562 0 48
2696060 0 50
2697534 0 49
2698935 0 66
2700458 0 42
2701883 0 54
2703430 0 50
2704830 0 54
2706329 0 59
2707828 0 56
2709351 0 59
2710849 0 70
2712348 0 42
2713773 0 55
2715296 0 60
2716770 0 55
2718293 0 68
2719767 0 48
2721216 0 53
2722788 0 51
2724287 0 53
2725835 0 52
2727333 0 51
2728832 0 72
2730330 0 42
2731878 0 57
2733401 0 63
2734949 0 45
2736521 0 58
2738020 0 54
2739567 0 49
2741115 0 60
2742589 0 60
2744087 0 58
2745537 0 63
2747109 0 48
2748583 0 59
2750057 0 51
2751482 0 68
2752907 0 46
2754454 0 52
2756027 0 53
2757574 0 56
2759024 0 70
2760522 0 39
2761947 0 54
2763495 0 57
2764993 0 56
2766492 0 49
2767966 0 50
2769440 0 64
2770865 0 40
2772339 0 60
2773837 0 50
2775336 0 58
2776810 0 58
2778259 0 49
2779733 0 60
2781232 0 69
2782804 0 48
2784229 0 60
2785678 0 71
2787226 0 41
2788626 0 51
2790051 0 55
2791525 0 57
2792950 0 69
2794448 0 48
2795971 0 49
2797519 0 50
2798919 0 60
2800492 0 57
2802064 0 56
2803513 0 50
2805012 0 72
2806535 0 46
2807984 0 52
2809507 0 63
2811030 0 44
2812480 0 55
2813954 0 54
2815403 0 67
2816804 0 37
2818327 0 51
2819874 0 53
2821422 0 60
2822896 0 56
2824444 0 52
2825918 0 54
2827367 0 62
2828866 0 47
2830413 0 54
2831887 0 66
2833410 0 47
2834934 0 59
2836407 0 62
2837906 0 44
2839454 0 54
2841001 0 62
2842451 0 47
2843974 0 49
2845448 0 53
2846946 0 61
2848494 0 48
2849943 0 60
2851393 0 51
2852818 0 63
2854365 0 46
2855889 0 60
2857313 0 53
2858861 0 58
2860384 0 56
2861907 0 59
2863381 0 52
2864855 0 58
2866427 0 71
2867951 0 48
2869375 0 56
2870825 0 54
2872323 0 49
2873797 0 60
2875345 0 50
2876844 0 59
2878318 0 64
2879742 0 46
2881216 0 60
2882739 0 55
2884263 0 49
2885761 0 72
2887186 0 48
2888734 0 55
2890208 0 61
2891731 0 44
2893254 0 58
2894777 0 53
2896276 0 64
2897774 0 41
2899346 0 59
2900771 0 49
2902171 0 68
2903572 0 48
2905046 0 49
3041224 0 104
3042722 0 104
3044196 0 104
3045670 0 104
3047169 0 104
3048667 0 104
3050141 0 104
3051566 0 104
3053040 0 104
3054538 0 104
3056037 0 105
3057511 0 105
3059034 0 105
3060434 0 105
3061933 0 105
3063382 0 105
3064856 0 105
3066330 0 106
3067903 0 104
3069352 0 105
3070900 0 105
3072447 0 106
3073946 0 104
3075493 0 105
3076967 0 105
3078515 0 105
3079965 0 105
3081439 0 106
3082937 0 104
3084362 0 105
3085787 0 105
3087334 0 105
3088759 0 106
3090233 0 104
3091781 0 105
3093181 0 105
3094729 0 106
3096252 0 104
3097652 0 105
3099175 0 105
3100674 0 106
3102197 0 104
3103720 0 105
3105194 0 105
3106644 0 105
3108093 0 105
3109493 0 105
3110918 0 105
3112441 0 105
3113891 0 106
3115365 0 104
3116863 0 105
3118362 0 105
3119811 0 105
3121285 0 106
3122759 0 104
3124184 0 105
3125732 0 105
3127230 0 105
3128778 0 106
3130301 0 104
3131824 0 105
3133298 0 106
3134772 0 104
3136221 0 105
3137744 0 106
3139169 0 104
3140594 0 105
3142093 0 106
3143567 0 104
3145114 0 105
3146539 0 105
3147964 0 106
3149438 0 104
3150912 0 105
3152410 0 105
3153811 0 105
3155309 0 105
3156759 0 105
3158233 0 106
3159658 0 104
3161107 0 105
3162507 0 106
3163957 0 104
3165480 0 105
3166929 0 106
3168452 0 104
3169853 0 105
3171400 0 106
3172850 0 104
3174250 0 105
3175699 0 105
3177247 0 105
3178672 0 105
3180146 0 105
3181571 0 106
3182996 0 104
3184445 0 105
3185894 0 105
3187344 0 106
3188867 0 104
3190365 0 105
3191790 0 105
3193338 0 106
3194886 0 104
3196310 0 105
3197760 0 105
3199258 0 105
3200781 0 105
3202280 0 105
3203705 0 106
3205277 0 104
3206751 0 105
3208323 0 106
3209797 0 104
3211198 0 105
3212647 0 105
3214220 0 106
3215644 0 104
3217167 0 105
3218567 0 105
3220091 0 105
3221565 0 105
3223039 0 106
3224562 0 104
3226060 0 105
3227485 0 105
3228984 0 106
3230507 0 104
3232005 0 105
3233479 0 105
3235002 0 105
3236452 0 105
3237901 0 105
3239375 0 106
3240947 0 104
3242372 0 105
3243895 0 105
3245418 0 105
3246868 0 105
3248317 0 105
3249816 0 106
3251265 0 104
3252788 0 105
3254262 0 105
3255736 0 105
3257259 0 106
3258684 0 104
3260084 0 105
3261632 0 105
3263180 0 105
3264654 0 105
3266128 0 105
3267553 0 106
3269076 0 104
3270574 0 105
3272048 0 106
3273571 0 104
3275119 0 105
3276618 0 106
3278141 0 104
3279615 0 105
3281040 0 105
3282538 0 105
3283963 0 106
3285486 0 104
3287034 0 105
3288557 0 106
3290055 0 104
3291529 0 105
3293077 0 105
3294600 0 105
3296099 0 105
3297524 0 106
3299071 0 104
3300594 0 105
3302019 0 105
3303469 0 106
3305016 0 104
3306416 0 105
3307915 0 105
3309438 0 105
3310888 0 106
3312386 0 104
3313934 0 105
3315408 0 106
3316906 0 104
3318380 0 105
3319879 0 106
3321451 0 104
3322999 0 105
3324546 0 106
3326094 0 104
3327568 0 105
3329116 0 105
3330663 0 105
3332088 0 105
3333587 0 106
3335036 0 104
3336559 0 105
3338107 0 105
3339556 0 105
3341030 0 105
3342504 0 105
3343929 0 106
3345329 0 104
3346803 0 105
3348277 0 105
3349801 0 105
3351250 0 105
3352724 0 105
3354173 0 105
3355647 0 106
3357195 0 104
3358743 0 105
3360217 0 106
3361641 0 104
3363091 0 105
3364614 0 106
3366063 0 104
3367562 0 105
3368962 0 105
3370461 0 105
3371984 0 106
3373532 0 104
3375055 0 105
3376480 0 106
3378052 0 104
3379501 0 105
3381049 0 105
3382498 0 105
3384021 0 105
3385446 0 105
3386969 0 105
3388419 0 105
3389917 0 106
3391465 0 104
3392939 0 105
3394487 0 106
3395911 0 104
3397459 0 105
3398958 0 105
3400432 0 105
3402004 0 105
3403453 0 105
3404854 0 105
3406352 0 106
3407802 0 104
3409276 0 105
3410774 0 105
3412322 0 105
3413747 0 106
3415171 0 104
3416621 0 105
3418046 0 105
3419520 0 105
3421067 0 105
3422541 0 105
3424015 0 105
3425563 0 106
3427037 0 104
3428585 0 105
3430009 0 106
3431410 0 104
3432835 0 105
3434333 0 106
3435905 0 104
3437355 0 105
3438878 0 105
3440303 0 105
3441826 0 106
3443324 0 104
3444774 0 105
3446248 0 105
3447795 0 106
3449294 0 104
3450719 0 105
3452242 0 105
3453716 0 106
3455264 0 104
3456664 0 105
3458162 0 105
3459636 0 105
3461184 0 106
3462756 0 104
3464304 0 105
3465852 0 105
3467399 0 105
3468947 0 105
3470495 0 105
3472042 0 105
3473443 0 106
3474990 0 104
3476538 0 105
3478036 0 106
3479461 0 104
3480960 0 105
3482360 0 106
3483883 0 104
3485333 0 105
3486782 0 105
3488207 0 106
3489755 0 104
3491302 0 105
3492850 0 106
3494349 0 104
3495773 0 105
3497321 0 105
3498820 0 105
3500244 0 106
3501792 0 104
3503340 0 105
3504789 0 105
3506239 0 105
3507811 0 105
3509359 0 105
3510857 0 106
3512405 0 104
3513952 0 105
3515476 0 105
3516974 0 105
3518497 0 105
3520020 0 105
3521494 0 106
3522895 0 104
3524393 0 105
3525941 0 105
3527415 0 105
3528889 0 105
3530314 0 106
3531837 0 104
3533311 0 105
3534883 0 105
3536357 0 105
3537806 0 106
3539378 0 104
3540852 0 105
3542326 0 106
3543776 0 104
3545324 0 105
3546798 0 105
3548198 0 105
3549696 0 106
3551269 0 104
3552669 0 105
3554192 0 105
3555617 0 105
3557115 0 105
3558663 0 105
3560162 0 105
3561586 0 106
3563085 0 104
3564608 0 105
3566008 0 106
3567507 0 104
3569005 0 105
3570455 0 105
3572003 0 105
3573476 0 105
3574901 0 105
3576375 0 105
3577923 0 106
3579422 0 104
3580969 0 105
3582419 0 106
3583844 0 104
3585268 0 105
3586718 0 105
3588192 0 105
3589617 0 106
3591115 0 104
3592638 0 105
3594088 0 105
3595512 0 106
3596937 0 104
3598362 0 105
3599836 0 106
3601359 0 104
3602784 0 105
3604283 0 105
3605757 0 105
3607231 0 105
3608655 0 105
3610080 0 106
3611530 0 104
3613004 0 105
3614527 0 105
3616001 0 105
3617450 0 105
3618924 0 106
3620447 0 104
3621970 0 105
3623518 0 105
3624992 0 105
3626417 0 105
3627964 0 105
3629463 0 105
3630912 0 106
3632411 0 104
3633910 0 105
3635359 0 105
3636857 0 105
3638381 0 105
3639805 0 106
3641279 0 104
3642704 0 105
3644129 0 106
3645628 0 104
3647200 0 105
3648699 0 106
3650246 0 104
3651745 0 105
3653292 0 105
3654766 0 105
3656265 0 105
3657714 0 105
3659262 0 106
3660736 0 104
3662234 0 105
3663659 0 105
3665158 0 105
3666656 0 106
3668130 0 104
3669555 0 105
3671078 0 105
3672577 0 105
3674051 0 105
3675549 0 105
3676974 0 105
3678424 0 106
3679824 0 104
3681347 0 105
3682870 0 105
3684295 0 105
3685695 0 106
3687096 0 104
3688496 0 105
3689896 0 105
3691346 0 105
3692893 0 105
3694441 0 105
3695890 0 105
3697389 0 106
3698838 0 104
3700238 0 105
3701737 0 105
3703162 0 105
3704611 0 106
3706159 0 104
3707707 0 105
3709156 0 106
3710679 0 104
3712227 0 105
3713676 0 105
3715150 0 105
3716600 0 105
3718123 0 105
3719621 0 106
3721022 0 104
3722520 0 105
3723920 0 106
3725394 0 104
3726844 0 105
3728293 0 105
3729718 0 105
3731143 0 105
3732641 0 106
3734115 0 104
3735540 0 105
3737088 0 105
3738513 0 105
3740011 0 105
3741412 0 106
3742812 0 104
3744335 0 105
3745784 0 105
3747332 0 105
3748732 0 105
3750231 0 105
3751680 0 105
3753130 0 106
3754604 0 104
3756028 0 105
3757527 0 105
3758927 0 105
3760401 0 105
3761851 0 106
3763374 0 104
3764897 0 105
3766469 0 106
3767968 0 104
3769393 0 105
3770817 0 105
3772365 0 105
3773913 0 105
3775460 0 106
3776910 0 104
3778433 0 105
3779956 0 105
3781356 0 105
3782830 0 105
3784304 0 106
3785729 0 104
3787277 0 105
3788751 0 105
3790225 0 105
3791723 0 105
3793246 0 106
3794794 0 104
3796268 0 105
3797717 0 106
3799191 0 104
3800641 0 105
3802115 0 105
3803515 0 105
3804940 0 105
3806488 0 105
3807888 0 106
3809362 0 104
3810861 0 105
3812384 0 105
3813882 0 105
3815356 0 105
3816904 0 106
3818427 0 104
3819901 0 105
3821424 0 106
3822947 0 104
3824495 0 105
3826018 0 105
3827467 0 105
3828990 0 105
3830489 0 106
3831938 0 104
3833461 0 105
3835009 0 105
3836458 0 105
3837859 0 106
3839308 0 104
3840782 0 105
3842207 0 106
3843755 0 104
3845302 0 105
3846801 0 105
3848299 0 105
3849725 0 106
3851149 0 104
3852549 0 105
3854097 0 106
3855571 0 104
3857045 0 105
3858544 0 105
3859968 0 105
3861418 0 105
3862941 0 106
3864489 0 104
3865913 0 105
3867461 0 106
3868935 0 104
3870458 0 105
3871932 0 105
3873504 0 106
3875003 0 104
3876403 0 105
3877877 0 105
3879351 0 105
3880874 0 106
3882299 0 104
3883847 0 105
3885345 0 106
3886770 0 104
3888244 0 105
3889718 0 105
3891217 0 105
3892715 0 105
3894189 0 105
3895663 0 106
3897235 0 104
3898734 0 105
3900208 0 106
3901707 0 104
3903230 0 105
3904679 0 105
3906128 0 106
3907701 0 104
3909150 0 105
3910673 0 105
3912073 0 105
3913523 0 105
3914997 0 105
3916545 0 105
3918068 0 105
3919517 0 106
3920942 0 104
3922490 0 105
3923964 0 105
3925438 0 105
3926985 0 105
3928484 0 105
3930007 0 106
3931481 0 104
3932881 0 105
3934331 0 105
3935805 0 106
3937278 0 104
3938679 0 105
3940202 0 106
3941627 0 104
3943150 0 105
3944648 0 105
