70504 0 9
72052 0 12
73477 0 3
74926 0 3
76351 0 11
77825 0 11
79348 0 8
80798 0 3
82296 0 4
83770 0 7
85318 0 23
86816 0 14
88290 0 22
89789 0 18
91361 0 36
92884 0 3
94358 0 18
95832 0 15
97282 0 14
98731 0 21
100279 0 14
101679 0 33
103104 0 8
104602 0 18
106175 0 29
107673 0 10
109098 0 23
110646 0 18
112120 0 29
113545 0 8
115043 0 22
116566 0 16
118089 0 16
119588 0 15
121037 0 29
122511 0 10
124010 0 21
125508 0 34
127031 0 6
128579 0 19
130004 0 18
131478 0 15
133001 0 18
134450 0 23
135949 0 20
137472 0 35
138946 0 11
140371 0 20
141943 0 17
143491 0 13
144916 0 14
146365 0 20
147839 0 27
149362 0 9
150787 0 13
152335 0 32
153833 0 9
155258 0 24
156781 0 36
158230 0 10
159704 0 15
161252 0 21
162824 0 22
164372 0 34
165797 0 12
167197 0 17
168647 0 33
170219 0 10
171766 0 14
173240 0 17
174714 0 21
176262 0 29
177662 0 3
179136 0 16
180659 0 13
182158 0 14
183657 0 25
185204 0 2
186629 0 22
188177 0 31
189724 0 8
191248 0 16
192771 0 13
194245 0 18
195719 0 19
197193 0 18
198642 0 34
200091 0 6
201615 0 18
203187 0 21
204710 0 16
206159 0 22
207658 0 16
209107 0 34
210606 0 7
212178 0 21
213652 0 14
215101 0 18
216526 0 14
218074 0 16
219450 0 22
220899 0 34
222299 0 8
223822 0 15
225247 0 36
226746 0 12
228294 0 14
229694 0 18
231217 0 25
232666 0 11
234189 0 23
235688 0 32
237113 0 11
238587 0 13
240110 0 31
241535 0 11
242984 0 24
244458 0 13
245883 0 23
247381 0 14
248880 0 19
250329 0 23
251877 0 20
253400 0 35
254825 0 6
256397 0 24
257920 0 20
259419 0 14
260868 0 28
262318 0 12
263767 0 21
265241 0 21
266813 0 16
268189 0 34
269688 0 2
271211 0 18
272758 0 33
274232 0 12
275682 0 23
277180 0 16
278581 0 16
280005 0 19
281430 0 21
282978 0 17
284403 0 35
285852 0 10
287425 0 18
288948 0 28
290471 0 3
291969 0 20
293394 0 24
294942 0 16
296440 0 13
297890 0 21
299462 0 17
300911 0 27
302361 0 3
303786 0 19
305211 0 23
306684 0 21
308183 0 20
309682 0 34
311082 0 2
312630 0 21
314202 0 13
315725 0 21
317297 0 21
318820 0 16
320245 0 21
321817 0 17
323291 0 32
324716 0 5
326215 0 19
327713 0 22
329163 0 13
330637 0 33
332135 0 10
333609 0 24
335059 0 14
336557 0 15
338105 0 23
339677 0 31
341225 0 6
342699 0 24
344123 0 36
345647 0 9
347145 0 14
348570 0 27
350068 0 9
351567 0 16
353016 0 36
354466 0 8
356038 0 14
357488 0 16
358961 0 18
360386 0 17
361885 0 31
363433 0 9
364907 0 15
366380 0 36
367953 0 1
369353 0 22
370925 0 24
372399 0 20
373898 0 15
375323 0 25
376846 0 11
378369 0 16
379843 0 36
381390 0 1
382864 0 17
384289 0 34
385788 0 2
387262 0 14
388785 0 27
390234 0 2
391733 0 20
393281 0 28
394804 0 4
396327 0 18
397825 0 31
399373 0 5
400798 0 17
402272 0 15
403795 0 18
405367 0 31
406939 0 8
408413 0 20
409961 0 22
411435 0 20
412983 0 33
414481 0 10
416004 0 19
417577 0 22
419051 0 13
420475 0 23
421999 0 15
423546 0 25
425118 0 6
426592 0 19
428140 0 20
429737 0 22
431309 0 17
432783 0 36
434306 0 7
435805 0 24
437254 0 35
438679 0 5
440128 0 15
441652 0 27
443052 0 3
444575 0 21
446049 0 34
447572 0 2
449046 0 17
450594 0 35
452141 0 7
453640 0 21
455212 0 28
456711 0 12
458234 0 20
459806 0 15
461255 0 17
462656 0 29
464081 0 9
465604 0 18
467127 0 19
468699 0 23
470173 0 30
471573 0 6
473047 0 24
474546 0 19
476094 0 32
477567 0 7
479091 0 18
480515 0 18
482088 0 36
483586 0 4
485109 0 23
486559 0 30
488008 0 5
489507 0 18
491030 0 22
492577 0 23
494002 0 16
495403 0 14
496852 0 33
498424 0 10
499972 0 23
501446 0 21
502920 0 13
504345 0 35
505745 0 11
507194 0 22
508717 0 16
510241 0 20
511690 0 16
513164 0 16
514564 0 35
515989 0 5
517512 0 18
518962 0 24
520509 0 14
521934 0 17
523457 0 24
524980 0 29
526381 0 9
527830 0 16
529230 0 21
530803 0 16
532326 0 13
533726 0 15
535274 0 24
536772 0 36
538271 0 7
539769 0 17
541194 0 20
542644 0 20
544093 0 32
545493 0 11
547041 0 21
548539 0 29
550038 0 4
551438 0 20
552961 0 32
554411 0 2
555909 0 15
557359 0 21
558931 0 21
560454 0 20
562051 0 16
563500 0 16
564876 0 15
566375 0 32
567873 0 5
569372 0 13
570821 0 13
572369 0 29
573867 0 1
575317 0 24
576840 0 32
578314 0 2
579812 0 20
581335 0 31
582883 0 6
584406 0 21
585978 0 18
587477 0 16
588853 0 22
590302 0 24
591801 0 30
593201 0 7
594626 0 15
596075 0 34
597500 0 11
598974 0 22
600546 0 16
602020 0 17
603445 0 18
604993 0 14
606393 0 28
607916 0 1
609365 0 15
610766 0 20
612338 0 19
613787 0 22
615261 0 17
616760 0 29
618160 0 3
619683 0 18
621133 0 16
622533 0 18
624007 0 14
625456 0 28
627004 0 1
628453 0 23
629903 0 24
631426 0 16
632875 0 18
634300 0 28
635701 0 4
637175 0 20
638722 0 21
640245 0 19
641695 0 21
643120 0 15
644643 0 33
646067 0 1
647591 0 16
649015 0 16
650489 0 21
651939 0 13
653339 0 14
654813 0 28
656263 0 2
657663 0 17
659161 0 21
660611 0 34
662109 0 1
663608 0 24
665131 0 30
666629 0 1
668177 0 20
669700 0 17
671248 0 19
672673 0 16
674122 0 23
675596 0 19
677095 0 32
678520 0 4
679994 0 13
681443 0 22
682917 0 20
684440 0 30
685840 0 9
687363 0 20
688837 0 26
690311 0 10
691884 0 21
693308 0 19
694856 0 13
696379 0 19
697804 0 23
699229 0 18
700678 0 20
702152 0 35
703577 0 2
705027 0 13
706427 0 17
707925 0 24
709375 0 16
710898 0 15
712446 0 17
713920 0 31
715418 0 10
716892 0 20
718440 0 18
719963 0 14
721363 0 25
722886 0 12
724311 0 16
725736 0 15
727234 0 14
728782 0 15
730207 0 14
731730 0 18
733204 0 22
734629 0 35
736103 0 4
737552 0 22
739100 0 28
740525 0 8
742122 0 24
743669 0 18
745217 0 15
746765 0 33
748288 0 4
749688 0 24
751088 0 27
752587 0 4
753987 0 16
755461 0 24
756861 0 24
758409 0 19
759834 0 16
761308 0 17
762733 0 35
764207 0 2
765607 0 20
767179 0 13
768604 0 25
770127 0 6
771626 0 21
773198 0 31
774696 0 3
776121 0 24
777595 0 29
779118 0 11
780568 0 16
781944 0 18
783491 0 13
785039 0 29
786562 0 8
788085 0 22
789633 0 14
791107 0 24
792630 0 31
794079 0 2
795627 0 16
797003 0 33
798428 0 12
799852 0 16
801277 0 18
802825 0 20
804397 0 14
805797 0 20
807271 0 27
808819 0 10
810416 0 13
811841 0 22
813315 0 14
814862 0 22
816361 0 36
817835 0 2
819284 0 14
820783 0 14
822159 0 18
823731 0 14
825229 0 19
826752 0 15
828276 0 29
829750 0 5
831297 0 17
832747 0 19
834245 0 36
835695 0 7
837193 0 21
838692 0 13
840215 0 23
841689 0 32
843138 0 11
844588 0 19
846160 0 20
847757 0 36
849206 0 12
850655 0 21
852228 0 23
853751 0 30
855151 0 4
856625 0 13
858050 0 19
859548 0 14
861072 0 27
862619 0 10
864044 0 14
865518 0 26
866992 0 7
868466 0 14
869915 0 15
871365 0 17
872790 0 16
874264 0 13
875713 0 27
877113 0 1
878636 0 24
880037 0 23
881535 0 14
883009 0 17
884557 0 24
885957 0 18
887431 0 34
888979 0 5
890526 0 18
892099 0 33
893646 0 2
895047 0 24
896570 0 28
898068 0 5
899542 0 24
900992 0 25
902515 0 8
904112 0 17
905635 0 20
907232 0 22
908705 0 14
910179 0 21
911703 0 29
913250 0 12
914700 0 16
916174 0 13
917672 0 24
919097 0 19
920522 0 17
922070 0 26
923470 0 6
924993 0 14
926442 0 23
927892 0 22
929390 0 19
930914 0 19
932338 0 16
933861 0 35
935311 0 3
936736 0 19
938308 0 23
939782 0 22
941256 0 14
942754 0 35
944179 0 8
945776 0 15
947324 0 28
948896 0 4
950272 0 23
951672 0 36
953097 0 8
954644 0 13
956143 0 33
957715 0 3
959115 0 24
960663 0 18
962211 0 27
963758 0 11
965306 0 14
966829 0 22
968279 0 20
969728 0 14
971251 0 27
972652 0 3
974052 0 14
975526 0 14
992185 0 101
993708 0 101
995133 0 101
996681 0 101
998155 0 101
999604 0 101
1001078 0 101
1002503 0 101
1003903 0 101
1005328 0 101
1006728 0 102
1008251 0 102
1009799 0 103
1011273 0 101
1012673 0 102
1014221 0 102
1015621 0 103
1017046 0 101
1018446 0 102
1019945 0 102
1021345 0 103
1022819 0 101
1024318 0 102
1025792 0 102
1027266 0 102
1028690 0 103
1030214 0 101
1031663 0 102
1033186 0 102
1034660 0 102
1036060 0 103
1037559 0 101
1039008 0 102
1040507 0 102
1041956 0 102
1043455 0 102
1045002 0 103
1046427 0 101
1047828 0 102
1049252 0 103
1050726 0 101
1052151 0 102
1053551 0 102
1055050 0 102
1056450 0 103
1057900 0 101
1059423 0 102
1060970 0 103
1062469 0 101
1063894 0 102
1065392 0 103
1066817 0 101
1068218 0 102
1069765 0 102
1071215 0 102
1072762 0 103
1074285 0 101
1075809 0 102
1077258 0 103
1078781 0 101
1080181 0 102
1081729 0 103
1083277 0 101
1084775 0 102
1086225 0 103
1087699 0 101
1089099 0 102
1090622 0 102
1092170 0 102
1093693 0 102
1095240 0 102
1096764 0 103
1098311 0 101
1099834 0 102
1101308 0 103
1102807 0 101
1104305 0 102
1105730 0 102
1107180 0 102
1108703 0 102
1110177 0 102
1111700 0 103
1113174 0 101
1114721 0 102
1116220 0 102
1117694 0 102
1119094 0 102
1120593 0 103
1122018 0 101
1123443 0 102
1124867 0 103
1126341 0 101
1127742 0 102
1129142 0 102
1130665 0 102
1132213 0 102
1133638 0 102
1135111 0 103
1136585 0 101
1138010 0 102
1139509 0 102
1140983 0 102
1142457 0 103
1143882 0 101
1145405 0 102
1146928 0 102
1148402 0 102
1149851 0 103
1151350 0 101
1152897 0 102
1154396 0 102
1155895 0 102
1157393 0 102
1158916 0 102
1160390 0 103
1161840 0 101
1163363 0 102
1164837 0 102
1166286 0 102
1167735 0 102
1169234 0 103
1170733 0 101
1172133 0 102
1173582 0 103
1175056 0 101
1176604 0 102
1178004 0 102
1179527 0 102
1181050 0 103
1182549 0 101
1183998 0 102
1185521 0 102
1187020 0 102
1188445 0 102
1189993 0 103
1191491 0 101
1192965 0 102
1194439 0 102
1195839 0 102
1197338 0 103
1198886 0 101
1200310 0 102
1201833 0 103
1203307 0 101
1204732 0 102
1206231 0 102
1207631 0 103
1209081 0 101
1210555 0 102
1211979 0 102
1213404 0 102
1214829 0 102
1216229 0 103
1217802 0 101
1219276 0 102
1220676 0 102
1222150 0 102
1223648 0 102
1225196 0 102
1226596 0 102
1228095 0 103
1229544 0 101
1230969 0 102
1232468 0 103
1233892 0 101
1235293 0 102
1236718 0 102
1238241 0 102
1239715 0 102
1241189 0 102
1242736 0 103
1244210 0 101
1245660 0 102
1247109 0 102
1248608 0 102
1250008 0 102
1251506 0 102
1253005 0 103
1254577 0 101
1256002 0 102
1257501 0 102
1258950 0 102
1260399 0 102
1261898 0 102
1263323 0 103
1264895 0 101
1266443 0 102
1267966 0 102
1269440 0 102
1270840 0 102
1272290 0 102
1273714 0 103
1275237 0 101
1276687 0 102
1278112 0 102
1279512 0 102
1281011 0 103
1282509 0 101
1283983 0 102
1285432 0 103
1286906 0 101
1288430 0 102
1289830 0 102
1291304 0 102
1292802 0 102
1294252 0 103
1295701 0 101
1297175 0 102
1298698 0 102
1300221 0 102
1301720 0 102
1303120 0 102
1304520 0 102
1305994 0 103
1307493 0 101
1308992 0 102
1310392 0 102
1311939 0 103
1313463 0 101
1315010 0 102
1316558 0 103
1318081 0 101
1319530 0 102
1320955 0 103
1322405 0 101
1323952 0 102
1325377 0 102
1326827 0 103
1328350 0 101
1329824 0 102
1331347 0 102
1332747 0 103
1334319 0 101
1335842 0 102
1337243 0 102
1338643 0 102
1340117 0 103
1341616 0 101
1343040 0 102
1344539 0 102
1346087 0 102
1347536 0 102
1348936 0 103
1350509 0 101
1351958 0 102
1353456 0 102
1354955 0 103
1356478 0 101
1357903 0 102
1359352 0 103
1360900 0 101
1362448 0 102
1363922 0 103
1365469 0 101
1366919 0 102
1368319 0 103
1369793 0 101
1371292 0 102
1372692 0 102
1374240 0 102
1375787 0 102
1377237 0 102
1378637 0 102
1380111 0 103
1381659 0 101
1383206 0 102
1384631 0 102
1386031 0 102
1387530 0 102
1389078 0 103
1390625 0 101
1392050 0 102
1393450 0 102
1394998 0 102
1396398 0 103
1397971 0 101
1399395 0 102
1400820 0 102
1402343 0 103
1403793 0 101
1405267 0 102
1406765 0 103
1408288 0 101
1409689 0 102
1411236 0 102
1412686 0 103
1414233 0 101
1415683 0 102
1417231 0 103
1418778 0 101
1420252 0 102
1421726 0 102
1423151 0 102
1424551 0 103
1426124 0 101
1427573 0 102
1428998 0 102
1430447 0 102
1431897 0 102
1433420 0 102
1434918 0 102
1436343 0 103
1437768 0 101
1439266 0 102
1440740 0 103
1442239 0 101
1443787 0 102
1445236 0 103
1446735 0 101
1448184 0 102
1449683 0 102
1451206 0 102
1452704 0 102
1454227 0 103
1455775 0 101
1457274 0 102
1458748 0 102
1460295 0 102
1461818 0 102
1463317 0 103
1464815 0 101
1466240 0 102
1467763 0 103
1469237 0 101
1470711 0 102
1472210 0 103
1473684 0 101
1475158 0 102
1476607 0 102
1478130 0 102
1479653 0 102
1481103 0 103
1482601 0 101
1484002 0 102
1485402 0 102
1486827 0 103
1488350 0 101
1489799 0 102
1491347 0 103
1492870 0 101
1494393 0 102
1495892 0 103
1497415 0 101
1498913 0 102
1500363 0 102
1501886 0 103
1503335 0 101
1504883 0 102
1506431 0 102
1507929 0 102
1509329 0 102
1510803 0 102
1512228 0 102
1513751 0 102
1515299 0 103
1516773 0 101
1518173 0 102
1519672 0 102
1521170 0 102
1522718 0 102
1524143 0 102
1525666 0 102
1527214 0 102
1528663 0 103
1530235 0 101
1531709 0 102
1533232 0 102
1534780 0 102
1536303 0 102
1537802 0 102
1539227 0 102
1540725 0 103
1542273 0 101
1543796 0 102
1545270 0 102
1546719 0 102
1548267 0 102
1549692 0 103
1551239 0 101
1552738 0 102
1554237 0 102
1555784 0 103
1557332 0 101
1558880 0 102
1560329 0 103
1561803 0 101
1563351 0 102
1564898 0 102
1566421 0 102
1567945 0 102
1569394 0 102
1570819 0 102
1572317 0 103
1573890 0 101
1575437 0 102
1576911 0 103
1578361 0 101
1579884 0 102
1581358 0 102
1582758 0 102
1584183 0 102
1585657 0 103
1587155 0 101
1588580 0 102
1590079 0 102
1591504 0 103
1593027 0 101
1594525 0 102
1595999 0 103
1597424 0 101
1598873 0 102
1600323 0 102
1601846 0 102
1603345 0 102
1604769 0 103
1606194 0 101
1607693 0 102
1609142 0 102
1610592 0 103
1612090 0 101
1613613 0 102
1615112 0 102
1616610 0 102
1618109 0 102
1619607 0 102
1621057 0 102
1622506 0 103
1624054 0 101
1625479 0 102
1627026 0 102
1628451 0 103
1629974 0 101
1631497 0 102
1632947 0 103
1634421 0 101
1635870 0 102
1637295 0 102
1638794 0 102
1640243 0 102
1641742 0 103
1643191 0 101
1644739 0 102
1646262 0 102
1647662 0 102
1649210 0 103
1650684 0 101
1652084 0 102
1653607 0 102
1655155 0 102
1656678 0 102
1658103 0 103
1659626 0 101
1661124 0 102
1662525 0 102
1664072 0 102
1665595 0 103
1667020 0 101
1668494 0 102
1670042 0 103
1671467 0 101
1672965 0 102
1674488 0 103
1676061 0 101
1677535 0 102
1679033 0 102
1680433 0 102
1681907 0 102
1683357 0 102
1684905 0 102
1686403 0 103
1687902 0 101
1689302 0 102
1690776 0 102
1692225 0 102
1693650 0 102
1695173 0 103
1696696 0 101
1698121 0 102
1699546 0 103
1701020 0 101
1702445 0 102
1703845 0 103
1705368 0 101
1706818 0 102
1708267 0 102
1709692 0 102
1711141 0 102
1712640 0 102
1714114 0 102
1715612 0 103
1717160 0 101
1718683 0 102
1720108 0 102
1721631 0 102
1723081 0 102
1724628 0 102
1726176 0 102
1727601 0 103
1729124 0 101
1730647 0 102
1732146 0 102
1733693 0 102
1735167 0 102
1736666 0 102
1738213 0 102
1739712 0 103
1741161 0 101
1742586 0 102
1744109 0 103
1745583 0 101
1747008 0 102
1748507 0 102
1749907 0 103
1751356 0 101
1752757 0 102
1754206 0 102
1755680 0 102
1757080 0 102
1758505 0 102
1760028 0 103
1761453 0 101
1763001 0 102
1764475 0 103
1765998 0 101
1767398 0 102
1768897 0 102
1770297 0 102
1771746 0 103
1773245 0 101
1774793 0 102
1776217 0 102
1777716 0 103
1779141 0 101
1780590 0 102
1782113 0 102
1783538 0 102
1785037 0 102
1786437 0 103
1787886 0 101
1789360 0 102
1790761 0 102
1792161 0 102
1793635 0 102
1795060 0 103
1796607 0 101
1798131 0 102
1799604 0 102
1801054 0 102
1802479 0 102
1803977 0 103
1805451 0 101
1806876 0 102
1808399 0 102
1809799 0 102
1811224 0 102
1812698 0 103
1814148 0 101
1815573 0 102
1816997 0 102
1818422 0 102
1819822 0 103
1821346 0 101
1822770 0 102
1824244 0 102
1825669 0 102
1827192 0 102
1828593 0 102
1829993 0 102
1831442 0 102
1832843 0 103
1834415 0 101
1835815 0 102
1837314 0 102
1838788 0 102
1840311 0 102
1841809 0 103
1843234 0 101
1844684 0 102
1846084 0 102
1847484 0 102
1848909 0 102
1850457 0 103
1852029 0 101
1853577 0 102
1855051 0 102
1856451 0 102
1857851 0 103
1859399 0 101
1860946 0 102
1862347 0 102
1863796 0 102
1865270 0 103
1866720 0 101
1868267 0 102
1869790 0 102
1871264 0 102
1872812 0 102
1874310 0 103
1875858 0 101
1877308 0 102
1878732 0 102
1880157 0 102
1881558 0 102
1883081 0 103
1884555 0 101
1886004 0 102
1887404 0 103
1888903 0 101
1890328 0 102
1891728 0 102
1910745 0 39
1912194 0 40
1913742 0 41
1915191 0 44
1916739 0 45
1918262 0 46
1919736 0 41
1921161 0 37
1922610 0 47
1924084 0 42
1925558 0 49
1927106 0 60
1928580 0 67
1930054 0 46
1931601 0 56
1933125 0 65
1934697 0 37
1936195 0 55
1937620 0 51
1939094 0 57
1940666 0 58
1942140 0 51
1943565 0 69
1945039 0 39
1946611 0 51
1948110 0 54
1949658 0 56
1951181 0 55
1952728 0 60
1954202 0 71
1955627 0 39
1957150 0 56
1958624 0 57
1960197 0 57
1961671 0 70
1963095 0 37
1964545 0 55
1966117 0 60
1967665 0 63
1969163 0 48
1970564 0 56
1972062 0 57
1973634 0 59
1975108 0 61
1976631 0 37
1978179 0 59
1979727 0 58
1981176 0 54
1982724 0 49
1984247 0 72
1985696 0 43
1987121 0 54
1988693 0 50
1990241 0 54
1991740 0 52
1993238 0 54
1994663 0 65
1996088 0 41
1997513 0 60
1998962 0 60
2000461 0 50
2001886 0 50
2003384 0 69
2004932 0 42
2006406 0 54
2007953 0 55
2009477 0 57
2010926 0 59
2012424 0 61
2013899 0 39
2015323 0 52
2016822 0 66
2018320 0 40
2019745 0 51
2021293 0 52
2022865 0 52
2024265 0 58
2025715 0 66
2027189 0 47
2028663 0 56
2030161 0 54
2031660 0 66
2033109 0 40
2034682 0 52
2036205 0 51
2037728 0 59
2039128 0 62
2040676 0 47
2042150 0 51
2043599 0 52
2045122 0 52
2046645 0 56
2048095 0 49
2049544 0 53
2050994 0 62
2052394 0 47
2053917 0 49
2055440 0 65
2056963 0 40
2058413 0 49
2059837 0 71
2061287 0 42
2062736 0 59
2064308 0 68
2065807 0 45
2067256 0 56
2068657 0 60
2070082 0 69
2071629 0 46
2073152 0 50
2074577 0 72
2076100 0 41
2077550 0 55
2079097 0 49
2080596 0 59
2082119 0 51
2083667 0 61
2085067 0 44
2086492 0 51
2087941 0 52
2089415 0 72
2090865 0 47
2092314 0 57
2093788 0 68
2095213 0 39
2096785 0 57
2098357 0 68
2099782 0 37
2101305 0 60
2102853 0 66
2104302 0 42
2105825 0 49
2107275 0 56
2108773 0 51
2110272 0 50
2111697 0 68
2113146 0 38
2114546 0 60
2116020 0 52
2117593 0 53
2119116 0 52
2120516 0 50
2121941 0 55
2123390 0 67
2124938 0 46
2126387 0 57
2127911 0 60
2129384 0 59
2130883 0 70
2132406 0 41
2133954 0 59
2135379 0 58
2136951 0 53
2138376 0 58
2139825 0 72
2141299 0 45
2142847 0 51
2144419 0 59
2145844 0 50
2147342 0 55
2148816 0 54
2150315 0 63
2151838 0 39
2153287 0 52
2154835 0 55
2156285 0 58
2157857 0 61
2159355 0 42
2160903 0 51
2162303 0 69
2163851 0 39
2165374 0 53
2166823 0 59
2168297 0 61
2169796 0 40
2171245 0 49
2172793 0 52
2174218 0 51
2175667 0 57
2177141 0 69
2178714 0 47
2180163 0 59
2181637 0 62
2183062 0 46
2184585 0 54
2185985 0 67
2187508 0 47
2189007 0 50
2190530 0 66
2192053 0 37
2193601 0 54
2195148 0 59
2196696 0 59
2198268 0 67
2199718 0 45
2201315 0 57
2202838 0 56
2204262 0 62
2205712 0 46
2207235 0 54
2208660 0 67
2210109 0 38
2211608 0 60
2213106 0 58
2214629 0 71
2216103 0 38
2217651 0 54
2219051 0 55
2220476 0 55
2221999 0 51
2223547 0 62
2224996 0 45
2226495 0 58
2227944 0 68
2229492 0 37
2230941 0 52
2232415 0 59
2233963 0 55
2235511 0 55
2237034 0 49
2238532 0 51
2240105 0 64
2241677 0 44
2243151 0 56
2244625 0 53
2246099 0 56
2247622 0 54
2249047 0 49
2250619 0 59
2252044 0 63
2253616 0 48
2255090 0 60
2256515 0 53
2257989 0 55
2259438 0 60
2260961 0 66
2262435 0 47
2263836 0 58
2265285 0 69
2266808 0 38
2268282 0 57
2269805 0 60
2271279 0 49
2272778 0 52
2274301 0 56
2275849 0 61
2277347 0 43
2278919 0 59
2280442 0 63
2281966 0 39
2283538 0 54
2285061 0 69
2286609 0 38
2288033 0 56
2289532 0 60
2290957 0 56
2292480 0 59
2293954 0 51
2295354 0 62
2296754 0 46
2298351 0 57
2299825 0 52
2301275 0 62
2302749 0 47
2304272 0 53
2305819 0 57
2307244 0 58
2308669 0 54
2310192 0 51
2311691 0 52
2313263 0 64
2314762 0 39
2316309 0 57
2317881 0 56
2319429 0 59
2320928 0 64
2322451 0 47
2323998 0 53
2325448 0 49
2326946 0 67
2328420 0 40
2329968 0 49
2331442 0 60
2332965 0 56
2334537 0 56
2335938 0 54
2337461 0 71
2338984 0 41
2340507 0 53
2342055 0 55
2343529 0 51
2345027 0 60
2346599 0 62
2348049 0 48
2349597 0 58
2351095 0 60
2352495 0 58
2354068 0 54
2355615 0 65
2357065 0 41
2358489 0 50
2360037 0 59
2361511 0 59
2363083 0 57
2364557 0 60
2366031 0 66
2367456 0 45
2369004 0 53
2370552 0 50
2372001 0 52
2373524 0 55
2375072 0 68
2376497 0 38
2377995 0 58
2379445 0 60
2380869 0 58
2382368 0 53
2383817 0 71
2385267 0 45
2386716 0 57
2388141 0 57
2389615 0 50
2391163 0 55
2392661 0 49
2394135 0 72
2395658 0 40
2397132 0 59
2398704 0 50
2400129 0 49
2401603 0 66
2403028 0 42
2404478 0 52
2406001 0 59
2407499 0 56
2408998 0 57
2410496 0 70
2412019 0 46
2413493 0 53
2414894 0 68
2416441 0 38
2417989 0 57
2419537 0 63
2421084 0 43
2422607 0 59
2424057 0 56
2425531 0 55
2426980 0 52
2428381 0 56
2429855 0 67
2431402 0 48
2432901 0 52
2434350 0 70
2435750 0 40
2437249 0 50
2438698 0 53
2440172 0 53
2441695 0 53
2443268 0 64
2444815 0 43
2446265 0 49
2447739 0 59
2449237 0 60
2450687 0 57
2452259 0 59
2453708 0 68
2455256 0 48
2456755 0 55
2458327 0 62
2459825 0 48
2461250 0 51
2462798 0 56
2464296 0 71
2465795 0 41
2467220 0 59
2468669 0 54
2470119 0 67
2471666 0 47
2473116 0 55
2474590 0 53
2476064 0 57
2477538 0 52
2478987 0 51
2480412 0 72
2481910 0 43
2483409 0 60
2484858 0 54
2486308 0 63
2487757 0 47
2489256 0 58
2490705 0 66
2492155 0 37
2493653 0 54
2495102 0 55
2496626 0 64
2498050 0 38
2499574 0 54
2501072 0 68
2502521 0 48
2503946 0 52
2505494 0 53
2506943 0 58
2508467 0 60
2509867 0 52
2511390 0 60
2512888 0 57
2514436 0 62
2515861 0 38
2517310 0 50
2518760 0 60
2520307 0 55
2521880 0 60
2523305 0 51
2524803 0 72
2526253 0 45
2527800 0 56
2529323 0 59
2530773 0 54
2532198 0 49
2533622 0 50
2535170 0 72
2536693 0 44
2538118 0 55
2539666 0 70
2541189 0 42
2542712 0 51
2544161 0 51
2545586 0 62
2547011 0 48
2548510 0 51
2549910 0 53
2551408 0 67
2552956 0 47
2554504 0 51
2556027 0 50
2557550 0 55
2558999 0 68
2560449 0 39
2561923 0 60
2563372 0 65
2564772 0 40
2566271 0 54
2567671 0 58
2569194 0 56
2570619 0 53
2572044 0 57
2573543 0 68
2575017 0 37
2576540 0 55
2578112 0 65
2579610 0 44
2581035 0 52
2582460 0 60
2583983 0 60
2585506 0 57
2586956 0 51
2588430 0 50
2589928 0 69
2591427 0 48
2592950 0 51
2594375 0 58
2595873 0 67
2597396 0 40
2598870 0 58
2600418 0 61
2601818 0 42
2603317 0 55
2604742 0 57
2606289 0 57
2607862 0 50
2609409 0 58
2610957 0 72
2612456 0 43
2614003 0 53
2615453 0 65
2616902 0 37
2618327 0 56
2619899 0 50
2621422 0 50
2622896 0 58
2624468 0 54
2626016 0 61
2627441 0 38
2628939 0 50
2630487 0 51
2631986 0 57
2633411 0 49
2634909 0 49
2636359 0 68
2637783 0 37
2639307 0 58
2640879 0 66
2642377 0 47
2643802 0 59
2645301 0 51
2646824 0 57
2648273 0 51
2649821 0 71
2651319 0 43
2652842 0 54
2654292 0 70
2655692 0 39
2657191 0 60
2658738 0 49
2660163 0 53
2661613 0 56
2663185 0 56
2664659 0 63
2666207 0 48
2667680 0 56
2669130 0 64
2670555 0 47
2672029 0 50
2673503 0 61
2674903 0 47
2676377 0 59
2677900 0 52
2679374 0 57
2680946 0 49
2682494 0 68
2683894 0 42
2685368 0 49
2686842 0 60
2688365 0 54
2689864 0 60
2691436 0 54
2692984 0 51
2694458 0 67
2696005 0 39
2697529 0 59
2699027 0 69
2700575 0 43
2702098 0 58
2703646 0 62
2705119 0 44
2706569 0 53
2708043 0 51
2709566 0 55
2711089 0 66
2712563 0 46
2714037 0 51
2715585 0 60
2717034 0 49
2718557 0 72
2719958 0 37
2721505 0 60
2723028 0 54
2724551 0 58
2726001 0 54
2727524 0 55
2729022 0 67
2730521 0 40
2732020 0 56
2733518 0 55
2735066 0 67
2736589 0 41
2738014 0 56
2739414 0 52
2740913 0 55
2742460 0 55
2743910 0 56
2745384 0 63
2746833 0 39
2748258 0 56
2749781 0 51
2751255 0 51
2752680 0 54
2754178 0 58
2755701 0 72
2757175 0 46
2758649 0 49
2760197 0 72
2761720 0 43
2763145 0 51
2764717 0 58
2766265 0 55
2767690 0 68
2769090 0 45
2770515 0 53
2772038 0 64
2773487 0 38
2775035 0 52
2776558 0 53
2778130 0 57
2779703 0 64
2781127 0 39
2782552 0 53
2783977 0 53
2785402 0 56
2786925 0 50
2788473 0 66
2789947 0 44
2791470 0 59
2793018 0 52
2794565 0 55
2796015 0 57
2797513 0 59
2799085 0 53
2800510 0 52
2802009 0 68
2803532 0 38
2805006 0 58
2806603 0 56
2808077 0 54
2809575 0 57
2811049 0 62
2812474 0 40
2814046 0 52
2815520 0 70
2817019 0 37
2818493 0 59
2834922 0 104
2836445 0 104
2837846 0 104
2839344 0 104
2840843 0 104
2842366 0 104
2843889 0 104
2845338 0 104
2846763 0 104
2848237 0 104
2849711 0 105
2851234 0 105
2852733 0 106
2854133 0 104
2855681 0 105
2857155 0 105
2858604 0 105
2860078 0 105
2861528 0 106
2862977 0 104
2864451 0 105
2866023 0 105
2867497 0 106
2869045 0 104
2870593 0 105
2871993 0 105
2873467 0 105
2874916 0 105
2876439 0 106
2877962 0 104
2879387 0 105
2880837 0 106
2882262 0 104
2883711 0 105
2885210 0 105
2886733 0 106
2888158 0 104
2889582 0 105
2890983 0 105
2892383 0 105
2893881 0 105
2895306 0 105
2896854 0 106
2898328 0 104
2899876 0 105
2901276 0 106
2902824 0 104
2904298 0 105
2905698 0 105
2907245 0 106
2908719 0 104
2910169 0 105
2911594 0 105
2913141 0 106
2914591 0 104
2916065 0 105
2917563 0 106
2919136 0 104
2920536 0 105
2922034 0 106
2923459 0 104
2924884 0 105
2926358 0 105
2927906 0 105
2929453 0 106
2930878 0 104
2932278 0 105
2933826 0 105
2935276 0 105
2936750 0 106
2938174 0 104
2939673 0 105
2941122 0 105
2942646 0 105
2944144 0 105
2945643 0 105
2947141 0 105
2948590 0 105
2950015 0 106
2951563 0 104
2953111 0 105
2954585 0 105
2956010 0 105
2957508 0 105
2958982 0 105
2960505 0 106
2962004 0 104
2963551 0 105
2965050 0 106
2966524 0 104
2967924 0 105
2969472 0 105
2970872 0 105
2972395 0 105
2973845 0 106
2975319 0 104
2976817 0 105
2978217 0 106
2979642 0 104
2981116 0 105
2982516 0 106
2983990 0 104
2985489 0 105
2986963 0 105
2988388 0 105
2989886 0 105
2991434 0 105
2992908 0 106
2994407 0 104
2995831 0 105
2997256 0 105
2998657 0 105
3000204 0 105
3001654 0 106
3003128 0 104
3004675 0 105
3006174 0 105
3007746 0 105
3009294 0 105
3010694 0 106
3012119 0 104
3013617 0 105
3015116 0 106
3016664 0 104
3018138 0 105
3019636 0 105
3021036 0 105
3022437 0 106
3023911 0 104
3025458 0 105
3027006 0 105
3028505 0 105
3030028 0 105
3031502 0 106
3033049 0 104
3034597 0 105
3036145 0 105
3037619 0 105
3039043 0 106
3040517 0 104
3041967 0 105
3043465 0 105
3045013 0 105
3046438 0 105
3047863 0 105
3049337 0 105
3050835 0 106
3052358 0 104
3053783 0 105
3055257 0 105
3056756 0 105
3058303 0 106
3059704 0 104
3061129 0 105
3062676 0 106
3064199 0 104
3065600 0 105
3067147 0 105
3068695 0 105
3070243 0 105
3071766 0 106
3073191 0 104
3074689 0 105
3076139 0 105
3077588 0 106
3078988 0 104
3080462 0 105
3081887 0 106
3083410 0 104
3084884 0 105
3086334 0 106
3087808 0 104
3089281 0 105
3090829 0 106
3092401 0 104
3093949 0 105
3095472 0 105
3096995 0 105
3098420 0 106
3099820 0 104
3101368 0 105
3102867 0 105
3104291 0 105
3105741 0 106
3107313 0 104
3108812 0 105
3110359 0 106
3111907 0 104
3113455 0 105
3114978 0 105
3116525 0 105
3117975 0 105
3119375 0 105
3120800 0 106
3122274 0 104
3123846 0 105
3125296 0 106
3126745 0 104
3128293 0 105
3129742 0 105
3131290 0 106
3132715 0 104
3134139 0 105
3135687 0 105
3137210 0 106
3138660 0 104
3140134 0 105
3141681 0 105
3143106 0 106
3144580 0 104
3146054 0 105
3147479 0 105
3148879 0 106
3150451 0 104
3151852 0 105
3153375 0 105
3154824 0 105
3156347 0 106
3157821 0 104
3159295 0 105
3160818 0 106
3162366 0 104
3163840 0 105
3165265 0 105
3166813 0 105
3168237 0 105
3169687 0 105
3171235 0 105
3172709 0 106
3174158 0 104
3175583 0 105
3177057 0 105
3178482 0 105
3180029 0 105
3181552 0 106
3183051 0 104
3184451 0 105
3185999 0 105
3187547 0 105
3189070 0 105
3190519 0 105
3192067 0 106
3193516 0 104
3194941 0 105
3196390 0 105
3197791 0 105
3199338 0 105
3200763 0 106
3202286 0 104
3203711 0 105
3205259 0 105
3206684 0 105
3208108 0 105
3209632 0 105
3211081 0 106
3212506 0 104
3213931 0 105
3215478 0 106
3216928 0 104
3218377 0 105
3219900 0 105
3221448 0 105
3222897 0 105
3224322 0 105
3225723 0 106
3227172 0 104
3228597 0 105
3229997 0 106
3231446 0 104
3232945 0 105
3234493 0 105
3235942 0 105
3237441 0 106
3238865 0 104
3240315 0 105
3241863 0 106
3243287 0 104
3244712 0 105
3246137 0 105
3247586 0 106
3249085 0 104
3250633 0 105
3252156 0 105
3253703 0 105
3255153 0 105
3256701 0 106
3258150 0 104
3259599 0 105
3261123 0 105
3262621 0 106
3264046 0 104
3265569 0 105
3267043 0 105
3268615 0 105
3270040 0 105
3271563 0 105
3272988 0 106
3274437 0 104
3275911 0 105
3277336 0 105
3278835 0 105
3280309 0 105
3281807 0 106
3283355 0 104
3284878 0 105
3286426 0 105
3287949 0 106
3289447 0 104
3290848 0 105
3292297 0 105
3293722 0 105
3295147 0 105
3296572 0 105
3298021 0 105
3299470 0 106
3300895 0 104
3302443 0 105
3303917 0 105
3305366 0 106
3306816 0 104
3308265 0 105
3309813 0 106
3311385 0 104
3312859 0 105
3314333 0 105
3315782 0 105
3317281 0 106
3318706 0 104
3320229 0 105
3321727 0 105
3323152 0 105
3324577 0 106
3326076 0 104
3327599 0 105
3329024 0 105
3330473 0 105
3331922 0 105
3333470 0 105
3334969 0 105
3336394 0 106
3337868 0 104
3339391 0 105
3340865 0 105
3342412 0 105
3343985 0 106
3345434 0 104
3346859 0 105
3348308 0 105
3349708 0 105
3351256 0 105
3352804 0 105
3354229 0 105
3355629 0 106
3357127 0 104
3358651 0 105
3360125 0 106
3361574 0 104
3363048 0 105
3364497 0 106
3365996 0 104
3367421 0 105
3368968 0 105
3370467 0 105
3371892 0 106
3373390 0 104
3374963 0 105
3376461 0 105
3377960 0 106
3379384 0 104
3380932 0 105
3382382 0 105
3383929 0 105
3385403 0 105
3386828 0 105
3388376 0 106
3389899 0 104
3391422 0 105
3392871 0 105
3394345 0 105
3395844 0 106
3397342 0 104
3398767 0 105
3400241 0 105
3401764 0 105
3403287 0 106
3404860 0 104
3406407 0 105
3407906 0 105
3409429 0 105
3410928 0 105
3412451 0 105
3413900 0 105
3415325 0 105
3416848 0 106
3418396 0 104
3419821 0 105
3421319 0 106
3422793 0 104
3424218 0 105
3425667 0 105
3427190 0 105
3428689 0 105
3430089 0 105
3431612 0 105
3433086 0 106
3434560 0 104
3436133 0 105
3437680 0 105
3439154 0 105
3440628 0 105
3442053 0 105
3443502 0 105
3444952 0 106
3446450 0 104
3447974 0 105
3449472 0 106
3450946 0 104
3452346 0 105
3453771 0 105
3455343 0 105
3456768 0 106
3458267 0 104
3459716 0 105
3461264 0 105
3462812 0 105
3464236 0 106
3465710 0 104
3467258 0 105
3468806 0 106
3470231 0 104
3471680 0 105
3473154 0 106
3474603 0 104
3476151 0 105
3477650 0 105
3479074 0 105
3480573 0 106
3482047 0 104
3483570 0 105
3485142 0 105
3486592 0 105
3488066 0 105
3489540 0 106
3490940 0 104
3492488 0 105
3493986 0 105
3495509 0 105
3496934 0 106
3498506 0 104
3500054 0 105
3501577 0 105
3503027 0 105
3504451 0 106
3505999 0 104
3507448 0 105
3508972 0 105
3510519 0 105
3511969 0 105
3513492 0 105
3514917 0 106
3516440 0 104
3517987 0 105
3519412 0 105
3520911 0 106
3522409 0 104
3523908 0 105
3525382 0 105
3526929 0 106
3528354 0 104
3529755 0 105
3531253 0 105
3532727 0 106
3534226 0 104
3535675 0 105
3537124 0 106
3538623 0 104
3540072 0 105
3541473 0 105
3542898 0 105
3544421 0 105
3545919 0 106
3547418 0 104
3548941 0 105
3550341 0 105
3551840 0 105
3553265 0 105
3554763 0 106
3556286 0 104
3557760 0 105
3559259 0 105
3560708 0 105
3562207 0 106
3563730 0 104
3565179 0 105
3566702 0 106
3568250 0 104
3569699 0 105
3571149 0 105
3572696 0 106
3574170 0 104
3575694 0 105
3577192 0 105
3578617 0 106
3580140 0 104
3581639 0 105
3583186 0 105
3584660 0 105
3586085 0 105
3587608 0 105
3589033 0 105
3590581 0 106
3592079 0 104
3593504 0 105
3594978 0 105
3596403 0 105
3597926 0 105
3599425 0 105
3600898 0 106
3602348 0 104
3603896 0 105
3605394 0 106
3606942 0 104
3608416 0 105
3609939 0 105
3611462 0 105
3612961 0 105
3614459 0 106
3615958 0 104
3617358 0 105
3618832 0 105
3620355 0 106
3621829 0 104
3623352 0 105
3624801 0 105
3626275 0 106
3627823 0 104
3629395 0 105
3630968 0 105
3632368 0 105
3633916 0 105
3635316 0 105
3636839 0 106
3638264 0 104
3639762 0 105
3641212 0 105
3642710 0 105
3644258 0 106
3645707 0 104
3647206 0 105
3648778 0 105
3650301 0 106
3651849 0 104
3653372 0 105
3654871 0 105
3656418 0 105
3657917 0 105
3659366 0 105
3660840 0 106
3662388 0 104
3663886 0 105
3665336 0 105
3666785 0 105
3668333 0 105
3669856 0 105
3671281 0 105
3672828 0 105
3674253 0 106
3675703 0 104
3677177 0 105
3678700 0 105
3680125 0 105
3681599 0 106
3683024 0 104
3684473 0 105
3685947 0 105
3687445 0 105
3688944 0 105
3690443 0 105
3691941 0 105
3693415 0 105
3694864 0 106
3696314 0 104
3697812 0 105
3699262 0 106
3700834 0 104
3702357 0 105
3703905 0 105
3705354 0 105
3706902 0 105
3708327 0 105
3709776 0 106
3711299 0 104
3712847 0 105
3714247 0 105
3715721 0 105
3717146 0 105
3718718 0 106
3720192 0 104
3721740 0 105
3723165 0 106
3724688 0 104
3726186 0 105
3727611 0 106
3729012 0 104
3730535 0 105
3732082 0 105
3733483 0 106
3735030 0 104
3736480 0 105
3738003 0 105
