49044 0 3
50592 0 6
52090 0 1
53466 0 10
54940 0 3
56340 0 2
57814 0 9
59313 0 8
60787 0 10
62212 0 11
63759 0 18
65331 0 15
66781 0 24
68181 0 23
69753 0 15
71227 0 15
72775 0 13
74298 0 22
75772 0 33
77320 0 11
78818 0 14
80292 0 35
81791 0 1
83265 0 19
84812 0 23
86360 0 19
87883 0 15
89357 0 15
90905 0 36
92403 0 11
93853 0 23
95376 0 22
96924 0 14
98447 0 21
99994 0 28
101567 0 4
103041 0 19
104613 0 19
106161 0 16
107561 0 25
109109 0 6
110607 0 24
112106 0 23
113653 0 18
115201 0 28
116700 0 4
118100 0 22
119672 0 13
121121 0 16
122546 0 16
123947 0 15
125396 0 13
126821 0 30
128319 0 3
129867 0 14
131390 0 33
132840 0 6
134387 0 20
135886 0 24
137311 0 34
138858 0 10
140357 0 19
141855 0 20
143378 0 20
144877 0 20
146351 0 24
147899 0 26
149422 0 4
150797 0 24
152296 0 24
153795 0 22
155318 0 20
156914 0 19
158438 0 22
160010 0 27
161484 0 3
162884 0 18
164432 0 21
165906 0 14
167355 0 30
168829 0 7
170377 0 19
171851 0 31
173300 0 12
174725 0 24
176224 0 30
177673 0 8
179221 0 22
180744 0 15
182291 0 21
183864 0 14
185362 0 27
186836 0 7
188359 0 19
189784 0 27
191209 0 10
192708 0 19
194280 0 36
195729 0 10
197252 0 22
198726 0 17
200200 0 15
201723 0 21
203271 0 13
204794 0 19
206219 0 34
207693 0 5
209093 0 22
210641 0 19
212066 0 24
213589 0 36
215087 0 1
216561 0 13
218011 0 13
219460 0 19
220983 0 15
222433 0 18
223882 0 15
225332 0 26
226756 0 3
228304 0 19
229827 0 34
231227 0 12
232628 0 19
234102 0 16
235576 0 18
237050 0 24
238450 0 15
239899 0 26
241300 0 1
242774 0 24
244174 0 18
245697 0 21
247146 0 24
248571 0 14
250045 0 15
251495 0 31
252944 0 8
254418 0 13
255917 0 32
257464 0 8
258987 0 15
260461 0 29
261935 0 2
263336 0 14
264760 0 16
266259 0 15
267708 0 17
269207 0 20
270656 0 33
272081 0 3
273629 0 22
275127 0 17
276528 0 24
278075 0 19
279623 0 29
281072 0 4
282497 0 22
283971 0 22
285519 0 31
287091 0 1
288491 0 24
289916 0 32
291390 0 3
292790 0 16
294191 0 24
295591 0 19
297090 0 24
298564 0 21
300062 0 16
301585 0 36
303133 0 11
304681 0 15
306204 0 26
307604 0 6
309029 0 24
310478 0 32
311903 0 1
313328 0 24
314753 0 19
316227 0 15
317676 0 28
319076 0 4
320550 0 14
321975 0 14
323449 0 36
324899 0 7
326373 0 21
327945 0 24
329370 0 24
330893 0 18
332440 0 27
333865 0 3
335266 0 24
336740 0 25
338238 0 11
339810 0 16
341309 0 15
342709 0 30
344109 0 8
345583 0 16
347082 0 25
348605 0 10
350104 0 19
351602 0 32
353101 0 8
354526 0 17
356000 0 34
357498 0 7
359046 0 23
360593 0 23
362116 0 18
363689 0 26
365114 0 12
366538 0 24
367963 0 18
369462 0 17
370985 0 19
372434 0 26
373884 0 9
375382 0 19
376881 0 21
378404 0 13
379952 0 16
381426 0 18
382850 0 18
384349 0 32
385897 0 7
387469 0 20
388943 0 17
390466 0 15
391915 0 20
393414 0 36
394912 0 3
396337 0 14
397762 0 35
399310 0 3
400858 0 16
402282 0 32
403732 0 8
405255 0 15
406778 0 27
408301 0 7
409750 0 23
411274 0 21
412723 0 27
414148 0 2
415548 0 16
417022 0 16
418472 0 21
419945 0 30
421370 0 1
422795 0 22
424318 0 31
425768 0 3
427291 0 15
428716 0 35
430288 0 3
431836 0 18
433334 0 23
434882 0 16
436257 0 14
437731 0 27
439255 0 2
440704 0 18
442129 0 29
443627 0 2
445126 0 19
446575 0 25
448098 0 5
449572 0 23
451095 0 17
452594 0 22
454142 0 18
455640 0 20
457139 0 25
458588 0 8
460160 0 21
461585 0 15
463059 0 18
464533 0 13
465983 0 17
467530 0 34
468931 0 6
470503 0 22
471977 0 19
473426 0 34
474876 0 1
476399 0 18
477848 0 20
479420 0 24
480894 0 22
482344 0 26
483842 0 3
485341 0 17
486790 0 35
488289 0 8
489837 0 19
491409 0 31
492981 0 1
494455 0 16
495880 0 18
497378 0 18
498901 0 19
500375 0 17
501849 0 20
503422 0 27
504920 0 10
506443 0 20
507917 0 26
509342 0 6
510767 0 13
512241 0 30
513690 0 1
515213 0 21
516663 0 17
518137 0 27
519660 0 12
521183 0 13
522608 0 21
524033 0 24
525458 0 22
527005 0 28
528479 0 8
529953 0 17
531403 0 20
532852 0 13
534277 0 20
535751 0 26
537299 0 11
538797 0 20
540345 0 18
541892 0 22
543317 0 18
544791 0 29
546192 0 1
547715 0 15
549139 0 21
550638 0 21
552186 0 18
553635 0 14
555085 0 16
556534 0 34
558032 0 7
559580 0 17
561079 0 19
562651 0 29
564125 0 2
565550 0 19
567073 0 20
568522 0 13
569972 0 17
571495 0 29
572944 0 6
574516 0 19
576089 0 27
577489 0 9
578963 0 22
580461 0 18
581911 0 23
583483 0 17
585031 0 17
586431 0 20
587930 0 22
589477 0 34
590976 0 3
592425 0 16
593948 0 24
595496 0 15
596995 0 22
598567 0 27
600041 0 2
601490 0 14
602890 0 26
604291 0 7
605789 0 17
607239 0 24
608688 0 14
610162 0 13
611685 0 22
613135 0 31
614633 0 11
616033 0 18
617606 0 24
619080 0 24
620578 0 23
622077 0 32
623502 0 8
624976 0 24
626499 0 21
628071 0 24
629471 0 16
630921 0 13
632468 0 14
633942 0 33
635367 0 11
636841 0 22
638315 0 15
639863 0 19
641386 0 24
642811 0 18
644285 0 14
645759 0 35
647331 0 3
648854 0 14
650377 0 31
651851 0 5
653276 0 14
654725 0 31
656150 0 8
657722 0 23
659147 0 16
660670 0 23
662243 0 13
663790 0 13
665264 0 15
666787 0 35
668212 0 2
669735 0 13
671283 0 29
672781 0 8
674329 0 23
675828 0 14
677351 0 20
678800 0 30
680201 0 8
681797 0 18
683320 0 14
684721 0 23
686195 0 26
687693 0 3
689192 0 16
690592 0 19
692164 0 18
693687 0 13
695112 0 19
696660 0 31
698109 0 11
699583 0 17
701082 0 36
702531 0 9
704054 0 14
705455 0 31
706879 0 5
708304 0 19
709827 0 16
711252 0 25
712677 0 5
714200 0 18
715748 0 20
717246 0 29
718720 0 7
720194 0 18
721718 0 15
723265 0 17
724788 0 21
726287 0 31
727786 0 2
729235 0 24
730660 0 21
732207 0 30
733706 0 5
735204 0 20
736801 0 31
738324 0 6
739872 0 19
741444 0 16
742844 0 30
744294 0 4
745768 0 14
747291 0 35
748790 0 12
750190 0 14
751664 0 34
753064 0 6
754513 0 24
755963 0 17
757511 0 19
759058 0 16
760508 0 15
762006 0 33
763554 0 12
765077 0 22
766576 0 20
768172 0 23
769671 0 18
771169 0 28
772668 0 11
774166 0 13
775567 0 20
777139 0 36
778564 0 11
780087 0 15
781585 0 14
783010 0 17
784558 0 21
786106 0 35
787678 0 7
789103 0 20
790577 0 16
792002 0 20
793451 0 22
794876 0 14
796276 0 25
797726 0 10
799200 0 21
800673 0 24
802197 0 13
803597 0 22
805120 0 15
806569 0 33
808117 0 1
809517 0 15
811040 0 19
812564 0 18
814062 0 25
815634 0 5
817059 0 18
818484 0 21
820032 0 24
821506 0 16
822955 0 30
824380 0 2
825829 0 24
827254 0 13
828679 0 25
830227 0 6
831725 0 17
833150 0 24
834550 0 22
835975 0 13
837498 0 14
838948 0 29
840373 0 7
841871 0 21
843419 0 34
844844 0 1
846244 0 24
847644 0 19
849118 0 23
850666 0 21
852214 0 29
853638 0 2
855063 0 15
856463 0 34
857888 0 9
859411 0 19
860836 0 26
862237 0 10
863686 0 19
865258 0 35
866781 0 8
868378 0 14
869852 0 22
871424 0 24
872849 0 20
874446 0 14
875846 0 28
877345 0 1
878745 0 24
880219 0 20
881742 0 13
883290 0 31
884813 0 3
886287 0 15
887712 0 25
889186 0 9
890660 0 16
892035 0 21
893485 0 26
894910 0 4
896285 0 21
897710 0 18
899258 0 27
900806 0 6
902255 0 16
903729 0 15
905129 0 14
906628 0 22
908126 0 14
909576 0 36
911148 0 8
912696 0 13
914194 0 24
915619 0 34
917118 0 6
918690 0 23
920139 0 15
921564 0 22
923013 0 13
924512 0 22
926011 0 28
927583 0 9
929131 0 21
930678 0 21
932128 0 17
933651 0 29
935125 0 6
936549 0 13
937950 0 17
939375 0 18
940824 0 16
942224 0 18
943674 0 32
945123 0 9
946646 0 15
948096 0 20
949570 0 16
951093 0 23
952591 0 24
1398261 0 101
1399710 0 101
1401159 0 101
1402683 0 101
1404107 0 101
1405532 0 101
1406933 0 101
1408333 0 101
1409758 0 101
1411281 0 101
1412730 0 102
1414130 0 102
1415678 0 103
1417128 0 101
1418528 0 102
1420051 0 102
1421500 0 102
1423048 0 102
1424473 0 102
1425947 0 102
1427445 0 103
1428895 0 101
1430320 0 102
1431720 0 102
1433218 0 103
1434742 0 101
1436166 0 102
1437616 0 103
1439163 0 101
1440637 0 102
1442161 0 103
1443659 0 101
1445207 0 102
1446754 0 103
1448204 0 101
1449653 0 102
1451176 0 103
1452699 0 101
1454198 0 102
1455672 0 102
1457097 0 102
1458595 0 103
1460118 0 101
1461666 0 102
1463066 0 102
1464540 0 102
1466064 0 102
1467464 0 102
1469011 0 102
1470559 0 103
1472107 0 101
1473507 0 102
1474932 0 102
1476455 0 102
1477954 0 103
1479477 0 101
1480926 0 102
1482351 0 103
1483825 0 101
1485299 0 102
1486748 0 102
1488149 0 102
1489647 0 102
1491170 0 102
1492669 0 103
1494118 0 101
1495519 0 102
1496992 0 102
1498491 0 102
1499891 0 103
1501439 0 101
1502888 0 102
1504338 0 103
1505861 0 101
1507286 0 102
1508686 0 102
1510185 0 102
1511609 0 102
1513132 0 102
1514533 0 102
1516007 0 103
1517554 0 101
1519004 0 102
1520429 0 103
1521976 0 101
1523426 0 102
1524851 0 103
1526423 0 101
1527872 0 102
1529297 0 103
1530746 0 101
1532220 0 102
1533621 0 103
1535168 0 101
1536716 0 102
1538215 0 102
1539738 0 103
1541236 0 101
1542661 0 102
1544135 0 102
1545585 0 102
1547132 0 102
1548631 0 103
1550105 0 101
1551530 0 102
1552979 0 102
1554404 0 102
1555951 0 102
1557425 0 103
1558949 0 101
1560349 0 102
1561774 0 102
1563223 0 102
1564771 0 102
1566269 0 102
1567792 0 102
1569291 0 103
1570814 0 101
1572214 0 102
1573688 0 102
1575236 0 103
1576685 0 101
1578110 0 102
1579609 0 102
1581156 0 102
1582606 0 102
1584006 0 103
1585431 0 101
1586831 0 102
1588281 0 102
1589804 0 102
1591302 0 102
1592825 0 102
1594299 0 102
1595847 0 103
1597272 0 101
1598746 0 102
1600244 0 103
1601817 0 101
1603266 0 102
1604716 0 103
1606239 0 101
1607688 0 102
1609162 0 103
1610587 0 101
1612061 0 102
1613486 0 102
1614960 0 102
1616384 0 103
1617834 0 101
1619332 0 102
1620782 0 103
1622231 0 101
1623779 0 102
1625302 0 102
1626727 0 102
1628201 0 103
1629626 0 101
1631075 0 102
1632500 0 102
1633974 0 102
1635423 0 103
1636996 0 101
1638494 0 102
1640042 0 102
1641442 0 102
1642842 0 102
1644316 0 102
1645741 0 103
1647264 0 101
1648714 0 102
1650261 0 102
1651662 0 102
1653185 0 102
1654585 0 102
1656059 0 102
1657459 0 102
1658958 0 103
1660481 0 101
1661955 0 102
1663478 0 102
1664952 0 103
1666500 0 101
1667900 0 102
1669325 0 102
1670872 0 102
1672396 0 103
1673869 0 101
1675343 0 102
1676793 0 103
1678291 0 101
1679716 0 102
1681264 0 102
1682762 0 102
1684236 0 102
1685784 0 103
1687283 0 101
1688781 0 102
1690329 0 102
1691827 0 102
1693228 0 102
1694726 0 102
1696176 0 102
1697650 0 103
1699124 0 101
1700647 0 102
1702072 0 102
1703472 0 102
1705020 0 102
1706444 0 103
1707992 0 101
1709392 0 102
1710817 0 103
1712291 0 101
1713716 0 102
1715165 0 102
1716713 0 102
1718236 0 102
1719710 0 103
1721160 0 101
1722560 0 102
1724034 0 103
1725581 0 101
1727055 0 102
1728579 0 102
1729979 0 102
1731527 0 102
1733000 0 102
1734474 0 102
1735998 0 103
1737521 0 101
1738995 0 102
1740395 0 102
1741820 0 103
1743343 0 101
1744743 0 102
1746242 0 103
1747716 0 101
1749116 0 102
1750516 0 102
1751990 0 103
1753440 0 101
1754987 0 102
1756510 0 102
1758058 0 103
1759557 0 101
1761080 0 102
1762505 0 102
1763954 0 102
1765354 0 103
1766828 0 101
1768253 0 102
1769678 0 103
1771127 0 101
1772626 0 102
1774149 0 102
1775623 0 102
1777171 0 102
1778595 0 103
1780119 0 101
1781568 0 102
1783017 0 102
1784442 0 102
1785892 0 102
1787390 0 103
1788913 0 101
1790436 0 102
1791960 0 102
1793458 0 102
1794981 0 102
1796431 0 102
1797929 0 102
1799403 0 103
1800951 0 101
1802425 0 102
1803972 0 103
1805446 0 101
1806945 0 102
1808443 0 102
1809893 0 102
1811293 0 102
1812693 0 103
1814143 0 101
1815568 0 102
1816993 0 103
1818516 0 101
1819990 0 102
1821464 0 102
1822938 0 103
1824461 0 101
1825910 0 102
1827335 0 102
1828858 0 103
1830307 0 101
1831732 0 102
1833182 0 103
1834631 0 101
1836154 0 102
1837604 0 102
1839151 0 102
1840625 0 102
1842050 0 102
1843475 0 102
1844949 0 103
1846374 0 101
1847774 0 102
1849297 0 103
1850820 0 101
1852343 0 102
1853744 0 102
1855168 0 103
1856618 0 101
1858166 0 102
1859713 0 102
1861261 0 102
1862784 0 102
1864258 0 102
1865806 0 103
1867280 0 101
1868729 0 102
1870203 0 103
1871775 0 101
1873249 0 102
1874674 0 102
1876099 0 102
1877548 0 102
1878949 0 103
1880496 0 101
1881921 0 102
1883346 0 102
1884771 0 102
1886220 0 103
1887719 0 101
1889168 0 102
1890691 0 102
1892239 0 102
1893762 0 102
1895310 0 103
1896735 0 101
1898282 0 102
1899707 0 102
1901255 0 102
1902778 0 103
1904203 0 101
1905677 0 102
1907151 0 102
1908674 0 102
1910099 0 102
1911622 0 103
1913169 0 101
1914693 0 102
1916191 0 102
1917616 0 102
1919065 0 103
1920613 0 101
1922136 0 102
1923659 0 102
1925133 0 102
1926558 0 102
1928057 0 102
1929481 0 103
1931005 0 101
1932552 0 102
1934002 0 102
1935549 0 102
1937072 0 102
1938620 0 102
1940020 0 102
1941470 0 103
1943042 0 101
1944442 0 102
1945965 0 102
1947390 0 102
1948913 0 102
1950412 0 102
1951812 0 102
1953335 0 103
1954883 0 101
1956406 0 102
1957806 0 103
1959354 0 101
1960853 0 102
1962351 0 102
1963899 0 102
1965446 0 102
1966994 0 103
1968419 0 101
1969942 0 102
1971490 0 102
1972915 0 102
1974389 0 102
1975912 0 102
1977435 0 103
1978909 0 101
1980383 0 102
1981832 0 103
1983331 0 101
1984780 0 102
1986205 0 102
1987605 0 102
1989005 0 102
1990504 0 102
1992003 0 103
1993550 0 101
1994975 0 102
1996498 0 102
1998021 0 102
1999422 0 102
2000871 0 102
2002271 0 102
2003745 0 103
2005170 0 101
2006669 0 102
2008192 0 103
2009739 0 101
2011140 0 102
2012565 0 103
2013989 0 101
2015439 0 102
2016962 0 102
2018387 0 103
2019861 0 101
2021408 0 102
2022956 0 102
2024405 0 102
2025830 0 102
2027378 0 102
2028901 0 102
2030424 0 103
2031972 0 101
2033446 0 102
2034846 0 102
2036246 0 103
2037696 0 101
2039096 0 102
2040595 0 103
2042142 0 101
2043543 0 102
2045066 0 102
2046491 0 102
2048014 0 103
2049463 0 101
2050888 0 102
2052337 0 103
2053860 0 101
2055285 0 102
2056735 0 102
2058233 0 102
2059756 0 102
2061181 0 102
2062704 0 103
2064178 0 101
2065603 0 102
2067126 0 103
2068551 0 101
2070025 0 102
2071573 0 102
2072973 0 103
2074545 0 101
2075995 0 102
2077518 0 103
2079065 0 101
2080613 0 102
2082062 0 102
2083561 0 102
2085060 0 103
2086558 0 101
2087983 0 102
2089432 0 102
2090882 0 102
2092380 0 103
2093879 0 101
2095353 0 102
2096851 0 102
2098252 0 102
2099652 0 102
2101077 0 103
2102649 0 101
2104123 0 102
2105646 0 103
2107218 0 101
2108741 0 102
2110166 0 102
2111616 0 102
2113139 0 102
2114637 0 103
2116160 0 101
2117610 0 102
2119010 0 102
2120484 0 103
2121934 0 101
2123383 0 102
2124808 0 102
2126282 0 103
2127829 0 101
2129377 0 102
2130925 0 102
2132473 0 102
2133996 0 102
2135519 0 102
2136968 0 102
2138491 0 102
2139965 0 103
2141415 0 101
2142864 0 102
2144264 0 103
2145738 0 101
2147286 0 102
2148760 0 103
2150185 0 101
2151683 0 102
2153157 0 102
2154705 0 102
2156130 0 102
2157677 0 102
2159201 0 102
2160748 0 102
2162198 0 103
2163770 0 101
2165244 0 102
2166767 0 102
2168241 0 102
2169666 0 102
2171140 0 102
2172540 0 102
2174088 0 102
2175513 0 103
2176987 0 101
2178411 0 102
2179885 0 103
2181359 0 101
2182858 0 102
2184332 0 102
2185830 0 102
2187304 0 102
2188729 0 103
2190228 0 101
2191751 0 102
2193176 0 102
2194650 0 103
2196197 0 101
2197745 0 102
2199244 0 102
2200718 0 102
2202118 0 103
2203665 0 101
2205115 0 102
2206638 0 102
2208137 0 102
2209561 0 102
2211060 0 103
2212558 0 101
2213983 0 102
2215482 0 103
2216907 0 101
2218356 0 102
2219855 0 102
2221304 0 102
2222852 0 102
2224252 0 103
2225800 0 101
2227323 0 102
2228723 0 102
2230172 0 102
2231720 0 102
2233170 0 102
2234668 0 103
2236216 0 101
2237690 0 102
2239213 0 102
2240613 0 102
2242038 0 103
2243512 0 101
2245011 0 102
2246558 0 102
2248081 0 102
2249555 0 103
2251103 0 101
2252552 0 102
2254002 0 102
2255525 0 103
2257097 0 101
2258645 0 102
2260168 0 102
2261716 0 103
2263263 0 101
2264713 0 102
2266187 0 102
2267661 0 102
2269208 0 102
2270707 0 102
2272132 0 103
2273630 0 101
2275080 0 102
2276603 0 103
2278101 0 101
2279575 0 102
2281000 0 102
2282425 0 102
2283899 0 102
2285348 0 102
2286773 0 102
2288321 0 103
2289893 0 101
2291416 0 102
2292841 0 102
2294315 0 102
2295789 0 103
2297288 0 101
2298737 0 102
2475494 0 41
2476894 0 38
2478442 0 42
2479916 0 43
2481341 0 43
2482864 0 42
2484362 0 44
2485886 0 39
2487433 0 41
2488883 0 43
2490381 0 54
2491806 0 57
2493280 0 57
2494705 0 60
2496154 0 55
2497628 0 55
2499053 0 68
2500478 0 45
2501927 0 56
2503426 0 59
2504949 0 66
2506497 0 41
2507946 0 51
2509371 0 72
2510796 0 41
2512368 0 49
2513916 0 63
2515365 0 43
2516864 0 50
2518411 0 54
2519861 0 50
2521335 0 57
2522809 0 51
2524381 0 72
2525806 0 46
2527304 0 53
2528827 0 66
2530375 0 45
2531874 0 58
2533397 0 65
2534944 0 41
2536467 0 49
2537991 0 56
2539465 0 59
2540889 0 54
2542388 0 58
2543985 0 57
2545410 0 63
2546835 0 39
2548259 0 57
2549832 0 55
2551281 0 57
2552730 0 50
2554229 0 71
2555678 0 40
2557226 0 53
2558774 0 66
2560174 0 40
2561623 0 60
2563122 0 54
2564645 0 60
2566168 0 54
2567568 0 60
2569042 0 53
2570565 0 67
2572113 0 48
2573538 0 51
2574963 0 56
2576461 0 65
2577960 0 44
2579532 0 50
2580982 0 63
2582431 0 44
2583880 0 59
2585305 0 65
2586828 0 39
2588302 0 54
2589825 0 53
2591275 0 57
2592798 0 52
2594247 0 64
2595721 0 38
2597244 0 52
2598768 0 59
2600217 0 61
2601740 0 44
2603214 0 54
2604663 0 59
2606162 0 63
2607710 0 41
2609134 0 50
2610535 0 69
2612033 0 48
2613507 0 51
2615006 0 53
2616578 0 60
2618052 0 54
2619600 0 56
2621049 0 60
2622572 0 51
2624120 0 68
2625668 0 40
2627191 0 49
2628714 0 58
2630286 0 51
2631858 0 68
2633283 0 46
2634782 0 55
2636329 0 55
2637902 0 49
2639400 0 67
2640850 0 46
2642348 0 55
2643920 0 55
2645468 0 63
2647040 0 43
2648514 0 49
2649964 0 56
2651438 0 60
2652862 0 57
2654287 0 54
2655786 0 50
2657358 0 69
2658881 0 47
2660380 0 49
2661927 0 51
2663475 0 49
2664900 0 56
2666349 0 70
2667848 0 38
2669420 0 55
2670894 0 59
2672442 0 57
2673867 0 65
2675341 0 41
2676888 0 55
2678436 0 72
2679836 0 47
2681310 0 53
2682735 0 66
2684160 0 43
2685609 0 49
2687083 0 50
2688582 0 65
2689982 0 46
2691481 0 54
2692905 0 60
2694404 0 51
2695878 0 55
2697426 0 63
2698875 0 40
2700447 0 49
2701946 0 66
2703346 0 46
2704894 0 50
2706319 0 53
2707842 0 54
2709365 0 51
2710888 0 52
2712362 0 52
2713762 0 67
2715261 0 44
2716710 0 56
2718160 0 50
2719707 0 50
2721181 0 58
2722655 0 59
2724129 0 68
2725652 0 48
2727175 0 55
2728625 0 61
2730074 0 45
2731548 0 55
2732973 0 61
2734373 0 43
2735847 0 52
2737346 0 70
2738722 0 37
2740245 0 58
2741694 0 60
2743266 0 61
2744740 0 45
2746312 0 53
2747713 0 57
2749211 0 49
2750636 0 52
2752184 0 61
2753682 0 47
2755205 0 54
2756679 0 69
2758252 0 48
2759677 0 58
2761200 0 57
2762649 0 52
2764148 0 67
2765695 0 48
2767120 0 58
2768643 0 54
2770191 0 52
2771739 0 50
2773311 0 52
2774736 0 63
2776160 0 37
2777585 0 55
2779035 0 52
2780484 0 66
2782032 0 40
2783506 0 57
2785053 0 52
2786552 0 60
2788051 0 53
2789475 0 61
2790998 0 40
2792546 0 51
2794020 0 69
2795445 0 40
2796894 0 52
2798319 0 60
2799867 0 59
2801292 0 70
2802790 0 39
2804264 0 60
2805689 0 58
2807114 0 51
2808662 0 58
2810111 0 60
2811610 0 68
2813059 0 45
2814508 0 49
2815982 0 66
2817481 0 41
2818930 0 59
2820355 0 59
2821927 0 57
2823426 0 58
2825023 0 53
2826472 0 72
2827995 0 42
2829543 0 50
2830968 0 55
2832393 0 71
2833793 0 48
2835291 0 54
2836741 0 68
2838264 0 45
2839713 0 58
2841187 0 57
2842760 0 50
2844184 0 54
2845732 0 53
2847157 0 60
2848557 0 49
2849982 0 61
2851481 0 38
2853028 0 49
2854478 0 71
2856001 0 38
2857548 0 55
2858998 0 56
2860472 0 57
2862044 0 66
2863444 0 46
2864968 0 55
2866441 0 68
2867940 0 38
2869414 0 59
2870913 0 53
2872313 0 59
2873787 0 50
2875236 0 67
2876735 0 45
2878258 0 56
2879830 0 50
2881378 0 67
2882852 0 38
2884399 0 49
2885923 0 56
2887372 0 60
2888944 0 50
2890492 0 68
2891941 0 37
2893391 0 58
2894914 0 50
2896437 0 56
2897911 0 60
2899459 0 52
2901006 0 65
2902529 0 42
2904003 0 50
2905502 0 67
2907049 0 45
2908622 0 52
2910169 0 70
2911570 0 48
2913019 0 52
2914542 0 65
2916016 0 42
2917441 0 57
2918890 0 72
2920364 0 42
2921789 0 60
2923337 0 71
2924860 0 43
2926359 0 57
2927931 0 51
2929405 0 52
2930830 0 54
2932353 0 66
2933802 0 43
2935276 0 54
2936824 0 58
2938347 0 58
2939870 0 53
2941393 0 57
2942867 0 49
2944292 0 51
2945840 0 63
2947264 0 38
2948714 0 56
2950286 0 58
2951736 0 59
2953160 0 50
2954585 0 55
2956108 0 54
2957582 0 61
2959081 0 44
2960653 0 50
2962102 0 54
2963576 0 54
2965001 0 58
2966451 0 67
2967998 0 44
2969472 0 57
2971020 0 56
2972543 0 58
2973993 0 54
2975442 0 55
2976916 0 55
2978464 0 64
2979888 0 46
2981412 0 55
2982984 0 72
2984409 0 47
2985858 0 54
2987357 0 68
2988757 0 42
2990231 0 49
2991656 0 59
2993154 0 49
2994604 0 60
2996053 0 68
2997502 0 45
2999026 0 57
3000573 0 53
3002121 0 56
3003644 0 51
3005143 0 51
3006567 0 49
3007968 0 67
3009515 0 48
3010916 0 58
3012390 0 65
3013888 0 44
3015387 0 55
3016861 0 58
3018458 0 53
3019932 0 53
3021381 0 49
3022879 0 71
3024329 0 45
3025803 0 58
3027277 0 57
3028800 0 60
3030323 0 52
3031822 0 55
3033345 0 72
3034868 0 38
3036440 0 54
3037889 0 49
3039363 0 53
3040862 0 59
3042287 0 57
3043859 0 54
3045382 0 65
3046881 0 48
3048453 0 59
3049951 0 67
3051425 0 38
3052998 0 53
3054521 0 59
3055995 0 59
3057469 0 57
3059041 0 51
3060564 0 66
3062038 0 38
3063561 0 50
3065060 0 50
3066583 0 49
3068081 0 56
3069531 0 71
3070980 0 41
3072503 0 58
3074075 0 70
3075525 0 37
3076999 0 59
3078571 0 52
3080119 0 55
3081666 0 62
3083116 0 47
3084639 0 56
3086187 0 72
3087612 0 38
3089061 0 54
3090461 0 53
3091886 0 59
3093434 0 70
3094883 0 43
3096357 0 55
3097831 0 50
3099305 0 58
3100828 0 59
3102253 0 52
3103801 0 66
3105299 0 41
3106749 0 59
3108173 0 52
3109623 0 53
3111171 0 69
3112718 0 42
3114266 0 52
3115715 0 52
3117140 0 60
3118614 0 62
3120064 0 46
3121611 0 59
3123134 0 71
3124535 0 45
3126082 0 50
3127532 0 59
3129030 0 57
3130602 0 58
3132199 0 57
3133698 0 67
3135123 0 39
3136548 0 49
3138046 0 66
3139520 0 41
3141043 0 51
3142542 0 64
3144065 0 42
3145563 0 56
3146988 0 49
3148511 0 66
3149936 0 42
3151361 0 55
3152810 0 66
3154235 0 44
3155734 0 57
3157281 0 52
3158731 0 59
3160156 0 54
3161654 0 52
3163079 0 67
3164578 0 40
3166027 0 51
3167476 0 61
3169024 0 40
3170498 0 52
3171947 0 71
3173446 0 48
3175018 0 51
3176566 0 54
3178040 0 58
3179588 0 50
3181012 0 62
3182536 0 44
3183960 0 52
3185410 0 50
3186957 0 58
3188456 0 69
3190028 0 40
3191478 0 58
3192927 0 57
3194450 0 53
3196022 0 51
3197496 0 52
3199069 0 69
3200518 0 39
3202041 0 59
3203564 0 60
3204989 0 55
3206537 0 49
3208060 0 54
3209509 0 71
3210983 0 41
3212408 0 54
3213882 0 59
3215405 0 55
3216928 0 71
3218451 0 40
3219876 0 50
3221375 0 56
3222824 0 54
3224298 0 59
3225723 0 53
3227197 0 69
3228646 0 37
3230120 0 51
3231619 0 54
3233117 0 69
3234567 0 37
3236115 0 57
3237589 0 64
3238989 0 37
3240512 0 52
3241937 0 59
3243362 0 62
3244860 0 48
3246408 0 54
3247906 0 57
3249430 0 55
3250903 0 56
3252377 0 70
3253901 0 48
3255350 0 57
3256848 0 67
3258273 0 39
3259698 0 55
3261246 0 54
3262769 0 54
3264243 0 54
3265766 0 55
3267265 0 52
3268812 0 71
3270213 0 39
3271637 0 51
3273087 0 69
3274634 0 45
3276108 0 56
3277607 0 55
3279081 0 68
3280579 0 41
3282078 0 58
3283552 0 58
3285124 0 68
3286598 0 39
3288097 0 54
3289522 0 55
3290996 0 54
3292519 0 63
3294066 0 38
3295565 0 59
3297063 0 49
3298587 0 54
3300061 0 56
3301535 0 54
3302984 0 63
3304532 0 46
3306079 0 54
3307578 0 51
3309101 0 50
3310501 0 59
3311901 0 67
3313425 0 46
3314948 0 50
3316471 0 65
3317896 0 47
3319394 0 56
3320893 0 52
3322440 0 57
3323939 0 54
3325437 0 58
3326961 0 57
3328459 0 63
3329909 0 44
3331456 0 56
3332881 0 57
3334404 0 69
3335903 0 46
3337401 0 57
3338900 0 53
3340349 0 49
3341774 0 68
3343346 0 47
3344747 0 49
3346294 0 64
3347866 0 40
3349316 0 54
3350864 0 49
3352411 0 55
3353959 0 53
3355457 0 56
3356858 0 52
3358356 0 64
3359781 0 37
3361231 0 55
3362778 0 53
3364252 0 56
3365677 0 49
3367200 0 56
3368699 0 58
3370246 0 69
3371819 0 41
3373293 0 52
3374742 0 65
3376265 0 38
3377764 0 53
3379188 0 54
3380712 0 56
3382284 0 56
3401016 0 104
3402515 0 104
3404038 0 104
3405561 0 104
3407109 0 104
3408533 0 104
3409934 0 104
3411481 0 104
3412931 0 104
3414380 0 104
3415830 0 105
3417328 0 105
3418753 0 106
3420178 0 104
3421701 0 105
3423199 0 105
3424747 0 105
3426147 0 106
3427572 0 104
3429145 0 105
3430643 0 105
3432068 0 105
3433566 0 105
3435065 0 105
3436465 0 105
3437988 0 106
3439462 0 104
3440985 0 105
3442484 0 105
3443958 0 105
3445481 0 105
3446980 0 106
3448478 0 104
3450001 0 105
3451500 0 105
3452974 0 105
3454472 0 105
3455971 0 105
3457469 0 106
3459042 0 104
3460516 0 105
3461940 0 106
3463390 0 104
3464815 0 105
3466289 0 106
3467812 0 104
3469384 0 105
3470907 0 105
3472455 0 105
3473953 0 106
3475501 0 104
3477024 0 105
3478523 0 105
3480046 0 106
3481569 0 104
3483043 0 105
3484541 0 105
3486064 0 106
3487563 0 104
3488963 0 105
3490388 0 105
3491838 0 105
3493312 0 106
3494761 0 104
3496235 0 105
3497733 0 105
3499306 0 105
3500731 0 105
3502254 0 105
3503801 0 105
3505275 0 106
3506749 0 104
3508199 0 105
3509648 0 105
3511122 0 106
3512547 0 104
3514095 0 105
3515544 0 106
3516944 0 104
3518418 0 105
3519819 0 105
3521293 0 105
3522742 0 106
3524290 0 104
3525788 0 105
3527311 0 105
3528736 0 105
3530308 0 105
3531758 0 105
3533183 0 105
3534706 0 105
3536253 0 106
3537703 0 104
3539152 0 105
3540626 0 105
3542026 0 105
3543427 0 105
3544852 0 105
3546399 0 106
3547947 0 104
3549470 0 105
3550895 0 105
3552443 0 105
3553843 0 105
3555243 0 105
3556766 0 106
3558289 0 104
3559763 0 105
3561262 0 106
3562809 0 104
3564333 0 105
3565831 0 106
3567330 0 104
3568853 0 105
3570253 0 106
3571702 0 104
3573103 0 105
3574528 0 105
3576051 0 106
3577574 0 104
3578974 0 105
3580448 0 106
3581996 0 104
3583519 0 105
3585017 0 106
3586467 0 104
3587965 0 105
3589538 0 106
3591085 0 104
3592535 0 105
3594058 0 106
3595630 0 104
3597104 0 105
3598603 0 105
3600052 0 105
3601452 0 105
3603024 0 105
3604449 0 106
3605948 0 104
3607397 0 105
3608945 0 106
3610493 0 104
3611991 0 105
3613490 0 105
3614915 0 105
3616462 0 105
3617936 0 106
3619410 0 104
3620860 0 105
3622334 0 106
3623881 0 104
3625380 0 105
3626780 0 105
3628303 0 106
3629826 0 104
3631300 0 105
3632872 0 105
3634322 0 106
3635845 0 104
3637245 0 105
3638695 0 106
3640193 0 104
3641618 0 105
3643067 0 106
3644591 0 104
3646138 0 105
3647588 0 106
3649111 0 104
3650609 0 105
3652010 0 106
3653459 0 104
3655007 0 105
3656432 0 105
3657979 0 105
3659404 0 105
3660878 0 105
3662377 0 106
3663949 0 104
3665398 0 105
3666897 0 106
3668420 0 104
3669943 0 105
3671491 0 105
3673014 0 105
3674439 0 106
3675863 0 104
3677362 0 105
3678885 0 105
3680359 0 105
3681808 0 106
3683307 0 104
3684855 0 105
3686402 0 106
3687950 0 104
3689424 0 105
3690947 0 105
3692397 0 105
3693821 0 105
3695344 0 105
3696843 0 105
3698268 0 106
3699766 0 104
3701314 0 105
3702837 0 105
3704287 0 106
3705859 0 104
3707259 0 105
3708684 0 106
3710207 0 104
3711632 0 105
3713057 0 106
3714506 0 104
3715906 0 105
3717405 0 106
3718928 0 104
3720377 0 105
3721827 0 105
3723276 0 105
3724824 0 106
3726249 0 104
3727796 0 105
3729246 0 105
3730695 0 105
3732243 0 106
3733791 0 104
3735314 0 105
3736714 0 105
3738139 0 105
3739588 0 106
3741087 0 104
3742561 0 105
3744010 0 105
3745533 0 106
3747056 0 104
3748580 0 105
3750054 0 105
3751528 0 105
3753026 0 105
3754451 0 105
3755925 0 105
3757473 0 106
3759020 0 104
3760543 0 105
3762066 0 105
3763590 0 106
3765039 0 104
3766562 0 105
3767987 0 105
3769412 0 105
3770886 0 105
3772335 0 106
3773809 0 104
3775259 0 105
3776806 0 106
3778231 0 104
3779730 0 105
3781130 0 105
3782628 0 105
3784053 0 105
3785552 0 106
3787075 0 104
3788573 0 105
3789974 0 105
3791521 0 106
3793069 0 104
3794543 0 105
3796017 0 106
3797540 0 104
3798965 0 105
3800464 0 105
3802011 0 105
3803461 0 105
3804910 0 105
3806433 0 105
3807907 0 105
3809381 0 106
3810929 0 104
3812329 0 105
3813729 0 105
3815252 0 105
3816776 0 105
3818250 0 106
3819650 0 104
3821124 0 105
3822622 0 106
3824072 0 104
3825521 0 105
3826946 0 106
3828469 0 104
3829918 0 105
3831343 0 105
3832817 0 105
3834291 0 106
3835863 0 104
3837337 0 105
3838885 0 105
3840384 0 105
3841931 0 105
3843332 0 105
3844756 0 106
3846230 0 104
3847631 0 105
3849031 0 106
3850603 0 104
3852126 0 105
3853674 0 105
3855106 0 105
3856506 0 105
3858053 0 105
3859601 0 105
3861076 0 105
3862501 0 106
3864024 0 104
3865424 0 105
3866923 0 105
3868396 0 106
3869821 0 104
3871295 0 105
3872843 0 105
3874267 0 105
3875741 0 105
3877191 0 105
3878641 0 106
3880213 0 104
3881736 0 105
3883284 0 105
3884807 0 105
3886330 0 105
3887829 0 105
3889254 0 105
3890703 0 105
3892202 0 106
3893676 0 104
3895125 0 105
3896673 0 105
3898097 0 105
3899571 0 105
3901095 0 105
3902667 0 106
3904140 0 104
3905590 0 105
3907137 0 105
3908660 0 105
3910060 0 105
3911559 0 106
3912984 0 104
3914533 0 105
3915932 0 105
3917479 0 105
3918978 0 106
3920526 0 104
3921926 0 105
3923376 0 105
3924826 0 105
3926250 0 105
3927724 0 106
3929172 0 104
3930697 0 105
3932243 0 105
3933792 0 106
3935241 0 104
3936690 0 105
3938116 0 106
3939688 0 104
3941236 0 105
3942660 0 105
3944159 0 105
3945706 0 106
3947254 0 104
3948801 0 105
3950349 0 106
3951873 0 104
3953444 0 105
3954919 0 106
3956368 0 104
3957890 0 105
3959439 0 105
3960938 0 105
3962411 0 105
3963812 0 106
3965383 0 104
3966785 0 105
3968185 0 105
3969585 0 106
3971059 0 104
3972582 0 105
3973983 0 105
3975432 0 105
3977003 0 105
3978577 0 105
3980050 0 106
3981500 0 104
3983071 0 105
3984522 0 106
3986020 0 104
3987444 0 105
3988919 0 105
3990467 0 105
3991866 0 105
3993267 0 105
3994789 0 105
3996239 0 106
3997763 0 104
3999187 0 105
4000734 0 106
4002209 0 104
4003634 0 105
4005108 0 105
4006631 0 105
4008129 0 105
4009676 0 105
4011200 0 106
4012698 0 104
4014123 0 105
4015524 0 105
4016973 0 105
4018423 0 105
4019970 0 105
4021370 0 106
4022795 0 104
4024295 0 105
4025866 0 105
4027415 0 105
4028863 0 105
4030411 0 105
4031959 0 105
4033384 0 106
4034906 0 104
4036381 0 105
4037854 0 105
4039279 0 105
4040803 0 106
4042326 0 104
4043849 0 105
4045248 0 105
4046649 0 105
4048197 0 106
4049745 0 104
4051218 0 105
4052790 0 105
4054314 0 105
4055813 0 105
4057237 0 105
4058638 0 106
4060111 0 104
4061537 0 105
4063083 0 105
4064632 0 106
4066130 0 104
4067579 0 105
4069054 0 105
4070478 0 105
4071903 0 105
4073377 0 105
4074900 0 106
4076399 0 104
4077800 0 105
4079347 0 105
4080772 0 105
4082271 0 105
4083671 0 105
4085071 0 105
4086520 0 106
4087995 0 104
4089444 0 105
4090869 0 105
4092343 0 105
4093891 0 105
4095438 0 106
4096961 0 104
4098483 0 105
4100057 0 105
4101555 0 105
4103005 0 105
4104429 0 106
4105854 0 104
4107303 0 105
4108851 0 105
4110324 0 105
4111872 0 105
4113298 0 105
4114821 0 106
4116319 0 104
4117744 0 105
4119170 0 105
4120594 0 105
4122068 0 106
4123518 0 104
4125015 0 105
4126465 0 106
4127889 0 104
4129438 0 105
4130863 0 105
4132361 0 105
4133885 0 105
4135309 0 105
4136831 0 106
4138282 0 104
4139707 0 105
4141229 0 106
4142777 0 104
4144226 0 105
4145700 0 105
4147247 0 105
4148722 0 105
4150270 0 105
4151769 0 106
4153169 0 104
4154667 0 105
4156117 0 106
4157565 0 104
4159064 0 105
4160538 0 105
4162086 0 105
4163487 0 105
4165009 0 105
4166582 0 105
4168079 0 105
4169627 0 106
4171199 0 104
4172748 0 105
4174246 0 105
4175794 0 105
4177293 0 105
4178767 0 105
4180290 0 106
4181813 0 104
4183311 0 105
4184761 0 105
4186210 0 105
4187659 0 105
4189231 0 105
4190755 0 105
4192302 0 106
4193801 0 104
4195299 0 105
4196871 0 106
4198394 0 104
4199819 0 105
4201343 0 105
4202818 0 105
4204365 0 106
4205937 0 104
4207337 0 105
4208787 0 105
4210259 0 105
4211710 0 105
4213233 0 106
4214633 0 104
4216156 0 105
4217654 0 105
4219129 0 105
4220555 0 105
4222077 0 106
4223625 0 104
4225124 0 105
4226621 0 105
4228170 0 105
4229693 0 105
4231093 0 105
4232493 0 106
4234016 0 104
4235516 0 105
4236915 0 105
4238414 0 105
4239838 0 105
4241313 0 105
4242786 0 105
4244261 0 106
4245808 0 104
4247306 0 105
4248757 0 106
4250254 0 104
4251753 0 105
4253226 0 105
4254677 0 105
4256101 0 106
4257600 0 104
4259073 0 105
4260622 0 105
4262169 0 106
4263643 0 104
4265166 0 105
4266566 0 106
4268114 0 104
4269514 0 105
4271037 0 106
4272487 0 104
4273912 0 105
4275410 0 106
4276957 0 104
4278456 0 105
4280029 0 106
4281552 0 104
4283001 0 105
4284426 0 106
4285827 0 104
4287227 0 105
4288651 0 105
4290126 0 106
4291624 0 104
4293049 0 105
4294522 0 105
4295924 0 105
4297397 0 105
4298945 0 105
4300369 0 105
4301794 0 106
4303342 0 104
4304767 0 105
