24675 0 7
26198 0 9
27697 0 11
29196 0 6
30694 0 7
32119 0 7
33642 0 5
35042 0 2
36516 0 4
37941 0 12
39366 0 22
40865 0 15
42339 0 28
43788 0 2
45286 0 22
46859 0 24
48259 0 36
49733 0 6
51305 0 21
52755 0 17
54229 0 17
55703 0 14
57103 0 24
58626 0 32
60149 0 12
61598 0 17
63048 0 22
64546 0 20
65996 0 23
67421 0 13
68846 0 35
70344 0 8
71916 0 17
73366 0 28
74864 0 10
76437 0 17
77861 0 36
79286 0 6
80858 0 23
82406 0 16
83831 0 19
85280 0 36
86754 0 7
88327 0 13
89751 0 21
91201 0 23
92650 0 17
94198 0 23
95770 0 24
97269 0 34
98816 0 7
100315 0 20
101764 0 26
103165 0 3
104639 0 16
106014 0 34
107488 0 4
109011 0 14
110436 0 32
111959 0 4
113482 0 24
114956 0 20
116480 0 15
117904 0 21
119403 0 22
120852 0 21
122302 0 13
123800 0 31
125373 0 2
126896 0 23
128444 0 21
129991 0 23
131490 0 15
133013 0 24
134413 0 26
135911 0 11
137385 0 14
138909 0 22
140481 0 24
142028 0 32
143502 0 2
144903 0 21
146352 0 24
147826 0 19
149300 0 23
150750 0 15
152199 0 35
153624 0 8
155073 0 22
156621 0 16
158119 0 33
159692 0 1
161215 0 24
162664 0 32
164114 0 4
165514 0 17
167062 0 28
168560 0 12
170009 0 15
171557 0 19
173129 0 35
174677 0 6
176151 0 15
177576 0 21
179050 0 35
180475 0 1
181998 0 21
183521 0 34
184970 0 11
186518 0 13
188041 0 15
189564 0 19
191087 0 18
192537 0 30
193912 0 3
195460 0 20
197008 0 25
198555 0 11
200005 0 21
201454 0 14
202879 0 14
204329 0 33
205729 0 9
207277 0 15
208750 0 19
210200 0 32
211625 0 3
213099 0 13
214548 0 13
215948 0 31
217447 0 4
218896 0 24
220370 0 15
221820 0 15
223269 0 18
224768 0 18
226291 0 19
227814 0 35
229214 0 3
230762 0 19
232285 0 28
233710 0 11
235258 0 21
236830 0 16
238304 0 24
239802 0 17
241325 0 21
242873 0 19
244322 0 33
245870 0 7
247393 0 13
248892 0 34
250366 0 10
251864 0 20
253461 0 35
254960 0 7
256458 0 16
257981 0 16
259455 0 23
260929 0 17
262428 0 22
263902 0 35
265376 0 1
266899 0 14
268373 0 21
269847 0 14
271345 0 20
272942 0 22
274441 0 34
275841 0 2
277340 0 22
278838 0 21
280312 0 20
281860 0 36
283309 0 9
284857 0 22
286355 0 22
287854 0 21
289352 0 30
290728 0 1
292153 0 19
293701 0 13
295224 0 20
296796 0 16
298270 0 23
299719 0 35
301243 0 10
302839 0 24
304338 0 14
305836 0 17
307310 0 25
308858 0 9
310381 0 18
311953 0 13
313477 0 35
314901 0 10
316375 0 17
317898 0 30
319299 0 6
320847 0 18
322271 0 27
323819 0 5
325244 0 19
326791 0 17
328265 0 22
329739 0 28
331213 0 4
332638 0 13
334088 0 18
335586 0 16
336986 0 19
338485 0 15
339885 0 19
341384 0 25
342833 0 4
344332 0 21
345830 0 36
347255 0 10
348729 0 16
350252 0 23
351751 0 29
353176 0 12
354625 0 24
356099 0 13
357548 0 14
358973 0 13
360521 0 19
361995 0 24
363493 0 22
365017 0 28
366491 0 9
368063 0 20
369537 0 24
371084 0 15
372583 0 24
374008 0 13
375433 0 27
376907 0 2
378430 0 18
379928 0 21
381378 0 21
382901 0 19
384449 0 13
385849 0 26
387225 0 6
388723 0 18
390172 0 15
391622 0 14
393022 0 29
394570 0 7
396019 0 19
397518 0 20
398992 0 13
400392 0 17
401915 0 24
403414 0 14
404937 0 21
406509 0 35
407958 0 6
409457 0 16
410906 0 23
412454 0 20
414002 0 34
415427 0 9
416950 0 18
418424 0 14
419824 0 14
421372 0 15
422796 0 30
424221 0 10
425720 0 14
427218 0 21
428717 0 15
430240 0 28
431665 0 12
433090 0 16
434490 0 29
436038 0 2
437463 0 22
438961 0 21
440435 0 18
441909 0 16
443383 0 14
444931 0 27
446478 0 12
447928 0 16
449402 0 36
450925 0 5
452374 0 19
453799 0 17
455273 0 15
456722 0 34
458270 0 3
459695 0 20
461267 0 30
462741 0 11
464289 0 14
465689 0 13
467188 0 24
468662 0 18
470185 0 31
471610 0 10
473182 0 17
474656 0 14
476179 0 20
477628 0 20
479127 0 13
480601 0 24
482026 0 35
483500 0 3
484998 0 17
486399 0 20
487873 0 18
489347 0 29
490870 0 12
492344 0 21
493916 0 35
495365 0 10
496815 0 22
498289 0 19
499787 0 14
501212 0 21
502735 0 27
504234 0 8
505781 0 19
507280 0 23
508754 0 15
510154 0 14
511554 0 18
513102 0 14
514625 0 30
516050 0 2
517573 0 22
519072 0 30
520423 0 7
521995 0 20
523518 0 17
524918 0 13
526392 0 16
527916 0 34
529365 0 5
530864 0 24
532411 0 29
533861 0 3
535384 0 24
536931 0 35
538332 0 5
539756 0 18
541255 0 31
542754 0 7
544252 0 22
545726 0 27
547176 0 2
548674 0 14
550148 0 30
551671 0 5
553096 0 13
554595 0 15
556118 0 31
557641 0 4
559066 0 18
560564 0 23
562087 0 14
563610 0 24
565084 0 21
566583 0 19
568155 0 33
569703 0 10
571275 0 23
572774 0 33
574297 0 6
575869 0 19
577441 0 29
578964 0 5
580438 0 24
581888 0 23
583386 0 21
584909 0 34
586432 0 9
588005 0 23
589528 0 18
591100 0 23
592525 0 14
593950 0 19
595497 0 33
596922 0 10
598396 0 22
599895 0 15
601295 0 22
602843 0 14
604268 0 27
605791 0 4
607289 0 17
608788 0 13
610188 0 31
611613 0 10
613087 0 19
614610 0 21
616084 0 16
617460 0 19
618983 0 15
620408 0 15
621857 0 33
623380 0 11
624830 0 14
626230 0 19
627679 0 14
629104 0 19
630529 0 17
631978 0 20
633428 0 26
634926 0 5
636400 0 20
637948 0 16
639446 0 24
640970 0 36
642468 0 11
643967 0 13
645392 0 16
646792 0 23
648315 0 21
649740 0 20
651238 0 32
652688 0 9
654162 0 14
655562 0 23
657036 0 16
658485 0 19
660008 0 17
661532 0 32
663079 0 3
664504 0 16
666003 0 34
667550 0 5
669049 0 17
670597 0 22
672144 0 23
673594 0 27
675018 0 4
676492 0 23
677893 0 17
679440 0 23
680963 0 18
682437 0 18
683911 0 16
685312 0 28
686835 0 1
688358 0 24
689881 0 19
691355 0 30
692829 0 9
694328 0 18
695777 0 13
697300 0 23
698774 0 32
700248 0 4
701747 0 22
703270 0 19
704793 0 21
706291 0 22
707864 0 34
709362 0 5
710836 0 20
712408 0 15
713809 0 14
715356 0 31
716855 0 3
718280 0 18
719803 0 15
721326 0 17
722874 0 13
724274 0 17
725821 0 16
727222 0 35
728671 0 12
730145 0 19
731570 0 28
732995 0 9
734518 0 18
735992 0 30
737417 0 9
738891 0 19
740340 0 18
741790 0 26
743190 0 1
744738 0 21
746236 0 13
747759 0 23
749233 0 20
750756 0 16
752181 0 36
753704 0 6
755276 0 15
756750 0 19
758323 0 36
759846 0 6
761369 0 18
762818 0 16
764317 0 14
765840 0 18
767289 0 22
768763 0 14
770286 0 35
771687 0 3
773185 0 20
774635 0 13
776060 0 35
777583 0 2
779057 0 18
780506 0 19
781955 0 28
783405 0 9
784854 0 20
786402 0 28
787900 0 11
789399 0 20
790971 0 32
792519 0 2
794067 0 23
795467 0 23
797039 0 14
798489 0 21
800061 0 23
801486 0 17
803033 0 30
804483 0 9
806006 0 18
807554 0 15
809101 0 13
810600 0 35
812123 0 1
813671 0 21
815243 0 30
816619 0 10
818068 0 13
819468 0 36
820942 0 8
822490 0 22
824062 0 32
825536 0 6
827084 0 20
828558 0 21
829983 0 15
831432 0 21
832930 0 20
834478 0 28
836001 0 4
837475 0 17
838925 0 20
840521 0 19
842020 0 34
843519 0 7
845091 0 23
846540 0 20
847990 0 18
849464 0 34
850938 0 7
852387 0 15
853836 0 33
855360 0 7
856833 0 17
858357 0 19
859880 0 26
861354 0 6
862803 0 18
864228 0 15
865702 0 18
867250 0 24
868797 0 36
870320 0 3
871868 0 21
873293 0 24
874693 0 14
876143 0 20
877641 0 13
879164 0 19
880663 0 34
882161 0 6
883709 0 24
885232 0 29
886706 0 12
888254 0 17
889679 0 35
891103 0 7
892602 0 20
894076 0 20
895574 0 25
897048 0 9
898596 0 22
900144 0 30
901593 0 7
903165 0 13
904615 0 23
906138 0 18
907686 0 23
909233 0 27
910683 0 8
912157 0 24
913704 0 18
915203 0 30
916579 0 8
918077 0 24
919576 0 24
921050 0 23
922499 0 22
924071 0 21
925619 0 27
927068 0 5
928518 0 22
930066 0 14
943960 0 101
945458 0 101
946982 0 101
948529 0 101
949954 0 101
951428 0 101
952951 0 101
954474 0 101
955924 0 101
957324 0 101
958798 0 102
960223 0 102
961746 0 102
963220 0 103
964669 0 101
966168 0 102
967642 0 103
969165 0 101
970663 0 102
972088 0 102
973562 0 102
975110 0 102
976535 0 102
978033 0 102
979434 0 103
980957 0 101
982455 0 102
983929 0 102
985477 0 102
986877 0 103
988327 0 101
989825 0 102
991373 0 102
992871 0 103
994419 0 101
995868 0 102
997342 0 103
998816 0 101
1000217 0 102
1001617 0 103
1003116 0 101
1004565 0 102
1006063 0 102
1007537 0 102
1009085 0 102
1010485 0 102
1011910 0 102
1013409 0 102
1014809 0 103
1016259 0 101
1017806 0 102
1019354 0 103
1020926 0 101
1022375 0 102
1023800 0 102
1025225 0 103
1026699 0 101
1028173 0 102
1029598 0 102
1031047 0 102
1032570 0 102
1034020 0 103
1035568 0 101
1036992 0 102
1038442 0 102
1039916 0 102
1041463 0 103
1042913 0 101
1044436 0 102
1045861 0 102
1047409 0 103
1048932 0 101
1050479 0 102
1051929 0 102
1053378 0 102
1054852 0 103
1056424 0 101
1057947 0 102
1059471 0 102
1060969 0 103
1062419 0 101
1063917 0 102
1065391 0 103
1066816 0 101
1068216 0 102
1069641 0 102
1071115 0 102
1072589 0 103
1074161 0 101
1075684 0 102
1077232 0 102
1078657 0 102
1080155 0 102
1081580 0 102
1082981 0 102
1084528 0 102
1085953 0 103
1087452 0 101
1088999 0 102
1090522 0 103
1091947 0 101
1093470 0 102
1094944 0 102
1096418 0 102
1097892 0 102
1099415 0 102
1100889 0 103
1102412 0 101
1103837 0 102
1105262 0 102
1106687 0 102
1108161 0 102
1109561 0 102
1110962 0 103
1112485 0 101
1113909 0 102
1115359 0 103
1116857 0 101
1118307 0 102
1119830 0 102
1121255 0 102
1122802 0 102
1124350 0 103
1125873 0 101
1127347 0 102
1128821 0 102
1130320 0 102
1131867 0 102
1133390 0 102
1134914 0 102
1136338 0 103
1137837 0 101
1139336 0 102
1140760 0 102
1142283 0 102
1143733 0 103
1145231 0 101
1146755 0 102
1148204 0 103
1149703 0 101
1151250 0 102
1152675 0 103
1154124 0 101
1155549 0 102
1157048 0 103
1158546 0 101
1160045 0 102
1161445 0 102
1162895 0 102
1164393 0 102
1165843 0 103
1167390 0 101
1168938 0 102
1170436 0 102
1171861 0 102
1173409 0 102
1174883 0 103
1176455 0 101
1177978 0 102
1179452 0 102
1180877 0 103
1182302 0 101
1183727 0 102
1185225 0 102
1186773 0 102
1188198 0 102
1189721 0 102
1191244 0 103
1192693 0 101
1194167 0 102
1195617 0 102
1197115 0 103
1198540 0 101
1199990 0 102
1201537 0 103
1203110 0 101
1204633 0 102
1206058 0 102
1207581 0 102
1209079 0 102
1210627 0 102
1212101 0 102
1213575 0 103
1215049 0 101
1216572 0 102
1218095 0 103
1219594 0 101
1221043 0 102
1222542 0 102
1224065 0 102
1225514 0 102
1226963 0 102
1228388 0 103
1229862 0 101
1231385 0 102
1232908 0 103
1234382 0 101
1235856 0 102
1237257 0 102
1238804 0 102
1240229 0 102
1241703 0 102
1243226 0 102
1244651 0 103
1246076 0 101
1247550 0 102
1249024 0 102
1250547 0 102
1251996 0 102
1253544 0 103
1255067 0 101
1256517 0 102
1258015 0 102
1259514 0 103
1261012 0 101
1262535 0 102
1264059 0 102
1265533 0 102
1267080 0 102
1268603 0 102
1270126 0 103
1271576 0 101
1273025 0 102
1274425 0 103
1275850 0 101
1277324 0 102
1278774 0 102
1280174 0 102
1281574 0 102
1283048 0 103
1284522 0 101
1286070 0 102
1287519 0 102
1289067 0 103
1290639 0 101
1292187 0 102
1293685 0 103
1295233 0 101
1296756 0 102
1298206 0 102
1299729 0 102
1301276 0 103
1302775 0 101
1304249 0 102
1305649 0 102
1307197 0 102
1308622 0 102
1310022 0 103
1311594 0 101
1313093 0 102
1314567 0 102
1316041 0 102
1317588 0 103
1319013 0 101
1320463 0 102
1321888 0 102
1323435 0 102
1324958 0 103
1326408 0 101
1327882 0 102
1329307 0 103
1330854 0 101
1332304 0 102
1333728 0 103
1335227 0 101
1336676 0 102
1338126 0 102
1339551 0 102
1341025 0 102
1342548 0 102
1344046 0 103
1345569 0 101
1347117 0 102
1348567 0 103
1349991 0 101
1351539 0 102
1353013 0 102
1354536 0 103
1355961 0 101
1357435 0 102
1358909 0 102
1360432 0 102
1361931 0 102
1363478 0 102
1365026 0 103
1366549 0 101
1368097 0 102
1369571 0 103
1371118 0 101
1372519 0 102
1374066 0 102
1375491 0 102
1376965 0 102
1378390 0 102
1379913 0 103
1381461 0 101
1382886 0 102
1384360 0 102
1385809 0 102
1387308 0 103
1388831 0 101
1390354 0 102
1391901 0 103
1393326 0 101
1394751 0 102
1396201 0 102
1397699 0 102
1399173 0 103
1400721 0 101
1402146 0 102
1403620 0 103
1405094 0 101
1406641 0 102
1408091 0 102
1409565 0 103
1410989 0 101
1412414 0 102
1413937 0 103
1415387 0 101
1416812 0 102
1418261 0 102
1419809 0 102
1421258 0 102
1422658 0 102
1424157 0 102
1425557 0 103
1427129 0 101
1428554 0 102
1430077 0 102
1431551 0 102
1433099 0 103
1434647 0 101
1436145 0 102
1437668 0 102
1439118 0 102
1440543 0 102
1442066 0 102
1443540 0 103
1445038 0 101
1446561 0 102
1448035 0 102
1449485 0 102
1450885 0 102
1452285 0 102
1453784 0 102
1455332 0 103
1456806 0 101
1458329 0 102
1459729 0 102
1461154 0 103
1462726 0 101
1464249 0 102
1465674 0 102
1467222 0 103
1468745 0 101
1470170 0 102
1471570 0 102
1473093 0 103
1474542 0 101
1476065 0 102
1477466 0 102
1478989 0 102
1480512 0 102
1481937 0 103
1483362 0 101
1484787 0 102
1486211 0 102
1487759 0 102
1489258 0 103
1490805 0 101
1492353 0 102
1493851 0 102
1495252 0 102
1496726 0 103
1498151 0 101
1499576 0 102
1501049 0 102
1502573 0 102
1504046 0 103
1505570 0 101
1507068 0 102
1508591 0 103
1510163 0 101
1511711 0 102
1513185 0 103
1514684 0 101
1516084 0 102
1517533 0 102
1519032 0 102
1520506 0 102
1522029 0 102
1523552 0 102
1524977 0 103
1526426 0 101
1527925 0 102
1529350 0 102
1530897 0 103
1532371 0 101
1533845 0 102
1535270 0 103
1536695 0 101
1538218 0 102
1539668 0 102
1541215 0 103
1542714 0 101
1544139 0 102
1545613 0 102
1547062 0 102
1548561 0 102
1550010 0 102
1551558 0 103
1553056 0 101
1554530 0 102
1556029 0 103
1557478 0 101
1559001 0 102
1560500 0 103
1562072 0 101
1563620 0 102
1565069 0 102
1566568 0 102
1568017 0 102
1569516 0 103
1571088 0 101
1572488 0 102
1573913 0 103
1575338 0 101
1576836 0 102
1578261 0 102
1579760 0 102
1581307 0 103
1582757 0 101
1584305 0 102
1585754 0 102
1587302 0 102
1588726 0 102
1590176 0 102
1591724 0 103
1593148 0 101
1594598 0 102
1596047 0 102
1597546 0 102
1599020 0 102
1600518 0 103
1602041 0 101
1603466 0 102
1604891 0 102
1606341 0 102
1607765 0 103
1609288 0 101
1610836 0 102
1612261 0 102
1613735 0 102
1615209 0 102
1616683 0 103
1618108 0 101
1619508 0 102
1620933 0 102
1622358 0 102
1623758 0 102
1625207 0 102
1626608 0 102
1628155 0 102
1629678 0 103
1631251 0 101
1632651 0 102
1634125 0 102
1635525 0 102
1637024 0 102
1638571 0 103
1640119 0 101
1641667 0 102
1643165 0 102
1644664 0 102
1646089 0 103
1647612 0 101
1649110 0 102
1650535 0 103
1652058 0 101
1653557 0 102
1655105 0 103
1656579 0 101
1658102 0 102
1659502 0 102
1661050 0 103
1662548 0 101
1664022 0 102
1665472 0 102
1666970 0 102
1668469 0 103
1669943 0 101
1671392 0 102
1672817 0 103
1674266 0 101
1675740 0 102
1677190 0 102
1678664 0 102
1680138 0 102
1681562 0 102
1682963 0 102
1684486 0 103
1685984 0 101
1687385 0 102
1688908 0 102
1690431 0 102
1691954 0 103
1693452 0 101
1694853 0 102
1696351 0 103
1697874 0 101
1699422 0 102
1700896 0 102
1702321 0 103
1703746 0 101
1705171 0 102
1706669 0 102
1708143 0 102
1709617 0 102
1711017 0 102
1712442 0 102
1713867 0 102
1715341 0 103
1716815 0 101
1718314 0 102
1719714 0 103
1721286 0 101
1722760 0 102
1724234 0 102
1725782 0 102
1727305 0 102
1728730 0 103
1730155 0 101
1731629 0 102
1733152 0 103
1734626 0 101
1736100 0 102
1737574 0 102
1739121 0 102
1740620 0 102
1742143 0 102
1743568 0 102
1745115 0 103
1746688 0 101
1748211 0 102
1749636 0 102
1751134 0 102
1752559 0 102
1754082 0 103
1755531 0 101
1756956 0 102
1758504 0 102
1759904 0 103
1761354 0 101
1762754 0 102
1764228 0 103
1765800 0 101
1767200 0 102
1768650 0 102
1770050 0 103
1771475 0 101
1773023 0 102
1774448 0 102
1775971 0 102
1777395 0 102
1778869 0 102
1780294 0 102
1781695 0 103
1783242 0 101
1784643 0 102
1786043 0 102
1787541 0 102
1789015 0 102
1790514 0 102
1792037 0 102
1793462 0 102
1794911 0 103
1796483 0 101
1797957 0 102
1799407 0 102
1800832 0 102
1802281 0 102
1803780 0 103
1805303 0 101
1806826 0 102
1808349 0 102
1809798 0 102
1811272 0 102
1812722 0 103
1814171 0 101
1815719 0 102
1817217 0 102
1818691 0 102
1820190 0 102
1821664 0 103
1823089 0 101
1824489 0 102
1826037 0 103
1827511 0 101
1828911 0 102
1830459 0 102
1831883 0 103
1833431 0 101
1834856 0 102
1836355 0 103
1837902 0 101
1839376 0 102
1840924 0 102
1842373 0 102
1843847 0 102
1845370 0 102
2187651 0 47
2189075 0 38
2190476 0 37
2191999 0 37
2193473 0 37
2194971 0 42
2196494 0 46
2198067 0 39
2199516 0 38
2200965 0 47
2202464 0 54
2204012 0 52
2205461 0 69
2207009 0 45
2208507 0 58
2210104 0 70
2211627 0 37
2213150 0 49
2214649 0 57
2216172 0 54
2217671 0 68
2219194 0 45
2220643 0 59
2222142 0 60
2223591 0 50
2225016 0 50
2226564 0 68
2228087 0 43
2229536 0 55
2231010 0 51
2232558 0 71
2233958 0 38
2235506 0 56
2236930 0 58
2238527 0 67
2239977 0 41
2241426 0 50
2242998 0 57
2244497 0 59
2246020 0 53
2247519 0 55
2249017 0 49
2250491 0 71
2252039 0 43
2253464 0 56
2255011 0 60
2256559 0 51
2258057 0 72
2259482 0 40
2260932 0 52
2262406 0 63
2263904 0 37
2265427 0 51
2266975 0 68
2268474 0 43
2270021 0 55
2271520 0 58
2273068 0 68
2274640 0 42
2276114 0 53
2277539 0 68
2278963 0 40
2280388 0 58
2281936 0 71
2283410 0 40
2284835 0 51
2286358 0 55
2287832 0 56
2289257 0 58
2290731 0 52
2292229 0 51
2293728 0 67
2295177 0 43
2296651 0 58
2298150 0 64
2299673 0 40
2301147 0 54
2302694 0 61
2304168 0 48
2305618 0 56
2307190 0 59
2308689 0 55
2310113 0 49
2311587 0 56
2313037 0 70
2314413 0 37
2315887 0 54
2317287 0 68
2318761 0 46
2320210 0 60
2321660 0 60
2323134 0 61
2324608 0 38
2326155 0 53
2327654 0 63
2329226 0 45
2330675 0 49
2332174 0 54
2333623 0 52
2335146 0 51
2336620 0 70
2338094 0 45
2339544 0 55
2341018 0 49
2342565 0 61
2344015 0 39
2345464 0 58
2346938 0 72
2348437 0 39
2349935 0 57
2351434 0 49
2352957 0 60
2354505 0 60
2356077 0 67
2357625 0 48
2359123 0 56
2360695 0 53
2362120 0 67
2363668 0 48
2365142 0 55
2366690 0 57
2368188 0 54
2369662 0 55
2371087 0 54
2372512 0 64
2374010 0 39
2375484 0 50
2376983 0 69
2378408 0 39
2379980 0 57
2381528 0 70
2382903 0 46
2384451 0 50
2385999 0 67
2387473 0 42
2388971 0 49
2390519 0 53
2391968 0 55
2393442 0 68
2394965 0 41
2396538 0 57
2398085 0 59
2399535 0 49
2400935 0 57
2402360 0 63
2403785 0 45
2405209 0 54
2406708 0 56
2408231 0 52
2409754 0 64
2411179 0 38
2412727 0 57
2414225 0 71
2415675 0 43
2417198 0 51
2418672 0 66
2420195 0 43
2421718 0 58
2423192 0 49
2424641 0 60
2426214 0 53
2427786 0 72
2429284 0 43
2430734 0 51
2432159 0 49
2433657 0 49
2435131 0 52
2436679 0 53
2438202 0 71
2439627 0 45
2441052 0 52
2442599 0 56
2444024 0 53
2445572 0 55
2447144 0 54
2448667 0 54
2450092 0 49
2451517 0 64
2453040 0 44
2454465 0 55
2456013 0 52
2457560 0 50
2459108 0 51
2460606 0 58
2462080 0 58
2463604 0 71
2465102 0 40
2466527 0 49
2467952 0 56
2469499 0 64
2470973 0 42
2472398 0 54
2473823 0 50
2475371 0 56
2476869 0 58
2478319 0 60
2479744 0 61
2481218 0 47
2482741 0 49
2484215 0 68
2485689 0 47
2487236 0 51
2488735 0 64
2490258 0 48
2491830 0 57
2493427 0 68
2494852 0 40
2496350 0 56
2497824 0 58
2499298 0 61
2500797 0 37
2502197 0 56
2503696 0 51
2505121 0 50
2506619 0 54
2508118 0 53
2509542 0 67
2511115 0 39
2512638 0 55
2514087 0 72
2515487 0 45
2516937 0 50
2518386 0 50
2519909 0 58
2521334 0 54
2522784 0 55
2524258 0 61
2525805 0 47
2527279 0 55
2528729 0 57
2530227 0 57
2531750 0 49
2533274 0 49
2534698 0 70
2536197 0 45
2537745 0 52
2539218 0 51
2540742 0 53
2542240 0 56
2543714 0 70
2545114 0 42
2546564 0 60
2548013 0 69
2549585 0 46
2551035 0 50
2552484 0 54
2553909 0 64
2555309 0 43
2556734 0 55
2558159 0 69
2559707 0 44
2561205 0 55
2562679 0 60
2564227 0 52
2565701 0 55
2567150 0 63
2568673 0 41
2570172 0 51
2571720 0 54
2573243 0 54
2574766 0 49
2576191 0 59
2577763 0 50
2579262 0 68
2580809 0 47
2582308 0 50
2583733 0 55
2585207 0 54
2586656 0 60
2588204 0 60
2589653 0 55
2591152 0 72
2592626 0 41
2594075 0 57
2595647 0 56
2597219 0 53
2598743 0 64
2600241 0 40
2601641 0 60
2603189 0 66
2604712 0 47
2606260 0 50
2607709 0 53
2609257 0 54
2610706 0 67
2612205 0 37
2613753 0 54
2615251 0 69
2616676 0 39
2618150 0 59
2619649 0 60
2621221 0 54
2622719 0 58
2624316 0 51
2625839 0 62
2627313 0 39
2628787 0 56
2630261 0 57
2631710 0 56
2633258 0 52
2634806 0 60
2636231 0 63
2637729 0 46
2639277 0 59
2640751 0 72
2642151 0 40
2643723 0 49
2645148 0 59
2646622 0 53
2648170 0 49
2649644 0 57
2651093 0 60
2652592 0 52
2654066 0 71
2655589 0 40
2657137 0 56
2658561 0 57
2660011 0 51
2661485 0 59
2662983 0 54
2664408 0 67
2665907 0 41
2667332 0 57
2668830 0 60
2670329 0 58
2671901 0 51
2673326 0 59
2674775 0 72
2676175 0 39
2677600 0 60
2679050 0 65
2680622 0 41
2682145 0 60
2683619 0 59
2685167 0 51
2686616 0 63
2688164 0 38
2689687 0 57
2691161 0 64
2692709 0 48
2694281 0 56
2695779 0 62
2697180 0 39
2698678 0 52
2700152 0 60
2701675 0 60
2703223 0 72
2704672 0 43
2706146 0 56
2707719 0 68
2709217 0 40
2710642 0 55
2712116 0 50
2713565 0 56
2715113 0 49
2716612 0 53
2718037 0 63
2719510 0 41
2720984 0 60
2722434 0 54
2723883 0 50
2725308 0 68
2726757 0 43
2728305 0 56
2729755 0 60
2731228 0 60
2732752 0 60
2734299 0 49
2735773 0 72
2737198 0 45
2738746 0 49
2740220 0 67
2741620 0 44
2743069 0 57
2744617 0 52
2746091 0 53
2747516 0 71
2748990 0 43
2750538 0 52
2752085 0 49
2753608 0 49
2755131 0 50
2756655 0 52
2758202 0 53
2759676 0 68
2761175 0 44
2762698 0 59
2764172 0 59
2765695 0 50
2767218 0 53
2768790 0 63
2770313 0 46
2771886 0 53
2773433 0 56
2774956 0 60
2776430 0 62
2777831 0 48
2779256 0 51
2780754 0 52
2782253 0 53
2783776 0 54
2785274 0 70
2786748 0 38
2788247 0 60
2789672 0 52
2791096 0 57
2792644 0 58
2794241 0 55
2795789 0 57
2797312 0 60
2798810 0 66
2800260 0 47
2801660 0 50
2803232 0 52
2804804 0 56
2806278 0 49
2807777 0 53
2809300 0 55
2810823 0 65
2812297 0 40
2813845 0 50
2815294 0 56
2816842 0 49
2818390 0 62
2819814 0 39
2821362 0 59
2822861 0 51
2824408 0 56
2825882 0 59
2827307 0 65
2828707 0 47
2830157 0 51
2831631 0 49
2833105 0 49
2834554 0 60
2836077 0 49
2837625 0 56
2839099 0 63
2840598 0 39
2842072 0 53
2843619 0 62
2845069 0 38
2846543 0 53
2848115 0 70
2849564 0 45
2851038 0 54
2852561 0 53
2854109 0 72
2855558 0 44
2857008 0 57
2858555 0 65
2860054 0 45
2861479 0 60
2862953 0 60
2864427 0 50
2865925 0 50
2867375 0 52
2868849 0 62
2870396 0 46
2871821 0 57
2873295 0 51
2874843 0 56
2876341 0 51
2877840 0 52
2879289 0 68
2880813 0 39
2882360 0 56
2883834 0 63
2885357 0 46
2886930 0 53
2888354 0 71
2889853 0 38
2891327 0 49
2892776 0 52
2894201 0 52
2895773 0 65
2897346 0 42
2898746 0 55
2900269 0 54
2901792 0 66
2903315 0 46
2904887 0 55
2906361 0 57
2907885 0 68
2909309 0 38
2910783 0 54
2912331 0 71
2913854 0 47
2915377 0 54
2916900 0 68
2918424 0 47
2919824 0 56
2921322 0 56
2922747 0 58
2924172 0 54
2925621 0 72
2927095 0 41
2928619 0 57
2930043 0 70
2931493 0 47
2932942 0 52
2934441 0 66
2935939 0 45
2937389 0 50
2938863 0 55
2940435 0 61
2942007 0 42
2943555 0 54
2944980 0 59
2946478 0 57
2948026 0 58
2949500 0 67
2950974 0 48
2952472 0 52
2953946 0 54
2955420 0 57
2956968 0 53
2958516 0 51
2959940 0 61
2961488 0 48
2963036 0 50
2964584 0 50
2966057 0 59
2967556 0 56
2969079 0 64
2970627 0 42
2972052 0 52
2973599 0 50
2975147 0 57
2976646 0 52
2978120 0 67
2979544 0 40
2981092 0 50
2982541 0 49
2984040 0 49
2985489 0 69
2986988 0 46
2988437 0 53
2989887 0 52
2991336 0 53
2992859 0 49
2994333 0 54
2995832 0 51
2997330 0 54
2998878 0 66
3000450 0 39
3001900 0 58
3003349 0 71
3004897 0 37
3006395 0 54
3007845 0 59
3009319 0 49
3010866 0 53
3012414 0 58
3013937 0 50
3015460 0 62
3016983 0 40
3018408 0 58
3019981 0 54
3021430 0 53
3022953 0 67
3024476 0 39
3025950 0 54
3027375 0 49
3028873 0 53
3030298 0 55
3031748 0 51
3033246 0 61
3034794 0 45
3036317 0 51
3037717 0 58
3039191 0 53
3040739 0 49
3042238 0 49
3043687 0 66
3045136 0 39
3046709 0 52
3048133 0 52
3049657 0 59
3051155 0 51
3052629 0 69
3054103 0 48
3055602 0 56
3057149 0 65
3058574 0 38
3060073 0 50
3061596 0 55
3063021 0 49
3064495 0 51
3066018 0 55
3067565 0 71
3069039 0 38
3070489 0 58
3072012 0 58
3073510 0 59
3074960 0 64
3076507 0 39
3078055 0 59
3079554 0 68
3081077 0 45
3082625 0 49
3084025 0 62
3085450 0 46
3086973 0 53
3088471 0 59
3089896 0 50
3091345 0 65
3092893 0 43
3094465 0 50
3095890 0 60
3111256 0 104
3112730 0 104
3114180 0 104
3115727 0 104
3117152 0 104
3118552 0 104
3119977 0 104
3121451 0 104
3122876 0 104
3124325 0 104
3125726 0 105
3127249 0 105
3128747 0 106
3130246 0 104
3131744 0 105
3133268 0 106
3134815 0 104
3136314 0 105
3137837 0 105
3139335 0 105
3140859 0 105
3142332 0 105
3143856 0 106
3145305 0 104
3146730 0 105
3148179 0 105
3149678 0 105
3151127 0 105
3152527 0 105
3154051 0 105
3155574 0 105
3156974 0 106
3158497 0 104
3159996 0 105
3161494 0 106
3163066 0 104
3164467 0 105
3165941 0 106
3167489 0 104
3168987 0 105
3170412 0 106
3171837 0 104
3173286 0 105
3174785 0 106
3176234 0 104
3177659 0 105
3179108 0 105
3180607 0 105
3182032 0 106
3183506 0 104
3185029 0 105
3186454 0 105
3187952 0 105
3189401 0 105
3190802 0 105
3192276 0 106
3193823 0 104
3195224 0 105
3196722 0 106
3198245 0 104
3199768 0 105
3201292 0 106
3202815 0 104
3204338 0 105
3205861 0 105
3207409 0 105
3208858 0 105
3210307 0 105
3211880 0 105
3213427 0 105
3214901 0 106
3216449 0 104
3217898 0 105
3219323 0 105
3220748 0 105
3222247 0 105
3223794 0 106
3225268 0 104
3226718 0 105
3228216 0 105
3229616 0 106
3231115 0 104
3232515 0 105
3234038 0 105
3235586 0 105
3237134 0 105
3238681 0 105
3240131 0 106
3241679 0 104
3243152 0 105
3244577 0 105
3246076 0 105
3247574 0 106
3249024 0 104
3250571 0 105
3252070 0 106
3253495 0 104
3254969 0 105
3256517 0 105
3258015 0 105
3259489 0 105
3261037 0 106
3262486 0 104
3263960 0 105
3265508 0 106
3266957 0 104
3268358 0 105
3269831 0 105
3271379 0 105
3272804 0 105
3274352 0 106
3275875 0 104
3277324 0 105
3278749 0 105
3280223 0 105
3281672 0 105
3283097 0 105
3284547 0 106
3286021 0 104
3287445 0 105
3288870 0 105
3290393 0 106
3291941 0 104
3293341 0 105
3294742 0 105
3296216 0 105
3297665 0 105
3299090 0 105
3300588 0 105
3302136 0 105
3303561 0 106
3305035 0 104
3306558 0 105
3308081 0 105
3309555 0 105
3311103 0 105
3312528 0 105
3313952 0 105
3315402 0 105
3316827 0 106
3318325 0 104
3319750 0 105
3321175 0 105
3322600 0 106
3324000 0 104
3325400 0 105
3326899 0 105
3328373 0 106
3329798 0 104
3331321 0 105
3332844 0 105
3334392 0 105
3335939 0 105
3337389 0 106
3338814 0 104
3340337 0 105
3341860 0 105
3343309 0 105
3344759 0 105
3346282 0 106
3347682 0 104
3349131 0 105
3350605 0 105
3352030 0 105
3353553 0 105
3355052 0 106
3356550 0 104
3358024 0 105
3359474 0 105
3361021 0 105
3362569 0 105
3363994 0 106
3365443 0 104
3366966 0 105
3368539 0 105
3370013 0 105
3371511 0 105
3372985 0 105
3374410 0 105
3375810 0 106
3377358 0 104
3378807 0 105
3380281 0 105
3381731 0 105
3383205 0 105
3384605 0 106
3386104 0 104
3387578 0 105
3389027 0 105
3390575 0 105
3392073 0 105
3393621 0 105
3395046 0 105
3396593 0 105
3398092 0 106
3399640 0 104
3401114 0 105
3402637 0 106
3404037 0 104
3405486 0 105
3406936 0 106
3408410 0 104
3409859 0 105
3411284 0 105
3412684 0 105
3414207 0 106
3415608 0 104
3417033 0 105
3418531 0 106
3420030 0 104
3421479 0 105
3422904 0 105
3424304 0 105
3425778 0 106
3427203 0 104
3428603 0 105
3430053 0 105
3431576 0 105
3433050 0 106
3434524 0 104
3436071 0 105
3437545 0 106
3439019 0 104
3440444 0 105
3441967 0 105
3443392 0 105
3444842 0 105
3446389 0 105
3447912 0 106
3449460 0 104
3450885 0 105
3452359 0 105
3453808 0 105
3455233 0 106
3456732 0 104
3458304 0 105
3459802 0 105
3461301 0 106
3462800 0 104
3464298 0 105
3465797 0 105
3467344 0 106
3468892 0 104
3470415 0 105
3471865 0 105
3473289 0 106
3474714 0 104
3476114 0 105
3477539 0 106
3478940 0 104
3480414 0 105
3481888 0 105
3483288 0 105
3484713 0 106
3486236 0 104
3487759 0 105
3489307 0 105
3490756 0 105
3492181 0 105
3493655 0 105
3495080 0 106
3496603 0 104
3498052 0 105
3499600 0 105
3501123 0 105
3502671 0 105
3504218 0 105
3505791 0 106
3507265 0 104
3508763 0 105
3510212 0 105
3511686 0 106
3513136 0 104
3514634 0 105
3516133 0 106
3517558 0 104
3518958 0 105
3520383 0 105
3521857 0 105
3523331 0 106
3524829 0 104
3526303 0 105
3527753 0 105
3529178 0 106
3530652 0 104
3532175 0 105
3533722 0 106
3535270 0 104
3536670 0 105
3538071 0 105
3539594 0 105
3540994 0 105
3542542 0 106
3544065 0 104
3545490 0 105
3546964 0 105
3548511 0 105
3550059 0 105
3551582 0 105
3553081 0 105
3554604 0 105
3556029 0 106
3557527 0 104
3559099 0 105
3560622 0 105
3562072 0 105
3563546 0 106
3565093 0 104
3566567 0 105
3568115 0 106
3569638 0 104
3571137 0 105
3572684 0 105
3574158 0 105
3575608 0 106
3577156 0 104
3578605 0 105
3580054 0 106
3581504 0 104
3583051 0 105
3584599 0 105
3586024 0 105
3587449 0 106
3588947 0 104
3590421 0 105
3591822 0 106
3593369 0 104
3594942 0 105
3596391 0 106
3597914 0 104
3599462 0 105
3600985 0 106
3602434 0 104
3603884 0 105
3605358 0 105
3606758 0 105
3608256 0 105
3609681 0 105
3611204 0 105
3612654 0 106
3614128 0 104
3615651 0 105
3617051 0 106
3618574 0 104
3619975 0 105
3621522 0 105
3622972 0 105
3624421 0 105
3625920 0 105
3627369 0 105
3628843 0 106
3630342 0 104
3631889 0 105
3633314 0 105
3634739 0 105
3636287 0 105
3637761 0 105
3639161 0 106
3640659 0 104
3642109 0 105
3643583 0 106
3645008 0 104
3646408 0 105
3647931 0 106
3649356 0 104
3650928 0 105
3652328 0 106
3653876 0 104
3655399 0 105
3656898 0 106
3658396 0 104
3659944 0 105
3661492 0 105
3662941 0 105
3664366 0 105
3665913 0 105
3667412 0 106
3668935 0 104
3670385 0 105
3671785 0 105
3673308 0 105
3674708 0 105
3676133 0 105
3677582 0 105
3678983 0 106
3680481 0 104
3681931 0 105
3683429 0 105
3684977 0 105
3686402 0 105
3687949 0 106
3689448 0 104
3690922 0 105
3692322 0 106
3693772 0 104
3695172 0 105
3696670 0 106
3698144 0 104
3699594 0 105
3700994 0 106
3702419 0 104
3703844 0 105
3705293 0 105
3706694 0 106
3708192 0 104
3709617 0 105
3711017 0 105
3712417 0 105
3713842 0 105
3715390 0 106
3716790 0 104
3718191 0 105
3719664 0 105
3721163 0 106
3722686 0 104
3724160 0 105
3725610 0 105
3727034 0 105
3728459 0 105
3729982 0 106
3731481 0 104
3733029 0 105
3734503 0 105
3736026 0 105
3737475 0 105
3738924 0 105
3740399 0 106
3741897 0 104
3743322 0 105
3744820 0 105
3746245 0 106
3747695 0 104
3749218 0 105
3750618 0 105
3752043 0 105
3753492 0 105
3754942 0 105
3756416 0 105
3757988 0 106
3759462 0 104
3760911 0 105
3762336 0 106
3763761 0 104
3765186 0 105
3766586 0 105
3768085 0 105
3769632 0 105
3771057 0 105
3772531 0 106
3774030 0 104
3775553 0 105
3777051 0 106
3778599 0 104
3780048 0 105
3781596 0 105
3783045 0 105
3784593 0 105
3786018 0 106
3787517 0 104
3788941 0 105
3790464 0 106
3791889 0 104
3793314 0 105
3794813 0 105
3796213 0 106
3797662 0 104
3799063 0 105
3800610 0 106
3802109 0 104
3803509 0 105
3804909 0 106
3806408 0 104
3807882 0 105
3809331 0 105
3810854 0 105
3812304 0 105
3813753 0 105
3815227 0 106
3816750 0 104
3818200 0 105
3819747 0 106
3821197 0 104
3822622 0 105
3824022 0 105
3825496 0 106
3826970 0 104
3828395 0 105
3829918 0 105
3831343 0 106
3832792 0 104
3834217 0 105
3835765 0 105
3837190 0 105
3838737 0 105
3840187 0 105
3841685 0 105
3843257 0 105
3844682 0 106
3846181 0 104
3847728 0 105
3849202 0 105
3850676 0 105
3852126 0 106
3853624 0 104
3855123 0 105
3856695 0 105
3858145 0 105
3859594 0 105
3861142 0 106
3862591 0 104
3864016 0 105
3865465 0 105
3866890 0 105
3868364 0 105
3869838 0 105
3871263 0 106
3872786 0 104
3874334 0 105
3875857 0 105
3877282 0 106
3878707 0 104
3880254 0 105
3881728 0 105
3883153 0 106
3884627 0 104
3886027 0 105
3887501 0 105
3888951 0 105
3890498 0 105
3891948 0 106
3893471 0 104
3894896 0 105
3896419 0 106
3897917 0 104
3899342 0 105
3900792 0 105
3902290 0 105
3903715 0 105
3905164 0 105
3906712 0 105
3908137 0 106
3909685 0 104
3911232 0 105
3912780 0 105
3914279 0 105
3915802 0 105
3917226 0 105
3918725 0 106
3920174 0 104
3921648 0 105
3923147 0 105
3924621 0 105
3926070 0 105
3927495 0 105
3928969 0 106
3930443 0 104
3931893 0 105
3933317 0 105
3934816 0 105
3936290 0 105
3937739 0 105
3939287 0 105
3940712 0 106
3942260 0 104
3943807 0 105
3945281 0 106
3946780 0 104
3948303 0 105
3949801 0 105
3951226 0 106
3952725 0 104
3954272 0 105
3955771 0 106
3957319 0 104
3958768 0 105
3960242 0 106
3961814 0 104
3963264 0 105
3964689 0 105
3966236 0 105
3967661 0 105
3969184 0 106
3970732 0 104
3972157 0 105
3973655 0 106
3975105 0 104
3976628 0 105
3978151 0 105
3979625 0 105
3981074 0 105
3982524 0 106
3984047 0 104
3985472 0 105
3986896 0 105
3988297 0 105
3989746 0 105
3991294 0 105
3992694 0 106
3994168 0 104
3995568 0 105
3997067 0 106
3998541 0 104
3999966 0 105
4001464 0 106
4002914 0 104
4004388 0 105
4005837 0 105
4007262 0 105
4008662 0 105
4010185 0 105
