6.920000000000000000e+02 7.577187500000000000e+02
1.051000000000000000e+03 8.295583496093750000e+02
7.010000000000000000e+02 7.791334838867187500e+02
8.800000000000000000e+02 8.573126220703125000e+02
3.260000000000000000e+02 5.570806884765625000e+02
5.030000000000000000e+02 6.719495239257812500e+02
1.045000000000000000e+03 6.656494750976562500e+02
1.055000000000000000e+03 9.230964355468750000e+02
6.910000000000000000e+02 8.050123901367187500e+02
8.740000000000000000e+02 8.567214965820312500e+02
8.690000000000000000e+02 7.916301879882812500e+02
1.040000000000000000e+03 8.536563720703125000e+02
3.300000000000000000e+02 6.052269897460937500e+02
3.470000000000000000e+02 5.772087402343750000e+02
6.810000000000000000e+02 8.266534423828125000e+02
6.930000000000000000e+02 6.159220581054687500e+02
6.900000000000000000e+02 7.968287963867187500e+02
8.680000000000000000e+02 7.940488281250000000e+02
1.048000000000000000e+03 9.613560180664062500e+02
6.940000000000000000e+02 8.962854003906250000e+02
3.290000000000000000e+02 5.245048217773437500e+02
8.660000000000000000e+02 8.177667236328125000e+02
1.047000000000000000e+03 9.889989624023437500e+02
8.380000000000000000e+02 9.682264404296875000e+02
5.120000000000000000e+02 5.707516479492187500e+02
8.710000000000000000e+02 7.564131469726562500e+02
1.046000000000000000e+03 8.689287109375000000e+02
1.042000000000000000e+03 6.703378906250000000e+02
1.046000000000000000e+03 9.548778686523437500e+02
6.910000000000000000e+02 8.458232421875000000e+02
7.030000000000000000e+02 8.188984375000000000e+02
8.650000000000000000e+02 8.627926635742187500e+02
1.043000000000000000e+03 7.342854614257812500e+02
5.250000000000000000e+02 7.552608032226562500e+02
1.227000000000000000e+03 7.836931152343750000e+02
8.800000000000000000e+02 8.383364868164062500e+02
8.700000000000000000e+02 8.211239013671875000e+02
3.300000000000000000e+02 5.672774658203125000e+02
3.310000000000000000e+02 5.952977294921875000e+02
8.710000000000000000e+02 7.661095581054687500e+02
1.049000000000000000e+03 7.110173339843750000e+02
5.180000000000000000e+02 9.261936645507812500e+02
1.049000000000000000e+03 9.756028442382812500e+02
1.230000000000000000e+03 9.683026733398437500e+02
6.920000000000000000e+02 6.080543823242187500e+02
3.300000000000000000e+02 5.262248535156250000e+02
3.320000000000000000e+02 5.663941040039062500e+02
6.870000000000000000e+02 8.595245361328125000e+02
3.320000000000000000e+02 5.753673706054687500e+02
1.223000000000000000e+03 8.783086547851562500e+02
1.054000000000000000e+03 9.366235961914062500e+02
3.310000000000000000e+02 5.149384155273437500e+02
8.700000000000000000e+02 9.218757934570312500e+02
3.340000000000000000e+02 5.145260620117187500e+02
3.290000000000000000e+02 5.663536987304687500e+02
6.870000000000000000e+02 9.122102661132812500e+02
5.140000000000000000e+02 5.519440917968750000e+02
8.700000000000000000e+02 9.319141845703125000e+02
1.048000000000000000e+03 7.757306518554687500e+02
5.070000000000000000e+02 5.669933471679687500e+02
6.920000000000000000e+02 7.052572021484375000e+02
5.140000000000000000e+02 6.734248046875000000e+02
1.231000000000000000e+03 8.554307861328125000e+02
1.055000000000000000e+03 8.785309448242187500e+02
1.064000000000000000e+03 9.175378417968750000e+02
8.840000000000000000e+02 9.161705932617187500e+02
1.052000000000000000e+03 9.738952026367187500e+02
8.730000000000000000e+02 8.637334594726562500e+02
1.049000000000000000e+03 8.887122192382812500e+02
1.050000000000000000e+03 8.006829223632812500e+02
6.900000000000000000e+02 6.332607421875000000e+02
6.930000000000000000e+02 8.578789672851562500e+02
6.870000000000000000e+02 8.867417602539062500e+02
6.900000000000000000e+02 7.953716430664062500e+02
5.160000000000000000e+02 7.709628295898437500e+02
6.830000000000000000e+02 6.389468994140625000e+02
1.045000000000000000e+03 7.557913208007812500e+02
8.750000000000000000e+02 5.475608520507812500e+02
8.700000000000000000e+02 6.927725830078125000e+02
1.058000000000000000e+03 9.934234619140625000e+02
3.370000000000000000e+02 8.036962280273437500e+02
3.290000000000000000e+02 6.777682495117187500e+02
5.110000000000000000e+02 7.414204711914062500e+02
6.860000000000000000e+02 7.813114013671875000e+02
8.780000000000000000e+02 8.462985839843750000e+02
6.980000000000000000e+02 8.905798339843750000e+02
8.720000000000000000e+02 6.680585327148437500e+02
8.580000000000000000e+02 7.181106567382812500e+02
6.980000000000000000e+02 7.858049316406250000e+02
8.700000000000000000e+02 7.878998413085937500e+02
3.260000000000000000e+02 6.367474975585937500e+02
3.370000000000000000e+02 5.554944458007812500e+02
8.670000000000000000e+02 9.564904174804687500e+02
8.620000000000000000e+02 8.194605712890625000e+02
3.300000000000000000e+02 5.181084594726562500e+02
5.100000000000000000e+02 5.630059204101562500e+02
3.300000000000000000e+02 5.092492065429687500e+02
6.900000000000000000e+02 6.461034545898437500e+02
5.180000000000000000e+02 6.019295043945312500e+02
7.150000000000000000e+02 8.229865722656250000e+02
1.045000000000000000e+03 9.057984619140625000e+02
8.650000000000000000e+02 9.694717407226562500e+02
6.950000000000000000e+02 9.111385498046875000e+02
