6.230000000000000000e+02 6.489246826171875000e+02
7.120000000000000000e+02 6.511707153320312500e+02
6.200000000000000000e+02 6.893023681640625000e+02
7.070000000000000000e+02 6.214899291992187500e+02
7.280000000000000000e+02 6.174743041992187500e+02
5.520000000000000000e+02 6.623786621093750000e+02
6.300000000000000000e+02 6.488753662109375000e+02
5.140000000000000000e+02 5.666735229492187500e+02
6.960000000000000000e+02 6.352345581054687500e+02
4.910000000000000000e+02 6.322912597656250000e+02
6.100000000000000000e+02 6.582185058593750000e+02
7.450000000000000000e+02 6.116936035156250000e+02
5.400000000000000000e+02 5.989295654296875000e+02
6.170000000000000000e+02 6.375133666992187500e+02
6.180000000000000000e+02 6.234503784179687500e+02
7.460000000000000000e+02 6.391884765625000000e+02
5.310000000000000000e+02 6.338582153320312500e+02
5.690000000000000000e+02 6.290289306640625000e+02
6.650000000000000000e+02 6.009972534179687500e+02
6.180000000000000000e+02 5.767325439453125000e+02
7.440000000000000000e+02 6.469674682617187500e+02
4.930000000000000000e+02 7.398880004882812500e+02
5.810000000000000000e+02 6.171015014648437500e+02
6.170000000000000000e+02 6.100977172851562500e+02
6.950000000000000000e+02 6.114290161132812500e+02
4.940000000000000000e+02 6.103831787109375000e+02
4.890000000000000000e+02 6.704827880859375000e+02
6.000000000000000000e+02 6.596820678710937500e+02
4.870000000000000000e+02 6.051361083984375000e+02
4.870000000000000000e+02 6.447042846679687500e+02
7.330000000000000000e+02 6.611311035156250000e+02
6.230000000000000000e+02 6.153952636718750000e+02
5.890000000000000000e+02 6.300964355468750000e+02
6.790000000000000000e+02 6.829080810546875000e+02
5.620000000000000000e+02 6.519660034179687500e+02
6.740000000000000000e+02 6.102630615234375000e+02
5.910000000000000000e+02 6.006434326171875000e+02
6.260000000000000000e+02 6.193838500976562500e+02
7.560000000000000000e+02 6.083020629882812500e+02
6.610000000000000000e+02 6.720714721679687500e+02
6.970000000000000000e+02 6.296229248046875000e+02
7.130000000000000000e+02 6.282778930664062500e+02
5.810000000000000000e+02 6.144977416992187500e+02
6.840000000000000000e+02 6.499647216796875000e+02
5.810000000000000000e+02 6.208583984375000000e+02
7.330000000000000000e+02 6.274112548828125000e+02
5.340000000000000000e+02 6.298418579101562500e+02
6.390000000000000000e+02 6.519545288085937500e+02
7.230000000000000000e+02 6.202883300781250000e+02
5.170000000000000000e+02 6.656264038085937500e+02
6.200000000000000000e+02 5.945808105468750000e+02
6.170000000000000000e+02 6.655165405273437500e+02
5.620000000000000000e+02 6.369032592773437500e+02
6.440000000000000000e+02 6.649684448242187500e+02
6.230000000000000000e+02 6.626851196289062500e+02
5.730000000000000000e+02 6.566171264648437500e+02
6.660000000000000000e+02 6.438378906250000000e+02
5.690000000000000000e+02 6.560582275390625000e+02
6.650000000000000000e+02 6.455067749023437500e+02
5.460000000000000000e+02 6.883479003906250000e+02
6.260000000000000000e+02 6.393634033203125000e+02
5.510000000000000000e+02 6.625435180664062500e+02
6.300000000000000000e+02 6.607490844726562500e+02
5.980000000000000000e+02 6.812861938476562500e+02
6.740000000000000000e+02 6.089564208984375000e+02
6.090000000000000000e+02 6.281725463867187500e+02
7.070000000000000000e+02 6.349347534179687500e+02
6.110000000000000000e+02 6.196407470703125000e+02
7.000000000000000000e+02 6.268571777343750000e+02
4.980000000000000000e+02 5.803853149414062500e+02
5.830000000000000000e+02 6.214728393554687500e+02
5.380000000000000000e+02 6.494777832031250000e+02
6.150000000000000000e+02 5.891136474609375000e+02
5.030000000000000000e+02 6.637882690429687500e+02
5.880000000000000000e+02 6.261388549804687500e+02
5.460000000000000000e+02 6.207244873046875000e+02
6.260000000000000000e+02 6.403350219726562500e+02
5.330000000000000000e+02 6.339536743164062500e+02
6.080000000000000000e+02 6.427805175781250000e+02
5.380000000000000000e+02 6.600690307617187500e+02
6.640000000000000000e+02 6.013709106445312500e+02
6.020000000000000000e+02 6.031236572265625000e+02
6.920000000000000000e+02 6.092331542968750000e+02
6.480000000000000000e+02 6.417159423828125000e+02
5.760000000000000000e+02 5.566462402343750000e+02
6.960000000000000000e+02 6.574876098632812500e+02
5.990000000000000000e+02 6.413096313476562500e+02
5.010000000000000000e+02 6.110208129882812500e+02
5.860000000000000000e+02 6.344910888671875000e+02
5.450000000000000000e+02 6.175590209960937500e+02
5.150000000000000000e+02 6.296240234375000000e+02
6.270000000000000000e+02 5.972351684570312500e+02
5.230000000000000000e+02 5.955343627929687500e+02
6.010000000000000000e+02 5.923330688476562500e+02
5.930000000000000000e+02 6.130548095703125000e+02
5.100000000000000000e+02 6.320037841796875000e+02
5.990000000000000000e+02 6.721604003906250000e+02
5.410000000000000000e+02 6.584661865234375000e+02
5.670000000000000000e+02 6.391577758789062500e+02
6.430000000000000000e+02 6.147169189453125000e+02
4.970000000000000000e+02 5.908468017578125000e+02
5.840000000000000000e+02 6.019063110351562500e+02
5.060000000000000000e+02 6.290123901367187500e+02
5.900000000000000000e+02 6.323421020507812500e+02
4.910000000000000000e+02 6.262548217773437500e+02
5.790000000000000000e+02 6.068702392578125000e+02
5.190000000000000000e+02 5.883283691406250000e+02
6.150000000000000000e+02 5.982933349609375000e+02
5.860000000000000000e+02 6.368786621093750000e+02
6.670000000000000000e+02 6.863021850585937500e+02
5.830000000000000000e+02 5.964066162109375000e+02
6.000000000000000000e+02 6.363966064453125000e+02
5.760000000000000000e+02 5.853408813476562500e+02
6.750000000000000000e+02 6.908269653320312500e+02
5.790000000000000000e+02 5.995159912109375000e+02
6.520000000000000000e+02 6.298115844726562500e+02
5.350000000000000000e+02 6.884855957031250000e+02
6.110000000000000000e+02 6.091253662109375000e+02
6.070000000000000000e+02 6.601521606445312500e+02
6.950000000000000000e+02 6.456646728515625000e+02
6.740000000000000000e+02 6.726349487304687500e+02
5.270000000000000000e+02 6.537207031250000000e+02
5.610000000000000000e+02 6.474696655273437500e+02
5.270000000000000000e+02 6.427239379882812500e+02
6.170000000000000000e+02 6.259743041992187500e+02
5.660000000000000000e+02 6.183806152343750000e+02
6.510000000000000000e+02 5.969166259765625000e+02
5.500000000000000000e+02 6.154600219726562500e+02
6.260000000000000000e+02 6.177811279296875000e+02
5.820000000000000000e+02 6.197950439453125000e+02
6.810000000000000000e+02 6.372195434570312500e+02
5.940000000000000000e+02 6.113153686523437500e+02
6.790000000000000000e+02 6.275241088867187500e+02
5.750000000000000000e+02 6.346999511718750000e+02
6.660000000000000000e+02 6.412783813476562500e+02
5.530000000000000000e+02 6.122055053710937500e+02
6.540000000000000000e+02 6.302753295898437500e+02
5.190000000000000000e+02 6.146893310546875000e+02
5.830000000000000000e+02 6.309006347656250000e+02
6.720000000000000000e+02 6.310624389648437500e+02
5.300000000000000000e+02 6.499041748046875000e+02
6.240000000000000000e+02 6.758839721679687500e+02
7.160000000000000000e+02 6.097924194335937500e+02
4.940000000000000000e+02 6.924435424804687500e+02
5.960000000000000000e+02 6.608182983398437500e+02
6.300000000000000000e+02 6.117984619140625000e+02
4.970000000000000000e+02 6.321208496093750000e+02
5.880000000000000000e+02 6.285652465820312500e+02
5.480000000000000000e+02 6.424176635742187500e+02
6.350000000000000000e+02 6.462885131835937500e+02
5.120000000000000000e+02 6.800243530273437500e+02
6.050000000000000000e+02 6.676455078125000000e+02
5.570000000000000000e+02 6.406129150390625000e+02
6.400000000000000000e+02 6.503897094726562500e+02
5.100000000000000000e+02 6.116868286132812500e+02
6.010000000000000000e+02 6.397570190429687500e+02
7.080000000000000000e+02 5.998919067382812500e+02
5.860000000000000000e+02 6.155263671875000000e+02
6.830000000000000000e+02 6.031291503906250000e+02
4.900000000000000000e+02 5.880835571289062500e+02
5.710000000000000000e+02 5.944970703125000000e+02
5.500000000000000000e+02 6.610177612304687500e+02
6.330000000000000000e+02 6.213591308593750000e+02
5.500000000000000000e+02 6.234832153320312500e+02
6.700000000000000000e+02 6.343909912109375000e+02
5.480000000000000000e+02 6.061423950195312500e+02
5.470000000000000000e+02 6.424856567382812500e+02
6.340000000000000000e+02 6.377478027343750000e+02
5.560000000000000000e+02 6.473182373046875000e+02
6.310000000000000000e+02 6.777072753906250000e+02
5.690000000000000000e+02 6.212939453125000000e+02
6.890000000000000000e+02 6.177162475585937500e+02
5.580000000000000000e+02 6.275999145507812500e+02
6.780000000000000000e+02 6.450510253906250000e+02
7.100000000000000000e+02 6.486829223632812500e+02
5.770000000000000000e+02 6.322053222656250000e+02
5.690000000000000000e+02 6.553778076171875000e+02
5.530000000000000000e+02 6.314221191406250000e+02
6.730000000000000000e+02 6.156990356445312500e+02
5.810000000000000000e+02 6.733283691406250000e+02
7.010000000000000000e+02 6.372455444335937500e+02
6.190000000000000000e+02 6.341369628906250000e+02
5.840000000000000000e+02 6.947839965820312500e+02
7.040000000000000000e+02 6.339473266601562500e+02
5.940000000000000000e+02 6.346500854492187500e+02
6.170000000000000000e+02 6.203493652343750000e+02
