1.043000000000000000e+03 8.113338012695312500e+02
1.063000000000000000e+03 8.113339233398437500e+02
8.660000000000000000e+02 8.113346557617187500e+02
6.850000000000000000e+02 8.113340454101562500e+02
5.150000000000000000e+02 8.113341674804687500e+02
6.840000000000000000e+02 8.113345947265625000e+02
6.950000000000000000e+02 8.113341674804687500e+02
1.045000000000000000e+03 8.113345947265625000e+02
6.910000000000000000e+02 8.113346557617187500e+02
6.910000000000000000e+02 8.113338623046875000e+02
8.700000000000000000e+02 8.113342285156250000e+02
6.980000000000000000e+02 8.113347778320312500e+02
1.049000000000000000e+03 8.113346557617187500e+02
1.409000000000000000e+03 8.113349609375000000e+02
1.055000000000000000e+03 8.113345947265625000e+02
7.050000000000000000e+02 8.113347167968750000e+02
3.210000000000000000e+02 8.113341674804687500e+02
1.231000000000000000e+03 8.113342285156250000e+02
1.052000000000000000e+03 8.113351440429687500e+02
6.890000000000000000e+02 8.113340454101562500e+02
3.250000000000000000e+02 8.113331909179687500e+02
5.160000000000000000e+02 8.113343505859375000e+02
1.230000000000000000e+03 8.113345336914062500e+02
1.232000000000000000e+03 8.113342285156250000e+02
7.010000000000000000e+02 8.113340454101562500e+02
1.045000000000000000e+03 8.113343505859375000e+02
5.250000000000000000e+02 8.113340454101562500e+02
6.940000000000000000e+02 8.113341064453125000e+02
3.270000000000000000e+02 8.113332519531250000e+02
3.250000000000000000e+02 8.113339233398437500e+02
1.219000000000000000e+03 8.113347167968750000e+02
8.700000000000000000e+02 8.113346557617187500e+02
6.910000000000000000e+02 8.113345947265625000e+02
5.080000000000000000e+02 8.113347167968750000e+02
8.720000000000000000e+02 8.113348388671875000e+02
5.060000000000000000e+02 8.113338623046875000e+02
1.224000000000000000e+03 8.113343505859375000e+02
5.090000000000000000e+02 8.113336791992187500e+02
6.960000000000000000e+02 8.113341674804687500e+02
5.140000000000000000e+02 8.113347167968750000e+02
3.310000000000000000e+02 8.113339843750000000e+02
8.860000000000000000e+02 8.113353271484375000e+02
1.236000000000000000e+03 8.113350830078125000e+02
8.700000000000000000e+02 8.113345336914062500e+02
7.000000000000000000e+02 8.113339233398437500e+02
3.300000000000000000e+02 8.113343505859375000e+02
5.100000000000000000e+02 8.113340454101562500e+02
7.010000000000000000e+02 8.113341064453125000e+02
1.043000000000000000e+03 8.113345336914062500e+02
1.049000000000000000e+03 8.113342895507812500e+02
8.800000000000000000e+02 8.113341674804687500e+02
3.300000000000000000e+02 8.113341674804687500e+02
1.043000000000000000e+03 8.113345947265625000e+02
8.680000000000000000e+02 8.113338623046875000e+02
6.970000000000000000e+02 8.113343505859375000e+02
7.150000000000000000e+02 8.113343505859375000e+02
1.418000000000000000e+03 8.113348999023437500e+02
8.660000000000000000e+02 8.113339233398437500e+02
8.660000000000000000e+02 8.113338012695312500e+02
8.800000000000000000e+02 8.113348999023437500e+02
1.055000000000000000e+03 8.113346557617187500e+02
3.300000000000000000e+02 8.113339233398437500e+02
5.150000000000000000e+02 8.113341674804687500e+02
8.710000000000000000e+02 8.113342285156250000e+02
1.051000000000000000e+03 8.113347167968750000e+02
1.418000000000000000e+03 8.113344116210937500e+02
5.140000000000000000e+02 8.113334350585937500e+02
8.680000000000000000e+02 8.113347167968750000e+02
3.470000000000000000e+02 8.113347778320312500e+02
3.400000000000000000e+02 8.113355102539062500e+02
8.680000000000000000e+02 8.113345947265625000e+02
1.051000000000000000e+03 8.113343505859375000e+02
3.290000000000000000e+02 8.113336791992187500e+02
8.710000000000000000e+02 8.113343505859375000e+02
3.240000000000000000e+02 8.113349609375000000e+02
3.310000000000000000e+02 8.113339843750000000e+02
1.081000000000000000e+03 8.113347167968750000e+02
1.227000000000000000e+03 8.113351440429687500e+02
8.690000000000000000e+02 8.113345947265625000e+02
8.750000000000000000e+02 8.113345336914062500e+02
3.250000000000000000e+02 8.113339233398437500e+02
6.880000000000000000e+02 8.113336181640625000e+02
1.054000000000000000e+03 8.113348388671875000e+02
1.060000000000000000e+03 8.113341064453125000e+02
1.235000000000000000e+03 8.113351440429687500e+02
6.890000000000000000e+02 8.113348388671875000e+02
6.900000000000000000e+02 8.113343505859375000e+02
5.090000000000000000e+02 8.113341674804687500e+02
1.052000000000000000e+03 8.113345336914062500e+02
8.720000000000000000e+02 8.113350219726562500e+02
1.058000000000000000e+03 8.113341064453125000e+02
1.231000000000000000e+03 8.113345336914062500e+02
3.340000000000000000e+02 8.113339233398437500e+02
6.860000000000000000e+02 8.113342285156250000e+02
5.100000000000000000e+02 8.113340454101562500e+02
5.110000000000000000e+02 8.113341674804687500e+02
1.052000000000000000e+03 8.113348388671875000e+02
3.260000000000000000e+02 8.113335571289062500e+02
8.720000000000000000e+02 8.113345947265625000e+02
5.290000000000000000e+02 8.113338012695312500e+02
1.049000000000000000e+03 8.113346557617187500e+02
1.239000000000000000e+03 8.113345336914062500e+02
8.700000000000000000e+02 8.113334350585937500e+02
3.240000000000000000e+02 8.113340454101562500e+02
1.069000000000000000e+03 8.113345336914062500e+02
1.229000000000000000e+03 8.113347778320312500e+02
1.040000000000000000e+03 8.113345947265625000e+02
3.230000000000000000e+02 8.113342285156250000e+02
1.250000000000000000e+03 8.113346557617187500e+02
8.840000000000000000e+02 8.113348999023437500e+02
