67639 0 1
69174 0 4
70710 0 12
72226 0 2
73700 0 10
75236 0 8
76752 0 10
78206 0 7
79680 0 1
81175 0 1
82589 0 13
84043 0 22
85558 0 20
87074 0 20
88610 0 15
90105 0 22
91579 0 22
93074 0 18
94610 0 32
96064 0 3
97559 0 20
99013 0 15
100426 0 29
101819 0 7
103273 0 17
104666 0 21
106099 0 23
107492 0 15
108884 0 22
110400 0 24
111854 0 24
113390 0 27
114803 0 11
116237 0 18
117670 0 27
119104 0 9
120537 0 22
122053 0 25
123568 0 10
125022 0 13
126517 0 15
128012 0 22
129548 0 31
131064 0 12
132579 0 21
134074 0 35
135528 0 10
137105 0 16
138518 0 16
140054 0 28
141570 0 11
143065 0 16
144437 0 19
145912 0 20
147345 0 15
148779 0 14
150294 0 31
151748 0 10
153182 0 20
154697 0 36
156254 0 4
157687 0 21
159203 0 18
160616 0 18
162131 0 23
163545 0 13
164937 0 25
166412 0 3
167866 0 23
169340 0 24
170835 0 19
172351 0 34
173743 0 12
175300 0 14
176733 0 13
178167 0 15
179580 0 20
181014 0 26
182550 0 10
183983 0 14
185458 0 22
186953 0 15
188489 0 16
189861 0 22
191335 0 15
192871 0 19
194366 0 27
195902 0 9
197315 0 18
198790 0 26
200265 0 5
201719 0 16
203193 0 15
204668 0 24
206081 0 33
207494 0 7
208927 0 20
210484 0 21
211958 0 26
213433 0 8
215010 0 18
216566 0 15
217959 0 19
219413 0 14
220806 0 16
222301 0 36
223775 0 6
225311 0 18
226806 0 20
228301 0 23
229755 0 14
231271 0 14
232766 0 34
234220 0 9
235674 0 19
237169 0 20
238725 0 30
240138 0 4
241551 0 16
242944 0 20
244460 0 16
245873 0 30
247224 0 4
248740 0 23
250194 0 24
251668 0 26
253143 0 6
254679 0 17
256153 0 14
257628 0 23
259143 0 24
260618 0 15
262113 0 32
263526 0 6
265083 0 14
266557 0 24
268093 0 24
269506 0 20
270940 0 22
272414 0 22
273950 0 26
275363 0 11
276858 0 16
278312 0 15
279766 0 23
281241 0 23
282634 0 22
284129 0 21
285644 0 16
287160 0 29
288696 0 7
290273 0 13
291686 0 27
293181 0 4
294553 0 22
296130 0 14
297522 0 17
298935 0 21
300389 0 32
301926 0 3
303380 0 22
304813 0 35
306288 0 7
307844 0 15
309360 0 27
310752 0 3
312145 0 22
313722 0 18
315176 0 36
316671 0 10
318227 0 20
319763 0 31
321217 0 4
322733 0 23
324187 0 35
325579 0 3
327013 0 14
328447 0 15
329860 0 17
331293 0 14
332686 0 35
334242 0 6
335676 0 15
337150 0 18
338625 0 18
340100 0 34
341615 0 2
343151 0 18
344625 0 21
346059 0 23
347534 0 23
348947 0 17
350503 0 25
351978 0 2
353514 0 24
354947 0 27
356401 0 7
357958 0 18
359453 0 16
360927 0 22
362443 0 28
363999 0 10
365515 0 16
366887 0 21
368423 0 31
369918 0 1
371454 0 18
372949 0 30
374423 0 10
375877 0 18
377291 0 23
378745 0 35
380240 0 3
381694 0 22
383127 0 28
384622 0 10
386056 0 15
387551 0 33
388964 0 3
390438 0 13
391852 0 26
393367 0 8
394862 0 14
396255 0 16
397647 0 13
399122 0 33
400596 0 6
402091 0 22
403607 0 29
405122 0 4
406597 0 19
408030 0 23
409484 0 13
410877 0 26
412372 0 7
413888 0 19
415383 0 28
416878 0 10
418414 0 16
419827 0 20
421383 0 16
422878 0 25
424414 0 7
425909 0 20
427404 0 19
428838 0 21
430374 0 15
431889 0 17
433364 0 28
434900 0 10
436436 0 15
437890 0 27
439426 0 10
441003 0 13
442498 0 36
443931 0 11
445406 0 21
446880 0 21
448314 0 18
449768 0 20
451242 0 24
452717 0 31
454212 0 8
455768 0 23
457263 0 14
458799 0 19
460376 0 17
461830 0 26
463223 0 3
464739 0 20
466172 0 27
467688 0 3
469224 0 23
470760 0 34
472296 0 7
473811 0 16
475245 0 27
476678 0 11
478173 0 16
479545 0 19
481061 0 23
482494 0 16
483969 0 25
485403 0 1
486836 0 24
488352 0 27
489888 0 5
491444 0 16
492898 0 32
494434 0 3
495950 0 20
497526 0 36
498981 0 1
500394 0 18
501930 0 18
503384 0 18
504961 0 23
506476 0 30
507910 0 8
509446 0 24
510879 0 18
512354 0 22
513869 0 31
515344 0 11
516880 0 18
518395 0 23
519829 0 23
521344 0 24
522880 0 19
524457 0 17
525850 0 29
527304 0 3
528696 0 16
530089 0 14
531543 0 31
532977 0 12
534390 0 23
535885 0 13
537359 0 20
538854 0 15
540247 0 21
541701 0 13
543135 0 34
544630 0 11
546063 0 19
547538 0 29
548971 0 5
550487 0 13
551920 0 13
553415 0 31
554910 0 4
556323 0 16
557839 0 23
559334 0 17
560809 0 23
562263 0 24
563696 0 28
565130 0 9
566707 0 14
568079 0 26
569553 0 12
571007 0 14
572461 0 20
573977 0 18
575513 0 14
576947 0 33
578421 0 9
579957 0 18
581411 0 20
582845 0 31
584278 0 11
585794 0 14
587227 0 22
588702 0 14
590135 0 15
591589 0 23
593125 0 21
594559 0 36
596013 0 1
597467 0 15
598921 0 15
600334 0 16
601809 0 14
603304 0 16
604819 0 19
606294 0 35
607830 0 5
609345 0 24
610881 0 33
612356 0 2
613871 0 24
615305 0 24
616820 0 19
618336 0 34
619810 0 5
621223 0 23
622657 0 25
624132 0 11
625586 0 15
627040 0 24
628453 0 18
629907 0 22
631361 0 22
632835 0 19
634371 0 20
635846 0 27
637320 0 4
638713 0 16
640229 0 32
641744 0 10
643239 0 21
644652 0 30
646147 0 5
647601 0 19
649096 0 18
650509 0 32
652025 0 3
653438 0 17
654892 0 14
656326 0 17
657800 0 27
659213 0 6
660647 0 16
662039 0 32
663473 0 8
664968 0 15
666443 0 21
667856 0 23
669351 0 20
670907 0 13
672361 0 25
673836 0 2
675372 0 13
676887 0 16
678341 0 16
679775 0 17
681229 0 31
682724 0 7
684219 0 24
685632 0 19
687106 0 34
688561 0 1
689994 0 18
691510 0 20
692984 0 26
694520 0 11
695954 0 20
697408 0 22
698841 0 23
700377 0 14
701770 0 35
703285 0 8
704801 0 23
706255 0 22
707729 0 13
709265 0 28
710781 0 6
712317 0 17
713750 0 19
715245 0 16
716700 0 17
718113 0 18
719587 0 31
721123 0 11
722680 0 21
724134 0 24
725608 0 18
727062 0 35
728598 0 3
730032 0 21
731568 0 14
732981 0 19
734537 0 15
735950 0 34
737425 0 9
738879 0 23
740435 0 17
741930 0 21
743405 0 18
744920 0 34
746354 0 11
747849 0 19
749426 0 31
750860 0 8
752293 0 23
753727 0 36
755222 0 12
756614 0 24
758007 0 13
759563 0 18
761058 0 21
762615 0 29
764007 0 3
765523 0 20
767018 0 20
768452 0 19
770008 0 13
771524 0 30
772875 0 10
774288 0 19
775783 0 20
777319 0 14
778814 0 16
780207 0 14
781722 0 19
783258 0 17
784774 0 31
786351 0 6
787805 0 14
789300 0 19
790815 0 18
792290 0 32
793744 0 10
795239 0 17
796775 0 21
798229 0 15
799765 0 18
801280 0 19
802837 0 21
804373 0 29
805847 0 6
807404 0 14
808899 0 13
810414 0 24
811909 0 15
813343 0 20
814817 0 22
816312 0 33
817808 0 12
819323 0 20
820920 0 16
822313 0 25
823788 0 11
825283 0 18
826819 0 21
828334 0 18
829788 0 23
831263 0 23
832676 0 26
834171 0 7
835686 0 21
837120 0 17
838533 0 19
840048 0 31
841502 0 7
842936 0 13
844349 0 16
845803 0 14
847298 0 18
848793 0 29
850186 0 9
851619 0 20
853114 0 31
854548 0 3
856104 0 22
857558 0 19
859115 0 22
860610 0 13
862064 0 13
863539 0 35
865074 0 1
866488 0 21
867962 0 20
869560 0 31
871136 0 10
872713 0 20
874229 0 28
875683 0 2
877137 0 16
878632 0 31
880127 0 7
881663 0 22
883240 0 32
884653 0 12
886066 0 14
887602 0 20
889036 0 35
890592 0 8
892087 0 23
893521 0 20
894995 0 20
896572 0 18
898088 0 23
899644 0 35
901057 0 3
902470 0 22
904006 0 36
905501 0 9
906976 0 19
908471 0 26
952971 0 101
954487 0 101
956002 0 101
957497 0 101
958992 0 101
960508 0 101
961941 0 101
963395 0 101
964829 0 101
966324 0 101
967798 0 102
969273 0 102
970665 0 102
972079 0 102
973471 0 103
974987 0 101
976379 0 102
977854 0 102
979369 0 102
980823 0 102
982216 0 102
983711 0 103
985226 0 101
986701 0 102
988196 0 102
989630 0 102
991043 0 102
992456 0 102
993869 0 103
995323 0 101
996879 0 102
998395 0 103
999890 0 101
1001283 0 102
1002818 0 103
1004252 0 101
1005706 0 102
1007222 0 102
1008655 0 102
1010089 0 102
1011502 0 103
1012997 0 101
1014471 0 102
1016028 0 102
1017441 0 103
1018997 0 101
1020390 0 102
1021926 0 102
1023401 0 102
1024957 0 102
1026370 0 102
1027763 0 103
1029258 0 101
1030753 0 102
1032248 0 102
1033702 0 102
1035135 0 102
1036528 0 102
1037941 0 103
1039375 0 101
1040808 0 102
1042303 0 103
1043819 0 101
1045293 0 102
1046768 0 102
1048283 0 103
1049737 0 101
1051191 0 102
1052625 0 103
1054059 0 101
1055451 0 102
1056967 0 102
1058503 0 103
1059916 0 101
1061370 0 102
1062926 0 102
1064462 0 102
1065957 0 103
1067473 0 101
1068988 0 102
1070442 0 102
1071978 0 103
1073412 0 101
1074907 0 102
1076443 0 102
1077835 0 102
1079289 0 102
1080682 0 103
1082239 0 101
1083693 0 102
1085085 0 102
1086621 0 102
1088014 0 102
1089468 0 102
1090922 0 103
1092478 0 101
1093994 0 102
1095468 0 103
1096984 0 101
1098499 0 102
1100015 0 102
1101489 0 102
1102964 0 102
1104397 0 103
1105974 0 101
1107387 0 102
1108821 0 103
1110316 0 101
1111750 0 102
1113245 0 102
1114740 0 102
1116214 0 102
1117730 0 102
1119122 0 103
1120679 0 101
1122153 0 102
1123566 0 103
1125123 0 101
1126536 0 102
1128051 0 103
1129506 0 101
1130980 0 102
1132434 0 102
1133909 0 102
1135445 0 102
1136919 0 102
1138312 0 102
1139807 0 102
1141261 0 103
1142715 0 101
1144148 0 102
1145623 0 103
1147118 0 101
1148633 0 102
1150047 0 103
1151521 0 101
1152996 0 102
1154429 0 102
1155822 0 102
1157317 0 103
1158832 0 101
1160348 0 102
1161863 0 102
1163297 0 102
1164730 0 102
1166123 0 102
1167598 0 102
1169134 0 103
1170711 0 101
1172165 0 102
1173639 0 102
1175175 0 102
1176711 0 102
1178165 0 102
1179619 0 102
1181094 0 103
1182671 0 101
1184145 0 102
1185599 0 103
1187176 0 101
1188569 0 102
1190043 0 102
1191477 0 102
1192931 0 102
1194467 0 102
1195900 0 102
1197437 0 103
1198891 0 101
1200283 0 102
1201799 0 103
1203294 0 101
1204707 0 102
1206222 0 102
1207738 0 102
1209212 0 103
1210728 0 101
1212141 0 102
1213574 0 103
1215069 0 101
1216483 0 102
1217957 0 102
1219452 0 103
1220947 0 101
1222360 0 102
1223896 0 102
1225330 0 102
1226763 0 102
1228238 0 103
1229651 0 101
1231146 0 102
1232682 0 102
1234095 0 102
1235610 0 102
1237024 0 102
1238519 0 102
1240034 0 103
1241550 0 101
1243045 0 102
1244540 0 102
1245953 0 102
1247448 0 102
1248861 0 102
1250397 0 103
1251912 0 101
1253346 0 102
1254882 0 102
1256356 0 103
1257892 0 101
1259367 0 102
1260841 0 103
1262357 0 101
1263872 0 102
1265347 0 102
1266760 0 102
1268153 0 102
1269545 0 102
1270999 0 102
1272556 0 103
1274112 0 101
1275546 0 102
1277000 0 103
1278413 0 101
1279806 0 102
1281342 0 102
1282877 0 102
1284352 0 103
1285868 0 101
1287281 0 102
1288714 0 102
1290230 0 102
1291745 0 103
1293179 0 101
1294653 0 102
1296189 0 102
1297643 0 102
1299056 0 102
1300572 0 103
1302046 0 101
1303582 0 102
1304975 0 102
1306388 0 102
1307781 0 102
1309235 0 103
1310709 0 101
1312204 0 102
1313740 0 103
1315153 0 101
1316587 0 102
1318143 0 102
1319618 0 103
1321052 0 101
1322526 0 102
1324001 0 103
1325455 0 101
1326909 0 102
1328342 0 102
1329899 0 102
1331291 0 102
1332827 0 103
1334302 0 101
1335797 0 102
1337333 0 102
1338848 0 102
1340241 0 103
1341675 0 101
1343067 0 102
1344521 0 103
1345955 0 101
1347429 0 102
1348965 0 102
1350440 0 102
1351935 0 102
1353471 0 102
1354945 0 102
1356481 0 103
1357956 0 101
1359451 0 102
1360925 0 102
1362400 0 103
1363936 0 101
1365349 0 102
1366803 0 102
1368319 0 102
1369834 0 102
1371288 0 103
1372783 0 101
1374176 0 102
1375712 0 102
1377145 0 102
1378579 0 102
1380115 0 102
1381507 0 103
1382982 0 101
1384375 0 102
1385911 0 102
1387324 0 102
1388819 0 102
1390293 0 102
1391747 0 103
1393283 0 101
1394676 0 102
1396089 0 103
1397645 0 101
1399038 0 102
1400451 0 102
1401905 0 102
1403400 0 102
1404895 0 102
1406390 0 103
1407803 0 101
1409298 0 102
1410793 0 102
1412206 0 102
1413640 0 102
1415115 0 102
1416548 0 102
1417982 0 102
1419497 0 103
1420992 0 101
1422405 0 102
1423798 0 103
1425354 0 101
1426747 0 102
1428221 0 102
1429737 0 102
1431171 0 102
1432604 0 102
1434140 0 102
1435635 0 103
1437089 0 101
1438605 0 102
1440141 0 102
1441533 0 102
1442946 0 103
1444503 0 101
1445957 0 102
1447431 0 102
1448885 0 102
1450319 0 103
1451732 0 101
1453186 0 102
1454640 0 103
1456135 0 101
1457548 0 102
1458982 0 103
1460456 0 101
1461911 0 102
1463426 0 102
1464962 0 102
1466375 0 102
1467829 0 103
1469283 0 101
1470717 0 102
1472212 0 102
1473645 0 102
1475099 0 103
1476574 0 101
1477987 0 102
1479441 0 102
1480957 0 102
1482411 0 102
1483824 0 102
1485237 0 103
1486691 0 101
1488227 0 102
1489660 0 103
1491073 0 101
1492487 0 102
1493941 0 102
1495477 0 103
1497013 0 101
1498426 0 102
1499880 0 102
1501375 0 102
1502788 0 102
1504221 0 103
1505757 0 101
1507232 0 102
1508727 0 103
1510242 0 101
1511758 0 102
1513212 0 103
1514687 0 101
1516079 0 102
1517472 0 102
1518885 0 102
1520380 0 102
1521916 0 102
1523308 0 102
1524762 0 103
1526298 0 101
1527773 0 102
1529268 0 102
1530824 0 103
1532360 0 101
1533835 0 102
1535310 0 103
1536866 0 101
1538422 0 102
1539876 0 102
1541269 0 102
1542744 0 102
1544300 0 103
1545836 0 101
1547229 0 102
1548765 0 103
1550342 0 101
1551775 0 102
1553168 0 103
1554601 0 101
1555994 0 102
1557468 0 102
1558984 0 102
1560499 0 102
1561954 0 102
1563469 0 102
1564984 0 103
1566520 0 101
1567913 0 102
1569306 0 103
1570842 0 101
1572296 0 102
1573811 0 102
1575204 0 102
1576617 0 102
1578112 0 102
1579505 0 103
1581082 0 101
1582495 0 102
1583969 0 103
1585423 0 101
1586898 0 102
1588352 0 102
1589847 0 103
1591321 0 101
1592816 0 102
1594332 0 102
1595724 0 103
1597281 0 101
1598735 0 102
1600128 0 102
1601602 0 102
1603118 0 103
1604613 0 101
1606108 0 102
1607500 0 102
1608975 0 102
1610449 0 102
1611883 0 102
1613398 0 103
1614934 0 101
1616388 0 102
1617801 0 102
1619235 0 102
1620648 0 102
1622082 0 102
1623495 0 102
1625031 0 103
1626526 0 101
1627918 0 102
1629372 0 102
1630827 0 103
1632342 0 101
1633796 0 102
1635332 0 102
1636889 0 102
1638404 0 102
1639797 0 103
1641271 0 101
1642766 0 102
1644261 0 103
1645818 0 101
1647210 0 102
1648746 0 102
1650159 0 102
1651654 0 103
1653129 0 101
1654603 0 102
1656057 0 102
1657491 0 102
1659006 0 102
1660481 0 102
1661894 0 103
1663451 0 101
1664966 0 102
1666420 0 102
1667895 0 102
1669410 0 103
1670946 0 101
1672482 0 102
1673916 0 102
1675329 0 102
1676865 0 102
1678339 0 103
1679773 0 101
1681247 0 102
1682763 0 102
1684278 0 102
1685814 0 103
1687248 0 101
1688722 0 102
1690197 0 102
1691692 0 102
1693146 0 102
1694641 0 102
1696177 0 103
1697631 0 101
1699106 0 102
1700662 0 102
1702198 0 103
1703755 0 101
1705229 0 102
1706642 0 102
1708158 0 102
1709694 0 102
1711230 0 102
1712704 0 103
1714261 0 101
1715756 0 102
1717312 0 102
1718746 0 102
1720241 0 102
1721695 0 103
1723169 0 101
1724705 0 102
1726180 0 102
1727675 0 103
1729170 0 101
1730583 0 102
1732139 0 103
1733552 0 101
1735068 0 102
1736583 0 103
1738037 0 101
1739430 0 102
1758796 0 41
1760209 0 44
1761683 0 39
1763179 0 45
1764714 0 42
1766250 0 44
1767704 0 43
1769240 0 45
1770695 0 39
1772169 0 48
1773726 0 50
1775139 0 56
1776654 0 57
1778211 0 55
1779726 0 54
1781201 0 57
1782655 0 53
1784191 0 57
1785768 0 70
1787283 0 38
1788840 0 57
1790314 0 59
1791727 0 57
1793284 0 50
1794779 0 53
1796315 0 65
1797769 0 42
1799161 0 54
1800615 0 69
1802131 0 42
1803564 0 56
1805039 0 49
1806431 0 59
1807988 0 67
1809381 0 43
1810896 0 52
1812432 0 59
1813825 0 59
1815361 0 56
1816815 0 67
1818330 0 37
1819764 0 60
1821238 0 70
1822733 0 46
1824208 0 54
1825621 0 54
1827034 0 54
1828590 0 53
1830065 0 49
1831519 0 70
1832953 0 45
1834489 0 55
1836004 0 56
1837561 0 58
1839035 0 51
1840448 0 58
1841902 0 70
1843274 0 42
1844749 0 52
1846244 0 67
1847657 0 39
1849111 0 55
1850627 0 55
1852040 0 56
1853555 0 51
1855091 0 64
1856586 0 42
1857979 0 58
1859412 0 61
1860887 0 48
1862320 0 51
1863877 0 64
1865433 0 37
1866969 0 50
1868464 0 58
1870041 0 59
1871536 0 49
1873031 0 72
1874567 0 46
1876062 0 52
1877557 0 56
1879093 0 51
1880527 0 53
1881919 0 54
1883333 0 58
1884807 0 66
1886323 0 38
1887777 0 51
1889210 0 70
1890603 0 43
1892139 0 57
1893695 0 69
1895231 0 39
1896767 0 53
1898201 0 60
1899737 0 51
1901232 0 54
1902747 0 70
1904222 0 37
1905655 0 52
1907150 0 60
1908604 0 57
1910058 0 68
1911553 0 37
1913110 0 54
1914523 0 51
1915936 0 66
1917411 0 39
1918865 0 59
1920298 0 68
1921814 0 41
1923329 0 50
1924845 0 63
1926319 0 48
1927753 0 56
1929227 0 49
1930640 0 54
1932033 0 55
1933549 0 58
1935003 0 60
1936498 0 60
1937972 0 71
1939529 0 45
1941085 0 53
1942580 0 60
1944055 0 61
1945529 0 38
1947086 0 50
1948581 0 71
1950014 0 37
1951448 0 50
1952922 0 55
1954356 0 66
1955912 0 43
1957387 0 56
1958943 0 62
1960418 0 38
1961933 0 50
1963469 0 51
1965005 0 59
1966521 0 55
1968036 0 53
1969490 0 66
1971047 0 48
1972480 0 57
1974037 0 70
1975491 0 41
1976965 0 59
1978440 0 52
1979955 0 64
1981512 0 42
1983007 0 60
1984440 0 55
1985997 0 53
1987410 0 56
1988905 0 63
1990462 0 43
1991977 0 50
1993411 0 53
1994906 0 59
1996401 0 57
1997937 0 57
1999370 0 53
2000824 0 52
2002360 0 64
2003855 0 47
2005391 0 59
2006866 0 68
2008258 0 46
2009712 0 50
2011207 0 55
2012682 0 53
2014116 0 59
2015651 0 57
2017106 0 60
2018642 0 68
2020055 0 48
2021468 0 58
2022922 0 57
2024376 0 59
2025809 0 50
2027325 0 50
2028779 0 50
2030335 0 66
2031769 0 43
2033182 0 51
2034698 0 52
2036172 0 60
2037626 0 61
2039121 0 43
2040596 0 58
2042050 0 50
2043586 0 63
2045122 0 45
2046617 0 50
2048132 0 51
2049648 0 71
2051163 0 37
2052699 0 50
2054112 0 61
2055587 0 37
2057061 0 57
2058495 0 60
2059887 0 49
2061342 0 67
2062775 0 37
2064250 0 52
2065683 0 58
2067199 0 63
2068612 0 43
2070066 0 60
2071540 0 52
2073097 0 68
2074571 0 46
2076148 0 56
2077705 0 65
2079179 0 38
2080633 0 56
2082087 0 61
2083582 0 44
2085016 0 60
2086552 0 61
2087986 0 39
2089481 0 58
2090914 0 54
2092368 0 69
2093945 0 38
2095358 0 60
2096771 0 55
2098184 0 61
2099638 0 44
2101133 0 57
2102649 0 67
2104062 0 40
2105496 0 55
2106929 0 65
2108486 0 38
2109940 0 55
2111353 0 62
2112827 0 42
2114343 0 60
2115756 0 68
2117210 0 48
2118644 0 55
2120098 0 59
2121572 0 54
2123088 0 55
2124542 0 61
2126057 0 42
2127552 0 55
2129047 0 72
2130583 0 40
2132119 0 56
2133594 0 54
2135007 0 60
2136420 0 54
2137853 0 69
2139348 0 39
2140762 0 54
2142195 0 72
2143649 0 45
2145124 0 59
2146639 0 52
2148155 0 72
2149588 0 39
2151104 0 55
2152517 0 52
2154032 0 52
2155568 0 54
2156981 0 65
2158395 0 43
2159849 0 58
2161323 0 64
2162777 0 37
2164252 0 54
2165767 0 57
2167180 0 54
2168573 0 58
2170047 0 59
2171481 0 51
2173017 0 61
2174553 0 46
2176089 0 56
2177543 0 54
2179038 0 56
2180513 0 57
2182028 0 58
2183482 0 71
2185018 0 40
2186595 0 59
2188131 0 59
2189687 0 52
2191244 0 56
2192739 0 53
2194254 0 65
2195667 0 39
2197224 0 57
2198657 0 58
2200193 0 50
2201688 0 57
2203245 0 61
2204699 0 42
2206255 0 54
2207648 0 49
2209205 0 54
2210659 0 59
2212092 0 63
2213587 0 39
2215103 0 49
2216516 0 54
2218011 0 67
2219485 0 43
2220939 0 57
2222393 0 52
2223929 0 49
2225404 0 59
2226899 0 55
2228332 0 67
2229827 0 38
2231363 0 56
2232920 0 66
2234353 0 41
2235808 0 57
2237241 0 56
2238757 0 53
2240231 0 60
2241665 0 56
2243160 0 70
2244655 0 39
2246109 0 56
2247583 0 67
2249017 0 38
2250573 0 52
2252068 0 50
2253502 0 58
2254956 0 56
2256451 0 66
2257946 0 44
2259462 0 57
2260957 0 52
2262472 0 51
2263885 0 60
2265421 0 49
2266855 0 68
2268391 0 46
2269906 0 55
2271340 0 72
2272753 0 48
2274207 0 60
2275702 0 63
2277197 0 45
2278712 0 51
2280166 0 53
2281621 0 64
2283136 0 37
2284570 0 54
2286003 0 51
2287560 0 62
2289096 0 39
2290529 0 49
2292045 0 62
2293601 0 40
2295096 0 59
2296530 0 61
2298045 0 37
2299581 0 50
2301015 0 58
2302489 0 58
2303902 0 56
2305377 0 54
2306872 0 53
2308367 0 66
2309780 0 40
2311295 0 50
2312709 0 49
2314183 0 52
2315719 0 59
2317132 0 58
2318627 0 66
2320040 0 48
2321453 0 60
2322948 0 52
2324361 0 52
2325877 0 60
2327311 0 65
2328847 0 48
2330403 0 53
2331816 0 49
2333270 0 65
2334704 0 44
2336117 0 58
2337653 0 61
2339066 0 44
2340540 0 49
2342015 0 55
2343489 0 53
2344964 0 68
2346377 0 47
2347852 0 56
2349347 0 53
2350821 0 50
2352296 0 53
2353852 0 52
2355347 0 52
2356760 0 68
2358194 0 38
2359648 0 50
2361102 0 63
2362515 0 41
2363928 0 50
2365464 0 51
2366939 0 53
2368352 0 52
2369765 0 68
2371260 0 41
2372775 0 52
2374209 0 56
2375622 0 51
2377117 0 54
2378510 0 49
2379964 0 66
2381438 0 42
2382892 0 52
2384428 0 52
2386005 0 49
2387500 0 56
2389057 0 53
2390552 0 68
2391985 0 38
2393398 0 55
2394832 0 61
2396266 0 38
2397761 0 58
2399296 0 65
2400791 0 37
2402205 0 52
2403638 0 69
2405113 0 45
2406567 0 51
2408000 0 49
2409557 0 54
2411011 0 57
2412526 0 68
2413980 0 38
2415393 0 58
2416888 0 58
2418404 0 49
2419858 0 52
2421333 0 50
2422869 0 57
2424364 0 68
2425859 0 47
2427272 0 58
2428828 0 58
2430262 0 49
2431777 0 68
2433211 0 39
2434747 0 53
2436201 0 55
2437716 0 57
2439211 0 60
2440624 0 59
2442181 0 51
2443594 0 68
2445068 0 39
2446604 0 57
2448099 0 61
2449513 0 47
2451028 0 60
2452503 0 58
2454100 0 69
2455677 0 40
2457131 0 56
2458687 0 56
2460182 0 49
2461698 0 58
2463234 0 58
2464790 0 60
2466244 0 64
2467739 0 38
2469234 0 60
2470648 0 51
2472122 0 54
2473679 0 63
2475112 0 38
2476587 0 57
2478123 0 59
2479679 0 64
2481154 0 47
2482567 0 53
2483980 0 67
2485372 0 45
2486826 0 54
2488260 0 65
2489673 0 47
2491127 0 56
2492663 0 56
2494179 0 57
2495653 0 50
2497066 0 56
2498520 0 70
2499954 0 44
2501510 0 59
2502964 0 60
2504378 0 56
2505811 0 53
2507224 0 69
2508801 0 45
2510255 0 49
2511668 0 54
2513204 0 57
2514638 0 71
2516071 0 45
2517566 0 60
2519000 0 59
2520474 0 64
2521969 0 40
2523465 0 51
2524898 0 52
2526455 0 52
2528011 0 53
2529465 0 54
2530981 0 56
2532537 0 56
2534032 0 70
2535445 0 45
2536920 0 59
2538333 0 51
2539807 0 60
2541323 0 53
2542859 0 66
2544313 0 40
2545828 0 56
2547282 0 55
2548798 0 57
2550313 0 56
2551788 0 72
2553303 0 38
2554716 0 56
2556130 0 68
2557584 0 42
2559079 0 49
2560553 0 52
2562089 0 68
2563584 0 38
2565059 0 54
2566554 0 63
2568090 0 41
2569585 0 50
2571018 0 50
2572534 0 63
2584493 0 104
2586029 0 104
2587483 0 104
2588958 0 104
2590412 0 104
2591825 0 104
2593320 0 104
2594795 0 104
2596249 0 104
2597682 0 104
2599177 0 105
2600631 0 105
2602085 0 106
2603601 0 104
2605157 0 105
2606652 0 105
2608086 0 105
2609581 0 106
2611035 0 104
2612489 0 105
2613964 0 105
2615438 0 106
2616851 0 104
2618305 0 105
2619821 0 105
2621295 0 105
2622790 0 105
2624265 0 105
2625678 0 105
2627193 0 105
2628607 0 106
2630020 0 104
2631556 0 105
2632969 0 106
2634505 0 104
2636020 0 105
2637433 0 105
2638887 0 105
2640403 0 106
2641939 0 104
2643454 0 105
2644929 0 106
2646362 0 104
2647755 0 105
2649270 0 105
2650806 0 105
2652322 0 106
2653858 0 104
2655251 0 105
2656766 0 105
2658179 0 105
2659715 0 105
2661108 0 106
2662541 0 104
2664077 0 105
2665552 0 105
2666965 0 105
2668501 0 105
2669914 0 106
2671388 0 104
2672802 0 105
2674215 0 106
2675628 0 104
2677102 0 105
2678659 0 105
2680174 0 106
2681731 0 104
2683267 0 105
2684823 0 106
2686298 0 104
2687834 0 105
2689288 0 105
2690783 0 106
2692216 0 104
2693691 0 105
2695083 0 105
2696537 0 105
2697930 0 106
2699446 0 104
2700982 0 105
2702538 0 106
2704013 0 104
2705508 0 105
2707064 0 105
2708600 0 105
2710115 0 106
2711651 0 104
2713065 0 105
2714601 0 106
2716034 0 104
2717550 0 105
2718983 0 106
2720540 0 104
2722035 0 105
2723468 0 106
2724902 0 104
2726397 0 105
2727892 0 105
2729325 0 106
2730841 0 104
2732254 0 105
2733729 0 105
2735121 0 105
2736637 0 105
2738050 0 105
2739586 0 105
2740999 0 106
2742535 0 104
2744071 0 105
2745484 0 105
2746979 0 106
2748453 0 104
2749989 0 105
2751484 0 105
2752959 0 105
2754495 0 105
2755928 0 106
2757403 0 104
2758877 0 105
2760311 0 105
2761806 0 106
2763240 0 104
2764755 0 105
2766209 0 105
2767663 0 105
2769199 0 105
2770735 0 106
2772189 0 104
2773684 0 105
2775220 0 106
2776674 0 104
2778231 0 105
2779746 0 106
2781200 0 104
2782757 0 105
2784211 0 105
2785706 0 105
2787221 0 105
2788675 0 105
2790109 0 105
2791624 0 105
2793017 0 106
2794492 0 104
2796028 0 105
2797543 0 105
2798936 0 106
2800472 0 104
2802028 0 105
2803462 0 106
2804998 0 104
2806493 0 105
2808008 0 106
2809524 0 104
2810916 0 105
2812350 0 106
2813865 0 104
2815360 0 105
2816876 0 105
2818371 0 105
2819866 0 105
2821299 0 106
2822835 0 104
2824330 0 105
2825846 0 105
2827259 0 105
2828754 0 105
2830249 0 105
2831785 0 105
2833321 0 106
2834837 0 104
2836250 0 105
2837806 0 106
2839301 0 104
2840776 0 105
2842189 0 106
2843745 0 104
2845281 0 105
2846715 0 105
2848251 0 105
2849664 0 106
2851118 0 104
2852531 0 105
2853944 0 105
2855439 0 105
2856913 0 105
2858409 0 106
2859904 0 104
2861399 0 105
2862935 0 105
2864430 0 105
2865925 0 106
2867481 0 104
2868956 0 105
2870369 0 105
2871823 0 105
2873338 0 105
2874772 0 105
2876287 0 106
2877803 0 104
2879298 0 105
2880834 0 105
2882370 0 106
2883906 0 104
2885360 0 105
2886773 0 105
2888309 0 105
2889763 0 105
2891217 0 105
2892691 0 105
2894166 0 105
2895640 0 106
2897197 0 104
2898753 0 105
2900146 0 105
2901559 0 106
2902972 0 104
2904426 0 105
2905839 0 105
2907232 0 105
2908645 0 106
2910058 0 104
2911553 0 105
2913110 0 106
2914666 0 104
2916141 0 105
2917615 0 105
2919151 0 105
2920585 0 105
2922039 0 105
2923493 0 106
2924967 0 104
2926421 0 105
2927896 0 106
2929411 0 104
2930845 0 105
2932279 0 106
2933733 0 104
2935289 0 105
2936743 0 106
2938259 0 104
2939733 0 105
2941269 0 106
2942744 0 104
2944218 0 105
2945611 0 106
2947044 0 104
2948580 0 105
2950034 0 105
2951447 0 106
2952902 0 104
2954417 0 105
2955933 0 105
2957428 0 105
2958943 0 105
2960459 0 106
2961954 0 104
2963449 0 105
2964841 0 105
2966254 0 105
2967667 0 105
2969203 0 106
2970616 0 104
2972091 0 105
2973484 0 105
2974917 0 105
2976371 0 106
2977846 0 104
2979300 0 105
2980795 0 105
2982249 0 105
2983764 0 105
2985239 0 105
2986754 0 106
2988208 0 104
2989622 0 105
2991014 0 105
2992509 0 105
2994004 0 105
2995458 0 106
2997015 0 104
2998530 0 105
2999964 0 105
3001500 0 105
3002995 0 105
3004490 0 105
3005985 0 106
3007521 0 104
3008954 0 105
3010429 0 105
3011924 0 105
3013337 0 106
3014852 0 104
3016388 0 105
3017842 0 106
3019358 0 104
3020771 0 105
3022164 0 105
3023556 0 105
3025051 0 105
3026587 0 105
3028000 0 106
3029495 0 104
3031011 0 105
3032424 0 105
3033817 0 105
3035291 0 105
3036786 0 105
3038199 0 105
3039715 0 105
3041189 0 106
3042684 0 104
3044200 0 105
3045654 0 106
3047128 0 104
3048685 0 105
3050139 0 105
3051572 0 105
3053006 0 105
3054460 0 105
3056017 0 105
3057409 0 105
3058925 0 106
3060358 0 104
3061915 0 105
3063410 0 106
3064905 0 104
3066420 0 105
3067956 0 105
3069390 0 105
3070803 0 105
3072277 0 105
3073670 0 106
3075083 0 104
3076619 0 105
3078073 0 105
3079568 0 106
3081063 0 104
3082517 0 105
3083910 0 105
3085425 0 106
3086961 0 104
3088456 0 105
3089992 0 106
3091528 0 104
3093023 0 105
3094457 0 106
3095870 0 104
3097303 0 105
3098798 0 106
3100273 0 104
3101809 0 105
3103263 0 106
3104697 0 104
3106253 0 105
3107728 0 105
3109161 0 106
3110718 0 104
3112213 0 105
3113769 0 105
3115326 0 105
3116882 0 105
3118418 0 105
3119811 0 106
3121347 0 104
3122760 0 105
3124234 0 106
3125688 0 104
3127101 0 105
3128617 0 105
3130030 0 105
3131463 0 105
3132938 0 105
3134433 0 105
3135908 0 106
3137444 0 104
3138939 0 105
3140495 0 105
3141929 0 105
3143383 0 105
3144796 0 106
3146332 0 104
3147765 0 105
3149178 0 105
3150673 0 105
3152148 0 105
3153582 0 106
3155097 0 104
3156510 0 105
3158005 0 105
3159541 0 105
3160975 0 105
3162367 0 106
3163801 0 104
3165193 0 105
3166586 0 106
3168061 0 104
3169453 0 105
3171010 0 106
3172546 0 104
3174000 0 105
3175495 0 105
3177051 0 105
3178485 0 105
3179959 0 106
3181393 0 104
3182949 0 105
3184506 0 106
3186062 0 104
3187578 0 105
3188991 0 105
3190547 0 105
3191960 0 106
3193435 0 104
3194868 0 105
3196323 0 105
3197756 0 105
3199190 0 105
3200603 0 106
3202036 0 104
3203552 0 105
3204985 0 105
3206439 0 105
3207934 0 105
3209409 0 105
3210802 0 106
3212317 0 104
3213771 0 105
3215328 0 105
3216843 0 105
3218256 0 105
3219690 0 106
3221144 0 104
3222659 0 105
3224175 0 106
3225690 0 104
3227103 0 105
3228639 0 106
3230196 0 104
3231732 0 105
3233165 0 105
3234619 0 105
3236155 0 105
3237609 0 105
3239166 0 106
3240722 0 104
3242217 0 105
3243692 0 105
3245228 0 105
3246764 0 105
3248197 0 105
3249692 0 106
3251249 0 104
3252805 0 105
3254321 0 105
3255754 0 105
3257290 0 105
3258703 0 106
3260158 0 104
3261673 0 105
3263229 0 106
3264643 0 104
3266097 0 105
3267592 0 105
3269025 0 105
3270459 0 105
3271892 0 105
3273428 0 106
3274862 0 104
3276398 0 105
3277790 0 105
3279326 0 105
3280883 0 105
3282357 0 106
3283873 0 104
3285409 0 105
3286904 0 105
3288358 0 105
3289812 0 105
3291287 0 105
3292720 0 105
3294113 0 105
3295608 0 106
3297082 0 104
3298577 0 105
3300011 0 105
3301465 0 105
3303001 0 105
3304475 0 106
3305950 0 104
3307425 0 105
3308838 0 105
3310292 0 105
3311746 0 105
3313200 0 105
3314695 0 105
3316149 0 106
3317562 0 104
3319036 0 105
3320491 0 106
3321904 0 104
3323337 0 105
3324873 0 106
3326430 0 104
3327863 0 105
3329317 0 105
3330792 0 105
3332307 0 105
3333864 0 105
3335420 0 105
3336874 0 105
3338369 0 106
3339864 0 104
3341400 0 105
3342834 0 106
3344349 0 104
3345885 0 105
3347401 0 105
3348834 0 106
3350309 0 104
3351824 0 105
3353299 0 105
3354692 0 105
3356207 0 105
3357722 0 106
3359258 0 104
3360815 0 105
3362289 0 106
3363785 0 104
3365300 0 105
3366774 0 105
3368188 0 105
3369683 0 105
3371239 0 106
3372714 0 104
3374229 0 105
3375704 0 105
3377117 0 106
3378653 0 104
3380209 0 105
3381745 0 106
3383281 0 104
3384817 0 105
3386333 0 105
3387848 0 105
3389241 0 105
3390695 0 106
3392210 0 104
3393644 0 105
3395159 0 105
3396572 0 106
3398047 0 104
3399501 0 105
3400935 0 105
3402409 0 105
3403904 0 105
3405379 0 105
3406894 0 105
3408410 0 106
3409843 0 104
3411297 0 105
3412833 0 105
3414369 0 105
3415823 0 105
3417277 0 105
3418772 0 105
3420288 0 106
3421844 0 104
3423257 0 105
3424650 0 106
3426104 0 104
3427538 0 105
3429074 0 105
3430569 0 105
3432002 0 105
3433518 0 105
3435013 0 106
3436467 0 104
3437859 0 105
3439354 0 105
3440829 0 105
3442324 0 105
3443880 0 106
3445396 0 104
3446829 0 105
3448324 0 105
3449737 0 105
3451192 0 105
3452605 0 105
3454038 0 105
3455574 0 105
3456967 0 106
3458380 0 104
3459936 0 105
3461472 0 105
3462885 0 106
3464401 0 104
3465937 0 105
3467473 0 105
3468927 0 105
3470442 0 105
3471978 0 105
3473494 0 105
3475009 0 106
3476504 0 104
3477917 0 105
3479453 0 106
3481010 0 104
3482423 0 105
3483938 0 105
3485434 0 105
