38632 0 3
40086 0 6
41643 0 1
43138 0 4
44612 0 3
46107 0 1
47623 0 4
49057 0 6
50470 0 10
52006 0 4
53378 0 14
54852 0 13
56306 0 21
57760 0 32
59276 0 5
60791 0 19
62204 0 13
63761 0 19
65194 0 32
66730 0 3
68185 0 17
69577 0 27
71052 0 5
72567 0 18
73980 0 36
75414 0 7
76827 0 15
78342 0 17
79858 0 24
81414 0 29
82848 0 7
84425 0 13
85879 0 18
87353 0 18
88889 0 13
90344 0 29
91716 0 6
93272 0 22
94829 0 27
96385 0 8
97962 0 14
99416 0 23
100850 0 31
102263 0 11
103676 0 14
105150 0 14
106666 0 24
108181 0 15
109717 0 31
111212 0 12
112625 0 13
114059 0 19
115533 0 13
117049 0 18
118503 0 27
119978 0 6
121534 0 15
122988 0 34
124442 0 2
125855 0 16
127268 0 21
128784 0 28
130340 0 4
131774 0 15
133207 0 14
134661 0 21
136115 0 23
137570 0 25
139003 0 6
140519 0 19
142055 0 30
143468 0 4
144881 0 17
146417 0 19
147850 0 23
149304 0 31
150861 0 2
152356 0 22
153830 0 18
155284 0 32
156779 0 2
158254 0 14
159688 0 20
161224 0 14
162759 0 23
164234 0 20
165688 0 31
167224 0 3
168699 0 18
170132 0 14
171586 0 16
173102 0 24
174494 0 33
176051 0 7
177505 0 13
178897 0 17
180413 0 18
181969 0 22
183485 0 26
184959 0 1
186454 0 13
187970 0 19
189506 0 22
191021 0 36
192455 0 2
193868 0 17
195343 0 29
196735 0 8
198189 0 21
199643 0 16
201138 0 21
202592 0 22
204046 0 19
205562 0 26
207036 0 3
208470 0 19
209965 0 36
211521 0 5
212996 0 19
214573 0 20
216150 0 31
217727 0 3
219181 0 15
220656 0 18
222171 0 32
223727 0 2
225161 0 19
226676 0 24
228212 0 14
229605 0 13
231080 0 24
232513 0 28
234029 0 7
235503 0 15
236937 0 14
238411 0 23
239804 0 27
241196 0 2
242691 0 17
244146 0 13
245559 0 18
247074 0 17
248610 0 20
250085 0 33
251580 0 12
252993 0 16
254365 0 24
255880 0 18
257396 0 19
258932 0 13
260488 0 36
261922 0 8
263396 0 24
264891 0 24
266305 0 20
267820 0 22
269295 0 14
270708 0 28
272141 0 3
273636 0 15
275111 0 22
276606 0 17
278121 0 15
279555 0 32
280988 0 8
282524 0 17
283937 0 35
285473 0 8
286948 0 17
288463 0 30
289979 0 2
291433 0 23
292846 0 31
294403 0 7
295939 0 23
297434 0 18
298847 0 19
300383 0 13
301898 0 19
303332 0 36
304786 0 9
306363 0 15
307837 0 27
309271 0 7
310745 0 16
312220 0 22
313735 0 15
315271 0 16
316664 0 13
318057 0 30
319572 0 7
321067 0 24
322603 0 16
323975 0 20
325491 0 15
326883 0 13
328358 0 17
329771 0 20
331348 0 25
332904 0 11
334420 0 21
335894 0 34
337348 0 5
338823 0 23
340277 0 30
341711 0 8
343165 0 20
344742 0 35
346216 0 8
347773 0 20
349309 0 19
350742 0 18
352258 0 16
353712 0 32
355104 0 6
356558 0 23
358012 0 16
359487 0 24
360920 0 15
362334 0 15
363829 0 22
365405 0 30
366798 0 4
368314 0 14
369768 0 33
371263 0 6
372799 0 15
374232 0 21
375666 0 18
377202 0 23
378717 0 19
380151 0 23
381666 0 13
383120 0 28
384656 0 1
386131 0 21
387544 0 29
388937 0 6
390493 0 18
392049 0 15
393504 0 16
394896 0 14
396330 0 13
397825 0 32
399299 0 5
400794 0 13
402228 0 21
403661 0 24
405054 0 21
406529 0 21
408003 0 25
409519 0 6
410993 0 24
412386 0 23
413860 0 26
415335 0 8
416871 0 13
418407 0 18
419881 0 27
421376 0 1
422830 0 22
424387 0 27
425820 0 5
427377 0 13
428790 0 21
430265 0 33
431800 0 4
433193 0 17
434729 0 14
436245 0 24
437699 0 27
439132 0 7
440586 0 22
442143 0 15
443576 0 22
445112 0 35
446607 0 5
448123 0 23
449597 0 24
451031 0 13
452485 0 24
453939 0 21
455373 0 19
456909 0 17
458383 0 29
459755 0 3
461230 0 16
462725 0 27
464281 0 9
465776 0 21
467210 0 16
468725 0 15
470138 0 18
471613 0 19
473169 0 16
474685 0 27
476098 0 5
477552 0 17
479047 0 19
480542 0 13
482058 0 17
483512 0 19
484925 0 15
486358 0 24
487874 0 25
489389 0 7
490946 0 13
492441 0 32
493854 0 2
495328 0 21
496905 0 17
498380 0 16
499772 0 17
501329 0 18
502865 0 36
504339 0 2
505875 0 21
507309 0 26
508702 0 1
510176 0 24
511651 0 17
513166 0 29
514579 0 12
516054 0 13
517487 0 29
518982 0 9
520416 0 21
521890 0 32
523324 0 2
524860 0 14
526334 0 21
527789 0 22
529222 0 23
530656 0 22
532212 0 29
533748 0 9
535243 0 22
536759 0 17
538192 0 17
539687 0 14
541141 0 18
542575 0 18
544111 0 28
545524 0 11
546957 0 22
548493 0 35
549968 0 3
551443 0 17
552978 0 35
554392 0 3
555907 0 15
557382 0 22
558877 0 33
560372 0 6
561805 0 22
563218 0 21
564652 0 14
566126 0 15
567621 0 20
569198 0 17
570591 0 13
572066 0 27
573602 0 4
575076 0 13
576489 0 18
578005 0 18
579541 0 17
581036 0 33
582449 0 2
583903 0 18
585398 0 30
586872 0 4
588347 0 16
589821 0 20
591337 0 20
592832 0 29
594327 0 7
595781 0 17
597194 0 28
598648 0 4
600164 0 13
601679 0 26
603195 0 10
604772 0 16
606226 0 17
607639 0 28
609134 0 1
610567 0 16
612103 0 23
613660 0 17
615073 0 21
616527 0 21
618063 0 21
619496 0 31
620930 0 11
622343 0 18
623756 0 35
625169 0 12
626603 0 15
628098 0 18
629572 0 25
631026 0 1
632440 0 21
633935 0 29
635368 0 3
636802 0 16
638215 0 14
639710 0 24
641164 0 25
642659 0 9
644174 0 16
645690 0 35
647185 0 12
648577 0 24
650052 0 19
651547 0 20
653022 0 33
654517 0 12
655950 0 23
657466 0 25
658899 0 11
660374 0 15
661766 0 13
663323 0 14
664838 0 16
666210 0 18
667767 0 20
669364 0 29
670880 0 2
672354 0 16
673849 0 20
675426 0 18
676962 0 18
678539 0 18
680055 0 36
681611 0 10
683045 0 13
684478 0 18
686055 0 20
687509 0 20
689107 0 21
690581 0 28
692056 0 6
693489 0 15
694943 0 25
696500 0 1
697954 0 14
699367 0 25
700821 0 12
702337 0 14
703811 0 33
705306 0 4
706760 0 20
708317 0 17
709791 0 14
711204 0 36
712638 0 5
714174 0 23
715607 0 20
717123 0 23
718597 0 36
720051 0 6
721628 0 24
723103 0 14
724496 0 16
726031 0 13
727486 0 18
728981 0 17
730414 0 19
731950 0 35
733363 0 11
734899 0 24
736312 0 32
737828 0 6
739323 0 14
740756 0 14
742251 0 17
743746 0 14
745159 0 30
746614 0 8
748129 0 24
749665 0 16
751037 0 23
752491 0 14
753863 0 17
755399 0 32
756874 0 10
758389 0 24
759946 0 21
761482 0 27
762936 0 6
764369 0 24
765803 0 22
767359 0 30
768834 0 6
770349 0 21
771762 0 18
773257 0 24
774671 0 23
776084 0 19
777620 0 19
779135 0 32
780548 0 6
782084 0 18
783559 0 18
785136 0 35
786549 0 4
787941 0 17
789395 0 17
790829 0 20
792304 0 15
793840 0 30
795191 0 8
796625 0 24
798079 0 28
799615 0 1
801151 0 17
802625 0 19
804079 0 22
805574 0 14
807069 0 21
808544 0 28
809937 0 11
811370 0 20
812947 0 24
814401 0 23
815937 0 19
817432 0 24
818886 0 22
820320 0 30
821712 0 7
823269 0 16
824702 0 27
826136 0 8
827590 0 15
829024 0 13
830560 0 20
832116 0 14
833570 0 23
835127 0 29
836642 0 7
838076 0 19
839530 0 15
840943 0 33
842479 0 1
843974 0 13
845510 0 35
846984 0 5
848377 0 16
849769 0 14
851305 0 16
852698 0 23
854214 0 24
855647 0 17
857101 0 25
858576 0 1
859989 0 13
861443 0 28
862938 0 9
864515 0 21
866071 0 22
867607 0 18
869041 0 14
870536 0 23
872051 0 26
873546 0 3
875041 0 20
876516 0 34
877908 0 6
879465 0 17
881001 0 33
882516 0 8
884073 0 16
885547 0 13
886940 0 36
888353 0 3
889889 0 22
891364 0 17
892756 0 17
894169 0 25
895726 0 4
897118 0 14
898634 0 15
900149 0 18
901726 0 20
903242 0 13
904778 0 18
906211 0 27
907686 0 1
909201 0 20
910717 0 19
912191 0 16
913645 0 22
915202 0 17
916656 0 14
918049 0 36
919482 0 10
921018 0 18
922452 0 15
923926 0 18
925442 0 17
926937 0 35
928391 0 11
929865 0 23
931381 0 35
932794 0 11
934248 0 15
935743 0 31
937258 0 12
938774 0 23
999075 0 101
1000488 0 101
1001881 0 101
1003355 0 101
1004768 0 101
1006223 0 101
1007656 0 101
1009151 0 101
1010687 0 101
1012080 0 101
1013575 0 102
1014988 0 102
1016524 0 102
1018039 0 102
1019432 0 102
1020947 0 102
1022401 0 102
1023896 0 102
1025432 0 103
1026948 0 101
1028381 0 102
1029836 0 102
1031351 0 102
1032846 0 102
1034300 0 103
1035754 0 101
1037167 0 102
1038662 0 103
1040137 0 101
1041652 0 102
1043045 0 103
1044581 0 101
1046096 0 102
1047632 0 102
1049107 0 102
1050602 0 102
1052056 0 103
1053551 0 101
1054944 0 102
1056418 0 102
1057913 0 102
1059388 0 103
1060903 0 101
1062316 0 102
1063832 0 102
1065286 0 102
1066760 0 102
1068153 0 103
1069607 0 101
1071000 0 102
1072413 0 103
1073887 0 101
1075382 0 102
1076775 0 103
1078290 0 101
1079683 0 102
1081076 0 103
1082632 0 101
1084066 0 102
1085602 0 103
1087035 0 101
1088489 0 102
1090005 0 102
1091541 0 102
1092995 0 103
1094510 0 101
1096026 0 102
1097562 0 103
1099036 0 101
1100429 0 102
1101822 0 102
1103357 0 102
1104893 0 103
1106306 0 101
1107740 0 102
1109256 0 103
1110710 0 101
1112143 0 102
1113597 0 103
1115092 0 101
1116505 0 102
1118001 0 102
1119454 0 102
1120949 0 103
1122363 0 101
1123755 0 102
1125291 0 102
1126725 0 103
1128281 0 101
1129817 0 102
1131353 0 103
1132766 0 101
1134323 0 102
1135736 0 103
1137190 0 101
1138644 0 102
1140077 0 102
1141593 0 102
1143026 0 102
1144481 0 102
1145976 0 102
1147430 0 102
1148966 0 103
1150379 0 101
1151853 0 102
1153246 0 102
1154782 0 102
1156215 0 102
1157690 0 103
1159123 0 101
1160516 0 102
1162073 0 102
1163568 0 102
1164960 0 102
1166373 0 102
1167807 0 103
1169384 0 101
1170817 0 102
1172210 0 103
1173664 0 101
1175098 0 102
1176531 0 102
1177944 0 102
1179460 0 102
1180914 0 102
1182450 0 102
1183883 0 103
1185378 0 101
1186771 0 102
1188307 0 103
1189884 0 101
1191420 0 102
1192894 0 103
1194389 0 101
1195803 0 102
1197339 0 102
1198854 0 103
1200369 0 101
1201865 0 102
1203380 0 102
1204814 0 103
1206288 0 101
1207783 0 102
1209176 0 102
1210650 0 102
1212084 0 102
1213517 0 103
1215074 0 101
1216589 0 102
1218023 0 103
1219538 0 101
1220952 0 102
1222508 0 102
1223901 0 103
1225334 0 101
1226768 0 102
1228263 0 103
1229676 0 101
1231089 0 102
1232584 0 102
1233997 0 102
1235533 0 102
1236926 0 102
1238359 0 103
1239834 0 101
1241288 0 102
1242742 0 102
1244216 0 102
1245711 0 103
1247165 0 101
1248599 0 102
1249992 0 102
1251528 0 103
1253023 0 101
1254559 0 102
1256033 0 103
1257569 0 101
1258962 0 102
1260354 0 102
1261788 0 102
1263181 0 102
1264737 0 102
1266191 0 102
1267584 0 103
1269079 0 101
1270492 0 102
1271905 0 102
1273400 0 102
1274834 0 102
1276287 0 102
1277803 0 103
1279237 0 101
1280629 0 102
1282063 0 102
1283558 0 102
1284991 0 102
1286466 0 103
1287899 0 101
1289313 0 102
1290869 0 103
1292364 0 101
1293777 0 102
1295190 0 102
1296624 0 103
1298139 0 101
1299655 0 102
1301211 0 103
1302645 0 101
1304181 0 102
1305717 0 102
1307273 0 102
1308768 0 103
1310284 0 101
1311717 0 102
1313151 0 102
1314625 0 102
1316120 0 102
1317656 0 102
1319049 0 102
1320524 0 103
1322059 0 101
1323514 0 102
1324927 0 102
1326319 0 102
1327794 0 102
1329309 0 103
1330804 0 101
1332279 0 102
1333733 0 102
1335269 0 102
1336723 0 102
1338115 0 102
1339570 0 102
1341065 0 103
1342519 0 101
1344055 0 102
1345468 0 102
1346860 0 103
1348314 0 101
1349830 0 102
1351243 0 102
1352718 0 103
1354233 0 101
1355667 0 102
1357162 0 102
1358616 0 102
1360131 0 102
1361647 0 102
1363142 0 103
1364575 0 101
1366070 0 102
1367504 0 102
1368999 0 102
1370453 0 102
1371989 0 103
1373422 0 101
1374897 0 102
1376392 0 102
1377907 0 102
1379402 0 102
1380795 0 102
1382208 0 102
1383744 0 103
1385260 0 101
1386755 0 102
1388291 0 102
1389683 0 102
1391178 0 103
1392591 0 101
1394004 0 102
1395458 0 102
1396994 0 102
1398510 0 102
1400025 0 103
1401561 0 101
1403015 0 102
1404531 0 102
1405985 0 102
1407542 0 102
1408955 0 102
1410409 0 102
1411822 0 103
1413255 0 101
1414730 0 102
1416245 0 102
1417679 0 102
1419072 0 103
1420628 0 101
1422082 0 102
1423598 0 102
1425154 0 103
1426710 0 101
1428205 0 102
1429639 0 102
1431052 0 102
1432486 0 103
1433919 0 101
1435353 0 102
1436848 0 102
1438384 0 102
1439858 0 102
1441271 0 102
1442664 0 102
1444139 0 103
1445593 0 101
1446985 0 102
1448378 0 102
1449914 0 102
1451450 0 103
1452945 0 101
1454399 0 102
1455914 0 102
1457368 0 102
1458822 0 103
1460358 0 101
1461751 0 102
1463185 0 102
1464639 0 102
1466031 0 102
1467465 0 102
1468858 0 102
1470394 0 103
1471970 0 101
1473363 0 102
1474899 0 102
1476415 0 102
1477848 0 102
1479261 0 102
1480654 0 103
1482190 0 101
1483603 0 102
1485098 0 103
1486613 0 101
1488129 0 102
1489624 0 102
1491139 0 102
1492655 0 102
1494088 0 103
1495542 0 101
1496935 0 102
1498389 0 103
1499823 0 101
1501318 0 102
1502854 0 102
1504308 0 103
1505864 0 101
1507400 0 102
1508793 0 102
1510206 0 103
1511721 0 101
1513134 0 102
1514548 0 102
1516022 0 102
1517538 0 103
1519074 0 101
1520569 0 102
1521982 0 102
1523395 0 102
1524931 0 102
1526344 0 102
1527798 0 103
1529293 0 101
1530727 0 102
1532181 0 102
1533737 0 102
1535191 0 102
1536707 0 102
1538243 0 103
1539656 0 101
1541151 0 102
1542707 0 102
1544161 0 103
1545615 0 101
1547069 0 102
1548605 0 102
1550121 0 103
1551554 0 101
1552967 0 102
1554360 0 103
1555835 0 101
1557248 0 102
1558661 0 102
1560135 0 102
1561671 0 102
1563064 0 103
1564620 0 101
1566013 0 102
1567426 0 102
1568839 0 102
1570252 0 103
1571706 0 101
1573140 0 102
1574696 0 103
1576232 0 101
1577727 0 102
1579140 0 103
1580553 0 101
1582048 0 102
1583503 0 102
1584977 0 102
1586370 0 102
1587906 0 103
1589319 0 101
1590875 0 102
1592329 0 102
1593845 0 102
1595401 0 102
1596896 0 102
1598289 0 102
1599825 0 102
1601258 0 103
1602712 0 101
1604187 0 102
1605580 0 103
1607095 0 101
1608570 0 102
1609962 0 103
1611416 0 101
1612932 0 102
1614468 0 103
1615983 0 101
1617499 0 102
1619014 0 102
1620571 0 103
1622107 0 101
1623520 0 102
1625035 0 103
1626592 0 101
1628025 0 102
1629418 0 103
1630872 0 101
1632285 0 102
1633821 0 102
1635336 0 103
1636750 0 101
1638204 0 102
1639678 0 102
1641132 0 103
1642607 0 101
1644061 0 102
1645556 0 103
1646969 0 101
1648464 0 102
1649857 0 102
1651249 0 102
1652744 0 102
1654301 0 102
1655693 0 103
1657229 0 101
1658745 0 102
1660219 0 102
1661632 0 102
1663086 0 102
1664540 0 103
1665995 0 101
1667408 0 102
1668882 0 102
1670316 0 102
1671770 0 102
1673265 0 102
1674780 0 102
1676296 0 102
1677729 0 103
1679245 0 101
1680658 0 102
1682173 0 102
1683648 0 102
1685143 0 102
1686577 0 102
1687990 0 102
1689505 0 102
1690898 0 103
1692311 0 101
1693826 0 102
1695239 0 103
1696755 0 101
1698291 0 102
1699704 0 102
1701117 0 103
1702633 0 101
1704169 0 102
1705705 0 102
1707138 0 102
1708572 0 103
1710067 0 101
1711459 0 102
1712872 0 102
1714286 0 102
1715760 0 102
1717153 0 102
1718689 0 103
1720163 0 101
1721597 0 102
1723030 0 103
1724505 0 101
1725959 0 102
1727454 0 102
1728887 0 103
1730383 0 101
1731857 0 102
1733311 0 102
1734745 0 103
1736158 0 101
1737653 0 102
1739086 0 102
1740499 0 102
1741954 0 103
1743489 0 101
1744882 0 102
1746357 0 103
1747811 0 101
1749244 0 102
1750698 0 103
1752193 0 101
1753668 0 102
1755183 0 102
1756719 0 102
1758214 0 102
1759730 0 102
1761266 0 102
1762822 0 103
1764256 0 101
1765669 0 102
1767123 0 102
1768557 0 102
1770031 0 103
1771444 0 101
1772857 0 102
1774393 0 102
1775786 0 102
1777240 0 102
1778694 0 102
1780230 0 102
1781766 0 103
1783240 0 101
1784735 0 102
1786271 0 102
1787664 0 103
1789200 0 101
1790716 0 102
1792149 0 103
1793685 0 101
1795119 0 102
1796655 0 103
1798170 0 101
1799583 0 102
1801099 0 103
1802512 0 101
1803904 0 102
1805420 0 103
1806935 0 101
1808471 0 102
1809864 0 102
1811277 0 102
1812690 0 102
1814165 0 102
1815578 0 102
1817093 0 103
1818629 0 101
1820042 0 102
1821517 0 102
1823032 0 102
1824486 0 102
1825981 0 102
1827517 0 102
1828910 0 103
1830467 0 101
1831982 0 102
1833477 0 102
1834870 0 102
1836283 0 102
1837737 0 102
1839170 0 103
1840706 0 101
1842119 0 102
1843614 0 102
1845007 0 102
1846461 0 102
1847997 0 102
1849492 0 102
1850926 0 103
1852462 0 101
1853895 0 102
1855370 0 103
1856906 0 101
1858360 0 102
1859773 0 103
1861309 0 101
1862845 0 102
1864340 0 102
1865835 0 102
1867289 0 102
1868784 0 102
1870238 0 103
1871815 0 101
1873208 0 102
1874621 0 102
1876116 0 102
1877652 0 102
1879188 0 103
1880703 0 101
1882178 0 102
1883673 0 102
1885065 0 102
1886581 0 102
1888096 0 102
1889489 0 102
1890943 0 103
1892499 0 101
1893974 0 102
1986724 0 38
1988158 0 44
1989591 0 37
1991086 0 39
1992520 0 48
1993933 0 44
1995346 0 37
1996841 0 37
1998295 0 40
1999790 0 46
2001265 0 57
2002801 0 56
2004234 0 55
2005811 0 57
2007265 0 66
2008719 0 42
2010194 0 49
2011668 0 72
2013143 0 48
2014699 0 59
2016194 0 69
2017689 0 47
2019123 0 52
2020536 0 60
2022031 0 53
2023505 0 56
2025062 0 69
2026618 0 38
2028134 0 52
2029608 0 65
2031144 0 45
2032619 0 49
2034073 0 57
2035527 0 60
2037042 0 56
2038599 0 49
2040114 0 55
2041691 0 67
2043248 0 48
2044722 0 56
2046279 0 58
2047712 0 60
2049187 0 54
2050600 0 51
2052013 0 66
2053488 0 37
2054901 0 58
2056334 0 49
2057788 0 49
2059324 0 55
2060778 0 58
2062355 0 71
2063768 0 40
2065325 0 51
2066758 0 70
2068233 0 47
2069646 0 52
2071141 0 49
2072554 0 52
2074049 0 62
2075544 0 38
2077080 0 58
2078616 0 67
2080111 0 42
2081565 0 53
2082978 0 68
2084494 0 48
2085968 0 51
2087402 0 70
2088836 0 39
2090331 0 52
2091846 0 58
2093423 0 58
2094877 0 69
2096372 0 41
2097867 0 50
2099362 0 53
2100878 0 54
2102311 0 55
2103806 0 53
2105219 0 57
2106735 0 51
2108127 0 69
2109561 0 45
2111056 0 59
2112530 0 59
2114066 0 50
2115582 0 63
2117159 0 44
2118674 0 57
2120231 0 58
2121746 0 60
2123241 0 50
2124675 0 56
2126231 0 58
2127788 0 56
2129344 0 72
2130819 0 46
2132396 0 55
2133932 0 53
2135468 0 66
2136963 0 48
2138519 0 54
2140014 0 57
2141448 0 58
2142943 0 54
2144356 0 67
2145830 0 38
2147346 0 59
2148882 0 56
2150356 0 56
2151851 0 70
2153326 0 44
2154841 0 50
2156357 0 60
2157790 0 52
2159224 0 57
2160699 0 55
2162235 0 49
2163770 0 54
2165225 0 63
2166781 0 46
2168337 0 51
2169853 0 54
2171246 0 55
2172700 0 59
2174133 0 54
2175628 0 69
2177103 0 46
2178577 0 50
2180093 0 70
2181547 0 48
2183083 0 56
2184619 0 51
2186052 0 57
2187588 0 54
2189124 0 56
2190619 0 58
2192053 0 66
2193548 0 42
2195002 0 50
2196558 0 69
2198135 0 39
2199692 0 60
2201207 0 69
2202702 0 48
2204238 0 57
2205815 0 50
2207331 0 50
2208744 0 56
2210280 0 57
2211857 0 63
2213434 0 48
2214908 0 59
2216383 0 59
2217796 0 52
2219352 0 60
2220888 0 57
2222322 0 60
2223837 0 68
2225250 0 44
2226766 0 52
2228261 0 67
2229797 0 41
2231210 0 50
2232664 0 70
2234179 0 38
2235715 0 56
2237231 0 59
2238644 0 63
2240180 0 48
2241716 0 59
2243150 0 59
2244563 0 56
2246017 0 57
2247594 0 63
2249109 0 45
2250543 0 56
2251956 0 56
2253369 0 62
2254905 0 43
2256441 0 54
2257977 0 56
2259390 0 50
2260803 0 56
2262319 0 53
2263854 0 57
2265370 0 61
2266804 0 41
2268237 0 57
2269814 0 52
2271289 0 53
2272845 0 50
2274381 0 49
2275835 0 72
2277289 0 48
2278764 0 49
2280197 0 60
2281713 0 52
2283126 0 54
2284682 0 71
2286075 0 37
2287631 0 55
2289188 0 69
2290662 0 42
2292219 0 54
2293714 0 58
2295291 0 62
2296806 0 39
2298240 0 50
2299755 0 53
2301230 0 56
2302704 0 67
2304158 0 43
2305633 0 51
2307087 0 51
2308602 0 52
2310098 0 58
2311511 0 69
2313067 0 37
2314501 0 53
2315955 0 54
2317388 0 49
2318904 0 51
2320337 0 67
2321750 0 39
2323204 0 51
2324638 0 58
2326215 0 53
2327649 0 61
2329123 0 38
2330659 0 56
2332175 0 51
2333629 0 65
2335144 0 40
2336680 0 54
2338175 0 57
2339629 0 66
2341042 0 48
2342578 0 50
2344094 0 64
2345589 0 47
2347022 0 59
2348497 0 70
2349992 0 44
2351487 0 50
2352900 0 61
2354334 0 45
2355788 0 51
2357303 0 51
2358737 0 60
2360211 0 58
2361686 0 57
2363140 0 55
2364676 0 61
2366171 0 46
2367666 0 53
2369120 0 52
2370635 0 71
2372151 0 37
2373584 0 56
2375079 0 55
2376636 0 56
2378049 0 56
2379503 0 60
2380978 0 68
2382370 0 46
2383824 0 54
2385340 0 67
2386896 0 45
2388412 0 56
2389866 0 50
2391381 0 63
2392856 0 44
2394412 0 55
2395928 0 51
2397464 0 60
2398938 0 55
2400413 0 57
2401887 0 55
2403321 0 54
2404754 0 63
2406229 0 38
2407662 0 51
2409096 0 50
2410571 0 52
2412045 0 55
2413520 0 61
2414974 0 41
2416489 0 53
2417902 0 60
2419459 0 50
2420913 0 64
2422367 0 48
2423903 0 57
2425480 0 52
2427036 0 56
2428490 0 71
2429944 0 47
2431357 0 51
2432811 0 68
2434327 0 38
2435802 0 58
2437256 0 64
2438648 0 37
2440102 0 54
2441515 0 51
2442990 0 71
2444526 0 43
2445939 0 60
2447454 0 49
2448868 0 55
2450383 0 53
2451817 0 59
2453353 0 54
2454786 0 71
2456220 0 44
2457674 0 59
2459148 0 55
2460623 0 56
2462097 0 52
2463613 0 66
2465149 0 42
2466664 0 55
2468098 0 51
2469572 0 59
2471067 0 55
2472501 0 49
2473935 0 56
2475389 0 67
2476925 0 48
2478481 0 54
2479976 0 70
2481430 0 37
2482966 0 58
2484543 0 54
2486038 0 56
2487472 0 49
2488864 0 57
2490359 0 52
2491875 0 60
2493431 0 65
2494947 0 39
2496421 0 58
2497855 0 72
2499370 0 41
2500804 0 57
2502319 0 56
2503835 0 49
2505289 0 58
2506743 0 51
2508299 0 61
2509774 0 37
2511269 0 59
2512682 0 53
2514218 0 56
2515775 0 71
2517208 0 38
2518724 0 56
2520178 0 50
2521734 0 51
2523250 0 56
2524786 0 53
2526260 0 49
2527653 0 54
2529107 0 70
2530622 0 44
2532076 0 60
2533510 0 63
2534923 0 39
2536316 0 55
2537790 0 49
2539326 0 50
2540862 0 60
2542275 0 53
2543729 0 49
2545142 0 70
2546535 0 47
2548071 0 58
2549504 0 54
2551040 0 56
2552454 0 61
2553990 0 43
2555485 0 59
2556939 0 69
2558434 0 42
2559949 0 57
2561465 0 58
2563021 0 49
2564475 0 55
2565929 0 67
2567322 0 47
2568776 0 58
2570230 0 56
2571643 0 66
2573199 0 42
2574715 0 58
2576189 0 62
2577623 0 39
2579077 0 54
2580613 0 71
2582026 0 39
2583542 0 52
2585098 0 64
2586655 0 39
2588211 0 58
2589665 0 50
2591160 0 60
2592696 0 57
2594273 0 54
2595788 0 57
2597365 0 70
2598840 0 37
2600376 0 58
2601912 0 66
2603407 0 39
2604922 0 51
2606417 0 50
2607851 0 55
2609264 0 53
2610821 0 68
2612316 0 46
2613811 0 49
2615347 0 68
2616903 0 37
2618418 0 54
2619832 0 67
2621306 0 46
2622760 0 57
2624214 0 53
2625689 0 57
2627266 0 68
2628740 0 40
2630174 0 60
2631730 0 50
2633246 0 55
2634761 0 72
2636215 0 43
2637669 0 59
2639226 0 58
2640741 0 53
2642277 0 49
2643834 0 55
2645247 0 71
2646762 0 40
2648196 0 59
2649732 0 50
2651145 0 59
2652619 0 55
2654094 0 60
2655650 0 56
2657145 0 57
2658661 0 61
2660115 0 42
2661651 0 57
2663105 0 55
2664621 0 54
2666116 0 54
2667651 0 67
2669187 0 44
2670662 0 49
2672137 0 57
2673570 0 51
2675106 0 67
2676540 0 42
2677994 0 60
2679509 0 58
2681025 0 53
2682520 0 64
2683953 0 38
2685366 0 60
2686841 0 51
2688336 0 57
2689790 0 57
2691203 0 69
2692657 0 42
2694214 0 54
2695750 0 56
2697204 0 72
2698719 0 43
2700132 0 54
2701689 0 61
2703204 0 45
2704699 0 54
2706194 0 50
2707628 0 71
2709020 0 39
2710515 0 58
2712010 0 72
2713526 0 46
2715041 0 59
2716516 0 66
2717949 0 41
2719444 0 51
2720858 0 59
2722394 0 56
2723889 0 53
2725322 0 52
2726838 0 69
2728312 0 40
2729766 0 57
2731220 0 56
2732695 0 56
2734272 0 69
2735787 0 47
2737241 0 50
2738716 0 49
2740129 0 49
2741603 0 54
2743037 0 63
2744573 0 48
2746007 0 52
2747420 0 56
2748894 0 56
2750369 0 59
2751884 0 58
2753318 0 58
2754833 0 63
2756308 0 37
2757762 0 50
2759277 0 72
2760690 0 48
2762124 0 53
2763640 0 57
2765073 0 70
2766548 0 39
2768063 0 55
2769620 0 70
2771115 0 47
2772569 0 54
2774002 0 49
2775538 0 56
2777074 0 59
2778610 0 71
2780085 0 46
2781539 0 56
2783095 0 53
2784631 0 57
2786188 0 52
2787662 0 57
2789198 0 63
2790611 0 43
2792127 0 60
2793642 0 71
2795137 0 41
2796591 0 54
2798086 0 60
2799581 0 51
2801138 0 61
2802612 0 43
2804025 0 50
2805418 0 59
2806893 0 64
2808408 0 39
2809883 0 56
2811357 0 52
2812811 0 57
2814265 0 54
2815781 0 64
2817276 0 39
2818771 0 54
2820266 0 62
2821679 0 46
2823235 0 49
2824628 0 71
2826164 0 44
2827577 0 50
2829052 0 57
2830465 0 53
2832021 0 69
2833475 0 39
2835032 0 58
2836465 0 60
2838001 0 56
2839476 0 49
2840971 0 60
2842425 0 64
2843920 0 38
2845394 0 56
2846807 0 60
2848261 0 49
2849736 0 56
2851292 0 71
2852849 0 38
2854282 0 57
2855839 0 69
2857293 0 44
2858788 0 51
2860324 0 53
2861758 0 72
2863212 0 48
2864625 0 58
2866222 0 69
2867738 0 45
2869274 0 51
2870810 0 72
2872202 0 43
2873759 0 59
2875274 0 63
2876728 0 41
2878285 0 55
2879759 0 52
2881275 0 55
2882831 0 60
2884347 0 62
2885760 0 42
2887316 0 55
2888770 0 68
2890224 0 47
2891760 0 55
2987365 0 104
2988819 0 104
2990232 0 104
2991686 0 104
2993079 0 104
2994574 0 104
2996069 0 104
2997564 0 104
2999018 0 104
3000451 0 104
3001967 0 105
3003503 0 105
3004977 0 106
3006513 0 104
3008029 0 105
3009524 0 105
3010998 0 106
3012452 0 104
3013988 0 105
3015463 0 105
3016937 0 105
3018432 0 105
3019846 0 106
3021402 0 104
3022815 0 105
3024269 0 106
3025826 0 104
3027218 0 105
3028631 0 106
3030106 0 104
3031498 0 105
3032952 0 105
3034427 0 105
3035902 0 105
3037376 0 106
3038892 0 104
3040325 0 105
3041800 0 105
3043213 0 105
3044749 0 105
3046264 0 105
3047718 0 105
3049172 0 106
3050667 0 104
3052203 0 105
3053637 0 105
3055111 0 105
3056627 0 105
3058163 0 106
3059617 0 104
3061153 0 105
3062648 0 105
3064163 0 105
3065618 0 105
3067153 0 106
3068587 0 104
3070143 0 105
3071577 0 105
3073031 0 106
3074588 0 104
3076021 0 105
3077475 0 106
3078929 0 104
3080486 0 105
3081878 0 106
3083414 0 104
3084950 0 105
3086404 0 106
3087817 0 104
3089251 0 105
3090705 0 106
3092221 0 104
3093695 0 105
3095149 0 106
3096562 0 104
3098098 0 105
3099532 0 106
3100945 0 104
3102460 0 105
3104017 0 105
3105532 0 105
3106986 0 105
3108522 0 105
3109956 0 106
3111369 0 104
3112864 0 105
3114420 0 105
3115936 0 105
3117411 0 105
3118885 0 105
3120339 0 105
3121855 0 105
3123411 0 106
3124886 0 104
3126340 0 105
3127794 0 105
3129330 0 105
3130845 0 105
3132258 0 105
3133733 0 106
3135269 0 104
3136723 0 105
3138177 0 105
3139651 0 105
3141126 0 105
3142600 0 106
3144096 0 104
3145652 0 105
3147126 0 105
3148642 0 105
3150055 0 105
3151530 0 105
3152984 0 105
3154438 0 106
3155851 0 104
3157407 0 105
3158964 0 105
3160479 0 105
3162015 0 105
3163408 0 106
3164862 0 104
3166377 0 105
3167872 0 105
3169408 0 105
3170944 0 106
3172480 0 104
3173914 0 105
3175327 0 105
3176801 0 105
3178296 0 105
3179710 0 105
3181123 0 106
3182638 0 104
3184113 0 105
3185546 0 105
3187021 0 105
3188495 0 106
3189908 0 104
3191465 0 105
3192919 0 106
3194414 0 104
3195868 0 105
3197424 0 105
3198960 0 105
3200435 0 106
3201950 0 104
3203404 0 105
3204859 0 106
3206415 0 104
3207869 0 105
3209344 0 105
3210900 0 106
3212313 0 104
3213870 0 105
3215324 0 105
3216860 0 105
3218334 0 105
3219809 0 105
3221324 0 106
3222778 0 104
3224191 0 105
3225686 0 106
3227120 0 104
3228635 0 105
3230049 0 106
3231462 0 104
3232916 0 105
3234390 0 105
3235947 0 105
3237462 0 105
3238896 0 105
3240309 0 106
3241742 0 104
3243258 0 105
3244773 0 105
3246330 0 105
3247784 0 106
3249320 0 104
3250835 0 105
3252392 0 105
3253907 0 105
3255382 0 105
3256918 0 105
3258351 0 105
3259826 0 106
3261239 0 104
3262714 0 105
3264147 0 106
3265601 0 104
3267137 0 105
3268530 0 105
3270086 0 105
3271520 0 105
3273015 0 105
3274428 0 105
3275984 0 105
3277520 0 106
3279015 0 104
3280510 0 105
3282005 0 105
3283500 0 105
3285036 0 105
3286511 0 106
3287965 0 104
3289358 0 105
3290812 0 105
3292266 0 105
3293781 0 106
3295256 0 104
3296730 0 105
3298184 0 106
3299618 0 104
3301051 0 105
3302505 0 105
3303939 0 105
3305455 0 105
3306909 0 106
3308322 0 104
3309714 0 105
3311168 0 105
3312684 0 105
3314138 0 105
3315551 0 106
3317087 0 104
3318582 0 105
3320138 0 105
3321633 0 105
3323190 0 106
3324726 0 104
3326241 0 105
3327777 0 105
3329313 0 105
3330747 0 105
3332180 0 105
3333675 0 106
3335150 0 104
3336645 0 105
3338181 0 105
3339696 0 105
3341232 0 106
3342707 0 104
3344202 0 105
3345656 0 105
3347131 0 105
3348687 0 105
3350182 0 105
3351677 0 105
3353131 0 106
3354626 0 104
3356060 0 105
3357493 0 106
3359009 0 104
3360524 0 105
3362081 0 105
3363555 0 105
3364989 0 105
3366525 0 105
3368081 0 106
3369494 0 104
3370907 0 105
3372321 0 105
3373734 0 105
3375270 0 106
3376724 0 104
3378157 0 105
3379632 0 105
3381065 0 105
3382478 0 105
3383933 0 105
3385468 0 105
3387025 0 106
3388540 0 104
3390076 0 105
3391633 0 105
3393107 0 105
3394643 0 106
3396179 0 104
3397695 0 105
3399231 0 105
3400644 0 106
3402200 0 104
3403634 0 105
3405067 0 105
3406603 0 105
3408119 0 105
3409593 0 105
3410986 0 105
3412502 0 105
3414017 0 106
3415574 0 104
3417130 0 105
3418645 0 105
3420038 0 105
3421472 0 106
3422946 0 104
3424503 0 105
3426059 0 105
3427595 0 105
3428988 0 106
3430524 0 104
3432080 0 105
3433473 0 105
3434988 0 105
3436422 0 105
3437958 0 105
3439432 0 106
3440886 0 104
3442443 0 105
3443876 0 106
3445371 0 104
3446784 0 105
3448300 0 105
3449775 0 106
3451270 0 104
3452785 0 105
3454280 0 106
3455734 0 104
3457229 0 105
3458683 0 106
3460137 0 104
3461653 0 105
3463148 0 105
3464581 0 105
3466035 0 105
3467489 0 106
3468923 0 104
3470459 0 105
3471913 0 105
3473326 0 106
3474760 0 104
3476316 0 105
3477873 0 105
3479409 0 105
3480904 0 105
3482419 0 105
3483935 0 105
3485389 0 106
3486822 0 104
3488379 0 105
3489833 0 106
3491369 0 104
3492905 0 105
3494400 0 105
3495915 0 105
3497308 0 105
3498844 0 105
3500318 0 105
3501854 0 105
3503288 0 106
3504824 0 104
3506339 0 105
3507773 0 106
3509268 0 104
3510660 0 105
3512155 0 105
3513630 0 106
3515146 0 104
3516681 0 105
3518177 0 105
3519672 0 105
3521228 0 105
3522682 0 105
3524218 0 105
3525693 0 106
3527106 0 104
3528560 0 105
3529952 0 105
3531427 0 105
3532901 0 105
3534458 0 106
3535994 0 104
3537448 0 105
3538861 0 105
3540295 0 106
3541790 0 104
3543285 0 105
3544698 0 106
3546213 0 104
3547688 0 105
3549121 0 106
3550637 0 104
3552193 0 105
3553627 0 105
3555040 0 106
3556535 0 104
3557968 0 105
3559484 0 105
3560918 0 105
3562453 0 106
3563867 0 104
3565300 0 105
3566836 0 105
3568331 0 105
3569826 0 106
3571301 0 104
3572796 0 105
3574291 0 106
3575724 0 104
3577219 0 105
3578735 0 105
3580271 0 105
3581827 0 106
3583322 0 104
3584715 0 105
3586271 0 105
3587725 0 105
3589241 0 105
3590715 0 105
3592169 0 106
3593664 0 104
3595118 0 105
3596552 0 105
3598027 0 105
3599481 0 105
3600894 0 106
3602307 0 104
3603802 0 105
3605317 0 105
3606710 0 105
3608123 0 105
3609557 0 105
3611011 0 105
3612567 0 106
3613980 0 104
3615475 0 105
3616970 0 106
3618465 0 104
3619960 0 105
3621414 0 106
3622950 0 104
3624384 0 105
3625940 0 106
3627497 0 104
3628951 0 105
3630446 0 106
3631900 0 104
3633415 0 105
3634931 0 105
3636324 0 105
3637860 0 105
3639334 0 106
3640829 0 104
3642263 0 105
3643778 0 106
3645314 0 104
3646768 0 105
3648325 0 105
3649799 0 105
3651335 0 106
3652851 0 104
3654325 0 105
3655820 0 106
3657356 0 104
3658831 0 105
3660346 0 105
3661800 0 106
3663254 0 104
3664790 0 105
3666326 0 105
3667760 0 105
3669234 0 105
3670729 0 105
3672224 0 105
3673719 0 105
3675235 0 106
3676750 0 104
3678225 0 105
3679740 0 105
3681276 0 105
3682730 0 105
3684266 0 106
3685782 0 104
3687256 0 105
3688690 0 106
3690144 0 104
3691639 0 105
3693093 0 106
3694629 0 104
3696063 0 105
3697558 0 106
3699032 0 104
3700507 0 105
3701920 0 106
3703415 0 104
3704930 0 105
3706343 0 105
3707777 0 105
3709190 0 105
3710706 0 106
3712201 0 104
3713757 0 105
3715252 0 105
3716768 0 106
3718283 0 104
3719778 0 105
3721314 0 105
3722809 0 105
3724263 0 106
3725676 0 104
3727192 0 105
3728666 0 105
3730100 0 105
3731554 0 105
3733028 0 106
3734523 0 104
3736018 0 105
3737554 0 105
3738988 0 106
3740503 0 104
3741978 0 105
3743473 0 105
3744989 0 105
3746402 0 105
3747938 0 106
3749412 0 104
3750846 0 105
3752259 0 105
3753713 0 105
3755228 0 105
3756703 0 106
3758198 0 104
3759693 0 105
3761188 0 106
3762683 0 104
3764157 0 105
3765673 0 106
3767106 0 104
3768499 0 105
3769953 0 106
3771407 0 104
3772902 0 105
3774438 0 105
3775872 0 106
3777264 0 104
3778718 0 105
3780213 0 105
3781668 0 105
3783163 0 106
3784678 0 104
3786234 0 105
3787709 0 105
3789163 0 105
3790638 0 105
3792092 0 105
3793505 0 106
3795061 0 104
3796454 0 105
3798010 0 105
3799444 0 105
3800980 0 105
3802413 0 105
3803908 0 106
3805403 0 104
3806939 0 105
3808434 0 106
3809950 0 104
3811424 0 105
3812817 0 105
3814312 0 105
3815869 0 105
3817282 0 106
3818715 0 104
3820128 0 105
3821541 0 105
3822995 0 105
3824429 0 105
3825863 0 105
3827399 0 105
3828935 0 106
3830470 0 104
3831863 0 105
3833399 0 105
3834894 0 105
3836328 0 105
3837761 0 106
3839318 0 104
3840874 0 105
3842369 0 105
3843926 0 106
3845400 0 104
3846875 0 105
3848329 0 105
3849803 0 105
3851196 0 105
3852752 0 105
3854186 0 105
3855681 0 106
3857155 0 104
3858691 0 105
3860186 0 105
3861600 0 105
3863136 0 106
3864590 0 104
3866023 0 105
3867518 0 105
3869013 0 106
3870426 0 104
3871962 0 105
3873396 0 106
3874952 0 104
3876447 0 105
3877860 0 106
3879376 0 104
3880830 0 105
3882243 0 105
3883758 0 105
3885172 0 106
3886687 0 104
3888182 0 105
3889677 0 105
