67621 0 1
69075 0 12
70488 0 2
71942 0 4
73437 0 11
74932 0 10
76448 0 10
77963 0 8
79499 0 8
80994 0 9
82530 0 17
84046 0 17
85520 0 18
87077 0 20
88531 0 15
90087 0 32
91521 0 3
93036 0 23
94429 0 28
95883 0 9
97398 0 23
98955 0 23
100429 0 14
101924 0 24
103378 0 16
104751 0 21
106225 0 31
107781 0 11
109338 0 15
110751 0 21
112308 0 15
113823 0 17
115257 0 23
116772 0 15
118165 0 13
119557 0 25
121114 0 9
122609 0 20
124063 0 35
125558 0 12
126950 0 22
128425 0 23
129961 0 22
131497 0 22
133033 0 23
134466 0 18
135880 0 34
137334 0 11
138808 0 14
140283 0 28
141716 0 12
143211 0 17
144645 0 22
146140 0 16
147512 0 30
148884 0 2
150338 0 18
151874 0 30
153369 0 12
154762 0 21
156236 0 32
157752 0 8
159288 0 17
160762 0 24
162278 0 22
163711 0 13
165125 0 13
166558 0 23
167992 0 32
169364 0 2
170818 0 22
172292 0 14
173828 0 14
175303 0 33
176736 0 11
178231 0 23
179665 0 20
181201 0 22
182778 0 25
184334 0 2
185768 0 21
187283 0 23
188717 0 23
190233 0 32
191707 0 5
193120 0 15
194636 0 13
196028 0 19
197441 0 14
198936 0 14
200370 0 23
201885 0 34
203340 0 4
204712 0 17
206166 0 25
207681 0 4
209115 0 24
210610 0 15
212125 0 18
213702 0 27
215218 0 8
216795 0 23
218351 0 22
219846 0 22
221382 0 20
222939 0 20
224434 0 28
225929 0 2
227383 0 16
228755 0 13
230168 0 17
231642 0 25
233199 0 5
234714 0 13
236230 0 18
237684 0 21
239158 0 14
240674 0 17
242210 0 28
243664 0 1
245220 0 13
246633 0 23
248129 0 34
249664 0 9
251078 0 21
252511 0 20
254006 0 20
255481 0 19
256914 0 19
258491 0 23
259925 0 20
261481 0 36
263038 0 1
264471 0 17
266028 0 15
267564 0 24
268956 0 16
270472 0 23
272008 0 13
273462 0 29
274854 0 9
276349 0 23
277804 0 29
279258 0 9
280753 0 14
282268 0 19
283825 0 34
285320 0 8
286896 0 23
288310 0 14
289846 0 15
291279 0 17
292692 0 35
294167 0 5
295580 0 20
297116 0 18
298549 0 18
299983 0 24
301396 0 21
302850 0 33
304304 0 8
305758 0 24
307171 0 19
308707 0 14
310202 0 28
311697 0 10
313233 0 24
314708 0 15
316244 0 28
317759 0 3
319172 0 18
320606 0 24
321999 0 25
323412 0 11
324927 0 16
326402 0 17
327856 0 27
329289 0 3
330723 0 23
332156 0 35
333549 0 11
335106 0 17
336642 0 24
338096 0 16
339591 0 32
340983 0 9
342437 0 18
343932 0 21
345448 0 26
346861 0 9
348438 0 15
349830 0 19
351346 0 18
352882 0 22
354418 0 35
355851 0 7
357387 0 18
358862 0 17
360336 0 14
361872 0 20
363429 0 23
364985 0 15
366460 0 30
367812 0 3
369307 0 18
370802 0 18
372256 0 17
373730 0 24
375225 0 20
376802 0 31
378297 0 1
379690 0 13
381205 0 36
382700 0 10
384277 0 19
385813 0 22
387288 0 21
388844 0 22
390319 0 15
391834 0 28
393329 0 9
394845 0 17
396237 0 21
397712 0 15
399186 0 24
400640 0 17
402176 0 23
403733 0 36
405228 0 4
406620 0 16
408095 0 15
409529 0 19
410983 0 24
412498 0 35
413993 0 4
415365 0 16
416819 0 32
418314 0 9
419768 0 24
421222 0 33
422738 0 6
424172 0 23
425626 0 33
427121 0 3
428513 0 21
429967 0 24
431421 0 22
432957 0 20
434514 0 21
436050 0 21
437524 0 28
438978 0 9
440514 0 24
441948 0 19
443463 0 15
444958 0 17
446494 0 32
447887 0 8
449423 0 23
450836 0 24
452270 0 17
453683 0 31
455260 0 7
456775 0 14
458311 0 13
459745 0 13
461178 0 21
462735 0 24
464148 0 36
465684 0 12
467076 0 21
468510 0 24
469923 0 17
471377 0 23
472790 0 20
474265 0 35
475780 0 3
477255 0 23
478750 0 14
480142 0 19
481678 0 23
483173 0 30
484546 0 11
486061 0 15
487454 0 15
488969 0 19
490423 0 30
491898 0 7
493331 0 18
494847 0 15
496280 0 13
497816 0 14
499270 0 29
500663 0 1
502178 0 14
503674 0 14
505169 0 28
506582 0 4
508118 0 17
509613 0 13
511026 0 35
512521 0 10
513954 0 17
515388 0 15
516883 0 13
518378 0 22
519873 0 16
521286 0 20
522761 0 36
524235 0 5
525751 0 15
527266 0 33
528720 0 4
530236 0 23
531669 0 26
533082 0 12
534495 0 14
535908 0 24
537342 0 19
538919 0 19
540496 0 20
542052 0 20
543629 0 27
545042 0 2
546537 0 23
548053 0 36
549609 0 2
551043 0 24
552497 0 34
553890 0 1
555344 0 19
556859 0 24
558354 0 24
559870 0 22
561447 0 33
562921 0 9
564416 0 16
565850 0 21
567427 0 19
568860 0 31
570335 0 5
571789 0 24
573243 0 21
574820 0 34
576253 0 8
577810 0 14
579243 0 13
580738 0 26
582254 0 7
583749 0 16
585162 0 24
586637 0 24
588152 0 23
589606 0 14
591122 0 19
592637 0 22
594071 0 32
595484 0 5
597040 0 13
598474 0 23
599887 0 32
601382 0 11
602815 0 18
604310 0 14
605744 0 16
607239 0 32
608734 0 3
610188 0 21
611765 0 25
613260 0 10
614735 0 24
616189 0 36
617684 0 2
619220 0 17
620715 0 20
622271 0 36
623746 0 4
625138 0 18
626592 0 31
628128 0 7
629562 0 18
631036 0 19
632470 0 31
634026 0 7
635460 0 14
636996 0 30
638368 0 7
639904 0 14
641440 0 25
642874 0 10
644410 0 23
645925 0 28
647359 0 8
648854 0 21
650390 0 16
651905 0 24
653318 0 30
654731 0 2
656206 0 22
657639 0 31
659114 0 11
660650 0 20
662227 0 36
663681 0 3
665176 0 22
666692 0 22
668125 0 15
669661 0 29
671074 0 12
672610 0 24
674146 0 32
675580 0 9
677157 0 17
678590 0 22
680065 0 22
681519 0 15
683055 0 13
684488 0 26
685963 0 4
687355 0 18
688912 0 27
690427 0 9
691943 0 24
693336 0 25
694810 0 1
696223 0 24
697636 0 25
699172 0 2
700626 0 21
702060 0 33
703514 0 6
705009 0 18
706504 0 14
707876 0 19
709351 0 13
710846 0 34
712361 0 7
713836 0 17
715290 0 28
716723 0 11
718177 0 22
719754 0 30
721229 0 11
722785 0 15
724280 0 29
725734 0 5
727209 0 17
728745 0 22
730260 0 14
731653 0 23
733148 0 25
734643 0 9
736179 0 21
737694 0 28
739230 0 4
740643 0 15
742179 0 23
743715 0 23
745231 0 16
746665 0 21
748221 0 24
749757 0 33
751293 0 11
752706 0 23
754242 0 26
755696 0 9
757212 0 15
758747 0 24
760304 0 18
761840 0 19
763355 0 15
764769 0 17
766243 0 23
767799 0 34
769192 0 4
770585 0 18
772100 0 22
773677 0 14
775070 0 20
776585 0 22
778121 0 33
779616 0 10
781050 0 20
782627 0 18
784060 0 14
785596 0 13
787050 0 33
788463 0 11
789979 0 19
791433 0 25
792908 0 9
794423 0 23
795939 0 23
797474 0 22
798949 0 13
800383 0 17
801816 0 23
803209 0 36
804683 0 4
806158 0 17
807550 0 22
809025 0 21
810479 0 13
811995 0 25
813449 0 9
814882 0 22
816357 0 16
817852 0 30
819326 0 1
820719 0 23
822112 0 21
823607 0 14
825020 0 14
826535 0 25
828092 0 1
829525 0 16
831020 0 36
832515 0 5
834051 0 22
835485 0 34
836898 0 10
838475 0 17
840011 0 15
841444 0 24
842980 0 13
844475 0 29
845909 0 7
847445 0 14
848960 0 20
850455 0 23
851991 0 25
853527 0 3
855022 0 13
856558 0 16
857992 0 15
859507 0 14
860941 0 22
862395 0 36
863890 0 6
865344 0 22
866880 0 34
868355 0 5
869870 0 19
871345 0 18
872901 0 19
874437 0 13
875871 0 21
877304 0 20
878861 0 21
880376 0 35
881830 0 12
883305 0 24
884779 0 14
886233 0 26
887769 0 11
889305 0 13
890759 0 17
892172 0 15
893647 0 24
895162 0 34
896616 0 7
898071 0 21
899484 0 19
901040 0 22
902474 0 23
904010 0 14
905525 0 19
906959 0 21
908372 0 32
909826 0 3
911321 0 15
912775 0 21
914208 0 14
915622 0 15
917137 0 21
918673 0 19
920127 0 16
921540 0 33
923035 0 8
924571 0 19
926025 0 23
927582 0 21
929118 0 16
930613 0 33
932026 0 6
933582 0 16
935057 0 26
936429 0 12
937903 0 14
939439 0 26
940914 0 6
942388 0 24
943802 0 30
945235 0 5
946710 0 22
948184 0 18
949597 0 18
951092 0 18
952628 0 30
954082 0 1
955536 0 21
956990 0 25
958506 0 9
959960 0 18
961414 0 31
962909 0 12
964466 0 21
965920 0 34
967435 0 3
968869 0 13
1000516 0 101
1001990 0 101
1003424 0 101
1004858 0 101
1006291 0 101
1007827 0 101
1009302 0 101
1010817 0 101
1012333 0 101
1013725 0 101
1015200 0 102
1016654 0 102
1018149 0 102
1019541 0 102
1020995 0 102
1022388 0 102
1023924 0 102
1025337 0 103
1026771 0 101
1028184 0 102
1029658 0 102
1031051 0 102
1032444 0 102
1033877 0 102
1035413 0 102
1036908 0 103
1038465 0 101
1039857 0 102
1041270 0 102
1042683 0 102
1044137 0 102
1045653 0 102
1047128 0 103
1048541 0 101
1049933 0 102
1051387 0 102
1052944 0 102
1054500 0 102
1055913 0 102
1057347 0 103
1058862 0 101
1060337 0 102
1061873 0 103
1063450 0 101
1064863 0 102
1066399 0 103
1067873 0 101
1069368 0 102
1070822 0 103
1072256 0 101
1073751 0 102
1075246 0 102
1076659 0 102
1078113 0 102
1079588 0 102
1081103 0 103
1082660 0 101
1084134 0 102
1085650 0 102
1087083 0 102
1088558 0 102
1090053 0 103
1091589 0 101
1093022 0 102
1094415 0 102
1095930 0 102
1097323 0 102
1098777 0 102
1100170 0 102
1101583 0 102
1102996 0 103
1104532 0 101
1105945 0 102
1107358 0 102
1108751 0 102
1110164 0 102
1111720 0 102
1113113 0 103
1114546 0 101
1115939 0 102
1117352 0 102
1118827 0 102
1120342 0 103
1121796 0 101
1123291 0 102
1124827 0 102
1126281 0 102
1127797 0 102
1129333 0 102
1130746 0 103
1132261 0 101
1133736 0 102
1135149 0 102
1136644 0 102
1138078 0 103
1139511 0 101
1141006 0 102
1142460 0 102
1143894 0 102
1145307 0 102
1146843 0 103
1148358 0 101
1149894 0 102
1151348 0 103
1152761 0 101
1154277 0 102
1155711 0 102
1157206 0 102
1158721 0 103
1160257 0 101
1161793 0 102
1163227 0 102
1164701 0 102
1166176 0 102
1167589 0 103
1169125 0 101
1170599 0 102
1172053 0 103
1173569 0 101
1175105 0 102
1176600 0 102
1178074 0 102
1179549 0 102
1181023 0 103
1182559 0 101
1183973 0 102
1185427 0 102
1186881 0 103
1188335 0 101
1189789 0 102
1191304 0 102
1192820 0 102
1194294 0 102
1195789 0 102
1197305 0 103
1198759 0 101
1200192 0 102
1201708 0 102
1203141 0 102
1204616 0 102
1206131 0 102
1207545 0 103
1209081 0 101
1210494 0 102
1211948 0 102
1213381 0 102
1214876 0 102
1216392 0 103
1217969 0 101
1219423 0 102
1220856 0 102
1222310 0 103
1223744 0 101
1225280 0 102
1226754 0 102
1228229 0 102
1229683 0 103
1231199 0 101
1232694 0 102
1234209 0 102
1235684 0 102
1237076 0 103
1238612 0 101
1240148 0 102
1241582 0 103
1243036 0 101
1244510 0 102
1245985 0 103
1247541 0 101
1249077 0 102
1250470 0 102
1252006 0 103
1253562 0 101
1254996 0 102
1256430 0 102
1257843 0 102
1259256 0 102
1260792 0 103
1262287 0 101
1263741 0 102
1265154 0 103
1266567 0 101
1268021 0 102
1269557 0 103
1271052 0 101
1272486 0 102
1273878 0 102
1275353 0 103
1276807 0 101
1278281 0 102
1279674 0 103
1281230 0 101
1282705 0 102
1284261 0 102
1285674 0 102
1287210 0 103
1288623 0 101
1290118 0 102
1291532 0 103
1293027 0 101
1294542 0 102
1295955 0 103
1297491 0 101
1298945 0 102
1300481 0 102
1301935 0 102
1303348 0 102
1304884 0 102
1306379 0 102
1307874 0 103
1309390 0 101
1310864 0 102
1312380 0 103
1313936 0 101
1315411 0 102
1316885 0 102
1318298 0 102
1319834 0 102
1321350 0 102
1322784 0 103
1324197 0 101
1325651 0 102
1327125 0 102
1328641 0 102
1330177 0 102
1331713 0 102
1333146 0 102
1334559 0 103
1336034 0 101
1337549 0 102
1339044 0 102
1340539 0 103
1342116 0 101
1343632 0 102
1345106 0 103
1346642 0 101
1348035 0 102
1349489 0 102
1350902 0 102
1352295 0 102
1353708 0 102
1355203 0 102
1356616 0 102
1358009 0 103
1359524 0 101
1361019 0 102
1362514 0 102
1363989 0 102
1365525 0 103
1367020 0 101
1368433 0 102
1369825 0 102
1371361 0 102
1372836 0 102
1374310 0 102
1375867 0 102
1377341 0 103
1378795 0 101
1380208 0 102
1381724 0 103
1383198 0 101
1384714 0 102
1386189 0 102
1387704 0 102
1389179 0 102
1390653 0 102
1392148 0 102
1393643 0 103
1395077 0 101
1396572 0 102
1398067 0 102
1399603 0 103
1401118 0 101
1402572 0 102
1404088 0 102
1405624 0 102
1407139 0 102
1408593 0 103
1410129 0 101
1411645 0 102
1413078 0 103
1414635 0 101
1416068 0 102
1417522 0 103
1418997 0 101
1420390 0 102
1421803 0 102
1423236 0 102
1424670 0 103
1426206 0 101
1427742 0 102
1429155 0 103
1430650 0 101
1432165 0 102
1433681 0 103
1435217 0 101
1436671 0 102
1438125 0 102
1439538 0 102
1440972 0 103
1442426 0 101
1443921 0 102
1445436 0 103
1446972 0 101
1448426 0 102
1449880 0 102
1451396 0 102
1452809 0 103
1454283 0 101
1455778 0 102
1457171 0 102
1458666 0 102
1460100 0 102
1461636 0 102
1463069 0 102
1464462 0 102
1465854 0 103
1467349 0 101
1468865 0 102
1470380 0 102
1471793 0 102
1473329 0 102
1474742 0 102
1476176 0 103
1477692 0 101
1479187 0 102
1480641 0 102
1482115 0 103
1483528 0 101
1484941 0 102
1486395 0 103
1487870 0 101
1489406 0 102
1490819 0 103
1492375 0 101
1493789 0 102
1495284 0 102
1496676 0 102
1498171 0 102
1499605 0 103
1501100 0 101
1502615 0 102
1504090 0 102
1505523 0 102
1507059 0 102
1508493 0 102
1509988 0 103
1511422 0 101
1512855 0 102
1514391 0 102
1515866 0 103
1517299 0 101
1518815 0 102
1520310 0 102
1521805 0 102
1523259 0 103
1524815 0 101
1526269 0 102
1527682 0 103
1529177 0 101
1530590 0 102
1531983 0 103
1533396 0 101
1534912 0 102
1536386 0 102
1537881 0 102
1539438 0 103
1540912 0 101
1542346 0 102
1543779 0 102
1545274 0 102
1546688 0 102
1548121 0 102
1549637 0 103
1551091 0 101
1552586 0 102
1554019 0 102
1555453 0 102
1556845 0 102
1558381 0 103
1559876 0 101
1561351 0 102
1562764 0 102
1564239 0 103
1565795 0 101
1567290 0 102
1568806 0 102
1570341 0 103
1571796 0 101
1573270 0 102
1574724 0 103
1576199 0 101
1577694 0 102
1579230 0 103
1580786 0 101
1582240 0 102
1583674 0 102
1585148 0 102
1586664 0 102
1588118 0 103
1589613 0 101
1591046 0 102
1592582 0 103
1594016 0 101
1595531 0 102
1596965 0 102
1598481 0 103
1599955 0 101
1601409 0 102
1602843 0 102
1604276 0 102
1605710 0 102
1607184 0 102
1608618 0 102
1610113 0 103
1611649 0 101
1613185 0 102
1614721 0 102
1616236 0 103
1617670 0 101
1619124 0 102
1620558 0 102
1621950 0 102
1623425 0 102
1624899 0 102
1626312 0 103
1627766 0 101
1629282 0 102
1630736 0 102
1632251 0 102
1633705 0 103
1635241 0 101
1636757 0 102
1638170 0 102
1639645 0 102
1641160 0 102
1642553 0 103
1644007 0 101
1645543 0 102
1647038 0 102
1648430 0 102
1649946 0 102
1651379 0 102
1652833 0 103
1654369 0 101
1655844 0 102
1657339 0 103
1658814 0 101
1660288 0 102
1661845 0 103
1663319 0 101
1664794 0 102
1666289 0 103
1667743 0 101
1669279 0 102
1670692 0 103
1672228 0 101
1673723 0 102
1675136 0 102
1676528 0 102
1677983 0 102
1679498 0 102
1680932 0 103
1682447 0 101
1683942 0 102
1685499 0 103
1686912 0 101
1688325 0 102
1689799 0 103
1691274 0 101
1692769 0 102
1694243 0 102
1695759 0 102
1697233 0 103
1698728 0 101
1700162 0 102
1701596 0 102
1703070 0 102
1704524 0 102
1706019 0 102
1707412 0 103
1708907 0 101
1710381 0 102
1711876 0 102
1713371 0 102
1714846 0 102
1716279 0 102
1717693 0 103
1719126 0 101
1720642 0 102
1722137 0 102
1723570 0 103
1725127 0 101
1726560 0 102
1728096 0 103
1729509 0 101
1731045 0 102
1732458 0 103
1733933 0 101
1735407 0 102
1736821 0 102
1738316 0 102
1739831 0 103
1741367 0 101
1742760 0 102
1744255 0 102
1745709 0 102
1747142 0 103
1748596 0 101
1750050 0 102
1751545 0 103
1753081 0 101
1754597 0 102
1756092 0 103
1757648 0 101
1759143 0 102
1760536 0 102
1761929 0 102
1763424 0 102
1764816 0 102
1766229 0 102
1767622 0 102
1769137 0 103
1770653 0 101
1772189 0 102
1773602 0 102
1775097 0 102
1776510 0 102
1777903 0 103
1779377 0 101
1780811 0 102
1782306 0 102
1783739 0 102
1785275 0 102
1786729 0 102
1788122 0 103
1789617 0 101
1791030 0 102
1792464 0 102
1793979 0 102
1795495 0 102
1796990 0 103
1798546 0 101
1800062 0 102
1801516 0 102
1802908 0 102
1804444 0 102
1805980 0 102
1807516 0 102
1808950 0 103
1810465 0 101
1812001 0 102
1813476 0 102
1814909 0 102
1816404 0 103
1817838 0 101
1819353 0 102
1820889 0 103
1822344 0 101
1823777 0 102
1825334 0 103
1826788 0 101
1828283 0 102
1829798 0 102
1831314 0 102
1832706 0 102
1834119 0 102
1835573 0 102
1836986 0 102
1838440 0 103
1839956 0 101
1841349 0 102
1842741 0 102
1844257 0 102
1845670 0 103
1847144 0 101
1848660 0 102
1850155 0 103
1851568 0 101
1853083 0 102
1854497 0 103
1855930 0 101
1857446 0 102
1858879 0 102
1860333 0 102
1861890 0 103
1863323 0 101
1864757 0 102
1866293 0 102
1867685 0 102
1869201 0 102
1870696 0 102
1872171 0 103
1873604 0 101
1875099 0 102
1876553 0 102
1878048 0 102
1879584 0 103
1881120 0 101
1882656 0 102
1884069 0 102
1885503 0 102
1886977 0 102
1888452 0 102
1889988 0 103
1891483 0 101
1892875 0 102
1894329 0 103
1895763 0 101
1897279 0 102
1921025 0 48
1922561 0 44
1924036 0 43
1925572 0 38
1927087 0 42
1928500 0 42
1929995 0 37
1931490 0 40
1932985 0 40
1934460 0 44
1935934 0 56
1937491 0 51
1938965 0 59
1940481 0 71
1942017 0 39
1943450 0 52
1944945 0 61
1946502 0 44
1947976 0 50
1949533 0 58
1951089 0 55
1952564 0 50
1954100 0 51
1955554 0 72
1957069 0 46
1958544 0 59
1959998 0 57
1961431 0 52
1962926 0 64
1964380 0 37
1965937 0 58
1967370 0 56
1968927 0 53
1970340 0 53
1971794 0 50
1973330 0 57
1974866 0 68
1976382 0 43
1977897 0 53
1979392 0 55
1980948 0 68
1982484 0 41
1983979 0 50
1985515 0 49
1987031 0 72
1988485 0 47
1989919 0 54
1991414 0 63
1992909 0 47
1994363 0 57
1995776 0 56
1997271 0 51
1998704 0 72
2000240 0 39
2001653 0 56
2003128 0 69
2004541 0 45
2005975 0 55
2007429 0 55
2008924 0 51
2010398 0 52
2011975 0 58
2013470 0 49
2014945 0 61
2016358 0 48
2017894 0 54
2019430 0 54
2020884 0 71
2022420 0 45
2023853 0 50
2025410 0 49
2026946 0 57
2028420 0 56
2029833 0 49
2031267 0 65
2032742 0 42
2034277 0 52
2035793 0 55
2037268 0 55
2038722 0 52
2040155 0 59
2041568 0 68
2043063 0 45
2044579 0 54
2046094 0 52
2047528 0 57
2049043 0 52
2050518 0 62
2051972 0 38
2053528 0 59
2054941 0 55
2056457 0 58
2058034 0 64
2059467 0 47
2060942 0 54
2062355 0 59
2063789 0 50
2065243 0 54
2066779 0 66
2068315 0 41
2069830 0 54
2071243 0 52
2072697 0 60
2074254 0 49
2075667 0 66
2077223 0 40
2078759 0 52
2080275 0 59
2081770 0 55
2083306 0 54
2084739 0 71
2086173 0 38
2087627 0 55
2089122 0 58
2090658 0 49
2092092 0 51
2093566 0 49
2095020 0 51
2096474 0 54
2097887 0 62
2099423 0 46
2100898 0 52
2102434 0 52
2103990 0 60
2105506 0 51
2107021 0 67
2108475 0 45
2109929 0 59
2111465 0 70
2112960 0 37
2114394 0 52
2115950 0 52
2117466 0 57
2118940 0 67
2120435 0 37
2121910 0 56
2123364 0 58
2124900 0 57
2126457 0 60
2127951 0 62
2129405 0 37
2130819 0 50
2132314 0 63
2133727 0 38
2135242 0 54
2136676 0 51
2138130 0 56
2139666 0 49
2141079 0 71
2142635 0 38
2144110 0 52
2145543 0 59
2146956 0 59
2148451 0 69
2149947 0 40
2151482 0 58
2152998 0 54
2154554 0 58
2156111 0 53
2157647 0 51
2159121 0 52
2160698 0 61
2162214 0 40
2163688 0 60
2165101 0 67
2166596 0 45
2168091 0 52
2169607 0 64
2171122 0 37
2172679 0 57
2174174 0 58
2175669 0 70
2177144 0 44
2178557 0 54
2180113 0 66
2181649 0 42
2183103 0 51
2184598 0 68
2186155 0 37
2187690 0 53
2189227 0 69
2190721 0 39
2192196 0 52
2193732 0 59
2195268 0 62
2196804 0 37
2198197 0 56
2199712 0 54
2201207 0 57
2202661 0 61
2204177 0 44
2205672 0 49
2207146 0 55
2208682 0 72
2210177 0 48
2211631 0 50
2213044 0 55
2214560 0 53
2216055 0 56
2217488 0 58
2219024 0 68
2220499 0 45
2221994 0 59
2223468 0 51
2224922 0 54
2226418 0 54
2227831 0 65
2229326 0 48
2230862 0 57
2232357 0 53
2233811 0 69
2235306 0 38
2236760 0 54
2238234 0 56
2239791 0 50
2241286 0 50
2242678 0 63
2244235 0 46
2245730 0 50
2247122 0 60
2248638 0 57
2250133 0 59
2251607 0 71
2253062 0 40
2254618 0 50
2256092 0 54
2257506 0 58
2259062 0 51
2260537 0 52
2262011 0 69
2263486 0 48
2264919 0 53
2266455 0 49
2267868 0 57
2269302 0 55
2270715 0 51
2272271 0 54
2273807 0 68
2275323 0 48
2276879 0 55
2278456 0 70
2279828 0 41
2281323 0 55
2282778 0 51
2284334 0 67
2285870 0 46
2287426 0 54
2288901 0 56
2290334 0 57
2291850 0 59
2293284 0 63
2294779 0 42
2296253 0 52
2297728 0 63
2299264 0 45
2300800 0 55
2302356 0 65
2303851 0 45
2305346 0 52
2306821 0 64
2308234 0 42
2309770 0 60
2311244 0 50
2312657 0 71
2314091 0 45
2315606 0 59
2317040 0 65
2318474 0 41
2319989 0 51
2321443 0 64
2322938 0 47
2324454 0 50
2325908 0 49
2327341 0 64
2328836 0 44
2330249 0 50
2331806 0 51
2333280 0 60
2334734 0 53
2336127 0 53
2337540 0 61
2339035 0 39
2340448 0 51
2342005 0 54
2343500 0 65
2344974 0 44
2346449 0 60
2347903 0 62
2349398 0 37
2350872 0 53
2352367 0 58
2353821 0 66
2355234 0 39
2356689 0 51
2358102 0 63
2359597 0 47
2361112 0 59
2362546 0 66
2363959 0 44
2365372 0 51
2366805 0 51
2368321 0 55
2369775 0 57
2371331 0 63
2372908 0 39
2374301 0 56
2375735 0 61
2377209 0 47
2378704 0 57
2380117 0 57
2381653 0 49
2383128 0 49
2384623 0 50
2386138 0 57
2387715 0 63
2389128 0 40
2390685 0 49
2392118 0 53
2393531 0 70
2394945 0 44
2396480 0 60
2397975 0 54
2399430 0 57
2400966 0 51
2402440 0 67
2403976 0 37
2405430 0 54
2406966 0 50
2408461 0 61
2409956 0 39
2411369 0 59
2412864 0 57
2414421 0 67
2415936 0 47
2417390 0 53
2418926 0 59
2420339 0 65
2421834 0 43
2423309 0 52
2424824 0 65
2426237 0 47
2427671 0 59
2429105 0 54
2430661 0 55
2432095 0 53
2433631 0 59
2435085 0 69
2436559 0 42
2437972 0 57
2439406 0 60
2440921 0 53
2442457 0 60
2443952 0 50
2445365 0 57
2446799 0 72
2448253 0 45
2449809 0 49
2451284 0 69
2452759 0 42
2454274 0 60
2455810 0 68
2457223 0 37
2458780 0 56
2460254 0 49
2461770 0 68
2463244 0 42
2464760 0 56
2466296 0 50
2467832 0 68
2469224 0 43
2470699 0 60
2472255 0 57
2473709 0 59
2475225 0 53
2476720 0 67
2478133 0 44
2479628 0 54
2481041 0 70
2482454 0 48
2483949 0 52
2485383 0 70
2486878 0 40
2488332 0 53
2489806 0 58
2491240 0 52
2492735 0 56
2494209 0 50
2495725 0 67
2497261 0 37
2498735 0 57
2500189 0 57
2501684 0 58
2503159 0 54
2504633 0 52
2506047 0 50
2507501 0 72
2508996 0 47
2510409 0 56
2511965 0 60
2513501 0 59
2514955 0 56
2516512 0 60
2517986 0 70
2519399 0 48
2520853 0 60
2522348 0 50
2523864 0 55
2525420 0 53
2526874 0 56
2528308 0 62
2529803 0 47
2531359 0 58
2532813 0 70
2534288 0 37
2535763 0 50
2537299 0 50
2538855 0 72
2540289 0 43
2541865 0 58
2543442 0 58
2544937 0 53
2546371 0 65
2547825 0 42
2549320 0 50
2550815 0 54
2552351 0 54
2553887 0 52
2555321 0 67
2556754 0 38
2558167 0 60
2559560 0 54
2560993 0 55
2562488 0 62
2564045 0 44
2565581 0 54
2567055 0 53
2568509 0 53
2569923 0 60
2571397 0 64
2572913 0 45
2574449 0 59
2575944 0 49
2577418 0 49
2578975 0 54
2580367 0 59
2581924 0 64
2583480 0 45
2584934 0 53
2586347 0 51
2587781 0 56
2589276 0 59
2590689 0 50
2592225 0 52
2593699 0 56
2595194 0 71
2596649 0 46
2598082 0 59
2599639 0 58
2601154 0 60
2602629 0 62
2604083 0 42
2605496 0 58
2606929 0 61
2608363 0 45
2609817 0 60
2611353 0 57
2612786 0 54
2614302 0 55
2615776 0 72
2617272 0 38
2618664 0 55
2620200 0 57
2621613 0 60
2623026 0 54
2624419 0 60
2625873 0 55
2627347 0 61
2628843 0 46
2630256 0 52
2631751 0 65
2633184 0 45
2634700 0 55
2636195 0 51
2637587 0 59
2639041 0 53
2640536 0 51
2642031 0 62
2643588 0 39
2645144 0 53
2646660 0 52
2648093 0 49
2649527 0 59
2650940 0 56
2652415 0 69
2653910 0 46
2655405 0 54
2656941 0 65
2658415 0 46
2659890 0 50
2661426 0 52
2663003 0 49
2664436 0 54
2665849 0 56
2667262 0 56
2668819 0 63
2670232 0 41
2671727 0 54
2673160 0 71
2674717 0 40
2676191 0 53
2677625 0 57
2679079 0 59
2680615 0 67
2682028 0 48
2683482 0 50
2685039 0 68
2686513 0 48
2687988 0 49
2689483 0 51
2690937 0 52
2692452 0 55
2693988 0 56
2695401 0 66
2696855 0 45
2698289 0 50
2699723 0 57
2701259 0 60
2702733 0 59
2704228 0 68
2705764 0 47
2707198 0 56
2708734 0 59
2710167 0 50
2711703 0 72
2713239 0 46
2714775 0 52
2716291 0 56
2717745 0 57
2719301 0 49
2720837 0 55
2722271 0 67
2723684 0 41
2725138 0 55
2726694 0 72
2728189 0 39
2729725 0 56
2731282 0 50
2732777 0 61
2734292 0 48
2735767 0 59
2737282 0 59
2738777 0 54
2740272 0 52
2741685 0 50
2743078 0 71
2744635 0 47
2746150 0 49
2747686 0 69
2749263 0 37
2750737 0 51
2752171 0 59
2753707 0 55
2755161 0 56
2756574 0 49
2758028 0 50
2759585 0 64
2761018 0 48
2762452 0 59
2763947 0 50
2765401 0 71
2766916 0 46
2768493 0 51
2769947 0 65
2771360 0 43
2772876 0 58
2774432 0 54
2775845 0 58
2777361 0 57
2778938 0 57
2780453 0 53
2781969 0 71
2783443 0 42
2784856 0 55
2786331 0 51
2787744 0 71
2789157 0 46
2790734 0 52
2792291 0 68
2793806 0 39
2795362 0 53
2796837 0 59
2798393 0 60
2799909 0 52
2801363 0 60
2802899 0 72
2804271 0 46
2805746 0 53
2807220 0 50
2808756 0 50
2810272 0 58
2811726 0 70
2813159 0 42
2814593 0 52
2816088 0 68
2817583 0 39
2819139 0 57
2820593 0 67
2822027 0 45
2823502 0 51
2824935 0 53
2852020 0 104
2853515 0 104
2854989 0 104
2856546 0 104
2857938 0 104
2859372 0 104
2860826 0 104
2862300 0 104
2863836 0 104
2865331 0 104
2866724 0 105
2868260 0 105
2869653 0 105
2871066 0 105
2872479 0 105
2873994 0 105
2875407 0 106
2876882 0 104
2878295 0 105
2879831 0 106
2881367 0 104
2882862 0 105
2884316 0 106
2885811 0 104
2887347 0 105
2888740 0 105
2890214 0 105
2891648 0 106
2893163 0 104
2894638 0 105
2896133 0 105
2897648 0 106
2899041 0 104
2900474 0 105
2901908 0 105
2903403 0 105
2904919 0 106
2906332 0 104
2907806 0 105
2909219 0 106
2910632 0 104
2912148 0 105
2913540 0 105
2915015 0 105
2916551 0 105
2918066 0 106
2919541 0 104
2920975 0 105
2922429 0 106
2923944 0 104
2925398 0 105
2926852 0 105
2928327 0 106
2929781 0 104
2931235 0 105
2932730 0 106
2934286 0 104
2935843 0 105
2937297 0 105
2938710 0 106
2940185 0 104
2941659 0 105
2943072 0 105
2944526 0 105
2946001 0 105
2947393 0 105
2948888 0 105
2950404 0 106
2951940 0 104
2953373 0 105
2954787 0 105
2956302 0 106
2957797 0 104
2959251 0 105
2960644 0 106
2962098 0 104
2963593 0 105
2965088 0 105
2966542 0 105
2967996 0 106
2969491 0 104
2971027 0 105
2972542 0 105
2974017 0 106
2975491 0 104
2976945 0 105
2978461 0 106
2979997 0 104
2981430 0 105
2982844 0 105
2984380 0 105
2985834 0 106
2987390 0 104
2988803 0 105
2990298 0 106
2991793 0 104
2993288 0 105
2994763 0 105
2996196 0 105
2997712 0 105
2999166 0 105
3000640 0 105
3002095 0 105
3003487 0 106
3004900 0 104
3006436 0 105
3007911 0 106
3009365 0 104
3010819 0 105
3012293 0 105
3013706 0 105
3015120 0 105
3016655 0 105
3018110 0 105
3019523 0 106
3020936 0 104
3022472 0 105
3023864 0 105
3025400 0 106
3026834 0 104
3028329 0 105
3029885 0 106
3031401 0 104
3032793 0 105
3034329 0 106
3035783 0 104
3037258 0 105
3038692 0 105
3040187 0 105
3041620 0 105
3043115 0 105
3044569 0 105
3046044 0 106
3047436 0 104
3048993 0 105
3050488 0 105
3052003 0 105
3053539 0 105
3055055 0 105
3056611 0 105
3058086 0 106
3059581 0 104
3061035 0 105
3062550 0 105
3064086 0 105
3065520 0 106
3066954 0 104
3068387 0 105
3069923 0 106
3071398 0 104
3072852 0 105
3074285 0 105
3075760 0 105
3077234 0 105
3078750 0 105
3080163 0 106
3081617 0 104
3083132 0 105
3084689 0 106
3086163 0 104
3087658 0 105
3089194 0 105
3090608 0 105
3092143 0 105
3093618 0 105
3095072 0 106
3096547 0 104
3098001 0 105
3099537 0 105
3100950 0 105
3102465 0 105
3103878 0 106
3105332 0 104
3106827 0 105
3108261 0 105
3109654 0 105
3111190 0 105
3112664 0 106
3114077 0 104
3115634 0 105
3117149 0 105
3118685 0 106
3120242 0 104
3121696 0 105
3123191 0 106
3124604 0 104
3126037 0 105
3127532 0 105
3128945 0 106
3130379 0 104
3131833 0 105
3133308 0 105
3134864 0 105
3136420 0 105
3137874 0 105
3139288 0 106
3140824 0 104
3142298 0 105
3143732 0 106
3145227 0 104
3146763 0 105
3148258 0 105
3149712 0 105
3151227 0 105
3152640 0 105
3154156 0 106
3155692 0 104
3157166 0 105
3158682 0 105
3160218 0 106
3161672 0 104
3163126 0 105
3164621 0 106
3166157 0 104
3167631 0 105
3169085 0 105
3170621 0 105
3172137 0 105
3173652 0 105
3175209 0 105
3176745 0 106
3178301 0 104
3179735 0 105
3181230 0 106
3182684 0 104
3184077 0 105
3185613 0 105
3187046 0 105
3188541 0 105
3190016 0 105
3191531 0 106
3192944 0 104
3194419 0 105
3195975 0 105
3197532 0 105
3198924 0 106
3200460 0 104
3201935 0 105
3203327 0 105
3204863 0 105
3206256 0 106
3207690 0 104
3209185 0 105
3210639 0 106
3212052 0 104
3213588 0 105
3215042 0 105
3216537 0 105
3217970 0 105
3219424 0 106
3220878 0 104
3222292 0 105
3223828 0 105
3225282 0 106
3226777 0 104
3228231 0 105
3229644 0 106
3231159 0 104
3232593 0 105
3234067 0 106
3235603 0 104
3237119 0 105
3238634 0 105
3240109 0 105
3241624 0 105
3243160 0 105
3244635 0 105
3246171 0 105
3247666 0 106
3249202 0 104
3250758 0 105
3252171 0 106
3253564 0 104
3255039 0 105
3256534 0 105
3258090 0 105
3259565 0 105
3261060 0 105
3262616 0 106
3264091 0 104
3265545 0 105
3266999 0 105
3268514 0 105
3270030 0 106
3271545 0 104
3273102 0 105
3274638 0 105
3276092 0 106
3277546 0 104
3279061 0 105
3280618 0 105
3282092 0 105
3283505 0 105
3284918 0 105
3286434 0 105
3287847 0 106
3289321 0 104
3290796 0 105
3292250 0 105
3293786 0 105
3295281 0 105
3296694 0 105
3298210 0 106
3299746 0 104
3301261 0 105
3302674 0 105
3304128 0 106
3305623 0 104
3307036 0 105
3308531 0 105
3310067 0 105
3311603 0 105
3313016 0 105
3314470 0 106
3315965 0 104
3317420 0 105
3318955 0 105
3320410 0 105
3321864 0 106
3323400 0 104
3324813 0 105
3326267 0 105
3327721 0 105
3329257 0 106
3330793 0 104
3332247 0 105
3333762 0 106
3335319 0 104
3336814 0 105
3338329 0 105
3339865 0 105
3341319 0 106
3342773 0 104
3344289 0 105
3345681 0 106
3347176 0 104
3348671 0 105
3350085 0 106
3351559 0 104
3353013 0 105
3354467 0 106
3355942 0 104
3357437 0 105
3358973 0 105
3360488 0 105
3361922 0 106
3363437 0 104
3364953 0 105
3366386 0 106
3367943 0 104
3369397 0 105
3370871 0 105
3372325 0 105
3373820 0 105
3375295 0 105
3376749 0 105
3378224 0 106
3379719 0 104
3381234 0 105
3382647 0 106
3384142 0 104
3385637 0 105
3387091 0 106
3388545 0 104
3389999 0 105
3391515 0 105
3392969 0 106
3394443 0 104
3395877 0 105
3397372 0 106
3398888 0 104
3400424 0 105
3401898 0 105
3403311 0 105
3404847 0 105
3406342 0 106
3407796 0 104
3409271 0 105
3410725 0 105
3412240 0 105
3413653 0 105
3415107 0 105
3416623 0 105
3418159 0 106
3419613 0 104
3421047 0 105
3422480 0 106
3424016 0 104
3425511 0 105
3426904 0 105
3428440 0 105
3429853 0 105
3431348 0 105
3432802 0 106
3434338 0 104
3435874 0 105
3437287 0 105
3438802 0 105
3440318 0 105
3441833 0 105
3443349 0 106
3444864 0 104
3446421 0 105
3447957 0 105
3449493 0 105
3450967 0 106
3452483 0 104
3454019 0 105
3455493 0 106
3457009 0 104
3458463 0 105
3459999 0 105
3461453 0 105
3462968 0 106
3464504 0 104
3465958 0 105
3467392 0 106
3468907 0 104
3470362 0 105
3471795 0 105
3473311 0 105
3474826 0 106
3476342 0 104
3477796 0 105
3479291 0 105
3480786 0 105
3482322 0 106
3483878 0 104
3485394 0 105
3486889 0 105
3488404 0 105
3489940 0 105
3491374 0 105
3492848 0 106
3494282 0 104
3495674 0 105
3497149 0 106
3498582 0 104
3499975 0 105
3501388 0 106
3502904 0 104
3504419 0 105
3505935 0 105
3507389 0 105
3508904 0 105
3510358 0 106
3511812 0 104
3513328 0 105
3514884 0 105
3516379 0 105
3517792 0 106
3519328 0 104
3520864 0 105
3522339 0 105
3523772 0 105
3525206 0 105
3526599 0 105
3528032 0 105
3529568 0 106
3531022 0 104
3532538 0 105
3533951 0 106
3535405 0 104
3536797 0 105
3538231 0 105
3539706 0 106
3541262 0 104
3542818 0 105
3544211 0 105
3545747 0 106
3547201 0 104
3548737 0 105
3550232 0 105
3551625 0 105
3553079 0 105
3554615 0 105
3556171 0 106
3557605 0 104
3559038 0 105
3560492 0 105
3561946 0 105
3563380 0 105
3564875 0 105
3566268 0 105
3567763 0 105
3569299 0 106
3570855 0 104
3572289 0 105
3573763 0 106
3575156 0 104
3576569 0 105
3577982 0 105
3579457 0 106
3580972 0 104
3582447 0 105
3583921 0 105
3585478 0 105
3586993 0 105
3588509 0 105
3590024 0 105
3591499 0 105
3593014 0 106
3594509 0 104
3596004 0 105
3597540 0 106
3599076 0 104
3600489 0 105
3602025 0 105
3603459 0 105
3605015 0 105
3606572 0 105
3608108 0 106
3609521 0 104
3611057 0 105
3612490 0 105
3613965 0 105
3615501 0 105
3617016 0 106
3618450 0 104
3620006 0 105
3621542 0 105
3622976 0 105
3624409 0 105
3625945 0 105
3627338 0 106
3628792 0 104
3630267 0 105
3631721 0 106
3633154 0 104
3634629 0 105
3636062 0 106
3637516 0 104
3639073 0 105
3640486 0 105
3641899 0 105
3643435 0 105
3644950 0 106
3646384 0 104
3647818 0 105
3649354 0 105
3650910 0 105
3652364 0 105
3653757 0 105
3655272 0 105
3656829 0 106
3658262 0 104
3659675 0 105
3661088 0 105
3662542 0 105
3663976 0 105
3665492 0 106
3666946 0 104
3668379 0 105
3669833 0 106
3671349 0 104
3672844 0 105
3674380 0 105
3675875 0 105
3677329 0 106
3678803 0 104
3680278 0 105
3681814 0 106
3683268 0 104
3684681 0 105
3686115 0 105
3687548 0 105
3689043 0 106
3690559 0 104
3691992 0 105
3693528 0 105
3695003 0 105
3696457 0 105
3697952 0 105
3699406 0 106
3700839 0 104
3702375 0 105
3703788 0 105
3705222 0 105
3706738 0 105
3708212 0 106
3709687 0 104
3711161 0 105
3712677 0 105
3714151 0 106
3715667 0 104
3717182 0 105
3718595 0 105
3720111 0 105
3721626 0 105
3723142 0 105
3724534 0 105
3725968 0 105
3727381 0 106
3728876 0 104
3730412 0 105
3731948 0 106
3733484 0 104
3734979 0 105
3736433 0 105
3737969 0 105
3739505 0 105
3741000 0 105
3742515 0 105
3743990 0 106
3745485 0 104
3746878 0 105
3748352 0 105
3749847 0 105
3751404 0 105
3752899 0 105
