123885 0 9
125319 0 8
126773 0 8
128247 0 12
129701 0 2
131176 0 12
132650 0 12
134146 0 1
135559 0 7
137074 0 8
138508 0 13
139921 0 19
141436 0 28
142849 0 6
144426 0 19
145962 0 36
147519 0 6
149096 0 18
150652 0 20
152106 0 17
153601 0 32
155035 0 4
156427 0 13
157902 0 36
159336 0 12
160728 0 21
162182 0 18
163657 0 18
165172 0 26
166688 0 5
168183 0 16
169678 0 22
171193 0 25
172647 0 2
174163 0 15
175699 0 16
177214 0 20
178771 0 16
180286 0 15
181699 0 13
183194 0 29
184607 0 11
186164 0 16
187577 0 13
189031 0 19
190465 0 16
191878 0 19
193373 0 22
194950 0 15
196465 0 33
197919 0 2
199353 0 13
200766 0 33
202199 0 3
203735 0 23
205271 0 13
206725 0 33
208200 0 8
209777 0 22
211251 0 22
212705 0 27
214180 0 4
215634 0 14
217088 0 35
218624 0 4
219996 0 18
221491 0 34
222904 0 10
224358 0 18
225771 0 15
227307 0 13
228843 0 24
230256 0 22
231751 0 15
233165 0 34
234680 0 8
236216 0 19
237629 0 17
239083 0 23
240496 0 27
241909 0 2
243322 0 17
244858 0 27
246394 0 3
247910 0 17
249364 0 28
250920 0 2
252313 0 23
253767 0 14
255262 0 29
256716 0 9
258252 0 13
259727 0 17
261201 0 13
262717 0 15
264212 0 23
265625 0 22
267058 0 26
268533 0 1
270028 0 18
271502 0 29
272977 0 4
274370 0 14
275844 0 16
277298 0 16
278834 0 22
280268 0 18
281742 0 25
283176 0 5
284568 0 24
286084 0 20
287599 0 22
289033 0 23
290589 0 34
292043 0 8
293579 0 22
295054 0 31
296529 0 9
298085 0 16
299560 0 18
300973 0 20
302468 0 23
303983 0 15
305540 0 18
307055 0 29
308468 0 3
309963 0 15
311479 0 35
313015 0 2
314469 0 20
316025 0 34
317418 0 7
318933 0 24
320387 0 35
321882 0 2
323275 0 18
324688 0 18
326183 0 22
327658 0 27
329132 0 3
330648 0 20
332204 0 32
333617 0 8
335215 0 24
336607 0 22
338061 0 15
339577 0 31
341010 0 11
342423 0 23
343857 0 30
345352 0 4
346765 0 14
348158 0 36
349632 0 8
351107 0 23
352622 0 36
354158 0 6
355674 0 18
357169 0 19
358602 0 24
360056 0 21
361490 0 18
363046 0 18
364521 0 26
365995 0 11
367388 0 24
368904 0 19
370419 0 21
371935 0 15
373368 0 17
374843 0 22
376297 0 28
377792 0 6
379328 0 24
380782 0 16
382154 0 20
383731 0 15
385185 0 20
386680 0 15
388093 0 13
389506 0 33
391001 0 6
392537 0 13
393971 0 24
395445 0 15
396961 0 21
398435 0 25
399992 0 1
401466 0 14
402900 0 33
404354 0 3
405890 0 13
407405 0 33
408962 0 6
410477 0 21
412034 0 25
413570 0 5
415044 0 23
416580 0 33
418055 0 1
419488 0 20
420942 0 13
422396 0 28
423850 0 8
425448 0 20
426984 0 15
428499 0 18
430056 0 21
431469 0 35
432902 0 1
434336 0 18
435749 0 30
437142 0 1
438637 0 15
440091 0 14
441463 0 27
443019 0 5
444514 0 18
445968 0 17
447525 0 17
448958 0 25
450392 0 4
451826 0 22
453321 0 21
454754 0 17
456167 0 24
457683 0 15
459219 0 21
460714 0 35
462147 0 6
463683 0 23
465137 0 16
466673 0 16
468066 0 32
469540 0 9
471056 0 15
472490 0 17
473923 0 16
475398 0 26
476913 0 4
478347 0 20
479924 0 17
481357 0 18
482914 0 14
484409 0 17
485822 0 33
487235 0 10
488791 0 24
490184 0 18
491740 0 22
493174 0 33
494648 0 1
496082 0 16
497495 0 13
498908 0 19
500465 0 18
501878 0 21
503393 0 21
504888 0 31
506424 0 12
507960 0 23
509394 0 15
510909 0 23
512363 0 19
513940 0 22
515476 0 31
517033 0 12
518569 0 21
520125 0 28
521600 0 5
523136 0 14
524528 0 15
526064 0 35
527559 0 1
528993 0 17
530488 0 21
531901 0 16
533355 0 28
534748 0 9
536243 0 15
537656 0 17
539212 0 24
540605 0 16
542120 0 21
543636 0 26
545028 0 11
546482 0 17
547957 0 18
549472 0 18
550988 0 17
552401 0 28
553855 0 6
555412 0 22
556907 0 17
558361 0 24
559835 0 17
561371 0 13
562805 0 31
564320 0 5
565836 0 13
567310 0 16
568703 0 15
570177 0 14
571672 0 19
573249 0 22
574806 0 23
576362 0 29
577734 0 9
579229 0 22
580724 0 29
582178 0 8
583714 0 21
585250 0 23
586725 0 24
588138 0 34
589531 0 9
591087 0 20
592644 0 14
594180 0 19
595695 0 24
597211 0 19
598644 0 23
600160 0 30
601552 0 2
602986 0 22
604501 0 28
605996 0 9
607512 0 15
608904 0 32
610379 0 12
611915 0 16
613348 0 16
614803 0 22
616298 0 17
617711 0 21
619144 0 30
620619 0 12
622052 0 17
623547 0 19
625022 0 17
626517 0 18
627991 0 34
629445 0 9
630859 0 22
632374 0 29
633787 0 12
635221 0 18
636736 0 26
638252 0 2
639665 0 21
641119 0 28
642573 0 5
644109 0 18
645686 0 17
647099 0 20
648655 0 32
650150 0 8
651584 0 16
653058 0 18
654553 0 18
656028 0 28
657584 0 12
659039 0 20
660534 0 35
661926 0 2
663339 0 16
664834 0 17
666329 0 13
667742 0 13
669217 0 21
670773 0 36
672207 0 4
673722 0 13
675156 0 34
676528 0 2
677962 0 16
679354 0 23
680890 0 18
682344 0 16
683880 0 28
685314 0 10
686747 0 19
688222 0 16
689676 0 13
691192 0 18
692748 0 16
694141 0 20
695574 0 17
697049 0 30
698421 0 1
699813 0 19
701268 0 17
702681 0 30
704094 0 11
705609 0 21
707166 0 15
708599 0 21
710176 0 14
711610 0 26
713002 0 1
714518 0 14
715910 0 21
717344 0 15
718880 0 21
720375 0 19
721911 0 21
723426 0 16
724942 0 29
726437 0 10
727953 0 14
729345 0 21
730840 0 22
732315 0 26
733789 0 3
735223 0 20
736800 0 18
738336 0 21
739892 0 29
741408 0 4
742862 0 17
744357 0 18
745872 0 22
747306 0 21
748801 0 21
750357 0 30
751750 0 1
753286 0 22
754863 0 19
756337 0 20
757873 0 18
759430 0 15
760843 0 17
762235 0 28
763710 0 11
765205 0 23
766659 0 30
768093 0 6
769547 0 19
771001 0 24
772537 0 16
773991 0 20
775445 0 26
776837 0 5
778394 0 21
779971 0 14
781466 0 25
783002 0 7
784415 0 14
785869 0 15
787343 0 16
788838 0 26
790252 0 4
791665 0 14
793201 0 16
794655 0 34
796170 0 1
797604 0 22
799037 0 36
800491 0 8
802027 0 19
803461 0 32
804854 0 5
806287 0 17
807803 0 17
809236 0 17
810629 0 13
812062 0 18
813496 0 24
814950 0 35
816384 0 9
817899 0 24
819456 0 36
820889 0 12
822282 0 17
823818 0 16
825292 0 19
826808 0 20
828241 0 23
829798 0 25
831293 0 2
832788 0 19
834324 0 23
835880 0 18
837396 0 21
838911 0 20
840365 0 19
841942 0 14
843437 0 29
844932 0 9
846407 0 16
847881 0 15
849356 0 21
850810 0 36
852305 0 9
853841 0 17
855274 0 33
856708 0 9
858285 0 21
859800 0 14
861275 0 19
862790 0 13
864265 0 31
865739 0 9
867234 0 20
868689 0 24
870102 0 27
871535 0 10
872969 0 19
874505 0 31
875959 0 3
877495 0 22
878969 0 34
880505 0 6
882062 0 23
883536 0 22
884970 0 17
886362 0 19
887857 0 25
889291 0 2
890745 0 21
892199 0 18
893674 0 13
895169 0 22
896725 0 27
898220 0 2
899695 0 21
901251 0 22
902685 0 23
904159 0 15
905613 0 23
907088 0 15
908542 0 28
910057 0 11
911511 0 13
913006 0 13
914440 0 33
915874 0 8
917348 0 15
918843 0 29
920236 0 4
921710 0 18
923123 0 21
924577 0 13
926113 0 21
927568 0 33
929001 0 9
930435 0 14
931848 0 14
933281 0 26
934694 0 5
936169 0 24
937603 0 18
939077 0 30
940490 0 7
941924 0 23
943337 0 28
944832 0 2
946245 0 16
947638 0 23
949112 0 13
950546 0 18
951959 0 20
953433 0 34
954949 0 1
956423 0 23
957877 0 16
959331 0 27
960765 0 7
962219 0 14
963632 0 26
965107 0 7
966540 0 17
967933 0 34
969448 0 10
970923 0 19
972459 0 17
973954 0 22
975408 0 16
976923 0 23
978378 0 35
979791 0 11
981286 0 21
982822 0 14
984317 0 21
985771 0 21
987204 0 15
988638 0 13
990112 0 25
991546 0 2
992938 0 17
994474 0 14
995949 0 20
997464 0 24
998898 0 28
1000352 0 12
1001786 0 23
1003342 0 20
1004899 0 18
1006353 0 28
1007745 0 4
1009261 0 14
1010797 0 17
1012333 0 14
1013869 0 18
1015343 0 25
1016797 0 12
1018190 0 18
1019623 0 27
1021078 0 5
1022573 0 13
1043886 0 101
1045401 0 101
1046794 0 101
1048289 0 101
1049702 0 101
1051197 0 101
1052589 0 101
1054003 0 101
1055457 0 101
1056972 0 101
1058385 0 102
1059880 0 102
1061273 0 102
1062809 0 102
1064304 0 102
1065737 0 103
1067314 0 101
1068748 0 102
1070263 0 103
1071758 0 101
1073151 0 102
1074626 0 103
1076080 0 101
1077513 0 102
1079029 0 103
1080442 0 101
1081937 0 102
1083432 0 102
1084845 0 102
1086258 0 102
1087794 0 103
1089330 0 101
1090784 0 102
1092279 0 103
1093753 0 101
1095249 0 102
1096703 0 103
1098259 0 101
1099795 0 102
1101208 0 102
1102683 0 102
1104178 0 103
1105673 0 101
1107086 0 102
1108540 0 103
1110035 0 101
1111550 0 102
1113045 0 102
1114540 0 102
1115953 0 102
1117489 0 102
1119025 0 102
1120520 0 102
1121974 0 103
1123388 0 101
1124821 0 102
1126234 0 102
1127770 0 102
1129245 0 102
1130658 0 102
1132132 0 103
1133668 0 101
1135122 0 102
1136576 0 102
1138112 0 102
1139566 0 102
1141123 0 103
1142556 0 101
1144051 0 102
1145567 0 103
1147123 0 101
1148618 0 102
1150032 0 102
1151506 0 102
1153001 0 102
1154435 0 102
1155827 0 102
1157343 0 103
1158817 0 101
1160333 0 102
1161869 0 102
1163405 0 102
1164879 0 103
1166292 0 101
1167705 0 102
1169200 0 102
1170614 0 102
1172170 0 102
1173686 0 103
1175099 0 101
1176491 0 102
1178007 0 102
1179399 0 103
1180956 0 101
1182348 0 102
1183802 0 102
1185338 0 102
1186813 0 102
1188328 0 103
1189803 0 101
1191237 0 102
1192711 0 103
1194124 0 101
1195517 0 102
1197053 0 102
1198466 0 103
1200002 0 101
1201394 0 102
1202869 0 102
1204384 0 102
1205839 0 102
1207272 0 103
1208726 0 101
1210221 0 102
1211634 0 103
1213109 0 101
1214624 0 102
1216140 0 103
1217553 0 101
1219089 0 102
1220604 0 103
1222099 0 101
1223492 0 102
1224967 0 102
1226462 0 102
1227875 0 102
1229370 0 102
1230783 0 103
1232339 0 101
1233875 0 102
1235268 0 102
1236742 0 102
1238155 0 102
1239671 0 102
1241145 0 102
1242661 0 103
1244217 0 101
1245753 0 102
1247248 0 102
1248764 0 103
1250279 0 101
1251774 0 102
1253269 0 102
1254744 0 102
1256177 0 102
1257652 0 102
1259065 0 103
1260478 0 101
1262014 0 102
1263530 0 103
1265025 0 101
1266499 0 102
1267994 0 103
1269489 0 101
1270923 0 102
1272336 0 102
1273892 0 102
1275408 0 103
1276821 0 101
1278214 0 102
1279606 0 102
1281060 0 102
1282535 0 102
1283948 0 103
1285402 0 101
1286795 0 102
1288310 0 102
1289723 0 102
1291198 0 103
1292693 0 101
1294249 0 102
1295642 0 103
1297116 0 101
1298529 0 102
1299922 0 102
1301315 0 103
1302871 0 101
1304284 0 102
1305779 0 103
1307336 0 101
1308851 0 102
1310367 0 102
1311862 0 102
1313377 0 102
1314893 0 102
1316408 0 102
1317924 0 103
1319378 0 101
1320852 0 102
1322306 0 103
1323822 0 101
1325276 0 102
1326812 0 102
1328327 0 102
1329863 0 103
1331420 0 101
1332956 0 102
1334430 0 102
1335966 0 102
1337400 0 102
1338936 0 102
1340328 0 102
1341762 0 103
1343318 0 101
1344793 0 102
1346329 0 102
1347783 0 102
1349216 0 103
1350732 0 101
1352206 0 102
1353702 0 103
1355176 0 101
1356651 0 102
1358125 0 102
1359538 0 102
1360972 0 103
1362385 0 101
1363839 0 102
1365293 0 102
1366829 0 102
1368263 0 103
1369819 0 101
1371314 0 102
1372809 0 102
1374263 0 103
1375799 0 101
1377335 0 102
1378769 0 102
1380223 0 102
1381656 0 102
1383131 0 102
1384605 0 102
1385998 0 102
1387513 0 103
1389070 0 101
1390503 0 102
1391917 0 102
1393350 0 102
1394886 0 103
1396340 0 101
1397794 0 102
1399269 0 102
1400764 0 102
1402218 0 102
1403651 0 102
1405187 0 102
1406580 0 103
1408075 0 101
1409549 0 102
1411044 0 103
1412478 0 101
1413973 0 102
1415366 0 102
1416861 0 102
1418376 0 102
1419830 0 103
1421264 0 101
1422779 0 102
1424213 0 102
1425728 0 102
1427203 0 102
1428698 0 103
1430254 0 101
1431647 0 102
1433081 0 102
1434473 0 102
1435886 0 103
1437299 0 101
1438753 0 102
1440248 0 102
1441641 0 102
1443095 0 102
1444611 0 103
1446024 0 101
1447437 0 102
1448870 0 103
1450427 0 101
1451819 0 102
1453335 0 102
1454728 0 102
1456161 0 102
1457595 0 102
1459049 0 103
1460626 0 101
1462141 0 102
1463636 0 102
1465049 0 102
1466442 0 102
1467835 0 102
1469309 0 102
1470763 0 103
1472238 0 101
1473733 0 102
1475166 0 102
1476702 0 102
1478197 0 102
1479610 0 102
1481105 0 102
1482559 0 102
1484034 0 103
1485590 0 101
1487024 0 102
1488498 0 103
1489932 0 101
1491448 0 102
1492840 0 102
1494335 0 102
1495830 0 103
1497305 0 101
1498759 0 102
1500274 0 102
1501728 0 103
1503244 0 101
1504657 0 102
1506050 0 102
1507483 0 102
1508937 0 103
1510391 0 101
1511907 0 102
1513361 0 102
1514876 0 102
1516310 0 102
1517825 0 102
1519361 0 102
1520754 0 103
1522310 0 101
1523846 0 102
1525362 0 103
1526795 0 101
1528311 0 102
1529847 0 103
1531403 0 101
1532857 0 102
1534332 0 103
1535786 0 101
1537281 0 102
1538755 0 103
1540292 0 101
1541746 0 102
1543138 0 102
1544592 0 102
1546046 0 103
1547500 0 101
1549036 0 102
1550593 0 103
1552149 0 101
1553562 0 102
1555057 0 103
1556552 0 101
1558027 0 102
1559460 0 102
1560935 0 103
1562471 0 101
1563966 0 102
1565461 0 103
1566976 0 101
1568512 0 102
1569966 0 103
1571461 0 101
1572977 0 102
1574533 0 102
1576008 0 103
1577462 0 101
1578896 0 102
1580309 0 102
1581742 0 102
1583217 0 103
1584732 0 101
1586166 0 102
1587722 0 102
1589238 0 103
1590671 0 101
1592105 0 102
1593641 0 103
1595115 0 101
1596590 0 102
1598003 0 102
1599416 0 102
1600952 0 102
1602488 0 103
1603922 0 101
1605417 0 102
1606809 0 102
1608304 0 102
1609758 0 102
1611212 0 103
1612687 0 101
1614121 0 102
1615513 0 102
1616947 0 102
1618442 0 103
1619896 0 101
1621411 0 102
1622947 0 102
1624340 0 102
1625814 0 103
1627330 0 101
1628764 0 102
1630218 0 102
1631631 0 102
1633085 0 103
1634600 0 101
1636054 0 102
1637529 0 102
1638921 0 102
1640375 0 102
1641870 0 102
1643365 0 102
1644820 0 103
1646356 0 101
1647789 0 102
1649284 0 102
1650820 0 103
1652254 0 101
1653687 0 102
1655162 0 102
1656595 0 103
1658070 0 101
1659503 0 102
1660978 0 103
1662412 0 101
1663866 0 102
1665279 0 102
1666671 0 103
1668105 0 101
1669518 0 102
1670992 0 102
1672426 0 102
1673962 0 102
1675457 0 103
1676891 0 101
1678283 0 102
1679737 0 102
1681171 0 102
1682563 0 102
1684079 0 102
1685615 0 102
1687028 0 103
1688462 0 101
1689977 0 102
1691493 0 102
1692967 0 102
1694442 0 102
1695834 0 103
1697309 0 101
1698742 0 102
1700217 0 102
1701753 0 102
1703268 0 102
1704763 0 102
1706217 0 102
1707733 0 102
1709248 0 103
1710805 0 101
1712198 0 102
1713672 0 102
1715065 0 102
1716601 0 102
1718014 0 103
1719468 0 101
1721004 0 102
1722519 0 102
1723973 0 102
1725509 0 102
1727025 0 102
1728458 0 102
1729974 0 103
1731551 0 101
1733087 0 102
1734520 0 102
1736015 0 102
1737490 0 103
1738964 0 101
1740480 0 102
1742016 0 103
1743572 0 101
1745067 0 102
1746521 0 103
1748078 0 101
1749511 0 102
1751047 0 103
1752542 0 101
1754058 0 102
1755573 0 102
1756966 0 102
1758359 0 103
1759915 0 101
1761451 0 102
1762905 0 102
1764339 0 102
1765731 0 102
1767124 0 102
1768578 0 102
1769971 0 102
1771445 0 103
1772961 0 101
1774476 0 102
1776012 0 102
1777466 0 102
1779023 0 103
1780518 0 101
1781972 0 102
1783426 0 103
1785003 0 101
1786457 0 102
1787972 0 103
1789508 0 101
1790921 0 102
1792437 0 102
1793850 0 103
1795365 0 101
1796881 0 102
1798417 0 102
1799912 0 102
1801366 0 103
1802799 0 101
1804315 0 102
1805749 0 102
1807162 0 102
1808636 0 102
1810029 0 102
1811544 0 102
1813019 0 103
1814432 0 101
1815968 0 102
1817422 0 102
1818896 0 102
1820350 0 102
1821866 0 102
1823259 0 102
1824733 0 103
1826167 0 101
1827621 0 102
1829034 0 103
1830529 0 101
1831983 0 102
1833457 0 103
1835014 0 101
1836570 0 102
1837983 0 102
1839458 0 102
1840973 0 102
1842366 0 102
1843779 0 102
1845274 0 103
1846687 0 101
1848162 0 102
1849677 0 103
1851234 0 101
1852688 0 102
1854121 0 102
1855637 0 102
1857070 0 102
1858463 0 103
1859876 0 101
1861392 0 102
1862928 0 103
1864423 0 101
1865815 0 102
1867310 0 102
1868703 0 102
1870239 0 102
1871734 0 102
1873147 0 102
1874601 0 103
1876117 0 101
1877612 0 102
1879066 0 102
1880602 0 102
1882056 0 102
1883448 0 102
1884943 0 102
1886438 0 103
1887851 0 101
1889285 0 102
1890800 0 102
1892275 0 102
1893688 0 103
1895142 0 101
1896678 0 102
1898091 0 102
1899525 0 103
1901020 0 101
1902453 0 102
1903846 0 102
1905259 0 102
1906775 0 102
1908188 0 102
1909662 0 103
1911096 0 101
1912632 0 102
1914065 0 102
1915499 0 103
1917014 0 101
1918550 0 102
1919963 0 103
1921397 0 101
1922913 0 102
1924448 0 102
1925923 0 103
1927357 0 101
1928872 0 102
1930429 0 103
1931944 0 101
1933460 0 102
1934955 0 102
1936429 0 102
1937924 0 102
1939337 0 102
1940750 0 102
1958136 0 37
1959611 0 47
1961024 0 45
1962601 0 46
1964116 0 37
1965570 0 46
1967045 0 38
1968561 0 40
1970096 0 48
1971530 0 43
1972943 0 58
1974438 0 59
1975994 0 63
1977551 0 45
1979005 0 49
1980397 0 57
1981831 0 54
1983244 0 52
1984760 0 60
1986214 0 51
1987688 0 67
1989081 0 47
1990617 0 53
1992071 0 55
1993545 0 65
1994999 0 44
1996494 0 55
1997908 0 59
1999382 0 56
2000939 0 51
2002352 0 67
2003888 0 37
2005383 0 52
2006816 0 59
2008250 0 49
2009745 0 68
2011260 0 48
2012673 0 53
2014209 0 63
2015704 0 46
2017240 0 60
2018797 0 49
2020333 0 51
2021828 0 52
2023384 0 55
2024900 0 66
2026456 0 46
2027910 0 59
2029405 0 60
2030839 0 59
2032293 0 58
2033726 0 69
2035283 0 43
2036839 0 53
2038252 0 52
2039707 0 57
2041202 0 49
2042717 0 54
2044273 0 50
2045789 0 64
2047223 0 40
2048758 0 59
2050213 0 53
2051749 0 49
2053264 0 59
2054677 0 49
2056131 0 53
2057524 0 72
2059019 0 44
2060452 0 52
2061988 0 52
2063442 0 50
2064978 0 57
2066514 0 54
2067989 0 71
2069381 0 37
2070815 0 54
2072331 0 69
2073908 0 38
2075341 0 53
2076877 0 56
2078290 0 70
2079765 0 37
2081198 0 56
2082755 0 50
2084168 0 58
2085724 0 59
2087199 0 54
2088673 0 68
2090209 0 37
2091745 0 58
2093240 0 62
2094776 0 37
2096333 0 58
2097910 0 49
2099446 0 55
2100859 0 69
2102395 0 44
2103849 0 51
2105282 0 53
2106777 0 58
2108272 0 72
2109706 0 41
2111119 0 60
2112634 0 61
2114129 0 39
2115563 0 56
2117099 0 49
2118512 0 58
2120089 0 49
2121605 0 54
2123161 0 70
2124595 0 37
2126008 0 50
2127482 0 59
2128998 0 49
2130493 0 53
2131947 0 53
2133442 0 68
2134896 0 47
2136329 0 60
2137804 0 60
2139278 0 58
2140855 0 58
2142350 0 72
2143845 0 44
2145259 0 57
2146815 0 56
2148228 0 49
2149641 0 65
2151177 0 37
2152652 0 57
2154188 0 55
2155724 0 59
2157157 0 63
2158611 0 45
2160106 0 58
2161663 0 59
2163096 0 66
2164509 0 42
2165922 0 53
2167336 0 56
2168769 0 71
2170244 0 46
2171780 0 52
2173336 0 63
2174852 0 38
2176408 0 50
2177883 0 62
2179398 0 37
2180832 0 50
2182327 0 59
2183883 0 58
2185378 0 70
2186873 0 39
2188348 0 58
2189863 0 63
2191399 0 48
2192874 0 59
2194389 0 60
2195864 0 51
2197420 0 53
2198854 0 56
2200369 0 67
2201782 0 41
2203236 0 51
2204772 0 55
2206308 0 52
2207865 0 58
2209319 0 60
2210752 0 62
2212288 0 43
2213865 0 54
2215299 0 60
2216855 0 49
2218309 0 52
2219763 0 51
2221259 0 63
2222672 0 41
2224187 0 51
2225703 0 56
2227116 0 56
2228549 0 60
2230003 0 70
2231498 0 43
2232932 0 55
2234386 0 57
2235840 0 58
2237294 0 54
2238769 0 53
2240264 0 56
2241718 0 55
2243151 0 68
2244626 0 47
2246100 0 54
2247636 0 55
2249172 0 56
2250585 0 51
2252101 0 72
2253514 0 45
2255029 0 52
2256524 0 68
2258081 0 39
2259596 0 57
2261173 0 72
2262586 0 45
2264061 0 52
2265515 0 71
2266990 0 38
2268464 0 55
2269918 0 56
2271475 0 54
2272908 0 52
2274465 0 61
2275960 0 42
2277434 0 58
2278909 0 52
2280363 0 57
2281919 0 59
2283435 0 49
2284848 0 64
2286322 0 40
2287817 0 60
2289230 0 53
2290766 0 63
2292323 0 40
2293859 0 55
2295292 0 49
2296685 0 68
2298119 0 38
2299593 0 54
2301088 0 52
2302645 0 58
2304160 0 60
2305696 0 60
2307171 0 55
2308727 0 65
2310202 0 41
2311656 0 55
2313151 0 57
2314687 0 56
2316141 0 51
2317656 0 69
2319213 0 37
2320728 0 56
2322223 0 58
2323718 0 69
2325172 0 39
2326708 0 51
2328265 0 61
2329760 0 41
2331234 0 58
2332688 0 62
2334142 0 42
2335678 0 50
2337112 0 57
2338668 0 64
2340143 0 46
2341597 0 57
2343174 0 63
2344607 0 48
2346061 0 60
2347618 0 59
2349072 0 69
2350485 0 42
2351980 0 52
2353536 0 52
2354990 0 49
2356465 0 54
2357919 0 65
2359455 0 38
2360868 0 53
2362343 0 69
2363838 0 47
2365394 0 50
2366889 0 67
2368323 0 41
2369818 0 60
2371231 0 53
2372664 0 50
2374139 0 68
2375573 0 39
2377129 0 54
2378645 0 70
2380099 0 38
2381573 0 55
2383027 0 49
2384543 0 68
2386058 0 37
2387471 0 50
2388905 0 50
2390318 0 58
2391833 0 50
2393246 0 72
2394782 0 41
2396257 0 49
2397772 0 60
2399226 0 57
2400722 0 55
2402176 0 62
2403732 0 47
2405248 0 55
2406661 0 57
2408176 0 58
2409651 0 62
2411043 0 46
2412477 0 56
2413890 0 54
2415385 0 49
2416859 0 64
2418293 0 40
2419829 0 58
2421324 0 56
2422737 0 61
2424171 0 38
2425666 0 49
2427099 0 59
2428615 0 64
2430048 0 37
2431584 0 53
2433038 0 50
2434574 0 59
2436090 0 66
2437544 0 44
2439080 0 50
2440554 0 56
2442049 0 59
2443565 0 57
2445039 0 53
2446576 0 51
2448070 0 69
2449606 0 47
2451040 0 57
2452474 0 59
2453887 0 51
2455382 0 56
2456918 0 54
2458413 0 69
2459928 0 48
2461403 0 59
2462836 0 51
2464352 0 54
2465888 0 64
2467362 0 40
2468878 0 60
2470352 0 60
2471847 0 50
2473301 0 53
2474776 0 55
2476332 0 52
2477889 0 70
2479322 0 46
2480879 0 57
2482394 0 65
2483828 0 37
2485384 0 54
2486838 0 50
2488333 0 62
2489726 0 47
2491221 0 57
2492675 0 52
2494170 0 51
2495645 0 54
2497181 0 72
2498594 0 38
2500027 0 49
2501420 0 49
2502894 0 62
2504369 0 45
2505905 0 49
2507441 0 55
2508956 0 71
2510431 0 42
2511987 0 55
2513441 0 66
2514895 0 43
2516329 0 53
2517763 0 50
2519319 0 63
2520814 0 44
2522350 0 58
2523784 0 69
2525340 0 47
2526835 0 58
2528289 0 49
2529784 0 72
2531300 0 40
2532795 0 60
2534249 0 64
2535744 0 45
2537157 0 55
2538693 0 62
2540106 0 37
2541540 0 60
2543096 0 59
2544632 0 59
2546065 0 60
2547622 0 58
2549137 0 64
2550551 0 48
2551984 0 56
2553418 0 49
2554933 0 53
2556367 0 53
2557780 0 57
2559254 0 66
2560729 0 42
2562285 0 58
2563719 0 49
2565152 0 53
2566566 0 60
2567999 0 49
2569474 0 53
2570907 0 68
2572382 0 43
2573938 0 59
2575372 0 70
2576785 0 43
2578341 0 58
2579775 0 59
2581311 0 57
2582867 0 52
2584383 0 64
2585898 0 37
2587414 0 58
2588950 0 52
2590486 0 56
2591919 0 60
2593435 0 51
2594848 0 58
2596404 0 66
2597818 0 43
2599353 0 57
2600808 0 63
2602323 0 41
2603798 0 57
2605313 0 53
2606808 0 51
2608324 0 71
2609737 0 40
2611191 0 60
2612747 0 72
2614242 0 43
2615778 0 52
2617212 0 50
2618727 0 51
2620120 0 50
2621635 0 57
2623212 0 50
2624728 0 69
2626161 0 40
2627615 0 52
2629172 0 56
2630708 0 55
2632182 0 59
2633677 0 50
2635090 0 60
2636524 0 65
2637958 0 47
2639391 0 54
2640804 0 67
2642299 0 45
2643712 0 51
2645228 0 68
2646641 0 42
2648075 0 53
2649611 0 58
2651044 0 68
2652478 0 44
2654014 0 50
2655447 0 72
2656963 0 46
2658417 0 55
2659891 0 49
2661366 0 52
2662840 0 58
2664417 0 62
2665871 0 47
2667428 0 58
2668861 0 66
2670295 0 48
2671749 0 55
2673183 0 49
2674719 0 49
2676132 0 67
2677545 0 44
2679019 0 50
2680535 0 54
2681989 0 57
2683525 0 57
2685040 0 53
2686453 0 69
2687887 0 37
2689361 0 52
2690795 0 69
2692229 0 41
2693724 0 54
2695239 0 70
2696693 0 42
2698168 0 54
2699581 0 66
2701035 0 37
2702571 0 53
2704066 0 49
2705499 0 71
2706933 0 37
2708387 0 51
2709882 0 70
2711398 0 39
2712934 0 57
2714388 0 50
2715842 0 57
2717296 0 56
2718729 0 51
2720204 0 72
2721596 0 47
2723132 0 56
2724607 0 53
2726020 0 68
2727576 0 38
2728969 0 55
2730464 0 56
2732021 0 55
2733598 0 69
2735133 0 42
2736649 0 49
2738205 0 62
2739741 0 41
2741195 0 57
2742609 0 49
2744124 0 66
2745640 0 38
2747135 0 57
2748589 0 54
2750043 0 54
2751456 0 53
2752930 0 51
2754405 0 69
2755879 0 43
2757395 0 58
2758910 0 60
2760446 0 49
2761880 0 68
2763395 0 39
2764890 0 60
2766406 0 53
2767860 0 57
2769375 0 50
2770829 0 64
2772325 0 47
2773738 0 58
2775253 0 52
2776707 0 68
2778223 0 38
2779656 0 53
2781090 0 54
2782626 0 52
2784100 0 54
2785616 0 61
2787090 0 47
2788503 0 56
2790060 0 51
2791616 0 53
2793029 0 64
2794524 0 37
2795958 0 57
2797473 0 51
2798928 0 52
2800382 0 57
2801836 0 58
2803372 0 69
2804785 0 39
2806259 0 55
2807754 0 53
2809311 0 49
2810785 0 54
2812301 0 56
2813734 0 51
2815188 0 69
2816601 0 43
2818056 0 51
2819469 0 56
2820902 0 51
2822438 0 49
2823974 0 59
2825387 0 69
2826821 0 47
2828234 0 55
2829647 0 55
2831183 0 59
2832678 0 60
2834173 0 60
2835709 0 71
2837163 0 43
2838719 0 52
2840194 0 71
2841669 0 48
2843184 0 55
2844720 0 59
2846195 0 53
2847669 0 58
2849226 0 60
2850680 0 58
2852195 0 72
2853629 0 46
2855124 0 51
2856578 0 56
2858134 0 68
2859588 0 41
2861042 0 57
2874844 0 104
2876339 0 104
2877732 0 104
2879165 0 104
2880558 0 104
2882114 0 104
2883527 0 104
2884982 0 104
2886395 0 104
2887869 0 104
2889323 0 105
2890818 0 105
2892231 0 105
2893685 0 105
2895160 0 105
2896675 0 105
2898211 0 105
2899727 0 105
2901140 0 106
2902655 0 104
2904048 0 105
2905564 0 106
2907120 0 104
2908533 0 105
2909987 0 106
2911462 0 104
2912875 0 105
2914411 0 106
2915844 0 104
2917319 0 105
2918732 0 105
2920227 0 106
2921661 0 104
2923115 0 105
2924651 0 106
2926064 0 104
2927497 0 105
2928992 0 105
2930528 0 105
2932023 0 105
2933498 0 106
2934952 0 104
2936406 0 105
2937942 0 105
2939416 0 105
2940809 0 105
2942345 0 105
2943861 0 105
2945315 0 106
2946871 0 104
2948305 0 105
2949820 0 105
2951213 0 105
2952667 0 105
2954080 0 105
2955636 0 105
2957172 0 106
2958647 0 104
2960080 0 105
2961596 0 105
2963009 0 106
2964483 0 104
2965917 0 105
2967412 0 106
2968866 0 104
2970320 0 105
2971774 0 106
2973290 0 104
2974826 0 105
2976321 0 105
2977775 0 106
2979311 0 104
2980806 0 105
2982280 0 105
2983775 0 105
2985250 0 105
2986786 0 106
2988281 0 104
2989755 0 105
2991291 0 106
2992725 0 104
2994158 0 105
2995592 0 106
2997026 0 104
2998582 0 105
3000118 0 105
3001675 0 105
3003088 0 105
3004562 0 105
3006098 0 105
3007573 0 105
3009129 0 106
3010624 0 104
3012160 0 105
3013553 0 105
3015027 0 105
3016481 0 105
3017894 0 105
3019430 0 106
3020864 0 104
3022400 0 105
3023956 0 105
3025513 0 105
3027028 0 105
3028462 0 105
3029936 0 105
3031493 0 106
3033049 0 104
3034483 0 105
3035876 0 105
3037330 0 105
3038743 0 106
3040238 0 104
3041753 0 105
3043289 0 105
3044764 0 106
3046218 0 104
3047672 0 105
3049208 0 106
3050641 0 104
3052075 0 105
3053529 0 105
3055044 0 106
3056601 0 104
3058055 0 105
3059468 0 106
3061004 0 104
3062458 0 105
3064015 0 106
3065489 0 104
3066923 0 105
3068418 0 105
3069933 0 106
3071367 0 104
3072903 0 105
3074398 0 105
3075913 0 106
3077367 0 104
3078780 0 105
3080316 0 106
3081729 0 104
3083183 0 105
3084658 0 106
3086214 0 104
3087730 0 105
3089184 0 106
3090699 0 104
3092235 0 105
3093710 0 106
3095225 0 104
3096721 0 105
3098175 0 106
3099670 0 104
3101206 0 105
3102721 0 105
3104175 0 105
3105588 0 105
3107063 0 106
3108517 0 104
3109930 0 105
3111384 0 105
3112858 0 105
3114333 0 105
3115787 0 105
3117180 0 106
3118675 0 104
3120170 0 105
3121603 0 105
3122996 0 105
3124388 0 105
3125904 0 105
3127399 0 105
3128914 0 106
3130471 0 104
3132007 0 105
3133440 0 105
3134895 0 105
3136410 0 105
3137864 0 105
3139359 0 106
3140772 0 104
3142185 0 105
3143680 0 106
3145216 0 104
3146650 0 105
3148145 0 105
3149619 0 105
3151073 0 105
3152568 0 105
3154002 0 106
3155415 0 104
3156869 0 105
3158405 0 106
3159798 0 104
3161252 0 105
3162808 0 105
3164344 0 105
3165880 0 105
3167375 0 105
3168891 0 105
3170304 0 105
3171799 0 106
3173314 0 104
3174748 0 105
3176181 0 106
3177615 0 104
3179049 0 105
3180564 0 106
3182080 0 104
3183575 0 105
3185008 0 106
3186524 0 104
3187978 0 105
3189493 0 105
3190886 0 105
3192360 0 105
3193794 0 106
3195309 0 104
3196743 0 105
3198218 0 106
3199754 0 104
3201167 0 105
3202600 0 106
3204095 0 104
3205549 0 105
3206942 0 105
3208396 0 105
3209932 0 105
3211406 0 106
3212901 0 104
3214294 0 105
3215851 0 106
3217407 0 104
3218902 0 105
3220356 0 106
3221790 0 104
3223203 0 105
3224657 0 105
3226090 0 105
3227606 0 105
3229101 0 105
3230514 0 105
3231988 0 106
3233504 0 104
3235019 0 105
3236555 0 106
3238071 0 104
3239484 0 105
3241000 0 105
3242515 0 105
3244010 0 105
3245485 0 106
3246898 0 104
3248311 0 105
3249703 0 106
3251137 0 104
3252673 0 105
3254188 0 105
3255745 0 105
3257199 0 105
3258633 0 105
3260025 0 105
3261479 0 105
3262913 0 106
3264428 0 104
3265882 0 105
3267439 0 105
3268872 0 105
3270429 0 105
3271985 0 105
3273521 0 105
3274934 0 106
3276409 0 104
3277842 0 105
3279378 0 105
3280791 0 105
3282246 0 106
3283659 0 104
3285092 0 105
3286608 0 105
3288082 0 105
3289639 0 106
3291134 0 104
3292670 0 105
3294206 0 105
3295721 0 105
3297175 0 106
3298711 0 104
3300165 0 105
3301681 0 105
3303237 0 105
3304712 0 105
3306166 0 105
3307599 0 106
3309033 0 104
3310569 0 105
3312043 0 105
3313497 0 105
3314911 0 105
3316406 0 106
3317962 0 104
3319416 0 105
3320870 0 105
3322365 0 105
3323881 0 106
3325437 0 104
3326973 0 105
3328489 0 105
3329963 0 105
3331397 0 105
3332892 0 105
3334366 0 105
3335759 0 106
3337192 0 104
3338687 0 105
3340121 0 105
3341534 0 105
3342968 0 105
3344504 0 105
3346019 0 106
3347494 0 104
3349030 0 105
3350422 0 105
3351835 0 105
3353310 0 105
3354764 0 105
3356238 0 106
3357795 0 104
3359351 0 105
3360908 0 106
3362423 0 104
3363898 0 105
3365454 0 105
3366990 0 105
3368465 0 106
3369878 0 104
3371311 0 105
3372745 0 106
3374199 0 104
3375592 0 105
3377087 0 105
3378541 0 105
3380077 0 105
3381592 0 106
3383087 0 104
3384582 0 105
3385975 0 105
3387367 0 105
3388842 0 105
3390398 0 105
3391812 0 105
3393307 0 106
3394822 0 104
3396338 0 105
3397853 0 106
3399410 0 104
3400843 0 105
3402400 0 105
3403936 0 105
3405451 0 106
3406946 0 104
3408461 0 105
3409854 0 105
3411247 0 105
3412742 0 105
3414257 0 105
3415650 0 105
3417165 0 106
3418599 0 104
3420032 0 105
3421466 0 105
3422859 0 105
3424292 0 105
3425828 0 106
3427344 0 104
3428839 0 105
3430272 0 106
3431685 0 104
3433242 0 105
3434757 0 105
3436293 0 105
3437747 0 105
3439263 0 105
3440717 0 105
3442212 0 106
3443707 0 104
3445120 0 105
3446513 0 106
3447987 0 104
3449441 0 105
3450916 0 105
3452329 0 106
3453865 0 104
3455298 0 105
3456691 0 105
3458104 0 105
3459579 0 106
3460992 0 104
3462384 0 105
3463900 0 105
3465354 0 105
3466747 0 106
3468201 0 104
3469675 0 105
3471109 0 105
3472522 0 106
3474017 0 104
3475491 0 105
3477027 0 105
3478522 0 105
3479976 0 105
3481533 0 106
3483007 0 104
3484420 0 105
3485895 0 105
3487431 0 105
3488885 0 105
3490360 0 106
3491855 0 104
3493309 0 105
3494722 0 106
3496258 0 104
3497691 0 105
3499227 0 106
3500681 0 104
3502094 0 105
3503548 0 105
3504941 0 105
3506375 0 105
3507829 0 105
3509303 0 105
3510737 0 106
3512170 0 104
3513624 0 105
3515140 0 106
3516573 0 104
3518109 0 105
3519543 0 105
3520977 0 105
3522472 0 105
3523926 0 105
3525482 0 105
3526957 0 106
3528370 0 104
3529926 0 105
3531462 0 105
3532978 0 105
3534411 0 106
3535947 0 104
3537463 0 105
3538978 0 105
3540473 0 106
3542030 0 104
3543443 0 105
3544876 0 106
3546351 0 104
3547887 0 105
3549320 0 106
3550774 0 104
3552290 0 105
3553765 0 106
3555300 0 104
3556796 0 105
3558229 0 105
3559765 0 105
3561240 0 105
3562673 0 106
3564086 0 104
3565561 0 105
3567056 0 105
3568551 0 105
3569984 0 105
3571397 0 106
3572852 0 104
3574388 0 105
3575903 0 106
3577316 0 104
3578770 0 105
3580183 0 106
3581740 0 104
3583214 0 105
3584689 0 105
3586143 0 105
3587576 0 106
3589051 0 104
3590525 0 105
3592020 0 106
3593454 0 104
3594990 0 105
3596424 0 105
3597878 0 105
3599393 0 105
3600950 0 105
3602342 0 106
3603878 0 104
3605414 0 105
3606889 0 105
3608322 0 105
3609797 0 105
3611230 0 105
3612705 0 106
3614139 0 104
3615695 0 105
3617088 0 105
3618542 0 105
3619996 0 106
3621470 0 104
3622904 0 105
3624460 0 105
3625914 0 105
3627368 0 105
3628925 0 106
3630461 0 104
3631874 0 105
3633307 0 106
3634761 0 104
3636318 0 105
3637792 0 106
3639267 0 104
3640803 0 105
3642318 0 105
3643752 0 106
3645165 0 104
3646619 0 105
3648094 0 105
3649630 0 105
3651166 0 105
3652702 0 106
3654115 0 104
3655630 0 105
3657125 0 106
3658538 0 104
3659992 0 105
3661385 0 105
3662921 0 105
3664375 0 105
3665870 0 106
3667324 0 104
3668799 0 105
3670314 0 105
3671809 0 105
3673263 0 105
3674758 0 105
3676274 0 105
3677769 0 106
3679325 0 104
3680800 0 105
3682356 0 105
3683851 0 105
3685387 0 106
3686841 0 104
3688295 0 105
3689708 0 105
3691101 0 106
3692514 0 104
3693989 0 105
3695381 0 105
3696897 0 106
3698351 0 104
3699887 0 105
3701361 0 106
3702774 0 104
3704249 0 105
3705723 0 105
3707157 0 105
3708632 0 105
3710024 0 105
3711519 0 105
3713035 0 105
3714427 0 106
3715840 0 104
3717335 0 105
3718851 0 105
3720387 0 105
3721902 0 105
3723336 0 105
3724769 0 105
3726244 0 106
3727637 0 104
3729070 0 105
3730504 0 105
3731978 0 106
3733432 0 104
3734907 0 105
3736361 0 106
3737774 0 104
3739167 0 105
3740600 0 105
3742013 0 105
3743570 0 105
3745044 0 105
3746601 0 105
3748116 0 106
3749632 0 104
3751127 0 105
3752622 0 105
3754014 0 105
3755407 0 105
3756861 0 105
3758356 0 106
3759851 0 104
3761326 0 105
3762759 0 105
3764213 0 105
3765688 0 105
3767203 0 105
3768739 0 105
3770173 0 106
3771647 0 104
3773183 0 105
