55028 0 7
56503 0 1
57916 0 2
59370 0 5
60906 0 10
62381 0 12
63814 0 11
65268 0 10
66763 0 6
68197 0 1
69712 0 23
71187 0 23
72620 0 16
74033 0 20
75590 0 21
77146 0 29
78662 0 3
80136 0 17
81590 0 26
83024 0 12
84519 0 22
86014 0 24
87571 0 20
89066 0 35
90479 0 12
91871 0 15
93346 0 26
94800 0 1
96336 0 18
97872 0 33
99367 0 6
100903 0 21
102398 0 36
103811 0 2
105347 0 22
106903 0 17
108398 0 29
109934 0 5
111347 0 21
112904 0 23
114419 0 15
115832 0 26
117307 0 2
118741 0 20
120195 0 29
121649 0 6
123205 0 16
124721 0 29
126195 0 3
127690 0 15
129165 0 20
130762 0 17
132216 0 16
133711 0 15
135206 0 25
136763 0 7
138258 0 16
139732 0 29
141268 0 4
142784 0 16
144258 0 20
145753 0 19
147187 0 33
148702 0 9
150259 0 16
151672 0 16
153105 0 31
154641 0 7
156218 0 19
157734 0 16
159229 0 23
160662 0 15
162198 0 26
163570 0 7
165086 0 22
166540 0 23
167953 0 28
169428 0 12
170943 0 17
172377 0 15
173790 0 15
175244 0 23
176636 0 25
178070 0 3
179483 0 24
180978 0 13
182453 0 26
183927 0 4
185299 0 23
186794 0 23
188351 0 33
189825 0 5
191238 0 15
192672 0 23
194147 0 19
195724 0 15
197137 0 13
198570 0 35
200024 0 4
201540 0 13
202973 0 21
204427 0 15
205943 0 15
207356 0 19
208933 0 24
210469 0 14
212005 0 28
213500 0 3
215056 0 23
216592 0 15
217985 0 18
219562 0 17
221016 0 24
222511 0 28
223944 0 12
225358 0 20
226873 0 15
228368 0 22
229904 0 22
231420 0 36
232935 0 2
234389 0 21
235843 0 15
237379 0 16
238854 0 24
240369 0 20
241823 0 28
243380 0 2
244793 0 19
246247 0 13
247639 0 19
249196 0 25
250691 0 5
252124 0 20
253558 0 13
254992 0 18
256446 0 17
257982 0 31
259538 0 3
261054 0 21
262630 0 26
264146 0 2
265621 0 17
267075 0 14
268467 0 13
269962 0 21
271375 0 27
272911 0 8
274386 0 22
275840 0 33
277396 0 5
278850 0 20
280386 0 27
281881 0 2
283376 0 23
284830 0 36
286407 0 10
287902 0 18
289418 0 14
290831 0 23
292387 0 20
293841 0 34
295357 0 6
296791 0 20
298306 0 19
299842 0 30
301255 0 6
302791 0 15
304184 0 21
305638 0 23
307174 0 14
308710 0 13
310164 0 13
311679 0 30
313154 0 11
314690 0 24
316164 0 15
317721 0 20
319154 0 13
320567 0 17
322021 0 31
323496 0 11
325011 0 13
326527 0 33
328083 0 11
329599 0 16
331012 0 29
332487 0 2
333941 0 15
335456 0 28
336890 0 12
338364 0 15
339839 0 20
341272 0 19
342726 0 21
344221 0 24
345614 0 32
347048 0 5
348440 0 19
349915 0 23
351389 0 32
352884 0 7
354338 0 21
355854 0 15
357287 0 33
358762 0 7
360216 0 13
361731 0 36
363308 0 10
364762 0 20
366196 0 19
367650 0 23
369125 0 15
370599 0 15
372094 0 29
373569 0 10
375002 0 21
376538 0 24
377951 0 28
379487 0 4
380941 0 19
382395 0 28
383809 0 9
385365 0 16
386799 0 20
388253 0 14
389789 0 19
391263 0 28
392676 0 6
394233 0 16
395666 0 31
397243 0 3
398677 0 17
400131 0 25
401605 0 6
403039 0 22
404575 0 15
405988 0 20
407524 0 22
409101 0 26
410494 0 7
411907 0 22
413443 0 17
414856 0 28
416371 0 12
417887 0 19
419423 0 15
420856 0 18
422290 0 23
423805 0 14
425300 0 25
426795 0 1
428208 0 20
429662 0 32
431178 0 8
432673 0 21
434229 0 31
435683 0 2
437097 0 22
438673 0 19
440128 0 13
441623 0 17
443077 0 15
444613 0 36
446128 0 12
447623 0 24
449180 0 17
450634 0 15
452067 0 34
453562 0 6
455016 0 17
456552 0 23
458088 0 23
459645 0 33
461099 0 11
462573 0 21
464048 0 26
465522 0 7
467038 0 17
468533 0 18
469946 0 23
471420 0 15
472936 0 27
474472 0 4
475905 0 19
477380 0 20
478957 0 22
480534 0 27
481947 0 10
483442 0 18
484958 0 14
486493 0 17
487968 0 14
489443 0 27
490958 0 2
492453 0 21
493928 0 17
495464 0 26
496856 0 6
498269 0 14
499805 0 22
501239 0 18
502734 0 23
504167 0 31
505744 0 5
507239 0 16
508734 0 23
510291 0 36
511704 0 7
513117 0 24
514551 0 26
515964 0 11
517397 0 21
518954 0 18
520469 0 20
522026 0 16
523418 0 31
524995 0 6
526511 0 24
527924 0 28
529357 0 10
530852 0 19
532306 0 21
533883 0 21
535419 0 24
536935 0 33
538471 0 11
540007 0 20
541502 0 22
542976 0 14
544410 0 31
545946 0 5
547461 0 17
548977 0 13
550369 0 36
551844 0 8
553339 0 15
554834 0 26
556309 0 6
557763 0 22
559217 0 33
560732 0 12
562248 0 14
563784 0 22
565299 0 17
566753 0 21
568207 0 19
569641 0 20
571177 0 26
572610 0 5
574146 0 23
575621 0 15
577054 0 17
578468 0 15
579963 0 32
581355 0 5
582850 0 13
584243 0 18
585738 0 21
587315 0 18
588851 0 20
590387 0 22
591841 0 34
593233 0 9
594810 0 21
596264 0 19
597739 0 15
599152 0 23
600565 0 19
602019 0 17
603514 0 25
605030 0 7
606463 0 18
608020 0 14
609474 0 22
611010 0 34
612525 0 5
613959 0 16
615392 0 19
616887 0 13
618382 0 19
619857 0 33
621413 0 10
622908 0 18
624485 0 27
626021 0 7
627537 0 24
628950 0 16
630342 0 15
631858 0 23
633414 0 24
634868 0 26
636343 0 5
637818 0 21
639353 0 16
640726 0 18
642221 0 19
643757 0 23
645190 0 24
646644 0 36
648201 0 12
649737 0 20
651191 0 17
652583 0 17
653996 0 24
655512 0 18
656946 0 36
658482 0 6
659936 0 20
661512 0 21
663069 0 24
664462 0 31
665957 0 8
667493 0 23
669008 0 13
670401 0 21
671875 0 36
673391 0 5
674906 0 22
676463 0 36
678019 0 11
679514 0 16
681030 0 13
682504 0 17
683917 0 13
685351 0 27
686825 0 7
688361 0 24
689897 0 32
691331 0 5
692846 0 21
694341 0 23
695816 0 16
697290 0 28
698703 0 2
700199 0 21
701694 0 18
703107 0 24
704643 0 18
706097 0 35
707592 0 11
709087 0 20
710582 0 35
711995 0 12
713510 0 17
715005 0 21
716500 0 16
718036 0 24
719429 0 22
720842 0 33
722255 0 2
723668 0 14
725163 0 21
726720 0 23
728153 0 22
729587 0 13
731041 0 16
732556 0 33
734031 0 3
735485 0 18
736939 0 36
738414 0 1
739909 0 13
741445 0 27
742837 0 7
744373 0 15
745827 0 16
747281 0 23
748838 0 26
750353 0 11
751889 0 15
753343 0 23
754838 0 17
756272 0 17
757828 0 33
759262 0 7
760736 0 14
762170 0 25
763603 0 11
765139 0 19
766675 0 31
768232 0 4
769645 0 23
771160 0 24
772635 0 14
774151 0 14
775605 0 21
777079 0 14
778554 0 25
780090 0 11
781544 0 16
783059 0 19
784534 0 21
786090 0 24
787626 0 15
789060 0 33
790575 0 6
792091 0 17
793606 0 24
795101 0 18
796596 0 30
798030 0 8
799607 0 14
801102 0 14
802617 0 24
804112 0 23
805669 0 36
807143 0 9
808700 0 16
810215 0 23
811751 0 21
813205 0 21
814762 0 20
816277 0 19
817854 0 33
819267 0 9
820742 0 19
822237 0 13
823752 0 19
825227 0 28
826701 0 7
828196 0 20
829732 0 18
831207 0 15
832599 0 24
834033 0 34
835508 0 10
836982 0 24
838436 0 14
839931 0 24
841447 0 14
842819 0 22
844375 0 14
845768 0 31
847283 0 11
848676 0 21
850212 0 22
851727 0 13
853161 0 19
854656 0 36
856130 0 7
857646 0 16
859018 0 28
860554 0 4
862029 0 23
863503 0 27
864916 0 5
866309 0 13
867845 0 23
869360 0 14
870773 0 21
872207 0 14
873600 0 27
875115 0 11
876672 0 13
878167 0 29
879559 0 11
881054 0 23
882508 0 14
884024 0 21
885560 0 20
887096 0 15
888591 0 13
889983 0 34
891376 0 12
892810 0 23
894305 0 15
895800 0 18
897376 0 33
898831 0 7
900387 0 20
901882 0 33
903357 0 10
904933 0 13
906326 0 23
907780 0 17
909193 0 17
910586 0 31
912101 0 12
913494 0 19
914989 0 24
916525 0 26
918020 0 10
919597 0 15
921133 0 36
922689 0 12
924082 0 23
925516 0 18
927092 0 15
928587 0 16
930082 0 31
931577 0 8
933052 0 21
934527 0 15
936001 0 24
937537 0 20
939053 0 29
940548 0 9
941981 0 16
943435 0 13
944910 0 29
946282 0 4
947756 0 13
949210 0 27
950603 0 8
952057 0 20
953532 0 20
954986 0 22
956440 0 16
957914 0 13
1009653 0 101
1011045 0 101
1012520 0 101
1013994 0 101
1015530 0 101
1017066 0 101
1018500 0 101
1020036 0 101
1021449 0 101
1022965 0 101
1024460 0 102
1025996 0 102
1027470 0 102
1029006 0 103
1030460 0 101
1031853 0 102
1033266 0 103
1034802 0 101
1036317 0 102
1037874 0 102
1039307 0 102
1040741 0 103
1042195 0 101
1043588 0 102
1045001 0 102
1046393 0 102
1047786 0 102
1049260 0 102
1050673 0 102
1052189 0 103
1053745 0 101
1055138 0 102
1056654 0 103
1058128 0 101
1059664 0 102
1061159 0 102
1062593 0 102
1064006 0 103
1065460 0 101
1066873 0 102
1068286 0 102
1069720 0 102
1071256 0 102
1072751 0 103
1074184 0 101
1075638 0 102
1077031 0 102
1078526 0 102
1080041 0 102
1081557 0 103
1083052 0 101
1084465 0 102
1085980 0 102
1087496 0 102
1089032 0 102
1090506 0 103
1091919 0 101
1093353 0 102
1094766 0 102
1096302 0 102
1097736 0 102
1099272 0 103
1100828 0 101
1102241 0 102
1103757 0 102
1105211 0 102
1106726 0 102
1108221 0 102
1109675 0 103
1111170 0 101
1112706 0 102
1114242 0 103
1115799 0 101
1117212 0 102
1118604 0 102
1120099 0 103
1121635 0 101
1123090 0 102
1124482 0 103
1125998 0 101
1127513 0 102
1128947 0 102
1130360 0 102
1131793 0 103
1133247 0 101
1134783 0 102
1136299 0 102
1137712 0 103
1139248 0 101
1140743 0 102
1142197 0 102
1143753 0 102
1145228 0 102
1146703 0 102
1148177 0 103
1149631 0 101
1151065 0 102
1152601 0 102
1154157 0 102
1155673 0 102
1157127 0 102
1158642 0 102
1160076 0 103
1161632 0 101
1163107 0 102
1164622 0 102
1166035 0 102
1167530 0 102
1169025 0 102
1170479 0 102
1171913 0 103
1173408 0 101
1174964 0 102
1176439 0 103
1177873 0 101
1179286 0 102
1180740 0 102
1182194 0 102
1183689 0 102
1185102 0 102
1186556 0 103
1187990 0 101
1189403 0 102
1190795 0 102
1192311 0 102
1193703 0 103
1195219 0 101
1196673 0 102
1198106 0 103
1199561 0 101
1200974 0 102
1202428 0 102
1203943 0 102
1205356 0 103
1206892 0 101
1208326 0 102
1209841 0 103
1211254 0 101
1212790 0 102
1214244 0 103
1215801 0 101
1217255 0 102
1218791 0 102
1220265 0 102
1221781 0 103
1223337 0 101
1224873 0 102
1226307 0 102
1227802 0 102
1229236 0 102
1230710 0 102
1232164 0 102
1233598 0 103
1235134 0 101
1236670 0 102
1238062 0 103
1239516 0 101
1240909 0 102
1242302 0 102
1243817 0 102
1245210 0 102
1246725 0 102
1248261 0 103
1249695 0 101
1251149 0 102
1252603 0 103
1254139 0 101
1255572 0 102
1256985 0 102
1258480 0 102
1259996 0 103
1261573 0 101
1263006 0 102
1264420 0 102
1265915 0 102
1267307 0 103
1268884 0 101
1270441 0 102
1271936 0 102
1273390 0 102
1274926 0 102
1276400 0 103
1277895 0 101
1279411 0 102
1280885 0 103
1282360 0 101
1283814 0 102
1285329 0 103
1286824 0 101
1288340 0 102
1289794 0 102
1291186 0 102
1292702 0 102
1294176 0 103
1295733 0 101
1297248 0 102
1298661 0 102
1300116 0 102
1301590 0 102
1302983 0 102
1304375 0 102
1305911 0 102
1307386 0 103
1308840 0 101
1310273 0 102
1311768 0 102
1313223 0 102
1314636 0 102
1316028 0 103
1317605 0 101
1319080 0 102
1320554 0 102
1321967 0 103
1323421 0 101
1324875 0 102
1326309 0 102
1327743 0 102
1329217 0 102
1330733 0 102
1332146 0 103
1333579 0 101
1335095 0 102
1336508 0 102
1337921 0 102
1339395 0 102
1340891 0 102
1342386 0 102
1343921 0 102
1345417 0 103
1346891 0 101
1348447 0 102
1349943 0 102
1351356 0 103
1352892 0 101
1354366 0 102
1355800 0 102
1357315 0 102
1358810 0 103
1360367 0 101
1361800 0 102
1363193 0 102
1364585 0 103
1366142 0 101
1367555 0 102
1369071 0 103
1370566 0 101
1372040 0 102
1373474 0 103
1374989 0 101
1376443 0 102
1377979 0 102
1379433 0 102
1380969 0 102
1382444 0 102
1383857 0 103
1385352 0 101
1386826 0 102
1388342 0 103
1389796 0 101
1391311 0 102
1392704 0 102
1394179 0 102
1395715 0 102
1397250 0 102
1398807 0 102
1400220 0 103
1401756 0 101
1403210 0 102
1404623 0 103
1406139 0 101
1407634 0 102
1409129 0 102
1410542 0 103
1411975 0 101
1413511 0 102
1414965 0 102
1416440 0 102
1417935 0 102
1419430 0 102
1420884 0 102
1422277 0 102
1423772 0 103
1425185 0 101
1426721 0 102
1428195 0 102
1429629 0 102
1431165 0 102
1432619 0 102
1434073 0 102
1435568 0 103
1437124 0 101
1438558 0 102
1439971 0 103
1441466 0 101
1442900 0 102
1444333 0 102
1445849 0 102
1447241 0 102
1448695 0 102
1450170 0 103
1451644 0 101
1453037 0 102
1454491 0 102
1455904 0 102
1457317 0 102
1458710 0 102
1460123 0 103
1461618 0 101
1463052 0 102
1464547 0 102
1466062 0 102
1467516 0 103
1468970 0 101
1470486 0 102
1472022 0 103
1473517 0 101
1474971 0 102
1476486 0 102
1478022 0 102
1479558 0 103
1481115 0 101
1482630 0 102
1484105 0 103
1485600 0 101
1487033 0 102
1488569 0 102
1490044 0 103
1491457 0 101
1492972 0 102
1494406 0 103
1495880 0 101
1497375 0 102
1498850 0 103
1500284 0 101
1501676 0 102
1503212 0 103
1504769 0 101
1506243 0 102
1507697 0 103
1509192 0 101
1510728 0 102
1512182 0 102
1513698 0 102
1515152 0 102
1516544 0 103
1518080 0 101
1519596 0 102
1521091 0 103
1522586 0 101
1523979 0 102
1525453 0 102
1526948 0 102
1528464 0 102
1529938 0 102
1531454 0 102
1532846 0 102
1534341 0 103
1535816 0 101
1537290 0 102
1538806 0 102
1540198 0 103
1541693 0 101
1543209 0 102
1544745 0 102
1546260 0 102
1547653 0 102
1549189 0 102
1550704 0 103
1552159 0 101
1553654 0 102
1555087 0 102
1556480 0 102
1557995 0 102
1559449 0 103
1560924 0 101
1562337 0 102
1563873 0 103
1565347 0 101
1566801 0 102
1568296 0 102
1569771 0 102
1571307 0 102
1572761 0 103
1574318 0 101
1575772 0 102
1577205 0 102
1578721 0 102
1580277 0 102
1581813 0 102
1583349 0 103
1584844 0 101
1586400 0 102
1587895 0 103
1589329 0 101
1590783 0 102
1592237 0 102
1593650 0 102
1595125 0 103
1596702 0 101
1598176 0 102
1599589 0 102
1601084 0 102
1602518 0 102
1603952 0 102
1605344 0 102
1606798 0 102
1608191 0 103
1609727 0 101
1611263 0 102
1612758 0 102
1614171 0 103
1615727 0 101
1617181 0 102
1618594 0 102
1620089 0 102
1621564 0 102
1622977 0 102
1624411 0 102
1625885 0 103
1627319 0 101
1628732 0 102
1630165 0 102
1631701 0 102
1633176 0 103
1634732 0 101
1636166 0 102
1637620 0 103
1639074 0 101
1640590 0 102
1642126 0 103
1643621 0 101
1645136 0 102
1646570 0 102
1647983 0 102
1649416 0 102
1650952 0 103
1652488 0 101
1654024 0 102
1655519 0 102
1657035 0 102
1658448 0 102
1659984 0 102
1661520 0 102
1662974 0 102
1664387 0 103
1665943 0 101
1667438 0 102
1668892 0 103
1670428 0 101
1671944 0 102
1673480 0 103
1674913 0 101
1676306 0 102
1677801 0 102
1679255 0 102
1680771 0 103
1682307 0 101
1683720 0 102
1685112 0 102
1686587 0 102
1688082 0 103
1689638 0 101
1691092 0 102
1692505 0 103
1694021 0 101
1695557 0 102
1696970 0 102
1698445 0 102
1699837 0 102
1701373 0 103
1702807 0 101
1704220 0 102
1705756 0 103
1707169 0 101
1708684 0 102
1710179 0 102
1711715 0 102
1713108 0 102
1714542 0 103
1716057 0 101
1717532 0 102
1719047 0 102
1720501 0 102
1722037 0 103
1723594 0 101
1725109 0 102
1726563 0 103
1728058 0 101
1729471 0 102
1731007 0 102
1732461 0 102
1733997 0 102
1735410 0 102
1736926 0 103
1738339 0 101
1739813 0 102
1741268 0 102
1742803 0 102
1744319 0 103
1745834 0 101
1747289 0 102
1748824 0 102
1750299 0 102
1751692 0 103
1753187 0 101
1754600 0 102
1756054 0 103
1757528 0 101
1759085 0 102
1760498 0 102
1761952 0 103
1763447 0 101
1764860 0 102
1766396 0 102
1767932 0 102
1769345 0 102
1770820 0 102
1772356 0 102
1773830 0 102
1775284 0 103
1776820 0 101
1778315 0 102
1779810 0 103
1781305 0 101
1782800 0 102
1784275 0 103
1785770 0 101
1787244 0 102
1788657 0 102
1790071 0 102
1791606 0 103
1793122 0 101
1794597 0 102
1796112 0 103
1797546 0 101
1798959 0 102
1800372 0 102
1801887 0 102
1803382 0 102
1804857 0 102
1806249 0 102
1807765 0 103
1809301 0 101
1810837 0 102
1812352 0 102
1813827 0 102
1815220 0 103
1816694 0 101
1818169 0 102
1819602 0 102
1820995 0 102
1822490 0 103
1823964 0 101
1825377 0 102
1826872 0 102
1828265 0 103
1829760 0 101
1831173 0 102
1832709 0 102
1834102 0 102
1835515 0 102
1836928 0 102
1838464 0 103
1840000 0 101
1841413 0 102
1842867 0 103
1844321 0 101
1845837 0 102
1847229 0 103
1848765 0 101
1850260 0 102
1851714 0 103
1853230 0 101
1854725 0 102
1856158 0 103
1857715 0 101
1859148 0 102
1860602 0 102
1861995 0 102
1863429 0 102
1864821 0 102
1866337 0 102
1867873 0 102
1869327 0 103
1870781 0 101
1872317 0 102
1873791 0 103
1875307 0 101
1876740 0 102
1878174 0 103
1879648 0 101
1881143 0 102
1882598 0 102
1884031 0 102
1885485 0 102
1887001 0 103
1888434 0 101
1889950 0 102
1891424 0 102
1892919 0 103
1894394 0 101
1895909 0 102
1897466 0 102
1898920 0 102
1900394 0 103
1901930 0 101
1903466 0 102
1904982 0 102
1906415 0 102
1907951 0 102
1981000 0 40
1982454 0 37
1983990 0 41
1985526 0 48
1986980 0 43
1988455 0 43
1989950 0 46
1991465 0 48
1992899 0 41
1994353 0 47
1995766 0 58
1997343 0 56
1998818 0 51
2000251 0 55
2001685 0 71
2003180 0 44
2004716 0 50
2006149 0 53
2007603 0 57
2009139 0 50
2010696 0 53
2012109 0 65
2013563 0 42
2015119 0 55
2016614 0 64
2018130 0 48
2019625 0 60
2021140 0 58
2022594 0 67
2024089 0 41
2025564 0 55
2027039 0 52
2028452 0 57
2029967 0 55
2031503 0 52
2032998 0 52
2034411 0 60
2035865 0 63
2037299 0 44
2038732 0 53
2040289 0 51
2041681 0 55
2043238 0 65
2044692 0 38
2046207 0 56
2047702 0 58
2049157 0 55
2050570 0 53
2052085 0 51
2053580 0 60
2055034 0 63
2056550 0 42
2058065 0 52
2059499 0 49
2060973 0 51
2062407 0 57
2063882 0 51
2065417 0 57
2066871 0 70
2068346 0 44
2069821 0 55
2071377 0 70
2072811 0 48
2074326 0 58
2075780 0 53
2077275 0 55
2078811 0 61
2080265 0 47
2081801 0 57
2083276 0 72
2084771 0 47
2086225 0 50
2087638 0 56
2089133 0 51
2090648 0 50
2092061 0 51
2093454 0 61
2094929 0 46
2096403 0 51
2097878 0 67
2099434 0 46
2100868 0 60
2102342 0 49
2103858 0 64
2105291 0 46
2106848 0 50
2108261 0 68
2109756 0 43
2111230 0 60
2112705 0 61
2114200 0 46
2115777 0 58
2117272 0 49
2118746 0 54
2120159 0 57
2121654 0 59
2123109 0 65
2124563 0 48
2125996 0 51
2127389 0 55
2128884 0 55
2130297 0 57
2131730 0 54
2133225 0 52
2134700 0 72
2136093 0 45
2137506 0 57
2138960 0 49
2140373 0 72
2141888 0 48
2143445 0 54
2144981 0 52
2146476 0 55
2148053 0 71
2149527 0 46
2151084 0 49
2152538 0 54
2154094 0 56
2155507 0 70
2156879 0 42
2158374 0 60
2159910 0 59
2161344 0 58
2162860 0 58
2164375 0 58
2165911 0 54
2167365 0 65
2168901 0 46
2170376 0 55
2171932 0 51
2173407 0 54
2174840 0 68
2176315 0 38
2177748 0 56
2179182 0 62
2180615 0 37
2182090 0 58
2183667 0 58
2185244 0 63
2186821 0 37
2188213 0 59
2189729 0 69
2191183 0 40
2192678 0 54
2194173 0 59
2195586 0 68
2196979 0 47
2198412 0 58
2199928 0 55
2201361 0 58
2202815 0 52
2204351 0 49
2205785 0 54
2207341 0 66
2208775 0 44
2210331 0 49
2211744 0 69
2213198 0 39
2214673 0 53
2216086 0 55
2217643 0 58
2219076 0 56
2220489 0 58
2222066 0 65
2223602 0 39
2225015 0 55
2226469 0 63
2227903 0 45
2229398 0 54
2230852 0 55
2232285 0 52
2233842 0 55
2235378 0 72
2236791 0 44
2238286 0 57
2239720 0 55
2241256 0 67
2242771 0 37
2244266 0 58
2245843 0 69
2247256 0 42
2248813 0 50
2250308 0 60
2251762 0 67
2253195 0 48
2254711 0 52
2256267 0 64
2257660 0 38
2259134 0 57
2260650 0 61
2262145 0 48
2263578 0 57
2265094 0 68
2266487 0 39
2267879 0 52
2269313 0 49
2270828 0 52
2272303 0 60
2273777 0 72
2275231 0 44
2276644 0 60
2278180 0 56
2279634 0 52
2281048 0 58
2282502 0 65
2283956 0 48
2285430 0 57
2286884 0 62
2288359 0 47
2289833 0 52
2291308 0 54
2292762 0 67
2294216 0 43
2295670 0 53
2297124 0 61
2298558 0 47
2300094 0 57
2301671 0 57
2303145 0 64
2304558 0 44
2306094 0 59
2307610 0 72
2309105 0 37
2310518 0 49
2311910 0 56
2313405 0 68
2314818 0 39
2316375 0 49
2317890 0 54
2319406 0 49
2320921 0 57
2322478 0 53
2323952 0 50
2325468 0 62
2326922 0 38
2328417 0 59
2329891 0 54
2331448 0 55
2332861 0 50
2334377 0 59
2335790 0 69
2337223 0 41
2338780 0 57
2340316 0 49
2341749 0 62
2343244 0 42
2344637 0 52
2346050 0 53
2347504 0 49
2349019 0 55
2350576 0 57
2352030 0 50
2353504 0 65
2354959 0 38
2356454 0 51
2357969 0 57
2359444 0 54
2360939 0 63
2362495 0 47
2364052 0 53
2365547 0 53
2366980 0 56
2368516 0 58
2369991 0 56
2371445 0 55
2372919 0 70
2374435 0 48
2375889 0 50
2377445 0 52
2379002 0 58
2380517 0 71
2382074 0 41
2383548 0 59
2384961 0 57
2386518 0 56
2388074 0 60
2389631 0 61
2391044 0 44
2392498 0 50
2393993 0 55
2395447 0 53
2396921 0 60
2398478 0 70
2399932 0 43
2401427 0 58
2402963 0 50
2404458 0 63
2405953 0 46
2407448 0 60
2408881 0 58
2410315 0 56
2411749 0 50
2413244 0 52
2414677 0 49
2416152 0 69
2417688 0 38
2419203 0 60
2420719 0 52
2422255 0 58
2423811 0 57
2425347 0 67
2426760 0 47
2428173 0 50
2429627 0 56
2431163 0 50
2432720 0 64
2434112 0 39
2435587 0 53
2437102 0 70
2438495 0 41
2440031 0 56
2441608 0 50
2443123 0 69
2444537 0 44
2446093 0 53
2447527 0 66
2448940 0 44
2450476 0 53
2451889 0 50
2453384 0 53
2454940 0 51
2456394 0 67
2457828 0 43
2459261 0 53
2460715 0 63
2462210 0 43
2463767 0 49
2465221 0 62
2466655 0 48
2468068 0 56
2469542 0 52
2471119 0 56
2472635 0 57
2474171 0 50
2475604 0 49
2477099 0 70
2478553 0 40
2480089 0 51
2481584 0 54
2483059 0 51
2484574 0 65
2486049 0 41
2487585 0 56
2489039 0 49
2490554 0 59
2491967 0 72
2493380 0 42
2494916 0 53
2496350 0 50
2497804 0 59
2499320 0 56
2500774 0 60
2502166 0 56
2503661 0 62
2505115 0 48
2506610 0 57
2508044 0 56
2509539 0 53
2510952 0 54
2512447 0 59
2513922 0 64
2515335 0 48
2516891 0 57
2518366 0 71
2519902 0 42
2521335 0 57
2522892 0 68
2524428 0 45
2525984 0 51
2527377 0 66
2528933 0 45
2530387 0 58
2531964 0 55
2533541 0 49
2534995 0 54
2536511 0 51
2537985 0 66
2539521 0 46
2540955 0 56
2542511 0 53
2543924 0 54
2545317 0 71
2546730 0 44
2548163 0 49
2549618 0 57
2551072 0 60
2552567 0 59
2554082 0 71
2555536 0 45
2557031 0 55
2558506 0 50
2559939 0 67
2561496 0 37
2562970 0 50
2564465 0 54
2566001 0 71
2567537 0 43
2569012 0 57
2570486 0 64
2571879 0 40
2573292 0 58
2574869 0 54
2576323 0 49
2577736 0 51
2579293 0 56
2580747 0 57
2582201 0 70
2583655 0 41
2585150 0 58
2586665 0 56
2588099 0 53
2589512 0 64
2590904 0 47
2592379 0 58
2593874 0 63
2595390 0 46
2596823 0 56
2598257 0 61
2599731 0 47
2601288 0 57
2602783 0 50
2604257 0 57
2605834 0 69
2607309 0 46
2608742 0 51
2610155 0 64
2611691 0 41
2613166 0 49
2614681 0 64
2616197 0 48
2617733 0 50
2619269 0 57
2620825 0 69
2622300 0 41
2623754 0 60
2625187 0 55
2626682 0 58
2628239 0 66
2629734 0 38
2631167 0 56
2632703 0 66
2634117 0 48
2635571 0 59
2637004 0 52
2638499 0 50
2640056 0 55
2641510 0 61
2642964 0 46
2644459 0 53
2646015 0 53
2647572 0 60
2649005 0 60
2650418 0 59
2651852 0 71
2653326 0 43
2654862 0 56
2656419 0 60
2657975 0 55
2659450 0 53
2660863 0 56
2662317 0 68
2663832 0 41
2665389 0 59
2666945 0 71
2668359 0 44
2669833 0 50
2671287 0 58
2672803 0 55
2674236 0 61
2675772 0 40
2677288 0 58
2678721 0 57
2680298 0 49
2681814 0 68
2683350 0 37
2684742 0 58
2686237 0 54
2687732 0 53
2689145 0 58
2690620 0 59
2692156 0 63
2693569 0 46
2695146 0 55
2696559 0 51
2698054 0 59
2699610 0 59
2701167 0 50
2702723 0 67
2704136 0 45
2705570 0 56
2707106 0 58
2708601 0 64
2710055 0 41
2711591 0 60
2713045 0 67
2714540 0 42
2716076 0 49
2717633 0 57
2719148 0 49
2720582 0 60
2722015 0 64
2723531 0 42
2724944 0 55
2726459 0 65
2727934 0 40
2729429 0 59
2730883 0 54
2732439 0 50
2733852 0 59
2735347 0 66
2736883 0 37
2738358 0 53
2739914 0 68
2741430 0 39
2742986 0 60
2744440 0 49
2745874 0 65
2747410 0 42
2748864 0 60
2750339 0 55
2751834 0 49
2753267 0 50
2754701 0 54
2756175 0 67
2757588 0 45
2759042 0 57
2760619 0 51
2762135 0 51
2763691 0 61
2765207 0 42
2766620 0 56
2768156 0 53
2769692 0 49
2771248 0 49
2772682 0 58
2774218 0 62
2775733 0 48
2777290 0 54
2778805 0 49
2780259 0 49
2781672 0 50
2783126 0 49
2784601 0 52
2786157 0 72
2787591 0 48
2789127 0 51
2790540 0 59
2792015 0 56
2793530 0 49
2795005 0 62
2796459 0 47
2797913 0 56
2799408 0 55
2800841 0 57
2802316 0 59
2803852 0 51
2805408 0 71
2806862 0 40
2808275 0 55
2809750 0 55
2811245 0 49
2812699 0 64
2814235 0 41
2815689 0 54
2817082 0 55
2818618 0 55
2820133 0 65
2821669 0 43
2823144 0 53
2824618 0 50
2826052 0 53
2827526 0 55
2829062 0 56
2830475 0 51
2831888 0 56
2833343 0 69
2834858 0 41
2836292 0 52
2837746 0 56
2839159 0 60
2840715 0 52
2842149 0 55
2843664 0 54
2845159 0 62
2846593 0 42
2848129 0 55
2849685 0 69
2851221 0 43
2852655 0 50
2854150 0 63
2855645 0 48
2857181 0 58
2858635 0 54
2860109 0 54
2861604 0 68
2863140 0 39
2864697 0 59
2866192 0 67
2867584 0 47
2869059 0 50
2870554 0 63
2872090 0 45
2873544 0 59
2875100 0 55
2876657 0 60
2878131 0 49
2879688 0 58
2881265 0 66
2882760 0 44
2884193 0 60
2938618 0 104
2940072 0 104
2941547 0 104
2943062 0 104
2944618 0 104
2946011 0 104
2947445 0 104
2948837 0 104
2950394 0 104
2951909 0 104
2953343 0 105
2954838 0 105
2956292 0 106
2957766 0 104
2959220 0 105
2960715 0 106
2962231 0 104
2963767 0 105
2965241 0 105
2966716 0 105
2968109 0 106
2969522 0 104
2970996 0 105
2972471 0 105
2973904 0 105
2975317 0 105
2976792 0 106
2978287 0 104
2979782 0 105
2981216 0 105
2982649 0 105
2984185 0 105
2985701 0 106
2987196 0 104
2988711 0 105
2990268 0 105
2991701 0 105
2993135 0 106
2994671 0 104
2996207 0 105
2997702 0 105
2999115 0 105
3000610 0 105
3002166 0 105
3003600 0 105
3005033 0 105
3006426 0 106
3007839 0 104
3009314 0 105
3010747 0 105
3012222 0 105
3013635 0 105
3015130 0 105
3016666 0 106
3018202 0 104
3019656 0 105
3021151 0 106
3022687 0 104
3024202 0 105
3025656 0 105
3027213 0 105
3028667 0 106
3030080 0 104
3031534 0 105
3032968 0 106
3034401 0 104
3035896 0 105
3037350 0 105
3038845 0 106
3040402 0 104
3041835 0 105
3043289 0 105
3044784 0 105
3046259 0 105
3047774 0 105
3049269 0 106
3050683 0 104
3052116 0 105
3053632 0 105
3055086 0 105
3056499 0 105
3058014 0 105
3059530 0 106
3061045 0 104
3062581 0 105
3063994 0 105
3065489 0 105
3067025 0 106
3068500 0 104
3070036 0 105
3071572 0 105
3072964 0 105
3074398 0 105
3075791 0 105
3077224 0 105
3078760 0 106
3080255 0 104
3081730 0 105
3083143 0 106
3084658 0 104
3086092 0 105
3087505 0 105
3088938 0 105
3090454 0 106
3092010 0 104
3093485 0 105
3094919 0 105
3096373 0 105
3097868 0 106
3099281 0 104
3100735 0 105
3102189 0 105
3103663 0 105
3105199 0 106
3106612 0 104
3108066 0 105
3109459 0 105
3110954 0 105
3112470 0 105
3113944 0 106
3115419 0 104
3116893 0 105
3118368 0 105
3119781 0 105
3121173 0 105
3122587 0 105
3124143 0 105
3125659 0 106
3127072 0 104
3128505 0 105
3130021 0 105
3131577 0 105
3133113 0 105
3134567 0 106
3136124 0 104
3137516 0 105
3139052 0 106
3140465 0 104
3142001 0 105
3143455 0 105
3144991 0 105
3146425 0 105
3147920 0 106
3149394 0 104
3150930 0 105
3152466 0 105
3153900 0 106
3155395 0 104
3156910 0 105
3158385 0 106
3159941 0 104
3161395 0 105
3162890 0 105
3164386 0 105
3165819 0 105
3167253 0 106
3168809 0 104
3170366 0 105
3171820 0 105
3173253 0 105
3174707 0 105
3176243 0 106
3177759 0 104
3179274 0 105
3180687 0 106
3182121 0 104
3183636 0 105
3185152 0 105
3186626 0 105
3188039 0 105
3189453 0 105
3190866 0 106
3192320 0 104
3193712 0 105
3195146 0 105
3196559 0 105
3197972 0 105
3199385 0 105
3200880 0 105
3202293 0 106
3203850 0 104
3205406 0 105
3206963 0 105
3208437 0 105
3209871 0 105
3211407 0 106
3212902 0 104
3214315 0 105
3215851 0 106
3217407 0 104
3218923 0 105
3220459 0 105
3221872 0 105
3223326 0 105
3224800 0 106
3226193 0 104
3227709 0 105
3229224 0 105
3230658 0 105
3232050 0 105
3233566 0 106
3234999 0 104
3236453 0 105
3237846 0 105
3239320 0 105
3240836 0 105
3242372 0 106
3243765 0 104
3245239 0 105
3246652 0 106
3248188 0 104
3249642 0 105
3251117 0 106
3252571 0 104
3254004 0 105
3255438 0 106
3256851 0 104
3258387 0 105
3259780 0 106
3261234 0 104
3262688 0 105
3264121 0 106
3265616 0 104
3267152 0 105
3268586 0 106
3270019 0 104
3271453 0 105
3272846 0 105
3274279 0 105
3275692 0 105
3277167 0 105
3278723 0 106
3280280 0 104
3281795 0 105
3283331 0 105
3284765 0 105
3286239 0 105
3287673 0 105
3289229 0 105
3290683 0 105
3292076 0 106
3293510 0 104
3295046 0 105
3296561 0 105
3297954 0 105
3299367 0 106
3300841 0 104
3302316 0 105
3303852 0 106
3305285 0 104
3306780 0 105
3308214 0 105
3309627 0 105
3311143 0 105
3312556 0 105
3314010 0 105
3315443 0 106
3316877 0 104
3318413 0 105
3319908 0 105
3321321 0 105
3322857 0 105
3324372 0 106
3325867 0 104
3327301 0 105
3328817 0 105
3330230 0 105
3331704 0 105
3333199 0 105
3334735 0 105
3336210 0 105
3337746 0 106
3339261 0 104
3340674 0 105
3342169 0 105
3343603 0 106
3345057 0 104
3346449 0 105
3347863 0 105
3349399 0 106
3350955 0 104
3352348 0 105
3353904 0 105
3355379 0 106
3356894 0 104
3358369 0 105
3359864 0 105
3361379 0 105
3362854 0 105
3364308 0 106
3365782 0 104
3367298 0 105
3368752 0 105
3370185 0 105
3371619 0 105
3373155 0 105
3374609 0 106
3376104 0 104
3377538 0 105
3378971 0 105
3380487 0 105
3381941 0 106
3383456 0 104
3384890 0 105
3386446 0 105
3387921 0 105
3389436 0 106
3390870 0 104
3392406 0 105
3393860 0 105
3395334 0 105
3396870 0 105
3398283 0 106
3399799 0 104
3401294 0 105
3402748 0 106
3404284 0 104
3405779 0 105
3407192 0 106
3408667 0 104
3410162 0 105
3411718 0 106
3413193 0 104
3414606 0 105
3416121 0 106
3417514 0 104
3418968 0 105
3420401 0 106
3421937 0 104
3423391 0 105
3424866 0 105
3426382 0 105
3427897 0 105
3429413 0 105
3430969 0 106
3432423 0 104
3433959 0 105
3435372 0 105
3436908 0 105
3438342 0 105
3439796 0 106
3441209 0 104
3442724 0 105
3444281 0 106
3445694 0 104
3447086 0 105
3448623 0 106
3450158 0 104
3451571 0 105
3453087 0 105
3454561 0 105
3456036 0 105
3457511 0 106
3458924 0 104
3460480 0 105
3461914 0 105
3463429 0 106
3464924 0 104
3466460 0 105
3467976 0 105
3469368 0 105
3470802 0 106
3472256 0 104
3473771 0 105
3475246 0 106
3476802 0 104
3478338 0 105
3479854 0 105
3481246 0 105
3482680 0 105
3484155 0 105
3485588 0 106
3487001 0 104
3488496 0 105
3490012 0 105
3491466 0 105
3493002 0 105
3494456 0 105
3495869 0 105
3497364 0 106
3498838 0 104
3500313 0 105
3501849 0 106
3503324 0 104
3504716 0 105
3506211 0 105
3507727 0 105
3509140 0 105
3510594 0 105
3512068 0 105
3513625 0 106
3515099 0 104
3516656 0 105
3518069 0 105
3519502 0 105
3520977 0 105
3522431 0 106
3523865 0 104
3525257 0 105
3526773 0 105
3528288 0 105
3529824 0 105
3531278 0 105
3532814 0 106
3534268 0 104
3535661 0 105
3537053 0 105
3538549 0 105
3539982 0 105
3541436 0 105
3542972 0 106
3544529 0 104
3545942 0 105
3547457 0 106
3549014 0 104
3550447 0 105
3551942 0 105
3553417 0 105
3554891 0 105
3556304 0 105
3557779 0 106
3559315 0 104
3560851 0 105
3562284 0 106
3563697 0 104
3565213 0 105
3566647 0 106
3568142 0 104
3569534 0 105
3571091 0 105
3572565 0 105
3574040 0 105
3575432 0 105
3576948 0 106
3578463 0 104
3579876 0 105
3581290 0 105
3582764 0 105
3584198 0 106
3585693 0 104
3587208 0 105
3588662 0 105
3590198 0 106
3591755 0 104
3593188 0 105
3594704 0 105
3596137 0 105
3597550 0 105
3599066 0 105
3600581 0 106
3602056 0 104
3603592 0 105
3605107 0 105
3606602 0 105
3608097 0 106
3609613 0 104
3611067 0 105
3612501 0 105
3613995 0 105
3615470 0 106
3616924 0 104
3618419 0 105
3619935 0 106
3621389 0 104
3622822 0 105
3624235 0 105
3625648 0 105
3627062 0 106
3628516 0 104
3630031 0 105
3631465 0 105
3632857 0 106
3634373 0 104
3635868 0 105
3637424 0 106
3638858 0 104
3640373 0 105
3641868 0 106
3643363 0 104
3644817 0 105
3646333 0 106
3647746 0 104
3649139 0 105
3650593 0 105
3651985 0 105
3653542 0 105
3654934 0 105
3656450 0 105
3657863 0 106
3659296 0 104
3660710 0 105
3662266 0 106
3663782 0 104
3665195 0 105
3666669 0 105
3668185 0 105
3669618 0 105
3671175 0 106
3672690 0 104
3674165 0 105
3675598 0 105
3677032 0 105
3678465 0 106
3679919 0 104
3681353 0 105
3682869 0 106
3684261 0 104
3685777 0 105
3687272 0 106
3688726 0 104
3690139 0 105
3691552 0 105
3693088 0 105
3694644 0 106
3696119 0 104
3697532 0 105
3699088 0 105
3700501 0 105
3701894 0 105
3703389 0 105
3704946 0 106
3706441 0 104
3707874 0 105
3709308 0 105
3710844 0 105
3712257 0 106
3713670 0 104
3715124 0 105
3716619 0 105
3718135 0 105
3719650 0 106
3721206 0 104
3722763 0 105
3724278 0 105
3725691 0 105
3727166 0 106
3728702 0 104
3730115 0 105
3731528 0 105
3733064 0 106
3734477 0 104
3735972 0 105
3737426 0 106
3738983 0 104
3740457 0 105
3741993 0 106
3743509 0 104
3744963 0 105
3746499 0 105
3747973 0 105
3749448 0 106
3750881 0 104
3752315 0 105
3753851 0 106
3755366 0 104
3756800 0 105
3758193 0 105
3759688 0 105
3761121 0 105
3762657 0 106
3764173 0 104
3765709 0 105
3767183 0 105
3768617 0 105
3770132 0 105
3771668 0 106
3773163 0 104
3774556 0 105
3776030 0 105
3777566 0 105
3779102 0 105
3780536 0 105
3782031 0 105
3783526 0 106
3785001 0 104
3786475 0 105
3787929 0 105
3789465 0 105
3790878 0 105
3792394 0 106
3793950 0 104
3795466 0 105
3796981 0 105
3798517 0 106
3800033 0 104
3801507 0 105
3802961 0 105
3804374 0 105
3805890 0 105
3807323 0 105
3808839 0 106
3810293 0 104
3811808 0 105
3813324 0 105
3814839 0 106
3816293 0 104
3817686 0 105
3819140 0 106
3820615 0 104
3822130 0 105
3823605 0 106
3825161 0 104
3826697 0 105
3828213 0 105
3829646 0 106
3831059 0 104
3832472 0 105
3833885 0 105
3835360 0 105
3836855 0 105
