37103 0 2
38516 0 9
40032 0 9
41486 0 6
42961 0 4
44394 0 3
45910 0 6
47466 0 3
48859 0 12
50333 0 2
51746 0 19
53303 0 20
54839 0 18
56313 0 23
57808 0 23
59201 0 14
60716 0 20
62150 0 33
63604 0 10
65038 0 20
66574 0 28
68069 0 8
69523 0 16
70895 0 33
72410 0 9
73967 0 14
75400 0 23
76854 0 18
78431 0 17
79926 0 14
81380 0 28
82937 0 9
84370 0 21
85804 0 35
87278 0 8
88855 0 24
90350 0 15
91743 0 19
93156 0 25
94590 0 5
96044 0 19
97580 0 34
99034 0 1
100508 0 15
101942 0 21
103437 0 16
104973 0 21
106509 0 35
107901 0 5
109294 0 18
110728 0 22
112264 0 16
113636 0 22
115213 0 24
116667 0 27
118162 0 5
119636 0 22
121131 0 30
122606 0 12
124101 0 15
125555 0 22
126989 0 35
128422 0 5
129938 0 16
131453 0 15
132948 0 17
134423 0 20
135877 0 22
137413 0 31
138949 0 12
140464 0 17
142000 0 24
143516 0 20
145031 0 14
146444 0 32
147919 0 8
149496 0 16
150888 0 22
152465 0 28
153940 0 3
155332 0 14
156725 0 14
158118 0 18
159654 0 18
161087 0 22
162644 0 15
164077 0 28
165572 0 3
167026 0 15
168562 0 27
170098 0 12
171614 0 24
173068 0 32
174522 0 1
176037 0 17
177532 0 34
179007 0 10
180481 0 15
181976 0 15
183533 0 15
185007 0 33
186502 0 6
188038 0 14
189513 0 16
191028 0 13
192462 0 30
193834 0 1
195329 0 17
196742 0 26
198237 0 4
199671 0 21
201227 0 30
202702 0 12
204156 0 18
205692 0 34
207187 0 1
208661 0 24
210095 0 13
211569 0 14
213044 0 24
214498 0 16
215952 0 18
217529 0 25
219085 0 10
220540 0 16
222035 0 33
223550 0 11
225106 0 19
226540 0 16
227953 0 18
229387 0 32
230779 0 5
232315 0 19
233769 0 13
235305 0 18
236739 0 17
238275 0 14
239749 0 35
241285 0 12
242842 0 14
244234 0 17
245648 0 18
247061 0 14
248576 0 32
249969 0 1
251464 0 17
252938 0 24
254351 0 19
255846 0 33
257259 0 6
258673 0 21
260168 0 17
261622 0 13
263014 0 22
264571 0 20
266148 0 22
267622 0 26
269117 0 6
270571 0 22
272025 0 22
273582 0 24
274995 0 15
276469 0 32
278005 0 5
279459 0 22
280914 0 29
282347 0 5
283801 0 20
285255 0 17
286730 0 17
288245 0 26
289638 0 12
291153 0 24
292566 0 14
293959 0 23
295475 0 21
296908 0 28
298362 0 4
299796 0 13
301311 0 23
302847 0 14
304383 0 20
305878 0 28
307312 0 11
308704 0 20
310199 0 23
311653 0 16
313148 0 18
314684 0 30
316118 0 7
317593 0 20
319128 0 27
320521 0 9
321934 0 20
323470 0 20
324945 0 29
326399 0 10
327914 0 15
329430 0 22
330904 0 36
332440 0 3
333976 0 21
335471 0 16
336925 0 24
338379 0 19
339813 0 30
341328 0 4
342844 0 15
344380 0 22
345957 0 24
347390 0 15
348783 0 17
350319 0 27
351814 0 1
353207 0 18
354640 0 15
356135 0 18
357589 0 17
359023 0 20
360477 0 33
361910 0 9
363426 0 21
364901 0 34
366334 0 3
367727 0 19
369242 0 32
370655 0 12
372089 0 17
373563 0 25
375079 0 9
376615 0 15
378048 0 24
379462 0 14
380936 0 16
382472 0 17
383885 0 18
385421 0 20
386978 0 29
388411 0 7
389845 0 22
391401 0 35
392814 0 3
394248 0 16
395620 0 15
397156 0 14
398610 0 13
400105 0 30
401477 0 7
402952 0 20
404529 0 22
406003 0 21
407580 0 16
409075 0 33
410611 0 5
412106 0 13
413499 0 18
415014 0 17
416407 0 21
417820 0 19
419315 0 25
420851 0 12
422284 0 14
423759 0 15
425172 0 16
426667 0 19
428121 0 20
429657 0 26
431173 0 9
432688 0 22
434183 0 23
435740 0 20
437276 0 22
438791 0 20
440327 0 36
441761 0 3
443153 0 18
444566 0 36
446143 0 3
447556 0 18
448990 0 14
450444 0 18
451918 0 26
453311 0 11
454765 0 17
456178 0 35
457612 0 11
459066 0 18
460561 0 32
462097 0 1
463612 0 22
465148 0 14
466602 0 26
468036 0 8
469511 0 18
471087 0 27
472582 0 3
474016 0 22
475450 0 23
476986 0 17
478460 0 21
479894 0 13
481368 0 15
482822 0 25
484379 0 6
485935 0 15
487348 0 34
488741 0 6
490174 0 23
491649 0 16
493185 0 25
494700 0 9
496114 0 21
497527 0 20
499042 0 19
500496 0 19
501991 0 18
503527 0 14
504961 0 17
506394 0 34
507766 0 11
509200 0 14
510695 0 17
512231 0 23
513665 0 27
515160 0 2
516573 0 18
518068 0 35
519481 0 8
520935 0 14
522389 0 36
523945 0 5
525338 0 19
526894 0 32
528308 0 10
529741 0 23
531277 0 16
532752 0 13
534226 0 32
535701 0 1
537237 0 19
538650 0 20
540206 0 22
541701 0 31
543237 0 1
544753 0 24
546289 0 23
547804 0 35
549197 0 2
550610 0 15
552043 0 16
553559 0 34
554993 0 12
556447 0 15
557880 0 22
559355 0 27
560747 0 11
562160 0 20
563676 0 30
565130 0 6
566564 0 24
567997 0 18
569472 0 17
570864 0 28
572380 0 8
573875 0 15
575390 0 26
576803 0 2
578298 0 24
579752 0 20
581268 0 23
582742 0 15
584176 0 32
585651 0 8
587105 0 21
588641 0 29
590115 0 7
591528 0 19
592982 0 23
594416 0 20
595849 0 17
597263 0 17
598717 0 22
600191 0 32
601645 0 1
603161 0 18
604697 0 22
606171 0 23
607666 0 32
609141 0 5
610677 0 13
612069 0 33
613626 0 11
615162 0 16
616657 0 14
618131 0 13
619606 0 19
621162 0 35
622575 0 3
624132 0 22
625565 0 15
626999 0 18
628453 0 32
629846 0 12
631382 0 18
632856 0 28
634290 0 2
635805 0 24
637321 0 27
638877 0 1
640311 0 14
641785 0 36
643301 0 5
644775 0 13
646168 0 22
647724 0 26
649219 0 12
650714 0 23
652250 0 25
653807 0 7
655261 0 17
656735 0 22
658148 0 14
659541 0 24
661016 0 22
662429 0 16
663944 0 36
665378 0 8
666934 0 20
668388 0 33
669945 0 3
671440 0 21
672976 0 22
674450 0 30
675884 0 12
677399 0 17
678956 0 13
680348 0 13
681905 0 21
683359 0 21
684854 0 20
686329 0 20
687783 0 32
689278 0 8
690834 0 20
692370 0 22
693885 0 28
695401 0 10
696896 0 24
698350 0 16
699845 0 18
701402 0 13
702937 0 30
704310 0 5
705866 0 20
707463 0 34
708979 0 2
710454 0 19
711887 0 14
713423 0 20
714918 0 19
716475 0 31
718031 0 11
719485 0 20
720939 0 22
722475 0 21
723991 0 16
725363 0 21
726858 0 32
728250 0 1
729745 0 22
731199 0 24
732633 0 22
734087 0 22
735643 0 24
737200 0 34
738633 0 1
740129 0 22
741562 0 19
743016 0 23
744470 0 14
745986 0 19
747399 0 25
748935 0 7
750389 0 15
751863 0 36
753276 0 12
754751 0 20
756287 0 21
757700 0 26
759093 0 1
760547 0 22
762103 0 24
763619 0 24
765032 0 22
766527 0 14
767899 0 21
769353 0 32
770807 0 6
772384 0 23
773920 0 17
775313 0 21
776828 0 15
778241 0 32
779777 0 8
781272 0 21
782829 0 32
784344 0 1
785757 0 24
787191 0 14
788604 0 21
790099 0 22
791676 0 27
793191 0 2
794707 0 16
796181 0 15
797676 0 26
799089 0 5
800523 0 23
802039 0 17
803513 0 21
805049 0 16
806442 0 34
807978 0 5
809514 0 14
810947 0 17
812360 0 15
813794 0 34
815227 0 11
816620 0 14
818033 0 14
819446 0 17
820880 0 17
822436 0 23
823829 0 16
825242 0 15
826778 0 29
828191 0 11
829747 0 24
831161 0 13
832656 0 22
834110 0 21
835605 0 27
837079 0 2
838492 0 13
840028 0 26
841462 0 4
842936 0 20
844411 0 15
845906 0 20
847380 0 23
848814 0 20
850350 0 20
851927 0 29
853422 0 7
854937 0 14
856391 0 21
857927 0 32
859320 0 10
860774 0 24
862290 0 17
863744 0 27
865218 0 12
866754 0 20
868270 0 21
869744 0 14
871260 0 36
872693 0 9
874250 0 17
875765 0 13
877260 0 19
878714 0 36
880148 0 3
881643 0 22
883056 0 22
884612 0 20
886046 0 13
887500 0 28
889036 0 1
890551 0 13
892067 0 21
893623 0 23
895037 0 14
896450 0 34
897945 0 5
899399 0 23
900853 0 17
902327 0 23
903884 0 19
905338 0 35
906812 0 9
908287 0 14
909782 0 20
911277 0 17
912751 0 17
914165 0 22
915660 0 27
917114 0 10
918670 0 24
920083 0 32
921619 0 8
923073 0 22
924568 0 15
926002 0 19
927517 0 15
928992 0 17
930405 0 20
931900 0 13
933456 0 34
934890 0 10
936324 0 17
1265004 0 101
1266478 0 101
1267891 0 101
1269325 0 101
1270717 0 101
1272212 0 101
1273646 0 101
1275100 0 101
1276554 0 101
1278008 0 101
1279544 0 102
1281080 0 102
1282555 0 102
1284009 0 102
1285524 0 103
1287019 0 101
1288494 0 102
1289907 0 103
1291381 0 101
1292774 0 102
1294208 0 102
1295621 0 102
1297136 0 102
1298611 0 102
1300167 0 102
1301560 0 103
1302993 0 101
1304386 0 102
1305819 0 103
1307355 0 101
1308871 0 102
1310407 0 102
1311902 0 102
1313336 0 102
1314851 0 103
1316264 0 101
1317800 0 102
1319193 0 103
1320749 0 101
1322142 0 102
1323596 0 103
1325050 0 101
1326504 0 102
1327958 0 103
1329412 0 101
1330846 0 102
1332320 0 102
1333733 0 103
1335146 0 101
1336662 0 102
1338136 0 102
1339693 0 103
1341126 0 101
1342642 0 102
1344157 0 103
1345632 0 101
1347106 0 102
1348642 0 102
1350137 0 102
1351632 0 102
1353107 0 102
1354622 0 102
1356097 0 102
1357531 0 103
1359046 0 101
1360500 0 102
1361954 0 103
1363470 0 101
1364985 0 102
1366501 0 102
1368037 0 102
1369491 0 103
1371047 0 101
1372563 0 102
1373996 0 103
1375450 0 101
1376986 0 102
1378440 0 103
1379935 0 101
1381471 0 102
1382946 0 102
1384359 0 102
1385874 0 102
1387308 0 102
1388864 0 102
1390359 0 102
1391752 0 103
1393288 0 101
1394722 0 102
1396114 0 103
1397671 0 101
1399227 0 102
1400763 0 103
1402176 0 101
1403671 0 102
1405166 0 102
1406579 0 102
1408033 0 102
1409426 0 102
1410941 0 103
1412436 0 101
1413891 0 102
1415427 0 102
1416881 0 102
1418396 0 102
1419830 0 102
1421345 0 103
1422840 0 101
1424315 0 102
1425769 0 102
1427161 0 103
1428677 0 101
1430151 0 102
1431687 0 102
1433121 0 102
1434616 0 102
1436070 0 102
1437524 0 102
1439040 0 103
1440576 0 101
1441968 0 102
1443443 0 102
1444856 0 103
1446310 0 101
1447866 0 102
1449320 0 103
1450754 0 101
1452269 0 102
1453805 0 102
1455280 0 102
1456713 0 102
1458229 0 102
1459642 0 102
1461178 0 103
1462714 0 101
1464127 0 102
1465602 0 103
1467138 0 101
1468530 0 102
1470005 0 103
1471520 0 101
1472954 0 102
1474469 0 102
1475883 0 102
1477377 0 102
1478811 0 102
1480286 0 102
1481678 0 103
1483132 0 101
1484668 0 102
1486102 0 102
1487515 0 102
1488989 0 103
1490505 0 101
1492020 0 102
1493474 0 102
1494949 0 103
1496464 0 101
1497959 0 102
1499475 0 102
1500990 0 102
1502526 0 102
1504042 0 102
1505455 0 102
1506868 0 102
1508322 0 103
1509735 0 101
1511169 0 102
1512561 0 103
1514016 0 101
1515429 0 102
1516903 0 102
1518316 0 102
1519811 0 103
1521327 0 101
1522822 0 102
1524255 0 103
1525689 0 101
1527245 0 102
1528658 0 103
1530174 0 101
1531669 0 102
1533062 0 102
1534475 0 102
1536011 0 102
1537506 0 103
1538980 0 101
1540516 0 102
1541991 0 103
1543465 0 101
1544899 0 102
1546312 0 103
1547766 0 101
1549281 0 102
1550674 0 103
1552149 0 101
1553541 0 102
1554954 0 102
1556367 0 102
1557842 0 102
1559398 0 102
1560811 0 102
1562286 0 103
1563781 0 101
1565215 0 102
1566607 0 103
1568164 0 101
1569659 0 102
1571174 0 102
1572710 0 102
1574185 0 102
1575721 0 102
1577216 0 103
1578752 0 101
1580267 0 102
1581742 0 102
1583216 0 102
1584670 0 102
1586124 0 102
1587640 0 103
1589094 0 101
1590609 0 102
1592043 0 102
1593579 0 102
1595074 0 103
1596610 0 101
1598023 0 102
1599457 0 102
1600849 0 102
1602283 0 102
1603798 0 102
1605252 0 103
1606706 0 101
1608222 0 102
1609655 0 103
1611069 0 101
1612564 0 102
1614079 0 102
1615615 0 102
1617008 0 102
1618503 0 102
1619916 0 102
1621390 0 103
1622824 0 101
1624278 0 102
1625711 0 102
1627166 0 102
1628640 0 102
1630176 0 103
1631712 0 101
1633227 0 102
1634723 0 103
1636238 0 101
1637631 0 102
1639167 0 102
1640641 0 102
1642095 0 103
1643652 0 101
1645106 0 102
1646539 0 102
1648055 0 102
1649447 0 102
1650840 0 102
1652315 0 103
1653850 0 101
1655284 0 102
1656738 0 102
1658254 0 102
1659749 0 102
1661203 0 102
1662616 0 103
1664172 0 101
1665565 0 102
1667060 0 103
1668596 0 101
1670091 0 102
1671545 0 103
1673101 0 101
1674514 0 102
1676050 0 102
1677525 0 102
1679040 0 102
1680454 0 102
1681846 0 102
1683239 0 102
1684652 0 103
1686106 0 101
1687539 0 102
1689075 0 102
1690489 0 102
1692045 0 102
1693458 0 102
1694851 0 102
1696407 0 102
1697841 0 103
1699336 0 101
1700872 0 102
1702346 0 102
1703780 0 102
1705193 0 102
1706729 0 103
1708285 0 101
1709719 0 102
1711214 0 102
1712709 0 102
1714224 0 102
1715658 0 102
1717133 0 103
1718689 0 101
1720143 0 102
1721659 0 102
1723072 0 102
1724567 0 102
1726041 0 102
1727434 0 103
1728929 0 101
1730321 0 102
1731837 0 103
1733250 0 101
1734745 0 102
1736240 0 102
1737694 0 102
1739210 0 102
1740705 0 103
1742200 0 101
1743592 0 102
1745087 0 102
1746582 0 102
1747995 0 102
1749449 0 102
1750904 0 102
1752296 0 103
1753771 0 101
1755245 0 102
1756658 0 102
1758153 0 102
1759607 0 102
1761000 0 103
1762475 0 101
1763908 0 102
1765403 0 102
1766816 0 103
1768352 0 101
1769888 0 102
1771281 0 102
1772817 0 103
1774373 0 101
1775868 0 102
1777384 0 103
1778899 0 101
1780435 0 102
1781848 0 103
1783384 0 101
1784900 0 102
1786333 0 103
1787767 0 101
1789282 0 102
1790757 0 103
1792293 0 101
1793747 0 102
1795221 0 102
1796635 0 103
1798171 0 101
1799584 0 102
1801038 0 102
1802512 0 103
1803966 0 101
1805379 0 102
1806833 0 102
1808308 0 103
1809844 0 101
1811339 0 102
1812773 0 102
1814165 0 102
1815640 0 103
1817155 0 101
1818691 0 102
1820125 0 102
1821661 0 102
1823094 0 103
1824610 0 101
1826064 0 102
1827620 0 103
1829115 0 101
1830549 0 102
1831941 0 102
1833355 0 102
1834768 0 102
1836181 0 102
1837696 0 103
1839150 0 101
1840666 0 102
1842058 0 102
1843594 0 102
1845089 0 102
1846523 0 102
1847997 0 102
1849431 0 103
1850906 0 101
1852380 0 102
1853937 0 102
1855391 0 103
1856845 0 101
1858360 0 102
1859896 0 102
1861412 0 102
1862845 0 102
1864279 0 102
1865712 0 103
1867187 0 101
1868600 0 102
1869993 0 102
1871447 0 103
1872983 0 101
1874457 0 102
1875973 0 102
1877488 0 103
1878963 0 101
1880417 0 102
1881891 0 102
1883366 0 102
1884779 0 103
1886253 0 101
1887667 0 102
1889100 0 102
1890616 0 102
1892008 0 103
1893483 0 101
1894998 0 102
1896534 0 103
1898091 0 101
1899647 0 102
1901163 0 103
1902596 0 101
1904071 0 102
1905525 0 103
1907040 0 101
1908474 0 102
1909887 0 102
1911280 0 103
1912857 0 101
1914392 0 102
1915847 0 102
1917383 0 102
1918919 0 102
1920393 0 102
1921888 0 103
1923301 0 101
1924755 0 102
1926250 0 103
1927725 0 101
1929117 0 102
1930633 0 103
1932066 0 101
1933602 0 102
1934995 0 102
1936490 0 102
1938026 0 102
1939439 0 103
1940955 0 101
1942347 0 102
1943740 0 102
1945235 0 103
1946791 0 101
1948245 0 102
1949781 0 102
1951276 0 102
1952689 0 102
1954103 0 102
1955557 0 102
1957093 0 102
1958567 0 103
1960062 0 101
1961557 0 102
1963011 0 102
1964465 0 102
1965919 0 103
1967476 0 101
1968950 0 102
1970363 0 103
1971838 0 101
1973292 0 102
1974746 0 103
1976261 0 101
1977675 0 102
1979108 0 102
1980603 0 103
1982160 0 101
1983593 0 102
1985047 0 103
1986583 0 101
1988099 0 102
1989512 0 102
1990945 0 102
1992461 0 102
1993915 0 102
1995308 0 103
1996721 0 101
1998154 0 102
1999608 0 103
2001165 0 101
2002598 0 102
2004073 0 103
2005547 0 101
2007042 0 102
2008517 0 102
2010032 0 102
2011527 0 103
2013043 0 101
2014436 0 102
2015869 0 102
2017364 0 102
2018777 0 102
2020190 0 102
2021685 0 103
2023160 0 101
2024634 0 102
2026109 0 102
2027543 0 102
2028997 0 102
2030389 0 103
2031823 0 101
2033297 0 102
2034710 0 102
2036226 0 102
2037741 0 102
2039175 0 102
2040568 0 102
2042083 0 103
2043578 0 101
2045032 0 102
2046425 0 103
2047899 0 101
2049353 0 102
2050828 0 102
2052220 0 102
2053634 0 103
2055190 0 101
2056726 0 102
2058119 0 102
2059573 0 102
2061068 0 102
2062563 0 103
2064119 0 101
2065635 0 102
2067150 0 102
2068584 0 102
2070017 0 102
2071533 0 102
2073069 0 102
2074461 0 102
2075915 0 103
2077492 0 101
2078885 0 102
2080298 0 102
2081691 0 103
2083268 0 101
2084742 0 102
2086278 0 102
2087794 0 102
2089248 0 102
2090681 0 103
2092176 0 101
2093692 0 102
2095166 0 102
2096579 0 102
2098074 0 102
2099569 0 102
2101003 0 103
2102539 0 101
2103952 0 102
2105488 0 103
2107024 0 101
2108499 0 102
2109953 0 103
2111386 0 101
2112799 0 102
2114315 0 103
2115748 0 101
2117182 0 102
2118738 0 102
2120233 0 102
2121646 0 102
2123121 0 102
2124555 0 102
2126009 0 103
2127422 0 101
2128814 0 102
2130289 0 102
2131722 0 102
2133217 0 102
2134753 0 102
2136248 0 102
2137743 0 103
2139218 0 101
2140652 0 102
2142126 0 102
2143519 0 102
2144932 0 102
2146324 0 102
2147799 0 102
2149233 0 102
2150666 0 103
2152161 0 101
2153554 0 102
2155090 0 102
2156626 0 102
2158080 0 103
2159513 0 101
2160967 0 102
2179958 0 47
2181412 0 45
2182928 0 41
2184402 0 39
2185918 0 45
2187433 0 47
2188887 0 44
2190341 0 47
2191836 0 39
2193372 0 40
2194929 0 54
2196403 0 56
2197960 0 69
2199516 0 48
2200970 0 60
2202506 0 50
2204063 0 56
2205578 0 69
2207032 0 41
2208568 0 50
2210084 0 56
2211599 0 64
2213012 0 47
2214466 0 53
2216002 0 64
2217518 0 41
2218931 0 56
2220446 0 60
2221941 0 59
2223395 0 50
2224911 0 52
2226365 0 63
2227860 0 39
2229294 0 58
2230871 0 60
2232345 0 57
2233861 0 55
2235274 0 50
2236728 0 49
2238141 0 69
2239554 0 43
2241028 0 58
2242605 0 69
2244039 0 41
2245473 0 52
2246906 0 55
2248422 0 49
2249814 0 57
2251330 0 57
2252886 0 67
2254320 0 47
2255774 0 52
2257207 0 65
2258682 0 37
2260115 0 57
2261590 0 63
2263024 0 42
2264478 0 50
2265952 0 54
2267447 0 50
2268922 0 50
2270335 0 54
2271850 0 49
2273263 0 70
2274676 0 37
2276192 0 51
2277728 0 63
2279182 0 42
2280738 0 49
2282233 0 50
2283708 0 57
2285162 0 49
2286678 0 56
2288193 0 68
2289606 0 44
2291081 0 53
2292576 0 59
2293989 0 56
2295443 0 58
2296999 0 49
2298412 0 67
2299846 0 37
2301321 0 58
2302754 0 66
2304208 0 40
2305642 0 51
2307157 0 60
2308673 0 52
2310147 0 72
2311581 0 43
2313137 0 54
2314694 0 55
2316230 0 54
2317766 0 56
2319220 0 50
2320674 0 65
2322087 0 40
2323561 0 58
2324995 0 52
2326429 0 58
2327883 0 63
2329296 0 38
2330729 0 59
2332142 0 53
2333699 0 68
2335091 0 38
2336566 0 50
2337979 0 53
2339413 0 59
2340887 0 54
2342362 0 51
2343836 0 59
2345270 0 65
2346826 0 44
2348362 0 52
2349837 0 56
2351270 0 52
2352806 0 50
2354260 0 53
2355817 0 51
2357230 0 66
2358664 0 39
2360097 0 55
2361654 0 54
2363169 0 58
2364664 0 49
2366118 0 59
2367613 0 66
2369129 0 47
2370603 0 53
2372037 0 49
2373552 0 66
2374965 0 42
2376481 0 50
2377996 0 66
2379409 0 38
2380945 0 55
2382440 0 57
2383976 0 65
2385512 0 45
2386946 0 53
2388420 0 70
2389915 0 46
2391370 0 58
2392946 0 51
2394360 0 54
2395793 0 56
2397247 0 53
2398783 0 72
2400237 0 40
2401753 0 49
2403289 0 59
2404722 0 71
2406258 0 37
2407815 0 59
2409330 0 64
2410866 0 41
2412382 0 59
2413938 0 53
2415392 0 66
2416949 0 46
2418464 0 57
2419939 0 72
2421393 0 40
2422806 0 56
2424301 0 54
2425693 0 57
2427188 0 51
2428745 0 52
2430240 0 72
2431612 0 44
2433128 0 55
2434561 0 61
2435995 0 43
2437490 0 58
2438964 0 51
2440480 0 59
2441954 0 57
2443367 0 53
2444780 0 51
2446296 0 65
2447852 0 38
2449286 0 59
2450720 0 61
2452133 0 45
2453669 0 52
2455205 0 52
2456679 0 51
2458236 0 56
2459649 0 71
2461103 0 45
2462659 0 59
2464093 0 51
2465485 0 66
2466980 0 47
2468393 0 54
2469868 0 51
2471363 0 70
2472735 0 48
2474148 0 49
2475664 0 50
2477200 0 63
2478674 0 47
2480169 0 60
2481623 0 58
2483057 0 67
2484490 0 40
2486026 0 60
2487501 0 69
2488996 0 48
2490409 0 60
2491966 0 68
2493522 0 44
2494956 0 49
2496369 0 66
2497843 0 43
2499277 0 56
2500772 0 53
2502246 0 59
2503700 0 50
2505175 0 67
2506588 0 39
2508144 0 50
2509558 0 62
2511093 0 37
2512629 0 56
2514063 0 72
2515456 0 38
2517012 0 53
2518528 0 69
2520105 0 41
2521518 0 49
2522972 0 61
2524385 0 45
2525941 0 52
2527375 0 58
2528849 0 67
2530385 0 48
2531921 0 49
2533375 0 60
2534870 0 50
2536304 0 56
2537717 0 67
2539171 0 48
2540625 0 52
2542120 0 63
2543533 0 37
2545008 0 49
2546400 0 52
2547957 0 60
2549390 0 55
2550947 0 49
2552483 0 57
2554039 0 49
2555493 0 64
2556906 0 40
2558442 0 57
2559917 0 71
2561391 0 42
2562907 0 52
2564341 0 57
2565774 0 67
2567228 0 38
2568723 0 50
2570259 0 53
2571775 0 50
2573270 0 70
2574765 0 45
2576260 0 52
2577775 0 66
2579250 0 43
2580683 0 53
2582178 0 68
2583612 0 38
2585086 0 58
2586540 0 66
2587974 0 47
2589387 0 50
2590903 0 54
2592459 0 49
2593975 0 50
2595470 0 55
2596965 0 50
2598398 0 68
2599914 0 40
2601429 0 56
2602842 0 52
2604378 0 56
2605812 0 49
2607348 0 55
2608863 0 62
2610256 0 44
2611649 0 50
2613103 0 60
2614536 0 55
2616072 0 56
2617567 0 67
2619103 0 38
2620537 0 59
2621970 0 55
2623506 0 59
2625063 0 70
2626496 0 45
2627930 0 51
2629445 0 49
2630899 0 70
2632353 0 42
2633767 0 60
2635200 0 59
2636634 0 56
2638149 0 55
2639665 0 49
2641098 0 64
2642511 0 44
2644047 0 55
2645481 0 52
2646996 0 53
2648553 0 55
2649966 0 52
2651441 0 60
2652956 0 52
2654410 0 61
2655946 0 40
2657400 0 57
2658977 0 52
2660431 0 51
2661824 0 59
2663380 0 68
2664916 0 43
2666432 0 55
2667968 0 60
2669463 0 58
2670917 0 57
2672412 0 49
2673804 0 62
2675340 0 47
2676815 0 59
2678371 0 55
2679846 0 52
2681361 0 60
2682918 0 53
2684331 0 64
2685723 0 47
2687177 0 58
2688672 0 70
2690045 0 45
2691622 0 51
2693076 0 56
2694571 0 50
2696127 0 52
2697561 0 60
2698974 0 49
2700428 0 62
2701861 0 45
2703356 0 57
2704892 0 55
2706346 0 50
2707821 0 59
2709377 0 72
2710872 0 45
2712367 0 55
2713924 0 53
2715439 0 59
2716914 0 58
2718347 0 51
2719822 0 64
2721358 0 38
2722894 0 56
2724307 0 63
2725884 0 48
2727420 0 58
2728854 0 50
2730410 0 67
2731885 0 45
2733359 0 56
2734793 0 63
2736206 0 40
2737742 0 52
2739237 0 54
2740711 0 50
2742247 0 52
2743722 0 50
2745135 0 55
2746691 0 53
2748145 0 71
2749538 0 46
2751115 0 54
2752610 0 54
2754043 0 57
2755498 0 52
2757054 0 51
2758508 0 69
2760003 0 38
2761396 0 54
2762850 0 59
2764304 0 52
2765860 0 50
2767294 0 71
2768768 0 42
2770202 0 56
2771615 0 66
2773110 0 44
2774523 0 50
2775977 0 67
2777411 0 46
2778947 0 51
2780503 0 59
2781916 0 54
2783391 0 68
2784824 0 41
2786238 0 58
2787692 0 59
2789125 0 51
2790661 0 52
2792177 0 70
2793672 0 47
2795228 0 49
2796723 0 69
2798157 0 47
2799693 0 54
2801167 0 60
2802683 0 60
2804198 0 55
2805652 0 51
2807065 0 50
2808560 0 52
2810035 0 71
2811489 0 42
2812984 0 49
2814397 0 55
2815872 0 62
2817346 0 38
2818800 0 53
2820357 0 50
2821811 0 58
2823326 0 62
2824842 0 40
2826378 0 51
2827832 0 55
2829327 0 67
2830822 0 48
2832337 0 55
2833771 0 58
2835225 0 50
2836761 0 50
2838297 0 71
2839771 0 38
2841307 0 60
2842720 0 51
2844256 0 65
2845792 0 47
2847226 0 59
2848762 0 61
2850236 0 48
2851629 0 49
2853104 0 65
2854599 0 43
2856094 0 51
2857609 0 51
2859002 0 61
2860497 0 39
2862033 0 59
2863466 0 55
2864982 0 58
2866559 0 49
2867992 0 49
2869467 0 63
2870880 0 40
2872354 0 50
2873849 0 57
2875385 0 54
2876819 0 52
2878355 0 61
2879789 0 41
2881202 0 58
2882676 0 61
2884233 0 41
2885646 0 52
2887202 0 49
2888677 0 49
2890213 0 59
2891728 0 68
2893244 0 43
2894800 0 59
2896357 0 71
2897852 0 42
2899367 0 59
2900801 0 57
2902296 0 59
2903729 0 61
2905286 0 42
2906760 0 60
2908276 0 59
2909750 0 49
2911225 0 59
2912720 0 64
2914133 0 41
2915689 0 51
2917184 0 53
2918741 0 60
2920236 0 50
2921772 0 53
2923267 0 57
2924741 0 65
2926175 0 40
2927690 0 60
2929165 0 51
2930619 0 51
2932175 0 60
2933691 0 49
2935125 0 66
2936579 0 47
2937992 0 50
2939548 0 55
2941043 0 69
2942559 0 40
2944115 0 50
2945569 0 60
2947044 0 57
2948600 0 69
2950013 0 48
2951488 0 57
2952983 0 57
2954457 0 50
2955891 0 61
2957406 0 38
2958840 0 54
2960376 0 65
2961912 0 40
2963468 0 58
2965025 0 65
2966540 0 45
2968076 0 51
2969592 0 53
2971025 0 50
2972438 0 56
2973933 0 53
2975428 0 68
2976842 0 46
2978296 0 50
2979791 0 56
2981286 0 59
2982740 0 60
2984296 0 50
2985730 0 72
2987266 0 44
2988761 0 60
2990276 0 57
2991730 0 56
2993164 0 55
2994700 0 68
2996113 0 37
2997526 0 52
2999062 0 58
3000598 0 64
3002072 0 39
3003527 0 53
3004960 0 52
3006476 0 52
3007889 0 55
3009384 0 65
3010858 0 37
3012374 0 50
3013869 0 61
3015282 0 39
3016797 0 51
3018210 0 67
3019726 0 41
3021139 0 50
3022655 0 55
3024170 0 60
3025583 0 54
3027078 0 53
3028635 0 49
3030068 0 49
3031543 0 61
3033017 0 39
3034492 0 52
3035925 0 50
3037379 0 52
3038956 0 54
3040451 0 55
3041967 0 70
3043400 0 46
3044834 0 53
3046329 0 61
3047865 0 45
3049442 0 56
3050896 0 60
3052330 0 57
3053804 0 56
3055360 0 54
3056774 0 61
3058207 0 37
3059620 0 58
3061136 0 68
3062569 0 48
3064105 0 59
3065662 0 52
3067136 0 58
3068713 0 59
3070167 0 71
3071683 0 45
3073157 0 55
3074673 0 51
3076209 0 52
3077704 0 49
3079219 0 69
3080653 0 46
3082168 0 49
3136200 0 104
3137613 0 104
3139047 0 104
3140460 0 104
3141955 0 104
3143471 0 104
3144884 0 104
3146297 0 104
3147771 0 104
3149246 0 104
3150679 0 105
3152093 0 105
3153608 0 105
3155062 0 105
3156578 0 105
3157991 0 105
3159424 0 106
3160837 0 104
3162373 0 105
3163909 0 106
3165466 0 104
3166981 0 105
3168456 0 105
3169869 0 105
3171302 0 105
3172859 0 105
3174354 0 105
3175890 0 105
3177323 0 106
3178839 0 104
3180313 0 105
3181808 0 105
3183283 0 105
3184717 0 105
3186253 0 105
3187789 0 105
3189243 0 106
3190697 0 104
3192192 0 105
3193748 0 105
3195284 0 105
3196677 0 105
3198090 0 106
3199646 0 104
3201080 0 105
3202534 0 105
3204029 0 105
3205483 0 105
3206998 0 106
3208432 0 104
3209927 0 105
3211422 0 106
3212876 0 104
3214269 0 105
3215784 0 105
3217279 0 105
3218815 0 105
3220331 0 105
3221723 0 105
3223177 0 105
3224713 0 106
3226167 0 104
3227724 0 105
3229178 0 105
3230570 0 105
3231963 0 105
3233479 0 105
3234974 0 105
3236407 0 105
3237800 0 106
3239336 0 104
3240810 0 105
3242223 0 105
3243698 0 106
3245234 0 104
3246729 0 105
3248244 0 106
3249658 0 104
3251193 0 105
3252648 0 106
3254081 0 104
3255494 0 105
3257030 0 106
3258423 0 104
3259918 0 105
3261310 0 105
3262785 0 105
3264300 0 105
3265693 0 106
3267106 0 104
3268663 0 105
3270055 0 105
3271468 0 105
3272922 0 106
3274458 0 104
3275933 0 105
3277428 0 106
3278882 0 104
3280316 0 105
3281831 0 106
3283387 0 104
3284923 0 105
3286337 0 106
3287791 0 104
3289327 0 105
3290883 0 105
3292296 0 106
3293750 0 104
3295163 0 105
3296658 0 105
3298174 0 105
3299689 0 105
3301123 0 105
3302638 0 105
3304113 0 106
3305588 0 104
3307021 0 105
3308516 0 105
3309929 0 106
3311445 0 104
3312878 0 105
3314394 0 105
3315848 0 105
3317302 0 106
3318817 0 104
3320210 0 105
3321766 0 105
3323261 0 106
3324777 0 104
3326190 0 105
3327685 0 106
3329241 0 104
3330634 0 105
3332129 0 105
3333665 0 105
3335119 0 105
3336512 0 106
3337945 0 104
3339420 0 105
3340956 0 105
3342410 0 105
3343946 0 105
3345482 0 105
3346977 0 106
3348451 0 104
3349946 0 105
3351482 0 106
3353018 0 104
3354534 0 105
3356090 0 105
3357524 0 105
3358998 0 106
3360555 0 104
3362070 0 105
3363504 0 106
3365040 0 104
3366453 0 105
3367866 0 105
3369341 0 106
3370877 0 104
3372372 0 105
3373826 0 106
3375341 0 104
3376754 0 105
3378249 0 106
3379744 0 104
3381280 0 105
3382673 0 105
3384086 0 105
3385519 0 106
3387076 0 104
3388530 0 105
3390066 0 106
3391622 0 104
3393097 0 105
3394612 0 105
3396026 0 105
3397480 0 105
3398893 0 105
3400388 0 105
3401842 0 106
3403275 0 104
3404811 0 105
3406224 0 105
3407781 0 105
3409296 0 105
3410832 0 106
3412286 0 104
3413720 0 105
3415154 0 106
3416628 0 104
3418103 0 105
3419557 0 106
3421031 0 104
3422506 0 105
3423919 0 106
3425332 0 104
3426847 0 105
3428363 0 106
3429796 0 104
3431189 0 105
3432664 0 105
3434179 0 105
3435695 0 105
3437108 0 105
3438500 0 105
3439934 0 106
3441347 0 104
3442760 0 105
3444276 0 105
3445812 0 105
3447327 0 105
3448802 0 105
3450194 0 105
3451587 0 106
3453000 0 104
3454474 0 105
3455969 0 105
3457505 0 105
3458918 0 105
3460352 0 105
3461806 0 105
3463363 0 106
3464899 0 104
3466312 0 105
3467848 0 106
3469363 0 104
3470858 0 105
3472271 0 106
3473746 0 104
3475179 0 105
3476695 0 105
3478149 0 105
3479541 0 105
3481057 0 106
3482613 0 104
3484067 0 105
3485501 0 105
3486976 0 106
3488389 0 104
3489945 0 105
3491399 0 106
3492935 0 104
3494389 0 105
3495782 0 105
3497338 0 105
3498731 0 105
3500144 0 106
3501619 0 104
3503175 0 105
3504609 0 105
3506001 0 106
3507517 0 104
3509032 0 105
3510445 0 105
3511920 0 105
3513415 0 105
3514889 0 106
3516384 0 104
3517797 0 105
3519354 0 106
3520910 0 104
3522323 0 105
3523859 0 105
3525375 0 105
3526870 0 105
3528344 0 105
3529819 0 105
3531355 0 106
3532850 0 104
3534284 0 105
3535758 0 105
3537294 0 105
3538769 0 105
3540243 0 105
3541718 0 106
3543274 0 104
3544667 0 105
3546100 0 105
3547657 0 105
3549152 0 106
3550626 0 104
3552162 0 105
3553596 0 105
3555091 0 105
3556545 0 105
3557999 0 105
3559535 0 105
3561030 0 105
3562464 0 106
3563856 0 104
3565413 0 105
3566908 0 105
3568382 0 105
3569816 0 105
3571331 0 105
3572826 0 106
3574362 0 104
3575898 0 105
3577393 0 105
3578827 0 106
3580383 0 104
3581878 0 105
3583312 0 106
3584848 0 104
3586404 0 105
3587879 0 105
3589292 0 106
3590705 0 104
3592220 0 105
3593613 0 106
3595129 0 104
3596542 0 105
3597934 0 105
3599347 0 105
3600904 0 106
3602419 0 104
3603832 0 105
3605225 0 105
3606700 0 105
3608154 0 105
3609567 0 106
3611123 0 104
3612659 0 105
3614195 0 105
3615629 0 105
3617083 0 105
3618537 0 106
3620093 0 104
3621486 0 105
3622940 0 105
3624333 0 105
3625807 0 105
3627323 0 106
3628859 0 104
3630292 0 105
3631767 0 106
3633241 0 104
3634634 0 105
3636047 0 105
3637440 0 105
3638976 0 105
3640450 0 105
3641966 0 106
3643481 0 104
3644915 0 105
3646328 0 105
3647843 0 105
3649400 0 105
3650956 0 106
3652451 0 104
3653946 0 105
3655380 0 105
3656895 0 105
3658349 0 106
3659865 0 104
3661278 0 105
3662691 0 106
3664186 0 104
3665722 0 105
3667217 0 105
3668630 0 105
3670125 0 106
3671559 0 104
3672972 0 105
3674487 0 105
3675941 0 105
3677375 0 105
3678788 0 105
3680201 0 106
3681614 0 104
3683171 0 105
3684584 0 106
3685976 0 104
3687512 0 105
3688925 0 105
3690379 0 105
3691854 0 105
3693410 0 106
3694885 0 104
3696298 0 105
3697834 0 105
3699309 0 105
3700783 0 106
3702217 0 104
3703732 0 105
3705248 0 106
3706661 0 104
3708074 0 105
3709548 0 105
3711023 0 105
3712518 0 106
3713992 0 104
3715446 0 105
3716962 0 105
3718437 0 106
3719891 0 104
3721283 0 105
3722737 0 105
3724253 0 105
3725727 0 106
3727202 0 104
3728738 0 105
3730233 0 105
3731687 0 105
3733100 0 106
3734513 0 104
3735947 0 105
3737462 0 105
3739019 0 105
3740432 0 105
3741906 0 105
3743381 0 105
3744814 0 106
3746289 0 104
3747804 0 105
3749279 0 106
3750794 0 104
3752207 0 105
3753641 0 105
3755054 0 105
3756488 0 106
3757962 0 104
3759416 0 105
3760891 0 105
3762406 0 105
3763901 0 105
3765396 0 105
3766809 0 106
3768304 0 104
3769840 0 105
3771233 0 105
3772769 0 105
3774305 0 105
3775718 0 105
3777152 0 105
3778585 0 105
3779998 0 106
3781514 0 104
3783009 0 105
3784545 0 105
3786101 0 106
3787555 0 104
3788948 0 105
3790422 0 106
3791938 0 104
3793351 0 105
3794867 0 106
3796403 0 104
3797898 0 105
3799454 0 105
3800847 0 105
3802403 0 106
3803919 0 104
3805332 0 105
3806868 0 105
3808363 0 105
3809817 0 105
3811230 0 105
3812725 0 105
3814220 0 106
3815653 0 104
3817107 0 105
3818521 0 106
3820016 0 104
3821449 0 105
3822965 0 105
3824521 0 106
3826078 0 104
3827532 0 105
3828965 0 105
3830440 0 106
3831976 0 104
3833368 0 105
3834904 0 105
3836379 0 105
3837915 0 105
3839348 0 106
3840782 0 104
3842297 0 105
3843731 0 105
3845267 0 105
3846803 0 105
3848318 0 106
3849752 0 104
3851186 0 105
3852599 0 106
3854032 0 104
3855507 0 105
3856961 0 105
3858374 0 106
3859889 0 104
3861446 0 105
3862879 0 105
3864374 0 105
3865829 0 105
3867324 0 105
3868778 0 105
3870232 0 106
3871665 0 104
3873181 0 105
3874635 0 105
3876048 0 105
3877522 0 105
3878976 0 105
3880533 0 105
3882089 0 105
3883646 0 106
3885079 0 104
3886513 0 105
3888028 0 106
3889544 0 104
3890957 0 105
3892513 0 105
3894049 0 106
3895544 0 104
3897080 0 105
3898575 0 106
3900050 0 104
3901504 0 105
3902979 0 105
3904474 0 105
3905887 0 105
3907382 0 105
3908815 0 105
3910331 0 106
3911867 0 104
3913362 0 105
3914898 0 105
3916413 0 105
3917908 0 106
3919342 0 104
3920878 0 105
3922311 0 105
3923724 0 105
3925199 0 105
3926633 0 105
3928169 0 105
3929582 0 106
3931036 0 104
3932551 0 105
3933985 0 105
3935521 0 105
3937057 0 106
3938531 0 104
3940006 0 105
3941439 0 105
3942873 0 106
3944409 0 104
3945924 0 105
3947379 0 105
3948812 0 105
3950225 0 105
3951679 0 105
3953154 0 106
3954710 0 104
3956185 0 105
3957659 0 106
3959093 0 104
3960526 0 105
3962001 0 105
3963537 0 105
3964991 0 105
3966445 0 105
3967940 0 106
3969374 0 104
3970787 0 105
3972179 0 106
3973674 0 104
3975087 0 105
3976480 0 105
3977893 0 105
3979306 0 105
3980801 0 105
3982255 0 105
3983668 0 106
3985204 0 104
3986658 0 105
3988174 0 105
3989669 0 105
3991102 0 105
3992638 0 106
3994195 0 104
3995731 0 105
3997185 0 106
3998598 0 104
4000032 0 105
4001588 0 106
4003063 0 104
4004517 0 105
4005971 0 106
4007445 0 104
4008981 0 105
4010497 0 106
4011992 0 104
4013466 0 105
4014920 0 106
4016436 0 104
4017931 0 105
4019344 0 106
4020880 0 104
4022436 0 105
4023849 0 105
4025283 0 106
4026778 0 104
4028273 0 105
4029768 0 105
4031222 0 105
4032779 0 105
4034315 0 105
