67455 0 6
68950 0 2
70445 0 12
71919 0 5
73353 0 3
74827 0 1
76322 0 11
77736 0 1
79149 0 3
80685 0 2
82159 0 18
83613 0 13
85067 0 21
86624 0 27
88016 0 4
89491 0 21
90924 0 25
92338 0 12
93751 0 13
95225 0 21
96700 0 22
98154 0 23
99669 0 29
101062 0 8
102536 0 18
104093 0 16
105485 0 19
107042 0 24
108557 0 23
110114 0 26
111547 0 7
113063 0 17
114456 0 24
115930 0 21
117486 0 24
118900 0 24
120333 0 19
121787 0 36
123221 0 9
124654 0 15
126067 0 16
127542 0 24
128996 0 24
130430 0 29
131802 0 5
133276 0 15
134751 0 34
136184 0 8
137638 0 20
139195 0 20
140690 0 18
142205 0 24
143700 0 36
145134 0 9
146588 0 22
148124 0 25
149640 0 2
151073 0 19
152548 0 31
153981 0 1
155456 0 17
156951 0 17
158364 0 18
159879 0 17
161333 0 32
162767 0 10
164323 0 15
165777 0 20
167293 0 22
168768 0 17
170242 0 33
171778 0 3
173314 0 15
174850 0 14
176263 0 22
177819 0 24
179274 0 14
180728 0 33
182264 0 5
183759 0 15
185151 0 36
186626 0 7
188059 0 16
189472 0 21
190988 0 17
192421 0 19
193876 0 33
195350 0 9
196907 0 13
198340 0 36
199835 0 9
201351 0 16
202846 0 33
204402 0 10
205979 0 21
207433 0 17
208949 0 17
210444 0 13
211877 0 29
213372 0 10
214929 0 13
216321 0 17
217796 0 20
219291 0 15
220806 0 22
222260 0 29
223796 0 2
225250 0 19
226786 0 23
228199 0 24
229715 0 32
231128 0 7
232684 0 18
234220 0 18
235736 0 24
237169 0 26
238562 0 6
240119 0 15
241614 0 24
243027 0 23
244481 0 33
245955 0 1
247348 0 14
248781 0 23
250276 0 23
251792 0 34
253246 0 4
254618 0 18
256031 0 20
257629 0 22
259144 0 15
260619 0 16
261991 0 23
263424 0 31
265001 0 5
266496 0 24
267950 0 21
269445 0 20
270961 0 15
272517 0 36
274033 0 9
275507 0 21
276982 0 17
278415 0 32
279890 0 3
281426 0 22
282900 0 13
284334 0 20
285829 0 34
287242 0 12
288717 0 13
290171 0 13
291604 0 21
293181 0 18
294635 0 13
296171 0 19
297707 0 35
299223 0 1
300718 0 21
302172 0 17
303605 0 17
305100 0 13
306493 0 20
308070 0 13
309463 0 19
311019 0 34
312412 0 9
313989 0 23
315443 0 18
316958 0 28
318453 0 12
319948 0 15
321361 0 18
322918 0 21
324454 0 13
325990 0 18
327423 0 35
328857 0 5
330372 0 21
331929 0 26
333342 0 8
334775 0 19
336270 0 13
337704 0 18
339179 0 19
340612 0 34
342087 0 12
343500 0 23
345036 0 17
346449 0 14
347882 0 17
349377 0 24
350913 0 29
352408 0 4
353780 0 14
355194 0 36
356627 0 4
358040 0 18
359474 0 15
361010 0 22
362443 0 14
363877 0 22
365351 0 20
366785 0 28
368301 0 7
369775 0 16
371270 0 13
372765 0 20
374322 0 24
375776 0 24
377291 0 22
378786 0 34
380302 0 10
381756 0 23
383271 0 26
384787 0 4
386261 0 21
387818 0 24
389210 0 15
390664 0 21
392221 0 20
393654 0 15
395088 0 35
396624 0 2
398037 0 19
399573 0 35
401088 0 8
402645 0 22
404181 0 18
405635 0 21
407150 0 21
408645 0 20
410222 0 32
411738 0 1
413192 0 24
414728 0 19
416182 0 20
417636 0 24
419049 0 35
420483 0 5
421875 0 21
423329 0 17
424845 0 19
426278 0 21
427835 0 26
429350 0 7
430825 0 13
432381 0 21
433835 0 31
435289 0 3
436682 0 14
438218 0 22
439713 0 33
441229 0 3
442662 0 16
444075 0 18
445611 0 13
447004 0 28
448499 0 1
449891 0 15
451304 0 17
452779 0 15
454213 0 26
455605 0 9
457039 0 24
458513 0 17
460008 0 36
461565 0 7
463142 0 15
464596 0 36
466091 0 7
467606 0 13
469019 0 13
470535 0 23
472050 0 26
473463 0 1
474958 0 21
476515 0 23
477969 0 17
479362 0 13
480857 0 35
482331 0 11
483785 0 19
485280 0 18
486796 0 13
488188 0 20
489704 0 20
491219 0 19
492632 0 33
494107 0 7
495684 0 18
497220 0 25
498633 0 3
500169 0 14
501602 0 15
503138 0 19
504695 0 15
506108 0 13
507623 0 17
509119 0 26
510613 0 8
512170 0 14
513706 0 25
515160 0 1
516675 0 22
518211 0 33
519645 0 3
521120 0 22
522696 0 15
524191 0 23
525646 0 23
527182 0 35
528738 0 4
530192 0 17
531728 0 16
533141 0 14
534657 0 31
536213 0 6
537626 0 24
539162 0 13
540678 0 28
542214 0 3
543729 0 18
545183 0 27
546617 0 1
548112 0 17
549668 0 34
551102 0 2
552515 0 16
553907 0 17
555423 0 18
557000 0 32
558454 0 5
559908 0 17
561362 0 19
562939 0 15
564393 0 26
565765 0 3
567158 0 22
568714 0 29
570148 0 5
571643 0 24
573158 0 14
574551 0 23
576066 0 21
577541 0 13
579056 0 33
580510 0 3
581924 0 22
583357 0 31
584873 0 2
586388 0 22
587924 0 18
589460 0 13
590955 0 29
592348 0 11
593781 0 22
595276 0 13
596689 0 16
598143 0 21
599577 0 16
601052 0 19
602567 0 14
604021 0 34
605393 0 7
606929 0 24
608486 0 14
609878 0 21
611394 0 24
612868 0 20
614302 0 28
615735 0 9
617169 0 21
618705 0 35
620220 0 11
621675 0 21
623129 0 19
624603 0 31
626078 0 9
627532 0 13
629027 0 24
630501 0 24
631914 0 21
633471 0 22
634925 0 32
636358 0 12
637772 0 16
639144 0 17
640680 0 24
642154 0 24
643588 0 32
645062 0 3
646598 0 22
648093 0 25
649527 0 11
650960 0 21
652455 0 14
653930 0 27
655404 0 5
656797 0 17
658272 0 17
659746 0 24
661241 0 34
662777 0 12
664170 0 13
665603 0 14
667016 0 21
668573 0 16
670027 0 31
671461 0 7
672894 0 20
674328 0 22
675843 0 23
677359 0 17
678895 0 35
680410 0 12
681803 0 23
683257 0 21
684772 0 30
686165 0 10
687742 0 19
689196 0 34
690589 0 12
692104 0 24
693599 0 36
695074 0 12
696569 0 16
698084 0 26
699518 0 11
700992 0 20
702549 0 13
704044 0 20
705621 0 16
707116 0 32
708590 0 5
710085 0 23
711621 0 18
713075 0 20
714611 0 22
716086 0 32
717540 0 2
719076 0 17
720612 0 24
722127 0 22
723704 0 23
725158 0 28
726592 0 9
728128 0 19
729623 0 22
731159 0 21
732633 0 30
734087 0 8
735582 0 13
736975 0 34
738429 0 6
739863 0 15
741399 0 21
742914 0 18
744491 0 14
745986 0 17
747460 0 29
748976 0 2
750471 0 20
752048 0 24
753563 0 24
755038 0 23
756533 0 25
758028 0 7
759564 0 14
761059 0 16
762513 0 13
764008 0 29
765442 0 6
766978 0 21
768493 0 22
770029 0 18
771585 0 27
773101 0 7
774596 0 24
776050 0 26
777484 0 7
778917 0 22
780330 0 33
781784 0 2
783300 0 23
784795 0 13
786269 0 24
787723 0 19
789177 0 29
790652 0 9
792229 0 16
793724 0 13
795260 0 23
796755 0 14
798229 0 18
799684 0 32
801179 0 9
802694 0 15
804087 0 21
805664 0 36
807159 0 11
808654 0 22
810087 0 24
811603 0 13
813057 0 28
814490 0 6
815965 0 18
817398 0 22
818914 0 20
820388 0 23
821802 0 30
823256 0 6
824730 0 19
826287 0 30
827638 0 7
829092 0 19
830546 0 13
832082 0 17
833639 0 15
835113 0 24
836567 0 28
838083 0 1
839516 0 15
840970 0 34
842425 0 8
843858 0 19
845271 0 22
846828 0 24
848241 0 21
849715 0 31
851190 0 7
852726 0 22
854282 0 18
855716 0 36
857252 0 4
858726 0 14
860201 0 30
861573 0 9
863068 0 14
864563 0 23
865997 0 28
867451 0 2
868946 0 22
870420 0 23
871956 0 23
873349 0 21
874885 0 24
876400 0 26
877772 0 10
879247 0 21
880721 0 18
882175 0 23
883630 0 13
885165 0 20
886681 0 13
888135 0 25
889548 0 12
891064 0 14
892456 0 28
893910 0 8
895467 0 17
896962 0 31
898518 0 10
900054 0 22
901529 0 34
903044 0 3
904560 0 22
906055 0 25
907488 0 8
909045 0 19
910581 0 16
912076 0 14
913550 0 16
914963 0 27
916376 0 8
917912 0 13
919448 0 22
920984 0 15
922541 0 22
923974 0 32
925367 0 8
926944 0 19
928418 0 26
929893 0 2
931327 0 16
932719 0 31
934235 0 10
935812 0 14
937266 0 23
938720 0 13
940256 0 13
941730 0 32
943143 0 9
944577 0 21
946113 0 17
947567 0 29
949021 0 11
950434 0 20
951950 0 17
953424 0 14
954817 0 22
956373 0 35
957889 0 3
959281 0 19
960858 0 32
962374 0 4
963889 0 23
965425 0 29
966879 0 2
968313 0 18
1170578 0 101
1171970 0 101
1173363 0 101
1174755 0 101
1176169 0 101
1177602 0 101
1179015 0 101
1180531 0 101
1181923 0 101
1183377 0 101
1184811 0 102
1186326 0 102
1187740 0 103
1189214 0 101
1190689 0 102
1192102 0 103
1193597 0 101
1195010 0 102
1196423 0 102
1197938 0 102
1199393 0 103
1200826 0 101
1202362 0 102
1203755 0 103
1205229 0 101
1206622 0 102
1208158 0 103
1209714 0 101
1211230 0 102
1212643 0 103
1214097 0 101
1215530 0 102
1216984 0 102
1218500 0 102
1219893 0 103
1221408 0 101
1222842 0 102
1224255 0 102
1225688 0 102
1227142 0 103
1228678 0 101
1230091 0 102
1231545 0 102
1233102 0 102
1234638 0 103
1236133 0 101
1237567 0 102
1238959 0 102
1240393 0 102
1241908 0 102
1243321 0 102
1244734 0 102
1246250 0 103
1247704 0 101
1249158 0 102
1250551 0 103
1252107 0 101
1253500 0 102
1255036 0 102
1256490 0 102
1257964 0 102
1259398 0 102
1260790 0 103
1262326 0 101
1263821 0 102
1265296 0 102
1266811 0 102
1268306 0 102
1269781 0 103
1271337 0 101
1272730 0 102
1274246 0 102
1275679 0 102
1277113 0 103
1278628 0 101
1280164 0 102
1281557 0 102
1283011 0 102
1284444 0 102
1285939 0 103
1287455 0 101
1288909 0 102
1290363 0 102
1291838 0 102
1293271 0 102
1294746 0 103
1296159 0 101
1297613 0 102
1299005 0 103
1300419 0 101
1301893 0 102
1303429 0 103
1304924 0 101
1306337 0 102
1307750 0 103
1309184 0 101
1310679 0 102
1312112 0 102
1313648 0 103
1315143 0 101
1316659 0 102
1318113 0 102
1319546 0 102
1320960 0 102
1322373 0 102
1323868 0 102
1325404 0 103
1326817 0 101
1328353 0 102
1329786 0 102
1331302 0 103
1332735 0 101
1334271 0 102
1335746 0 103
1337159 0 101
1338654 0 102
1340149 0 103
1341644 0 101
1343159 0 102
1344593 0 102
1346006 0 103
1347440 0 101
1348976 0 102
1350450 0 102
1351904 0 102
1353420 0 103
1354915 0 101
1356328 0 102
1357843 0 103
1359338 0 101
1360731 0 102
1362185 0 103
1363742 0 101
1365196 0 102
1366629 0 103
1368145 0 101
1369660 0 102
1371135 0 102
1372527 0 102
1374043 0 102
1375456 0 103
1376930 0 101
1378487 0 102
1379961 0 102
1381497 0 102
1382972 0 102
1384467 0 102
1385941 0 103
1387518 0 101
1389054 0 102
1390611 0 102
1392003 0 102
1393416 0 102
1394952 0 103
1396386 0 101
1397922 0 102
1399335 0 103
1400912 0 101
1402305 0 102
1403738 0 102
1405274 0 102
1406708 0 102
1408162 0 102
1409595 0 103
1411172 0 101
1412585 0 102
1413978 0 103
1415391 0 101
1416866 0 102
1418340 0 102
1419876 0 102
1421371 0 102
1422887 0 102
1424320 0 102
1425733 0 102
1427187 0 103
1428682 0 101
1430198 0 102
1431631 0 103
1433086 0 101
1434560 0 102
1436117 0 103
1437632 0 101
1439025 0 102
1440540 0 102
1441953 0 103
1443428 0 101
1444923 0 102
1446397 0 102
1447831 0 102
1449346 0 103
1450821 0 101
1452275 0 102
1453668 0 102
1455224 0 102
1456658 0 103
1458132 0 101
1459566 0 102
1460979 0 102
1462515 0 102
1463928 0 102
1465341 0 102
1466734 0 102
1468270 0 103
1469744 0 101
1471157 0 102
1472550 0 102
1474086 0 103
1475581 0 101
1477014 0 102
1478550 0 102
1479963 0 102
1481479 0 102
1482933 0 102
1484387 0 102
1485903 0 103
1487316 0 101
1488749 0 102
1490162 0 102
1491575 0 103
1493152 0 101
1494606 0 102
1496040 0 102
1497576 0 102
1499071 0 103
1500484 0 101
1501897 0 102
1503351 0 103
1504867 0 101
1506341 0 102
1507836 0 102
1509270 0 102
1510826 0 102
1512321 0 102
1513837 0 103
1515250 0 101
1516786 0 102
1518322 0 102
1519735 0 102
1521271 0 102
1522664 0 103
1524158 0 101
1525694 0 102
1527128 0 102
1528582 0 103
1530098 0 101
1531613 0 102
1533067 0 102
1534624 0 102
1536119 0 103
1537634 0 101
1539150 0 102
1540604 0 102
1542099 0 102
1543553 0 102
1544966 0 102
1546420 0 102
1547894 0 103
1549307 0 101
1550844 0 102
1552318 0 102
1553711 0 102
1555185 0 102
1556660 0 103
1558155 0 101
1559568 0 102
1561083 0 102
1562537 0 102
1563930 0 103
1565363 0 101
1566777 0 102
1568251 0 102
1569644 0 102
1571159 0 102
1572695 0 103
1574108 0 101
1575583 0 102
1577057 0 102
1578573 0 102
1580006 0 102
1581440 0 102
1582874 0 103
1584430 0 101
1585966 0 102
1587481 0 103
1588895 0 101
1590451 0 102
1591885 0 102
1593359 0 103
1594916 0 101
1596411 0 102
1597926 0 102
1599339 0 102
1600732 0 103
1602165 0 101
1603558 0 102
1604971 0 102
1606446 0 102
1607941 0 103
1609456 0 101
1610972 0 102
1612467 0 102
1614003 0 102
1615518 0 102
1616993 0 102
1618488 0 103
1619942 0 101
1621437 0 102
1622932 0 102
1624406 0 102
1625860 0 102
1627294 0 102
1628768 0 103
1630284 0 101
1631718 0 102
1633253 0 102
1634748 0 102
1636284 0 103
1637739 0 101
1639274 0 102
1640749 0 103
1642224 0 101
1643637 0 102
1645029 0 102
1646504 0 102
1647896 0 102
1649391 0 102
1650907 0 102
1652443 0 102
1653917 0 103
1655351 0 101
1656907 0 102
1658382 0 102
1659795 0 102
1661188 0 102
1662683 0 102
1664198 0 103
1665775 0 101
1667209 0 102
1668663 0 102
1670076 0 102
1671530 0 102
1673066 0 102
1674540 0 102
1676076 0 103
1677592 0 101
1679128 0 102
1680582 0 102
1682015 0 102
1683572 0 102
1684965 0 102
1686480 0 102
1687893 0 102
1689429 0 103
1690924 0 101
1692317 0 102
1693709 0 103
1695163 0 101
1696556 0 102
1698010 0 103
1699423 0 101
1700959 0 102
1702393 0 103
1703929 0 101
1705424 0 102
1706878 0 102
1708291 0 102
1709806 0 102
1711342 0 102
1712858 0 103
1714332 0 101
1715827 0 102
1717363 0 102
1718797 0 102
1720251 0 102
1721766 0 102
1723241 0 102
1724756 0 103
1726211 0 101
1727685 0 102
1729078 0 103
1730511 0 101
1732006 0 102
1733522 0 103
1734976 0 101
1736512 0 102
1737925 0 102
1739358 0 103
1740894 0 101
1742410 0 102
1743803 0 102
1745195 0 103
1746629 0 101
1748021 0 102
1749557 0 103
1751093 0 101
1752650 0 102
1754165 0 102
1755599 0 102
1757135 0 103
1758691 0 101
1760227 0 102
1761743 0 102
1763156 0 103
1764651 0 101
1766146 0 102
1767600 0 102
1769136 0 103
1770692 0 101
1772187 0 102
1773744 0 102
1775239 0 102
1776693 0 102
1778126 0 103
1779642 0 101
1781096 0 102
1782611 0 102
1784086 0 102
1785581 0 103
1787015 0 101
1788489 0 102
1790005 0 102
1791418 0 102
1792892 0 102
1794387 0 103
1795862 0 101
1797295 0 102
1798708 0 102
1800122 0 103
1801535 0 101
1802948 0 102
1804443 0 103
1805999 0 101
1807412 0 102
1808928 0 102
1810443 0 102
1811918 0 103
1813474 0 101
1814867 0 102
1816362 0 102
1817775 0 102
1819249 0 102
1820663 0 103
1822117 0 101
1823591 0 102
1825066 0 103
1826581 0 101
1828097 0 102
1829571 0 103
1831087 0 101
1832541 0 102
1833933 0 102
1835490 0 102
1836964 0 102
1838439 0 102
1839934 0 103
1841429 0 101
1842944 0 102
1844337 0 102
1845771 0 103
1847307 0 101
1848740 0 102
1850133 0 103
1851669 0 101
1853164 0 102
1854597 0 103
1856072 0 101
1857526 0 102
1859041 0 103
1860577 0 101
1862113 0 102
1863567 0 102
1865001 0 102
1866516 0 102
1867909 0 102
1869425 0 103
1870858 0 101
1872271 0 102
1873766 0 102
1875282 0 102
1876736 0 102
1878251 0 103
1879808 0 101
1881262 0 102
1882777 0 103
1884272 0 101
1885706 0 102
1887221 0 102
1888675 0 102
1890191 0 102
1891625 0 103
1893160 0 101
1894656 0 102
1896151 0 102
1897564 0 102
1898997 0 103
1900431 0 101
1901823 0 102
1903277 0 102
1904670 0 102
1906104 0 102
1907496 0 102
1909012 0 102
1910466 0 103
1911899 0 101
1913435 0 102
1914889 0 102
1916425 0 102
1917818 0 102
1919231 0 103
1920644 0 101
1922098 0 102
1923532 0 103
1925088 0 101
1926563 0 102
1928037 0 102
1929471 0 103
1931007 0 101
1932563 0 102
1934038 0 102
1935451 0 102
1936844 0 103
1938298 0 101
1939772 0 102
1941206 0 102
1942721 0 103
1944155 0 101
1945588 0 102
1947063 0 102
1948578 0 102
1949971 0 103
1951527 0 101
1952981 0 102
1954497 0 102
1955931 0 102
1957344 0 102
1958757 0 102
1960231 0 102
1961624 0 102
1963078 0 103
1964634 0 101
1966109 0 102
1967645 0 102
1969058 0 102
1970574 0 102
1972007 0 103
1973482 0 101
1974956 0 102
1976369 0 102
1977823 0 102
1979277 0 103
1980813 0 101
1982349 0 102
1983824 0 102
1985278 0 102
1986732 0 102
1988227 0 103
1989763 0 101
1991196 0 102
1992671 0 102
1994105 0 102
1995518 0 102
1996992 0 103
1998446 0 101
1999880 0 102
2001272 0 102
2002706 0 102
2004181 0 102
2005635 0 102
2007191 0 102
2008686 0 102
2010099 0 103
2011533 0 101
2013048 0 102
2014461 0 102
2015854 0 102
2017247 0 102
2018660 0 103
2020216 0 101
2021711 0 102
2023227 0 102
2024681 0 102
2026073 0 102
2027486 0 103
2028961 0 101
2030354 0 102
2031808 0 103
2033344 0 101
2034757 0 102
2036190 0 102
2037624 0 102
2039098 0 102
2040634 0 102
2042088 0 102
2043604 0 103
2045160 0 101
2046594 0 102
2048109 0 102
2049625 0 103
2051120 0 101
2052513 0 102
2053905 0 103
2055339 0 101
2056752 0 102
2058185 0 103
2059619 0 101
2061053 0 102
2062568 0 102
2064084 0 102
2065517 0 102
2242389 0 37
2243823 0 46
2245400 0 47
2246895 0 38
2248369 0 41
2249926 0 38
2251441 0 43
2252936 0 42
2254493 0 43
2256049 0 40
2257503 0 53
2258937 0 50
2260432 0 66
2261845 0 48
2263319 0 49
2264773 0 57
2266227 0 57
2267661 0 58
2269135 0 56
2270671 0 69
2272228 0 39
2273641 0 49
2275115 0 61
2276672 0 41
2278126 0 54
2279580 0 51
2281096 0 55
2282509 0 67
2284045 0 46
2285601 0 54
2287096 0 54
2288653 0 49
2290086 0 50
2291561 0 69
2292994 0 46
2294510 0 50
2296046 0 53
2297561 0 57
2299118 0 57
2300531 0 50
2302067 0 71
2303541 0 39
2304975 0 52
2306490 0 72
2308006 0 38
2309439 0 58
2311016 0 66
2312573 0 40
2314088 0 54
2315501 0 49
2316976 0 51
2318512 0 59
2319945 0 56
2321358 0 60
2322813 0 71
2324246 0 37
2325680 0 55
2327195 0 54
2328752 0 62
2330267 0 39
2331762 0 60
2333216 0 68
2334732 0 45
2336145 0 58
2337599 0 52
2339032 0 72
2340527 0 39
2341981 0 59
2343477 0 59
2344931 0 58
2346405 0 66
2347859 0 47
2349334 0 56
2350890 0 61
2352303 0 43
2353737 0 59
2355150 0 61
2356665 0 42
2358222 0 59
2359696 0 63
2361232 0 46
2362748 0 58
2364325 0 59
2365738 0 69
2367315 0 44
2368728 0 55
2370141 0 59
2371575 0 57
2373111 0 54
2374524 0 61
2376039 0 41
2377493 0 57
2379029 0 53
2380586 0 53
2382142 0 52
2383555 0 56
2384968 0 65
2386381 0 45
2387856 0 49
2389248 0 49
2390723 0 52
2392136 0 60
2393570 0 49
2394983 0 70
2396396 0 41
2397829 0 54
2399324 0 59
2400881 0 57
2402314 0 51
2403748 0 52
2405305 0 65
2406800 0 46
2408315 0 50
2409728 0 66
2411121 0 40
2412657 0 60
2414193 0 57
2415729 0 51
2417285 0 60
2418739 0 57
2420173 0 51
2421586 0 54
2422999 0 70
2424412 0 47
2425887 0 56
2427320 0 55
2428856 0 62
2430331 0 40
2431805 0 52
2433218 0 67
2434652 0 44
2436147 0 56
2437642 0 58
2439178 0 51
2440693 0 60
2442168 0 54
2443622 0 66
2445055 0 48
2446530 0 56
2448066 0 69
2449500 0 44
2450954 0 60
2452367 0 62
2453780 0 43
2455193 0 51
2456708 0 60
2458142 0 54
2459657 0 58
2461214 0 56
2462729 0 66
2464163 0 45
2465699 0 60
2467214 0 50
2468750 0 70
2470164 0 43
2471679 0 60
2473235 0 52
2474792 0 49
2476205 0 71
2477720 0 44
2479154 0 50
2480588 0 50
2482083 0 65
2483619 0 41
2485032 0 53
2486445 0 56
2487919 0 52
2489414 0 52
2490971 0 54
2492486 0 69
2494022 0 47
2495517 0 58
2497074 0 72
2498507 0 43
2499982 0 56
2501538 0 65
2503013 0 38
2504426 0 53
2505900 0 55
2507457 0 52
2508952 0 53
2510467 0 55
2511983 0 49
2513478 0 64
2515014 0 42
2516447 0 49
2517902 0 52
2519376 0 59
2520830 0 54
2522346 0 53
2523820 0 61
2525233 0 40
2526790 0 50
2528203 0 68
2529698 0 37
2531213 0 49
2532749 0 52
2534183 0 54
2535637 0 63
2537132 0 37
2538586 0 51
2539979 0 59
2541433 0 53
2542887 0 49
2544300 0 67
2545692 0 44
2547249 0 56
2548744 0 67
2550239 0 37
2551693 0 60
2553126 0 49
2554540 0 59
2555994 0 71
2557386 0 42
2558840 0 58
2560417 0 60
2561810 0 58
2563346 0 50
2564800 0 52
2566295 0 63
2567728 0 45
2569162 0 56
2570678 0 52
2572214 0 51
2573729 0 50
2575224 0 54
2576719 0 52
2578235 0 66
2579668 0 40
2581245 0 53
2582720 0 51
2584174 0 67
2585607 0 47
2587143 0 57
2588700 0 65
2590154 0 48
2591649 0 54
2593103 0 51
2594618 0 56
2596154 0 55
2597690 0 70
2599206 0 40
2600742 0 56
2602298 0 52
2603834 0 50
2605288 0 53
2606722 0 55
2608217 0 69
2609691 0 39
2611104 0 49
2612599 0 67
2614156 0 38
2615610 0 58
2617166 0 64
2618600 0 46
2620136 0 53
2621672 0 62
2623208 0 39
2624641 0 60
2626095 0 69
2627529 0 39
2629045 0 55
2630519 0 49
2632075 0 56
2633632 0 71
2635045 0 41
2636602 0 53
2638158 0 64
2639632 0 47
2641087 0 57
2642520 0 58
2644056 0 52
2645510 0 72
2646944 0 43
2648398 0 59
2649893 0 54
2651326 0 55
2652780 0 54
2654337 0 52
2655791 0 60
2657224 0 63
2658760 0 45
2660255 0 52
2661791 0 55
2663286 0 54
2664843 0 62
2666317 0 47
2667874 0 53
2669287 0 52
2670782 0 49
2672297 0 49
2673833 0 49
2675369 0 50
2676844 0 62
2678298 0 48
2679691 0 60
2681145 0 67
2682578 0 47
2684094 0 52
2685548 0 51
2687002 0 56
2688538 0 60
2689971 0 49
2691425 0 52
2692941 0 63
2694375 0 47
2695931 0 60
2697324 0 53
2698839 0 55
2700273 0 72
2701747 0 38
2703263 0 52
2704778 0 67
2706191 0 42
2707604 0 56
2709099 0 54
2710635 0 56
2712151 0 56
2713625 0 52
2715141 0 52
2716636 0 62
2718151 0 39
2719708 0 55
2721203 0 56
2722759 0 58
2724316 0 56
2725729 0 71
2727203 0 39
2728719 0 51
2730173 0 57
2731729 0 60
2733245 0 52
2734719 0 61
2736194 0 43
2737689 0 53
2739245 0 49
2740658 0 53
2742072 0 50
2743485 0 54
2744898 0 67
2746454 0 46
2748011 0 49
2749485 0 53
2751042 0 53
2752537 0 68
2754073 0 39
2755486 0 59
2757022 0 60
2758517 0 56
2759950 0 69
2761466 0 44
2762940 0 55
2764435 0 54
2765848 0 64
2767384 0 43
2768920 0 58
2770497 0 55
2771910 0 50
2773303 0 56
2774859 0 67
2776293 0 41
2777727 0 55
2779160 0 67
2780614 0 41
2782150 0 57
2783666 0 66
2785222 0 41
2786717 0 59
2788274 0 49
2789789 0 61
2791243 0 47
2792779 0 58
2794274 0 63
2795769 0 44
2797305 0 52
2798759 0 72
2800254 0 37
2801688 0 55
2803142 0 66
2804575 0 37
2806070 0 57
2807586 0 51
2809101 0 65
2810535 0 48
2811948 0 49
2813341 0 51
2814754 0 63
2816208 0 37
2817682 0 55
2819157 0 58
2820652 0 53
2822106 0 55
2823642 0 70
2825055 0 39
2826591 0 50
2828045 0 49
2829520 0 53
2831076 0 49
2832571 0 52
2833984 0 69
2835479 0 41
2837015 0 56
2838490 0 67
2839964 0 43
2841459 0 53
2842872 0 58
2844367 0 50
2845862 0 66
2847398 0 43
2848914 0 55
2850409 0 55
2851863 0 58
2853440 0 56
2854894 0 63
2856307 0 39
2857700 0 58
2859195 0 50
2860608 0 58
2862164 0 51
2863721 0 65
2865277 0 47
2866711 0 53
2868124 0 56
2869680 0 50
2871155 0 51
2872629 0 51
2874083 0 69
2875640 0 46
2877135 0 55
2878630 0 55
2880166 0 52
2881599 0 50
2883053 0 63
2884466 0 45
2885900 0 50
2887395 0 50
2888849 0 67
2890344 0 44
2891778 0 49
2893170 0 51
2894665 0 59
2896201 0 49
2897614 0 57
2899150 0 49
2900686 0 63
2902161 0 46
2903738 0 51
2905151 0 62
2906625 0 45
2908079 0 54
2909636 0 58
2911192 0 53
2912728 0 60
2914285 0 62
2915677 0 37
2917193 0 55
2918708 0 62
2920265 0 48
2921801 0 56
2923255 0 54
2924770 0 58
2926347 0 52
2927842 0 52
2929337 0 61
2930750 0 41
2932307 0 53
2933720 0 63
2935256 0 48
2936710 0 51
2938164 0 56
2939680 0 57
2941134 0 71
2942629 0 46
2944165 0 51
2945701 0 50
2947093 0 57
2948588 0 57
2950001 0 63
2951558 0 48
2953114 0 57
2954691 0 64
2956166 0 46
2957599 0 49
2959115 0 50
2960651 0 60
2962064 0 63
2963579 0 40
2964992 0 52
2966508 0 59
2968044 0 50
2969539 0 59
2971034 0 56
2972426 0 60
2973860 0 64
2975314 0 48
2976768 0 59
2978304 0 70
2979799 0 40
2981356 0 54
2982748 0 56
2984305 0 50
2985697 0 67
2987151 0 39
2988708 0 53
2990182 0 49
2991616 0 56
2993152 0 52
2994667 0 69
2996162 0 45
2997719 0 49
2999173 0 58
3000688 0 49
3002081 0 60
3003617 0 67
3005030 0 40
3006525 0 57
3008041 0 67
3009433 0 42
3010826 0 52
3012362 0 49
3013877 0 49
3015270 0 55
3016826 0 54
3018239 0 64
3019755 0 46
3021291 0 53
3022806 0 57
3024322 0 54
3025735 0 55
3027169 0 63
3028705 0 47
3030179 0 54
3031572 0 51
3033005 0 54
3034439 0 65
3035913 0 41
3037449 0 50
3038883 0 62
3040316 0 43
3041852 0 58
3043368 0 55
3044863 0 51
3046337 0 57
3047751 0 59
3049287 0 55
3050741 0 62
3052277 0 37
3053751 0 55
3055308 0 54
3056721 0 51
3058277 0 57
3059834 0 71
3061349 0 46
3062783 0 53
3064319 0 56
3065814 0 66
3067268 0 37
3068824 0 50
3070258 0 71
3071712 0 39
3073268 0 56
3074784 0 60
3076320 0 53
3077835 0 56
3079351 0 52
3080805 0 61
3082300 0 42
3083692 0 51
3085126 0 58
3086621 0 68
3088116 0 37
3089652 0 54
3091167 0 68
3092601 0 43
3094116 0 58
3095612 0 67
3097004 0 37
3098540 0 51
3099994 0 52
3101551 0 52
3103087 0 50
3104623 0 51
3106056 0 65
3107510 0 48
3109026 0 51
3110500 0 56
3111995 0 54
3113470 0 55
3115026 0 57
3116521 0 52
3118078 0 61
3119511 0 37
3121027 0 58
3122481 0 49
3123996 0 60
3125409 0 56
3126966 0 66
3128481 0 37
3129874 0 60
3131348 0 64
3132741 0 40
3134236 0 51
3135629 0 57
3137062 0 50
3138557 0 51
3140093 0 58
3141547 0 62
3143001 0 42
3144537 0 60
3146032 0 60
3164029 0 104
3165442 0 104
3166855 0 104
3168350 0 104
3169845 0 104
3171299 0 104
3172794 0 104
3174330 0 104
3175845 0 104
3177340 0 104
3178897 0 105
3180289 0 105
3181764 0 105
3183279 0 106
3184836 0 104
3186331 0 105
3187785 0 105
3189321 0 105
3190795 0 106
3192311 0 104
3193704 0 105
3195137 0 105
3196694 0 106
3198168 0 104
3199561 0 105
3201097 0 105
3202592 0 105
3204087 0 105
3205479 0 105
3206892 0 106
3208326 0 104
3209739 0 105
3211234 0 106
3212668 0 104
3214163 0 105
3215678 0 105
3217091 0 106
3218648 0 104
3220143 0 105
3221597 0 106
3223112 0 104
3224628 0 105
3226143 0 106
3227659 0 104
3229195 0 105
3230731 0 105
3232164 0 105
3233700 0 105
3235236 0 106
3236649 0 104
3238103 0 105
3239639 0 105
3241134 0 105
3242588 0 105
3244083 0 105
3245558 0 105
3246951 0 105
3248364 0 106
3249900 0 104
3251354 0 105
3252787 0 106
3254221 0 104
3255634 0 105
3257047 0 105
3258522 0 105
3259976 0 105
3261430 0 105
3262863 0 106
3264379 0 104
3265833 0 105
3267348 0 106
3268843 0 104
3270338 0 105
3271874 0 105
3273410 0 105
3274844 0 105
3276277 0 105
3277732 0 106
3279206 0 104
3280640 0 105
3282094 0 105
3283548 0 105
3285043 0 105
3286497 0 105
3287889 0 106
3289343 0 104
3290900 0 105
3292374 0 105
3293788 0 105
3295221 0 105
3296696 0 106
3298191 0 104
3299583 0 105
3300996 0 105
3302491 0 106
3303986 0 104
3305379 0 105
3306874 0 105
3308328 0 105
3309803 0 105
3311339 0 105
3312813 0 106
3314226 0 104
3315639 0 105
3317175 0 105
3318711 0 105
3320186 0 105
3321599 0 106
3323032 0 104
3324466 0 105
3326022 0 106
3327497 0 104
3328910 0 105
3330426 0 105
3331941 0 106
3333498 0 104
3335054 0 105
3336488 0 105
3337880 0 105
3339396 0 106
3340891 0 104
3342304 0 105
3343840 0 106
3345314 0 104
3346748 0 105
3348202 0 105
3349676 0 105
3351130 0 105
3352605 0 105
3354162 0 106
3355575 0 104
3357070 0 105
3358606 0 105
3360039 0 105
3361534 0 105
3362947 0 106
3364504 0 104
3365937 0 105
3367412 0 105
3368825 0 105
3370279 0 105
3371754 0 105
3373249 0 106
3374784 0 104
3376198 0 105
3377672 0 106
3379126 0 104
3380601 0 105
3382034 0 105
3383570 0 105
3385106 0 105
3386499 0 105
3388055 0 105
3389550 0 105
3391086 0 106
3392561 0 104
3394035 0 105
3395530 0 105
3397087 0 105
3398500 0 105
3400015 0 105
3401469 0 106
3402985 0 104
3404459 0 105
3405873 0 105
3407388 0 106
3408904 0 104
3410317 0 105
3411771 0 105
3413225 0 106
3414762 0 104
3416175 0 105
3417630 0 105
3419104 0 105
3420620 0 106
3422073 0 104
3423588 0 105
3425002 0 106
3426414 0 104
3427868 0 105
3429322 0 106
3430797 0 104
3432334 0 105
3433828 0 106
3435345 0 104
3436737 0 105
3438252 0 105
3439666 0 106
3441201 0 104
3442654 0 105
3444067 0 105
3445482 0 105
3446996 0 105
3448410 0 106
3449966 0 104
3451502 0 105
3453017 0 105
3454493 0 105
3455905 0 105
3457338 0 105
3458773 0 106
3460267 0 104
3461804 0 105
3463237 0 106
3464712 0 104
3466207 0 105
3467620 0 105
3469115 0 105
3470589 0 106
3472146 0 104
3473641 0 105
3475135 0 106
3476610 0 104
3478126 0 105
3479662 0 106
3481198 0 104
3482652 0 105
3484106 0 106
3485621 0 104
3487035 0 105
3488590 0 105
3490003 0 105
3491560 0 105
3493036 0 105
3494427 0 105
3495923 0 106
3497356 0 104
3498789 0 105
3500224 0 106
3501698 0 104
3503132 0 105
3504668 0 106
3506183 0 104
3507698 0 105
3509255 0 105
3510811 0 105
3512244 0 106
3513801 0 104
3515235 0 105
3516730 0 106
3518245 0 104
3519719 0 105
3521214 0 105
3522751 0 105
3524266 0 105
3525679 0 106
3527114 0 104
3528568 0 105
3530000 0 105
3531434 0 106
3532888 0 104
3534425 0 105
3535960 0 105
3537517 0 105
3538991 0 105
3540405 0 105
3541858 0 106
3543374 0 104
3544868 0 105
3546282 0 106
3547695 0 104
3549128 0 105
3550562 0 105
3552118 0 106
3553675 0 104
3555211 0 105
3556624 0 106
3558099 0 104
3559573 0 105
3561068 0 105
3562584 0 105
3564079 0 106
3565574 0 104
3567007 0 105
3568543 0 106
3570038 0 104
3571472 0 105
3572947 0 105
3574420 0 105
3575875 0 105
3577329 0 105
3578763 0 105
3580298 0 106
3581753 0 104
3583187 0 105
3584662 0 105
3586177 0 105
3587733 0 105
3589289 0 105
3590805 0 106
3592198 0 104
3593713 0 105
3595269 0 105
3596784 0 105
3598300 0 105
3599774 0 105
3601249 0 106
3602786 0 104
3604240 0 105
3605754 0 105
3607291 0 105
3608826 0 106
3610261 0 104
3611755 0 105
3613230 0 105
3614623 0 106
3616158 0 104
3617695 0 105
3619251 0 105
3620767 0 105
3622262 0 105
3623674 0 105
3625170 0 106
3626644 0 104
3628098 0 105
3629593 0 105
3631026 0 105
3632583 0 105
3634057 0 105
3635553 0 106
3636986 0 104
3638419 0 105
3639833 0 105
3641368 0 105
3642864 0 105
3644359 0 106
3645772 0 104
3647328 0 105
3648783 0 106
3650257 0 104
3651711 0 105
3653206 0 105
3654599 0 106
3656094 0 104
3657630 0 105
3659166 0 105
3660579 0 105
3661991 0 105
3663487 0 106
3665003 0 104
3666518 0 105
3667971 0 105
3669468 0 106
3670963 0 104
3672416 0 105
3673951 0 106
3675365 0 104
3676819 0 105
3678272 0 106
3679768 0 104
3681264 0 105
3682656 0 105
3684151 0 105
3685544 0 106
3686976 0 104
3688534 0 105
3690049 0 105
3691523 0 106
3693080 0 104
3694576 0 105
3695968 0 105
3697463 0 105
3698979 0 105
3700493 0 105
3701886 0 106
3703299 0 104
3704795 0 105
3706249 0 105
3707722 0 105
3709176 0 106
3710632 0 104
3712024 0 105
3713518 0 106
3715055 0 104
3716611 0 105
3718086 0 106
3719601 0 104
3721076 0 105
3722571 0 105
3724065 0 105
3725499 0 105
3727035 0 106
3728469 0 104
3729902 0 105
3731376 0 105
3732913 0 105
3734388 0 105
3735800 0 105
3737296 0 106
3738832 0 104
3740346 0 105
3741842 0 105
3743256 0 105
3744647 0 106
3746122 0 104
3747597 0 105
3749132 0 105
3750606 0 105
3752041 0 106
3753433 0 104
3754949 0 105
3756382 0 106
3757898 0 104
3759373 0 105
3760847 0 105
3762384 0 105
3763816 0 105
3765312 0 106
3766725 0 104
3768241 0 105
3769796 0 105
3771230 0 105
3772766 0 105
3774302 0 106
3775858 0 104
3777333 0 105
3778808 0 105
3780303 0 105
3781715 0 105
3783231 0 105
3784686 0 105
3786160 0 106
3787594 0 104
3789089 0 105
3790583 0 105
3791996 0 105
3793390 0 105
3794843 0 106
3796297 0 104
3797813 0 105
3799370 0 105
3800802 0 105
3802277 0 106
3803813 0 104
3805370 0 105
3806762 0 106
3808196 0 104
3809651 0 105
3811146 0 105
3812579 0 105
3814032 0 106
3815588 0 104
3817105 0 105
3818538 0 105
3820013 0 105
3821405 0 106
3822942 0 104
3824395 0 105
3825788 0 105
3827262 0 106
3828799 0 104
3830335 0 105
3831769 0 105
3833181 0 105
3834594 0 105
3836049 0 105
3837461 0 105
3838915 0 105
3840410 0 106
3841885 0 104
3843299 0 105
3844772 0 105
3846268 0 105
3847824 0 105
3849381 0 106
3850813 0 104
3852248 0 105
3853763 0 105
3855298 0 106
3856855 0 104
3858248 0 105
3859783 0 105
3861197 0 105
3862651 0 105
3864086 0 105
3865621 0 106
3867115 0 104
3868631 0 105
3870107 0 105
3871580 0 105
3873095 0 105
3874550 0 106
3875963 0 104
3877377 0 105
3878830 0 106
3880304 0 104
3881759 0 105
3883234 0 105
3884769 0 105
3886162 0 106
3887636 0 104
3889050 0 105
3890525 0 106
3892020 0 104
3893474 0 105
3894927 0 105
3896422 0 106
3897857 0 104
3899269 0 105
3900662 0 106
3902137 0 104
3903632 0 105
3905023 0 106
3906499 0 104
3908055 0 105
3909549 0 105
3911025 0 105
3912416 0 106
3913912 0 104
3915345 0 105
3916861 0 106
3918356 0 104
3919810 0 105
3921264 0 105
3922800 0 106
3924357 0 104
3925810 0 105
3927326 0 105
3928780 0 105
3930274 0 106
3931688 0 104
3933224 0 105
3934760 0 105
3936215 0 105
3937750 0 105
3939246 0 105
3940781 0 105
3942255 0 105
3943772 0 106
3945286 0 104
3946761 0 105
3948235 0 105
3949690 0 105
3951144 0 105
3952537 0 106
3953990 0 104
3955506 0 105
3957001 0 105
3958496 0 105
3959950 0 105
3961465 0 105
3963022 0 105
3964578 0 106
3966135 0 104
3967691 0 105
3969207 0 105
3970701 0 105
3972258 0 106
3973753 0 104
3975167 0 105
3976723 0 105
3978218 0 106
3979692 0 104
3981127 0 105
3982641 0 106
3984137 0 104
3985651 0 105
3987147 0 105
3988683 0 105
3990076 0 105
3991529 0 106
3993024 0 104
3994438 0 105
3995932 0 105
3997407 0 105
3998963 0 105
4000458 0 106
4001974 0 104
4003531 0 105
4005066 0 105
4006561 0 105
4008117 0 105
4009511 0 105
4010925 0 105
4012358 0 105
4013832 0 106
4015245 0 104
4016679 0 105
4018133 0 105
4019649 0 105
4021184 0 105
4022638 0 106
4024072 0 104
4025506 0 105
4026918 0 105
4028352 0 106
4029909 0 104
4031322 0 105
4032734 0 106
4034291 0 104
4035827 0 105
4037343 0 105
4038838 0 105
4040271 0 105
4041704 0 106
4043118 0 104
4044571 0 105
4046027 0 105
4047521 0 105
4048955 0 106
4050429 0 104
4051986 0 105
4053501 0 105
4054997 0 106
4056491 0 104
4057924 0 105
4059420 0 105
4060853 0 105
4062307 0 105
4063822 0 105
