42784 0 9
44320 0 12
45794 0 3
47248 0 3
48723 0 9
50279 0 1
51733 0 11
53187 0 2
54642 0 7
56096 0 10
57611 0 18
59167 0 23
60663 0 32
62117 0 7
63571 0 23
64963 0 15
66438 0 16
67830 0 17
69284 0 35
70739 0 2
72152 0 24
73626 0 23
75060 0 21
76534 0 18
78050 0 36
79586 0 6
81122 0 14
82514 0 29
84009 0 2
85463 0 18
86979 0 19
88494 0 18
89989 0 13
91505 0 25
92938 0 9
94454 0 13
95867 0 35
97362 0 12
98898 0 23
100311 0 19
101827 0 18
103383 0 16
104878 0 23
106312 0 19
107745 0 20
109343 0 35
110858 0 8
112333 0 23
113787 0 15
115261 0 24
116716 0 30
118210 0 3
119685 0 20
121282 0 23
122757 0 18
124211 0 15
125603 0 29
127119 0 12
128634 0 20
130089 0 14
131584 0 15
133038 0 13
134471 0 22
135987 0 14
137441 0 35
138936 0 5
140492 0 21
141967 0 14
143359 0 23
144793 0 33
146349 0 5
147824 0 20
149401 0 18
150896 0 20
152370 0 15
153906 0 21
155422 0 33
156937 0 2
158412 0 20
159948 0 15
161381 0 19
162917 0 13
164310 0 20
165785 0 23
167259 0 16
168734 0 35
170290 0 4
171662 0 15
173198 0 13
174632 0 22
176147 0 19
177581 0 29
179055 0 11
180591 0 23
182066 0 31
183581 0 1
185076 0 15
186571 0 16
187944 0 21
189521 0 21
190975 0 30
192470 0 4
194006 0 13
195480 0 22
196914 0 15
198327 0 20
199801 0 23
201255 0 36
202771 0 3
204204 0 19
205720 0 13
207153 0 16
208669 0 16
210164 0 16
211577 0 34
213113 0 1
214547 0 13
216062 0 16
217578 0 13
219093 0 15
220609 0 14
222022 0 18
223517 0 14
224971 0 25
226548 0 7
228002 0 17
229456 0 21
231012 0 16
232507 0 28
234002 0 8
235456 0 16
236951 0 23
238365 0 36
239798 0 10
241273 0 14
242665 0 15
244099 0 28
245512 0 12
247048 0 23
248440 0 28
249874 0 9
251328 0 19
252844 0 16
254298 0 20
255854 0 14
257308 0 31
258783 0 9
260339 0 22
261916 0 13
263329 0 17
264824 0 13
266299 0 18
267753 0 30
269268 0 4
270661 0 16
272054 0 17
273487 0 14
274982 0 17
276395 0 23
277849 0 35
279406 0 8
280839 0 16
282314 0 27
283727 0 8
285181 0 13
286615 0 30
288007 0 5
289502 0 22
291079 0 36
292615 0 5
294049 0 13
295544 0 32
297039 0 4
298411 0 14
299844 0 32
301380 0 10
302793 0 19
304248 0 26
305681 0 11
307115 0 19
308528 0 27
310064 0 12
311538 0 24
312931 0 28
314364 0 9
315921 0 20
317457 0 16
318911 0 13
320447 0 14
321901 0 20
323457 0 22
325014 0 14
326550 0 25
328106 0 8
329622 0 16
331035 0 18
332530 0 20
334005 0 24
335459 0 20
336954 0 18
338387 0 32
339821 0 4
341275 0 24
342667 0 15
344183 0 33
345596 0 9
347111 0 18
348647 0 13
350142 0 24
351597 0 30
353092 0 1
354628 0 22
356082 0 28
357597 0 1
359133 0 24
360587 0 23
362144 0 22
363700 0 35
365113 0 10
366608 0 16
368083 0 27
369598 0 4
371011 0 13
372424 0 18
373919 0 30
375394 0 2
376827 0 16
378343 0 23
379879 0 18
381292 0 18
382767 0 13
384241 0 20
385818 0 28
387231 0 5
388685 0 17
390221 0 20
391737 0 14
393170 0 18
394604 0 29
396017 0 4
397532 0 21
398946 0 24
400441 0 14
401833 0 28
403226 0 5
404659 0 14
406175 0 14
407690 0 22
409165 0 15
410701 0 24
412237 0 30
413732 0 12
415145 0 22
416578 0 13
418053 0 22
419568 0 21
421023 0 17
422456 0 21
423910 0 20
425487 0 32
426982 0 5
428477 0 13
429952 0 15
431365 0 18
432778 0 13
434334 0 36
435911 0 1
437345 0 15
438881 0 16
440314 0 22
441768 0 31
443222 0 2
444677 0 20
446233 0 25
447769 0 1
449182 0 22
450698 0 24
452152 0 29
453626 0 10
455203 0 17
456596 0 28
458070 0 12
459504 0 18
461060 0 36
462596 0 8
464132 0 21
465545 0 31
467081 0 10
468535 0 22
470112 0 29
471628 0 2
473020 0 13
474454 0 35
475867 0 7
477424 0 14
478878 0 24
480414 0 30
481909 0 2
483445 0 21
484960 0 29
486414 0 6
487991 0 21
489466 0 34
490981 0 2
492476 0 17
493971 0 33
495466 0 6
496879 0 21
498436 0 18
499910 0 22
501446 0 18
502982 0 20
504518 0 27
505972 0 9
507549 0 17
509106 0 24
510560 0 18
512116 0 20
513693 0 25
515188 0 10
516704 0 21
518219 0 14
519694 0 22
521168 0 17
522663 0 26
524158 0 12
525694 0 15
527210 0 21
528746 0 16
530159 0 17
531674 0 36
533190 0 1
534603 0 14
536077 0 29
537593 0 11
539088 0 17
540624 0 23
542119 0 19
543573 0 24
545006 0 18
546583 0 13
548037 0 21
549532 0 25
551068 0 9
552563 0 22
554079 0 21
555615 0 24
557110 0 36
558543 0 8
560018 0 17
561574 0 18
563070 0 20
564585 0 18
566100 0 18
567555 0 36
569111 0 4
570606 0 15
572040 0 24
573494 0 24
574989 0 23
576422 0 24
577897 0 33
579371 0 8
580928 0 20
582361 0 23
583795 0 15
585208 0 34
586703 0 5
588198 0 14
589632 0 26
591004 0 8
592499 0 14
593994 0 13
595448 0 22
596963 0 25
598376 0 5
599769 0 20
601366 0 15
602861 0 17
604295 0 14
605790 0 17
607326 0 31
608842 0 2
610378 0 13
611852 0 16
613245 0 36
614781 0 3
616317 0 17
617853 0 32
619266 0 6
620720 0 18
622133 0 36
623648 0 6
625164 0 22
626638 0 28
628092 0 11
629546 0 18
631123 0 30
632475 0 3
634011 0 16
635424 0 14
636858 0 17
638271 0 24
639684 0 26
641220 0 6
642653 0 14
644046 0 14
645582 0 36
647098 0 3
648511 0 13
649965 0 17
651419 0 32
652832 0 2
654286 0 22
655781 0 23
657194 0 22
658628 0 25
660164 0 1
661556 0 21
663092 0 36
664546 0 12
665959 0 13
667454 0 13
668908 0 36
670383 0 1
671898 0 13
673311 0 13
674827 0 17
676322 0 14
677715 0 25
679189 0 2
680623 0 23
682138 0 34
683613 0 1
685128 0 13
686521 0 15
688057 0 34
689449 0 11
690863 0 13
692276 0 34
693709 0 2
695245 0 17
696761 0 32
698235 0 11
699771 0 14
701307 0 23
702802 0 23
704215 0 22
705751 0 23
707185 0 23
708659 0 25
710093 0 3
711649 0 19
713206 0 14
714660 0 20
716175 0 18
717650 0 30
719043 0 7
720476 0 15
721910 0 15
723302 0 16
724695 0 14
726210 0 27
727665 0 9
729160 0 13
730716 0 24
732272 0 28
733706 0 4
735119 0 13
736573 0 32
738068 0 1
739563 0 13
741058 0 28
742574 0 11
744110 0 23
745584 0 22
747079 0 23
748595 0 23
750110 0 19
751585 0 24
753100 0 30
754554 0 8
756029 0 17
757421 0 17
758957 0 32
760371 0 11
761845 0 23
763238 0 23
764733 0 31
766310 0 10
767866 0 17
769423 0 27
770918 0 4
772413 0 14
773887 0 20
775403 0 22
776980 0 19
778475 0 23
779888 0 20
781424 0 36
782898 0 6
784455 0 13
785991 0 14
787486 0 32
789001 0 9
790476 0 13
792032 0 20
793568 0 20
795002 0 29
796456 0 4
797951 0 16
799425 0 16
800961 0 16
802374 0 23
803869 0 23
805385 0 15
806839 0 31
808354 0 1
809870 0 22
811283 0 28
812717 0 6
814273 0 23
815707 0 29
817181 0 8
818635 0 22
820151 0 17
821646 0 18
823223 0 26
824615 0 7
826049 0 15
827482 0 20
829080 0 23
830595 0 20
832070 0 16
833503 0 22
835080 0 30
836514 0 3
837988 0 18
839422 0 24
840938 0 25
842412 0 6
843866 0 14
845402 0 14
846918 0 21
848495 0 19
849928 0 23
851423 0 23
852898 0 35
854331 0 2
855785 0 24
857260 0 22
858775 0 15
860188 0 24
861622 0 35
863097 0 8
864612 0 24
866168 0 28
867705 0 7
869220 0 20
870756 0 15
872251 0 15
873664 0 30
875036 0 3
876572 0 20
878047 0 34
879562 0 2
880996 0 18
882409 0 19
883822 0 15
885215 0 36
886648 0 10
888164 0 21
889597 0 20
891174 0 22
892751 0 13
894164 0 14
895639 0 22
897072 0 25
898649 0 5
900144 0 22
901639 0 14
903155 0 19
904650 0 16
906063 0 32
907537 0 9
909094 0 13
910507 0 22
911981 0 15
913415 0 22
914869 0 14
916262 0 21
917818 0 33
919252 0 5
920726 0 15
922139 0 31
923634 0 10
925129 0 24
926604 0 18
928037 0 35
929512 0 8
931028 0 18
932523 0 13
933936 0 23
935390 0 32
936803 0 6
938318 0 22
939895 0 19
941349 0 21
942783 0 24
944298 0 23
975664 0 101
977159 0 101
978654 0 101
980170 0 101
981644 0 101
983160 0 101
984614 0 101
986047 0 101
987481 0 101
989037 0 101
990512 0 102
992027 0 102
993481 0 103
994956 0 101
996430 0 102
997843 0 102
999359 0 102
1000772 0 102
1002185 0 103
1003660 0 101
1005073 0 102
1006588 0 103
1008063 0 101
1009599 0 102
1011073 0 102
1012466 0 103
1013920 0 101
1015395 0 102
1016869 0 102
1018303 0 102
1019716 0 102
1021190 0 103
1022726 0 101
1024262 0 102
1025798 0 102
1027232 0 102
1028686 0 102
1030160 0 103
1031676 0 101
1033069 0 102
1034543 0 102
1036059 0 102
1037533 0 103
1039069 0 101
1040585 0 102
1041998 0 103
1043513 0 101
1044947 0 102
1046442 0 103
1047957 0 101
1049370 0 102
1050865 0 103
1052319 0 101
1053773 0 102
1055309 0 102
1056825 0 102
1058299 0 103
1059815 0 101
1061269 0 102
1062784 0 102
1064198 0 102
1065652 0 102
1067147 0 102
1068601 0 103
1070055 0 101
1071447 0 102
1072860 0 102
1074396 0 103
1075850 0 101
1077284 0 102
1078718 0 102
1080131 0 103
1081585 0 101
1083100 0 102
1084493 0 102
1086008 0 102
1087422 0 103
1088855 0 101
1090371 0 102
1091866 0 103
1093422 0 101
1094938 0 102
1096351 0 102
1097866 0 103
1099320 0 101
1100877 0 102
1102413 0 102
1103887 0 102
1105341 0 102
1106775 0 103
1108290 0 101
1109765 0 102
1111301 0 102
1112837 0 102
1114332 0 102
1115786 0 103
1117322 0 101
1118858 0 102
1120332 0 103
1121868 0 101
1123343 0 102
1124776 0 103
1126312 0 101
1127746 0 102
1129180 0 103
1130654 0 101
1132211 0 102
1133726 0 102
1135119 0 102
1136655 0 102
1138088 0 103
1139563 0 101
1140996 0 102
1142389 0 102
1143863 0 103
1145379 0 101
1146853 0 102
1148308 0 102
1149844 0 102
1151257 0 102
1152711 0 102
1154165 0 102
1155660 0 103
1157073 0 101
1158609 0 102
1160145 0 103
1161681 0 101
1163073 0 102
1164466 0 102
1165961 0 102
1167456 0 102
1168992 0 102
1170405 0 102
1171798 0 103
1173375 0 101
1174788 0 102
1176324 0 102
1177778 0 102
1179314 0 103
1180870 0 101
1182365 0 102
1183819 0 102
1185273 0 103
1186789 0 101
1188222 0 102
1189615 0 103
1191110 0 101
1192585 0 102
1194100 0 102
1195493 0 102
1196947 0 102
1198360 0 102
1199855 0 103
1201411 0 101
1202947 0 102
1204360 0 102
1205794 0 102
1207268 0 102
1208743 0 102
1210279 0 103
1211692 0 101
1213126 0 102
1214662 0 103
1216095 0 101
1217508 0 102
1218942 0 102
1220478 0 102
1221993 0 102
1223529 0 102
1225065 0 103
1226540 0 101
1228076 0 102
1229530 0 102
1231045 0 102
1232499 0 102
1234035 0 102
1235428 0 103
1236923 0 101
1238316 0 102
1239852 0 102
1241408 0 102
1242842 0 102
1244234 0 102
1245729 0 103
1247286 0 101
1248740 0 102
1250255 0 102
1251689 0 102
1253102 0 102
1254495 0 103
1256010 0 101
1257444 0 102
1258980 0 102
1260413 0 102
1261867 0 102
1263260 0 103
1264734 0 101
1266250 0 102
1267745 0 102
1269138 0 103
1270694 0 101
1272230 0 102
1273643 0 102
1275159 0 102
1276633 0 102
1278087 0 102
1279562 0 103
1281057 0 101
1282552 0 102
1284088 0 102
1285562 0 102
1287098 0 103
1288593 0 101
1290047 0 102
1291460 0 102
1292853 0 102
1294246 0 102
1295782 0 102
1297174 0 103
1298649 0 101
1300144 0 102
1301536 0 102
1303072 0 102
1304588 0 102
1306001 0 103
1307455 0 101
1309011 0 102
1310466 0 102
1311940 0 102
1313333 0 102
1314869 0 102
1316405 0 102
1317879 0 103
1319374 0 101
1320828 0 102
1322303 0 102
1323818 0 102
1325354 0 102
1326747 0 102
1328221 0 103
1329737 0 101
1331170 0 102
1332686 0 103
1334140 0 101
1335676 0 102
1337089 0 102
1338482 0 102
1340018 0 103
1341533 0 101
1343028 0 102
1344441 0 103
1345936 0 101
1347329 0 102
1348742 0 103
1350196 0 101
1351671 0 102
1353125 0 102
1354579 0 102
1356033 0 103
1357507 0 101
1358941 0 102
1360477 0 103
1361951 0 101
1363426 0 102
1364982 0 102
1366375 0 102
1367809 0 103
1369222 0 101
1370696 0 102
1372150 0 102
1373563 0 103
1375038 0 101
1376533 0 102
1377966 0 103
1379461 0 101
1380936 0 102
1382349 0 103
1383844 0 101
1385360 0 102
1386773 0 102
1388268 0 102
1389804 0 102
1391319 0 102
1392814 0 102
1394248 0 103
1395763 0 101
1397299 0 102
1398794 0 102
1400289 0 102
1401825 0 102
1403320 0 102
1404815 0 103
1406249 0 101
1407682 0 102
1409157 0 102
1410570 0 103
1412106 0 101
1413499 0 102
1414912 0 103
1416345 0 101
1417881 0 102
1419315 0 102
1420728 0 103
1422162 0 101
1423636 0 102
1425090 0 102
1426483 0 102
1427978 0 103
1429432 0 101
1430906 0 102
1432360 0 102
1433855 0 103
1435330 0 101
1436845 0 102
1438320 0 102
1439754 0 102
1441146 0 102
1442641 0 102
1444177 0 102
1445570 0 103
1447085 0 101
1448498 0 102
1449973 0 103
1451550 0 101
1452963 0 102
1454417 0 102
1455912 0 102
1457448 0 102
1458902 0 102
1460315 0 102
1461708 0 103
1463121 0 101
1464636 0 102
1466111 0 102
1467647 0 102
1469121 0 102
1470616 0 103
1472173 0 101
1473688 0 102
1475245 0 102
1476658 0 102
1478173 0 102
1479607 0 103
1481143 0 101
1482679 0 102
1484215 0 102
1485608 0 102
1487021 0 102
1488536 0 102
1489949 0 103
1491362 0 101
1492775 0 102
1494230 0 102
1495725 0 102
1497138 0 102
1498674 0 102
1500128 0 102
1501602 0 103
1503138 0 101
1504551 0 102
1506005 0 102
1507459 0 102
1508975 0 103
1510449 0 101
1511985 0 102
1513419 0 102
1514812 0 102
1516348 0 102
1517822 0 103
1519379 0 101
1520833 0 102
1522287 0 102
1523700 0 102
1525113 0 103
1526608 0 101
1528062 0 102
1529577 0 102
1531113 0 102
1532547 0 102
1534001 0 103
1535455 0 101
1536971 0 102
1538466 0 103
1539981 0 101
1541456 0 102
1543012 0 102
1544425 0 102
1545818 0 102
1547272 0 102
1548787 0 103
1550200 0 101
1551634 0 102
1553047 0 102
1554501 0 102
1555976 0 102
1557512 0 102
1558904 0 102
1560420 0 103
1561833 0 101
1563369 0 102
1564823 0 103
1566338 0 101
1567751 0 102
1569267 0 103
1570742 0 101
1572277 0 102
1573772 0 102
1575288 0 102
1576804 0 102
1578217 0 103
1579732 0 101
1581268 0 102
1582784 0 103
1584238 0 101
1585651 0 102
1587187 0 102
1588661 0 102
1590074 0 102
1591610 0 102
1593126 0 103
1594703 0 101
1596239 0 102
1597775 0 103
1599311 0 101
1600724 0 102
1602198 0 103
1603673 0 101
1605209 0 102
1606642 0 102
1608035 0 102
1609550 0 102
1611005 0 103
1612438 0 101
1613851 0 102
1615305 0 102
1616698 0 102
1618213 0 102
1619729 0 102
1621244 0 103
1622739 0 101
1624152 0 102
1625627 0 103
1627163 0 101
1628678 0 102
1630071 0 103
1631505 0 101
1632897 0 102
1634413 0 103
1635887 0 101
1637423 0 102
1638836 0 103
1640331 0 101
1641806 0 102
1643260 0 103
1644755 0 101
1646291 0 102
1647847 0 102
1649281 0 103
1650756 0 101
1652251 0 102
1653705 0 102
1655200 0 102
1656756 0 103
1658292 0 101
1659849 0 102
1661282 0 103
1662716 0 101
1664190 0 102
1665583 0 103
1667078 0 101
1668552 0 102
1670068 0 102
1671583 0 102
1673078 0 103
1674553 0 101
1676048 0 102
1677502 0 102
1678997 0 102
1680492 0 102
1681905 0 102
1683339 0 102
1684793 0 102
1686267 0 103
1687783 0 101
1689298 0 102
1690691 0 102
1692186 0 102
1693640 0 102
1695094 0 102
1696610 0 103
1698064 0 101
1699620 0 102
1701136 0 103
1702692 0 101
1704085 0 102
1705559 0 102
1706972 0 102
1708385 0 102
1709921 0 102
1711416 0 103
1712932 0 101
1714324 0 102
1715778 0 103
1717212 0 101
1718707 0 102
1720100 0 102
1721492 0 102
1722926 0 102
1724318 0 103
1725813 0 101
1727288 0 102
1728722 0 102
1730258 0 102
1731814 0 102
1733248 0 102
1734784 0 103
1736258 0 101
1737671 0 102
1739166 0 102
1740661 0 103
1742115 0 101
1743610 0 102
1745003 0 102
1746477 0 102
1747932 0 102
1749427 0 103
1750983 0 101
1752417 0 102
1753871 0 102
1755263 0 102
1756779 0 102
1758274 0 102
1759810 0 102
1761346 0 103
1762820 0 101
1764356 0 102
1765810 0 102
1767305 0 102
1768698 0 102
1770091 0 102
1771545 0 103
1773040 0 101
1774514 0 102
1776009 0 102
1777402 0 102
1778897 0 102
1780330 0 103
1781743 0 101
1783177 0 102
1784570 0 103
1785983 0 101
1787396 0 102
1788809 0 102
1790222 0 102
1791676 0 102
1793151 0 103
1794687 0 101
1796100 0 102
1797636 0 103
1799090 0 101
1800605 0 102
1802080 0 103
1803554 0 101
1805111 0 102
1806524 0 102
1807937 0 102
1809432 0 103
1810988 0 101
1812422 0 102
1813917 0 102
1815310 0 102
1816805 0 102
1818320 0 103
1819754 0 101
1821249 0 102
1822703 0 103
1824218 0 101
1825775 0 102
1827311 0 102
1828826 0 102
1830362 0 102
1831755 0 102
1833250 0 103
1834806 0 101
1836301 0 102
1837858 0 103
1839271 0 101
1840786 0 102
1842302 0 102
1843756 0 102
1845312 0 102
1846848 0 102
1848261 0 103
1849695 0 101
1851108 0 102
1852644 0 102
1854078 0 103
1855614 0 101
1857088 0 102
1858624 0 102
1860078 0 102
1861594 0 102
1863048 0 103
1864563 0 101
1866079 0 102
1867492 0 102
1869007 0 103
1870420 0 101
1871813 0 102
1873226 0 102
1890309 0 37
1891722 0 44
1893197 0 38
1894610 0 41
1896105 0 44
1897579 0 40
1899013 0 43
1900488 0 37
1902003 0 47
1903416 0 43
1904870 0 54
1906283 0 57
1907696 0 67
1909232 0 46
1910686 0 54
1912141 0 60
1913636 0 56
1915090 0 49
1916605 0 49
1918141 0 64
1919616 0 43
1921111 0 56
1922626 0 58
1924121 0 59
1925575 0 62
1927111 0 45
1928606 0 57
1930081 0 66
1931555 0 38
1933009 0 60
1934484 0 49
1936020 0 52
1937433 0 59
1938887 0 62
1940423 0 46
1941897 0 56
1943413 0 57
1944990 0 58
1946423 0 51
1947857 0 56
1949270 0 54
1950724 0 54
1952240 0 62
1953776 0 40
1955312 0 54
1956766 0 54
1958302 0 65
1959838 0 39
1961333 0 53
1962848 0 59
1964302 0 71
1965797 0 47
1967354 0 50
1968910 0 57
1970467 0 64
1971880 0 38
1973436 0 49
1974931 0 56
1976467 0 56
1977921 0 63
1979437 0 43
1980993 0 52
1982509 0 57
1983963 0 50
1985376 0 55
1986789 0 50
1988304 0 58
1989840 0 71
1991376 0 43
1992892 0 54
1994325 0 60
1995759 0 51
1997172 0 58
1998708 0 51
2000203 0 68
2001616 0 42
2003091 0 54
2004524 0 64
2005958 0 46
2007514 0 54
2008948 0 57
2010484 0 56
2011979 0 52
2013412 0 58
2014969 0 69
2016505 0 43
2017938 0 58
2019413 0 71
2020867 0 45
2022342 0 60
2023857 0 59
2025413 0 63
2026827 0 37
2028363 0 53
2029899 0 63
2031414 0 38
2032909 0 51
2034425 0 60
2035961 0 54
2037374 0 51
2038828 0 52
2040241 0 51
2041674 0 57
2043108 0 66
2044542 0 42
2046098 0 53
2047593 0 60
2049129 0 53
2050563 0 72
2051996 0 39
2053532 0 53
2054986 0 55
2056481 0 52
2058017 0 59
2059430 0 71
2060823 0 42
2062359 0 49
2063772 0 65
2065185 0 44
2066721 0 56
2068236 0 70
2069629 0 42
2071165 0 54
2072681 0 61
2074114 0 47
2075671 0 59
2077166 0 70
2078640 0 41
2080074 0 59
2081610 0 69
2083166 0 38
2084620 0 54
2086013 0 53
2087549 0 67
2088962 0 41
2090436 0 58
2091952 0 69
2093508 0 43
2094962 0 55
2096539 0 69
2098055 0 38
2099488 0 56
2100963 0 56
2102437 0 69
2103994 0 43
2105489 0 51
2106923 0 61
2108377 0 42
2109851 0 54
2111408 0 49
2112944 0 50
2114459 0 60
2115934 0 49
2117429 0 70
2118842 0 45
2120419 0 60
2121873 0 51
2123347 0 51
2124842 0 71
2126378 0 37
2127873 0 59
2129348 0 60
2130761 0 63
2132317 0 45
2133833 0 56
2135246 0 49
2136761 0 66
2138236 0 44
2139772 0 53
2141226 0 64
2142782 0 48
2144318 0 56
2145813 0 52
2147308 0 65
2148844 0 48
2150237 0 52
2151773 0 56
2153248 0 62
2154804 0 39
2156258 0 50
2157712 0 63
2159269 0 43
2160764 0 57
2162300 0 57
2163815 0 58
2165249 0 55
2166744 0 66
2168280 0 37
2169795 0 50
2171311 0 66
2172744 0 39
2174157 0 50
2175632 0 57
2177168 0 49
2178601 0 57
2180137 0 59
2181673 0 49
2183189 0 68
2184725 0 39
2186240 0 53
2187715 0 52
2189148 0 57
2190725 0 58
2192241 0 50
2193797 0 53
2195231 0 66
2196664 0 42
2198200 0 51
2199716 0 57
2201272 0 55
2202685 0 60
2204221 0 71
2205635 0 47
2207048 0 56
2208584 0 58
2210017 0 55
2211553 0 53
2212987 0 68
2214523 0 46
2215977 0 57
2217431 0 50
2218967 0 56
2220441 0 56
2221998 0 54
2223452 0 58
2224988 0 63
2226503 0 40
2227916 0 49
2229432 0 58
2230865 0 60
2232279 0 59
2233774 0 57
2235330 0 59
2236866 0 53
2238422 0 66
2239917 0 37
2241351 0 54
2242867 0 57
2244321 0 50
2245795 0 57
2247331 0 53
2248785 0 63
2250260 0 39
2251734 0 49
2253147 0 59
2254683 0 58
2256117 0 67
2257571 0 40
2258984 0 54
2260520 0 57
2262097 0 60
2263551 0 52
2264985 0 60
2266480 0 52
2267913 0 50
2269367 0 67
2270924 0 37
2272439 0 51
2273975 0 70
2275347 0 37
2276801 0 57
2278317 0 61
2279853 0 47
2281327 0 52
2282884 0 53
2284399 0 58
2285894 0 70
2287287 0 41
2288720 0 51
2290236 0 49
2291772 0 53
2293185 0 64
2294639 0 43
2296093 0 55
2297527 0 60
2299063 0 58
2300476 0 53
2302032 0 67
2303445 0 41
2304940 0 54
2306476 0 52
2307971 0 52
2309487 0 71
2310879 0 41
2312272 0 58
2313767 0 51
2315303 0 60
2316798 0 52
2318375 0 57
2319829 0 64
2321263 0 40
2322799 0 57
2324376 0 51
2325932 0 55
2327447 0 60
2328902 0 60
2330397 0 58
2331830 0 61
2333346 0 43
2334779 0 52
2336213 0 67
2337605 0 39
2339060 0 57
2340534 0 56
2342070 0 57
2343504 0 72
2344917 0 40
2346371 0 55
2347845 0 50
2349299 0 52
2350712 0 51
2352166 0 70
2353559 0 42
2355034 0 50
2356426 0 69
2357921 0 39
2359457 0 60
2360850 0 49
2362263 0 60
2363737 0 56
2365171 0 71
2366728 0 40
2368202 0 50
2369758 0 66
2371253 0 38
2372708 0 52
2374203 0 51
2375616 0 53
2377172 0 51
2378729 0 53
2380142 0 72
2381575 0 39
2383009 0 56
2384504 0 64
2386040 0 40
2387596 0 51
2389050 0 50
2390545 0 50
2391958 0 50
2393392 0 67
2394846 0 41
2396300 0 55
2397775 0 57
2399249 0 55
2400744 0 68
2402239 0 44
2403796 0 49
2405270 0 53
2406806 0 62
2408322 0 39
2409858 0 51
2411414 0 55
2412930 0 59
2414445 0 56
2415920 0 67
2417353 0 44
2418807 0 52
2420282 0 63
2421838 0 41
2423272 0 60
2424787 0 70
2426221 0 39
2427736 0 56
2429272 0 54
2430788 0 59
2432221 0 65
2433737 0 43
2435232 0 54
2436788 0 68
2438304 0 43
2439758 0 55
2441335 0 49
2442891 0 53
2444304 0 51
2445758 0 67
2447172 0 44
2448646 0 53
2450059 0 53
2451554 0 54
2452947 0 65
2454483 0 47
2456019 0 50
2457575 0 59
2459091 0 49
2460586 0 53
2462122 0 50
2463658 0 65
2465091 0 44
2466484 0 57
2467979 0 67
2469433 0 37
2470846 0 56
2472341 0 56
2473877 0 53
2475434 0 53
2476867 0 68
2478301 0 40
2479775 0 60
2481291 0 56
2482745 0 71
2484260 0 39
2485796 0 53
2487271 0 55
2488684 0 51
2490179 0 55
2491715 0 51
2493169 0 62
2494725 0 37
2496159 0 49
2497572 0 64
2499047 0 37
2500480 0 58
2501955 0 67
2503368 0 37
2504760 0 53
2506194 0 66
2507668 0 43
2509102 0 60
2510659 0 58
2512215 0 52
2513710 0 51
2515185 0 60
2516700 0 58
2518195 0 70
2519690 0 45
2521247 0 58
2522701 0 68
2524257 0 40
2525691 0 56
2527247 0 70
2528681 0 37
2530114 0 57
2531548 0 55
2533063 0 54
2534538 0 63
2536053 0 42
2537589 0 56
2539146 0 66
2540559 0 40
2541992 0 51
2543426 0 50
2544900 0 60
2546396 0 67
2547850 0 38
2549283 0 55
2550758 0 71
2552171 0 42
2553686 0 50
2555120 0 50
2556533 0 64
2557987 0 40
2559503 0 54
2560977 0 58
2562534 0 59
2564049 0 53
2565564 0 55
2567059 0 63
2568493 0 46
2570029 0 59
2571504 0 52
2572958 0 57
2574535 0 70
2575968 0 38
2577422 0 60
2578979 0 57
2580535 0 54
2581989 0 65
2583484 0 47
2584897 0 54
2586372 0 52
2587887 0 62
2589362 0 43
2590795 0 55
2592311 0 67
2593744 0 46
2595199 0 58
2596653 0 71
2598189 0 42
2599602 0 54
2601035 0 57
2602448 0 56
2603902 0 55
2605418 0 54
2606974 0 58
2608449 0 61
2610005 0 47
2611480 0 49
2612975 0 49
2614490 0 49
2615985 0 61
2617501 0 37
2618934 0 57
2620368 0 52
2621802 0 53
2623276 0 51
2624730 0 57
2626287 0 62
2627782 0 46
2629256 0 59
2630792 0 58
2632267 0 57
2633823 0 56
2635339 0 52
2636875 0 66
2638308 0 46
2639742 0 51
2641175 0 54
2642609 0 53
2644165 0 59
2645660 0 55
2647196 0 49
2648753 0 55
2650268 0 72
2651702 0 39
2653258 0 51
2654651 0 72
2656166 0 42
2657641 0 53
2659197 0 59
2660652 0 63
2662106 0 45
2663662 0 54
2665157 0 59
2666591 0 54
2668024 0 66
2669540 0 40
2670973 0 55
2672509 0 50
2674066 0 64
2675581 0 37
2677015 0 52
2678510 0 54
2679964 0 57
2681479 0 67
2682974 0 48
2684510 0 53
2685923 0 57
2687377 0 68
2688934 0 46
2690511 0 52
2691944 0 49
2693501 0 59
2695016 0 56
2696511 0 60
2697904 0 51
2699460 0 59
2700874 0 67
2702369 0 46
2703884 0 60
2705359 0 50
2706813 0 55
2708349 0 54
2709762 0 54
2711216 0 52
2712711 0 68
2714185 0 43
2715639 0 53
2717093 0 55
2718629 0 49
2720043 0 52
2721579 0 57
2723114 0 54
2724650 0 52
2726145 0 66
2727559 0 40
2729013 0 58
2730446 0 63
2731880 0 44
2733354 0 50
2734808 0 68
2736303 0 42
2737757 0 58
2739314 0 55
2740850 0 51
2742365 0 54
2743819 0 53
2745376 0 55
2746850 0 65
2748325 0 39
2749799 0 54
2751254 0 52
2752749 0 71
2754203 0 47
2755739 0 59
2757193 0 55
2758606 0 49
2760142 0 72
2761575 0 43
2763070 0 53
2764483 0 54
2765937 0 50
2767494 0 58
2768989 0 68
2770443 0 37
2771938 0 55
2773433 0 52
2774867 0 50
2776423 0 55
2777980 0 67
2779495 0 37
2781051 0 51
2782608 0 49
2784123 0 61
2785598 0 39
2787011 0 57
2788547 0 62
2789981 0 48
2791414 0 57
2792848 0 49
2794322 0 50
2810327 0 104
2811863 0 104
2813337 0 104
2814832 0 104
2816286 0 104
2817822 0 104
2819358 0 104
2820751 0 104
2822226 0 104
2823618 0 104
2825134 0 105
2826588 0 105
2828001 0 105
2829537 0 105
2830929 0 105
2832424 0 105
2833919 0 105
2835353 0 105
2836828 0 106
2838323 0 104
2839736 0 105
2841251 0 106
2842808 0 104
2844221 0 105
2845613 0 105
2847067 0 105
2848542 0 105
2849976 0 106
2851471 0 104
2852945 0 105
2854440 0 106
2855997 0 104
2857492 0 105
2858905 0 105
2860338 0 106
2861772 0 104
2863226 0 105
2864700 0 106
2866216 0 104
2867690 0 105
2869226 0 106
2870619 0 104
2872053 0 105
2873466 0 105
2874940 0 105
2876415 0 105
2877869 0 105
2879343 0 105
2880859 0 106
2882354 0 104
2883767 0 105
2885180 0 105
2886716 0 105
2888272 0 106
2889829 0 104
2891344 0 105
2892860 0 105
2894355 0 105
2895768 0 105
2897202 0 105
2898594 0 105
2900048 0 105
2901584 0 106
2902997 0 104
2904431 0 105
2905824 0 105
2907278 0 105
2908691 0 105
2910247 0 106
2911763 0 104
2913237 0 105
2914794 0 106
2916207 0 104
2917763 0 105
2919197 0 105
2920671 0 105
2922207 0 106
2923764 0 104
2925320 0 105
2926815 0 106
2928249 0 104
2929744 0 105
2931218 0 105
2932754 0 105
2934249 0 106
2935724 0 104
2937137 0 105
2938611 0 105
2940045 0 105
2941540 0 105
2943035 0 105
2944489 0 105
2945902 0 105
2947397 0 106
2948831 0 104
2950244 0 105
2951800 0 106
2953234 0 104
2954647 0 105
2956060 0 106
2957514 0 104
2959009 0 105
2960484 0 105
2961917 0 105
2963412 0 105
2964866 0 105
2966341 0 106
2967775 0 104
2969270 0 105
2970724 0 106
2972280 0 104
2973714 0 105
2975168 0 105
2976663 0 105
2978076 0 105
2979571 0 105
2981025 0 106
2982438 0 104
2983933 0 105
2985469 0 106
2987025 0 104
2988520 0 105
2989933 0 106
2991429 0 104
2992924 0 105
2994378 0 105
2995893 0 106
2997388 0 104
2998883 0 105
3000378 0 105
3001914 0 105
3003409 0 106
3004822 0 104
3006317 0 105
3007751 0 106
3009164 0 104
3010577 0 105
3012072 0 106
3013547 0 104
3015001 0 105
3016393 0 106
3017847 0 104
3019322 0 105
3020776 0 105
3022168 0 105
3023623 0 106
3025077 0 104
3026469 0 105
3027903 0 105
3029377 0 105
3030934 0 105
3032408 0 105
3033924 0 106
3035378 0 104
3036770 0 105
3038184 0 105
3039617 0 105
3041010 0 105
3042443 0 105
3043856 0 105
3045372 0 106
3046785 0 104
3048321 0 105
3049755 0 106
3051188 0 104
3052704 0 105
3054137 0 106
3055612 0 104
3057045 0 105
3058499 0 105
3060035 0 105
3061571 0 105
3063025 0 105
3064520 0 105
3066036 0 106
3067449 0 104
3068883 0 105
3070398 0 105
3071852 0 105
3073388 0 105
3074781 0 105
3076214 0 106
3077648 0 104
3079204 0 105
3080638 0 106
3082092 0 104
3083608 0 105
3085143 0 105
3086700 0 106
3088215 0 104
3089669 0 105
3091164 0 105
3092557 0 105
3094052 0 106
3095547 0 104
3097042 0 105
3098435 0 105
3099848 0 106
3101240 0 104
3102735 0 105
3104292 0 105
3105848 0 106
3107364 0 104
3108859 0 105
3110272 0 105
3111828 0 105
3113221 0 105
3114696 0 105
3116150 0 105
3117604 0 105
3119140 0 106
3120655 0 104
3122212 0 105
3123666 0 106
3125099 0 104
3126533 0 105
3127946 0 105
3129461 0 106
3130977 0 104
3132431 0 105
3133885 0 106
3135339 0 104
3136875 0 105
3138431 0 105
3139845 0 105
3141401 0 106
3142896 0 104
3144330 0 105
3145804 0 106
3147217 0 104
3148733 0 105
3150269 0 105
3151702 0 106
3153115 0 104
3154590 0 105
3155983 0 105
3157375 0 105
3158911 0 105
3160304 0 106
3161779 0 104
3163171 0 105
3164584 0 106
3166038 0 104
3167451 0 105
3168885 0 105
3170400 0 105
3171936 0 105
3173431 0 106
3174967 0 104
3176483 0 105
3177957 0 106
3179473 0 104
3180988 0 105
3182442 0 105
3183876 0 105
3185309 0 105
3186723 0 106
3188177 0 104
3189692 0 105
3191126 0 105
3192539 0 105
3193993 0 106
3195549 0 104
3196942 0 105
3198375 0 105
3199768 0 105
3201263 0 106
3202717 0 104
3204171 0 105
3205687 0 106
3207161 0 104
3208656 0 105
3210172 0 105
3211605 0 105
3213141 0 105
3214616 0 105
3216090 0 105
3217565 0 106
3218978 0 104
3220452 0 105
3221968 0 105
3223361 0 105
3224835 0 105
3226269 0 105
3227805 0 106
3229320 0 104
3230815 0 105
3232228 0 105
3233744 0 105
3235218 0 106
3236652 0 104
3238106 0 105
3239642 0 105
3241096 0 105
3242550 0 105
3244004 0 105
3245520 0 106
3246933 0 104
3248387 0 105
3249800 0 105
3251254 0 105
3252810 0 105
3254203 0 105
3255678 0 105
3257111 0 106
3258545 0 104
3260040 0 105
3261555 0 105
3262989 0 105
3264422 0 105
3265876 0 105
3267310 0 105
3268723 0 106
3270239 0 104
3271734 0 105
3273270 0 105
3274826 0 105
3276362 0 106
3277775 0 104
3279168 0 105
3280683 0 106
3282178 0 104
3283714 0 105
3285209 0 105
3286704 0 105
3288117 0 106
3289571 0 104
3291046 0 105
3292500 0 106
3293913 0 104
3295470 0 105
3296903 0 106
3298439 0 104
3299995 0 105
3301388 0 106
3302822 0 104
3304358 0 105
3305791 0 105
3307225 0 105
3308658 0 105
3310112 0 106
3311648 0 104
3313061 0 105
3314475 0 106
3315970 0 104
3317444 0 105
3318857 0 105
3320393 0 105
3321827 0 105
3323301 0 105
3324817 0 106
3326291 0 104
3327827 0 105
3329240 0 105
3330735 0 105
3332292 0 105
3333828 0 106
3335282 0 104
3336756 0 105
3338251 0 106
3339665 0 104
3341160 0 105
3342634 0 105
3344170 0 105
3345706 0 105
3347119 0 106
3348614 0 104
3350048 0 105
3351543 0 105
3353017 0 106
3354512 0 104
3356028 0 105
3357543 0 105
3358956 0 106
3360472 0 104
3361865 0 105
3363298 0 105
3364793 0 105
3366227 0 105
3367660 0 105
3369094 0 105
3370609 0 106
3372145 0 104
3373599 0 105
3375033 0 105
3376528 0 105
3377941 0 105
3379375 0 105
3380808 0 105
3382242 0 105
3383757 0 106
3385252 0 104
3386788 0 105
3388201 0 105
3389696 0 105
3391150 0 105
3392584 0 105
3394120 0 106
3395635 0 104
3397110 0 105
3398626 0 105
3400182 0 105
3401657 0 105
3403213 0 105
3404708 0 106
3406244 0 104
3407718 0 105
3409132 0 105
3410565 0 106
3412081 0 104
3413514 0 105
3414968 0 106
3416402 0 104
3417856 0 105
3419269 0 105
3420744 0 106
3422157 0 104
3423611 0 105
3425065 0 106
3426539 0 104
3428034 0 105
3429509 0 105
3430922 0 105
3432356 0 106
3433789 0 104
3435223 0 105
3436718 0 105
3438172 0 105
3439646 0 105
3441080 0 105
3442616 0 105
3444070 0 106
3445626 0 104
3447039 0 105
3448453 0 106
3449988 0 104
3451381 0 105
3452794 0 105
3454330 0 105
3455805 0 105
3457238 0 106
3458754 0 104
3460269 0 105
3461723 0 105
3463136 0 105
3464631 0 105
3466024 0 106
3467499 0 104
3468891 0 105
3470304 0 105
3471820 0 106
3473356 0 104
3474851 0 105
3476366 0 106
3477902 0 104
3479418 0 105
3480954 0 106
3482367 0 104
3483821 0 105
3485336 0 105
3486811 0 105
3488367 0 105
3489842 0 106
3491296 0 104
3492750 0 105
3494245 0 106
3495740 0 104
3497194 0 105
3498628 0 105
3500143 0 105
3501618 0 105
3503031 0 106
3504485 0 104
3505959 0 105
3507495 0 105
3509031 0 105
3510547 0 105
3512001 0 105
3513537 0 105
3515052 0 106
3516568 0 104
3518022 0 105
3519496 0 105
3520971 0 105
3522364 0 106
3523838 0 104
3525272 0 105
3526726 0 105
3528159 0 105
3529552 0 106
3530965 0 104
3532378 0 105
3533894 0 105
3535327 0 105
3536802 0 105
3538215 0 105
3539710 0 105
3541123 0 106
3542638 0 104
3544031 0 105
3545506 0 105
3546939 0 105
3548455 0 105
3550011 0 106
3551568 0 104
3553083 0 105
3554558 0 105
3556094 0 105
3557568 0 105
3559043 0 105
3560558 0 105
3562012 0 106
3563466 0 104
3564941 0 105
3566436 0 105
3567869 0 105
3569323 0 105
3570839 0 106
3572395 0 104
3573849 0 105
3575365 0 105
3576819 0 106
3578253 0 104
3579707 0 105
3581161 0 105
3582553 0 106
3583987 0 104
3585441 0 105
3586874 0 105
3588370 0 105
3589865 0 106
3591278 0 104
3592773 0 105
3594206 0 105
3595763 0 105
3597237 0 106
3598773 0 104
3600268 0 105
3601743 0 105
3603279 0 105
3604774 0 105
3606187 0 105
3607620 0 105
3609095 0 106
3610610 0 104
3612167 0 105
3613580 0 105
3615075 0 106
3616631 0 104
3618024 0 105
3619581 0 106
3621137 0 104
3622693 0 105
3624127 0 106
3625540 0 104
3626974 0 105
3628448 0 106
3629984 0 104
3631438 0 105
3632892 0 105
3634285 0 105
3635800 0 105
3637234 0 105
3638668 0 106
3640163 0 104
3641637 0 105
3643153 0 105
3644668 0 106
3646143 0 104
3647576 0 105
3649112 0 105
3650587 0 105
3652082 0 105
3653495 0 105
3655031 0 106
3656567 0 104
3658082 0 105
3659516 0 105
3660929 0 106
3662403 0 104
3663898 0 105
3665373 0 105
3666827 0 105
3668343 0 105
3669899 0 105
3671333 0 105
3672869 0 106
3674282 0 104
3675674 0 105
3677149 0 106
3678644 0 104
3680200 0 105
3681716 0 106
3683170 0 104
3684665 0 105
3686078 0 105
3687491 0 106
3688904 0 104
3690461 0 105
3691894 0 105
3693348 0 106
3694843 0 104
3696277 0 105
3697792 0 105
3699308 0 105
3700762 0 105
3702257 0 105
3703690 0 106
3705144 0 104
3706619 0 105
