56299 0 8
57732 0 9
59207 0 10
60763 0 3
62279 0 11
63794 0 8
65248 0 8
66784 0 6
68238 0 8
69795 0 2
71310 0 20
72744 0 18
74280 0 33
75795 0 6
77331 0 18
78847 0 13
80260 0 16
81775 0 22
83250 0 15
84704 0 32
86219 0 2
87694 0 19
89148 0 15
90684 0 17
92117 0 24
93592 0 35
95005 0 2
96521 0 18
97995 0 18
99429 0 33
100842 0 12
102255 0 16
103627 0 32
105040 0 9
106453 0 15
107866 0 17
109300 0 15
110733 0 28
112249 0 7
113723 0 18
115157 0 16
116591 0 29
118065 0 2
119519 0 16
121035 0 30
122550 0 2
124025 0 14
125561 0 28
127097 0 8
128551 0 14
130087 0 34
131561 0 2
133015 0 15
134449 0 16
135944 0 21
137480 0 19
138893 0 32
140367 0 2
141842 0 22
143378 0 35
144873 0 1
146409 0 16
147883 0 21
149440 0 23
150914 0 29
152430 0 9
153945 0 24
155379 0 32
156833 0 6
158308 0 16
159782 0 21
161277 0 32
162670 0 2
164206 0 18
165701 0 22
167237 0 14
168711 0 14
170227 0 20
171660 0 24
173073 0 18
174630 0 32
176063 0 4
177497 0 19
179013 0 21
180508 0 17
182023 0 19
183559 0 23
184993 0 32
186447 0 11
187921 0 17
189375 0 22
190850 0 13
192345 0 23
193819 0 17
195232 0 24
196646 0 21
198141 0 32
199533 0 7
201008 0 24
202482 0 24
203916 0 16
205390 0 14
206783 0 27
208196 0 8
209630 0 18
211145 0 26
212579 0 8
214053 0 17
215446 0 22
216941 0 25
218415 0 11
219972 0 13
221364 0 21
222859 0 28
224375 0 5
225849 0 22
227365 0 24
228799 0 19
230253 0 14
231666 0 30
233120 0 10
234594 0 23
236069 0 33
237625 0 1
239079 0 20
240533 0 19
241967 0 14
243360 0 30
244834 0 4
246370 0 19
247865 0 18
249299 0 19
250773 0 24
252186 0 21
253702 0 16
255156 0 33
256692 0 3
258105 0 17
259579 0 18
261115 0 15
262569 0 26
264105 0 2
265580 0 20
267075 0 14
268488 0 36
270045 0 4
271519 0 23
273076 0 20
274632 0 24
276086 0 22
277622 0 35
279097 0 11
280530 0 22
282025 0 18
283459 0 13
284872 0 34
286326 0 9
287821 0 15
289357 0 19
290852 0 30
292285 0 8
293842 0 18
295316 0 29
296689 0 3
298122 0 21
299576 0 20
301010 0 23
302566 0 17
304102 0 26
305556 0 5
307010 0 19
308546 0 29
310082 0 8
311659 0 13
313134 0 23
314567 0 30
315960 0 4
317373 0 23
318868 0 30
320220 0 2
321674 0 22
323189 0 24
324664 0 33
326220 0 3
327695 0 16
329108 0 30
330541 0 12
331995 0 19
333450 0 29
334924 0 12
336378 0 13
337791 0 35
339184 0 10
340617 0 23
342071 0 15
343505 0 15
344980 0 28
346393 0 11
347826 0 23
349362 0 14
350878 0 27
352414 0 5
353950 0 16
355383 0 14
356919 0 18
358332 0 23
359766 0 24
361199 0 36
362633 0 1
364108 0 17
365541 0 22
366995 0 17
368531 0 13
370067 0 30
371460 0 3
372852 0 19
374347 0 28
375863 0 4
377296 0 19
378750 0 25
380286 0 7
381740 0 19
383174 0 30
384567 0 8
386021 0 13
387475 0 36
389052 0 1
390547 0 19
392042 0 16
393557 0 35
395093 0 4
396629 0 16
398083 0 15
399619 0 20
401155 0 23
402691 0 19
404207 0 19
405743 0 23
407299 0 34
408692 0 11
410146 0 24
411579 0 24
413013 0 13
414405 0 23
415921 0 34
417396 0 7
418850 0 19
420406 0 24
421942 0 15
423458 0 29
424850 0 12
426345 0 18
427758 0 17
429212 0 21
430707 0 19
432264 0 26
433636 0 9
435110 0 20
436626 0 26
438059 0 1
439452 0 17
440906 0 33
442442 0 3
443978 0 13
445432 0 18
446886 0 32
448299 0 3
449815 0 23
451351 0 27
452805 0 10
454361 0 20
455918 0 31
457474 0 11
459010 0 24
460485 0 23
461898 0 22
463393 0 33
464826 0 5
466239 0 15
467734 0 22
469168 0 23
470704 0 23
472179 0 16
473653 0 31
475128 0 5
476643 0 16
478118 0 24
479572 0 20
481128 0 13
482664 0 22
484159 0 23
485675 0 25
487088 0 4
488480 0 21
489955 0 22
491511 0 24
492965 0 21
494522 0 27
496017 0 2
497471 0 20
498966 0 21
500441 0 19
501935 0 30
503328 0 2
504823 0 20
506400 0 18
507834 0 23
509226 0 21
510783 0 27
512319 0 3
513793 0 20
515350 0 21
516906 0 15
518442 0 29
519958 0 11
521494 0 15
522907 0 31
524361 0 9
525897 0 23
527310 0 13
528743 0 17
530259 0 16
531733 0 21
533167 0 16
534703 0 27
536177 0 2
537672 0 22
539106 0 17
540540 0 20
542117 0 18
543612 0 19
545168 0 25
546724 0 10
548179 0 22
549674 0 18
551209 0 14
552705 0 28
554220 0 1
555756 0 18
557231 0 22
558726 0 16
560159 0 29
561634 0 3
563067 0 13
564501 0 16
565873 0 16
567327 0 28
568740 0 8
570317 0 14
571771 0 17
573307 0 27
574823 0 6
576277 0 21
577792 0 18
579205 0 21
580782 0 21
582216 0 28
583752 0 11
585308 0 16
586742 0 13
588257 0 30
589691 0 4
591124 0 24
592619 0 22
594094 0 20
595568 0 24
597022 0 16
598456 0 33
599869 0 2
601262 0 19
602777 0 31
604293 0 12
605849 0 21
607406 0 33
608901 0 9
610416 0 17
611870 0 21
613345 0 14
614819 0 25
616355 0 4
617871 0 22
619407 0 18
620943 0 18
622499 0 18
624056 0 13
625469 0 33
627025 0 9
628561 0 16
629954 0 18
631449 0 28
632862 0 6
634316 0 15
635729 0 19
637183 0 27
638637 0 8
640214 0 14
641668 0 36
643102 0 2
644494 0 20
646051 0 18
647484 0 33
648897 0 2
650372 0 19
651805 0 21
653280 0 14
654775 0 15
656250 0 36
657786 0 4
659260 0 16
660735 0 19
662148 0 13
663561 0 17
665076 0 15
666489 0 35
667984 0 4
669479 0 15
670872 0 14
672388 0 24
673862 0 19
675316 0 13
676770 0 14
678306 0 35
679781 0 9
681337 0 24
682771 0 22
684307 0 14
685822 0 30
687235 0 5
688710 0 21
690164 0 13
691597 0 19
693031 0 31
694444 0 1
695919 0 16
697414 0 13
698950 0 14
700342 0 22
701817 0 15
703209 0 30
704704 0 3
706158 0 21
707694 0 19
709128 0 16
710521 0 13
711975 0 19
713511 0 16
714944 0 33
716357 0 6
717811 0 22
719245 0 18
720699 0 20
722235 0 15
723669 0 14
725164 0 27
726597 0 3
728072 0 20
729546 0 21
731103 0 22
732557 0 17
733949 0 31
735465 0 10
736980 0 18
738516 0 36
739950 0 12
741486 0 17
743022 0 19
744435 0 13
745868 0 30
747282 0 3
748777 0 22
750272 0 19
751705 0 13
753118 0 15
754613 0 19
756088 0 34
757562 0 1
759057 0 19
760593 0 24
762027 0 16
763460 0 17
764955 0 23
766389 0 15
767823 0 36
769400 0 11
770895 0 16
772349 0 17
773844 0 16
775257 0 20
776731 0 17
778247 0 25
779762 0 2
781216 0 14
782650 0 16
784104 0 19
785578 0 16
787033 0 26
788528 0 12
790002 0 24
791436 0 19
792890 0 18
794426 0 17
795900 0 31
797375 0 4
798747 0 20
800221 0 24
801757 0 20
803334 0 28
804747 0 12
806242 0 22
807676 0 19
809191 0 23
810666 0 23
812182 0 15
813615 0 23
815172 0 32
816564 0 11
817998 0 15
819513 0 15
821070 0 33
822483 0 2
823896 0 20
825473 0 24
826886 0 15
828381 0 15
829917 0 20
831453 0 25
833009 0 8
834525 0 21
836061 0 16
837556 0 13
839092 0 35
840505 0 12
842041 0 16
843495 0 33
844908 0 12
846362 0 16
847878 0 33
849373 0 5
850806 0 17
852219 0 17
853673 0 14
855045 0 21
856602 0 18
858035 0 28
859449 0 7
860882 0 15
862418 0 23
863893 0 13
865306 0 18
866719 0 22
868296 0 24
869750 0 30
871163 0 7
872637 0 13
874132 0 27
875607 0 8
877184 0 20
878740 0 30
880153 0 2
881669 0 20
883205 0 35
884700 0 8
886154 0 24
887588 0 14
889083 0 19
890578 0 18
892134 0 33
893609 0 10
895165 0 15
896640 0 34
898155 0 7
899609 0 21
901084 0 25
902517 0 1
903910 0 17
905302 0 23
906736 0 14
908231 0 24
909624 0 34
911098 0 12
912634 0 17
914109 0 16
915481 0 17
916935 0 21
918430 0 18
919966 0 27
921379 0 8
922833 0 19
924369 0 15
925844 0 14
927339 0 35
928874 0 6
930431 0 24
931987 0 20
933482 0 21
935059 0 24
936595 0 28
938008 0 2
939503 0 13
940896 0 34
942391 0 12
943907 0 24
945320 0 15
946753 0 16
948125 0 20
949641 0 28
951177 0 6
952692 0 20
954146 0 15
955580 0 20
976433 0 101
977846 0 101
979300 0 101
980693 0 101
982147 0 101
983540 0 101
985014 0 101
986407 0 101
987881 0 101
989294 0 101
990810 0 102
992284 0 102
993779 0 103
995295 0 101
996831 0 102
998305 0 102
999821 0 103
1001275 0 101
1002729 0 102
1004265 0 103
1005842 0 101
1007378 0 102
1008914 0 102
1010348 0 103
1011924 0 101
1013338 0 102
1014812 0 102
1016307 0 102
1017823 0 103
1019359 0 101
1020874 0 102
1022287 0 102
1023700 0 102
1025113 0 103
1026629 0 101
1028185 0 102
1029701 0 102
1031093 0 103
1032547 0 101
1034001 0 102
1035476 0 102
1036889 0 102
1038446 0 102
1039920 0 102
1041333 0 102
1042787 0 103
1044323 0 101
1045736 0 102
1047170 0 103
1048603 0 101
1050058 0 102
1051532 0 102
1052925 0 102
1054338 0 103
1055894 0 101
1057348 0 102
1058761 0 102
1060236 0 102
1061731 0 103
1063185 0 101
1064700 0 102
1066155 0 102
1067650 0 102
1069124 0 102
1070578 0 103
1072053 0 101
1073548 0 102
1074981 0 102
1076394 0 102
1077787 0 103
1079364 0 101
1080838 0 102
1082374 0 103
1083808 0 101
1085201 0 102
1086716 0 102
1088150 0 102
1089542 0 103
1090955 0 101
1092430 0 102
1093945 0 102
1095461 0 102
1096935 0 102
1098430 0 102
1099864 0 102
1101257 0 103
1102793 0 101
1104206 0 102
1105742 0 102
1107196 0 102
1108588 0 102
1110083 0 102
1111496 0 103
1113012 0 101
1114425 0 102
1115859 0 102
1117395 0 102
1118849 0 102
1120364 0 102
1121777 0 102
1123190 0 103
1124685 0 101
1126078 0 102
1127614 0 102
1129129 0 102
1130645 0 102
1132099 0 102
1133533 0 103
1135068 0 101
1136584 0 102
1138099 0 102
1139615 0 103
1141110 0 101
1142544 0 102
1143977 0 103
1145431 0 101
1146906 0 102
1148401 0 103
1149937 0 101
1151473 0 102
1152886 0 102
1154381 0 102
1155835 0 103
1157350 0 101
1158845 0 102
1160381 0 102
1161794 0 102
1163269 0 102
1164662 0 102
1166075 0 102
1167488 0 103
1168901 0 101
1170375 0 102
1171788 0 102
1173263 0 102
1174697 0 102
1176130 0 103
1177666 0 101
1179182 0 102
1180738 0 102
1182254 0 102
1183769 0 102
1185203 0 102
1186636 0 102
1188049 0 103
1189503 0 101
1190916 0 102
1192432 0 102
1193968 0 103
1195483 0 101
1196937 0 102
1198473 0 102
1200009 0 103
1201484 0 101
1202877 0 102
1204392 0 102
1205785 0 103
1207300 0 101
1208836 0 102
1210249 0 102
1211703 0 102
1213178 0 102
1214673 0 102
1216107 0 103
1217540 0 101
1218974 0 102
1220407 0 102
1221882 0 102
1223315 0 103
1224790 0 101
1226285 0 102
1227698 0 102
1229172 0 103
1230729 0 101
1232162 0 102
1233576 0 102
1235050 0 102
1236586 0 102
1238061 0 103
1239556 0 101
1241051 0 102
1242443 0 103
1243877 0 101
1245290 0 102
1246744 0 102
1248218 0 103
1249652 0 101
1251147 0 102
1252540 0 103
1254055 0 101
1255448 0 102
1256881 0 102
1258376 0 102
1259892 0 102
1261285 0 102
1262800 0 102
1264254 0 103
1265790 0 101
1267224 0 102
1268698 0 102
1270173 0 103
1271647 0 101
1273101 0 102
1274535 0 102
1276050 0 102
1277566 0 102
1279102 0 103
1280679 0 101
1282153 0 102
1283607 0 103
1285082 0 101
1286577 0 102
1287990 0 103
1289444 0 101
1290857 0 102
1292373 0 102
1293765 0 103
1295322 0 101
1296735 0 102
1298189 0 102
1299684 0 102
1301179 0 102
1302674 0 102
1304128 0 102
1305664 0 102
1307057 0 103
1308490 0 101
1309985 0 102
1311439 0 103
1313016 0 101
1314532 0 102
1316068 0 103
1317542 0 101
1318976 0 102
1320471 0 103
1321945 0 101
1323399 0 102
1324792 0 102
1326246 0 103
1327700 0 101
1329195 0 102
1330690 0 103
1332124 0 101
1333537 0 102
1335073 0 103
1336506 0 101
1338022 0 102
1339537 0 103
1341032 0 101
1342425 0 102
1343940 0 102
1345435 0 102
1346889 0 102
1348323 0 102
1349716 0 103
1351252 0 101
1352747 0 102
1354221 0 102
1355614 0 102
1357088 0 102
1358481 0 102
1359914 0 103
1361471 0 101
1362966 0 102
1364420 0 102
1365833 0 102
1367308 0 102
1368844 0 102
1370359 0 103
1371936 0 101
1373370 0 102
1374906 0 102
1376360 0 102
1377814 0 102
1379268 0 102
1380742 0 102
1382217 0 103
1383732 0 101
1385248 0 102
1386640 0 102
1388115 0 102
1389508 0 102
1391003 0 103
1392559 0 101
1394074 0 102
1395590 0 102
1397126 0 103
1398560 0 101
1400034 0 102
1401570 0 102
1403045 0 102
1404519 0 103
1406076 0 101
1407468 0 102
1409004 0 103
1410540 0 101
1412097 0 102
1413489 0 102
1414923 0 102
1416418 0 102
1417851 0 102
1419326 0 103
1420759 0 101
1422275 0 102
1423790 0 103
1425347 0 101
1426740 0 102
1428153 0 102
1429545 0 102
1430979 0 102
1432474 0 102
1433928 0 102
1435382 0 102
1436897 0 103
1438372 0 101
1439765 0 102
1441301 0 102
1442775 0 103
1444188 0 101
1445663 0 102
1447178 0 102
1448673 0 102
1450066 0 102
1451602 0 103
1453158 0 101
1454694 0 102
1456169 0 102
1457623 0 102
1459097 0 102
1460490 0 102
1461964 0 102
1463357 0 103
1464893 0 101
1466306 0 102
1467842 0 103
1469378 0 101
1470853 0 102
1472245 0 103
1473699 0 101
1475194 0 102
1476607 0 102
1478041 0 103
1479577 0 101
1481113 0 102
1482608 0 102
1484083 0 102
1485618 0 102
1487011 0 102
1488527 0 102
1490022 0 102
1491414 0 103
1492889 0 101
1494384 0 102
1495838 0 103
1497292 0 101
1498787 0 102
1500261 0 102
1501756 0 102
1503292 0 102
1504808 0 103
1506262 0 101
1507736 0 102
1509170 0 103
1510726 0 101
1512140 0 102
1513532 0 103
1515048 0 101
1516584 0 102
1517997 0 102
1519410 0 102
1520823 0 102
1522297 0 102
1523772 0 102
1525185 0 103
1526639 0 101
1528134 0 102
1529588 0 102
1531104 0 102
1532640 0 102
1534073 0 103
1535548 0 101
1537043 0 102
1538517 0 103
1539992 0 101
1541528 0 102
1542920 0 103
1544334 0 101
1545767 0 102
1547180 0 103
1548737 0 101
1550129 0 102
1551583 0 103
1553078 0 101
1554512 0 102
1555987 0 102
1557482 0 102
1558997 0 102
1560472 0 102
1561905 0 102
1563441 0 102
1564916 0 103
1566431 0 101
1567967 0 102
1569503 0 103
1571060 0 101
1572555 0 102
1574050 0 103
1575606 0 101
1576999 0 102
1578514 0 103
1580071 0 101
1581525 0 102
1582958 0 102
1584412 0 102
1585805 0 102
1587279 0 102
1588672 0 102
1590106 0 103
1591580 0 101
1593116 0 102
1594591 0 102
1596086 0 102
1597581 0 103
1599137 0 101
1600530 0 102
1601922 0 102
1603315 0 102
1604708 0 102
1606182 0 102
1607698 0 103
1609193 0 101
1610626 0 102
1612019 0 103
1613575 0 101
1615070 0 102
1616504 0 102
1617958 0 102
1619514 0 102
1620968 0 103
1622443 0 101
1623856 0 102
1625269 0 102
1626662 0 102
1628177 0 103
1629590 0 101
1631044 0 102
1632458 0 102
1634014 0 103
1635468 0 101
1636963 0 102
1638356 0 102
1639851 0 102
1641284 0 102
1642800 0 102
1644315 0 102
1645769 0 103
1647285 0 101
1648780 0 102
1650316 0 102
1651790 0 102
1653347 0 102
1654780 0 102
1656214 0 103
1657688 0 101
1659183 0 102
1660637 0 102
1662132 0 102
1663566 0 102
1665020 0 102
1666454 0 102
1667867 0 103
1669362 0 101
1670836 0 102
1672372 0 102
1673888 0 103
1675465 0 101
1676919 0 102
1678434 0 103
1679970 0 101
1681445 0 102
1682919 0 102
1684373 0 102
1685868 0 102
1687281 0 102
1688776 0 103
1690231 0 101
1691623 0 102
1693036 0 103
1694531 0 101
1695965 0 102
1697439 0 103
1698893 0 101
1700307 0 102
1701740 0 102
1703133 0 103
1704607 0 101
1706123 0 102
1707536 0 102
1709072 0 103
1710546 0 101
1712082 0 102
1713598 0 103
1715134 0 101
1716608 0 102
1718042 0 102
1719578 0 102
1721093 0 102
1722629 0 103
1724124 0 101
1725599 0 102
1726991 0 102
1728446 0 102
1729981 0 102
1731436 0 102
1732931 0 102
1734467 0 103
1735900 0 101
1737375 0 102
1738829 0 103
1740303 0 101
1741819 0 102
1743314 0 102
1744768 0 103
1746324 0 101
1747840 0 102
1749376 0 103
1750932 0 101
1752448 0 102
1753840 0 102
1755294 0 102
1756851 0 102
1758346 0 102
1759841 0 103
1761254 0 101
1762687 0 102
1764183 0 102
1765678 0 102
1767193 0 102
1768729 0 102
1770224 0 103
1771780 0 101
1773235 0 102
1774689 0 102
1776143 0 102
1777617 0 102
1779071 0 103
1780546 0 101
1782041 0 102
1783556 0 102
1785051 0 102
1786546 0 102
1788062 0 103
1789516 0 101
1791052 0 102
1792485 0 102
1794021 0 102
1795557 0 103
1797093 0 101
1798568 0 102
1800022 0 103
1801496 0 101
1802971 0 102
1804405 0 103
1805838 0 101
1807333 0 102
1808746 0 103
1810180 0 101
1811695 0 102
1813231 0 102
1814624 0 102
1816098 0 102
1817655 0 103
1819088 0 101
1820522 0 102
1822037 0 102
1823430 0 102
1824946 0 102
1826379 0 102
1827854 0 102
1829308 0 103
1830741 0 101
1832236 0 102
1833731 0 103
1835308 0 101
1836721 0 102
1838175 0 102
1839629 0 102
1841145 0 102
1842538 0 102
1844074 0 103
1845569 0 101
1847084 0 102
1848579 0 102
1850013 0 103
1851549 0 101
1852941 0 102
1854395 0 102
1855890 0 102
1857303 0 102
1858717 0 103
1860130 0 101
1861584 0 102
1863058 0 102
1864553 0 103
1866028 0 101
1867543 0 102
1869018 0 102
1870431 0 102
1871926 0 102
1873318 0 102
1890012 0 37
1891445 0 40
1892961 0 43
1894497 0 45
1896033 0 47
1897446 0 39
1898982 0 47
1900395 0 42
1901869 0 41
1903344 0 38
1904777 0 58
1906211 0 57
1907645 0 64
1909119 0 47
1910553 0 57
1912068 0 51
1913584 0 62
1915038 0 45
1916594 0 51
1918089 0 65
1919543 0 39
1920977 0 58
1922533 0 50
1923987 0 54
1925421 0 50
1926854 0 50
1928309 0 55
1929865 0 62
1931258 0 41
1932712 0 49
1934104 0 58
1935620 0 49
1937135 0 56
1938548 0 58
1940002 0 69
1941456 0 41
1942931 0 55
1944487 0 63
1946044 0 44
1947580 0 57
1948993 0 59
1950488 0 56
1951901 0 58
1953376 0 49
1954891 0 70
1956284 0 44
1957697 0 50
1959253 0 52
1960769 0 57
1962223 0 62
1963615 0 41
1965110 0 50
1966605 0 50
1967998 0 50
1969452 0 59
1970906 0 71
1972340 0 46
1973876 0 59
1975330 0 51
1976804 0 50
1978197 0 50
1979753 0 63
1981248 0 46
1982702 0 54
1984218 0 53
1985733 0 58
1987208 0 57
1988785 0 59
1990259 0 54
1991795 0 64
1993290 0 40
1994724 0 55
1996158 0 57
1997632 0 53
1999107 0 51
2000540 0 57
2002117 0 67
2003592 0 41
2005025 0 56
2006479 0 49
2007933 0 65
2009469 0 44
2010882 0 51
2012336 0 71
2013791 0 41
2015306 0 51
2016801 0 64
2018357 0 37
2019771 0 52
2021245 0 58
2022679 0 54
2024153 0 55
2025607 0 56
2027041 0 55
2028474 0 49
2029928 0 66
2031403 0 42
2032796 0 53
2034270 0 59
2035765 0 50
2037301 0 56
2038714 0 56
2040189 0 49
2041704 0 49
2043199 0 61
2044612 0 38
2046107 0 51
2047623 0 72
2049118 0 38
2050654 0 56
2052128 0 50
2053541 0 56
2054996 0 55
2056552 0 49
2058088 0 55
2059562 0 67
2061078 0 45
2062655 0 55
2064191 0 58
2065706 0 69
2067222 0 43
2068655 0 60
2070130 0 65
2071584 0 45
2073120 0 50
2074615 0 52
2076049 0 53
2077462 0 72
2078936 0 42
2080452 0 60
2081906 0 54
2083442 0 53
2084957 0 61
2086370 0 42
2087906 0 53
2089381 0 51
2090855 0 64
2092330 0 41
2093845 0 53
2095381 0 61
2096897 0 38
2098412 0 55
2099969 0 52
2101464 0 60
2103000 0 50
2104454 0 66
2105908 0 44
2107342 0 57
2108816 0 52
2110332 0 60
2111847 0 52
2113383 0 57
2114878 0 66
2116291 0 48
2117745 0 60
2119261 0 55
2120694 0 63
2122169 0 45
2123705 0 57
2125138 0 52
2126695 0 64
2128128 0 45
2129644 0 53
2131098 0 61
2132593 0 42
2134108 0 52
2135665 0 60
2137221 0 56
2138634 0 55
2140150 0 59
2141583 0 55
2143017 0 67
2144553 0 48
2146007 0 57
2147543 0 52
2149120 0 50
2150554 0 57
2152110 0 55
2153523 0 67
2155080 0 38
2156616 0 53
2158172 0 51
2159585 0 51
2161060 0 59
2162514 0 58
2163947 0 68
2165463 0 47
2166978 0 53
2168473 0 57
2169968 0 56
2171402 0 64
2172897 0 40
2174351 0 59
2175907 0 71
2177402 0 39
2178938 0 53
2180454 0 66
2182010 0 40
2183485 0 59
2185000 0 66
2186434 0 44
2187826 0 59
2189383 0 69
2190939 0 44
2192352 0 51
2193888 0 49
2195302 0 50
2196797 0 54
2198312 0 54
2199848 0 70
2201261 0 38
2202695 0 55
2204128 0 60
2205603 0 63
2207077 0 46
2208572 0 57
2210149 0 58
2211644 0 56
2213180 0 69
2214655 0 43
2216191 0 59
2217727 0 61
2219201 0 47
2220614 0 52
2222068 0 53
2223605 0 55
2225161 0 52
2226676 0 63
2228233 0 46
2229810 0 54
2231346 0 63
2232902 0 44
2234397 0 60
2235810 0 52
2237264 0 50
2238718 0 59
2240234 0 67
2241688 0 38
2243203 0 54
2244678 0 68
2246112 0 40
2247586 0 58
2249040 0 60
2250535 0 72
2251989 0 42
2253525 0 58
2254979 0 52
2256515 0 50
2257908 0 51
2259382 0 68
2260877 0 40
2262413 0 55
2263847 0 68
2265321 0 41
2266878 0 54
2268414 0 57
2269970 0 64
2271383 0 40
2272878 0 57
2274332 0 56
2275807 0 52
2277302 0 60
2278818 0 51
2280313 0 52
2281869 0 64
2283282 0 40
2284818 0 59
2286272 0 65
2287808 0 38
2289324 0 50
2290757 0 60
2292211 0 52
2293706 0 52
2295222 0 69
2296696 0 40
2298212 0 55
2299666 0 69
2301120 0 37
2302656 0 56
2304171 0 59
2305625 0 60
2307120 0 71
2308513 0 45
2309947 0 50
2311503 0 54
2313059 0 60
2314452 0 59
2315968 0 65
2317524 0 46
2318978 0 54
2320494 0 49
2321989 0 49
2323504 0 70
2324979 0 41
2326392 0 52
2327948 0 69
2329505 0 37
2330979 0 57
2332433 0 69
2333990 0 47
2335505 0 53
2337062 0 52
2338598 0 51
2340154 0 49
2341649 0 62
2343185 0 43
2344660 0 59
2346134 0 60
2347568 0 55
2349001 0 69
2350455 0 45
2351909 0 56
2353466 0 70
2354961 0 43
2356517 0 58
2358012 0 52
2359466 0 58
2360900 0 57
2362415 0 52
2363931 0 67
2365405 0 47
2366921 0 52
2368416 0 57
2369993 0 53
2371488 0 52
2372962 0 61
2374437 0 43
2375993 0 56
2377509 0 50
2379004 0 70
2380397 0 47
2381932 0 57
2383509 0 57
2384984 0 59
2386438 0 52
2387872 0 60
2389387 0 61
2390821 0 42
2392275 0 57
2393729 0 72
2395224 0 40
2396678 0 56
2398173 0 53
2399729 0 53
2401265 0 62
2402699 0 37
2404112 0 51
2405648 0 60
2407122 0 60
2408617 0 71
2410072 0 42
2411587 0 58
2413041 0 50
2414495 0 53
2416031 0 72
2417547 0 44
2418980 0 54
2420496 0 59
2422052 0 51
2423527 0 57
2425063 0 65
2426599 0 37
2428155 0 58
2429671 0 50
2431206 0 52
2432722 0 55
2434217 0 66
2435732 0 43
2437227 0 49
2438682 0 70
2440177 0 40
2441569 0 57
2443023 0 50
2444580 0 60
2446116 0 53
2447529 0 59
2449085 0 52
2450560 0 68
2452075 0 38
2453632 0 60
2455086 0 60
2456560 0 65
2457994 0 41
2459530 0 51
2461025 0 51
2462520 0 53
2464056 0 51
2465510 0 59
2467025 0 51
2468582 0 71
2469974 0 44
2471490 0 49
2472985 0 65
2474480 0 44
2475995 0 50
2477490 0 55
2478985 0 62
2480521 0 48
2482016 0 52
2483430 0 50
2484986 0 52
2486543 0 56
2488099 0 57
2489553 0 61
2491089 0 46
2492563 0 53
2494099 0 67
2495615 0 45
2497069 0 59
2498584 0 53
2500018 0 56
2501493 0 64
2502967 0 42
2504483 0 60
2505937 0 58
2507370 0 58
2508845 0 58
2510258 0 54
2511753 0 67
2513186 0 47
2514702 0 49
2516156 0 59
2517590 0 49
2519023 0 56
2520580 0 49
2522116 0 61
2523590 0 46
2525024 0 57
2526539 0 67
2528014 0 43
2529468 0 57
2530942 0 51
2532458 0 53
2533891 0 60
2535304 0 49
2536718 0 61
2538151 0 37
2539626 0 52
2541182 0 64
2542698 0 46
2544131 0 55
2545606 0 67
2547019 0 40
2548534 0 56
2549988 0 49
2551504 0 56
2553060 0 58
2554596 0 68
2556050 0 46
2557566 0 54
2559081 0 52
2560617 0 56
2562153 0 55
2563730 0 58
2565246 0 50
2566761 0 69
2568236 0 46
2569710 0 55
2571246 0 57
2572741 0 51
2574216 0 66
2575608 0 38
2577103 0 49
2578578 0 49
2579971 0 61
2581445 0 43
2582940 0 58
2584517 0 50
2586012 0 52
2587487 0 54
2588920 0 54
2590333 0 59
2591828 0 59
2593323 0 65
2594880 0 37
2596334 0 51
2597747 0 68
2599242 0 40
2600737 0 58
2602252 0 56
2603706 0 50
2605201 0 51
2606635 0 52
2608130 0 55
2609584 0 67
2610977 0 39
2612492 0 51
2613905 0 59
2615441 0 68
2616936 0 46
2618390 0 59
2619926 0 51
2621380 0 67
2622875 0 37
2624411 0 58
2625886 0 58
2627360 0 59
2628794 0 55
2630228 0 64
2631682 0 42
2633177 0 50
2634692 0 50
2636105 0 51
2637580 0 65
2639034 0 41
2640549 0 55
2642003 0 53
2643498 0 68
2644973 0 45
2646529 0 53
2648065 0 69
2649601 0 43
2651158 0 53
2652591 0 54
2654025 0 70
2655520 0 39
2657015 0 52
2658469 0 60
2660025 0 57
2661561 0 67
2663056 0 40
2664531 0 58
2666046 0 52
2667582 0 50
2669016 0 60
2670450 0 49
2671863 0 54
2673255 0 62
2674668 0 46
2676204 0 60
2677720 0 70
2679174 0 43
2680710 0 55
2682164 0 59
2683659 0 54
2685113 0 51
2686629 0 57
2688083 0 55
2689537 0 58
2691114 0 65
2692547 0 44
2694083 0 49
2695578 0 56
2697135 0 52
2698671 0 51
2700166 0 65
2701661 0 47
2703074 0 56
2704610 0 70
2706023 0 44
2707477 0 59
2708951 0 70
2710467 0 39
2711982 0 50
2713436 0 50
2714911 0 51
2716385 0 66
2717901 0 41
2719355 0 58
2720891 0 59
2722304 0 60
2723697 0 65
2725130 0 48
2726584 0 57
2728079 0 54
2729636 0 68
2731172 0 41
2732708 0 60
2734100 0 65
2735575 0 47
2737090 0 49
2738524 0 52
2740019 0 49
2741514 0 63
2742927 0 47
2744443 0 52
2745999 0 56
2747474 0 56
2749030 0 51
2750484 0 51
2751877 0 52
2753351 0 72
2754805 0 46
2756321 0 52
2757836 0 70
2759249 0 44
2760744 0 59
2762157 0 61
2763591 0 45
2765025 0 59
2766499 0 70
2767933 0 48
2769448 0 49
2770841 0 54
2772254 0 54
2773667 0 58
2775101 0 52
2776534 0 51
2777947 0 65
2779422 0 46
2780937 0 52
2782391 0 67
2783927 0 43
2785443 0 60
2786856 0 58
2788330 0 53
2789805 0 51
2791218 0 61
2792672 0 38
2794229 0 52
2815485 0 104
2816878 0 104
2818393 0 104
2819847 0 104
2821240 0 104
2822776 0 104
2824189 0 104
2825684 0 104
2827138 0 104
2828653 0 104
2830148 0 105
2831685 0 105
2833077 0 105
2834592 0 105
2836128 0 105
2837583 0 105
2839057 0 106
2840511 0 104
2842027 0 105
2843563 0 106
2845058 0 104
2846594 0 105
2848068 0 105
2849543 0 106
2851017 0 104
2852451 0 105
2853946 0 105
2855338 0 105
2856833 0 105
2858246 0 105
2859762 0 106
2861237 0 104
2862691 0 105
2864145 0 106
2865640 0 104
2867114 0 105
2868568 0 105
2870022 0 105
2871476 0 105
2872971 0 105
2874425 0 105
2875920 0 106
2877334 0 104
2878788 0 105
2880303 0 106
2881798 0 104
2883334 0 105
2884788 0 105
2886242 0 106
2887655 0 104
2889048 0 105
2890461 0 105
2891915 0 105
2893369 0 105
2894905 0 105
2896339 0 106
2897854 0 104
2899329 0 105
2900762 0 105
2902319 0 105
2903773 0 105
2905247 0 106
2906701 0 104
2908155 0 105
2909691 0 105
2911248 0 105
2912681 0 105
2914135 0 105
2915528 0 106
2916982 0 104
2918436 0 105
2919952 0 105
2921365 0 105
2922901 0 106
2924334 0 104
2925809 0 105
2927263 0 106
2928696 0 104
2930191 0 105
2931687 0 105
2933120 0 105
2934574 0 105
2936028 0 105
2937503 0 105
2939039 0 106
2940493 0 104
2941947 0 105
2943442 0 105
2944957 0 105
2946514 0 105
2947988 0 106
2949483 0 104
2950978 0 105
2952371 0 105
2953866 0 105
2955299 0 105
2956774 0 105
2958228 0 106
2959723 0 104
2961136 0 105
2962672 0 106
2964106 0 104
2965539 0 105
2966973 0 105
2968386 0 106
2969901 0 104
2971396 0 105
2972953 0 106
2974509 0 104
2975923 0 105
2977377 0 105
2978892 0 105
2980407 0 105
2981923 0 105
2983357 0 106
2984852 0 104
2986285 0 105
2987760 0 105
2989214 0 105
2990668 0 105
2992122 0 106
2993555 0 104
2994948 0 105
2996464 0 105
2997979 0 106
2999413 0 104
3000826 0 105
3002382 0 106
3003836 0 104
3005270 0 105
3006765 0 105
3008178 0 105
3009693 0 105
3011168 0 105
3012642 0 106
3014056 0 104
3015571 0 105
3017005 0 105
3018418 0 105
3019913 0 105
3021449 0 106
3022882 0 104
3024336 0 105
3025749 0 106
3027285 0 104
3028780 0 105
3030214 0 106
3031729 0 104
3033224 0 105
3034781 0 105
3036276 0 105
3037710 0 105
3039205 0 105
3040700 0 105
3042195 0 106
3043731 0 104
3045205 0 105
3046659 0 105
3048072 0 105
3049567 0 106
3050980 0 104
3052475 0 105
3053888 0 105
3055404 0 105
3056817 0 105
3058251 0 105
3059766 0 105
3061179 0 106
3062633 0 104
3064067 0 105
3065521 0 105
3066995 0 106
3068531 0 104
3070026 0 105
3071562 0 105
3073037 0 105
3074532 0 105
3076088 0 105
3077501 0 105
3079037 0 106
3080451 0 104
3081884 0 105
3083441 0 105
3084936 0 105
3086451 0 106
3088008 0 104
3089482 0 105
3090875 0 105
3092288 0 105
3093844 0 105
3095278 0 105
3096732 0 105
3098206 0 106
3099763 0 104
3101299 0 105
3102794 0 105
3104309 0 105
3105845 0 105
3107340 0 105
3108835 0 106
3110248 0 104
3111723 0 105
3113156 0 106
3114570 0 104
3116024 0 105
3117560 0 105
3119034 0 105
3120550 0 105
3122045 0 105
3123499 0 105
3124973 0 106
3126386 0 104
3127799 0 105
3129213 0 105
3130748 0 105
3132203 0 105
3133595 0 106
3135070 0 104
3136565 0 105
3138080 0 105
3139555 0 105
3141009 0 105
3142442 0 105
3143937 0 105
3145371 0 106
3146886 0 104
3148443 0 105
3149897 0 105
3151433 0 105
3152969 0 106
3154464 0 104
3155877 0 105
3157393 0 106
3158908 0 104
3160464 0 105
3161980 0 105
3163475 0 106
3165031 0 104
3166547 0 105
3167981 0 105
3169373 0 105
3170807 0 105
3172302 0 106
3173817 0 104
3175251 0 105
3176787 0 106
3178323 0 104
3179797 0 105
3181251 0 105
3182685 0 105
3184241 0 105
3185695 0 105
3187108 0 105
3188522 0 106
3189976 0 104
3191471 0 105
3192986 0 105
3194522 0 106
3196038 0 104
3197492 0 105
3198925 0 105
3200461 0 105
3201915 0 106
3203390 0 104
3204864 0 105
3206380 0 105
3207813 0 105
3209308 0 105
3210721 0 105
3212176 0 105
3213609 0 106
3215166 0 104
3216722 0 105
3218258 0 106
3219794 0 104
3221350 0 105
3222866 0 105
3224340 0 106
3225856 0 104
3227392 0 105
3228907 0 105
3230361 0 105
3231775 0 105
3233188 0 106
3234662 0 104
3236116 0 105
3237550 0 106
3239045 0 104
3240519 0 105
3241932 0 105
3243325 0 105
3244841 0 106
3246315 0 104
3247872 0 105
3249346 0 106
3250739 0 104
3252275 0 105
3253831 0 105
3255306 0 105
3256780 0 106
3258296 0 104
3259750 0 105
3261245 0 105
3262781 0 105
3264194 0 106
3265627 0 104
3267040 0 105
3268556 0 105
3269990 0 105
3271546 0 105
3273102 0 106
3274536 0 104
3275970 0 105
3277506 0 105
3278960 0 105
3280455 0 105
3281909 0 106
3283465 0 104
3284960 0 105
3286353 0 105
3287786 0 106
3289199 0 104
3290653 0 105
3292087 0 105
3293541 0 106
3294954 0 104
3296511 0 105
3297944 0 105
3299480 0 105
3300975 0 106
3302532 0 104
3304027 0 105
3305542 0 106
3306996 0 104
3308430 0 105
3309986 0 106
3311522 0 104
3312935 0 105
3314369 0 105
3315925 0 106
3317420 0 104
3318956 0 105
3320390 0 105
3321906 0 105
3323339 0 105
3324855 0 105
3326329 0 106
3327763 0 104
3329237 0 105
3330753 0 106
3332166 0 104
3333620 0 105
3335135 0 105
3336651 0 105
3338146 0 105
3339661 0 105
3341156 0 106
3342692 0 104
3344187 0 105
3345600 0 105
3347013 0 105
3348406 0 105
3349942 0 105
3351355 0 105
3352891 0 106
3354386 0 104
3355881 0 105
3357356 0 105
3358871 0 105
3360284 0 105
3361779 0 106
3363233 0 104
3364728 0 105
3366182 0 106
3367718 0 104
3369234 0 105
3370708 0 106
3372224 0 104
3373780 0 105
3375173 0 106
3376627 0 104
3378081 0 105
3379535 0 105
3380948 0 105
3382464 0 105
3383979 0 105
3385433 0 105
3386928 0 106
3388341 0 104
3389836 0 105
3391290 0 105
3392806 0 105
3394281 0 105
3395734 0 106
3397291 0 104
3398786 0 105
3400281 0 106
3401735 0 104
3403251 0 105
3404807 0 105
3406323 0 106
3407879 0 104
3409292 0 105
3410746 0 105
3412139 0 105
3413572 0 105
3415026 0 105
3416501 0 105
3417934 0 106
3419388 0 104
3420843 0 105
3422338 0 105
3423792 0 106
3425225 0 104
3426638 0 105
3428154 0 105
3429546 0 105
3430939 0 105
3432393 0 106
3433909 0 104
3435424 0 105
3436919 0 105
3438373 0 106
3439848 0 104
3441302 0 105
3442756 0 105
3444271 0 105
3445725 0 105
3447179 0 105
3448654 0 105
3450128 0 106
3451644 0 104
3453057 0 105
3454470 0 105
3455863 0 106
3457296 0 104
3458709 0 105
3460163 0 105
3461618 0 105
3463133 0 105
3464587 0 106
3466062 0 104
3467557 0 105
3468990 0 106
3470506 0 104
3472042 0 105
3473475 0 106
3474950 0 104
3476363 0 105
3477817 0 106
3479353 0 104
3480786 0 105
3482200 0 106
3483715 0 104
3485169 0 105
3486664 0 105
3488159 0 105
3489716 0 105
3491149 0 105
3492665 0 105
3494098 0 105
3495552 0 106
3497047 0 104
3498522 0 105
3499976 0 106
3501491 0 104
3502904 0 105
3504318 0 105
3505833 0 106
3507287 0 104
3508823 0 105
3510216 0 105
3511752 0 105
3513288 0 106
3514824 0 104
3516298 0 105
3517752 0 105
3519186 0 105
3520599 0 105
3522155 0 105
3523650 0 105
3525084 0 106
3526538 0 104
3527931 0 105
3529426 0 105
3530941 0 106
3532498 0 104
3533952 0 105
3535406 0 105
3536860 0 106
3538273 0 104
3539809 0 105
3541304 0 105
3542696 0 105
3544253 0 106
3545789 0 104
3547202 0 105
3548676 0 105
3550192 0 105
3551748 0 105
3553284 0 105
3554759 0 106
3556213 0 104
3557626 0 105
3559101 0 106
3560555 0 104
3562091 0 105
3563586 0 106
3565019 0 104
3566432 0 105
3567886 0 106
3569340 0 104
3570856 0 105
3572371 0 105
3573784 0 105
3575239 0 105
3576734 0 105
3578229 0 106
3579744 0 104
3581157 0 105
3582570 0 105
3583983 0 105
3585499 0 105
3587035 0 105
3588468 0 106
3589902 0 104
3591376 0 105
3592831 0 106
3594285 0 104
3595718 0 105
3597275 0 106
3598688 0 104
3600142 0 105
3601575 0 105
3603111 0 106
3604524 0 104
3606040 0 105
3607576 0 106
3609091 0 104
3610545 0 105
3612081 0 106
3613597 0 104
3615092 0 105
3616525 0 106
3618041 0 104
3619495 0 105
3620908 0 105
3622403 0 105
3623857 0 105
3625352 0 106
3626806 0 104
3628363 0 105
3629817 0 106
3631332 0 104
3632848 0 105
3634363 0 106
3635899 0 104
3637333 0 105
3638807 0 106
3640343 0 104
3641900 0 105
3643313 0 105
3644828 0 105
3646364 0 106
3647921 0 104
3649313 0 105
3650788 0 105
3652344 0 105
3653880 0 105
3655355 0 105
3656850 0 106
3658345 0 104
3659778 0 105
3661253 0 105
3662768 0 105
3664264 0 105
3665779 0 106
3667233 0 104
3668687 0 105
3670203 0 106
3671677 0 104
3673131 0 105
3674667 0 105
3676162 0 105
3677657 0 105
3679173 0 106
3680627 0 104
3682101 0 105
3683535 0 106
3684948 0 104
3686382 0 105
3687836 0 105
3689310 0 105
3690723 0 105
3692116 0 106
3693529 0 104
3695003 0 105
3696437 0 105
3697973 0 105
3699529 0 106
3700963 0 104
3702479 0 105
3703974 0 105
3705509 0 105
3707004 0 105
3708540 0 105
3710056 0 105
3711592 0 106
3713026 0 104
3714541 0 105
