40295 0 8
41728 0 6
43223 0 2
44616 0 9
46111 0 7
47647 0 7
49080 0 6
50514 0 4
51988 0 7
53504 0 3
54917 0 16
56433 0 14
57866 0 29
59259 0 9
60795 0 23
62187 0 33
63641 0 7
65157 0 22
66590 0 15
68044 0 20
69621 0 36
71034 0 3
72489 0 19
73963 0 21
75479 0 31
77056 0 12
78551 0 18
80005 0 18
81479 0 14
82892 0 18
84408 0 22
85985 0 25
87480 0 5
88872 0 23
90429 0 29
91842 0 4
93316 0 21
94873 0 22
96327 0 16
97719 0 24
99235 0 21
100791 0 29
102225 0 5
103781 0 18
105256 0 23
106710 0 22
108164 0 25
109659 0 9
111134 0 17
112588 0 16
113960 0 14
115373 0 19
116806 0 28
118281 0 7
119837 0 22
121394 0 20
122889 0 23
124404 0 20
125920 0 22
127354 0 24
128767 0 32
130282 0 9
131839 0 18
133375 0 20
134910 0 20
136405 0 15
137941 0 15
139416 0 34
140891 0 9
142467 0 14
143840 0 34
145376 0 10
146830 0 13
148263 0 13
149738 0 21
151294 0 19
152748 0 19
154243 0 16
155738 0 25
157274 0 11
158831 0 24
160285 0 14
161718 0 20
163234 0 15
164667 0 15
166224 0 22
167719 0 33
169234 0 1
170750 0 16
172163 0 15
173699 0 24
175235 0 30
176607 0 7
178163 0 16
179699 0 18
181133 0 22
182608 0 13
184000 0 32
185536 0 10
187052 0 14
188506 0 32
189898 0 5
191434 0 20
192929 0 21
194465 0 17
196001 0 32
197435 0 3
198848 0 18
200281 0 22
201817 0 25
203272 0 8
204767 0 22
206323 0 18
207798 0 22
209231 0 22
210767 0 16
212283 0 27
213737 0 1
215150 0 13
216624 0 20
218099 0 17
219512 0 15
220966 0 25
222461 0 6
223976 0 20
225574 0 27
227130 0 2
228564 0 18
230079 0 21
231554 0 19
233008 0 13
234442 0 28
235855 0 7
237411 0 22
238845 0 33
240360 0 1
241773 0 23
243207 0 25
244640 0 12
246115 0 19
247671 0 31
249248 0 5
250784 0 23
252177 0 15
253713 0 24
255105 0 16
256560 0 36
258096 0 4
259488 0 14
260942 0 25
262478 0 10
264055 0 14
265448 0 36
266963 0 3
268417 0 21
269830 0 26
271284 0 5
272800 0 20
274315 0 14
275769 0 30
277162 0 9
278596 0 14
280009 0 21
281565 0 22
282999 0 19
284432 0 20
285989 0 31
287463 0 5
288938 0 15
290351 0 21
291805 0 15
293341 0 21
294856 0 35
296270 0 3
297806 0 19
299260 0 36
300816 0 7
302291 0 17
303704 0 27
305158 0 8
306714 0 18
308230 0 15
309663 0 16
311117 0 29
312612 0 5
314046 0 23
315500 0 23
316995 0 14
318429 0 20
319903 0 29
321357 0 11
322893 0 18
324347 0 24
325863 0 24
327317 0 23
328873 0 20
330348 0 25
331802 0 9
333235 0 14
334710 0 19
336246 0 19
337720 0 26
339133 0 2
340628 0 19
342164 0 21
343680 0 18
345113 0 16
346506 0 20
348042 0 20
349537 0 25
350971 0 3
352363 0 19
353879 0 22
355353 0 17
356828 0 17
358220 0 32
359613 0 10
361067 0 20
362624 0 16
363996 0 20
365429 0 23
366945 0 32
368460 0 3
369894 0 21
371348 0 20
372925 0 32
374379 0 3
375874 0 20
377308 0 25
378864 0 5
380298 0 22
381752 0 23
383165 0 16
384660 0 23
386175 0 30
387609 0 12
389083 0 15
390640 0 24
392176 0 17
393650 0 13
395104 0 32
396558 0 5
397992 0 24
399507 0 14
401043 0 20
402518 0 17
404013 0 24
405426 0 19
406982 0 25
408498 0 3
409932 0 18
411406 0 21
412962 0 14
414437 0 22
415912 0 14
417448 0 28
418922 0 4
420417 0 19
421871 0 23
423428 0 16
424923 0 28
426336 0 2
427769 0 18
429244 0 36
430718 0 10
432172 0 14
433626 0 20
435121 0 19
436637 0 27
438132 0 10
439668 0 20
441122 0 17
442638 0 13
444071 0 16
445443 0 19
447000 0 17
448556 0 29
449949 0 7
451362 0 13
452795 0 16
454188 0 17
455622 0 23
457076 0 13
458468 0 16
459943 0 33
461479 0 6
462933 0 15
464387 0 20
465943 0 18
467356 0 29
468892 0 10
470346 0 24
471760 0 22
473255 0 14
474688 0 27
476122 0 5
477555 0 18
479091 0 14
480566 0 30
482061 0 11
483576 0 24
485051 0 24
486525 0 20
487979 0 32
489352 0 8
490847 0 17
492239 0 26
493755 0 7
495168 0 18
496704 0 30
498178 0 5
499694 0 14
501086 0 27
502479 0 11
503974 0 20
505551 0 15
507087 0 17
508623 0 21
510118 0 26
511633 0 9
513046 0 18
514582 0 29
515975 0 5
517388 0 17
518883 0 34
520276 0 8
521812 0 14
523327 0 26
524802 0 9
526215 0 17
527710 0 21
529225 0 21
530679 0 16
532174 0 33
533608 0 1
535144 0 15
536660 0 15
538216 0 21
539772 0 25
541267 0 10
542721 0 23
544176 0 34
545609 0 3
547084 0 13
548620 0 23
550115 0 15
551651 0 32
553064 0 3
554456 0 21
555910 0 25
557467 0 9
558921 0 15
560375 0 15
561931 0 20
563365 0 15
564880 0 20
566335 0 22
567809 0 32
569243 0 8
570799 0 19
572294 0 17
573810 0 24
575264 0 34
576800 0 11
578295 0 20
579831 0 13
581244 0 14
582657 0 23
584193 0 25
585667 0 7
587142 0 17
588616 0 13
590111 0 13
591545 0 20
593081 0 27
594617 0 1
596071 0 19
597627 0 36
599204 0 10
600781 0 13
602194 0 34
603730 0 5
605143 0 22
606700 0 24
608215 0 13
609710 0 15
611164 0 15
612639 0 17
614114 0 34
615547 0 12
617042 0 21
618496 0 14
620032 0 14
621445 0 36
622879 0 8
624394 0 19
625869 0 22
627302 0 13
628838 0 24
630292 0 18
631726 0 20
633160 0 15
634614 0 26
636088 0 3
637604 0 23
639140 0 29
640594 0 11
641986 0 13
643399 0 17
644915 0 19
646471 0 13
647966 0 20
649461 0 27
650977 0 8
652492 0 16
654008 0 25
655421 0 12
656855 0 20
658350 0 19
659886 0 15
661299 0 33
662814 0 2
664289 0 18
665763 0 21
667299 0 18
668712 0 19
670166 0 30
671538 0 4
672931 0 23
674447 0 29
675962 0 12
677498 0 18
679034 0 13
680549 0 19
682085 0 35
683642 0 7
685075 0 21
686509 0 14
687963 0 30
689458 0 11
690892 0 22
692366 0 16
693800 0 22
695336 0 14
696790 0 18
698326 0 34
699800 0 10
701316 0 23
702729 0 30
704224 0 5
705617 0 14
707009 0 24
708443 0 14
709979 0 20
711494 0 34
712948 0 2
714423 0 17
715938 0 24
717351 0 22
718826 0 15
720362 0 26
721734 0 10
723270 0 24
724765 0 31
726321 0 4
727755 0 21
729250 0 20
730684 0 14
732097 0 30
733592 0 1
734984 0 18
736561 0 26
737954 0 1
739387 0 14
740780 0 26
742296 0 3
743791 0 17
745265 0 19
746678 0 22
748173 0 24
749627 0 14
751020 0 26
752515 0 3
754030 0 23
755484 0 18
757000 0 18
758536 0 20
760031 0 23
761546 0 17
763041 0 33
764475 0 12
765888 0 17
767383 0 17
768837 0 20
770312 0 22
771827 0 15
773302 0 23
774756 0 35
776271 0 4
777766 0 24
779159 0 13
780613 0 13
782047 0 21
783623 0 31
785180 0 4
786613 0 22
788027 0 22
789460 0 13
790873 0 24
792368 0 29
793761 0 9
795276 0 24
796669 0 21
798164 0 20
799679 0 17
801113 0 15
802547 0 24
804042 0 25
805557 0 4
807052 0 22
808527 0 16
809960 0 24
811394 0 22
812827 0 28
814343 0 8
815920 0 20
817497 0 18
818951 0 26
820384 0 8
821920 0 20
823374 0 23
824808 0 35
826221 0 1
827675 0 21
829109 0 19
830604 0 17
832140 0 32
833614 0 12
835150 0 22
836604 0 36
838079 0 6
839512 0 14
840966 0 21
842461 0 31
844018 0 6
845533 0 17
846987 0 22
848482 0 20
850059 0 21
851575 0 14
853008 0 34
854524 0 12
855978 0 17
857371 0 36
858866 0 10
860299 0 15
861794 0 27
863248 0 5
864784 0 15
866259 0 32
867713 0 8
869187 0 18
870641 0 18
872116 0 17
873529 0 22
875065 0 34
876540 0 2
878014 0 22
879591 0 14
881004 0 20
882602 0 22
884097 0 35
885510 0 2
887046 0 24
888561 0 33
889974 0 1
891428 0 19
892964 0 33
894459 0 12
895872 0 24
897347 0 31
898801 0 11
900296 0 15
901771 0 34
903245 0 9
904679 0 17
906133 0 14
907669 0 20
909143 0 26
910577 0 9
912051 0 14
913587 0 24
915082 0 20
916536 0 15
917970 0 15
919383 0 36
920817 0 5
922209 0 14
923602 0 14
924994 0 23
926428 0 16
927943 0 17
929439 0 18
930852 0 19
932429 0 30
933842 0 6
935296 0 14
936791 0 26
938224 0 8
939658 0 24
992358 0 101
993791 0 101
995184 0 101
996658 0 101
998112 0 101
999505 0 101
1000979 0 101
1002474 0 101
1004010 0 101
1005464 0 101
1006980 0 102
1008536 0 102
1010072 0 103
1011588 0 101
1013103 0 102
1014639 0 102
1016175 0 102
1017711 0 102
1019145 0 102
1020681 0 102
1022094 0 103
1023609 0 101
1025104 0 102
1026640 0 102
1028115 0 103
1029610 0 101
1031105 0 102
1032518 0 102
1033931 0 102
1035324 0 102
1036716 0 102
1038191 0 102
1039584 0 102
1041120 0 103
1042533 0 101
1044007 0 102
1045482 0 103
1046997 0 101
1048390 0 102
1049885 0 102
1051441 0 102
1052854 0 102
1054329 0 102
1055762 0 103
1057278 0 101
1058691 0 102
1060166 0 103
1061722 0 101
1063197 0 102
1064712 0 102
1066166 0 102
1067702 0 102
1069115 0 102
1070508 0 103
1072003 0 101
1073436 0 102
1074972 0 102
1076467 0 102
1077983 0 102
1079396 0 102
1080809 0 102
1082284 0 103
1083758 0 101
1085274 0 102
1086789 0 102
1088284 0 102
1089697 0 103
1091192 0 101
1092646 0 102
1094182 0 103
1095759 0 101
1097234 0 102
1098749 0 102
1100183 0 103
1101719 0 101
1103111 0 102
1104627 0 103
1106081 0 101
1107494 0 102
1108928 0 102
1110423 0 103
1112000 0 101
1113495 0 102
1115010 0 102
1116444 0 103
1118000 0 101
1119475 0 102
1120990 0 102
1122526 0 102
1123919 0 103
1125434 0 101
1126950 0 102
1128445 0 103
1129960 0 101
1131455 0 102
1133012 0 102
1134548 0 102
1135940 0 103
1137456 0 101
1138930 0 102
1140384 0 102
1141900 0 102
1143333 0 102
1144808 0 103
1146242 0 101
1147777 0 102
1149313 0 102
1150829 0 102
1152303 0 103
1153717 0 101
1155109 0 102
1156625 0 102
1158120 0 102
1159656 0 102
1161171 0 102
1162646 0 102
1164059 0 103
1165554 0 101
1167069 0 102
1168605 0 102
1170141 0 103
1171636 0 101
1173029 0 102
1174565 0 103
1176060 0 101
1177555 0 102
1179029 0 102
1180483 0 103
1181917 0 101
1183351 0 102
1184764 0 102
1186238 0 102
1187754 0 102
1189249 0 102
1190785 0 102
1192259 0 103
1193693 0 101
1195147 0 102
1196601 0 103
1198157 0 101
1199570 0 102
1201004 0 102
1202397 0 102
1203830 0 103
1205366 0 101
1206779 0 102
1208172 0 102
1209708 0 102
1211203 0 102
1212677 0 103
1214193 0 101
1215586 0 102
1217101 0 103
1218658 0 101
1220132 0 102
1221607 0 102
1223061 0 102
1224535 0 102
1225969 0 102
1227382 0 102
1228877 0 103
1230351 0 101
1231867 0 102
1233259 0 103
1234754 0 101
1236290 0 102
1237785 0 102
1239281 0 102
1240694 0 102
1242127 0 102
1243602 0 102
1245158 0 103
1246633 0 101
1248107 0 102
1249664 0 103
1251241 0 101
1252674 0 102
1254067 0 103
1255582 0 101
1257057 0 102
1258531 0 102
1259924 0 102
1261317 0 102
1262771 0 102
1264204 0 102
1265720 0 103
1267297 0 101
1268833 0 102
1270266 0 102
1271700 0 102
1273236 0 103
1274669 0 101
1276205 0 102
1277659 0 103
1279093 0 101
1280506 0 102
1281960 0 102
1283353 0 103
1284889 0 101
1286322 0 102
1287858 0 103
1289394 0 101
1290910 0 102
1292343 0 102
1293777 0 102
1295210 0 102
1296746 0 102
1298159 0 102
1299695 0 103
1301190 0 101
1302706 0 102
1304242 0 102
1305696 0 102
1307191 0 102
1308727 0 102
1310140 0 103
1311594 0 101
1313089 0 102
1314543 0 102
1315977 0 102
1317390 0 103
1318905 0 101
1320359 0 102
1321793 0 102
1323329 0 103
1324742 0 101
1326237 0 102
1327671 0 102
1329207 0 102
1330661 0 102
1332135 0 103
1333651 0 101
1335043 0 102
1336538 0 103
1337951 0 101
1339487 0 102
1341003 0 102
1342518 0 103
1343993 0 101
1345385 0 102
1346881 0 102
1348294 0 103
1349707 0 101
1351161 0 102
1352697 0 102
1354130 0 102
1355625 0 102
1357141 0 102
1358533 0 102
1359967 0 103
1361462 0 101
1363018 0 102
1364513 0 103
1366070 0 101
1367565 0 102
1369060 0 102
1370494 0 103
1371948 0 101
1373443 0 102
1374999 0 102
1376453 0 102
1377969 0 103
1379443 0 101
1380959 0 102
1382392 0 103
1383908 0 101
1385403 0 102
1386877 0 102
1388311 0 102
1389724 0 102
1391157 0 102
1392632 0 103
1394107 0 101
1395561 0 102
1397097 0 102
1398510 0 102
1399902 0 102
1401315 0 103
1402851 0 101
1404346 0 102
1405882 0 103
1407439 0 101
1408872 0 102
1410326 0 102
1411883 0 102
1413419 0 102
1414852 0 102
1416266 0 102
1417658 0 102
1419133 0 103
1420648 0 101
1422082 0 102
1423474 0 102
1424949 0 102
1426342 0 102
1427755 0 102
1429291 0 103
1430827 0 101
1432240 0 102
1433694 0 102
1435127 0 102
1436684 0 102
1438220 0 103
1439735 0 101
1441169 0 102
1442602 0 102
1444118 0 102
1445531 0 103
1447067 0 101
1448541 0 102
1450077 0 102
1451593 0 102
1453047 0 103
1454583 0 101
1456057 0 102
1457593 0 102
1459088 0 102
1460543 0 102
1461956 0 103
1463369 0 101
1464864 0 102
1466256 0 102
1467751 0 102
1469226 0 102
1470639 0 103
1472113 0 101
1473547 0 102
1474960 0 103
1476435 0 101
1477909 0 102
1479302 0 102
1480715 0 102
1482169 0 103
1483684 0 101
1485077 0 102
1486490 0 102
1487985 0 102
1489378 0 103
1490791 0 101
1492184 0 102
1493679 0 102
1495112 0 103
1496628 0 101
1498164 0 102
1499556 0 103
1500990 0 101
1502485 0 102
1503980 0 102
1505434 0 102
1506888 0 103
1508362 0 101
1509755 0 102
1511230 0 103
1512684 0 101
1514158 0 102
1515612 0 103
1517169 0 101
1518561 0 102
1520015 0 102
1521531 0 102
1522944 0 103
1524459 0 101
1525873 0 102
1527347 0 102
1528760 0 102
1530194 0 102
1531730 0 102
1533245 0 102
1534740 0 103
1536276 0 101
1537792 0 102
1539205 0 102
1540741 0 103
1542195 0 101
1543690 0 102
1545205 0 102
1546618 0 102
1548113 0 103
1549588 0 101
1551001 0 102
1552414 0 102
1553889 0 102
1555343 0 102
1556817 0 103
1558251 0 101
1559725 0 102
1561200 0 102
1562654 0 102
1564067 0 102
1565460 0 103
1566893 0 101
1568327 0 102
1569760 0 103
1571235 0 101
1572669 0 102
1574204 0 102
1575638 0 103
1577072 0 101
1578505 0 102
1579939 0 103
1581475 0 101
1583031 0 102
1584506 0 102
1585939 0 102
1587332 0 102
1588827 0 102
1590363 0 102
1591858 0 102
1593333 0 103
1594868 0 101
1596282 0 102
1597674 0 102
1599149 0 103
1600603 0 101
1602057 0 102
1603470 0 102
1605026 0 102
1606439 0 102
1607955 0 103
1609450 0 101
1610843 0 102
1612317 0 102
1613751 0 102
1615184 0 102
1616618 0 103
1618092 0 101
1619526 0 102
1620960 0 102
1622373 0 102
1623868 0 102
1625301 0 102
1626796 0 103
1628271 0 101
1629745 0 102
1631261 0 102
1632674 0 102
1634107 0 103
1635602 0 101
1637077 0 102
1638470 0 102
1639903 0 102
1641296 0 102
1642832 0 103
1644368 0 101
1645822 0 102
1647214 0 102
1648750 0 102
1650266 0 102
1651720 0 102
1653194 0 103
1654628 0 101
1656144 0 102
1657577 0 102
1659093 0 103
1660526 0 101
1661919 0 102
1663311 0 102
1664786 0 103
1666301 0 101
1667837 0 102
1669373 0 102
1670909 0 102
1672425 0 102
1673961 0 102
1675476 0 103
1676971 0 101
1678405 0 102
1679818 0 103
1681374 0 101
1682788 0 102
1684242 0 103
1685757 0 101
1687150 0 102
1688665 0 102
1690119 0 102
1691655 0 102
1693089 0 102
1694625 0 102
1696017 0 103
1697451 0 101
1698905 0 102
1700441 0 103
1701895 0 101
1703349 0 102
1704865 0 103
1706339 0 101
1707875 0 102
1709350 0 102
1710906 0 102
1712442 0 102
1713917 0 102
1715350 0 102
1716866 0 103
1718422 0 101
1719897 0 102
1721412 0 103
1722948 0 101
1724464 0 102
1725856 0 103
1727269 0 101
1728703 0 102
1730177 0 103
1731631 0 101
1733127 0 102
1734642 0 103
1736055 0 101
1737448 0 102
1738984 0 103
1740479 0 101
1741933 0 102
1743387 0 103
1744820 0 101
1746336 0 102
1747728 0 102
1749183 0 103
1750698 0 101
1752173 0 102
1753668 0 102
1755122 0 102
1756576 0 103
1758009 0 101
1759402 0 102
1760856 0 103
1762289 0 101
1763723 0 102
1765136 0 102
1766590 0 102
1768106 0 102
1769539 0 102
1771034 0 103
1772468 0 101
1773963 0 102
1775478 0 102
1776994 0 102
1778407 0 103
1779963 0 101
1781499 0 102
1782974 0 103
1784407 0 101
1785902 0 102
1787398 0 102
1788811 0 102
1790203 0 102
1791678 0 103
1793111 0 101
1794504 0 102
1795938 0 102
1797330 0 102
1798866 0 102
1800300 0 102
1801774 0 102
1803249 0 103
1804785 0 101
1806218 0 102
1807734 0 102
1809208 0 102
1810621 0 102
1812116 0 103
1813550 0 101
1814943 0 102
1816458 0 102
1817912 0 102
1819448 0 103
1820902 0 101
1822295 0 102
1823810 0 103
1825244 0 101
1826780 0 102
1828193 0 102
1829606 0 102
1831122 0 102
1832555 0 103
1834112 0 101
1835627 0 102
1837081 0 102
1838617 0 102
1840071 0 103
1841566 0 101
1843061 0 102
1844556 0 102
1846092 0 102
1847628 0 102
1849041 0 102
1850536 0 103
1852072 0 101
1853465 0 102
1854939 0 103
1856352 0 101
1857847 0 102
1859342 0 103
1860919 0 101
1862414 0 102
1863930 0 102
1865404 0 102
1866899 0 102
1868354 0 102
1869869 0 102
1871344 0 103
1872777 0 101
1874272 0 102
1875788 0 102
1877242 0 102
1878634 0 102
1880047 0 102
1881481 0 103
1882955 0 101
1884491 0 102
1885884 0 102
1887277 0 102
1888772 0 102
1921075 0 41
1922570 0 40
1924024 0 45
1925539 0 45
1927116 0 39
1928550 0 45
1930045 0 42
1931499 0 37
1932912 0 40
1934407 0 42
1935902 0 58
1937335 0 58
1938851 0 60
1940407 0 54
1941841 0 61
1943274 0 43
1944688 0 52
1946244 0 50
1947780 0 64
1949255 0 43
1950811 0 60
1952347 0 72
1953862 0 40
1955296 0 60
1956812 0 69
1958368 0 42
1959781 0 57
1961235 0 62
1962648 0 46
1964143 0 59
1965597 0 50
1967092 0 51
1968587 0 57
1970041 0 52
1971557 0 51
1973093 0 63
1974547 0 41
1976083 0 56
1977619 0 59
1979114 0 58
1980588 0 50
1982022 0 49
1983415 0 66
1984828 0 43
1986343 0 60
1987797 0 54
1989272 0 57
1990808 0 49
1992262 0 56
1993798 0 70
1995149 0 46
1996665 0 51
1998221 0 62
1999757 0 40
2001252 0 56
2002747 0 53
2004181 0 52
2005655 0 57
2007191 0 69
2008727 0 40
2010243 0 58
2011779 0 72
2013192 0 44
2014626 0 49
2016059 0 72
2017595 0 44
2019131 0 59
2020606 0 70
2022019 0 42
2023473 0 56
2025009 0 53
2026442 0 57
2027978 0 62
2029432 0 40
2030927 0 59
2032463 0 49
2033958 0 72
2035433 0 48
2036989 0 50
2038423 0 55
2039979 0 50
2041413 0 56
2042908 0 56
2044341 0 61
2045796 0 37
2047291 0 57
2048724 0 58
2050178 0 57
2051755 0 60
2053250 0 69
2054827 0 40
2056261 0 59
2057674 0 58
2059189 0 71
2060643 0 44
2062077 0 50
2063592 0 50
2065087 0 52
2066603 0 56
2068159 0 56
2069593 0 58
2071170 0 61
2072665 0 43
2074139 0 59
2075634 0 63
2077068 0 48
2078502 0 59
2079956 0 67
2081512 0 41
2083048 0 52
2084543 0 59
2085956 0 59
2087513 0 51
2089028 0 59
2090544 0 57
2092018 0 67
2093534 0 42
2095008 0 56
2096483 0 69
2098019 0 42
2099555 0 52
2101050 0 54
2102504 0 55
2103917 0 71
2105330 0 47
2106804 0 53
2108340 0 55
2109856 0 49
2111351 0 54
2112805 0 52
2114218 0 54
2115754 0 65
2117290 0 44
2118724 0 59
2120260 0 63
2121755 0 39
2123188 0 58
2124663 0 52
2126158 0 61
2127694 0 39
2129107 0 49
2130520 0 52
2132076 0 51
2133489 0 51
2135005 0 72
2136541 0 38
2137954 0 60
2139490 0 58
2140944 0 56
2142357 0 56
2143832 0 56
2145245 0 70
2146740 0 43
2148153 0 53
2149627 0 66
2151163 0 37
2152556 0 50
2154071 0 67
2155566 0 38
2157020 0 54
2158454 0 59
2159929 0 58
2161403 0 60
2162898 0 54
2164311 0 64
2165704 0 39
2167096 0 54
2168632 0 59
2170168 0 71
2171704 0 44
2173138 0 50
2174612 0 72
2176026 0 47
2177582 0 56
2179118 0 63
2180613 0 45
2182067 0 49
2183460 0 59
2184893 0 70
2186347 0 46
2187822 0 53
2189378 0 67
2190812 0 38
2192368 0 53
2193802 0 57
2195379 0 57
2196874 0 59
2198307 0 53
2199720 0 71
2201154 0 39
2202690 0 58
2204247 0 70
2205721 0 38
2207257 0 49
2208650 0 59
2210124 0 63
2211558 0 45
2213053 0 51
2214486 0 50
2215899 0 57
2217394 0 52
2218808 0 63
2220323 0 48
2221839 0 52
2223395 0 65
2224849 0 38
2226405 0 58
2227860 0 57
2229273 0 50
2230706 0 66
2232263 0 41
2233655 0 56
2235130 0 53
2236666 0 56
2238222 0 56
2239717 0 54
2241212 0 65
2242748 0 46
2244161 0 59
2245615 0 72
2247008 0 44
2248503 0 54
2250039 0 53
2251534 0 60
2253009 0 54
2254524 0 56
2255978 0 72
2257514 0 46
2259030 0 55
2260484 0 62
2262040 0 47
2263494 0 57
2265051 0 53
2266546 0 54
2267959 0 67
2269392 0 42
2270805 0 59
2272341 0 62
2273836 0 47
2275311 0 51
2276785 0 60
2278239 0 55
2279694 0 69
2281188 0 47
2282602 0 58
2284179 0 71
2285694 0 41
2287107 0 56
2288602 0 53
2290036 0 58
2291490 0 72
2292903 0 45
2294357 0 51
2295893 0 56
2297388 0 56
2298821 0 59
2300255 0 50
2301689 0 56
2303122 0 64
2304576 0 38
2306112 0 49
2307525 0 72
2309061 0 37
2310495 0 49
2311928 0 52
2313485 0 57
2314898 0 57
2316413 0 68
2317888 0 44
2319424 0 50
2320919 0 51
2322373 0 49
2323909 0 54
2325425 0 57
2326858 0 61
2328353 0 44
2329828 0 52
2331364 0 56
2332838 0 59
2334374 0 54
2335931 0 60
2337467 0 62
2339002 0 46
2340559 0 59
2342013 0 52
2343549 0 49
2345085 0 49
2346560 0 63
2348054 0 39
2349590 0 52
2351045 0 56
2352458 0 49
2353932 0 49
2355345 0 51
2356738 0 51
2358253 0 63
2359810 0 47
2361264 0 54
2362656 0 50
2364070 0 63
2365565 0 42
2367121 0 49
2368657 0 57
2370132 0 51
2371565 0 61
2373040 0 41
2374555 0 53
2376030 0 68
2377545 0 40
2378958 0 53
2380515 0 55
2381948 0 60
2383361 0 60
2384795 0 66
2386270 0 39
2387724 0 53
2389219 0 58
2390796 0 66
2392291 0 40
2393745 0 60
2395178 0 53
2396714 0 63
2398189 0 45
2399725 0 52
2401261 0 66
2402797 0 48
2404292 0 49
2405746 0 62
2407282 0 46
2408715 0 49
2410149 0 57
2411562 0 49
2413036 0 52
2414552 0 55
2415985 0 63
2417440 0 38
2418935 0 50
2420348 0 71
2421781 0 45
2423297 0 49
2424792 0 68
2426348 0 38
2427802 0 55
2429236 0 58
2430813 0 64
2432267 0 37
2433741 0 50
2435195 0 56
2436629 0 54
2438144 0 57
2439598 0 49
2441032 0 55
2442548 0 57
2444022 0 62
2445538 0 37
2447074 0 50
2448487 0 65
2450002 0 40
2451518 0 56
2453013 0 65
2454487 0 47
2456044 0 53
2457498 0 53
2459054 0 66
2460590 0 40
2462024 0 55
2463498 0 50
2465034 0 57
2466529 0 60
2468004 0 60
2469437 0 64
2470932 0 48
2472468 0 57
2473881 0 49
2475397 0 72
2476912 0 37
2478407 0 59
2479964 0 53
2481500 0 57
2482933 0 61
2484367 0 48
2485801 0 54
2487357 0 53
2488811 0 65
2490347 0 37
2491883 0 59
2493460 0 60
2494934 0 56
2496409 0 57
2497924 0 63
2499460 0 39
2500874 0 57
2502328 0 50
2503864 0 50
2505318 0 52
2506854 0 70
2508369 0 47
2509823 0 51
2511339 0 60
2512895 0 52
2514411 0 50
2515885 0 71
2517380 0 43
2518814 0 52
2520350 0 52
2521763 0 54
2523176 0 59
2524712 0 72
2526145 0 37
2527702 0 49
2529238 0 51
2530733 0 58
2532310 0 52
2533764 0 50
2535177 0 53
2536672 0 72
2538187 0 39
2539703 0 56
2541137 0 52
2542570 0 60
2544004 0 50
2545499 0 69
2546912 0 44
2548407 0 50
2549881 0 60
2551397 0 53
2552871 0 57
2554284 0 62
2555841 0 41
2557356 0 57
2558933 0 63
2560510 0 47
2562026 0 55
2563521 0 63
2564934 0 44
2566449 0 60
2567903 0 57
2569460 0 52
2571016 0 52
2572532 0 60
2574088 0 59
2575604 0 71
2577119 0 42
2578553 0 51
2580089 0 49
2581584 0 51
2583079 0 52
2584553 0 60
2585987 0 58
2587543 0 66
2589059 0 38
2590574 0 55
2592131 0 53
2593564 0 49
2594977 0 58
2596554 0 51
2598111 0 54
2599585 0 64
2601080 0 46
2602575 0 56
2604009 0 59
2605565 0 57
2607040 0 57
2608535 0 59
2610050 0 55
2611586 0 66
2613000 0 46
2614454 0 52
2616031 0 59
2617485 0 52
2618918 0 64
2620475 0 43
2622011 0 57
2623424 0 57
2624857 0 50
2626250 0 67
2627663 0 43
2629097 0 53
2630633 0 59
2632189 0 55
2633663 0 53
2635097 0 60
2636551 0 71
2637944 0 44
2639439 0 50
2640852 0 57
2642285 0 52
2643699 0 59
2645153 0 64
2646566 0 37
2648102 0 51
2649597 0 70
2651092 0 38
2652505 0 59
2653959 0 62
2655515 0 44
2657010 0 58
2658485 0 55
2659939 0 72
2661331 0 46
2662908 0 55
2664342 0 49
2665796 0 71
2667291 0 46
2668766 0 54
2670261 0 52
2671797 0 63
2673353 0 44
2674766 0 57
2676200 0 63
2677736 0 43
2679169 0 54
2680623 0 67
2682139 0 41
2683634 0 58
2685088 0 57
2686542 0 55
2688078 0 53
2689573 0 68
2690986 0 38
2692481 0 60
2693997 0 61
2695553 0 45
2697068 0 57
2698543 0 71
2700038 0 40
2701533 0 49
2703028 0 59
2704523 0 52
2705936 0 50
2707472 0 68
2709008 0 41
2710503 0 59
2711978 0 67
2713391 0 39
2714865 0 58
2716299 0 64
2717692 0 44
2719187 0 59
2720702 0 49
2722238 0 49
2723712 0 64
2725269 0 48
2726805 0 53
2728300 0 52
2729754 0 57
2731290 0 71
2732785 0 41
2734300 0 56
2735734 0 50
2737168 0 56
2738642 0 60
2740055 0 71
2741530 0 41
2743086 0 53
2744540 0 53
2746035 0 60
2747530 0 58
2749005 0 57
2750582 0 66
2751995 0 47
2753510 0 53
2754944 0 50
2756500 0 53
2757954 0 71
2759388 0 46
2760863 0 51
2762378 0 59
2763914 0 58
2765348 0 52
2766863 0 59
2768399 0 55
2769894 0 55
2771328 0 70
2772741 0 48
2774236 0 54
2775690 0 63
2777144 0 39
2778598 0 57
2780175 0 60
2781608 0 52
2783103 0 53
2784558 0 64
2786093 0 42
2787547 0 52
2788961 0 51
2790456 0 50
2791971 0 49
2793446 0 55
2795002 0 49
2796415 0 67
2797849 0 38
2799364 0 53
2800839 0 55
2802293 0 60
2803767 0 50
2805262 0 49
2806778 0 60
2808314 0 62
2809747 0 41
2811201 0 50
2812717 0 57
2814191 0 59
2815666 0 55
2817222 0 60
2818615 0 53
2820028 0 62
2821585 0 41
2823059 0 52
2824534 0 54
2859245 0 104
2860637 0 104
2862153 0 104
2863709 0 104
2865143 0 104
2866638 0 104
2868194 0 104
2869648 0 104
2871164 0 104
2872597 0 104
2874072 0 105
2875567 0 105
2877062 0 105
2878496 0 105
2879909 0 105
2881342 0 106
2882796 0 104
2884250 0 105
2885786 0 105
2887179 0 106
2888715 0 104
2890210 0 105
2891664 0 106
2893138 0 104
2894695 0 105
2896231 0 105
2897644 0 105
2899119 0 105
2900552 0 106
2902109 0 104
2903645 0 105
2905078 0 106
2906553 0 104
2908007 0 105
2909420 0 106
2910874 0 104
2912266 0 105
2913721 0 105
2915195 0 106
2916731 0 104
2918165 0 105
2919619 0 105
2921093 0 105
2922568 0 106
2924001 0 104
2925435 0 105
2926848 0 105
2928363 0 106
2929899 0 104
2931333 0 105
2932767 0 105
2934282 0 105
2935777 0 105
2937334 0 105
2938767 0 106
2940283 0 104
2941798 0 105
2943293 0 106
2944788 0 104
2946324 0 105
2947778 0 105
2949335 0 105
2950809 0 105
2952345 0 105
2953820 0 106
2955315 0 104
2956830 0 105
2958325 0 105
2959820 0 105
2961213 0 105
2962605 0 106
2963998 0 104
2965554 0 105
2967070 0 105
2968606 0 106
2970142 0 104
2971678 0 105
2973193 0 105
2974688 0 105
2976183 0 106
2977597 0 104
2979153 0 105
2980668 0 106
2982204 0 104
2983659 0 105
2985092 0 106
2986628 0 104
2988021 0 105
2989454 0 105
2990867 0 105
2992321 0 105
2993816 0 105
2995229 0 105
2996643 0 106
2998138 0 104
2999571 0 105
3001066 0 106
3002520 0 104
3004015 0 105
3005531 0 105
3007005 0 105
3008459 0 105
3009954 0 105
3011367 0 105
3012924 0 105
3014378 0 106
3015812 0 104
3017368 0 105
3018863 0 105
3020338 0 105
3021792 0 105
3023225 0 106
3024741 0 104
3026195 0 105
3027669 0 106
3029144 0 104
3030659 0 105
3032195 0 105
3033731 0 105
3035206 0 105
3036721 0 105
3038196 0 106
3039732 0 104
3041247 0 105
3042660 0 105
3044073 0 105
3045609 0 105
3047063 0 106
3048599 0 104
3050094 0 105
3051589 0 106
3053146 0 104
3054661 0 105
3056074 0 106
3057569 0 104
3058983 0 105
3060498 0 106
3061952 0 104
3063427 0 105
3064881 0 105
3066355 0 105
3067809 0 105
3069345 0 105
3070861 0 105
3072274 0 106
3073789 0 104
3075264 0 105
3076697 0 106
3078131 0 104
3079585 0 105
3081142 0 105
3082534 0 106
3083968 0 104
3085401 0 105
3086937 0 105
3088412 0 105
3089948 0 105
3091361 0 105
3092897 0 105
3094351 0 106
3095907 0 104
3097402 0 105
3098959 0 106
3100495 0 104
3101928 0 105
3103321 0 106
3104816 0 104
3106332 0 105
3107724 0 105
3109178 0 105
3110612 0 106
3112127 0 104
3113602 0 105
3115117 0 105
3116551 0 105
3118025 0 106
3119561 0 104
3121036 0 105
3122469 0 105
3123985 0 105
3125459 0 105
3126934 0 105
3128409 0 106
3129924 0 104
3131419 0 105
3132894 0 105
3134286 0 105
3135699 0 105
3137092 0 105
3138648 0 105
3140061 0 106
3141454 0 104
3142847 0 105
3144342 0 105
3145755 0 105
3147229 0 105
3148663 0 106
3150158 0 104
3151632 0 105
3153046 0 105
3154602 0 105
3156036 0 105
3157490 0 105
3159005 0 106
3160439 0 104
3161975 0 105
3163367 0 105
3164801 0 106
3166214 0 104
3167627 0 105
3169163 0 105
3170597 0 106
3172112 0 104
3173566 0 105
3175020 0 106
3176495 0 104
3177887 0 105
3179403 0 105
3180816 0 106
3182229 0 104
3183704 0 105
3185158 0 105
3186571 0 105
3188107 0 105
3189643 0 106
3191076 0 104
3192469 0 105
3193943 0 105
3195479 0 105
3196913 0 105
3198347 0 105
3199801 0 106
3201255 0 104
3202729 0 105
3204245 0 105
3205740 0 105
3207276 0 106
3208709 0 104
3210163 0 105
3211658 0 106
3213092 0 104
3214587 0 105
3216082 0 105
3217597 0 105
3218990 0 105
3220465 0 105
3221960 0 105
3223434 0 106
3224909 0 104
3226465 0 105
3227858 0 105
3229291 0 105
3230786 0 105
3232199 0 105
3233715 0 105
3235251 0 105
3236664 0 106
3238138 0 104
3239592 0 105
3241149 0 106
3242644 0 104
3244159 0 105
3245695 0 105
3247231 0 105
3248767 0 105
3250283 0 105
3251737 0 105
3253191 0 106
3254706 0 104
3256099 0 105
3257533 0 106
3258966 0 104
3260502 0 105
3261977 0 105
3263410 0 105
3264946 0 105
3266339 0 105
3267813 0 106
3269288 0 104
3270844 0 105
3272298 0 105
3273793 0 105
3275329 0 105
3276865 0 106
3278340 0 104
3279835 0 105
3281289 0 105
3282743 0 105
3284136 0 105
3285651 0 105
3287167 0 105
3288641 0 106
3290136 0 104
3291693 0 105
3293106 0 105
3294601 0 105
3296096 0 106
3297632 0 104
3299106 0 105
3300581 0 106
3302035 0 104
3303428 0 105
3304943 0 105
3306418 0 105
3307933 0 105
3309326 0 105
3310821 0 105
3312336 0 106
3313749 0 104
3315162 0 105
3316616 0 105
3318030 0 105
3319504 0 106
3320958 0 104
3322453 0 105
3323928 0 105
3325361 0 106
3326815 0 104
3328228 0 105
3329744 0 105
3331177 0 105
3332591 0 106
3334065 0 104
3335560 0 105
3337014 0 105
3338489 0 106
3340004 0 104
3341540 0 105
3343097 0 105
3344592 0 105
3346107 0 105
3347561 0 106
3349097 0 104
3350613 0 105
3352169 0 105
3353603 0 106
3355098 0 104
3356490 0 105
3357903 0 105
3359337 0 106
3360873 0 104
3362327 0 105
3363863 0 105
3365276 0 105
3366832 0 105
3368287 0 105
3369720 0 106
3371215 0 104
3372751 0 105
3374205 0 106
3375680 0 104
3377236 0 105
3378690 0 105
3380124 0 105
3381598 0 105
3383032 0 105
3384445 0 105
3385960 0 106
3387353 0 104
3388828 0 105
3390241 0 105
3391695 0 106
3393190 0 104
3394726 0 105
3396221 0 106
3397695 0 104
3399252 0 105
3400788 0 106
3402344 0 104
3403819 0 105
3405252 0 105
3406706 0 105
3408119 0 105
3409553 0 105
3411048 0 106
3412502 0 104
3414059 0 105
3415513 0 105
3417049 0 105
3418482 0 105
3420018 0 106
3421534 0 104
3422926 0 105
3424380 0 106
3425916 0 104
3427391 0 105
3428906 0 105
3430422 0 105
3431876 0 105
3433371 0 105
3434763 0 106
3436320 0 104
3437733 0 105
3439248 0 106
3440682 0 104
3442218 0 105
3443734 0 106
3445208 0 104
3446642 0 105
3448116 0 105
3449570 0 105
3451024 0 105
3452519 0 105
3453994 0 106
3455428 0 104
3456943 0 105
3458438 0 106
3459831 0 104
3461366 0 105
3462821 0 105
3464254 0 105
3465667 0 105
3467121 0 105
3468555 0 106
3470091 0 104
3471545 0 105
3473040 0 105
3474576 0 106
3475968 0 104
3477525 0 105
3478958 0 105
3480453 0 105
3482010 0 106
3483566 0 104
3485041 0 105
3486434 0 106
3487990 0 104
3489506 0 105
3490939 0 106
3492496 0 104
3493970 0 105
3495486 0 106
3497022 0 104
3498435 0 105
3499971 0 105
3501507 0 105
3502981 0 106
3504517 0 104
3506033 0 105
3507487 0 106
3508961 0 104
3510497 0 105
3511972 0 105
3513426 0 105
3514818 0 106
3516272 0 104
3517706 0 105
3519140 0 105
3520594 0 106
3522109 0 104
3523584 0 105
3525058 0 105
3526574 0 105
3528028 0 105
3529523 0 106
3530977 0 104
3532410 0 105
3533864 0 106
3535339 0 104
3536793 0 105
3538227 0 105
3539660 0 105
3541155 0 106
3542630 0 104
3544022 0 105
3545456 0 105
3546930 0 105
3548364 0 105
3549920 0 106
3551456 0 104
3552972 0 105
3554426 0 105
3555880 0 105
3557314 0 105
3558768 0 105
3560222 0 106
3561655 0 104
3563212 0 105
3564625 0 106
3566099 0 104
3567492 0 105
3569007 0 106
3570461 0 104
3571936 0 105
3573370 0 105
3574803 0 106
3576196 0 104
3577711 0 105
3579124 0 105
3580619 0 105
3582155 0 105
3583548 0 106
3585084 0 104
3586620 0 105
3588033 0 105
3589569 0 105
3591084 0 105
3592600 0 105
3594013 0 106
3595488 0 104
3596942 0 105
3598334 0 105
3599850 0 105
3601304 0 105
3602737 0 106
3604232 0 104
3605686 0 105
3607182 0 105
3608656 0 105
3610090 0 105
3611564 0 105
3613059 0 106
3614534 0 104
3616008 0 105
3617462 0 106
3618896 0 104
3620329 0 105
3621865 0 105
3623258 0 105
3624671 0 105
3626207 0 105
3627764 0 106
3629279 0 104
3630774 0 105
3632269 0 105
3633785 0 105
3635280 0 105
3636795 0 105
3638229 0 105
3639724 0 106
3641198 0 104
3642693 0 105
3644229 0 106
3645786 0 104
3647219 0 105
3648632 0 105
3650107 0 105
3651499 0 105
3652994 0 105
3654428 0 105
3655923 0 105
3657418 0 106
3658913 0 104
3660367 0 105
3661801 0 105
3663193 0 106
3664627 0 104
3666040 0 105
3667453 0 105
3668866 0 106
3670341 0 104
3671897 0 105
3673351 0 106
3674764 0 104
3676157 0 105
3677570 0 105
3678963 0 105
3680417 0 106
3681912 0 104
3683427 0 105
3684861 0 105
3686397 0 105
3687830 0 105
3689264 0 105
3690779 0 106
3692274 0 104
3693708 0 105
3695142 0 105
3696575 0 106
3698091 0 104
3699606 0 105
3701142 0 106
3702637 0 104
3704194 0 105
3705668 0 105
3707122 0 105
3708597 0 106
3710133 0 104
3711607 0 105
3713143 0 106
3714577 0 104
3716113 0 105
3717567 0 105
3719062 0 106
3720618 0 104
3722134 0 105
3723588 0 105
3725083 0 105
3726496 0 105
3727970 0 105
3729445 0 105
3730981 0 105
3732496 0 106
3733991 0 104
3735486 0 105
3736940 0 106
3738415 0 104
3739828 0 105
3741262 0 106
3742818 0 104
3744334 0 105
3745788 0 105
3747324 0 106
3748737 0 104
3750232 0 105
3751747 0 105
3753304 0 105
3754799 0 105
3756253 0 105
3757727 0 105
