40730 0 8
42266 0 12
43699 0 5
45215 0 2
46628 0 9
48184 0 7
49700 0 4
51215 0 8
52731 0 7
54164 0 2
55680 0 16
57154 0 13
58629 0 36
60062 0 5
61598 0 14
63052 0 31
64609 0 8
66206 0 13
67722 0 25
69135 0 10
70609 0 14
72064 0 15
73579 0 17
74992 0 15
76467 0 23
77921 0 13
79457 0 36
80972 0 5
82508 0 19
83921 0 35
85375 0 5
86768 0 20
88324 0 20
89799 0 19
91273 0 16
92646 0 36
94120 0 6
95574 0 23
97069 0 28
98523 0 5
99998 0 14
101390 0 23
102865 0 34
104401 0 8
105937 0 24
107432 0 20
108865 0 16
110360 0 18
111917 0 34
113432 0 10
114989 0 13
116504 0 17
117999 0 34
119474 0 10
120907 0 23
122300 0 15
123693 0 23
125167 0 23
126724 0 18
128157 0 35
129570 0 7
131127 0 13
132601 0 16
133994 0 31
135428 0 6
136964 0 20
138520 0 18
139954 0 20
141387 0 13
142903 0 16
144316 0 20
145749 0 33
147244 0 1
148739 0 13
150234 0 34
151647 0 11
153142 0 13
154617 0 24
156030 0 19
157546 0 24
158938 0 19
160474 0 14
161969 0 25
163526 0 7
164980 0 19
166557 0 19
168011 0 17
169506 0 15
171021 0 22
172455 0 22
174011 0 36
175527 0 6
177083 0 21
178619 0 34
180135 0 7
181589 0 23
183022 0 15
184435 0 17
185971 0 16
187405 0 23
188818 0 26
190354 0 11
191910 0 19
193426 0 19
194921 0 24
196436 0 13
197890 0 13
199345 0 25
200799 0 12
202355 0 14
203768 0 29
205202 0 1
206615 0 18
208110 0 21
209646 0 24
211202 0 13
212697 0 31
214131 0 11
215564 0 15
216977 0 34
218370 0 1
219845 0 15
221340 0 30
222732 0 4
224166 0 21
225702 0 16
227217 0 36
228753 0 11
230228 0 20
231723 0 24
233177 0 14
234692 0 27
236105 0 7
237580 0 16
239116 0 15
240591 0 17
242045 0 18
243478 0 22
244953 0 27
246407 0 7
247881 0 14
249294 0 25
250707 0 10
252202 0 14
253636 0 24
255029 0 14
256565 0 21
258060 0 14
259473 0 21
260947 0 26
262340 0 6
263835 0 18
265330 0 27
266866 0 6
268422 0 19
269917 0 32
271310 0 5
272744 0 16
274239 0 23
275795 0 15
277311 0 16
278785 0 15
280260 0 36
281796 0 10
283332 0 14
284704 0 21
286219 0 22
287653 0 32
289168 0 5
290561 0 18
292117 0 13
293510 0 20
295107 0 26
296643 0 7
298056 0 21
299551 0 31
301087 0 12
302501 0 18
304036 0 23
305511 0 26
307047 0 5
308603 0 19
310180 0 30
311614 0 3
313007 0 17
314440 0 17
315976 0 13
317471 0 17
318987 0 16
320359 0 21
321833 0 30
323308 0 1
324803 0 17
326195 0 26
327649 0 8
329165 0 20
330619 0 34
332155 0 5
333691 0 13
335145 0 27
336661 0 1
338176 0 23
339651 0 14
341146 0 14
342579 0 14
343972 0 34
345364 0 1
346777 0 17
348232 0 16
349747 0 16
351160 0 22
352573 0 31
354068 0 12
355543 0 13
356997 0 14
358430 0 19
359884 0 16
361379 0 20
362813 0 15
364329 0 28
365721 0 12
367237 0 19
368793 0 29
370309 0 10
371783 0 22
373299 0 34
374691 0 5
376145 0 19
377640 0 20
379197 0 17
380630 0 27
382023 0 7
383498 0 22
385033 0 33
386508 0 8
388044 0 22
389621 0 24
391116 0 20
392652 0 18
394085 0 27
395621 0 5
397096 0 15
398509 0 36
400066 0 1
401581 0 22
403056 0 24
404571 0 15
406025 0 16
407541 0 15
408954 0 20
410469 0 35
411964 0 10
413521 0 16
415057 0 36
416593 0 5
417985 0 13
419419 0 20
420934 0 19
422429 0 15
423863 0 13
425276 0 27
426751 0 5
428205 0 22
429679 0 33
431154 0 4
432669 0 16
434205 0 16
435721 0 20
437216 0 24
438670 0 23
440124 0 20
441578 0 30
443011 0 9
444568 0 13
446001 0 26
447394 0 8
448889 0 21
450364 0 17
451756 0 16
453272 0 17
454685 0 19
456118 0 32
457634 0 11
459149 0 16
460644 0 32
462119 0 4
463655 0 17
465068 0 16
466542 0 13
467997 0 32
469389 0 11
470946 0 17
472359 0 23
473792 0 20
475369 0 17
476905 0 22
478400 0 25
479854 0 7
481411 0 21
482844 0 20
484339 0 22
485916 0 13
487370 0 20
488845 0 30
490258 0 4
491692 0 20
493248 0 23
494661 0 34
496177 0 11
497672 0 19
499248 0 20
500703 0 17
502116 0 15
503631 0 25
505065 0 5
506560 0 24
507973 0 20
509488 0 24
510942 0 14
512335 0 26
513809 0 2
515284 0 21
516779 0 17
518295 0 18
519790 0 29
521162 0 1
522698 0 19
524254 0 15
525647 0 15
527039 0 19
528596 0 18
530070 0 33
531524 0 10
532999 0 19
534514 0 21
535989 0 16
537382 0 24
538856 0 17
540310 0 26
541703 0 6
543116 0 14
544611 0 21
546188 0 18
547601 0 15
549035 0 14
550509 0 23
551963 0 17
553520 0 28
554953 0 7
556510 0 13
557964 0 18
559500 0 22
560995 0 14
562428 0 32
563841 0 1
565316 0 19
566749 0 23
568224 0 20
569719 0 19
571255 0 16
572709 0 16
574102 0 28
575535 0 2
577030 0 24
578546 0 23
579979 0 20
581474 0 15
582949 0 14
584423 0 34
585898 0 10
587413 0 17
588867 0 19
590424 0 22
591857 0 34
593311 0 10
594888 0 19
596445 0 20
598001 0 13
599435 0 23
600909 0 35
602364 0 2
603756 0 13
605251 0 24
606746 0 24
608303 0 32
609798 0 3
611190 0 23
612706 0 18
614242 0 35
615655 0 1
617211 0 17
618727 0 24
620160 0 18
621696 0 19
623253 0 17
624646 0 23
626058 0 30
627553 0 6
628967 0 18
630462 0 18
631895 0 23
633370 0 19
634947 0 18
636442 0 27
637937 0 6
639473 0 17
640927 0 28
642340 0 3
643876 0 18
645330 0 35
646763 0 10
648279 0 21
649815 0 23
651289 0 16
652825 0 17
654300 0 26
655774 0 3
657208 0 21
658621 0 31
660096 0 5
661652 0 18
663127 0 14
664601 0 24
666096 0 14
667530 0 33
669045 0 11
670520 0 21
672035 0 24
673551 0 16
675025 0 17
676479 0 14
677974 0 33
679531 0 7
680964 0 20
682459 0 21
683913 0 17
685306 0 17
686822 0 29
688194 0 3
689668 0 23
691184 0 21
692679 0 27
694174 0 10
695648 0 21
697123 0 20
698597 0 16
700051 0 33
701587 0 2
703062 0 23
704475 0 18
705909 0 35
707363 0 7
708919 0 22
710414 0 34
711868 0 1
713281 0 16
714653 0 25
716148 0 12
717561 0 21
718995 0 17
720408 0 16
721903 0 36
723357 0 4
724873 0 13
726368 0 31
727842 0 2
729276 0 15
730750 0 21
732163 0 13
733638 0 29
735113 0 5
736567 0 17
738021 0 19
739536 0 29
740949 0 9
742506 0 20
744083 0 24
745619 0 36
747073 0 8
748568 0 22
750063 0 23
751619 0 18
753032 0 28
754507 0 3
756022 0 16
757476 0 16
758910 0 28
760323 0 1
761777 0 22
763354 0 19
764910 0 23
766364 0 14
767819 0 22
769334 0 14
770768 0 23
772324 0 35
773758 0 6
775232 0 16
776604 0 13
778038 0 13
779471 0 22
780946 0 21
782462 0 13
783895 0 28
785411 0 6
786947 0 18
788483 0 28
790039 0 10
791554 0 23
792988 0 34
794524 0 10
796101 0 16
797535 0 22
799050 0 14
800443 0 13
801897 0 29
803310 0 12
804784 0 22
806238 0 23
807672 0 22
809228 0 31
810662 0 6
812116 0 20
813673 0 35
815168 0 11
816663 0 17
818158 0 24
819632 0 14
821107 0 20
822643 0 16
824076 0 22
825530 0 36
826984 0 12
828541 0 13
829933 0 33
831449 0 7
832923 0 14
834418 0 27
835893 0 11
837347 0 22
838842 0 25
840296 0 10
841812 0 19
843266 0 25
844822 0 10
846399 0 22
847853 0 36
849389 0 8
850986 0 13
852461 0 13
853895 0 22
855390 0 18
856864 0 20
858339 0 18
859834 0 27
861370 0 12
862803 0 14
864339 0 25
865855 0 2
867268 0 24
868681 0 21
870114 0 21
871609 0 34
873023 0 4
874477 0 23
876013 0 36
877528 0 5
879003 0 16
880457 0 20
881952 0 17
883344 0 30
884839 0 9
886375 0 14
887891 0 14
889386 0 17
890840 0 23
892355 0 13
893891 0 31
895386 0 5
896861 0 23
898274 0 17
899810 0 26
901182 0 6
902698 0 17
904213 0 33
905769 0 4
907285 0 17
908760 0 34
910275 0 5
911688 0 14
913122 0 19
914535 0 20
916071 0 13
917607 0 24
919081 0 29
920617 0 8
922071 0 13
923587 0 15
925061 0 16
926536 0 20
927969 0 13
929382 0 18
930816 0 30
932168 0 3
933581 0 21
935055 0 22
936489 0 24
937963 0 35
939377 0 3
940790 0 13
1130861 0 101
1132356 0 101
1133851 0 101
1135264 0 101
1136677 0 101
1138172 0 101
1139708 0 101
1141203 0 101
1142596 0 101
1144050 0 101
1145565 0 102
1146958 0 102
1148473 0 103
1149948 0 101
1151402 0 102
1152876 0 102
1154392 0 102
1155866 0 103
1157402 0 101
1158856 0 102
1160249 0 103
1161744 0 101
1163198 0 102
1164734 0 103
1166290 0 101
1167683 0 102
1169137 0 102
1170571 0 103
1172025 0 101
1173561 0 102
1175076 0 102
1176469 0 103
1177923 0 101
1179397 0 102
1180852 0 102
1182265 0 102
1183780 0 102
1185234 0 103
1186750 0 101
1188245 0 102
1189637 0 102
1191132 0 102
1192545 0 102
1193979 0 103
1195413 0 101
1196887 0 102
1198300 0 102
1199754 0 103
1201188 0 101
1202662 0 102
1204178 0 103
1205673 0 101
1207127 0 102
1208663 0 103
1210137 0 101
1211612 0 102
1213107 0 103
1214561 0 101
1215954 0 102
1217449 0 102
1218903 0 102
1220316 0 102
1221790 0 103
1223306 0 101
1224842 0 102
1226358 0 102
1227914 0 103
1229429 0 101
1230822 0 102
1232378 0 102
1233791 0 102
1235307 0 102
1236843 0 102
1238379 0 102
1239853 0 103
1241410 0 101
1242925 0 102
1244400 0 102
1245936 0 102
1247349 0 103
1248762 0 101
1250216 0 102
1251732 0 103
1253165 0 101
1254681 0 102
1256217 0 103
1257732 0 101
1259268 0 102
1260804 0 102
1262258 0 102
1263794 0 102
1265330 0 102
1266825 0 102
1268341 0 103
1269795 0 101
1271269 0 102
1272682 0 102
1274116 0 102
1275570 0 102
1276962 0 102
1278417 0 102
1279830 0 103
1281345 0 101
1282881 0 102
1284397 0 102
1285851 0 102
1287325 0 102
1288861 0 103
1290418 0 101
1291851 0 102
1293285 0 103
1294759 0 101
1296234 0 102
1297708 0 102
1299183 0 102
1300637 0 102
1302112 0 103
1303545 0 101
1305061 0 102
1306576 0 102
1308051 0 102
1309505 0 102
1310979 0 102
1312392 0 103
1313805 0 101
1315280 0 102
1316714 0 102
1318147 0 102
1319704 0 103
1321280 0 101
1322673 0 102
1324230 0 102
1325643 0 102
1327138 0 102
1328633 0 103
1330087 0 101
1331582 0 102
1332995 0 102
1334531 0 102
1335985 0 102
1337377 0 102
1338770 0 102
1340183 0 102
1341678 0 103
1343112 0 101
1344586 0 102
1346122 0 102
1347658 0 102
1349133 0 103
1350607 0 101
1352000 0 102
1353495 0 102
1354949 0 102
1356485 0 102
1357980 0 102
1359455 0 102
1360888 0 102
