40242 0 2
41634 0 2
43088 0 4
44604 0 1
46119 0 4
47573 0 12
49027 0 10
50461 0 6
51894 0 12
53430 0 4
54843 0 16
56256 0 14
57772 0 22
59206 0 35
60619 0 11
62134 0 23
63691 0 21
65247 0 18
66681 0 29
68094 0 4
69466 0 14
70981 0 20
72558 0 13
73992 0 28
75507 0 8
77023 0 21
78579 0 20
80156 0 18
81672 0 24
83208 0 18
84662 0 33
86095 0 5
87570 0 22
89003 0 14
90519 0 24
92014 0 16
93386 0 36
94902 0 7
96315 0 16
97810 0 30
99243 0 5
100636 0 15
102110 0 23
103564 0 16
105018 0 15
106473 0 21
107947 0 29
109360 0 4
110855 0 15
112371 0 17
113784 0 20
115340 0 21
116917 0 21
118433 0 24
119887 0 23
121300 0 26
122713 0 12
124126 0 21
125642 0 22
127096 0 14
128488 0 14
130004 0 32
131458 0 9
132891 0 23
134345 0 36
135922 0 1
137376 0 18
138830 0 22
140264 0 16
141636 0 35
143172 0 2
144606 0 17
146019 0 21
147493 0 14
149009 0 28
150524 0 8
152081 0 13
153473 0 20
154968 0 35
156504 0 11
158020 0 13
159535 0 36
160989 0 8
162505 0 18
164000 0 30
165413 0 8
166928 0 19
168464 0 16
169980 0 13
171373 0 22
172827 0 21
174383 0 36
175939 0 8
177516 0 19
178930 0 19
180404 0 33
181920 0 12
183435 0 21
184930 0 22
186425 0 30
187777 0 7
189210 0 21
190685 0 18
192221 0 14
193757 0 16
195272 0 23
196706 0 16
198201 0 19
199757 0 25
201314 0 2
202727 0 22
204160 0 16
205676 0 15
207191 0 15
208666 0 20
210243 0 16
211758 0 20
213233 0 27
214748 0 9
216264 0 20
217841 0 15
219356 0 24
220892 0 20
222469 0 20
223923 0 25
225459 0 2
226975 0 19
228470 0 16
230006 0 16
231521 0 13
233057 0 22
234634 0 30
236109 0 11
237563 0 22
239078 0 33
240594 0 4
242007 0 16
243481 0 13
244935 0 30
246308 0 1
247700 0 23
249134 0 16
250649 0 14
252062 0 20
253578 0 14
255073 0 23
256588 0 34
258001 0 7
259517 0 13
260950 0 23
262486 0 19
263981 0 29
265476 0 4
266849 0 18
268282 0 15
269818 0 36
271354 0 2
272890 0 13
274365 0 28
275880 0 9
277437 0 19
278932 0 18
280406 0 17
281881 0 24
283396 0 28
284912 0 1
286448 0 18
287922 0 29
289458 0 2
290871 0 19
292407 0 20
293964 0 19
295520 0 17
296974 0 15
298408 0 13
299800 0 31
301357 0 12
302770 0 18
304244 0 16
305760 0 35
307316 0 2
308811 0 14
310306 0 19
311822 0 17
313317 0 19
314812 0 24
316307 0 24
317802 0 27
319215 0 11
320710 0 23
322267 0 15
323741 0 13
325236 0 36
326772 0 9
328185 0 18
329701 0 30
331196 0 3
332629 0 16
334083 0 23
335599 0 26
337053 0 5
338466 0 15
339981 0 25
341538 0 11
342992 0 20
344466 0 30
345818 0 8
347293 0 24
348726 0 19
350303 0 30
351819 0 7
353375 0 16
354891 0 31
356427 0 9
357942 0 19
359499 0 14
360973 0 20
362448 0 18
363922 0 24
365315 0 20
366871 0 18
368448 0 28
369964 0 1
371479 0 15
372913 0 14
374285 0 32
375739 0 1
377193 0 16
378647 0 13
380183 0 20
381698 0 16
383091 0 32
384566 0 12
385958 0 15
387433 0 36
388907 0 3
390423 0 14
391897 0 26
393331 0 8
394805 0 16
396341 0 15
397795 0 29
399249 0 11
400724 0 16
402117 0 15
403530 0 16
404922 0 34
406438 0 7
407933 0 18
409366 0 24
410780 0 15
412234 0 21
413708 0 22
415224 0 17
416657 0 30
418152 0 11
419606 0 20
421081 0 23
422535 0 26
423989 0 9
425545 0 15
426979 0 27
428392 0 6
429948 0 20
431444 0 15
432836 0 19
434270 0 18
435785 0 14
437198 0 35
438611 0 12
440024 0 16
441499 0 23
442974 0 13
444469 0 36
446025 0 9
447561 0 24
449036 0 24
450531 0 18
452046 0 31
453623 0 4
455077 0 20
456593 0 13
458108 0 36
459644 0 2
461139 0 21
462593 0 35
464068 0 12
465563 0 16
466955 0 21
468512 0 36
469966 0 2
471358 0 15
472874 0 29
474328 0 11
475884 0 21
477379 0 14
478833 0 16
480349 0 36
481926 0 4
483359 0 21
484916 0 21
486349 0 24
487885 0 23
489360 0 27
490794 0 9
492248 0 18
493722 0 22
495258 0 13
496692 0 18
498187 0 32
499682 0 11
501238 0 22
502815 0 27
504290 0 12
505723 0 16
507177 0 21
508734 0 24
510188 0 14
511683 0 14
513178 0 36
514693 0 2
516209 0 17
517601 0 26
518974 0 12
520509 0 14
521902 0 17
523336 0 23
524790 0 22
526326 0 19
527862 0 33
529398 0 11
530913 0 17
532347 0 20
533924 0 13
535398 0 19
536832 0 26
538245 0 9
539781 0 21
541297 0 14
542689 0 23
544245 0 27
545658 0 4
547031 0 21
548505 0 36
550062 0 2
551557 0 15
552990 0 13
554506 0 19
556062 0 13
557598 0 13
559052 0 16
560445 0 33
561899 0 8
563332 0 16
564766 0 15
566179 0 21
567592 0 19
569128 0 17
570644 0 23
572159 0 25
573654 0 2
575108 0 17
576583 0 19
578119 0 21
579634 0 26
581129 0 2
582624 0 24
584181 0 28
585717 0 12
587109 0 18
588645 0 35
590140 0 3
591635 0 19
593089 0 14
594564 0 22
596100 0 29
597492 0 3
598967 0 19
600442 0 32
601957 0 10
603513 0 17
604906 0 35
606319 0 12
607855 0 24
609350 0 17
610886 0 13
612422 0 17
613917 0 18
615433 0 23
616907 0 29
618443 0 3
619938 0 13
621454 0 14
622990 0 13
624464 0 23
625857 0 15
627290 0 18
628724 0 24
630219 0 26
631591 0 12
633148 0 15
634683 0 30
636158 0 7
637674 0 21
639148 0 22
640705 0 21
642200 0 24
643715 0 23
645251 0 19
646746 0 22
648323 0 25
649859 0 3
651395 0 18
652890 0 33
654303 0 9
655839 0 22
657416 0 30
658890 0 9
660385 0 18
661840 0 13
663294 0 13
664768 0 23
666304 0 14
667738 0 14
669253 0 36
670830 0 10
672243 0 14
673636 0 33
675151 0 11
676564 0 14
677977 0 26
679472 0 8
681008 0 23
682442 0 16
683876 0 23
685432 0 30
686825 0 7
688381 0 19
689856 0 17
691330 0 17
692805 0 16
694320 0 21
695877 0 31
697392 0 10
698908 0 21
700403 0 14
701918 0 16
703352 0 35
704785 0 10
706280 0 16
707673 0 23
709066 0 17
710622 0 21
712035 0 21
713530 0 25
714943 0 3
716438 0 24
717933 0 16
719305 0 18
720719 0 31
722173 0 12
723606 0 18
725101 0 13
726596 0 21
728153 0 23
729607 0 33
731122 0 2
732576 0 15
734010 0 29
735443 0 6
736959 0 14
738351 0 13
739887 0 18
741341 0 28
742734 0 5
744188 0 21
745704 0 14
747240 0 13
748714 0 18
750291 0 27
751766 0 7
753322 0 20
754817 0 20
756353 0 15
757766 0 36
759200 0 2
760674 0 13
762108 0 31
763644 0 1
765180 0 21
766654 0 26
768129 0 10
769603 0 21
771160 0 19
772655 0 36
774211 0 10
775665 0 19
777119 0 18
778696 0 31
780253 0 10
781686 0 23
783243 0 15
784676 0 25
786233 0 8
787748 0 13
789243 0 17
790636 0 17
792090 0 16
793606 0 17
795121 0 19
796657 0 31
798091 0 7
799627 0 23
801060 0 23
802473 0 30
803907 0 8
805340 0 17
806753 0 23
808167 0 22
809743 0 17
811279 0 28
812836 0 11
814331 0 21
815908 0 18
817444 0 17
818980 0 14
820393 0 21
821847 0 25
823260 0 4
824714 0 17
826250 0 26
827766 0 7
829261 0 14
830797 0 32
832230 0 6
833684 0 19
835179 0 29
836715 0 1
838108 0 21
839603 0 31
841057 0 9
842593 0 19
844129 0 15
845644 0 21
847098 0 23
848511 0 27
849966 0 10
851461 0 19
852874 0 31
854328 0 5
855761 0 14
857277 0 24
858669 0 13
860185 0 22
861762 0 31
863195 0 12
864588 0 18
866144 0 20
867742 0 22
869257 0 27
870773 0 2
872206 0 15
873599 0 20
875053 0 22
876507 0 28
877961 0 9
879477 0 18
881054 0 23
882610 0 23
884126 0 24
885518 0 15
886993 0 14
888467 0 13
889860 0 32
891252 0 8
892809 0 17
894222 0 35
895758 0 7
897192 0 21
898666 0 19
900223 0 16
901636 0 24
903049 0 36
904564 0 11
905998 0 23
907472 0 36
908947 0 11
910462 0 14
911937 0 35
913411 0 3
914804 0 24
916340 0 34
917815 0 2
919269 0 23
920784 0 15
922197 0 31
923774 0 8
925208 0 16
926682 0 18
928177 0 16
929590 0 20
931065 0 21
932539 0 16
934034 0 13
935427 0 28
936963 0 3
938438 0 22
939974 0 20
941510 0 15
943025 0 23
960049 0 101
961544 0 101
963018 0 101
964431 0 101
965885 0 101
967380 0 101
968916 0 101
970350 0 101
971865 0 101
973279 0 101
974692 0 102
976084 0 102
977497 0 103
979074 0 101
980590 0 102
982105 0 103
983662 0 101
985116 0 102
986652 0 102
988147 0 102
989580 0 102
990993 0 102
992427 0 102
993902 0 102
995315 0 103
996830 0 101
998264 0 102
999779 0 102
1001295 0 102
1002749 0 102
1004264 0 102
1005759 0 102
1007193 0 103
1008606 0 101
1010040 0 102
1011514 0 102
1012989 0 102
1014504 0 102
1015979 0 102
1017371 0 103
1018805 0 101
1020320 0 102
1021856 0 102
1023290 0 102
1024826 0 102
1026362 0 103
1027816 0 101
1029331 0 102
1030724 0 102
1032219 0 102
1033653 0 102
1035045 0 103
1036602 0 101
1038015 0 102
1039489 0 102
1040923 0 102
1042459 0 102
1043995 0 102
1045387 0 102
1046882 0 102
1048316 0 103
1049872 0 101
1051306 0 102
1052760 0 103
1054296 0 101
1055791 0 102
1057327 0 103
1058761 0 101
1060174 0 102
1061566 0 102
1063020 0 102
1064434 0 103
1065867 0 101
1067362 0 102
1068775 0 103
1070209 0 101
1071745 0 102
1073178 0 102
1074653 0 102
1076148 0 102
1077540 0 102
1079035 0 102
1080490 0 102
1081923 0 103
1083418 0 101
1084811 0 102
1086326 0 102
1087760 0 103
1089173 0 101
1090606 0 102
1092061 0 102
1093576 0 102
1095010 0 103
1096484 0 101
1097918 0 102
1099331 0 103
1100887 0 101
1102382 0 102
1103816 0 102
1105270 0 102
1106663 0 102
1108096 0 103
1109571 0 101
1111025 0 102
1112520 0 102
1113953 0 102
1115469 0 103
1116964 0 101
1118438 0 102
1119831 0 102
1121244 0 103
1122657 0 101
1124193 0 102
1125647 0 103
1127060 0 101
1128555 0 102
1129989 0 102
1131463 0 102
1132876 0 102
1134351 0 102
1135785 0 103
1137239 0 101
1138713 0 102
1140126 0 102
1141560 0 103
1143096 0 101
1144529 0 102
1146045 0 102
1147499 0 103
1148994 0 101
1150489 0 102
1151964 0 102
1153397 0 102
1154913 0 103
1156449 0 101
1157985 0 102
1159398 0 102
1160790 0 102
1162244 0 102
1163698 0 103
1165214 0 101
1166709 0 102
1168122 0 102
1169576 0 102
1171051 0 102
1172525 0 102
1173959 0 102
1175433 0 102
1176928 0 103
1178403 0 101
1179898 0 102
1181331 0 103
1182867 0 101
1184260 0 102
1185734 0 102
1187229 0 102
1188643 0 102
1190076 0 102
1191612 0 103
1193169 0 101
1194561 0 102
1196077 0 103
1197490 0 101
1198944 0 102
1200398 0 103
1201893 0 101
1203306 0 102
1204760 0 102
1206194 0 102
1207586 0 102
1209040 0 102
1210576 0 103
1211989 0 101
1213443 0 102
1214836 0 102
1216331 0 102
1217785 0 102
1219321 0 102
1220734 0 103
1222209 0 101
1223601 0 102
1225055 0 102
1226530 0 102
1227984 0 102
1229458 0 102
1230953 0 102
1232346 0 103
1233780 0 101
1235213 0 102
1236729 0 103
1238265 0 101
1239657 0 102
1241173 0 103
1242606 0 101
1244142 0 102
1245535 0 103
1246948 0 101
1248382 0 102
1249856 0 102
1251310 0 102
1252764 0 102
1254280 0 103
1255775 0 101
1257249 0 102
1258785 0 102
1260301 0 102
1261693 0 102
1263229 0 103
1264683 0 101
1266219 0 102
1267755 0 102
1269189 0 102
1270582 0 102
1272118 0 103
1273613 0 101
1275067 0 102
1276480 0 102
1277954 0 102
1279408 0 102
1280862 0 103
1282419 0 101
1283832 0 102
1285327 0 102
1286801 0 102
1288235 0 102
1289751 0 102
1291287 0 103
1292720 0 101
1294215 0 102
1295751 0 102
1297185 0 102
1298598 0 102
1300011 0 102
1301485 0 103
1303001 0 101
1304557 0 102
1306073 0 103
1307588 0 101
1309042 0 102
1310558 0 102
1312073 0 102
1313568 0 102
1314981 0 102
1316538 0 103
1318012 0 101
1319446 0 102
1320859 0 102
1322354 0 102
1323747 0 103
1325283 0 101
1326716 0 102
1328170 0 103
1329686 0 101
1331140 0 102
1332553 0 103
1334089 0 101
1335502 0 102
1336895 0 102
1338431 0 103
1339844 0 101
1341380 0 102
1342793 0 103
1344206 0 101
1345721 0 102
1347278 0 102
1348732 0 102
1350145 0 103
1351701 0 101
1353156 0 102
1354589 0 103
1356125 0 101
1357661 0 102
1359054 0 102
1360549 0 102
1362044 0 102
1363498 0 102
1364993 0 103
1366426 0 101
1367921 0 102
1369457 0 102
1370891 0 102
1372427 0 102
1373983 0 102
1375376 0 102
1376789 0 102
1378325 0 103
1379881 0 101
1381336 0 102
1382810 0 103
1384285 0 101
1385739 0 102
1387234 0 102
1388647 0 102
1390142 0 103
1391616 0 101
1393091 0 102
1394627 0 102
1396142 0 103
1397555 0 101
1398989 0 102
1400443 0 102
1401897 0 102
1403351 0 103
1404867 0 101
1406382 0 102
1407918 0 102
1409413 0 103
1410970 0 101
1412506 0 102
1414042 0 102
1415475 0 102
1416868 0 103
1418281 0 101
1419796 0 102
1421332 0 102
1422786 0 102
1424179 0 102
1425613 0 102
1427026 0 102
1428500 0 103
1430016 0 101
1431490 0 102
1432965 0 103
1434501 0 101
1435955 0 102
1437511 0 103
1439088 0 101
1440645 0 102
1442119 0 102
1443573 0 102
1445048 0 102
1446461 0 102
1447853 0 102
1449287 0 102
1450741 0 103
1452216 0 101
1453608 0 102
1455042 0 102
1456537 0 102
1457970 0 102
1459506 0 102
1460940 0 102
1462353 0 102
1463766 0 103
1465241 0 101
1466715 0 102
1468190 0 102
1469726 0 102
1471200 0 103
1472757 0 101
1474252 0 102
1475767 0 102
1477180 0 102
1478593 0 102
1480047 0 102
1481501 0 102
1482976 0 103
1484512 0 101
1485925 0 102
1487359 0 102
1488874 0 102
1490390 0 102
1491823 0 102
1493216 0 103
1494690 0 101
1496226 0 102
1497639 0 102
1499175 0 103
1500609 0 101
1502022 0 102
1503497 0 102
1504910 0 103
1506446 0 101
1507982 0 102
1509538 0 103
1510972 0 101
1512364 0 102
1513757 0 103
1515252 0 101
1516645 0 102
1518099 0 102
1519512 0 102
1520925 0 102
1522440 0 103
1523874 0 101
1525307 0 102
1526802 0 103
1528297 0 101
1529772 0 102
1531308 0 103
1532742 0 101
1534257 0 102
1535650 0 102
1537145 0 102
1538578 0 102
1540094 0 103
1541650 0 101
1543166 0 102
1544558 0 102
1546012 0 102
1547466 0 103
1548920 0 101
1550354 0 102
1551870 0 103
1553344 0 101
1554819 0 102
1556273 0 102
1557686 0 103
1559181 0 101
1560573 0 102
1562109 0 102
1563563 0 102
1565038 0 102
1566492 0 103
1567946 0 101
1569421 0 102
1570957 0 103
1572513 0 101
1574029 0 102
1575462 0 103
1576957 0 101
1578493 0 102
1579886 0 102
1581422 0 102
1582917 0 102
1584371 0 102
1585845 0 102
1587258 0 103
1588692 0 101
1590228 0 102
1591784 0 103
1593238 0 101
1594631 0 102
1596126 0 102
1597519 0 102
1598932 0 103
1600427 0 101
1601901 0 102
1603355 0 103
1604871 0 101
1606407 0 102
1607861 0 102
1609376 0 103
1610871 0 101
1612305 0 102
1613779 0 102
1615295 0 102
1616831 0 102
1618224 0 103
1619698 0 101
1621111 0 102
1622627 0 102
1624101 0 102
1625514 0 102
1626927 0 103
1628463 0 101
1630020 0 102
1631474 0 103
1632989 0 101
1634484 0 102
1636000 0 102
1637556 0 102
1639092 0 103
1640567 0 101
1642082 0 102
1643516 0 102
1644970 0 102
1646383 0 102
1647878 0 103
1649332 0 101
1650786 0 102
1652302 0 102
1653756 0 102
1655148 0 102
1656623 0 102
1658016 0 102
1659449 0 103
1660965 0 101
1662378 0 102
1663791 0 102
1665327 0 102
1666760 0 102
1668296 0 102
1669730 0 102
1671163 0 103
1672658 0 101
1674051 0 102
1675567 0 102
1677000 0 103
1678495 0 101
1679990 0 102
1681485 0 102
1682939 0 102
1684455 0 102
1685909 0 103
1687445 0 101
1688919 0 102
1690353 0 102
1691766 0 102
1693322 0 103
1694879 0 101
1696312 0 102
1697828 0 103
1699262 0 101
1700798 0 102
1702292 0 103
1703869 0 101
1705344 0 102
1706819 0 103
1708293 0 101
1709686 0 102
1711099 0 102
1712594 0 102
1714027 0 103
1715481 0 101
1716956 0 102
1718389 0 102
1719844 0 102
1721257 0 102
1722731 0 102
1724247 0 102
1725680 0 103
1727196 0 101
1728588 0 102
1730022 0 102
1731435 0 103
1732848 0 101
1734282 0 102
1735797 0 102
1737210 0 102
1738644 0 103
1740098 0 101
1741593 0 102
1743088 0 102
1744624 0 102
1746160 0 102
1747655 0 102
1749150 0 102
1750665 0 103
1752222 0 101
1753737 0 102
1755191 0 103
1756727 0 101
1758181 0 102
1759717 0 103
1761131 0 101
1762626 0 102
1764100 0 103
1765636 0 101
1767152 0 102
1768647 0 102
1770080 0 102
1771596 0 103
1773009 0 101
1774504 0 102
1776019 0 102
1777432 0 102
1778866 0 102
1780259 0 102
1781774 0 103
1783290 0 101
1784826 0 102
1786320 0 102
1787734 0 102
1789229 0 103
1790724 0 101
1792219 0 102
1793693 0 102
1795147 0 103
1796704 0 101
1798096 0 102
1799571 0 103
1801107 0 101
1802561 0 102
1804076 0 102
1805489 0 102
1806943 0 102
1808459 0 102
1809974 0 103
1811490 0 101
1813005 0 102
1814398 0 103
1815873 0 101
1817388 0 102
1818842 0 103
1820337 0 101
1821873 0 102
1823286 0 102
1824781 0 103
1826297 0 101
1827833 0 102
1829348 0 102
1830884 0 102
1832297 0 103
1833813 0 101
1835267 0 102
1836680 0 102
1838154 0 102
1839568 0 102
1841022 0 102
1842496 0 102
1844032 0 103
1845548 0 101
1847002 0 102
1848497 0 103
1849971 0 101
1851364 0 102
1852756 0 103
1854211 0 101
1855706 0 102
1872859 0 41
1874272 0 39
1875808 0 39
1877283 0 40
1878839 0 44
1880252 0 37
1881665 0 44
1883099 0 43
1884594 0 40
1886150 0 41
1887563 0 55
1888976 0 57
1890390 0 49
1891905 0 69
1893380 0 44
1894834 0 59
1896308 0 61
1897762 0 43
1899298 0 56
1900834 0 54
1902350 0 57
1903906 0 63
1905360 0 46
1906917 0 56
1908350 0 54
1909907 0 51
1911402 0 60
1912856 0 59
1914412 0 56
1915887 0 68
1917423 0 47
1918959 0 56
1920433 0 52
1921928 0 53
1923444 0 60
1924980 0 59
1926413 0 66
1927929 0 48
1929383 0 52
1930796 0 51
1932332 0 50
1933745 0 53
1935240 0 70
1936694 0 38
1938230 0 50
1939786 0 71
1941261 0 44
1942695 0 51
1944108 0 65
1945644 0 48
1947139 0 54
1948654 0 53
1950190 0 51
1951706 0 55
1953139 0 67
1954573 0 39
1956027 0 49
1957419 0 67
1958812 0 39
1960287 0 49
1961823 0 60
1963297 0 60
1964833 0 66
1966349 0 39
1967864 0 58
1969400 0 63
1970813 0 42
1972226 0 52
1973660 0 66
1975216 0 41
1976650 0 52
1978165 0 50
1979578 0 57
1981053 0 51
1982527 0 55
1984043 0 67
1985518 0 38
1986992 0 56
1988446 0 53
1989921 0 53
1991477 0 60
1992952 0 67
1994488 0 47
1996024 0 57
1997539 0 60
1998973 0 63
2000529 0 46
2002086 0 52
2003622 0 49
2005157 0 50
2006632 0 66
2008066 0 40
2009540 0 53
2011015 0 51
2012448 0 49
2013861 0 57
2015315 0 52
2016831 0 56
2018285 0 49
2019800 0 69
2021214 0 38
2022647 0 54
2024142 0 67
2025576 0 42
2027132 0 52
2028586 0 60
2030061 0 52
2031556 0 58
2033071 0 59
2034587 0 53
2036041 0 62
2037474 0 40
2039010 0 52
2040567 0 65
2042103 0 40
2043639 0 57
2045134 0 61
2046608 0 38
2048103 0 59
2049557 0 59
2051052 0 60
2052465 0 52
2053879 0 54
2055333 0 64
2056869 0 48
2058282 0 54
2059838 0 54
2061333 0 61
2062726 0 45
2064303 0 57
2065798 0 54
2067272 0 62
2068665 0 40
2070221 0 59
2071778 0 51
2073191 0 58
2074665 0 53
2076181 0 70
2077614 0 39
2079048 0 52
2080523 0 62
2081997 0 44
2083533 0 51
2085028 0 56
2086462 0 57
2088039 0 59
2089554 0 56
2091111 0 58
2092544 0 54
2094019 0 68
2095555 0 45
2097111 0 53
2098668 0 67
2100183 0 39
2101658 0 58
2103194 0 53
2104668 0 66
2106143 0 42
2107617 0 55
2109051 0 53
2110607 0 59
2112082 0 58
2113556 0 50
2115010 0 67
2116567 0 40
2118041 0 52
2119536 0 51
2121011 0 50
2122506 0 58
2124001 0 58
2125434 0 63
2126868 0 46
2128302 0 57
2129776 0 54
2131251 0 53
2132664 0 51
2134179 0 67
2135633 0 46
2137128 0 56
2138664 0 62
2140180 0 47
2141736 0 50
2143252 0 69
2144665 0 42
2146221 0 50
2147757 0 72
2149293 0 38
2150788 0 53
2152201 0 62
2153737 0 46
2155171 0 52
2156707 0 49
2158243 0 50
2159635 0 51
2161090 0 58
2162544 0 58
2164039 0 52
2165534 0 61
2167008 0 39
2168421 0 52
2169957 0 67
2171370 0 42
2172783 0 57
2174299 0 54
2175712 0 62
2177227 0 38
2178682 0 53
2180156 0 53
2181672 0 51
2183105 0 64
2184559 0 40
2186116 0 51
2187611 0 71
2189106 0 44
2190621 0 60
2192096 0 54
2193488 0 60
2194942 0 63
2196355 0 47
2197748 0 55
2199161 0 51
2200615 0 52
2202110 0 68
2203626 0 45
2205100 0 54
2206534 0 58
2207988 0 58
2209421 0 63
2210978 0 41
2212514 0 57
2214070 0 53
2215463 0 54
2216978 0 57
2218473 0 72
2219887 0 42
2221300 0 55
2222754 0 60
2224269 0 49
2225744 0 51
2227280 0 69
2228693 0 48
2230229 0 52
2231765 0 72
2233178 0 42
2234673 0 59
2236127 0 58
2237601 0 50
2239076 0 58
2240510 0 68
2241923 0 48
2243397 0 60
2244810 0 55
2246223 0 50
2247759 0 67
2249213 0 37
2250708 0 55
2252285 0 61
2253739 0 43
2255193 0 49
2256688 0 53
2258224 0 54
2259638 0 49
2261194 0 50
2262709 0 66
2264225 0 38
2265741 0 57
2267215 0 54
2268649 0 56
2270205 0 63
2271639 0 42
2273154 0 60
2274588 0 66
2276062 0 38
2277516 0 54
2279032 0 57
2280506 0 50
2281960 0 63
2283414 0 45
2284971 0 49
2286466 0 50
2287920 0 52
2289333 0 52
2290890 0 56
2292405 0 49
2293818 0 66
2295375 0 39
2296808 0 60
2298262 0 53
2299655 0 68
2301170 0 45
2302686 0 59
2304099 0 70
2305594 0 40
2307150 0 58
2308645 0 59
2310140 0 51
2311574 0 58
2313048 0 53
2314503 0 55
2316038 0 57
2317534 0 63
2318967 0 39
2320380 0 57
2321896 0 59
2323452 0 53
2324865 0 49
2326319 0 53
2327773 0 52
2329289 0 67
2330743 0 39
2332299 0 55
2333733 0 64
2335187 0 42
2336743 0 51
2338177 0 53
2339652 0 49
2341126 0 52
2342621 0 70
2344055 0 46
2345632 0 49
2347147 0 55
2348642 0 50
2350117 0 60
2351509 0 51
2352984 0 63
2354520 0 42
2356056 0 54
2357530 0 55
2359046 0 61
2360582 0 46
2362036 0 58
2363469 0 58
2365046 0 62
2366603 0 47
2368159 0 49
2369572 0 51
2371026 0 52
2372480 0 60
2373934 0 50
2375389 0 59
2376863 0 52
2378297 0 63
2379751 0 37
2381205 0 54
2382679 0 68
2384174 0 37
2385669 0 56
2387144 0 63
2388700 0 42
2390134 0 59
2391588 0 53
2393042 0 60
2394435 0 49
2395889 0 49
2397384 0 67
2398879 0 48
2400394 0 59
2401828 0 50
2403261 0 52
2404797 0 60
2406272 0 68
2407705 0 39
2409118 0 53
2410573 0 71
2412047 0 46
2413563 0 59
2415119 0 49
2416675 0 59
2418130 0 50
2419686 0 68
2421120 0 45
2422574 0 53
2424089 0 51
2425646 0 72
2427141 0 47
2428574 0 50
2430069 0 56
2431585 0 50
2433121 0 55
2434575 0 60
2436131 0 57
2437688 0 70
2439080 0 39
2440616 0 53
2442050 0 53
2443483 0 57
2445019 0 58
2446514 0 71
2447927 0 40
2449463 0 60
2451020 0 59
2452556 0 53
2454112 0 55
2455628 0 70
2457082 0 47
2458556 0 58
2460031 0 51
2461464 0 69
2463021 0 38
2464577 0 56
2465990 0 54
2467404 0 58
2468899 0 69
2470312 0 42
2471745 0 60
2473220 0 52
2474694 0 54
2476128 0 52
2477684 0 49
2479118 0 69
2480695 0 44
2482231 0 60
2483664 0 63
2485159 0 39
2486675 0 59
2488149 0 57
2489726 0 61
2491139 0 43
2492553 0 55
2494007 0 64
2495481 0 47
2496935 0 56
2498451 0 53
2499946 0 58
2501441 0 62
2502956 0 38
2504451 0 59
2505844 0 51
2507400 0 63
2508977 0 44
2510411 0 56
2511844 0 59
2513257 0 67
2514752 0 47
2516227 0 52
2517783 0 50
2519238 0 54
2520671 0 59
2522125 0 50
2523620 0 62
2525156 0 38
2526713 0 58
2528187 0 56
2529621 0 53
2531177 0 60
2532590 0 70
2534065 0 41
2535539 0 50
2537034 0 66
2538529 0 45
2539983 0 58
2541499 0 50
2542912 0 54
2544448 0 52
2545882 0 52
2547438 0 69
2548953 0 45
2550530 0 60
2551964 0 54
2553520 0 60
2554934 0 59
2556388 0 65
2557821 0 45
2559316 0 58
2560852 0 66
2562286 0 43
2563801 0 52
2565358 0 51
2566832 0 53
2568348 0 66
2569863 0 42
2571338 0 51
2572771 0 58
2574205 0 70
2575700 0 47
2577236 0 58
2578710 0 52
2580123 0 54
2581557 0 62
2583093 0 42
2584649 0 60
2586124 0 56
2587619 0 49
2589032 0 67
2590486 0 40
2592002 0 58
2593517 0 68
2595074 0 38
2596548 0 56
2598023 0 51
2599579 0 59
2601013 0 57
2602467 0 58
2603982 0 62
2605477 0 37
2606890 0 53
2608344 0 51
2609839 0 67
2611396 0 46
2612952 0 54
2614468 0 57
2615963 0 69
2617417 0 48
2618871 0 49
2620264 0 49
2621697 0 60
2623131 0 61
2624564 0 40
2625998 0 56
2627513 0 71
2628906 0 46
2630442 0 51
2631937 0 60
2633350 0 58
2634845 0 55
2636258 0 72
2637774 0 42
2639310 0 57
2640887 0 55
2642300 0 54
2643692 0 50
2645105 0 50
2646559 0 70
2648014 0 43
2649570 0 54
2651045 0 59
2652540 0 61
2654014 0 45
2655530 0 60
2656943 0 60
2658417 0 58
2659953 0 55
2661448 0 70
2662800 0 38
2664274 0 55
2665790 0 59
2667285 0 69
2668821 0 37
2670357 0 58
2671790 0 71
2673203 0 43
2674698 0 55
2676234 0 72
2677627 0 46
2679102 0 56
2680535 0 67
2682092 0 37
2683607 0 57
2685102 0 54
2686618 0 55
2688113 0 54
2689505 0 65
2691062 0 45
2692516 0 58
2694093 0 62
2695588 0 42
2697001 0 55
2698414 0 59
2699929 0 72
2701404 0 48
2702858 0 58
2704353 0 51
2705910 0 53
2707466 0 51
2708879 0 58
2710374 0 69
2711849 0 45
2713344 0 55
2714818 0 58
2716354 0 68
2717890 0 41
2719365 0 51
2720798 0 51
2722252 0 57
2723727 0 58
2725263 0 52
2726799 0 51
2728355 0 58
2729891 0 61
2731386 0 46
2732840 0 59
2734274 0 52
2735810 0 59
2737325 0 59
2738820 0 55
2740377 0 68
2741933 0 45
2743490 0 57
2745026 0 57
2746480 0 67
2747893 0 46
2749470 0 53
2750883 0 64
2752337 0 47
2753873 0 52
2755327 0 56
2756863 0 51
2758296 0 60
2759750 0 58
2761184 0 66
2762618 0 42
2764092 0 60
2765567 0 62
2767021 0 40
2768495 0 55
2770072 0 58
2771649 0 58
2773165 0 49
2774660 0 57
2776093 0 59
2795006 0 104
2796440 0 104
2797853 0 104
2799348 0 104
2800864 0 104
2802318 0 104
2803854 0 104
2805246 0 104
2806680 0 104
2808216 0 104
2809629 0 105
2811083 0 105
2812639 0 106
2814134 0 104
2815691 0 105
2817124 0 105
2818558 0 105
2820073 0 105
2821609 0 105
2823002 0 105
2824395 0 105
2825787 0 106
2827282 0 104
2828818 0 105
2830334 0 105
2831808 0 105
2833201 0 105
2834635 0 105
2836109 0 106
2837665 0 104
2839099 0 105
2840594 0 106
2842007 0 104
2843482 0 105
2844977 0 105
2846533 0 105
2847967 0 105
2849462 0 106
2850916 0 104
2852431 0 105
2853844 0 106
2855319 0 104
2856814 0 105
2858207 0 105
2859640 0 105
2861074 0 105
2862610 0 105
2864084 0 105
2865641 0 105
2867074 0 106
2868610 0 104
2870085 0 105
2871580 0 106
2873136 0 104
2874590 0 105
2876106 0 106
2877519 0 104
2879034 0 105
2880447 0 105
2881861 0 105
2883294 0 106
2884728 0 104
2886264 0 105
2887820 0 105
2889254 0 105
2890728 0 105
2892223 0 105
2893616 0 106
2895131 0 104
2896606 0 105
2898101 0 106
2899616 0 104
2901050 0 105
2902545 0 105
2903979 0 105
2905453 0 105
2906866 0 105
2908320 0 105
2909836 0 106
2911249 0 104
2912805 0 105
2914321 0 105
2915775 0 106
2917290 0 104
2918765 0 105
2920157 0 105
2921591 0 105
2923148 0 105
2924643 0 106
2926056 0 104
2927530 0 105
2928984 0 106
2930397 0 104
2931810 0 105
2933346 0 105
2934821 0 105
2936357 0 105
2937750 0 105
2939183 0 105
2940576 0 105
2942132 0 106
2943566 0 104
2944979 0 105
2946474 0 106
2947969 0 104
2949402 0 105
2950918 0 105
2952351 0 106
2953826 0 104
2955321 0 105
2956837 0 105
2958372 0 106
2959786 0 104
2961219 0 105
2962735 0 105
2964250 0 105
2965704 0 105
2967220 0 105
2968694 0 106
2970148 0 104
2971643 0 105
2973097 0 105
2974633 0 105
2976128 0 105
2977541 0 105
2978955 0 106
2980491 0 104
2982026 0 105
2983419 0 105
2984955 0 106
2986430 0 104
2987925 0 105
2989461 0 105
2990956 0 105
2992410 0 105
2993823 0 105
2995277 0 105
2996792 0 106
2998328 0 104
2999741 0 105
3001175 0 106
3002711 0 104
3004165 0 105
3005721 0 105
3007196 0 105
3008711 0 106
3010268 0 104
3011722 0 105
3013156 0 106
3014692 0 104
3016125 0 105
3017600 0 106
3019095 0 104
3020631 0 105
3022085 0 105
3023518 0 105
3024972 0 105
3026365 0 106
3027799 0 104
3029212 0 105
3030686 0 105
3032120 0 105
3033574 0 105
3035069 0 106
3036482 0 104
3037977 0 105
3039390 0 106
3040946 0 104
3042441 0 105
3043957 0 105
3045493 0 105
3046947 0 105
3048483 0 106
3049957 0 104
3051391 0 105
3052886 0 105
3054299 0 106
3055815 0 104
3057310 0 105
3058846 0 105
3060402 0 105
3061856 0 105
3063331 0 105
3064744 0 106
3066259 0 104
3067734 0 105
3069188 0 105
3070621 0 105
3072096 0 106
3073652 0 104
3075106 0 105
3076622 0 106
3078056 0 104
3079530 0 105
3081066 0 105
3082541 0 105
3083933 0 105
3085346 0 105
3086780 0 105
3088295 0 106
3089729 0 104
3091203 0 105
3092658 0 106
3094173 0 104
3095627 0 105
3097020 0 105
3098556 0 105
3100051 0 105
3101525 0 105
3103061 0 106
3104556 0 104
3106031 0 105
3107505 0 105
3108939 0 105
3110352 0 106
3111765 0 104
3113199 0 105
3114735 0 106
3116168 0 104
3117643 0 105
3119117 0 105
3120571 0 105
3122087 0 105
3123582 0 106
3125097 0 104
3126551 0 105
3127964 0 105
3129439 0 106
3130893 0 104
3132388 0 105
3133924 0 105
3135419 0 105
3136873 0 105
3138307 0 105
3139781 0 105
3141276 0 106
3142771 0 104
3144328 0 105
3145823 0 105
3147215 0 105
3148608 0 105
3150144 0 105
3151659 0 105
3153134 0 106
3154527 0 104
3156063 0 105
3157455 0 106
3158950 0 104
3160425 0 105
3161899 0 105
3163333 0 105
3164848 0 106
3166323 0 104
3167859 0 105
3169333 0 105
3170849 0 105
3172303 0 106
3173818 0 104
3175334 0 105
3176808 0 105
3178324 0 105
3179880 0 105
3181396 0 105
3182891 0 105
3184345 0 106
3185799 0 104
3187233 0 105
3188687 0 106
3190100 0 104
3191574 0 105
3193049 0 105
3194605 0 105
3196059 0 106
3197575 0 104
3199070 0 105
3200606 0 105
3202142 0 106
3203616 0 104
3205111 0 105
3206606 0 105
3208101 0 105
3209637 0 106
3211091 0 104
3212525 0 105
3213918 0 106
3215372 0 104
3216764 0 105
3218259 0 105
3219713 0 105
3221188 0 106
3222703 0 104
3224137 0 105
3225591 0 106
3227045 0 104
3228458 0 105
3229953 0 105
3231448 0 105
3232841 0 105
3234315 0 105
3235790 0 106
3237203 0 104
3238677 0 105
3240193 0 105
3241647 0 105
3243040 0 106
3244473 0 104
3245968 0 105
3247463 0 105
3248876 0 106
3250392 0 104
3251825 0 105
3253238 0 105
3254672 0 105
3256167 0 105
3257662 0 106
3259137 0 104
3260570 0 105
3262086 0 105
3263540 0 105
3265096 0 105
3266632 0 105
3268086 0 106
3269540 0 104
3271097 0 105
3272571 0 106
3274087 0 104
3275561 0 105
3277056 0 105
3278551 0 105
3280026 0 105
3281582 0 105
3283139 0 106
3284552 0 104
3285944 0 105
3287419 0 105
3288873 0 105
3290327 0 106
3291843 0 104
3293297 0 105
3294833 0 106
3296369 0 104
3297905 0 105
3299318 0 106
3300813 0 104
3302287 0 105
3303762 0 106
3305195 0 104
3306670 0 105
3308206 0 105
3309701 0 105
3311175 0 105
3312691 0 106
3314206 0 104
3315722 0 105
3317237 0 105
3318712 0 105
3320186 0 105
3321702 0 105
3323156 0 105
3324692 0 105
3326085 0 106
3327641 0 104
3329075 0 105
3330590 0 105
3332024 0 105
3333560 0 105
3335034 0 106
3336570 0 104
3338004 0 105
3339540 0 105
3340994 0 105
3342530 0 105
3343984 0 105
3345540 0 105
3346953 0 106
3348407 0 104
3349841 0 105
3351397 0 105
3352872 0 105
3354305 0 105
3355821 0 105
3357316 0 106
3358770 0 104
3360245 0 105
3361781 0 106
3363194 0 104
3364627 0 105
3366163 0 105
3367699 0 105
3369153 0 105
3370566 0 105
3372082 0 106
3373597 0 104
3375133 0 105
3376587 0 106
3378021 0 104
3379557 0 105
3381072 0 106
3382506 0 104
3384042 0 105
3385475 0 106
3387011 0 104
3388425 0 105
3389961 0 105
3391394 0 105
3392869 0 105
3394364 0 105
3395879 0 106
3397415 0 104
3398869 0 105
3400426 0 105
3401859 0 105
3403252 0 105
3404788 0 105
3406242 0 105
3407757 0 106
3409170 0 104
3410624 0 105
3412099 0 105
3413635 0 106
3415191 0 104
3416707 0 105
3418222 0 105
3419738 0 105
3421192 0 105
3422605 0 105
3424100 0 106
3425554 0 104
3426967 0 105
3428442 0 106
3429916 0 104
3431309 0 105
3432783 0 106
3434340 0 104
3435876 0 105
3437330 0 106
3438723 0 104
3440259 0 105
3441815 0 105
3443351 0 105
3444866 0 105
3446423 0 105
3447856 0 106
3449351 0 104
3450785 0 105
3452301 0 106
3453755 0 104
3455188 0 105
3456724 0 105
3458178 0 106
3459714 0 104
3461209 0 105
3462766 0 106
3464220 0 104
3465674 0 105
3467107 0 105
3468602 0 105
3470138 0 105
3471633 0 106
3473108 0 104
3474541 0 105
3475955 0 105
3477347 0 106
3478801 0 104
3480214 0 105
3481709 0 106
3483122 0 104
3484617 0 105
3486092 0 105
3487566 0 105
3488980 0 106
3490495 0 104
3491929 0 105
3493403 0 105
3494816 0 105
3496209 0 106
3497622 0 104
3499137 0 105
3500571 0 105
3502025 0 105
3503561 0 105
3505036 0 105
3506510 0 106
3508067 0 104
3509459 0 105
3510975 0 105
3512490 0 106
3514047 0 104
3515480 0 105
3516955 0 106
3518409 0 104
3519883 0 105
3521297 0 105
3522853 0 105
3524286 0 105
3525761 0 105
3527277 0 106
3528751 0 104
3530144 0 105
3531680 0 105
3533195 0 105
3534711 0 105
3536185 0 106
3537639 0 104
3539175 0 105
3540691 0 106
3542247 0 104
3543722 0 105
3545258 0 105
3546814 0 106
3548330 0 104
3549784 0 105
3551238 0 105
3552692 0 105
3554207 0 106
3555743 0 104
3557218 0 105
3558610 0 105
3560105 0 105
3561519 0 105
3562993 0 106
3564427 0 104
3565983 0 105
3567437 0 105
3568912 0 105
3570427 0 106
3571943 0 104
3573499 0 105
3574912 0 105
3576325 0 106
3577779 0 104
3579274 0 105
3580728 0 105
3582203 0 105
3583759 0 106
3585213 0 104
3586729 0 105
3588244 0 106
3589739 0 104
3591296 0 105
3592832 0 106
3594245 0 104
3595760 0 105
3597214 0 106
3598648 0 104
3600102 0 105
3601618 0 105
3603113 0 105
3604608 0 105
3606123 0 105
3607598 0 105
3609031 0 106
3610485 0 104
3611980 0 105
3613455 0 105
3614970 0 106
3616506 0 104
3618022 0 105
3619537 0 105
3620971 0 105
3622425 0 106
3623859 0 104
3625292 0 105
3626808 0 105
3628323 0 105
3629736 0 106
3631211 0 104
3632644 0 105
3634201 0 105
3635737 0 105
3637191 0 105
3638604 0 105
3640037 0 106
3641532 0 104
3643007 0 105
3644502 0 105
3645956 0 105
3647390 0 105
3648905 0 105
3650421 0 106
3651875 0 104
3653288 0 105
3654803 0 106
3656216 0 104
3657732 0 105
3659247 0 106
3660681 0 104
3662196 0 105
3663691 0 105
3665125 0 106
3666538 0 104
3668013 0 105
3669528 0 105
3671044 0 105
3672580 0 106
3674054 0 104
3675447 0 105
3676983 0 106
3678457 0 104
3679891 0 105
3681447 0 105
3682860 0 106
3684294 0 104
3685707 0 105
3687120 0 105
3688656 0 105
3690172 0 105
3691708 0 105
3693244 0 105
3694780 0 105
