83181 0 7
84696 0 5
86089 0 1
87482 0 5
88977 0 10
90410 0 11
91905 0 7
93400 0 2
94916 0 5
96370 0 8
97947 0 14
99462 0 24
100855 0 22
102411 0 27
103947 0 8
105463 0 24
106999 0 23
108535 0 18
110050 0 23
111504 0 20
113040 0 25
114453 0 1
115969 0 21
117525 0 22
119041 0 23
120495 0 23
121990 0 20
123505 0 31
125041 0 12
126475 0 21
127970 0 13
129444 0 14
130980 0 19
132434 0 32
133929 0 11
135343 0 20
136919 0 28
138333 0 6
139828 0 13
141323 0 19
142879 0 13
144395 0 32
145890 0 4
147282 0 17
148716 0 29
150190 0 2
151726 0 18
153160 0 36
154573 0 2
156027 0 21
157583 0 22
159119 0 25
160553 0 3
161987 0 13
163461 0 15
165018 0 22
166533 0 21
168028 0 25
169544 0 8
171141 0 19
172636 0 19
174151 0 14
175667 0 16
177182 0 34
178698 0 4
180111 0 22
181565 0 36
183060 0 5
184453 0 13
185968 0 24
187443 0 19
188979 0 18
190535 0 35
191969 0 4
193464 0 14
194918 0 24
196331 0 19
197846 0 15
199239 0 31
200795 0 4
202188 0 23
203601 0 21
205117 0 36
206591 0 7
208107 0 14
209602 0 24
211097 0 14
212592 0 20
214066 0 29
215459 0 6
216954 0 21
218449 0 23
219862 0 24
221378 0 36
222934 0 11
224490 0 15
225965 0 17
227439 0 16
228832 0 13
230245 0 15
231720 0 34
233133 0 7
234628 0 16
236041 0 25
237515 0 3
239051 0 13
240485 0 25
242000 0 5
243414 0 13
244806 0 20
246342 0 17
247817 0 20
249291 0 24
250745 0 29
252281 0 6
253756 0 23
255230 0 14
256705 0 17
258241 0 22
259797 0 21
261374 0 24
262808 0 32
264323 0 3
265777 0 21
267272 0 24
268726 0 19
270283 0 25
271839 0 12
273273 0 23
274829 0 26
276222 0 7
277778 0 24
279212 0 32
280625 0 2
282059 0 21
283636 0 32
285110 0 6
286626 0 24
288018 0 26
289411 0 12
290906 0 18
292380 0 23
293773 0 23
295248 0 27
296722 0 8
298176 0 16
299548 0 20
301064 0 15
302497 0 20
304013 0 16
305426 0 18
306880 0 18
308416 0 28
309890 0 5
311304 0 23
312717 0 19
314232 0 15
315666 0 28
317181 0 4
318676 0 16
320069 0 29
321564 0 5
323100 0 13
324636 0 20
326090 0 16
327544 0 15
329039 0 24
330513 0 27
332049 0 1
333585 0 13
335080 0 31
336596 0 5
338111 0 15
339565 0 19
341101 0 22
342576 0 23
344071 0 36
345505 0 10
347081 0 21
348556 0 23
349990 0 14
351526 0 35
352980 0 12
354434 0 13
355929 0 22
357424 0 21
358857 0 15
360311 0 32
361806 0 6
363260 0 13
364755 0 19
366209 0 34
367623 0 9
369138 0 13
370674 0 21
372108 0 22
373623 0 24
375139 0 30
376593 0 6
378067 0 23
379624 0 24
381037 0 23
382511 0 29
383965 0 1
385440 0 15
386955 0 22
388512 0 22
390007 0 15
391420 0 18
392935 0 31
394410 0 1
395905 0 16
397400 0 22
398834 0 16
400206 0 23
401762 0 33
403319 0 8
404793 0 24
406227 0 34
407681 0 4
409073 0 23
410630 0 20
412104 0 35
413558 0 3
415012 0 21
416589 0 28
418125 0 3
419661 0 21
421218 0 34
422713 0 9
424167 0 15
425723 0 25
427157 0 4
428529 0 21
430024 0 13
431560 0 24
433075 0 13
434612 0 20
436106 0 21
437683 0 16
439158 0 31
440653 0 5
442148 0 18
443663 0 21
445158 0 21
446572 0 15
448005 0 16
449377 0 27
450872 0 6
452429 0 13
453965 0 22
455419 0 14
456832 0 13
458245 0 24
459781 0 35
461317 0 5
462791 0 20
464327 0 24
465822 0 23
467358 0 18
468833 0 33
470246 0 11
471700 0 16
473134 0 19
474711 0 34
476165 0 4
477557 0 19
479011 0 34
480547 0 2
482001 0 23
483394 0 35
484807 0 8
486282 0 15
487715 0 36
489149 0 6
490582 0 16
492036 0 17
493490 0 19
494903 0 18
496460 0 19
497955 0 31
499511 0 1
500986 0 15
502481 0 29
503915 0 11
505451 0 22
506925 0 18
508420 0 17
509874 0 25
511287 0 6
512864 0 20
514462 0 21
516038 0 34
517493 0 1
518885 0 13
520360 0 15
521855 0 20
523370 0 35
524865 0 2
526401 0 23
527917 0 36
529412 0 11
530866 0 16
532361 0 24
533835 0 14
535330 0 20
536846 0 34
538320 0 1
539774 0 17
541249 0 26
542703 0 7
544239 0 20
545775 0 15
547331 0 16
548785 0 18
550321 0 34
551816 0 5
553270 0 20
554806 0 16
556301 0 16
557796 0 21
559230 0 21
560705 0 36
562220 0 7
563797 0 19
565353 0 28
566848 0 3
568241 0 15
569634 0 14
571088 0 29
572480 0 9
573975 0 20
575511 0 22
577068 0 30
578419 0 7
579914 0 21
581328 0 32
582700 0 7
584256 0 21
585731 0 24
587144 0 36
588557 0 7
589990 0 14
591424 0 15
592878 0 21
594312 0 31
595889 0 7
597445 0 19
599022 0 16
600476 0 23
601951 0 18
603384 0 13
604777 0 16
606292 0 25
607849 0 5
609344 0 20
610818 0 31
612354 0 1
613911 0 21
615426 0 16
616860 0 29
618232 0 9
619747 0 21
621304 0 20
622819 0 17
624273 0 19
625686 0 23
627181 0 31
628738 0 4
630110 0 24
631646 0 26
633100 0 11
634616 0 13
636111 0 20
637667 0 14
639203 0 24
640718 0 19
642193 0 35
643688 0 10
645224 0 15
646658 0 28
648214 0 9
649750 0 23
651143 0 21
652556 0 13
653969 0 19
655505 0 33
657061 0 10
658515 0 14
660031 0 14
661403 0 31
662939 0 11
664332 0 20
665806 0 15
667281 0 23
668735 0 14
670250 0 15
671745 0 20
673281 0 35
674838 0 10
676271 0 21
677746 0 36
679159 0 8
680695 0 23
682231 0 13
683726 0 15
685118 0 13
686511 0 18
688006 0 24
689480 0 13
690955 0 31
692450 0 8
694027 0 22
695481 0 16
696956 0 19
698389 0 18
699884 0 23
701277 0 28
702772 0 11
704328 0 14
705844 0 14
707216 0 21
708711 0 16
710083 0 34
711476 0 6
712971 0 15
714363 0 17
715756 0 26
717230 0 6
718766 0 16
720302 0 19
721879 0 29
723292 0 7
724869 0 24
726405 0 14
727921 0 33
729375 0 9
730829 0 20
732262 0 21
733717 0 24
735212 0 19
736707 0 32
738120 0 5
739553 0 24
741028 0 19
742564 0 14
743956 0 21
745431 0 22
747008 0 32
748482 0 12
750018 0 16
751534 0 22
753049 0 16
754503 0 33
756060 0 8
757534 0 23
759009 0 15
760442 0 24
761856 0 24
763248 0 30
764682 0 2
766197 0 23
767733 0 20
769269 0 20
770744 0 36
772280 0 12
773734 0 20
775311 0 17
776724 0 15
778239 0 16
779693 0 35
781188 0 2
782724 0 20
784199 0 14
785632 0 21
787066 0 24
788540 0 20
790117 0 33
791592 0 11
793066 0 14
794480 0 34
795913 0 5
797429 0 21
798903 0 23
800316 0 27
801811 0 3
803286 0 19
804740 0 21
806296 0 18
807771 0 22
809204 0 19
810720 0 25
812174 0 11
813567 0 13
815000 0 23
816495 0 17
817970 0 16
819465 0 17
820919 0 32
822434 0 10
823950 0 15
825342 0 32
826837 0 8
828353 0 22
829909 0 13
831384 0 35
832858 0 6
834272 0 23
835746 0 28
837180 0 9
838736 0 18
840190 0 16
841583 0 15
843098 0 16
844491 0 36
845904 0 10
847440 0 18
848914 0 33
850430 0 11
851966 0 21
853543 0 31
855079 0 6
856553 0 23
857966 0 15
859502 0 16
860916 0 21
862390 0 27
863844 0 6
865360 0 17
866855 0 17
868247 0 20
869681 0 24
871114 0 16
872568 0 13
874022 0 28
875579 0 10
877094 0 22
878528 0 14
879982 0 16
881416 0 31
882849 0 9
884303 0 23
885778 0 33
887211 0 7
888645 0 18
890181 0 23
891614 0 26
893089 0 2
894523 0 23
895956 0 21
897513 0 25
899028 0 9
900482 0 15
902018 0 21
903534 0 24
905070 0 22
906606 0 32
908080 0 8
909555 0 15
911050 0 23
912504 0 23
913978 0 13
915371 0 15
916784 0 21
918238 0 32
919610 0 1
921085 0 16
922457 0 17
923890 0 18
925426 0 33
926962 0 11
928396 0 18
929870 0 13
931263 0 20
932697 0 18
934212 0 19
935728 0 17
937182 0 26
938656 0 5
940151 0 16
941523 0 13
943018 0 19
944472 0 26
945927 0 11
947422 0 17
948855 0 13
950350 0 18
951907 0 32
953402 0 6
954815 0 22
956351 0 15
957764 0 13
959300 0 24
960774 0 16
962167 0 25
963682 0 8
965239 0 15
966631 0 15
968085 0 35
969601 0 7
971096 0 14
972509 0 18
973984 0 15
975397 0 26
976810 0 7
978346 0 13
979841 0 16
981356 0 25
982769 0 3
984162 0 22
1016128 0 101
1017643 0 101
1019179 0 101
1020592 0 101
1022026 0 101
1023562 0 101
1025016 0 101
1026531 0 101
1028047 0 101
1029439 0 101
1030935 0 102
1032389 0 102
1033925 0 103
1035399 0 101
1036833 0 102
1038369 0 103
1039905 0 101
1041420 0 102
1042833 0 102
1044349 0 103
1045803 0 101
1047298 0 102
1048793 0 103
1050308 0 101
1051701 0 102
1053237 0 102
1054732 0 102
1056145 0 103
1057558 0 101
1059114 0 102
1060548 0 102
1062084 0 102
1063497 0 102
1064931 0 102
1066323 0 103
1067859 0 101
1069252 0 102
1070747 0 102
1072221 0 102
1073778 0 102
1075171 0 103
1076706 0 101
1078140 0 102
1079615 0 103
1081151 0 101
1082666 0 102
1084120 0 102
1085513 0 102
1087028 0 102
1088564 0 102
1089998 0 103
1091534 0 101
1092967 0 102
1094401 0 103
1095855 0 101
1097309 0 102
1098763 0 102
1100299 0 102
1101753 0 102
1103289 0 103
1104825 0 101
1106341 0 102
1107836 0 103
1109310 0 101
1110785 0 102
1112239 0 102
1113631 0 102
1115147 0 103
1116724 0 101
1118260 0 102
1119734 0 102
1121229 0 102
1122704 0 102
1124096 0 102
1125612 0 102
1127025 0 102
1128499 0 103
1130056 0 101
1131592 0 102
1133066 0 102
1134480 0 102
1135893 0 103
1137449 0 101
1138944 0 102
1140378 0 102
1141893 0 103
1143388 0 101
1144842 0 102
1146358 0 102
1147750 0 103
1149204 0 101
1150679 0 102
1152092 0 102
1153526 0 103
1155041 0 101
1156475 0 102
1157867 0 103
1159342 0 101
1160816 0 102
1162270 0 102
1163724 0 102
1165158 0 102
1166551 0 102
1168087 0 103
1169643 0 101
1171097 0 102
1172633 0 102
1174067 0 102
1175541 0 102
1176975 0 103
1178408 0 101
1179924 0 102
1181460 0 102
1182893 0 102
1184368 0 102
1185802 0 102
1187297 0 103
1188853 0 101
1190266 0 102
1191720 0 102
1193154 0 102
1194608 0 103
1196164 0 101
1197577 0 102
1198970 0 102
1200424 0 102
1201878 0 103
1203353 0 101
1204745 0 102
1206261 0 102
1207653 0 103
1209210 0 101
1210643 0 102
1212056 0 102
1213531 0 102
1214924 0 102
1216460 0 102
1217852 0 102
1219306 0 103
1220719 0 101
1222214 0 102
1223668 0 103
1225225 0 101
1226740 0 102
1228256 0 102
1229689 0 102
1231102 0 102
1232618 0 102
1234133 0 103
1235628 0 101
1237021 0 102
1238455 0 103
1240011 0 101
1241486 0 102
1242899 0 102
1244373 0 102
1245807 0 103
1247261 0 101
1248694 0 102
1250149 0 102
1251582 0 102
1253077 0 102
1254531 0 102
1255944 0 102
1257480 0 102
1258914 0 103
1260409 0 101
1261863 0 102
1263358 0 102
1264894 0 103
1266450 0 101
1267863 0 102
1269358 0 102
1270792 0 102
1272246 0 102
1273680 0 103
1275093 0 101
1276588 0 102
1277980 0 103
1279393 0 101
1280848 0 102
1282261 0 103
1283694 0 101
1285210 0 102
1286623 0 102
1288097 0 102
1289572 0 102
1291005 0 102
1292500 0 103
1293975 0 101
1295470 0 102
1297006 0 102
1298542 0 102
1299935 0 103
1301409 0 101
1302904 0 102
1304399 0 102
1305833 0 103
1307287 0 101
1308802 0 102
1310256 0 102
1311772 0 102
1313185 0 102
1314618 0 102
1316052 0 102
1317567 0 103
1319083 0 101
1320619 0 102
1322114 0 103
1323609 0 101
1325084 0 102
1326619 0 102
1328155 0 103
1329650 0 101
1331105 0 102
1332640 0 103
1334095 0 101
1335508 0 102
1336941 0 103
1338375 0 101
1339911 0 102
1341365 0 103
1342901 0 101
1344293 0 102
1345768 0 102
1347161 0 102
1348656 0 102
1350089 0 102
1351625 0 102
1353018 0 103
1354533 0 101
1355967 0 102
1357441 0 102
1358834 0 102
1360308 0 102
1361844 0 102
1363360 0 103
1364834 0 101
1366350 0 102
1367886 0 102
1369299 0 102
1370712 0 102
1372187 0 103
1373723 0 101
1375259 0 102
1376692 0 102
1378105 0 102
1379559 0 102
1381095 0 103
1382611 0 101
1384003 0 102
1385519 0 103
1387075 0 101
1388591 0 102
1389983 0 102
1391376 0 103
1392912 0 101
1394366 0 102
1395861 0 103
1397418 0 101
1398913 0 102
1400326 0 102
1401739 0 102
1403234 0 103
1404749 0 101
1406285 0 102
1407821 0 103
1409296 0 101
1410832 0 102
1412347 0 103
1413781 0 101
1415194 0 102
1416730 0 102
1418123 0 103
1419699 0 101
1421113 0 102
1422649 0 102
1424144 0 102
1425577 0 102
1426970 0 102
1428444 0 103
1429939 0 101
1431475 0 102
1432929 0 103
1434486 0 101
1435981 0 102
1437435 0 102
1438868 0 103
1440302 0 101
1441695 0 102
1443128 0 103
1444623 0 101
1446036 0 102
1447490 0 102
1448903 0 102
1450316 0 102
1451771 0 102
1453327 0 102
1454802 0 103
1456256 0 101
1457730 0 102
1459225 0 103
1460659 0 101
1462133 0 102
1463546 0 102
1465041 0 102
1466454 0 102
1467929 0 102
1469404 0 103
1470960 0 101
1472434 0 102
1473930 0 102
1475343 0 102
1476797 0 102
1478251 0 102
1479643 0 103
1481118 0 101
1482613 0 102
1484149 0 103
1485582 0 101
1487098 0 102
1488511 0 102
1490006 0 102
1491460 0 102
1492873 0 102
1494368 0 103
1495781 0 101
1497235 0 102
1498771 0 102
1500225 0 102
1501720 0 103
1503277 0 101
1504772 0 102
1506226 0 103
1507700 0 101
1509093 0 102
1510527 0 102
1511981 0 103
1513394 0 101
1514930 0 102
1516445 0 102
1517899 0 103
1519333 0 101
1520725 0 102
1522220 0 102
1523654 0 103
1525129 0 101
1526624 0 102
1528078 0 102
1529491 0 102
1530945 0 102
1532460 0 103
1533955 0 101
1535471 0 102
1536925 0 102
1538338 0 102
1539731 0 103
1541185 0 101
1542639 0 102
1544093 0 102
1545629 0 102
1547124 0 102
1548557 0 103
1549970 0 101
1551363 0 102
1552817 0 103
1554271 0 101
1555746 0 102
1557159 0 103
1558654 0 101
1560128 0 102
1561562 0 102
1563016 0 103
1564593 0 101
1566026 0 102
1567460 0 102
1568975 0 102
1570511 0 103
1571945 0 101
1573481 0 102
1574915 0 102
1576430 0 102
1577925 0 102
1579400 0 103
1580895 0 101
1582410 0 102
1583905 0 102
1585421 0 103
1586977 0 101
1588493 0 102
1589988 0 102
1591401 0 102
1592875 0 102
1594411 0 102
1595804 0 102
1597258 0 102
1598671 0 103
1600227 0 101
1601681 0 102
1603176 0 103
1604671 0 101
1606167 0 102
1607682 0 103
1609095 0 101
1610570 0 102
1612044 0 102
1613519 0 102
1614952 0 103
1616406 0 101
1617819 0 102
1619314 0 102
1620850 0 102
1622325 0 103
1623820 0 101
1625233 0 102
1626646 0 102
1628100 0 102
1629493 0 102
1630926 0 102
1632380 0 103
1633834 0 101
1635268 0 102
1636825 0 102
1638279 0 102
1639712 0 102
1641105 0 102
1642538 0 102
1644095 0 103
1645569 0 101
1647044 0 102
1648457 0 102
1649911 0 102
1651386 0 103
1652799 0 101
1654335 0 102
1655809 0 102
1657345 0 103
1658758 0 101
1660294 0 102
1661707 0 102
1663141 0 102
1664574 0 102
1666008 0 103
1667483 0 101
1668916 0 102
1670391 0 102
1671947 0 102
1673442 0 102
1674876 0 102
1676350 0 102
1677845 0 103
1679340 0 101
1680753 0 102
1682248 0 102
1683661 0 102
1685116 0 102
1686549 0 103
1688085 0 101
1689642 0 102
1691137 0 102
1692570 0 102
1694106 0 102
1695540 0 103
1696973 0 101
1698427 0 102
1699840 0 102
1701335 0 102
1702871 0 103
1704346 0 101
1705902 0 102
1707377 0 102
1708831 0 102
1710305 0 102
1711841 0 102
1713255 0 102
1714750 0 103
1716224 0 101
1717658 0 102
1719153 0 102
1720607 0 102
1722020 0 103
1723433 0 101
1724826 0 102
1726321 0 102
1727734 0 102
1729270 0 103
1730826 0 101
1732260 0 102
1733796 0 103
1735229 0 101
1736786 0 102
1738219 0 102
1739632 0 103
1741066 0 101
1742479 0 102
1743974 0 102
1745449 0 103
1747005 0 101
1748480 0 102
1749954 0 102
1751388 0 102
1752842 0 102
1754275 0 102
1755770 0 102
1757306 0 103
1758842 0 101
1760276 0 102
1761771 0 102
1763225 0 102
1764658 0 103
1766133 0 101
1767587 0 102
1769082 0 103
1770618 0 101
1772134 0 102
1773526 0 102
1774939 0 102
1776434 0 102
1777888 0 102
1779383 0 102
1780817 0 103
1782353 0 101
1783786 0 102
1785240 0 102
1786756 0 102
1788189 0 103
1789705 0 101
1791221 0 102
1792613 0 102
1794129 0 102
1795644 0 102
1797078 0 102
1798593 0 103
1800129 0 101
1801583 0 102
1803078 0 103
1804573 0 101
1806027 0 102
1807522 0 102
1808997 0 102
1810430 0 102
1811987 0 102
1813482 0 102
1814977 0 103
1816390 0 101
1817824 0 102
1819278 0 102
1820691 0 102
1822165 0 102
1823660 0 102
1825094 0 103
1826650 0 101
1828145 0 102
1829640 0 102
1831053 0 102
1832487 0 102
1834002 0 102
1835477 0 102
1836952 0 102
1838488 0 103
1839901 0 101
1841396 0 102
1842911 0 102
1844406 0 102
1845860 0 103
1847376 0 101
1848912 0 102
1850325 0 103
1851881 0 101
1853417 0 102
1854810 0 103
1856366 0 101
1857800 0 102
1859336 0 103
1860892 0 101
1862346 0 102
1863759 0 103
1865316 0 101
1866831 0 102
1868224 0 102
1869739 0 102
1871153 0 102
1872688 0 102
1874163 0 102
1875617 0 103
1877194 0 101
1878607 0 102
1880041 0 102
1881495 0 102
1882887 0 102
1884341 0 102
1885836 0 103
1887352 0 101
1888806 0 102
1890240 0 102
1891735 0 103
1893168 0 101
1894581 0 102
1896035 0 102
1897469 0 102
1898882 0 102
1900397 0 103
1901933 0 101
1903469 0 102
1904964 0 103
1906439 0 101
1907852 0 102
1909286 0 103
1910842 0 101
1912276 0 102
2060055 0 42
2061570 0 44
2063065 0 37
2064580 0 40
2066035 0 40
2067448 0 42
2068984 0 48
2070438 0 38
2071933 0 41
2073366 0 43
2074779 0 56
2076315 0 53
2077872 0 55
2079387 0 54
2080923 0 49
2082336 0 60
2083893 0 66
2085429 0 46
2086985 0 56
2088439 0 72
2089832 0 43
2091265 0 57
2092760 0 57
2094296 0 60
2095853 0 51
2097307 0 60
2098720 0 69
2100235 0 44
2101669 0 49
2103123 0 72
2104577 0 47
2106134 0 52
2107629 0 55
2109042 0 72
2110578 0 47
2112073 0 50
2113527 0 49
2115001 0 58
2116558 0 49
2118073 0 53
2119568 0 51
2121084 0 64
2122497 0 44
2124033 0 54
2125589 0 51
2127105 0 59
2128538 0 63
2130054 0 38
2131549 0 49
2132982 0 58
2134477 0 54
2136013 0 50
2137406 0 58
2138840 0 54
2140294 0 49
2141809 0 66
2143345 0 38
2144902 0 58
2146458 0 52
2147953 0 57
2149428 0 57
2150943 0 49
2152459 0 51
2153913 0 66
2155346 0 39
2156821 0 51
2158357 0 60
2159831 0 59
2161347 0 67
2162842 0 44
2164296 0 54
2165811 0 66
2167265 0 40
2168699 0 50
2170194 0 55
2171709 0 49
2173225 0 50
2174699 0 49
2176174 0 60
2177689 0 68
2179144 0 41
2180577 0 52
2182052 0 58
2183547 0 62
2185001 0 41
2186516 0 55
2188073 0 57
2189650 0 56
2191165 0 51
2192681 0 56
2194094 0 68
2195609 0 47
2197043 0 50
2198476 0 65
2199889 0 45
2201405 0 53
2202859 0 56
2204272 0 58
2205849 0 70
2207364 0 44
2208900 0 53
2210416 0 58
2211972 0 66
2213529 0 48
2215003 0 52
2216560 0 57
2218116 0 57
2219570 0 68
2221065 0 44
2222622 0 57
2224096 0 56
2225550 0 69
2226984 0 44
2228418 0 56
2229954 0 54
2231510 0 59
2232985 0 62
2234520 0 48
2236015 0 53
2237572 0 56
2239026 0 54
2240480 0 58
2242037 0 52
2243470 0 56
2244986 0 64
2246460 0 39
2247873 0 52
2249327 0 60
2250761 0 50
2252215 0 52
2253648 0 52
2255184 0 59
2256700 0 56
2258113 0 62
2259628 0 37
2261144 0 59
2262537 0 54
2264073 0 68
2265527 0 40
2267001 0 58
2268414 0 61
2269909 0 39
2271322 0 50
2272797 0 61
2274292 0 41
2275766 0 50
2277261 0 51
2278756 0 68
2280170 0 48
2281644 0 55
2283098 0 72
2284573 0 38
2286068 0 50
2287522 0 51
2288955 0 51
2290491 0 51
2291925 0 58
2293358 0 63
2294813 0 45
2296226 0 54
2297762 0 62
2299195 0 45
2300772 0 53
2302185 0 51
2303578 0 65
2305052 0 44
2306486 0 59
2308001 0 60
2309435 0 70
2310828 0 38
2312384 0 53
2313900 0 71
2315374 0 45
2316869 0 58
2318426 0 69
2319941 0 48
2321375 0 58
2322931 0 72
2324324 0 38
2325778 0 52
2327232 0 66
2328747 0 47
2330263 0 54
2331819 0 49
2333273 0 60
2334768 0 56
2336181 0 49
2337738 0 62
2339233 0 48
2340789 0 55
2342243 0 59
2343677 0 57
2345213 0 54
2346728 0 52
2348182 0 56
2349616 0 66
2351050 0 48
2352524 0 55
2353978 0 57
2355412 0 71
2356886 0 38
2358381 0 60
2359856 0 49
2361412 0 53
2362846 0 52
2364259 0 58
2365795 0 61
2367331 0 45
2368805 0 57
2370341 0 69
2371795 0 40
2373311 0 58
2374847 0 57
2376342 0 66
2377735 0 45
2379311 0 58
2380766 0 55
2382261 0 57
2383797 0 52
2385271 0 59
2386807 0 63
2388363 0 46
2389920 0 58
2391354 0 55
2392869 0 53
2394425 0 50
2395982 0 53
2397436 0 68
2398972 0 39
2400385 0 51
2401839 0 72
2403293 0 39
2404706 0 53
2406201 0 57
2407635 0 54
2409089 0 69
2410543 0 44
2411956 0 49
2413492 0 49
2415048 0 55
2416564 0 51
2418018 0 51
2419513 0 65
2420926 0 48
2422360 0 54
2423834 0 56
2425350 0 54
2426886 0 57
2428401 0 52
2429937 0 68
2431391 0 43
2432845 0 49
2434279 0 54
2435774 0 56
2437289 0 50
2438702 0 66
2440259 0 41
2441733 0 53
2443126 0 59
2444601 0 55
2446014 0 69
2447570 0 37
2449045 0 50
2450581 0 53
2451994 0 71
2453468 0 40
2454902 0 60
2456356 0 55
2457851 0 52
2459346 0 57
2460902 0 55
2462377 0 52
2463851 0 66
2465265 0 43
2466678 0 52
2468214 0 60
2469647 0 55
2471183 0 55
2472740 0 50
2474296 0 72
2475791 0 38
2477327 0 56
2478843 0 59
2480297 0 55
2481853 0 59
2483287 0 72
2484761 0 43
2486318 0 59
2487874 0 49
2489328 0 59
2490741 0 50
2492216 0 64
2493752 0 46
2495185 0 56
2496660 0 65
2498155 0 46
2499588 0 59
2501063 0 67
2502517 0 39
2503930 0 60
2505446 0 59
2506900 0 49
2508354 0 55
2509849 0 49
2511303 0 49
2512695 0 62
2514211 0 48
2515665 0 57
2517201 0 70
2518553 0 38
2520109 0 55
2521563 0 51
2523099 0 65
2524635 0 42
2526150 0 50
2527686 0 49
2529161 0 58
2530636 0 59
2532069 0 67
2533564 0 44
2535059 0 56
2536616 0 72
2538070 0 38
2539585 0 55
2541142 0 61
2542678 0 40
2544254 0 49
2545688 0 67
2547163 0 42
2548658 0 53
2550194 0 62
2551689 0 43
2553143 0 54
2554576 0 60
2556112 0 59
2557607 0 51
2559061 0 64
2560495 0 47
2561969 0 49
2563403 0 59
2564898 0 60
2566332 0 56
2567867 0 66
2569403 0 46
2570980 0 59
2572496 0 54
2573970 0 55
2575424 0 51
2576817 0 57
2578333 0 62
2579746 0 41
2581261 0 58
2582797 0 61
2584231 0 44
2585705 0 56
2587241 0 52
2588695 0 51
2590190 0 65
2591726 0 43
2593160 0 54
2594634 0 58
2596191 0 58
2597727 0 60
2599160 0 67
2600614 0 42
2602068 0 56
2603604 0 71
2605018 0 40
2606431 0 50
2607926 0 54
2609380 0 50
2610854 0 62
2612288 0 38
2613721 0 50
2615257 0 58
2616752 0 54
2618288 0 60
2619763 0 70
2621176 0 40
2622589 0 52
2624064 0 53
2625538 0 60
2627013 0 56
2628487 0 53
2629921 0 51
2631375 0 65
2632890 0 40
2634344 0 50
2635778 0 71
2637232 0 38
2638747 0 50
2640243 0 64
2641717 0 41
2643233 0 56
2644707 0 53
2646243 0 53
2647738 0 62
2649254 0 46
2650790 0 50
2652305 0 71
2653841 0 42
2655234 0 51
2656729 0 58
2658306 0 50
2659760 0 68
2661234 0 43
2662668 0 49
2664101 0 58
2665678 0 51
2667132 0 65
2668648 0 39
2670143 0 50
2671556 0 65
2672969 0 41
2674525 0 55
2676000 0 59
2677474 0 60
2679031 0 63
2680526 0 43
2682062 0 50
2683577 0 49
2685093 0 63
2686567 0 47
2688001 0 52
2689517 0 66
2691052 0 40
2692507 0 54
2694002 0 55
2695538 0 57
2697053 0 65
2698528 0 47
2700002 0 53
2701477 0 71
2702972 0 38
2704528 0 55
2705962 0 56
2707395 0 58
2708911 0 53
2710447 0 59
2711983 0 49
2713519 0 72
2715055 0 42
2716509 0 49
2717922 0 64
2719478 0 48
2720932 0 59
2722468 0 57
2723984 0 51
2725376 0 54
2726789 0 55
2728325 0 70
2729718 0 37
2731172 0 52
2732667 0 49
2734203 0 53
2735739 0 70
2737234 0 45
2738709 0 49
2740245 0 69
2741760 0 38
2743214 0 60
2744627 0 66
2746143 0 45
2747617 0 59
2749051 0 63
2750546 0 43
2752000 0 52
2753536 0 60
2755010 0 52
2756423 0 72
2757816 0 41
2759250 0 49
2760663 0 57
2762219 0 53
2763735 0 54
2765209 0 58
2766704 0 55
2768179 0 59
2769612 0 67
2771046 0 45
2772520 0 59
2774077 0 49
2775592 0 69
2777149 0 42
2778562 0 55
2780036 0 56
2781593 0 59
2783006 0 71
2784522 0 44
2786058 0 51
2787512 0 55
2789068 0 51
2790543 0 50
2792017 0 63
2793574 0 48
2794987 0 58
2796441 0 68
2797854 0 48
2799308 0 57
2800782 0 53
2802277 0 60
2803731 0 49
2805165 0 62
2806599 0 44
2808135 0 59
2809568 0 50
2811002 0 69
2812435 0 45
2813930 0 50
2815466 0 58
2816982 0 59
2818456 0 60
2819972 0 60
2821467 0 53
2822941 0 65
2824498 0 47
2825952 0 51
2827385 0 64
2828799 0 46
2830294 0 59
2831727 0 71
2833181 0 42
2834717 0 54
2836233 0 60
2837769 0 58
2839264 0 69
2840779 0 41
2842295 0 59
2843728 0 68
2845141 0 38
2846595 0 49
2848049 0 57
2849503 0 50
2850917 0 58
2852412 0 57
2853825 0 66
2855320 0 40
2856856 0 50
2858351 0 59
2859907 0 54
2861464 0 57
2862918 0 50
2864372 0 50
2865826 0 70
2867280 0 46
2868775 0 56
2870270 0 52
2871806 0 56
2873260 0 57
2874755 0 68
2876188 0 43
2877663 0 52
2879158 0 58
2880632 0 56
2882148 0 52
2883663 0 55
2885158 0 70
2886633 0 45
2888067 0 59
2889623 0 55
2891098 0 57
2892572 0 54
2894026 0 53
2895439 0 53
2896893 0 67
2898429 0 37
2899843 0 56
2901378 0 70
2902791 0 45
2904225 0 51
2905659 0 61
2907072 0 37
2908546 0 57
2910041 0 62
2911434 0 44
2912929 0 54
2914465 0 62
2915960 0 46
2917393 0 54
2918868 0 49
2920302 0 49
2921756 0 52
2923169 0 69
2924664 0 48
2926220 0 49
2927674 0 50
2929231 0 68
2930685 0 48
2932139 0 56
2933572 0 59
2934985 0 67
2936439 0 39
2937934 0 52
2939348 0 56
2940740 0 60
2942174 0 51
2943587 0 49
2945143 0 70
2946536 0 41
2948092 0 54
2949628 0 57
2951144 0 57
2952721 0 51
2954134 0 53
2955588 0 68
2957124 0 42
2958537 0 49
2959991 0 59
2961486 0 60
2962940 0 51
2982005 0 104
2983459 0 104
2984995 0 104
2986449 0 104
2988006 0 104
2989419 0 104
2990812 0 104
2992225 0 104
2993699 0 104
2995112 0 104
2996566 0 105
2998041 0 105
2999556 0 105
3001010 0 105
3002546 0 105
3004062 0 105
3005557 0 105
3007011 0 105
3008404 0 106
3009817 0 104
3011332 0 105
3012725 0 105
3014261 0 106
3015756 0 104
3017292 0 105
3018766 0 105
3020200 0 105
3021736 0 106
3023231 0 104
3024623 0 105
3026077 0 105
3027511 0 106
3029067 0 104
3030563 0 105
3031955 0 106
3033389 0 104
3034863 0 105
3036358 0 105
3037894 0 105
3039369 0 105
3040843 0 105
3042338 0 105
3043792 0 106
3045267 0 104
3046659 0 105
3048216 0 105
3049731 0 105
3051186 0 106
3052599 0 104
3054032 0 105
3055589 0 105
3057002 0 105
3058558 0 105
3060074 0 106
3061569 0 104
3063125 0 105
3064579 0 105
3066054 0 105
3067569 0 105
3069023 0 106
3070477 0 104
3071911 0 105
3073385 0 105
3074799 0 105
3076314 0 106
3077768 0 104
3079263 0 105
3080758 0 105
3082315 0 105
3083830 0 106
3085325 0 104
3086820 0 105
3088254 0 105
3089769 0 105
3091162 0 105
3092595 0 105
3094029 0 106
3095565 0 104
3096957 0 105
3098391 0 106
3099886 0 104
3101340 0 105
3102897 0 105
3104433 0 105
3105948 0 105
3107505 0 105
3108897 0 105
3110413 0 105
3111867 0 106
3113403 0 104
3114898 0 105
3116352 0 105
3117826 0 106
3119280 0 104
3120673 0 105
3122086 0 105
3123499 0 105
3125056 0 105
3126592 0 106
3128148 0 104
3129582 0 105
3131097 0 106
3132531 0 104
3133964 0 105
3135439 0 106
3136995 0 104
3138470 0 105
3139965 0 106
3141501 0 104
3143016 0 105
3144532 0 105
3146047 0 105
3147583 0 106
3149099 0 104
3150614 0 105
3152150 0 105
3153645 0 106
3155140 0 104
3156533 0 105
3158069 0 106
3159502 0 104
3160997 0 105
3162513 0 105
3164069 0 106
3165462 0 104
3166936 0 105
3168431 0 105
3169885 0 106
3171360 0 104
3172855 0 105
3174350 0 106
3175866 0 104
3177361 0 105
3178835 0 105
3180310 0 105
3181784 0 105
3183300 0 105
3184774 0 105
3186331 0 106
3187826 0 104
3189280 0 105
3190836 0 105
3192229 0 106
3193724 0 104
3195157 0 105
3196652 0 106
3198188 0 104
3199745 0 105
3201281 0 105
3202817 0 105
3204209 0 105
3205684 0 105
3207240 0 105
3208633 0 106
3210046 0 104
3211562 0 105
3213057 0 105
3214572 0 106
3216128 0 104
3217664 0 105
3219078 0 106
3220573 0 104
3222068 0 105
3223563 0 105
3225017 0 105
3226430 0 105
3227843 0 106
3229358 0 104
3230874 0 105
3232307 0 105
3233823 0 106
3235236 0 104
3236751 0 105
3238287 0 105
3239701 0 105
3241257 0 105
3242793 0 105
3244349 0 106
3245783 0 104
3247217 0 105
3248732 0 105
3250268 0 105
3251743 0 106
3253279 0 104
3254774 0 105
3256166 0 105
3257723 0 105
3259156 0 105
3260651 0 105
3262187 0 105
3263621 0 105
3265095 0 106
3266631 0 104
3268085 0 105
3269539 0 106
3271014 0 104
3272488 0 105
3274004 0 105
3275478 0 105
3277014 0 105
3278489 0 106
3279943 0 104
3281438 0 105
3282831 0 106
3284367 0 104
3285759 0 105
3287213 0 105
3288729 0 105
3290244 0 106
3291657 0 104
3293193 0 105
3294709 0 105
3296101 0 105
3297556 0 105
3299010 0 105
3300525 0 106
3302061 0 104
3303495 0 105
3304887 0 106
3306382 0 104
3307898 0 105
3309331 0 105
3310867 0 105
3312362 0 105
3313755 0 105
3315209 0 105
3316684 0 106
3318199 0 104
3319694 0 105
3321230 0 105
3322786 0 105
3324302 0 105
3325797 0 106
3327353 0 104
3328828 0 105
3330261 0 105
3331675 0 105
3333170 0 106
3334644 0 104
3336180 0 105
3337737 0 105
3339232 0 105
3340686 0 106
3342181 0 104
3343737 0 105
3345150 0 105
3346666 0 106
3348161 0 104
3349635 0 105
3351048 0 105
3352441 0 106
3353936 0 104
3355349 0 105
3356762 0 106
3358175 0 104
3359629 0 105
3361165 0 105
3362619 0 105
3364114 0 105
3365548 0 105
3366961 0 106
3368497 0 104
3369972 0 105
3371405 0 105
3372859 0 105
3374416 0 106
3375890 0 104
3377385 0 105
3378798 0 105
3380334 0 105
3381768 0 106
3383283 0 104
3384758 0 105
3386212 0 105
3387748 0 105
3389304 0 105
3390861 0 105
3392356 0 106
3393769 0 104
3395243 0 105
3396718 0 105
3398233 0 105
3399667 0 105
3401101 0 105
3402596 0 105
3403988 0 106
3405463 0 104
3406855 0 105
3408350 0 106
3409886 0 104
3411320 0 105
3412794 0 105
3414228 0 105
3415743 0 105
3417259 0 106
3418795 0 104
3420331 0 105
3421805 0 105
3423280 0 105
3424775 0 105
3426188 0 105
3427745 0 105
3429178 0 106
3430714 0 104
3432127 0 105
3433622 0 105
3435117 0 105
3436571 0 105
3438025 0 106
3439520 0 104
3440995 0 105
3442490 0 105
3444026 0 105
3445541 0 106
3446975 0 104
3448490 0 105
3449903 0 105
3451378 0 106
3452894 0 104
3454327 0 105
3455740 0 106
3457194 0 104
3458607 0 105
3460102 0 106
3461536 0 104
3463031 0 105
3464567 0 106
3466000 0 104
3467434 0 105
3468847 0 105
3470342 0 106
3471899 0 104
3473435 0 105
3474848 0 105
3476343 0 105
3477756 0 105
3479148 0 106
3480562 0 104
3481995 0 105
3483490 0 106
3484944 0 104
3486378 0 105
3487914 0 105
3489347 0 106
3490781 0 104
3492276 0 105
3493689 0 105
3495204 0 105
3496720 0 105
3498215 0 106
3499751 0 104
3501184 0 105
3502618 0 105
3504134 0 105
3505670 0 105
3507165 0 105
3508660 0 105
3510175 0 105
3511588 0 106
3513022 0 104
3514435 0 105
3515889 0 105
3517384 0 105
3518838 0 106
3520353 0 104
3521767 0 105
3523262 0 105
3524736 0 105
3526272 0 106
3527788 0 104
3529201 0 105
3530634 0 105
3532129 0 105
3533624 0 105
3535140 0 105
3536573 0 105
3538089 0 106
3539584 0 104
3540997 0 105
3542451 0 105
3543987 0 106
3545502 0 104
3546957 0 105
3548370 0 106
3549844 0 104
3551339 0 105
3552773 0 106
3554309 0 104
3555845 0 105
3557319 0 105
3558794 0 105
3560289 0 106
3561743 0 104
3563217 0 105
3564692 0 105
3566187 0 106
3567743 0 104
3569218 0 105
3570652 0 106
3572065 0 104
3573539 0 105
3575014 0 106
3576468 0 104
3577963 0 105
3579396 0 106
3580871 0 104
3582366 0 105
3583799 0 106
3585233 0 104
3586728 0 105
3588202 0 105
3589738 0 105
3591213 0 105
3592708 0 105
3594223 0 105
3595780 0 106
3597214 0 104
3598709 0 105
3600265 0 105
3601719 0 105
3603132 0 105
3604586 0 105
3606040 0 105
3607474 0 106
3609030 0 104
3610464 0 105
3611877 0 106
3613413 0 104
3614949 0 105
3616362 0 105
3617816 0 106
3619311 0 104
3620745 0 105
3622158 0 105
3623653 0 105
3625148 0 105
3626561 0 105
3627974 0 106
3629408 0 104
3630903 0 105
3632336 0 105
3633790 0 105
3635306 0 106
3636821 0 104
3638255 0 105
3639668 0 106
3641204 0 104
3642699 0 105
3644235 0 105
3645709 0 105
3647184 0 105
3648597 0 106
3650030 0 104
3651464 0 105
3652918 0 105
3654331 0 106
3655744 0 104
3657260 0 105
3658693 0 106
3660147 0 104
3661622 0 105
3663035 0 105
3664510 0 105
3665923 0 105
3667315 0 106
3668810 0 104
3670203 0 105
3671759 0 105
3673254 0 105
3674790 0 105
3676183 0 106
3677658 0 104
3679153 0 105
3680668 0 105
3682163 0 106
3683638 0 104
3685153 0 105
3686587 0 106
3688082 0 104
3689556 0 105
3691092 0 105
3692628 0 105
3694123 0 105
3695659 0 105
3697175 0 105
3698670 0 105
3700165 0 106
3701619 0 104
3703011 0 105
3704527 0 106
3705940 0 104
3707373 0 105
3708828 0 105
3710261 0 105
3711654 0 105
3713190 0 106
3714664 0 104
3716221 0 105
3717736 0 106
3719170 0 104
3720583 0 105
3721996 0 106
3723409 0 104
3724822 0 105
3726297 0 105
3727730 0 106
3729287 0 104
3730720 0 105
3732236 0 106
3733731 0 104
3735185 0 105
3736598 0 105
3738052 0 105
3739445 0 105
3740919 0 106
3742394 0 104
3743889 0 105
3745425 0 105
3746879 0 105
3748312 0 105
3749766 0 105
3751241 0 106
3752736 0 104
3754149 0 105
3755624 0 105
3757057 0 105
3758552 0 105
3759986 0 105
3761501 0 105
3762996 0 106
3764471 0 104
3765904 0 105
3767358 0 106
3768792 0 104
3770226 0 105
3771761 0 106
3773297 0 104
3774711 0 105
3776165 0 105
3777680 0 105
3779196 0 105
3780629 0 105
3782145 0 105
3783599 0 105
3785135 0 106
3786568 0 104
3788022 0 105
3789435 0 105
3790910 0 105
3792323 0 105
3793736 0 105
3795190 0 105
3796665 0 106
3798221 0 104
3799757 0 105
3801191 0 105
3802706 0 106
3804222 0 104
3805676 0 105
3807089 0 105
3808543 0 105
3810079 0 105
3811594 0 105
3813028 0 105
3814543 0 106
3816038 0 104
3817595 0 105
3819151 0 105
3820708 0 105
3822162 0 105
3823595 0 106
3825152 0 104
3826585 0 105
3828121 0 105
3829637 0 105
3831152 0 105
3832647 0 105
3834081 0 106
3835617 0 104
3837010 0 105
3838484 0 106
3840041 0 104
3841515 0 105
3842969 0 106
3844505 0 104
3845918 0 105
3847331 0 105
3848785 0 106
3850301 0 104
3851857 0 105
3853332 0 105
3854765 0 105
3856301 0 106
3857735 0 104
3859189 0 105
3860582 0 106
3861995 0 104
3863428 0 105
3864862 0 105
3866316 0 105
3867811 0 105
3869326 0 105
3870740 0 106
3872255 0 104
3873730 0 105
3875225 0 106
3876658 0 104
3878071 0 105
3879505 0 105
3880979 0 105
