42042 0 9
43496 0 9
45032 0 9
46506 0 4
47879 0 10
49394 0 11
50951 0 6
52466 0 11
54023 0 12
55579 0 11
57094 0 23
58610 0 18
60146 0 22
61682 0 20
63177 0 19
64713 0 25
66249 0 12
67682 0 13
69177 0 15
70591 0 23
72024 0 23
73437 0 35
74973 0 7
76386 0 22
77861 0 17
79315 0 23
80789 0 13
82264 0 23
83677 0 15
85152 0 24
86667 0 27
88080 0 6
89514 0 13
90906 0 15
92299 0 14
93753 0 18
95228 0 19
96723 0 16
98095 0 32
99508 0 5
100982 0 15
102457 0 18
103993 0 26
105488 0 1
106942 0 24
108457 0 31
109952 0 6
111366 0 23
112861 0 15
114396 0 19
115933 0 21
117407 0 16
118882 0 31
120458 0 6
122035 0 22
123612 0 14
125046 0 17
126541 0 20
128097 0 16
129490 0 32
130883 0 6
132316 0 19
133729 0 23
135286 0 21
136822 0 26
138235 0 7
139730 0 23
141225 0 36
142699 0 3
144194 0 24
145648 0 24
147082 0 20
148597 0 13
150072 0 18
151588 0 22
153062 0 19
154516 0 26
155909 0 9
157465 0 21
158919 0 31
160373 0 8
161930 0 20
163384 0 22
164838 0 13
166374 0 17
167828 0 21
169241 0 36
170797 0 6
172313 0 19
173746 0 19
175242 0 16
176696 0 23
178170 0 28
179624 0 11
181119 0 22
182594 0 15
184007 0 14
185461 0 17
186935 0 20
188389 0 17
189782 0 19
191338 0 31
192874 0 1
194267 0 14
195762 0 22
197278 0 14
198793 0 13
200288 0 16
201722 0 19
203237 0 36
204671 0 5
206125 0 13
207640 0 23
209156 0 19
210610 0 18
212043 0 23
213497 0 30
214952 0 9
216447 0 13
217901 0 20
219396 0 22
220952 0 13
222365 0 24
223778 0 14
225212 0 32
226666 0 9
228120 0 18
229635 0 20
231171 0 21
232625 0 20
234079 0 21
235575 0 21
237110 0 20
238565 0 35
240039 0 8
241514 0 16
242947 0 20
244524 0 26
246040 0 8
247596 0 14
249009 0 25
250545 0 7
252040 0 15
253433 0 35
254866 0 11
256279 0 20
257836 0 16
259249 0 20
260785 0 30
262137 0 7
263611 0 20
265168 0 30
266663 0 11
268199 0 17
269591 0 24
271086 0 23
272561 0 31
274117 0 12
275571 0 22
277128 0 22
278561 0 21
280056 0 13
281572 0 20
283087 0 15
284623 0 36
286057 0 4
287572 0 21
289067 0 15
290480 0 21
291934 0 25
293368 0 1
294802 0 13
296194 0 14
297587 0 28
298979 0 6
300515 0 16
301949 0 20
303424 0 14
304878 0 26
306311 0 3
307724 0 13
309199 0 26
310653 0 7
312189 0 19
313725 0 14
315179 0 17
316653 0 24
318148 0 33
319643 0 2
321179 0 14
322654 0 13
324047 0 14
325521 0 31
327057 0 7
328470 0 24
329904 0 16
331317 0 14
332812 0 22
334368 0 19
335843 0 27
337358 0 5
338874 0 24
340389 0 31
341864 0 7
343441 0 17
344854 0 23
346328 0 19
347803 0 21
349216 0 25
350732 0 3
352165 0 23
353681 0 21
355176 0 25
356650 0 2
358022 0 22
359558 0 17
361094 0 34
362569 0 4
364043 0 14
365518 0 18
366992 0 15
368528 0 14
369962 0 15
371416 0 15
372870 0 30
374283 0 8
375799 0 18
377212 0 34
378707 0 8
380181 0 17
381656 0 31
383089 0 5
384523 0 13
385977 0 35
387513 0 1
388987 0 23
390421 0 36
391855 0 7
393391 0 19
394906 0 18
396442 0 22
397958 0 24
399371 0 13
400825 0 32
402258 0 10
403712 0 16
405105 0 22
406600 0 19
408054 0 14
409508 0 23
410962 0 28
412519 0 11
414055 0 21
415468 0 34
416922 0 2
418376 0 21
419871 0 36
421366 0 1
422881 0 18
424315 0 27
425851 0 6
427407 0 22
428923 0 13
430459 0 21
432015 0 20
433469 0 35
434985 0 10
436521 0 22
437975 0 16
439347 0 24
440862 0 24
442316 0 27
443811 0 9
445388 0 23
446802 0 16
448174 0 29
449607 0 7
451143 0 24
452618 0 13
454031 0 23
455526 0 22
457021 0 28
458454 0 11
459990 0 15
461403 0 19
462878 0 17
464414 0 16
465848 0 35
467343 0 9
468899 0 23
470394 0 19
471971 0 19
473466 0 26
474859 0 4
476313 0 24
477849 0 29
479282 0 2
480798 0 19
482334 0 30
483849 0 11
485406 0 21
486880 0 35
488375 0 11
489809 0 21
491345 0 21
492901 0 29
494314 0 3
495768 0 16
497243 0 35
498676 0 6
500130 0 16
501523 0 16
503039 0 17
504493 0 17
505988 0 15
507524 0 18
509060 0 34
510452 0 11
511988 0 13
513422 0 19
514896 0 19
516371 0 20
517907 0 15
519443 0 24
520876 0 22
522289 0 35
523703 0 11
525218 0 16
526693 0 19
528126 0 21
529580 0 27
531034 0 12
532570 0 22
534127 0 33
535540 0 3
537055 0 17
538509 0 23
539984 0 19
541458 0 23
542871 0 35
544367 0 12
545861 0 14
547397 0 17
548831 0 18
550347 0 17
551739 0 20
553214 0 13
554606 0 35
556081 0 10
557555 0 14
558989 0 15
560525 0 15
561918 0 23
563433 0 20
564928 0 35
566403 0 4
567795 0 24
569208 0 30
570683 0 3
572178 0 18
573673 0 28
575106 0 2
576601 0 24
578137 0 14
579551 0 23
581066 0 26
582520 0 5
583995 0 22
585469 0 24
586903 0 21
588459 0 34
589872 0 11
591285 0 19
592842 0 20
594378 0 31
595852 0 12
597368 0 14
598863 0 25
600317 0 8
601853 0 19
603430 0 24
604904 0 25
606399 0 5
607915 0 19
609410 0 34
610864 0 6
612400 0 13
613854 0 18
615410 0 21
616905 0 26
618380 0 8
619854 0 21
621349 0 25
622763 0 12
624319 0 20
625916 0 14
627370 0 13
628804 0 20
630381 0 13
631835 0 33
633330 0 9
634886 0 13
636361 0 15
637877 0 34
639351 0 6
640928 0 13
642341 0 20
643816 0 17
645372 0 20
646888 0 17
648403 0 27
649898 0 10
651311 0 14
652847 0 34
654281 0 5
655673 0 16
657148 0 19
658602 0 26
660097 0 8
661653 0 16
663046 0 24
664521 0 36
666097 0 6
667674 0 14
669149 0 15
670582 0 13
671996 0 23
673470 0 33
674965 0 12
676501 0 15
677894 0 18
679471 0 20
681007 0 31
682461 0 1
683956 0 21
685451 0 20
687007 0 29
688523 0 4
689956 0 21
691472 0 18
693049 0 16
694462 0 16
695957 0 23
697411 0 35
698803 0 4
700319 0 24
701855 0 24
703370 0 23
704804 0 27
706217 0 3
707712 0 14
709228 0 20
710682 0 20
712156 0 21
713713 0 22
715228 0 30
716662 0 6
718075 0 24
719611 0 29
721106 0 3
722519 0 14
723932 0 13
725386 0 15
726922 0 17
728335 0 33
729748 0 7
731284 0 16
732779 0 19
734213 0 28
735708 0 3
737121 0 16
738554 0 31
739988 0 5
741401 0 23
742835 0 33
744268 0 9
745845 0 14
747258 0 34
748794 0 10
750371 0 16
751825 0 36
753300 0 9
754733 0 21
756249 0 14
757764 0 23
759280 0 32
760672 0 10
762167 0 14
763540 0 22
765014 0 16
766448 0 16
767902 0 16
769397 0 21
770912 0 30
772346 0 4
773779 0 20
775295 0 23
776851 0 19
778326 0 21
779739 0 34
781234 0 8
782811 0 21
784367 0 18
785924 0 21
787378 0 27
788771 0 6
790327 0 14
791720 0 16
793194 0 25
794751 0 11
796184 0 23
797638 0 28
799113 0 9
800608 0 14
802123 0 17
803536 0 13
805031 0 33
806547 0 8
808001 0 15
809537 0 34
810950 0 2
812465 0 17
813899 0 15
815374 0 20
816889 0 17
818384 0 31
819940 0 1
821333 0 18
822808 0 14
824282 0 17
825716 0 15
827252 0 31
828685 0 1
830160 0 17
831655 0 26
833068 0 8
834604 0 24
836078 0 19
837594 0 19
839171 0 19
840748 0 21
842161 0 17
843554 0 27
845028 0 6
846544 0 14
847977 0 16
849493 0 22
851029 0 20
852462 0 24
853875 0 34
855391 0 6
856824 0 23
858319 0 17
859712 0 33
861248 0 11
862784 0 16
864238 0 17
865672 0 13
867085 0 18
868559 0 14
870054 0 36
871508 0 12
873003 0 22
874539 0 24
875952 0 24
877488 0 27
878983 0 8
880499 0 21
881973 0 30
883427 0 4
884861 0 19
886356 0 16
887810 0 13
889244 0 19
890698 0 24
892131 0 36
893667 0 7
895080 0 21
896555 0 17
897968 0 30
899381 0 7
900856 0 20
902289 0 16
903805 0 14
905279 0 13
906692 0 26
908187 0 9
909621 0 15
911157 0 33
912631 0 10
914208 0 21
915703 0 18
917178 0 24
918734 0 29
920168 0 9
921704 0 17
923178 0 24
924673 0 25
926189 0 1
927684 0 17
929158 0 26
930572 0 4
932067 0 22
933562 0 36
935098 0 7
936572 0 18
938047 0 19
939501 0 31
940955 0 7
942429 0 22
955374 0 101
956766 0 101
958220 0 101
959654 0 101
961067 0 101
962500 0 101
963996 0 101
965388 0 101
966924 0 101
968440 0 101
969935 0 102
971409 0 102
972843 0 103
974399 0 101
975915 0 102
977410 0 103
978946 0 101
980338 0 102
981751 0 102
983144 0 102
984557 0 103
985970 0 101
987363 0 102
988817 0 102
990332 0 103
991766 0 101
993179 0 102
994674 0 102
996189 0 102
997705 0 103
999159 0 101
1000695 0 102
1002170 0 102
1003706 0 102
1005119 0 103
1006573 0 101
1008047 0 102
1009460 0 102
1010955 0 102
1012409 0 103
1013863 0 101
1015317 0 102
1016853 0 103
1018348 0 101
1019741 0 102
1021277 0 103
1022752 0 101
1024165 0 102
1025721 0 102
1027175 0 102
1028691 0 103
1030104 0 101
1031496 0 102
1032930 0 103
1034364 0 101
1035838 0 102
1037251 0 103
1038664 0 101
1040159 0 102
1041593 0 103
1043026 0 101
1044460 0 102
1045914 0 102
1047368 0 102
1048843 0 102
1050256 0 102
1051730 0 102
1053164 0 102
1054700 0 103
1056256 0 101
1057792 0 102
1059246 0 102
1060782 0 103
1062298 0 101
1063752 0 102
1065267 0 102
1066762 0 102
1068175 0 102
1069650 0 102
1071145 0 103
1072620 0 101
1074155 0 102
1075589 0 103
1077105 0 101
1078497 0 102
1079972 0 102
1081405 0 102
1082859 0 102
1084334 0 102
1085870 0 103
1087303 0 101
1088819 0 102
1090232 0 102
1091707 0 103
1093140 0 101
1094635 0 102
1096048 0 102
1097502 0 102
1099038 0 103
1100595 0 101
1102028 0 102
1103462 0 102
1104916 0 102
1106411 0 102
1107865 0 102
1109380 0 102
1110855 0 103
1112370 0 101
1113784 0 102
1115279 0 102
1116774 0 102
1118166 0 102
1119620 0 102
1121136 0 102
1122569 0 103
1124003 0 101
1125518 0 102
1126952 0 102
1128386 0 103
1129860 0 101
1131417 0 102
1132809 0 102
1134325 0 102
1135717 0 102
1137110 0 102
1138584 0 103
1140059 0 101
1141472 0 102
1142988 0 102
1144462 0 102
1145916 0 102
1147309 0 102
1148701 0 102
1150237 0 103
1151794 0 101
1153227 0 102
1154681 0 103
1156135 0 101
1157651 0 102
1159044 0 102
1160518 0 102
1161993 0 102
1163406 0 102
1164860 0 103
1166355 0 101
1167747 0 102
1169304 0 102
1170717 0 102
1172232 0 102
1173625 0 102
1175059 0 103
1176472 0 101
1177905 0 102
1179339 0 102
1180752 0 103
1182329 0 101
1183742 0 102
1185155 0 102
1186650 0 102
1188084 0 102
1189599 0 102
1191074 0 102
1192487 0 103
1194002 0 101
1195518 0 102
1196951 0 102
1198467 0 102
1199982 0 102
1201436 0 103
1202931 0 101
1204365 0 102
1205840 0 103
1207294 0 101
1208809 0 102
1210345 0 102
1211799 0 102
1213335 0 102
1214769 0 103
1216202 0 101
1217738 0 102
1219172 0 102
1220626 0 102
1222162 0 102
1223657 0 103
1225111 0 101
1226544 0 102
1227978 0 102
1229391 0 102
1230784 0 102
1232197 0 102
1233733 0 102
1235269 0 102
1236805 0 103
1238279 0 101
1239815 0 102
1241228 0 103
1242764 0 101
1244157 0 102
1245611 0 102
1247086 0 102
1248478 0 103
1250014 0 101
1251509 0 102
1252922 0 102
1254417 0 102
1255810 0 102
1257284 0 103
1258841 0 101
1260233 0 102
1261708 0 102
1263101 0 102
1264555 0 103
1266050 0 101
1267545 0 102
1268958 0 103
1270412 0 101
1271907 0 102
1273402 0 103
1274917 0 101
1276371 0 102
1277866 0 102
1279361 0 102
1280897 0 102
1282331 0 103
1283785 0 101
1285260 0 102
1286775 0 102
1288188 0 102
1289683 0 103
1291199 0 101
1292714 0 102
1294168 0 102
1295561 0 102
1296953 0 102
1298408 0 103
1299903 0 101
1301295 0 102
1302831 0 103
1304326 0 101
1305842 0 102
1307234 0 102
1308627 0 103
1310163 0 101
1311699 0 102
1313173 0 102
1314689 0 102
1316081 0 102
1317597 0 102
1319133 0 102
1320526 0 103
1322062 0 101
1323598 0 102
1325052 0 102
1326588 0 102
1328001 0 102
1329455 0 102
1331011 0 102
1332506 0 103
1334001 0 101
1335496 0 102
1336971 0 102
1338363 0 102
1339776 0 102
1341292 0 103
1342848 0 101
1344241 0 102
1345695 0 103
1347190 0 101
1348726 0 102
1350139 0 102
1351573 0 102
1353006 0 102
1354440 0 102
1355976 0 102
1357368 0 103
1358802 0 101
1360256 0 102
1361731 0 103
1363144 0 101
1364680 0 102
1366134 0 103
1367670 0 101
1369185 0 102
1370680 0 102
1372114 0 102
1373507 0 103
1374919 0 101
1376414 0 102
1377889 0 103
1379302 0 101
1380715 0 102
1382210 0 102
1383705 0 102
1385159 0 103
1386675 0 101
1388067 0 102
1389583 0 103
1391057 0 101
1392552 0 102
1394006 0 103
1395440 0 101
1396833 0 102
1398287 0 102
1399802 0 102
1401338 0 102
1402751 0 102
1404144 0 102
1405680 0 102
1407216 0 103
1408772 0 101
1410226 0 102
1411619 0 102
1413114 0 103
1414629 0 101
1416145 0 102
1417579 0 102
1418971 0 103
1420405 0 101
1421879 0 102
1423374 0 102
1424869 0 103
1426282 0 101
1427696 0 102
1429170 0 102
1430624 0 103
1432037 0 101
1433573 0 102
1435109 0 102
1436645 0 103
1438058 0 101
1439492 0 102
1441007 0 103
1442543 0 101
1443936 0 102
1445349 0 103
1446864 0 101
1448380 0 102
1449895 0 102
1451288 0 102
1452681 0 102
1454114 0 103
1455527 0 101
1456981 0 102
1458374 0 103
1459787 0 101
1461303 0 102
1462798 0 102
1464231 0 103
1465685 0 101
1467098 0 102
1468552 0 103
1470109 0 101
1471542 0 102
1472976 0 102
1474512 0 102
1475925 0 102
1477318 0 103
1478854 0 101
1480287 0 102
1481700 0 103
1483236 0 101
1484752 0 102
1486226 0 102
1487639 0 102
1489114 0 102
1490548 0 102
1492084 0 103
1493538 0 101
1495074 0 102
1496528 0 102
1497982 0 103
1499518 0 101
1500951 0 102
1502487 0 103
1503921 0 101
1505313 0 102
1506726 0 102
1508262 0 102
1509655 0 102
1511089 0 103
1512645 0 101
1514140 0 102
1515594 0 103
1517130 0 101
1518543 0 102
1520100 0 102
1521533 0 103
1523090 0 101
1524523 0 102
1525998 0 103
1527452 0 101
1528906 0 102
1530360 0 102
1531773 0 102
1533186 0 102
1534722 0 103
1536217 0 101
1537753 0 102
1539187 0 102
1540579 0 102
1542074 0 102
1543467 0 103
1544962 0 101
1546375 0 102
1547870 0 102
1549304 0 103
1550737 0 101
1552150 0 102
1553604 0 103
1555120 0 101
1556553 0 102
1558089 0 102
1559482 0 102
1560875 0 102
1562288 0 102
1563721 0 103
1565155 0 101
1566691 0 102
1568104 0 102
1569599 0 102
1571012 0 103
1572446 0 101
1573941 0 102
1575477 0 102
1576992 0 102
1578405 0 103
1579921 0 101
1581457 0 102
1582952 0 102
1584406 0 102
1585962 0 103
1587539 0 101
1589014 0 102
1590529 0 102
1592065 0 102
1593581 0 102
1595117 0 102
1596591 0 103
1598045 0 101
1599581 0 102
1601117 0 102
1602551 0 102
1603964 0 102
1605438 0 102
1606933 0 102
1608449 0 103
1609985 0 101
1611398 0 102
1612852 0 102
1614408 0 103
1615883 0 101
1617276 0 102
1618771 0 102
1620225 0 102
1621679 0 102
1623174 0 102
1624710 0 102
1626102 0 102
1627495 0 103
1628990 0 101
1630526 0 102
1632082 0 102
1633536 0 102
1635072 0 102
1636567 0 103
1637980 0 101
1639496 0 102
1640909 0 102
1642343 0 102
1643756 0 102
1645292 0 102
1646766 0 103
1648241 0 101
1649695 0 102
1651169 0 102
1652685 0 102
1654098 0 102
1655613 0 102
1657026 0 103
1658440 0 101
1659914 0 102
1661327 0 103
1662781 0 101
1664194 0 102
1665689 0 102
1667082 0 102
1668618 0 102
1670113 0 103
1671526 0 101
1673001 0 102
1674516 0 102
1675970 0 102
1677383 0 102
1678919 0 103
1680414 0 101
1681930 0 102
1683363 0 102
1684756 0 102
1686169 0 103
1687644 0 101
1689180 0 102
1690675 0 103
1692170 0 101
1693583 0 102
1695078 0 103
1696573 0 101
1698006 0 102
1699419 0 102
1700853 0 102
1702266 0 102
1703659 0 102
1705051 0 102
1706587 0 103
1708144 0 101
1709536 0 102
1711011 0 102
1712485 0 102
1713878 0 103
1715291 0 101
1716786 0 102
1718240 0 102
1719756 0 102
1721230 0 102
1722643 0 102
1724138 0 103
1725572 0 101
1726964 0 102
1728459 0 102
1729914 0 102
1731388 0 102
1732822 0 102
1734296 0 103
1735812 0 101
1737204 0 102
1738720 0 102
1740235 0 103
1741792 0 101
1743184 0 102
1744638 0 102
1746113 0 102
1747587 0 103
1749123 0 101
1750618 0 102
1752073 0 103
1753588 0 101
1755001 0 102
1756517 0 102
1757950 0 102
1759343 0 102
1760817 0 103
1762374 0 101
1763889 0 102
1765302 0 103
1766879 0 101
1768354 0 102
1769767 0 102
1771241 0 103
1772757 0 101
1774191 0 102
1775583 0 102
1776976 0 102
1778389 0 103
1779945 0 101
1781440 0 102
1782956 0 103
1784492 0 101
1785905 0 102
1787379 0 102
1788915 0 102
1790349 0 102
1791864 0 102
1793319 0 103
1794875 0 101
1796350 0 102
1797742 0 102
1799217 0 102
1800671 0 102
1802125 0 103
1803538 0 101
1805012 0 102
1806466 0 103
1807982 0 101
1809436 0 102
1810972 0 103
1812508 0 101
1813942 0 102
1815437 0 102
1816952 0 102
1818447 0 103
1820003 0 101
1821458 0 102
1822953 0 103
1824448 0 101
1825922 0 102
1827417 0 102
1828933 0 102
1830469 0 102
1831964 0 103
1833438 0 101
1834831 0 102
1836285 0 102
1837800 0 102
1839275 0 103
1840831 0 101
1842224 0 102
1843719 0 102
1845112 0 102
1846586 0 102
1848102 0 102
1849515 0 102
1867502 0 38
1869018 0 39
1870452 0 39
1871885 0 41
1873401 0 39
1874814 0 45
1876370 0 37
1877906 0 38
1879422 0 47
1880937 0 43
1882350 0 59
1883866 0 59
1885443 0 59
1886999 0 60
1888392 0 57
1889846 0 68
1891238 0 48
1892754 0 52
1894290 0 52
1895826 0 50
1897300 0 53
1898754 0 61
1900188 0 38
1901704 0 54
1903198 0 69
1904673 0 46
1906209 0 55
1907622 0 52
1909179 0 50
1910653 0 53
1912066 0 69
1913520 0 41
1915015 0 56
1916490 0 57
1918067 0 49
1919480 0 50
1920913 0 57
1922429 0 68
1923965 0 41
1925460 0 59
1926934 0 50
1928470 0 53
1929904 0 64
1931317 0 42
1932710 0 49
1934184 0 66
1935659 0 47
1937133 0 57
1938628 0 56
1940041 0 50
1941454 0 58
1942929 0 53
1944404 0 64
1945919 0 41
1947353 0 59
1948909 0 67
1950404 0 38
1951899 0 55
1953312 0 54
1954746 0 58
1956261 0 50
1957715 0 60
1959231 0 57
1960705 0 70
1962118 0 38
1963675 0 57
1965170 0 53
1966685 0 55
1968221 0 51
1969614 0 55
1971170 0 59
1972604 0 71
1973997 0 44
1975451 0 53
1976864 0 62
1978359 0 38
1979751 0 56
1981308 0 52
1982783 0 54
1984339 0 62
1985752 0 41
1987288 0 53
1988721 0 63
1990196 0 45
1991773 0 51
1993186 0 56
1994620 0 59
1996033 0 52
1997528 0 55
1999043 0 60
2000579 0 69
2002054 0 47
2003590 0 56
2005105 0 55
2006621 0 55
2008157 0 49
2009590 0 64
2011126 0 43
2012601 0 59
2014096 0 50
2015570 0 58
2017106 0 55
2018642 0 55
2020178 0 70
2021612 0 44
2023148 0 51
2024643 0 61
2026117 0 42
2027674 0 52
2029169 0 58
2030705 0 59
2032138 0 58
2033613 0 52
2035108 0 68
2036582 0 45
2038077 0 59
2039531 0 70
2041006 0 48
2042440 0 51
2043914 0 54
2045368 0 61
2046843 0 42
2048358 0 60
2049894 0 70
2051287 0 38
2052782 0 52
2054215 0 53
2055690 0 58
2057267 0 55
2058823 0 60
2060339 0 49
2061834 0 67
2063370 0 45
2064885 0 57
2066380 0 53
2067896 0 56
2069309 0 59
2070783 0 65
2072299 0 37
2073773 0 52
2075268 0 67
2076804 0 43
2078258 0 50
2079774 0 71
2081289 0 39
2082723 0 57
2084300 0 51
2085795 0 61
2087208 0 39
2088683 0 56
2090239 0 53
2091734 0 57
2093290 0 54
2094724 0 56
2096281 0 67
2097714 0 44
2099271 0 58
2100725 0 60
2102199 0 66
2103612 0 43
2105107 0 55
2106520 0 62
2107954 0 39
2109469 0 53
2110944 0 60
2112480 0 55
2113913 0 59
2115368 0 55
2116842 0 72
2118235 0 48
2119750 0 53
2121204 0 60
2122617 0 49
2124153 0 59
2125710 0 51
2127143 0 57
2128618 0 63
2130174 0 43
2131649 0 57
2133103 0 69
2134536 0 38
2136093 0 60
2137527 0 53
2139062 0 50
2140598 0 71
2142134 0 42
2143670 0 59
2145104 0 57
2146660 0 53
2148196 0 62
2149732 0 41
2151289 0 53
2152784 0 57
2154258 0 58
2155712 0 51
2157248 0 55
2158784 0 57
2160259 0 68
2161733 0 41
2163290 0 56
2164744 0 72
2166280 0 44
2167775 0 60
2169249 0 58
2170806 0 55
2172301 0 63
2173775 0 41
2175332 0 50
2176827 0 57
2178342 0 58
2179858 0 59
2181312 0 54
2182746 0 63
2184200 0 38
2185715 0 59
2187190 0 51
2188685 0 51
2190200 0 61
2191675 0 48
2193170 0 53
2194706 0 56
2196221 0 52
2197696 0 60
2199211 0 62
2200604 0 37
2202078 0 57
2203532 0 57
2205027 0 64
2206481 0 48
2207976 0 52
2209451 0 61
2210987 0 45
2212543 0 60
2213957 0 51
2215452 0 49
2216906 0 57
2218442 0 59
2219998 0 60
2221473 0 54
2222988 0 61
2224524 0 41
2226019 0 56
2227494 0 54
2229009 0 65
2230545 0 42
2231938 0 56
2233371 0 62
2234825 0 39
2236361 0 51
2237918 0 59
2239454 0 60
2240887 0 51
2242321 0 65
2243795 0 44
2245229 0 52
2246663 0 51
2248219 0 57
2249775 0 56
2251332 0 55
2252765 0 66
2254281 0 45
2255776 0 52
2257332 0 71
2258868 0 39
2260384 0 54
2261940 0 68
2263476 0 37
2264992 0 57
2266548 0 60
2267961 0 59
2269415 0 56
2270869 0 72
2272344 0 47
2273880 0 53
2275334 0 60
2276788 0 63
2278242 0 42
2279778 0 49
2281253 0 68
2282748 0 38
2284243 0 54
2285656 0 57
2287110 0 53
2288646 0 56
2290079 0 72
2291574 0 48
2293008 0 53
2294421 0 66
2295937 0 47
2297411 0 51
2298845 0 70
2300258 0 44
2301732 0 60
2303268 0 61
2304722 0 38
2306176 0 53
2307733 0 56
2309207 0 63
2310743 0 38
2312259 0 59
2313713 0 49
2315126 0 72
2316580 0 40
2317993 0 58
2319509 0 58
2320963 0 63
2322458 0 39
2323871 0 49
2325407 0 50
2326881 0 56
2328335 0 49
2329769 0 49
2331305 0 54
2332820 0 57
2334274 0 64
2335708 0 42
2337121 0 52
2338534 0 60
2339947 0 56
2341381 0 72
2342794 0 48
2344268 0 49
2345743 0 56
2347218 0 59
2348631 0 52
2350064 0 50
2351518 0 64
2353034 0 37
2354508 0 51
2355962 0 56
2357437 0 52
2358973 0 62
2360488 0 41
2362024 0 54
2363458 0 66
2364871 0 40
2366386 0 53
2367882 0 51
2369295 0 53
2370790 0 49
2372285 0 62
2373718 0 44
2375213 0 55
2376688 0 52
2378162 0 53
2379616 0 69
2381132 0 43
2382647 0 51
2384101 0 61
2385555 0 37
2387091 0 55
2388586 0 50
2390102 0 58
2391535 0 59
2393071 0 57
2394546 0 67
2396021 0 41
2397475 0 60
2398888 0 71
2400424 0 43
2401919 0 58
2403332 0 68
2404847 0 38
2406383 0 60
2407878 0 72
2409414 0 44
2410848 0 53
2412281 0 60
2413694 0 51
2415189 0 62
2416582 0 40
2418139 0 51
2419634 0 56
2421170 0 54
2422665 0 60
2424201 0 57
2425634 0 57
2427211 0 64
2428645 0 37
2430078 0 49
2431614 0 59
2433048 0 56
2434604 0 72
2436017 0 42
2437451 0 54
2439007 0 66
2440502 0 39
2441997 0 57
2443513 0 60
2445008 0 59
2446462 0 57
2447895 0 55
2449349 0 51
2450885 0 49
2452319 0 71
2453712 0 45
2455207 0 56
2456681 0 72
2458115 0 45
2459630 0 54
2461084 0 62
2462518 0 44
2463951 0 52
2465406 0 59
2466962 0 50
2468416 0 50
2469850 0 49
2471283 0 58
2472840 0 53
2474396 0 68
2475809 0 42
2477202 0 49
2478594 0 58
2480028 0 61
2481543 0 48
2483018 0 53
2484431 0 62
2485885 0 47
2487442 0 51
2488916 0 58
2490411 0 59
2491865 0 52
2493381 0 56
2494937 0 54
2496412 0 59
2497968 0 64
2499525 0 45
2500999 0 60
2502494 0 60
2504030 0 56
2505546 0 51
2507061 0 66
2508515 0 47
2510072 0 60
2511485 0 52
2512877 0 57
2514454 0 60
2515929 0 51
2517403 0 52
2518960 0 70
2520414 0 41
2521888 0 56
2523322 0 52
2524837 0 59
2526373 0 69
2527909 0 48
2529363 0 55
2530797 0 54
2532210 0 56
2533767 0 57
2535200 0 59
2536654 0 51
2538190 0 51
2539685 0 62
2541139 0 42
2542634 0 59
2544191 0 62
2545604 0 40
2547017 0 50
2548512 0 58
2550068 0 53
2551625 0 56
2553099 0 62
2554533 0 38
2556048 0 56
2557462 0 56
2558957 0 49
2560431 0 64
2561947 0 45
2563380 0 56
2564896 0 63
2566411 0 43
2567968 0 52
2569422 0 54
2570855 0 53
2572350 0 49
2573784 0 67
2575299 0 39
2576733 0 58
2578289 0 56
2579723 0 58
2581156 0 58
2582713 0 59
2584126 0 72
2585621 0 46
2587157 0 51
2588591 0 70
2590024 0 40
2591560 0 53
2593096 0 52
2594673 0 58
2596250 0 54
2597786 0 53
2599260 0 71
2600674 0 47
2602189 0 60
2603623 0 52
2605138 0 52
2606592 0 56
2608067 0 53
2609500 0 61
2611016 0 45
2612470 0 54
2613883 0 64
2615337 0 42
2616730 0 59
2618184 0 52
2619658 0 55
2621092 0 51
2622607 0 58
2624041 0 50
2625556 0 58
2627133 0 66
2628628 0 42
2630144 0 49
2631618 0 53
2633134 0 58
2634649 0 49
2636165 0 66
2637598 0 39
2639032 0 56
2640547 0 54
2642104 0 49
2643599 0 49
2645012 0 53
2646446 0 55
2647961 0 68
2649415 0 42
2650849 0 50
2652323 0 69
2653798 0 37
2655334 0 56
2656808 0 58
2658324 0 67
2659737 0 39
2661170 0 52
2662583 0 54
2664017 0 67
2665471 0 42
2667007 0 55
2668441 0 61
2669854 0 38
2671328 0 60
2672823 0 68
2674359 0 37
2675834 0 53
2677329 0 54
2678885 0 57
2680380 0 65
2681814 0 37
2683329 0 60
2684886 0 65
2686442 0 43
2687896 0 51
2689371 0 68
2690886 0 47
2692422 0 50
2693835 0 57
2695269 0 50
2696703 0 54
2698239 0 62
2699734 0 41
2701249 0 53
2702744 0 60
2704239 0 63
2705714 0 44
2707229 0 60
2708786 0 71
2710219 0 45
2711714 0 51
2713189 0 67
2714622 0 47
2716076 0 50
2717510 0 50
2719005 0 58
2720500 0 53
2721913 0 60
2723469 0 67
2724883 0 42
2726337 0 51
2727893 0 72
2729368 0 41
2730781 0 58
2732255 0 70
2733668 0 46
2735184 0 55
2736740 0 65
2738235 0 39
2739771 0 51
2741184 0 70
2742597 0 38
2744113 0 52
2745690 0 60
2747185 0 70
2748618 0 48
2750154 0 55
2751649 0 50
2753206 0 57
2754701 0 62
2756114 0 40
2757670 0 53
2759165 0 68
2760681 0 38
2762135 0 56
2763671 0 55
2765207 0 51
2766600 0 55
2768033 0 52
2769590 0 57
2771167 0 55
2793902 0 104
2795335 0 104
2796728 0 104
2798202 0 104
2799677 0 104
2801090 0 104
2802606 0 104
2804060 0 104
2805534 0 104
2807009 0 104
2808422 0 105
2809855 0 105
2811309 0 106
2812764 0 104
2814177 0 105
2815631 0 105
2817126 0 105
2818559 0 105
2820013 0 105
2821406 0 106
2822819 0 104
2824375 0 105
2825911 0 106
2827447 0 104
2828901 0 105
2830458 0 105
2831932 0 106
2833448 0 104
2834902 0 105
2836295 0 106
2837831 0 104
2839305 0 105
2840759 0 105
2842234 0 105
2843790 0 105
2845203 0 105
2846698 0 105
2848173 0 106
2849668 0 104
2851183 0 105
2852719 0 106
2854255 0 104
2855668 0 105
2857163 0 105
2858617 0 105
2860051 0 105
2861546 0 105
2863082 0 106
2864516 0 104
2865949 0 105
2867362 0 106
2868898 0 104
2870414 0 105
2871950 0 105
2873445 0 105
2874858 0 105
2876353 0 106
2877909 0 104
2879404 0 105
2880879 0 105
2882353 0 106
2883910 0 104
2885446 0 105
2886982 0 105
2888456 0 106
2889951 0 104
2891385 0 105
2892859 0 106
2894395 0 104
2895952 0 105
2897426 0 105
2898901 0 105
2900375 0 105
2901850 0 106
2903386 0 104
2904881 0 105
2906315 0 106
2907789 0 104
2909325 0 105
2910820 0 106
2912315 0 104
2913769 0 105
2915244 0 105
2916657 0 105
2918070 0 106
2919524 0 104
2920978 0 105
2922493 0 105
2923968 0 105
2925402 0 105
2926938 0 105
2928351 0 105
2929784 0 106
2931238 0 104
2932774 0 105
2934269 0 106
2935805 0 104
2937239 0 105
2938693 0 105
2940106 0 105
2941540 0 105
2942973 0 105
2944407 0 105
2945922 0 106
2947479 0 104
2948933 0 105
2950469 0 105
2952025 0 105
2953459 0 105
2954974 0 106
2956387 0 104
2957800 0 105
2959193 0 105
2960647 0 105
2962163 0 105
2963596 0 106
2965009 0 104
2966566 0 105
2967999 0 105
2969535 0 106
2970969 0 104
2972505 0 105
2974020 0 105
2975536 0 105
2977072 0 105
2978628 0 105
2980082 0 105
2981557 0 106
2983072 0 104
2984629 0 105
2986185 0 105
2987660 0 105
2989052 0 106
2990527 0 104
2992042 0 105
2993537 0 105
2995073 0 105
2996630 0 105
2998104 0 105
2999558 0 106
3001033 0 104
3002528 0 105
3003961 0 106
3005497 0 104
3007033 0 105
3008488 0 105
3009962 0 105
3011436 0 106
3012911 0 104
3014386 0 105
3015881 0 105
3017355 0 106
3018912 0 104
3020366 0 105
3021881 0 105
3023417 0 106
3024830 0 104
3026346 0 105
3027779 0 105
3029274 0 105
3030769 0 105
3032305 0 105
3033698 0 106
3035193 0 104
3036688 0 105
3038183 0 106
3039637 0 104
3041050 0 105
3042586 0 105
3044061 0 105
3045597 0 105
3047153 0 106
3048607 0 104
3050061 0 105
3051454 0 105
3052887 0 105
3054341 0 105
3055877 0 105
3057393 0 105
3058785 0 106
3060239 0 104
3061673 0 105
3063107 0 106
3064602 0 104
3066158 0 105
3067653 0 105
3069189 0 105
3070623 0 105
3072056 0 106
3073592 0 104
3075046 0 105
3076582 0 106
3078098 0 104
3079552 0 105
3080985 0 105
3082460 0 105
3083873 0 105
3085368 0 105
3086822 0 106
3088256 0 104
3089812 0 105
3091266 0 105
3092761 0 105
3094277 0 106
3095792 0 104
3097267 0 105
3098680 0 105
3100195 0 105
3101752 0 106
3103185 0 104
3104721 0 105
3106175 0 105
3107691 0 105
3109124 0 105
3110599 0 105
3112073 0 106
3113609 0 104
3115043 0 105
3116558 0 105
3118115 0 106
3119549 0 104
3120982 0 105
3122477 0 106
3123972 0 104
3125529 0 105
3126942 0 105
3128396 0 106
3129809 0 104
3131222 0 105
3132737 0 105
3134191 0 105
3135605 0 105
3137018 0 105
3138574 0 106
3140069 0 104
3141564 0 105
3143059 0 105
3144493 0 106
3145906 0 104
3147360 0 105
3148896 0 106
3150288 0 104
3151845 0 105
3153381 0 105
3154814 0 105
3156207 0 105
3157661 0 106
3159095 0 104
3160508 0 105
3161921 0 105
3163355 0 105
3164890 0 105
3166365 0 106
3167799 0 104
3169335 0 105
3170789 0 105
3172325 0 105
3173799 0 105
3175294 0 106
3176789 0 104
3178325 0 105
3179759 0 105
3181254 0 105
3182749 0 105
3184305 0 106
3185718 0 104
3187152 0 105
3188585 0 105
3190101 0 105
3191657 0 106
3193152 0 104
3194647 0 105
3196060 0 106
3197515 0 104
3199010 0 105
3200525 0 105
3201979 0 106
3203413 0 104
3204805 0 105
3206198 0 105
3207590 0 106
3209106 0 104
3210601 0 105
3212137 0 105
3213591 0 105
3215147 0 105
3216642 0 106
3218056 0 104
3219571 0 105
3221087 0 106
3222561 0 104
3224077 0 105
3225572 0 106
3227026 0 104
3228459 0 105
3229852 0 106
3231326 0 104
3232760 0 105
3234214 0 105
3235689 0 105
3237122 0 105
3238617 0 106
3240030 0 104
3241464 0 105
3242918 0 105
3244413 0 105
3245867 0 106
3247300 0 104
3248755 0 105
3250209 0 105
3251724 0 105
3253158 0 105
3254550 0 105
3255963 0 106
3257397 0 104
3258851 0 105
3260346 0 105
3261882 0 105
3263418 0 105
3264852 0 105
3266367 0 106
3267862 0 104
3269419 0 105
3270893 0 106
3272368 0 104
3273904 0 105
3275378 0 105
3276873 0 105
3278327 0 105
3279802 0 105
3281194 0 105
3282587 0 106
3284020 0 104
3285516 0 105
3287072 0 105
3288587 0 105
3290144 0 105
3291680 0 105
3293093 0 106
3294588 0 104
3296083 0 105
3297578 0 105
3299012 0 105
3300466 0 105
3301899 0 105
3303292 0 105
3304705 0 106
3306098 0 104
3307531 0 105
3309006 0 105
3310439 0 105
3311852 0 105
3313368 0 106
3314924 0 104
3316358 0 105
3317791 0 105
3319205 0 105
3320659 0 105
3322133 0 105
3323649 0 105
3325205 0 106
3326680 0 104
3328113 0 105
3329588 0 105
3331124 0 105
3332680 0 106
3334093 0 104
3335629 0 105
3337104 0 106
3338558 0 104
3339991 0 105
3341548 0 105
3342961 0 105
3344394 0 105
3345889 0 105
3347384 0 105
3348798 0 106
3350293 0 104
3351829 0 105
3353221 0 106
3354696 0 104
3356232 0 105
3357768 0 106
3359242 0 104
3360676 0 105
3362212 0 105
3363686 0 105
3365161 0 105
3366574 0 105
3368048 0 105
3369482 0 105
3370998 0 106
3372431 0 104
3373988 0 105
3375421 0 105
3376875 0 105
3378268 0 106
3379681 0 104
3381094 0 105
3382589 0 106
3384043 0 104
3385477 0 105
3386910 0 105
3388323 0 105
3389859 0 106
3391416 0 104
3392931 0 105
3394447 0 106
3395942 0 104
3397437 0 105
3398973 0 105
3400427 0 105
3401942 0 105
3403458 0 106
3404953 0 104
3406448 0 105
3407963 0 105
3409397 0 105
3410830 0 106
3412366 0 104
3413841 0 105
3415295 0 105
3416831 0 105
3418285 0 106
3419739 0 104
3421255 0 105
3422770 0 106
3424265 0 104
3425719 0 105
3427173 0 106
3428648 0 104
3430081 0 105
3431494 0 106
3432969 0 104
3434505 0 105
3435979 0 106
3437495 0 104
3438908 0 105
3440403 0 105
3441837 0 105
3443250 0 105
3444806 0 105
3446301 0 105
3447755 0 106
3449250 0 104
3450766 0 105
3452179 0 105
3453592 0 105
3455128 0 105
3456602 0 105
3458138 0 105
3459592 0 106
3461087 0 104
3462644 0 105
3464098 0 105
3465572 0 105
3467047 0 105
3468460 0 105
3469873 0 105
3471307 0 106
3472781 0 104
3474194 0 105
3475648 0 105
3477184 0 106
3478598 0 104
3480113 0 105
3481588 0 105
3483144 0 105
3484557 0 105
3486093 0 105
3487506 0 106
3489001 0 104
3490517 0 105
3491950 0 106
3493445 0 104
3494981 0 105
3496456 0 106
3497992 0 104
3499466 0 105
3500961 0 105
3502374 0 105
3503931 0 106
3505426 0 104
3506880 0 105
3508416 0 106
3509890 0 104
3511304 0 105
3512819 0 105
3514232 0 105
3515645 0 105
3517140 0 105
3518553 0 105
3519946 0 106
3521502 0 104
3522997 0 105
3524492 0 105
3525987 0 105
3527441 0 106
3528896 0 104
3530329 0 105
3531742 0 105
3533217 0 106
3534691 0 104
3536227 0 105
3537743 0 105
3539197 0 105
3540630 0 105
3542043 0 105
3543559 0 105
3545095 0 105
3546529 0 106
3547983 0 104
3549539 0 105
3550952 0 105
3552488 0 106
3554004 0 104
3555437 0 105
3556953 0 105
3558448 0 105
3559922 0 106
3561335 0 104
3562810 0 105
3564284 0 105
3565738 0 105
3567151 0 106
3568585 0 104
3570039 0 105
3571432 0 106
3572988 0 104
3574545 0 105
3576101 0 105
3577494 0 106
3579009 0 104
3580484 0 105
3581979 0 106
3583515 0 104
3584969 0 105
3586484 0 106
3587918 0 104
3589454 0 105
3590969 0 105
3592444 0 105
3593898 0 105
3595434 0 105
3596990 0 105
3598424 0 106
3599919 0 104
3601414 0 105
3602929 0 106
3604445 0 104
3605960 0 105
3607517 0 105
3608950 0 105
3610445 0 105
3611981 0 106
3613435 0 104
3614869 0 105
3616364 0 106
3617900 0 104
3619375 0 105
3620931 0 105
3622467 0 105
3623921 0 105
3625334 0 105
3626768 0 105
3628263 0 106
3629778 0 104
3631294 0 105
3632686 0 106
3634202 0 104
3635635 0 105
3637048 0 105
3638564 0 106
3640059 0 104
3641534 0 105
3643049 0 106
3644503 0 104
3646019 0 105
3647452 0 105
3648968 0 105
3650381 0 105
3651876 0 105
3653289 0 106
3654845 0 104
3656279 0 105
3657692 0 105
3659248 0 105
3660682 0 105
3662075 0 105
3663590 0 106
3665147 0 104
3666642 0 105
3668096 0 106
3669611 0 104
3671127 0 105
3672683 0 105
3674199 0 106
3675694 0 104
3677107 0 105
3678643 0 106
3680097 0 104
3681612 0 105
3683128 0 105
3684643 0 105
3686179 0 105
3687633 0 106
3689026 0 104
3690459 0 105
3691893 0 105
3693367 0 105
