72557 0 12
74093 0 8
75547 0 5
77001 0 4
78435 0 11
79848 0 7
81261 0 11
82817 0 4
84292 0 1
85808 0 9
87241 0 20
88818 0 17
90272 0 14
91726 0 30
93098 0 12
94511 0 21
95965 0 17
97481 0 16
98874 0 14
100410 0 13
101843 0 14
103256 0 24
104710 0 29
106226 0 11
107741 0 20
109298 0 16
110793 0 25
112247 0 6
113762 0 15
115237 0 16
116629 0 36
118063 0 5
119476 0 13
121032 0 23
122589 0 16
123982 0 15
125456 0 18
126972 0 35
128487 0 11
130023 0 19
131477 0 22
132952 0 17
134467 0 15
135983 0 23
137437 0 22
139014 0 32
140468 0 8
141983 0 22
143478 0 16
144953 0 24
146489 0 14
147881 0 32
149294 0 6
150708 0 14
152203 0 25
153616 0 4
154988 0 15
156483 0 27
158039 0 11
159534 0 16
160927 0 29
162442 0 4
163876 0 23
165309 0 24
166866 0 32
168340 0 10
169877 0 14
171331 0 20
172846 0 22
174423 0 17
175959 0 21
177372 0 35
178867 0 11
180403 0 17
181857 0 14
183250 0 23
184745 0 23
186219 0 20
187673 0 29
189086 0 6
190643 0 19
192179 0 15
193653 0 25
195230 0 10
196807 0 13
198343 0 22
199879 0 18
201313 0 32
202808 0 11
204344 0 18
205900 0 18
207457 0 17
208890 0 19
210385 0 25
211921 0 7
213498 0 21
215055 0 27
216529 0 8
218045 0 20
219499 0 21
221035 0 13
222530 0 16
224025 0 13
225540 0 13
226933 0 19
228346 0 29
229738 0 3
231131 0 18
232606 0 20
234060 0 20
235596 0 30
236988 0 9
238545 0 20
240101 0 18
241514 0 22
242989 0 22
244504 0 16
245917 0 30
247412 0 9
248866 0 19
250280 0 22
251713 0 22
253208 0 13
254642 0 16
256096 0 32
257488 0 8
258983 0 14
260417 0 20
261994 0 24
263489 0 26
265004 0 5
266499 0 23
267974 0 14
269469 0 26
270862 0 6
272295 0 13
273688 0 28
275080 0 4
276596 0 22
278050 0 29
279463 0 11
280876 0 14
282351 0 17
283743 0 20
285177 0 17
286713 0 36
288167 0 4
289580 0 14
291095 0 29
292591 0 4
294024 0 17
295478 0 16
297014 0 16
298530 0 14
299922 0 27
301376 0 10
302830 0 15
304387 0 22
305861 0 23
307336 0 19
308790 0 13
310264 0 29
311637 0 8
313111 0 19
314627 0 17
316060 0 22
317514 0 24
318968 0 24
320361 0 19
321917 0 25
323351 0 3
324866 0 16
326320 0 17
327734 0 21
329290 0 28
330703 0 6
332280 0 13
333796 0 19
335332 0 33
336786 0 1
338301 0 22
339735 0 31
341189 0 5
342663 0 24
344138 0 24
345612 0 18
347025 0 24
348520 0 34
349995 0 11
351531 0 22
353067 0 13
354562 0 18
356057 0 23
357552 0 36
359129 0 12
360644 0 19
362180 0 36
363716 0 7
365232 0 17
366727 0 16
368140 0 18
369573 0 19
371109 0 21
372564 0 36
374018 0 8
375554 0 14
377049 0 19
378482 0 27
379936 0 4
381349 0 17
382885 0 26
384421 0 3
385814 0 22
387247 0 33
388783 0 2
390299 0 19
391753 0 24
393207 0 19
394702 0 35
396136 0 1
397631 0 23
399064 0 22
400580 0 18
402095 0 20
403672 0 20
405229 0 29
406683 0 8
408219 0 24
409714 0 13
411229 0 23
412745 0 19
414219 0 33
415673 0 12
417086 0 23
418581 0 30
419994 0 10
421571 0 15
423025 0 24
424500 0 22
425933 0 27
427429 0 8
428944 0 18
430419 0 34
431832 0 9
433368 0 15
434883 0 29
436337 0 8
437853 0 18
439389 0 18
440802 0 18
442235 0 22
443710 0 27
445123 0 7
446659 0 21
448092 0 13
449628 0 28
451164 0 10
452680 0 19
454154 0 27
455690 0 10
457165 0 19
458680 0 17
460196 0 24
461711 0 35
463145 0 2
464640 0 21
466196 0 17
467712 0 16
469207 0 31
470682 0 3
472217 0 17
473692 0 19
475248 0 34
476743 0 5
478136 0 18
479611 0 36
481085 0 6
482539 0 17
484034 0 29
485468 0 9
486942 0 14
488458 0 16
489891 0 21
491345 0 34
492759 0 8
494233 0 15
495728 0 33
497223 0 4
498616 0 22
500090 0 18
501606 0 17
503162 0 18
504637 0 36
506050 0 10
507504 0 20
509040 0 23
510535 0 19
512071 0 16
513443 0 20
514877 0 21
516351 0 34
517826 0 12
519259 0 19
520734 0 27
522167 0 6
523662 0 22
525137 0 18
526693 0 32
528209 0 11
529745 0 14
531117 0 22
532653 0 14
534066 0 34
535582 0 7
537056 0 17
538572 0 20
540067 0 23
541480 0 13
542995 0 36
544511 0 4
546026 0 22
547542 0 28
549057 0 12
550593 0 13
552088 0 18
553542 0 23
555078 0 14
556594 0 29
557986 0 2
559379 0 23
560771 0 21
562266 0 16
563782 0 13
565257 0 21
566772 0 27
568288 0 12
569701 0 22
571278 0 34
572793 0 12
574309 0 15
575742 0 27
577278 0 1
578753 0 23
580268 0 34
581743 0 11
583279 0 13
584794 0 24
586289 0 20
587846 0 15
589341 0 27
590774 0 4
592228 0 20
593785 0 28
595218 0 11
596775 0 14
598188 0 23
599724 0 20
601260 0 21
602734 0 18
604250 0 21
605786 0 31
607240 0 7
608673 0 19
610107 0 24
611602 0 24
613097 0 34
614531 0 3
616067 0 23
617562 0 34
618975 0 1
620470 0 17
622006 0 20
623603 0 22
625057 0 14
626573 0 14
628027 0 16
629522 0 32
630935 0 7
632409 0 15
633843 0 17
635379 0 14
636812 0 20
638328 0 16
639761 0 29
641236 0 8
642690 0 18
644226 0 24
645619 0 35
647114 0 4
648629 0 21
650083 0 23
651578 0 22
653094 0 23
654609 0 19
656043 0 19
657558 0 14
659012 0 33
660446 0 3
661880 0 23
663334 0 36
664808 0 5
666262 0 14
667675 0 19
669191 0 30
670686 0 9
672263 0 15
673696 0 21
675191 0 15
676727 0 27
678202 0 11
679717 0 16
681212 0 34
682707 0 4
684202 0 18
685759 0 21
687295 0 20
688810 0 19
690223 0 35
691759 0 10
693336 0 15
694893 0 24
696367 0 20
697862 0 23
699398 0 20
700873 0 19
702409 0 19
703822 0 33
705296 0 8
706832 0 14
708348 0 28
709802 0 12
711317 0 24
712751 0 23
714205 0 14
715618 0 23
717093 0 18
718526 0 14
719919 0 30
721352 0 3
722888 0 15
724301 0 31
725715 0 9
727251 0 16
728766 0 16
730282 0 20
731838 0 23
733272 0 15
734664 0 27
736159 0 11
737654 0 18
739067 0 19
740501 0 19
742057 0 15
743532 0 13
745068 0 24
746563 0 31
747996 0 1
749553 0 17
751089 0 29
752502 0 1
753895 0 17
755308 0 15
756803 0 23
758298 0 21
759793 0 14
761165 0 25
762680 0 8
764114 0 13
765547 0 20
767124 0 19
768578 0 27
769992 0 7
771466 0 23
772859 0 25
774395 0 2
775869 0 13
777282 0 15
778818 0 23
780252 0 18
781747 0 31
783242 0 9
784716 0 18
786273 0 17
787768 0 27
789161 0 10
790676 0 19
792232 0 29
793666 0 5
795120 0 23
796595 0 16
798008 0 35
799421 0 7
800977 0 13
802493 0 27
804029 0 1
805524 0 23
806937 0 13
808329 0 15
809722 0 14
811176 0 32
812630 0 2
814105 0 16
815579 0 13
817054 0 17
818549 0 29
820003 0 11
821498 0 19
822952 0 34
824386 0 3
825881 0 19
827417 0 23
828912 0 15
830407 0 31
831902 0 1
833376 0 14
834830 0 35
836346 0 1
837800 0 19
839315 0 34
840790 0 4
842264 0 15
843657 0 14
845131 0 22
846708 0 18
848244 0 20
849821 0 24
851316 0 36
852893 0 10
854450 0 18
855863 0 20
857399 0 23
858955 0 16
860471 0 23
862027 0 35
863584 0 12
865079 0 13
866594 0 21
868007 0 24
869523 0 23
871018 0 16
872492 0 33
873926 0 7
875441 0 20
876977 0 30
878431 0 1
879885 0 16
881298 0 18
882732 0 14
884227 0 23
885681 0 29
887197 0 3
888692 0 13
890146 0 28
891702 0 6
893156 0 14
894651 0 20
896126 0 24
897539 0 26
898931 0 2
900447 0 18
901881 0 20
903376 0 23
904768 0 16
906284 0 19
907758 0 17
909253 0 24
910728 0 26
912223 0 7
913656 0 16
915069 0 33
916482 0 11
918039 0 18
919452 0 34
920845 0 1
922381 0 24
923794 0 13
925289 0 22
926825 0 13
928320 0 21
929897 0 19
931371 0 33
932825 0 6
934279 0 14
935692 0 24
937208 0 34
938580 0 1
939973 0 15
941468 0 30
942860 0 7
944335 0 13
945850 0 28
947263 0 8
948697 0 14
950192 0 20
951728 0 21
953202 0 20
954698 0 14
956131 0 17
957565 0 14
959101 0 33
960575 0 8
962050 0 23
963565 0 15
965019 0 16
966412 0 33
967927 0 12
969381 0 21
970836 0 17
972351 0 24
973764 0 14
1116111 0 101
1117544 0 101
1119060 0 101
1120575 0 101
1121968 0 101
1123442 0 101
1124937 0 101
1126473 0 101
1127866 0 101
1129299 0 101
1130712 0 102
1132207 0 102
1133723 0 102
1135218 0 102
1136754 0 102
1138188 0 103
1139723 0 101
1141280 0 102
1142836 0 102
1144331 0 103
1145826 0 101
1147260 0 102
1148735 0 103
1150250 0 101
1151786 0 102
1153179 0 102
1154612 0 102
1156066 0 102
1157479 0 103
1158995 0 101
1160510 0 102
1162005 0 102
1163541 0 102
1164995 0 103
1166408 0 101
1167903 0 102
1169296 0 102
1170689 0 102
1172143 0 102
1173658 0 103
1175215 0 101
1176710 0 102
1178184 0 103
1179741 0 101
1181174 0 102
1182628 0 102
1184185 0 102
1185680 0 102
1187093 0 102
1188629 0 102
1190042 0 103
1191496 0 101
1192930 0 102
1194343 0 102
1195879 0 103
1197312 0 101
1198705 0 102
1200118 0 103
1201572 0 101
1203006 0 102
1204419 0 102
1205873 0 102
1207327 0 102
1208740 0 103
1210235 0 101
1211730 0 102
1213184 0 103
1214740 0 101
1216256 0 102
1217669 0 103
1219082 0 101
1220536 0 102
1222072 0 102
1223567 0 102
1225021 0 102
1226455 0 102
1227950 0 102
1229465 0 103
1230981 0 101
1232455 0 102
1233868 0 102
1235281 0 102
1236674 0 102
1238169 0 102
1239705 0 103
1241118 0 101
1242572 0 102
1243965 0 102
1245378 0 102
1246853 0 102
1248368 0 102
1249884 0 102
1251379 0 103
1252833 0 101
1254287 0 102
1255679 0 103
1257113 0 101
1258567 0 102
1260082 0 102
1261577 0 102
1262990 0 102
1264445 0 103
1265899 0 101
1267414 0 102
1268971 0 102
1270363 0 102
1271899 0 103
1273333 0 101
1274807 0 102
1276323 0 102
1277715 0 102
1279108 0 102
1280501 0 103
1282016 0 101
1283511 0 102
1284945 0 102
1286481 0 102
1288037 0 103
1289512 0 101
1290945 0 102
1292358 0 103
1293792 0 101
1295266 0 102
1296782 0 102
1298236 0 103
1299751 0 101
1301226 0 102
1302680 0 103
1304114 0 101
1305588 0 102
1307083 0 102
1308619 0 102
1310114 0 102
1311650 0 102
1313084 0 102
1314497 0 102
1315889 0 103
1317364 0 101
1318757 0 102
1320231 0 102
1321706 0 102
1323242 0 102
1324716 0 102
1326191 0 103
1327604 0 101
1329119 0 102
1330594 0 102
1332027 0 102
1333522 0 102
1334997 0 103
1336410 0 101
1337946 0 102
1339359 0 103
1340813 0 101
1342206 0 102
1343680 0 103
1345216 0 101
1346732 0 102
1348247 0 103
1349681 0 101
1351237 0 102
1352732 0 103
1354166 0 101
1355681 0 102
1357156 0 102
1358610 0 102
1360105 0 103
1361518 0 101
1362993 0 102
1364447 0 102
1365983 0 103
1367560 0 101
1369075 0 102
1370591 0 103
1372167 0 101
1373601 0 102
1374994 0 103
1376427 0 101
1377840 0 102
1379253 0 102
1380708 0 102
1382141 0 102
1383554 0 103
1384967 0 101
1386483 0 102
1388019 0 103
1389493 0 101
1391029 0 102
1392545 0 102
1394060 0 102
1395473 0 102
1396989 0 103
1398443 0 101
1399917 0 102
1401351 0 103
1402866 0 101
1404321 0 102
1405754 0 102
1407147 0 103
1408621 0 101
1410014 0 102
1411447 0 103
1412861 0 101
1414376 0 102
1415810 0 103
1417305 0 101
1418759 0 102
1420274 0 102
1421708 0 102
1423121 0 102
1424636 0 103
1426070 0 101
1427606 0 102
1428998 0 103
1430432 0 101
1431948 0 102
1433361 0 102
1434774 0 102
1436248 0 102
1437682 0 103
1439238 0 101
1440692 0 102
1442085 0 103
1443519 0 101
1445034 0 102
1446509 0 102
1448004 0 102
1449478 0 102
1450891 0 102
1452366 0 102
1453881 0 103
1455315 0 101
1456810 0 102
1458346 0 102
1459841 0 102
1461295 0 102
1462708 0 103
1464203 0 101
1465596 0 102
1467009 0 102
1468401 0 103
1469814 0 101
1471330 0 102
1472845 0 102
1474381 0 102
1475897 0 102
1477392 0 102
1478928 0 103
1480484 0 101
1482020 0 102
1483454 0 102
1484908 0 103
1486321 0 101
1487816 0 102
1489332 0 103
1490745 0 101
1492281 0 102
1493714 0 103
1495291 0 101
1496807 0 102
1498302 0 102
1499776 0 102
1501292 0 102
1502705 0 102
1504159 0 102
1505592 0 103
1507149 0 101
1508623 0 102
1510016 0 103
1511531 0 101
1512965 0 102
1514399 0 102
1515935 0 103
1517389 0 101
1518863 0 102
1520379 0 102
1521915 0 102
1523390 0 102
1524782 0 102
1526338 0 103
1527751 0 101
1529287 0 102
1530741 0 102
1532257 0 102
1533731 0 103
1535145 0 101
1536537 0 102
1537991 0 102
1539445 0 102
1540899 0 102
1542374 0 102
1543766 0 102
1545200 0 103
1546777 0 101
1548251 0 102
1549787 0 102
1551221 0 102
1552675 0 103
1554129 0 101
1555522 0 102
1557037 0 102
1558512 0 102
1559925 0 103
1561399 0 101
1562894 0 102
1564287 0 102
1565700 0 102
1567154 0 102
1568567 0 102
1569980 0 103
1571394 0 101
1572848 0 102
1574363 0 103
1575899 0 101
1577312 0 102
1578705 0 102
1580097 0 102
1581531 0 103
1583046 0 101
1584521 0 102
1585995 0 102
1587511 0 102
1588965 0 102
1590501 0 103
1591955 0 101
1593409 0 102
1594863 0 103
1596276 0 101
1597710 0 102
1599164 0 103
1600618 0 101
1602011 0 102
1603465 0 103
1604919 0 101
1606373 0 102
1607786 0 102
1609281 0 103
1610735 0 101
1612128 0 102
1613664 0 103
1615077 0 101
1616613 0 102
1618087 0 102
1619623 0 102
1621118 0 102
1622572 0 102
1623965 0 103
1625419 0 101
1626852 0 102
1628306 0 103
1629822 0 101
1631276 0 102
1632689 0 102
1634205 0 102
1635618 0 102
1637133 0 102
1638628 0 103
1640123 0 101
1641598 0 102
1643052 0 102
1644444 0 102
1645980 0 102
1647455 0 103
1648909 0 101
1650424 0 102
1651940 0 102
1653353 0 103
1654828 0 101
1656241 0 102
1657715 0 102
1659128 0 102
1660664 0 102
1662098 0 102
1663552 0 103
1665108 0 101
1666603 0 102
1668016 0 103
1669532 0 101
1671027 0 102
1672481 0 102
1673956 0 102
1675348 0 102
1676782 0 102
1678256 0 102
1679710 0 102
1681144 0 103
1682618 0 101
1684052 0 102
1685445 0 102
1686919 0 102
1688373 0 102
1689889 0 102
1691404 0 102
1692858 0 103
1694353 0 101
1695828 0 102
1697323 0 102
1698797 0 102
1700231 0 103
1701767 0 101
1703180 0 102
1704573 0 103
1706129 0 101
1707624 0 102
1709078 0 102
1710573 0 102
1712068 0 102
1713563 0 103
1715079 0 101
1716533 0 102
1717966 0 102
1719379 0 103
1720833 0 101
1722267 0 102
1723701 0 102
1725114 0 102
1726609 0 102
1728124 0 102
1729558 0 103
1731094 0 101
1732589 0 102
1734022 0 102
1735497 0 102
1737012 0 103
1738548 0 101
1740002 0 102
1741457 0 103
1742911 0 101
1744406 0 102
1745798 0 102
1747191 0 103
1748624 0 101
1750037 0 102
1751512 0 102
1753027 0 102
1754482 0 102
1755977 0 102
1757492 0 102
1759008 0 103
1760441 0 101
1761854 0 102
1763370 0 102
1764824 0 102
1766278 0 102
1767773 0 102
1769206 0 103
1770660 0 101
1772053 0 102
1773548 0 102
1775064 0 102
1776518 0 102
1777992 0 103
1779405 0 101
1780941 0 102
1782436 0 102
1783972 0 102
1785385 0 102
1786798 0 102
1788293 0 103
1789809 0 101
1791365 0 102
1792881 0 103
1794396 0 101
1795830 0 102
1797284 0 103
1798718 0 101
1800172 0 102
1801626 0 102
1803018 0 102
1804575 0 103
1806152 0 101
1807565 0 102
1808998 0 102
1810534 0 102
1812029 0 102
1813422 0 103
1814978 0 101
1816453 0 102
1817866 0 102
1819361 0 103
1820877 0 101
1822413 0 102
1823949 0 103
1825505 0 101
1826979 0 102
1828434 0 102
1829970 0 102
1831424 0 102
1832857 0 103
1834270 0 101
1835704 0 102
1837117 0 102
1838530 0 102
1839984 0 102
1841377 0 102
1842851 0 103
1844326 0 101
1845841 0 102
1847316 0 102
1848811 0 102
1850265 0 103
1851780 0 101
1853296 0 102
1854750 0 102
1856245 0 103
1857719 0 101
1859214 0 102
1860750 0 102
1862286 0 102
1863761 0 103
1865195 0 101
1866649 0 102
1868123 0 102
1869557 0 102
1871072 0 102
1872547 0 102
1873939 0 102
1875373 0 103
1876847 0 101
1878240 0 102
1879756 0 102
1881210 0 102
1882725 0 103
1884241 0 101
1885695 0 102
1887251 0 103
1888705 0 101
1890159 0 102
1891613 0 103
1893026 0 101
1894419 0 102
1895955 0 103
1897470 0 101
1898986 0 102
1900501 0 102
1901915 0 102
1903410 0 103
1904925 0 101
1906441 0 102
1907956 0 102
1909349 0 102
1910741 0 103
1912236 0 101
1913772 0 102
1915329 0 102
1916783 0 102
1918319 0 102
1919711 0 103
1921227 0 101
1922701 0 102
1924135 0 102
1925589 0 102
1927105 0 102
1928497 0 102
1930013 0 102
1931405 0 103
1932962 0 101
1934395 0 102
1935870 0 102
1937365 0 102
1938778 0 102
1940314 0 103
1941768 0 101
1943181 0 102
1944697 0 102
1946130 0 103
1947584 0 101
1948997 0 102
1950390 0 103
1951885 0 101
1953359 0 102
1954895 0 102
1956370 0 102
1957885 0 102
1959319 0 102
1960732 0 102
1962186 0 103
1963722 0 101
1965258 0 102
1966753 0 102
1968228 0 102
1969784 0 102
1971238 0 102
1972692 0 103
1974228 0 101
1975744 0 102
1977177 0 103
1978611 0 101
1980147 0 102
1981621 0 102
1983055 0 102
1984488 0 102
1985902 0 102
1987335 0 102
1988810 0 103
1990325 0 101
1991820 0 102
1993315 0 102
1994790 0 102
1996326 0 102
1997780 0 103
1999316 0 101
2000831 0 102
2002367 0 102
2003842 0 102
2005316 0 102
2006791 0 102
2008306 0 103
2009883 0 101
2011276 0 102
2028051 0 41
2029464 0 45
2030979 0 39
2032392 0 38
2033887 0 38
2035341 0 44
2036857 0 40
2038311 0 39
2039765 0 45
2041281 0 44
2042673 0 50
2044107 0 54
2045581 0 59
2047015 0 61
2048530 0 43
2050087 0 58
2051602 0 53
2053036 0 56
2054572 0 55
2055985 0 60
2057480 0 55
2059016 0 55
2060531 0 63
2062088 0 46
2063665 0 58
2065160 0 56
2066573 0 55
2068109 0 55
2069522 0 56
2070976 0 64
2072410 0 45
2073884 0 54
2075379 0 59
2076936 0 57
2078472 0 58
2080008 0 52
2081441 0 61
2082957 0 42
2084370 0 53
2085824 0 64
2087360 0 39
2088773 0 57
2090206 0 65
2091660 0 47
2093196 0 54
2094630 0 61
2096186 0 44
2097702 0 51
2099115 0 71
2100549 0 48
2101982 0 54
2103436 0 51
2104890 0 51
2106426 0 64
2107983 0 41
2109539 0 56
2111055 0 50
2112570 0 53
2114045 0 58
2115601 0 72
2117137 0 43
2118571 0 57
2120066 0 56
2121520 0 49
2122974 0 53
2124407 0 72
2125800 0 42
2127275 0 57
2128749 0 69
2130285 0 42
2131780 0 57
2133316 0 51
2134832 0 60
2136306 0 65
2137863 0 46
2139439 0 55
2140853 0 59
2142409 0 55
2143822 0 65
2145297 0 37
2146771 0 58
2148246 0 60
2149741 0 53
2151215 0 49
2152608 0 52
2154082 0 57
2155659 0 65
2157113 0 47
2158670 0 54
2160165 0 53
2161578 0 53
2162991 0 67
2164527 0 45
2166063 0 58
2167558 0 58
2169012 0 72
2170466 0 44
2171900 0 54
2173395 0 52
2174931 0 63
2176426 0 48
2177839 0 57
2179354 0 55
2180931 0 55
2182467 0 67
2184003 0 45
2185580 0 56
2187014 0 66
2188468 0 48
2190024 0 60
2191437 0 59
2192932 0 58
2194448 0 53
2195861 0 69
2197295 0 41
2198728 0 56
2200223 0 68
2201677 0 41
2203070 0 55
2204565 0 55
2206101 0 55
2207616 0 53
2209132 0 58
2210647 0 63
2212122 0 47
2213658 0 49
2215112 0 57
2216627 0 68
2218122 0 44
2219597 0 51
2221153 0 58
2222669 0 52
2224225 0 55
2225741 0 72
2227236 0 41
2228710 0 51
2230164 0 55
2231598 0 69
2233052 0 47
2234486 0 52
2236022 0 69
2237578 0 43
2239012 0 49
2240547 0 51
2241961 0 67
2243456 0 46
2244992 0 54
2246507 0 53
2248023 0 49
2249518 0 72
2250890 0 39
2252385 0 58
2253839 0 54
2255375 0 63
2256808 0 37
2258283 0 53
2259798 0 53
2261334 0 68
2262870 0 48
2264304 0 59
2265758 0 57
2267294 0 59
2268850 0 54
2270366 0 49
2271799 0 69
2273233 0 45
2274728 0 58
2276182 0 59
2277636 0 50
2279070 0 67
2280503 0 44
2282080 0 50
2283555 0 50
2285111 0 56
2286504 0 72
2287937 0 41
2289371 0 56
2290907 0 56
2292381 0 53
2293877 0 58
2295453 0 60
2296928 0 67
2298484 0 42
2300041 0 53
2301515 0 59
2302929 0 50
2304362 0 70
2305857 0 43
2307291 0 53
2308724 0 60
2310158 0 51
2311653 0 55
2313127 0 51
2314622 0 65
2316035 0 44
2317592 0 53
2319005 0 51
2320541 0 53
2321995 0 54
2323429 0 58
2324862 0 68
2326378 0 40
2327811 0 57
2329327 0 59
2330760 0 60
2332296 0 56
2333812 0 70
2335184 0 48
2336618 0 55
2338194 0 72
2339608 0 41
2341164 0 52
2342700 0 63
2344256 0 37
2345792 0 50
2347226 0 64
2348660 0 43
2350114 0 54
2351547 0 52
2352981 0 52
2354394 0 58
2355950 0 51
2357384 0 54
2358920 0 68
2360415 0 48
2361848 0 57
2363364 0 60
2364920 0 56
2366395 0 65
2367931 0 44
2369446 0 56
2370900 0 50
2372457 0 50
2373891 0 53
2375406 0 59
2376881 0 52
2378417 0 67
2379952 0 41
2381427 0 60
2382983 0 51
2384540 0 56
2386096 0 66
2387550 0 44
2389045 0 53
2390500 0 51
2392035 0 57
2393510 0 52
2395066 0 59
2396541 0 50
2398016 0 69
2399490 0 43
2401047 0 55
2402460 0 56
2403893 0 52
2405368 0 62
2406842 0 43
2408317 0 58
2409771 0 54
2411163 0 56
2412699 0 59
2414235 0 62
2415710 0 44
2417205 0 59
2418700 0 50
2420175 0 54
2421710 0 66
2423246 0 39
2424782 0 59
2426318 0 66
2427772 0 44
2429206 0 50
2430742 0 51
2432196 0 59
2433630 0 49
2435043 0 60
2436517 0 53
2437992 0 65
2439425 0 47
2440900 0 54
2442313 0 62
2443869 0 44
2445324 0 60
2446819 0 67
2448355 0 44
2449850 0 54
2451406 0 60
2452840 0 52
2454294 0 49
2455768 0 64
2457304 0 43
2458738 0 57
2460253 0 56
2461769 0 57
2463305 0 57
2464861 0 49
2466336 0 50
2467810 0 72
2469326 0 42
2470759 0 50
2472193 0 51
2473729 0 58
2475203 0 55
2476678 0 70
2478173 0 39
2479688 0 54
2481245 0 56
2482801 0 56
2484255 0 54
2485750 0 64
2487266 0 46
2488781 0 51
2490256 0 59
2491751 0 49
2493205 0 70
2494598 0 38
2496093 0 55
2497669 0 59
2499144 0 52
2500557 0 59
2502093 0 67
2503547 0 39
2505083 0 52
2506578 0 59
2508135 0 51
2509548 0 50
2511002 0 51
2512415 0 65
2513869 0 46
2515405 0 60
2516961 0 54
2518436 0 60
2519890 0 58
2521323 0 55
2522880 0 71
2524395 0 44
2525931 0 57
2527406 0 61
2528860 0 37
2530273 0 58
2531748 0 71
2533222 0 40
2534656 0 57
2536151 0 55
2537564 0 52
2539038 0 53
2540554 0 54
2542110 0 66
2543523 0 42
2544937 0 49
2546473 0 63
2547906 0 43
2549442 0 58
2550998 0 55
2552473 0 71
2553927 0 40
2555340 0 49
2556876 0 68
2558392 0 40
2559846 0 56
2561279 0 54
2562815 0 62
2564351 0 45
2565826 0 51
2567280 0 61
2568734 0 46
2570167 0 51
2571581 0 55
2573096 0 49
2574612 0 72
2576148 0 37
2577643 0 53
2579117 0 51
2580530 0 53
2582025 0 54
2583459 0 60
2585015 0 57
2586510 0 72
2587882 0 48
2589418 0 60
2590831 0 51
2592326 0 54
2593842 0 56
2595398 0 71
2596934 0 44
2598429 0 51
2599965 0 49
2601419 0 51
2602935 0 59
2604430 0 60
2605904 0 66
2607379 0 47
2608833 0 60
2610328 0 60
2611884 0 67
2613298 0 43
2614752 0 55
2616247 0 71
2617762 0 47
2619237 0 56
2620650 0 56
2622083 0 54
2623599 0 56
2625073 0 52
2626548 0 72
2627941 0 41
2629497 0 51
2630972 0 70
2632467 0 48
2634023 0 49
2635457 0 51
2636972 0 49
2638385 0 67
2639860 0 41
2641396 0 57
2642829 0 58
2644304 0 63
2645799 0 43
2647314 0 57
2648748 0 58
2650284 0 64
2651717 0 45
2653151 0 58
2654605 0 67
2656100 0 47
2657636 0 60
2659192 0 60
2660749 0 71
2662142 0 47
2663678 0 53
2665070 0 60
2666586 0 54
2668019 0 66
2669432 0 41
2670907 0 55
2672340 0 62
2673856 0 43
2675310 0 51
2676826 0 54
2678300 0 72
2679693 0 42
2681229 0 55
2682703 0 52
2684219 0 64
2685632 0 47
2687147 0 55
2688622 0 59
2690117 0 69
2691653 0 43
2693086 0 56
2694602 0 72
2696056 0 41
2697571 0 59
2698984 0 51
2700541 0 61
2702077 0 39
2703592 0 54
2705128 0 54
2706603 0 58
2708098 0 55
2709511 0 59
2710986 0 50
2712440 0 68
2713955 0 37
2715471 0 53
2716904 0 57
2718338 0 59
2719812 0 51
2721369 0 71
2722843 0 41
2724277 0 60
2725669 0 53
2727226 0 50
2728741 0 67
2730216 0 48
2731670 0 56
2733104 0 56
2734640 0 54
2736135 0 55
2737589 0 60
2739063 0 56
2740558 0 52
2742033 0 71
2743548 0 46
2745125 0 59
2746579 0 71
2748033 0 45
2749467 0 58
2750921 0 59
2752416 0 56
2753931 0 56
2755488 0 71
2756901 0 39
2758375 0 50
2759789 0 69
2761243 0 40
2762738 0 51
2764212 0 72
2765646 0 39
2767120 0 50
2768656 0 56
2770213 0 57
2771708 0 51
2773203 0 52
2774718 0 65
2776152 0 42
2777626 0 56
2779101 0 63
2780616 0 46
2782152 0 59
2783709 0 53
2785204 0 49
2786699 0 62
2788194 0 47
2789648 0 58
2791225 0 61
2792781 0 42
2794276 0 50
2795730 0 51
2797246 0 51
2798720 0 54
2800236 0 54
2801731 0 64
2803164 0 42
2804578 0 50
2805991 0 60
2807424 0 50
2808940 0 59
2810353 0 57
2811807 0 63
2813261 0 43
2814817 0 59
2816271 0 69
2817787 0 46
2819302 0 55
2820859 0 53
2822272 0 54
2823705 0 59
2825180 0 58
2826614 0 71
2828170 0 47
2829727 0 60
2831160 0 64
2832635 0 38
2834089 0 52
2835604 0 51
2837038 0 60
2838451 0 56
2839946 0 62
2841482 0 44
2843038 0 58
2844492 0 64
2845926 0 44
2847339 0 56
2848834 0 55
2850350 0 60
2851742 0 51
2853217 0 67
2854671 0 39
2856145 0 52
2857558 0 65
2859012 0 45
2860589 0 55
2862105 0 66
2863641 0 39
2865136 0 51
2866590 0 55
2868064 0 52
2869580 0 49
2871095 0 58
2872652 0 64
2874188 0 39
2875744 0 54
2877239 0 57
2878796 0 58
2880332 0 58
2881806 0 65
2883363 0 41
2884878 0 49
2886373 0 61
2887827 0 44
2889322 0 49
2890715 0 56
2892189 0 58
2893684 0 54
2895077 0 71
2896490 0 40
2897944 0 56
2899460 0 58
2900893 0 51
2902368 0 53
2903924 0 57
2905378 0 68
2906894 0 37
2908409 0 55
2909925 0 64
2911440 0 45
2912915 0 50
2914369 0 70
2915823 0 44
2917359 0 49
2918772 0 50
2920185 0 50
2921680 0 57
2923114 0 58
2924650 0 57
2926104 0 58
2927640 0 65
2929114 0 43
2930527 0 54
2932063 0 60
2947480 0 104
2948913 0 104
2950367 0 104
2951842 0 104
2953378 0 104
2954791 0 104
2956306 0 104
2957842 0 104
2959317 0 104
2960709 0 104
2962122 0 105
2963638 0 105
2965174 0 105
2966607 0 105
2968102 0 105
2969556 0 106
2970990 0 104
2972506 0 105
2973980 0 106
2975475 0 104
2976950 0 105
2978383 0 105
2979878 0 106
2981414 0 104
2982909 0 105
2984466 0 106
2985940 0 104
2987415 0 105
2988828 0 105
2990364 0 105
2991879 0 106
2993436 0 104
2994910 0 105
2996446 0 105
2997982 0 105
2999416 0 105
3000890 0 105
3002303 0 106
3003798 0 104
3005355 0 105
3006850 0 106
3008263 0 104
3009738 0 105
3011274 0 105
3012748 0 105
3014162 0 106
3015697 0 104
3017192 0 105
3018728 0 106
3020141 0 104
3021595 0 105
3023008 0 105
3024503 0 105
3025937 0 105
3027432 0 106
3028886 0 104
3030422 0 105
3031978 0 105
3033473 0 105
3034887 0 105
3036382 0 106
3037897 0 104
3039372 0 105
3040785 0 106
3042341 0 104
3043877 0 105
3045311 0 105
3046806 0 105
3048280 0 105
3049775 0 105
3051188 0 106
3052663 0 104
3054137 0 105
3055612 0 106
3057087 0 104
3058520 0 105
3059913 0 105
3061408 0 105
3062923 0 105
3064336 0 105
3065831 0 105
3067367 0 106
3068903 0 104
3070439 0 105
3071934 0 106
3073491 0 104
3075047 0 105
3076481 0 105
3077873 0 105
3079348 0 105
3080863 0 105
3082399 0 105
3083833 0 105
3085389 0 106
3086843 0 104
3088338 0 105
3089793 0 106
3091226 0 104
3092660 0 105
3094175 0 106
3095691 0 104
3097145 0 105
3098660 0 105
3100073 0 106
3101568 0 104
3103104 0 105
3104599 0 106
3106053 0 104
3107548 0 105
3109064 0 105
3110518 0 105
3112054 0 105
3113467 0 106
3115003 0 104
3116457 0 105
3117952 0 105
3119427 0 105
3120901 0 105
3122376 0 105
3123789 0 106
3125345 0 104
3126799 0 105
3128315 0 106
3129830 0 104
3131284 0 105
3132718 0 105
3134131 0 105
3135565 0 105
3137121 0 105
3138555 0 105
3140009 0 106
3141524 0 104
3142917 0 105
3144309 0 105
3145743 0 105
3147258 0 105
3148692 0 105
3150085 0 105
3151477 0 106
3152931 0 104
3154385 0 105
3155901 0 105
3157314 0 105
3158850 0 105
3160406 0 105
3161881 0 106
3163376 0 104
3164912 0 105
3166345 0 105
3167738 0 106
3169213 0 104
3170626 0 105
3172039 0 105
3173513 0 105
3175008 0 106
3176483 0 104
3177937 0 105
3179330 0 105
3180845 0 106
3182401 0 104
3183937 0 105
3185473 0 106
3186948 0 104
3188504 0 105
3189999 0 105
3191433 0 105
3192908 0 105
3194444 0 105
3195959 0 105
3197413 0 106
3198826 0 104
3200342 0 105
3201734 0 106
3203168 0 104
3204581 0 105
3206096 0 106
3207530 0 104
3209045 0 105
3210541 0 105
3211954 0 105
3213387 0 105
3214841 0 105
3216357 0 106
3217872 0 104
3219367 0 105
3220760 0 105
3222234 0 106
3223688 0 104
3225143 0 105
3226658 0 106
3228214 0 104
3229771 0 105
3231225 0 106
3232638 0 104
3234154 0 105
3235690 0 105
3237164 0 105
3238639 0 106
3240175 0 104
3241711 0 105
3243247 0 105
3244782 0 105
3246257 0 105
3247773 0 105
3249288 0 106
3250824 0 104
3252217 0 105
3253691 0 106
3255248 0 104
3256702 0 105
3258135 0 105
3259671 0 105
3261166 0 105
3262682 0 106
3264177 0 104
3265610 0 105
3267023 0 106
3268457 0 104
3269931 0 105
3271345 0 105
3272881 0 105
3274314 0 105
3275768 0 106
3277325 0 104
3278820 0 105
3280294 0 105
3281789 0 106
3283243 0 104
3284697 0 105
3286213 0 105
3287749 0 105
3289141 0 105
3290636 0 105
3292029 0 105
3293504 0 105
3294896 0 106
3296432 0 104
3297866 0 105
3299381 0 106
3300856 0 104
3302310 0 105
3303723 0 105
3305238 0 105
3306733 0 105
3308187 0 105
3309621 0 105
3311096 0 106
3312509 0 104
3313942 0 105
3315376 0 106
3316891 0 104
3318325 0 105
3319718 0 106
3321151 0 104
3322626 0 105
3324141 0 105
3325616 0 105
3327172 0 105
3328606 0 106
3330121 0 104
3331575 0 105
3333132 0 105
3334586 0 105
3336122 0 106
3337678 0 104
3339153 0 105
3340586 0 106
3342020 0 104
3343515 0 105
3345051 0 105
3346525 0 105
3347979 0 106
3349515 0 104
3351051 0 105
3352546 0 106
3354103 0 104
3355516 0 105
3356950 0 106
3358485 0 104
3359940 0 105
3361435 0 105
3362868 0 105
3364322 0 105
3365735 0 105
3367292 0 105
3368746 0 105
3370220 0 106
3371654 0 104
3373087 0 105
3374562 0 105
3375955 0 105
3377388 0 105
3378842 0 105
3380296 0 105
3381832 0 106
3383389 0 104
3384822 0 105
3386235 0 105
3387730 0 105
3389225 0 105
3390720 0 105
3392134 0 106
3393588 0 104
3395144 0 105
3396557 0 106
3398052 0 104
3399609 0 105
3401022 0 105
3402476 0 106
3403991 0 104
3405527 0 105
3407063 0 106
3408517 0 104
3410074 0 105
3411466 0 105
3412879 0 105
3414313 0 105
3415849 0 105
3417344 0 106
3418900 0 104
3420436 0 105
3421931 0 105
3423365 0 105
3424819 0 105
3426232 0 106
3427686 0 104
3429120 0 105
3430553 0 105
3432007 0 105
3433564 0 106
3434977 0 104
3436492 0 105
3437885 0 106
3439339 0 104
3440793 0 105
3442268 0 106
3443783 0 104
3445196 0 105
3446589 0 106
3448002 0 104
3449518 0 105
3451053 0 105
3452508 0 105
3453941 0 105
3455477 0 106
3456911 0 104
3458344 0 105
3459778 0 105
3461232 0 105
3462768 0 105
3464263 0 105
3465799 0 105
3467314 0 106
3468748 0 104
3470263 0 105
3471738 0 105
3473253 0 105
3474707 0 105
3476141 0 105
3477636 0 106
3479111 0 104
3480503 0 105
3482039 0 105
3483493 0 105
3484886 0 105
3486401 0 105
3487917 0 105
3489330 0 106
3490804 0 104
3492279 0 105
3493815 0 106
3495351 0 104
3496866 0 105
3498321 0 106
3499816 0 104
3501331 0 105
3502826 0 105
3504321 0 105
3505775 0 106
3507229 0 104
3508663 0 105
3510137 0 106
3511632 0 104
3513168 0 105
3514643 0 105
3516097 0 105
3517612 0 105
3519128 0 105
3520602 0 105
3522077 0 106
3523490 0 104
3525005 0 105
3526521 0 106
3527955 0 104
3529388 0 105
3530904 0 105
3532296 0 105
3533812 0 106
3535327 0 104
3536740 0 105
3538215 0 105
3539710 0 105
3541143 0 105
3542700 0 105
3544236 0 106
3545792 0 104
3547308 0 105
3548782 0 105
3550298 0 105
3551772 0 106
3553267 0 104
3554803 0 105
3556257 0 105
3557671 0 105
3559166 0 105
3560620 0 105
3562033 0 106
3563548 0 104
3564961 0 105
3566354 0 105
3567849 0 105
3569385 0 105
3570798 0 105
3572232 0 105
3573788 0 106
3575181 0 104
3576696 0 105
3578232 0 106
3579645 0 104
3581181 0 105
3582615 0 106
3584130 0 104
3585625 0 105
3587059 0 105
3588615 0 105
3590028 0 105
3591462 0 105
3592916 0 106
3594350 0 104
3595886 0 105
3597381 0 106
3598794 0 104
3600309 0 105
3601845 0 105
3603299 0 105
3604712 0 105
3606248 0 105
3607784 0 106
3609218 0 104
3610733 0 105
3612187 0 105
3613580 0 105
3615095 0 105
3616611 0 106
3618167 0 104
3619621 0 105
3621055 0 105
3622591 0 106
3624045 0 104
3625499 0 105
3626994 0 106
3628469 0 104
3629943 0 105
3631336 0 106
3632749 0 104
3634264 0 105
3635780 0 106
3637234 0 104
3638668 0 105
3640081 0 105
3641494 0 105
3642948 0 106
3644504 0 104
3645979 0 105
3647453 0 105
3648948 0 105
3650443 0 105
3651959 0 105
3653392 0 105
3654949 0 106
3656382 0 104
3657939 0 105
3659393 0 106
3660806 0 104
3662219 0 105
3663755 0 105
3665250 0 105
3666684 0 105
3668138 0 105
3669612 0 105
3671005 0 105
3672479 0 106
3673995 0 104
3675531 0 105
3676924 0 105
3678459 0 105
3679873 0 105
3681429 0 106
3682945 0 104
3684460 0 105
3685996 0 105
3687491 0 105
3689047 0 106
3690461 0 104
3691853 0 105
3693389 0 105
3694884 0 105
3696420 0 105
3697833 0 105
3699287 0 105
3700762 0 105
3702277 0 106
3703752 0 104
3705247 0 105
3706680 0 106
3708196 0 104
3709752 0 105
3711186 0 105
3712701 0 105
3714176 0 106
3715712 0 104
3717207 0 105
3718763 0 105
3720217 0 106
3721774 0 104
3723269 0 105
3724723 0 105
3726136 0 105
3727631 0 105
3729167 0 106
3730724 0 104
3732137 0 105
3733652 0 105
3735106 0 105
3736560 0 105
3738076 0 105
3739530 0 105
3740922 0 106
3742458 0 104
3743872 0 105
3745326 0 106
3746800 0 104
3748254 0 105
3749770 0 105
3751326 0 106
3752760 0 104
3754173 0 105
3755627 0 106
3757040 0 104
3758514 0 105
3760030 0 106
3761566 0 104
3763081 0 105
3764515 0 105
3766010 0 105
3767505 0 105
3769000 0 105
3770536 0 106
3772092 0 104
3773628 0 105
3775062 0 105
3776577 0 105
3778093 0 105
3779568 0 105
3781042 0 106
3782537 0 104
3783930 0 105
3785425 0 105
3786817 0 105
3788292 0 105
3789746 0 105
3791139 0 105
3792674 0 106
3794108 0 104
3795603 0 105
3797098 0 105
3798511 0 105
3800047 0 106
3801481 0 104
3802976 0 105
3804532 0 106
3805945 0 104
3807399 0 105
3808792 0 106
3810287 0 104
3811802 0 105
3813359 0 105
3814813 0 106
3816328 0 104
3817721 0 105
3819237 0 105
3820752 0 105
3822309 0 106
3823844 0 104
3825299 0 105
3826691 0 105
3828145 0 105
3829661 0 106
3831135 0 104
3832692 0 105
3834248 0 105
3835661 0 105
3837156 0 105
3838672 0 106
3840208 0 104
3841744 0 105
3843177 0 105
3844672 0 106
3846208 0 104
3847683 0 105
