64844 0 9
66400 0 10
67834 0 11
69329 0 3
70803 0 4
72175 0 12
73589 0 2
75022 0 10
76517 0 5
77930 0 6
79343 0 24
80900 0 24
82374 0 23
83910 0 34
85364 0 6
86818 0 21
88375 0 15
89829 0 24
91283 0 22
92717 0 17
94212 0 27
95625 0 8
97120 0 17
98615 0 15
100110 0 35
101543 0 5
103079 0 20
104677 0 18
106213 0 22
107728 0 13
109244 0 36
110780 0 10
112254 0 15
113790 0 23
115244 0 19
116780 0 22
118337 0 22
119811 0 31
121286 0 4
122760 0 13
124173 0 31
125648 0 8
127225 0 24
128761 0 20
130338 0 19
131751 0 36
133328 0 8
134905 0 17
136379 0 20
137895 0 27
139410 0 11
140905 0 17
142318 0 34
143752 0 2
145226 0 17
146619 0 20
148155 0 13
149548 0 31
151063 0 12
152497 0 17
153992 0 20
155446 0 14
156941 0 18
158456 0 19
159992 0 30
161405 0 5
162900 0 13
164416 0 28
165849 0 8
167324 0 21
168880 0 24
170314 0 14
171727 0 14
173161 0 14
174574 0 13
176069 0 31
177502 0 9
179059 0 19
180492 0 20
181926 0 22
183400 0 17
184936 0 28
186411 0 10
187967 0 14
189503 0 22
191019 0 16
192514 0 19
193927 0 31
195361 0 4
196753 0 24
198166 0 23
199682 0 23
201136 0 21
202651 0 20
204167 0 13
205641 0 29
207157 0 11
208631 0 21
210065 0 22
211580 0 33
213055 0 6
214611 0 14
216045 0 14
217520 0 25
218994 0 7
220469 0 15
221943 0 33
223418 0 3
224933 0 15
226367 0 33
227882 0 4
229336 0 14
230770 0 19
232265 0 22
233760 0 23
235296 0 24
236729 0 13
238143 0 29
239556 0 6
241112 0 19
242648 0 16
244020 0 23
245556 0 18
247092 0 24
248567 0 13
250123 0 31
251639 0 1
253175 0 18
254690 0 21
256247 0 21
257721 0 14
259114 0 18
260568 0 27
262022 0 9
263537 0 20
265053 0 13
266527 0 17
268063 0 24
269517 0 30
271033 0 8
272569 0 13
274043 0 31
275559 0 1
276992 0 16
278467 0 33
279921 0 10
281375 0 22
282850 0 16
284304 0 35
285840 0 10
287376 0 14
288830 0 19
290345 0 15
291881 0 14
293274 0 15
294707 0 14
296243 0 28
297718 0 3
299254 0 24
300646 0 16
302100 0 25
303534 0 2
305029 0 20
306586 0 26
308122 0 12
309555 0 14
311030 0 17
312545 0 17
314061 0 15
315535 0 18
317051 0 31
318587 0 9
320020 0 23
321556 0 25
323072 0 1
324526 0 13
326062 0 14
327536 0 14
328929 0 34
330383 0 5
331816 0 22
333353 0 35
334766 0 2
336138 0 21
337694 0 14
339087 0 16
340602 0 26
341995 0 8
343490 0 14
345005 0 20
346603 0 14
348036 0 29
349511 0 3
351047 0 14
352501 0 24
354016 0 24
355573 0 17
357006 0 24
358440 0 20
359874 0 28
361348 0 6
362761 0 15
364195 0 13
365710 0 19
367123 0 27
368537 0 10
370011 0 14
371547 0 15
373042 0 24
374537 0 30
376032 0 8
377486 0 23
378940 0 27
380476 0 9
381889 0 24
383405 0 21
384838 0 15
386313 0 33
387890 0 2
389344 0 14
390736 0 23
392293 0 14
393829 0 14
395324 0 20
396839 0 27
398355 0 12
399829 0 21
401324 0 23
402738 0 24
404212 0 23
405768 0 19
407325 0 26
408738 0 11
410274 0 17
411810 0 14
413244 0 24
414739 0 23
416172 0 33
417647 0 9
419142 0 14
420657 0 17
422091 0 15
423586 0 18
425019 0 14
426514 0 32
427907 0 2
429320 0 15
430774 0 28
432269 0 5
433805 0 14
435218 0 22
436754 0 14
438208 0 34
439744 0 8
441260 0 17
442775 0 29
444250 0 4
445745 0 17
447281 0 17
448755 0 16
450189 0 27
451581 0 1
453036 0 16
454469 0 13
455903 0 21
457439 0 29
458872 0 12
460347 0 15
461842 0 34
463357 0 6
464914 0 20
466450 0 23
467945 0 19
469501 0 14
471017 0 24
472532 0 29
473925 0 4
475297 0 17
476833 0 17
478266 0 23
479761 0 15
481277 0 17
482690 0 13
484226 0 24
485742 0 28
487216 0 9
488691 0 18
490186 0 20
491681 0 14
493135 0 14
494568 0 19
496145 0 24
497579 0 15
499135 0 32
500630 0 8
502166 0 14
503579 0 27
505095 0 8
506631 0 22
508208 0 33
509723 0 3
511259 0 21
512775 0 34
514270 0 5
515662 0 16
517116 0 31
518673 0 2
520168 0 21
521683 0 18
523158 0 18
524632 0 27
526168 0 11
527622 0 22
529097 0 17
530531 0 16
531903 0 32
533398 0 12
534872 0 13
536408 0 24
537944 0 15
539357 0 13
540832 0 23
542306 0 30
543760 0 10
545194 0 20
546668 0 26
548143 0 7
549597 0 15
551031 0 30
552382 0 4
553795 0 14
555290 0 22
556806 0 32
558342 0 1
559775 0 24
561311 0 35
562725 0 11
564138 0 16
565633 0 31
567189 0 7
568643 0 24
570118 0 21
571674 0 14
573067 0 33
574521 0 9
575954 0 20
577429 0 23
578842 0 29
580317 0 10
581791 0 14
583327 0 34
584761 0 5
586215 0 16
587587 0 16
589082 0 13
590495 0 19
591990 0 19
593505 0 19
595082 0 14
596496 0 26
597929 0 2
599445 0 22
600940 0 17
602414 0 16
603950 0 33
605384 0 8
606899 0 21
608374 0 20
609869 0 35
611384 0 5
612818 0 14
614210 0 15
615746 0 21
617200 0 30
618614 0 2
620006 0 21
621440 0 14
622832 0 26
624204 0 12
625720 0 20
627194 0 26
628608 0 8
630062 0 16
631475 0 21
632970 0 22
634444 0 13
635857 0 19
637291 0 34
638827 0 12
640301 0 17
641837 0 33
643292 0 3
644725 0 16
646200 0 14
647674 0 35
649128 0 6
650644 0 18
652077 0 15
653511 0 24
655026 0 17
656460 0 20
657975 0 32
659511 0 2
660904 0 23
662419 0 31
663874 0 11
665430 0 18
666986 0 17
668400 0 15
669874 0 13
671369 0 14
672885 0 13
674318 0 19
675772 0 27
677308 0 7
678742 0 15
680278 0 20
681814 0 31
683288 0 8
684845 0 18
686381 0 22
687835 0 34
689330 0 11
690763 0 24
692156 0 25
693733 0 10
695269 0 18
696723 0 17
698197 0 21
699692 0 35
701228 0 12
702744 0 16
704177 0 21
705693 0 13
707188 0 20
708703 0 17
710178 0 26
711591 0 12
713004 0 21
714479 0 21
715974 0 18
717448 0 24
718964 0 36
720397 0 4
721831 0 20
723387 0 23
724801 0 20
726377 0 33
727831 0 8
729408 0 23
730862 0 19
732398 0 13
733812 0 16
735307 0 17
736863 0 13
738379 0 15
739894 0 35
741409 0 9
742925 0 19
744400 0 35
745813 0 11
747369 0 22
748885 0 19
750339 0 16
751813 0 14
753308 0 17
754721 0 29
756257 0 2
757752 0 14
759186 0 16
760640 0 15
762176 0 14
763609 0 19
765063 0 13
766579 0 30
768054 0 12
769589 0 19
771023 0 26
772539 0 7
773972 0 23
775385 0 15
776880 0 24
778293 0 16
779706 0 13
781242 0 17
782799 0 25
784376 0 8
785891 0 24
787345 0 21
788799 0 34
790253 0 7
791769 0 20
793243 0 21
794800 0 33
796234 0 12
797729 0 17
799183 0 24
800596 0 19
802091 0 27
803483 0 7
804958 0 21
806391 0 34
807805 0 3
809197 0 15
810651 0 22
812146 0 24
813641 0 13
815034 0 21
816570 0 21
818003 0 27
819396 0 5
820891 0 23
822325 0 28
823881 0 6
825315 0 23
826748 0 25
828243 0 3
829697 0 19
831131 0 35
832564 0 3
834100 0 13
835575 0 27
837090 0 3
838544 0 20
840080 0 18
841494 0 17
842968 0 18
844463 0 20
846040 0 21
847576 0 15
849112 0 35
850546 0 7
852020 0 23
853454 0 14
854990 0 18
856505 0 35
857918 0 10
859352 0 16
860826 0 35
862321 0 9
863898 0 13
865455 0 22
866970 0 30
868445 0 10
870001 0 23
871517 0 14
873053 0 19
874609 0 20
876043 0 24
877497 0 19
878951 0 36
880487 0 2
881920 0 19
883334 0 15
884849 0 19
886323 0 23
887880 0 14
889416 0 31
890972 0 5
892426 0 17
893819 0 35
895335 0 7
896911 0 13
898366 0 19
899942 0 24
901376 0 17
902810 0 16
904325 0 29
905738 0 12
907274 0 17
908749 0 14
910141 0 19
911616 0 36
913152 0 5
914626 0 21
916101 0 24
917534 0 22
919111 0 25
920586 0 4
922020 0 13
923576 0 35
924969 0 9
926464 0 21
927897 0 17
929290 0 14
930785 0 35
932239 0 4
933775 0 22
935290 0 19
936785 0 14
938280 0 36
939714 0 7
941148 0 19
942643 0 16
944056 0 16
945489 0 29
946902 0 8
948459 0 17
949892 0 16
951305 0 17
952800 0 26
954193 0 3
955606 0 14
956999 0 22
958453 0 32
959927 0 6
961484 0 17
962876 0 25
964330 0 6
965805 0 20
977556 0 101
979010 0 101
980444 0 101
981877 0 101
983413 0 101
984949 0 101
986424 0 101
987898 0 101
989393 0 101
990950 0 101
992424 0 102
993940 0 102
995394 0 102
996930 0 102
998363 0 102
999776 0 102
1001271 0 102
1002807 0 102
1004323 0 103
1005859 0 101
1007251 0 102
1008746 0 103
1010282 0 101
1011778 0 102
1013170 0 102
1014706 0 102
1016242 0 103
1017655 0 101
1019109 0 102
1020502 0 103
1021976 0 101
1023430 0 102
1024925 0 102
1026359 0 102
1027793 0 103
1029328 0 101
1030762 0 102
1032155 0 103
1033691 0 101
1035206 0 102
1036681 0 102
1038094 0 102
1039486 0 103
1041002 0 101
1042497 0 102
1044053 0 102
1045487 0 103
1046982 0 101
1048456 0 102
1049972 0 102
1051508 0 102
1053023 0 103
1054539 0 101
1055993 0 102
1057447 0 102
1058942 0 102
1060478 0 102
1061912 0 103
1063325 0 101
1064717 0 102
1066233 0 102
1067646 0 102
1069059 0 102
1070493 0 102
1071885 0 103
1073421 0 101
1074916 0 102
1076391 0 102
1077783 0 103
1079237 0 101
1080712 0 102
1082145 0 102
1083559 0 102
1084951 0 102
1086364 0 102
1087757 0 102
1089293 0 103
1090726 0 101
1092262 0 102
1093655 0 103
1095068 0 101
1096584 0 102
1097997 0 103
1099553 0 101
1101069 0 102
1102502 0 102
1103936 0 102
1105349 0 102
1106783 0 102
1108278 0 102
1109834 0 103
1111390 0 101
1112824 0 102
1114299 0 102
1115732 0 102
1117268 0 102
1118702 0 102
1120217 0 102
1121774 0 102
1123289 0 103
1124825 0 101
1126279 0 102
1127815 0 103
1129331 0 101
1130785 0 102
1132259 0 103
1133775 0 101
1135208 0 102
1136703 0 102
1138137 0 103
1139570 0 101
1141045 0 102
1142479 0 102
1143933 0 102
1145366 0 102
1146759 0 102
1148254 0 103
1149790 0 101
1151244 0 102
1152759 0 103
1154234 0 101
1155729 0 102
1157203 0 102
1158596 0 102
1160009 0 102
1161504 0 102
1162938 0 102
1164351 0 103
1165928 0 101
1167423 0 102
1168836 0 102
1170351 0 102
1171826 0 102
1173280 0 103
1174816 0 101
1176290 0 102
1177724 0 102
1179260 0 102
1180796 0 103
1182352 0 101
1183827 0 102
1185342 0 102
1186756 0 102
1188251 0 102
1189807 0 103
1191323 0 101
1192736 0 102
1194128 0 102
1195685 0 103
1197118 0 101
1198613 0 102
1200026 0 103
1201583 0 101
1203057 0 102
1204450 0 102
1205843 0 102
1207338 0 102
1208730 0 102
1210143 0 103
1211618 0 101
1213154 0 102
1214567 0 102
1216103 0 102
1217639 0 103
1219175 0 101
1220711 0 102
1222185 0 102
1223619 0 102
1225012 0 103
1226486 0 101
1228022 0 102
1229435 0 103
1230869 0 101
1232282 0 102
1233695 0 102
1235128 0 103
1236562 0 101
1238016 0 102
1239511 0 102
1241047 0 102
1242522 0 102
1243976 0 102
1245409 0 102
1246802 0 103
1248297 0 101
1249812 0 102
1251328 0 102
1252823 0 102
1254318 0 102
1255772 0 102
1257308 0 103
1258823 0 101
1260298 0 102
1261813 0 102
1263206 0 102
1264599 0 102
1266073 0 103
1267548 0 101
1269002 0 102
1270558 0 102
1272053 0 102
1273589 0 102
1275002 0 102
1276497 0 102
1277972 0 103
1279406 0 101
1280839 0 102
1282252 0 103
1283706 0 101
1285242 0 102
1286655 0 102
1288130 0 102
1289625 0 103
1291161 0 101
1292635 0 102
1294130 0 103
1295625 0 101
1297018 0 102
1298431 0 103
1299844 0 101
1301298 0 102
1302834 0 103
1304268 0 101
1305660 0 102
1307073 0 102
1308466 0 102
1309900 0 102
1311415 0 103
1312951 0 101
1314344 0 102
1315757 0 103
1317211 0 101
1318685 0 102
1320221 0 102
1321614 0 102
1323150 0 102
1324584 0 102
1326079 0 102
1327533 0 103
1329007 0 101
1330543 0 102
1332038 0 103
1333492 0 101
1335008 0 102
1336441 0 102
1337875 0 102
1339350 0 103
1340803 0 101
1342339 0 102
1343793 0 102
1345227 0 102
1346763 0 103
1348258 0 101
1349774 0 102
1351187 0 102
1352702 0 102
1354156 0 103
1355651 0 101
1357044 0 102
1358539 0 103
1360054 0 101
1361467 0 102
1362922 0 102
1364314 0 103
1365748 0 101
1367243 0 102
1368717 0 103
1370212 0 101
1371748 0 102
1373284 0 102
1374697 0 102
1376233 0 102
1377687 0 102
1379100 0 102
1380514 0 103
1382029 0 101
1383442 0 102
1384978 0 103
1386453 0 101
1387845 0 102
1389340 0 102
1390856 0 102
1392248 0 102
1393641 0 102
1395136 0 103
1396651 0 101
1398187 0 102
1399642 0 102
1401116 0 103
1402672 0 101
1404127 0 102
1405601 0 102
1407035 0 102
1408571 0 103
1409984 0 101
1411458 0 102
1412912 0 102
1414305 0 102
1415779 0 103
1417295 0 101
1418831 0 102
1420265 0 103
1421760 0 101
1423255 0 102
1424709 0 103
1426163 0 101
1427617 0 102
1429132 0 102
1430648 0 102
1432061 0 102
1433515 0 102
1434948 0 102
1436403 0 102
1437877 0 103
1439331 0 101
1440847 0 102
1442301 0 102
1443775 0 102
1445229 0 102
1446642 0 102
1448055 0 102
1449509 0 103
1450984 0 101
1452397 0 102
1453892 0 102
1455305 0 102
1456698 0 102
1458152 0 102
1459667 0 103
1461121 0 101
1462637 0 102
1464111 0 103
1465566 0 101
1467020 0 102
1468453 0 103
1470010 0 101
1471464 0 102
1473020 0 103
1474495 0 101
1475908 0 102
1477423 0 103
1478918 0 101
1480393 0 102
1481908 0 102
1483444 0 102
1484960 0 102
1486496 0 102
1487909 0 103
1489363 0 101
1490776 0 102
1492230 0 102
1493684 0 103
1495118 0 101
1496633 0 102
1498149 0 103
1499562 0 101
1500954 0 102
1502367 0 103
1503903 0 101
1505378 0 102
1506893 0 102
1508347 0 102
1509802 0 103
1511256 0 101
1512730 0 102
1514164 0 102
1515556 0 102
1516949 0 103
1518444 0 101
1519919 0 102
1521414 0 102
1522888 0 102
1524322 0 102
1525755 0 103
1527168 0 101
1528602 0 102
1530138 0 102
1531530 0 102
1532923 0 102
1534459 0 103
1535995 0 101
1537429 0 102
1538842 0 103
1540255 0 101
1541709 0 102
1543245 0 102
1544760 0 102
1546255 0 102
1547750 0 103
1549163 0 101
1550638 0 102
1552113 0 103
1553546 0 101
1555021 0 102
1556516 0 102
1558052 0 103
1559485 0 101
1561021 0 102
1562434 0 102
1563888 0 102
1565445 0 102
1566899 0 103
1568455 0 101
1569868 0 102
1571261 0 102
1572654 0 102
1574149 0 103
1575582 0 101
1576975 0 102
1578470 0 102
1579924 0 102
1581439 0 102
1582996 0 102
1584491 0 103
1585965 0 101
1587460 0 102
1588874 0 102
1590389 0 102
1591782 0 102
1593338 0 102
1594874 0 102
1596328 0 103
1597741 0 101
1599277 0 102
1600834 0 102
1602308 0 102
1603701 0 102
1605237 0 102
1606773 0 102
1608309 0 102
1609763 0 103
1611299 0 101
1612712 0 102
1614207 0 102
1615702 0 103
1617217 0 101
1618712 0 102
1620228 0 103
1621682 0 101
1623177 0 102
1624692 0 102
1626167 0 103
1627580 0 101
1629034 0 102
1630468 0 103
1632004 0 101
1633458 0 102
1634932 0 102
1636427 0 102
1637943 0 103
1639458 0 101
1640871 0 102
1642305 0 102
1643841 0 103
1645377 0 101
1646851 0 102
1648264 0 102
1649719 0 102
1651255 0 102
1652688 0 102
1654183 0 102
1655617 0 103
1657153 0 101
1658648 0 102
1660102 0 102
1661576 0 102
1663010 0 103
1664464 0 101
1665897 0 102
1667352 0 102
1668785 0 102
1670301 0 102
1671796 0 102
1673250 0 103
1674745 0 101
1676240 0 102
1677694 0 103
1679107 0 101
1680540 0 102
1681974 0 102
1683449 0 102
1684984 0 103
1686418 0 101
1687934 0 102
1689408 0 102
1690944 0 102
1692378 0 103
1693852 0 101
1695368 0 102
1696883 0 102
1698358 0 103
1699873 0 101
1701327 0 102
1702802 0 102
1704338 0 102
1705812 0 102
1707246 0 102
1708720 0 103
1710133 0 101
1711567 0 102
1712980 0 103
1714455 0 101
1715970 0 102
1717445 0 103
1718960 0 101
1720435 0 102
1721909 0 102
1723404 0 102
1724899 0 103
1726333 0 101
1727807 0 102
1729323 0 102
1730797 0 102
1732272 0 102
1733726 0 102
1735221 0 103
1736675 0 101
1738211 0 102
1739645 0 102
1741078 0 103
1742573 0 101
1744109 0 102
1745604 0 103
1747140 0 101
1748574 0 102
1749966 0 102
1751482 0 102
1752915 0 102
1754370 0 102
1755844 0 102
1757339 0 103
1758916 0 101
1760350 0 102
1761824 0 103
1763319 0 101
1764855 0 102
1766268 0 102
1767681 0 102
1769176 0 102
1770692 0 102
1772105 0 103
1773579 0 101
1775074 0 102
1776467 0 102
1777983 0 102
1779437 0 102
1780952 0 102
1782488 0 102
1784004 0 103
1785560 0 101
1786973 0 102
1788366 0 103
1789922 0 101
1791458 0 102
1792994 0 103
1794489 0 101
1795964 0 102
1797438 0 103
1798851 0 101
1800326 0 102
1801821 0 102
1803295 0 102
1804688 0 103
1806142 0 101
1807535 0 102
1809071 0 102
1810525 0 102
1811999 0 102
1813453 0 102
1814907 0 102
1816443 0 102
1817959 0 103
1819515 0 101
1821031 0 102
1822505 0 102
1824021 0 102
1825454 0 102
1826847 0 103
1828322 0 101
1829714 0 102
1831230 0 103
1832807 0 101
1834363 0 102
1835838 0 102
1837271 0 102
1838746 0 103
1840302 0 101
1841715 0 102
1843108 0 102
1844623 0 102
1846118 0 102
1847552 0 102
1849006 0 102
1850542 0 102
1852017 0 103
1853512 0 101
1854925 0 102
1856317 0 102
1857710 0 103
1859164 0 101
1860618 0 102
1862093 0 103
1863526 0 101
1864919 0 102
1866393 0 102
1867786 0 102
1869199 0 102
1870673 0 103
1872148 0 101
1873643 0 102
1913154 0 47
1914629 0 47
1916062 0 39
1917496 0 46
1919032 0 39
1920527 0 48
1921981 0 46
1923497 0 48
1924910 0 42
1926364 0 47
1927838 0 50
1929272 0 49
1930767 0 58
1932200 0 57
1933736 0 56
1935170 0 63
1936706 0 47
1938262 0 59
1939716 0 59
1941191 0 54
1942645 0 55
1944079 0 50
1945656 0 60
1947130 0 69
1948666 0 43
1950120 0 56
1951677 0 56
1953192 0 61
1954708 0 42
1956203 0 52
1957616 0 55
1959172 0 71
1960626 0 46
1962142 0 57
1963719 0 55
1965132 0 59
1966545 0 59
1967999 0 60
1969514 0 68
1970968 0 48
1972504 0 60
1973999 0 57
1975556 0 60
1977112 0 70
1978607 0 42
1980020 0 59
1981515 0 55
1983072 0 54
1984505 0 52
1985919 0 62
1987332 0 40
1988765 0 59
1990240 0 63
1991776 0 42
1993332 0 56
1994868 0 57
1996404 0 60
1997961 0 56
1999476 0 65
2000971 0 42
2002425 0 52
2004002 0 53
2005558 0 71
2006951 0 43
2008467 0 60
2010023 0 66
2011559 0 48
2013095 0 50
2014631 0 60
2016167 0 55
2017641 0 59
2019055 0 51
2020550 0 68
2022065 0 41
2023581 0 51
2025055 0 50
2026591 0 49
2028004 0 58
2029540 0 53
2030953 0 54
2032510 0 60
2033984 0 67
2035377 0 46
2036892 0 56
2038367 0 60
2039841 0 54
2041357 0 51
2042770 0 60
2044306 0 70
2045678 0 40
2047173 0 51
2048648 0 68
2050122 0 48
2051576 0 50
2053010 0 50
2054443 0 66
2055857 0 42
2057270 0 60
2058724 0 58
2060178 0 50
2061714 0 57
2063291 0 51
2064847 0 67
2066342 0 48
2067755 0 49
2069291 0 52
2070827 0 52
2072302 0 59
2073735 0 51
2075271 0 71
2076828 0 47
2078343 0 60
2079797 0 68
2081313 0 40
2082808 0 57
2084344 0 71
2085777 0 42
2087272 0 58
2088706 0 58
2090242 0 53
2091696 0 49
2093211 0 63
2094625 0 38
2096079 0 52
2097615 0 53
2099089 0 66
2100502 0 40
2101956 0 59
2103369 0 62
2104905 0 44
2106421 0 50
2107916 0 49
2109411 0 54
2110947 0 54
2112380 0 59
2113937 0 50
2115391 0 61
2116825 0 40
2118381 0 55
2119814 0 55
2121371 0 50
2122845 0 65
2124320 0 46
2125774 0 56
2127269 0 55
2128723 0 49
2130136 0 58
2131611 0 72
2133003 0 48
2134437 0 57
2135911 0 63
2137325 0 44
2138840 0 53
2140356 0 51
2141912 0 53
2143428 0 49
2144943 0 56
2146418 0 52
2147954 0 72
2149367 0 43
2150780 0 60
2152316 0 52
2153811 0 51
2155326 0 60
2156862 0 49
2158378 0 53
2159873 0 50
2161429 0 66
2162904 0 43
2164378 0 58
2165935 0 53
2167409 0 54
2168884 0 56
2170420 0 60
2171935 0 54
2173471 0 67
2175028 0 47
2176584 0 52
2178038 0 67
2179554 0 45
2181008 0 49
2182544 0 58
2184059 0 57
2185493 0 55
2187008 0 54
2188442 0 65
2189978 0 42
2191514 0 57
2193050 0 60
2194545 0 49
2196081 0 64
2197637 0 39
2199153 0 58
2200689 0 57
2202184 0 63
2203597 0 48
2205092 0 49
2206546 0 49
2208041 0 49
2209556 0 50
2210949 0 62
2212362 0 48
2213918 0 50
2215454 0 55
2216970 0 67
2218526 0 45
2219939 0 57
2221455 0 59
2222909 0 52
2224445 0 55
2225858 0 51
2227333 0 64
2228787 0 44
2230323 0 54
2231859 0 60
2233354 0 59
2234828 0 53
2236364 0 64
2237880 0 45
2239436 0 55
2240911 0 53
2242365 0 56
2243901 0 49
2245416 0 53
2246829 0 59
2248365 0 69
2249860 0 44
2251273 0 58
2252850 0 69
2254304 0 38
2255820 0 54
2257315 0 70
2258728 0 48
2260182 0 54
2261595 0 59
2263049 0 54
2264606 0 58
2266162 0 57
2267739 0 52
2269234 0 54
2270647 0 62
2272163 0 37
2273596 0 49
2275050 0 58
2276566 0 63
2278143 0 43
2279720 0 60
2281194 0 69
2282689 0 42
2284205 0 52
2285618 0 72
2287051 0 44
2288464 0 60
2289939 0 54
2291332 0 66
2292868 0 41
2294363 0 56
2295878 0 57
2297312 0 60
2298848 0 49
2300302 0 60
2301797 0 63
2303333 0 38
2304766 0 51
2306241 0 54
2307736 0 53
2309169 0 57
2310644 0 65
2312118 0 38
2313675 0 56
2315088 0 51
2316481 0 63
2317955 0 41
2319409 0 54
2320884 0 54
2322317 0 57
2323792 0 69
2325246 0 46
2326761 0 51
2328174 0 50
2329669 0 62
2331123 0 48
2332659 0 59
2334195 0 55
2335752 0 65
2337206 0 47
2338721 0 49
2340175 0 60
2341650 0 55
2343084 0 57
2344640 0 49
2346053 0 51
2347528 0 64
2349002 0 44
2350559 0 51
2351972 0 57
2353508 0 55
2354941 0 72
2356354 0 37
2357911 0 53
2359467 0 65
2360921 0 45
2362478 0 56
2363932 0 49
2365468 0 67
2366861 0 38
2368274 0 59
2369687 0 72
2371202 0 48
2372615 0 52
2374069 0 54
2375462 0 49
2376916 0 68
2378370 0 45
2379886 0 58
2381340 0 61
2382876 0 42
2384412 0 59
2385866 0 56
2387381 0 66
2388774 0 46
2390248 0 59
2391723 0 57
2393218 0 55
2394692 0 54
2396167 0 49
2397703 0 52
2399177 0 57
2400672 0 66
2402085 0 41
2403499 0 49
2404932 0 54
2406407 0 57
2407963 0 67
2409417 0 43
2410830 0 49
2412346 0 70
2413779 0 43
2415233 0 57
2416687 0 51
2418121 0 55
2419657 0 58
2421213 0 58
2422770 0 70
2424204 0 38
2425617 0 51
2427050 0 71
2428484 0 39
2429979 0 53
2431412 0 67
2432825 0 45
2434259 0 60
2435693 0 54
2437167 0 55
2438724 0 49
2440260 0 68
2441816 0 44
2443250 0 53
2444683 0 54
2446240 0 54
2447694 0 55
2449209 0 50
2450643 0 63
2452179 0 47
2453735 0 52
2455189 0 68
2456623 0 38
2458036 0 50
2459449 0 57
2460924 0 52
2462419 0 58
2463893 0 71
2465368 0 37
2466863 0 49
2468358 0 52
2469853 0 58
2471307 0 51
2472802 0 54
2474297 0 66
2475710 0 43
2477143 0 51
2478659 0 62
2480072 0 43
2481628 0 49
2483103 0 66
2484639 0 42
2486073 0 51
2487547 0 49
2488981 0 50
2490517 0 51
2491950 0 57
2493486 0 59
2495002 0 49
2496456 0 69
2497930 0 44
2499487 0 51
2500961 0 51
2502436 0 56
2503869 0 60
2505364 0 51
2506880 0 69
2508375 0 46
2509911 0 49
2511406 0 67
2512819 0 44
2514334 0 52
2515809 0 52
2517284 0 52
2518717 0 52
2520151 0 53
2521605 0 59
2523100 0 62
2524554 0 44
2525967 0 49
2527503 0 69
2528977 0 46
2530513 0 55
2531988 0 72
2533483 0 48
2534917 0 59
2536452 0 52
2537968 0 62
2539422 0 48
2540876 0 52
2542310 0 71
2543723 0 45
2545259 0 57
2546774 0 66
2548208 0 43
2549785 0 52
2551259 0 56
2552693 0 60
2554126 0 57
2555560 0 59
2557014 0 68
2558448 0 45
2559881 0 51
2561438 0 72
2562933 0 43
2564448 0 50
2565984 0 53
2567479 0 51
2568933 0 50
2570469 0 51
2571923 0 52
2573398 0 66
2574893 0 46
2576408 0 60
2577924 0 70
2579337 0 38
2580770 0 59
2582265 0 61
2583719 0 38
2585153 0 49
2586648 0 53
2588184 0 49
2589659 0 70
2591113 0 38
2592608 0 51
2594123 0 63
2595598 0 44
2597113 0 51
2598608 0 71
2600124 0 39
2601598 0 58
2603052 0 60
2604568 0 49
2606104 0 56
2607640 0 52
2609114 0 66
2610548 0 43
2612043 0 53
2613538 0 52
2614971 0 69
2616405 0 39
2617900 0 55
2619416 0 58
2620951 0 59
2622426 0 51
2623962 0 58
2625478 0 65
2626952 0 37
2628447 0 53
2629963 0 72
2631458 0 43
2632912 0 57
2634468 0 54
2635922 0 55
2637479 0 53
2638912 0 67
2640305 0 37
2641800 0 54
2643315 0 59
2644728 0 58
2646305 0 56
2647821 0 70
2649275 0 39
2650688 0 56
2652183 0 50
2653719 0 57
2655193 0 53
2656689 0 61
2658163 0 46
2659720 0 57
2661276 0 68
2662689 0 44
2664123 0 58
2665556 0 61
2667051 0 39
2668526 0 50
2670041 0 53
2671475 0 56
2672990 0 55
2674506 0 50
2675980 0 61
2677373 0 45
2678827 0 56
2680261 0 69
2681838 0 47
2683394 0 51
2684807 0 56
2686323 0 70
2687777 0 38
2689251 0 52
2690808 0 49
2692303 0 52
2693818 0 50
2695252 0 72
2696685 0 48
2698119 0 49
2699532 0 59
2701006 0 68
2702481 0 43
2704017 0 49
2705553 0 58
2706987 0 52
2708482 0 49
2709895 0 58
2711410 0 56
2712823 0 57
2714339 0 62
2715752 0 41
2717185 0 50
2718742 0 62
2720175 0 38
2721609 0 50
2723104 0 68
2724538 0 38
2725992 0 50
2727405 0 55
2728941 0 60
2730436 0 52
2731972 0 49
2733405 0 66
2734941 0 48
2736354 0 59
2737829 0 56
2739385 0 49
2740819 0 68
2742232 0 48
2743707 0 53
2745140 0 61
2746635 0 39
2748089 0 52
2749564 0 71
2751038 0 41
2752472 0 58
2753905 0 59
2755359 0 72
2756875 0 46
2758411 0 54
2759906 0 56
2761401 0 58
2762937 0 49
2764350 0 61
2765825 0 40
2767238 0 60
2768753 0 54
2770248 0 53
2771661 0 66
2773197 0 42
2774672 0 53
2776085 0 70
2777518 0 41
2779054 0 54
2780570 0 70
2781942 0 41
2783396 0 57
2784891 0 53
2786325 0 69
2787881 0 46
2789397 0 58
2790953 0 54
2792428 0 72
2793943 0 42
2795438 0 60
2796974 0 57
2798387 0 58
2799821 0 54
2801316 0 58
2802770 0 59
2804224 0 54
2805760 0 67
2807255 0 44
2808750 0 57
2810183 0 70
2811617 0 45
2813194 0 49
2814709 0 52
2816184 0 51
2826259 0 104
2827754 0 104
2829290 0 104
2830805 0 104
2832341 0 104
2833734 0 104
2835229 0 104
2836703 0 104
2838157 0 104
2839571 0 104
2840963 0 105
2842499 0 105
2843974 0 105
2845448 0 105
2846923 0 105
2848336 0 106
2849790 0 104
2851326 0 105
2852882 0 105
2854357 0 105
2855872 0 105
2857306 0 106
2858801 0 104
2860214 0 105
2861627 0 105
2863184 0 105
2864699 0 106
2866255 0 104
2867669 0 105
2869082 0 105
2870556 0 105
2872010 0 105
2873485 0 106
2874980 0 104
2876454 0 105
2877970 0 105
2879362 0 105
2880776 0 105
2882250 0 105
2883663 0 106
2885220 0 104
2886694 0 105
2888251 0 106
2889787 0 104
2891261 0 105
2892695 0 105
2894251 0 106
2895808 0 104
2897241 0 105
2898654 0 105
2900088 0 105
2901501 0 105
2903057 0 106
2904532 0 104
2906047 0 105
2907542 0 105
2908956 0 105
2910389 0 106
2911905 0 104
2913338 0 105
2914792 0 105
2916287 0 105
2917700 0 105
2919154 0 105
2920670 0 105
2922103 0 105
2923537 0 106
2925053 0 104
2926609 0 105
2928084 0 105
2929579 0 105
2931053 0 105
2932610 0 105
2934125 0 106
2935559 0 104
2936992 0 105
2938446 0 106
2939962 0 104
2941457 0 105
2942849 0 106
2944406 0 104
2945921 0 105
2947416 0 105
2948952 0 105
2950447 0 105
2951983 0 105
2953376 0 105
2954871 0 106
2956386 0 104
2957820 0 105
2959233 0 105
2960667 0 105
2962203 0 105
2963718 0 105
2965152 0 105
2966647 0 106
2968101 0 104
2969555 0 105
2971111 0 105
2972524 0 105
2973999 0 106
2975514 0 104
2977050 0 105
2978566 0 106
2980020 0 104
2981413 0 105
2982826 0 105
2984341 0 105
2985877 0 105
2987311 0 106
2988744 0 104
2990239 0 105
2991734 0 106
2993270 0 104
2994786 0 105
2996199 0 105
2997673 0 105
2999107 0 105
3000582 0 105
3002077 0 106
3003510 0 104
3004903 0 105
3006377 0 105
3007872 0 105
3009429 0 105
3010842 0 106
3012255 0 104
3013688 0 105
3015204 0 105
3016597 0 105
3018010 0 105
3019402 0 105
3020959 0 105
3022474 0 106
3024031 0 104
3025587 0 105
3027041 0 106
3028495 0 104
3030011 0 105
3031547 0 105
3033001 0 105
3034434 0 105
3035950 0 105
3037404 0 105
3038817 0 106
3040251 0 104
3041807 0 105
3043220 0 105
3044715 0 105
3046128 0 105
3047562 0 105
3049077 0 106
3050552 0 104
3052088 0 105
3053542 0 106
3055037 0 104
3056470 0 105
3057884 0 105
3059379 0 105
3060894 0 105
3062410 0 105
3063925 0 105
3065482 0 106
3066956 0 104
3068472 0 105
3070008 0 106
3071462 0 104
3072998 0 105
3074513 0 105
3075947 0 105
3077339 0 105
3078834 0 105
3080329 0 106
3081742 0 104
3083196 0 105
3084753 0 105
3086248 0 105
3087681 0 106
3089115 0 104
3090672 0 105
3092085 0 105
3093539 0 105
3095034 0 105
3096570 0 105
3097983 0 105
3099416 0 106
3100891 0 104
3102283 0 105
3103799 0 105
3105212 0 106
3106646 0 104
3108059 0 105
3109615 0 106
3111049 0 104
3112585 0 105
3114039 0 105
3115575 0 105
3117008 0 105
3118483 0 106
3119896 0 104
3121370 0 105
3122886 0 106
3124340 0 104
3125897 0 105
3127310 0 105
3128702 0 106
3130136 0 104
3131590 0 105
3132982 0 105
3134396 0 105
3135829 0 105
3137365 0 106
3138778 0 104
3140171 0 105
3141584 0 105
3143099 0 106
3144553 0 104
3146069 0 105
3147503 0 105
3149018 0 105
3150431 0 106
3151885 0 104
3153319 0 105
3154752 0 106
3156309 0 104
3157865 0 105
3159360 0 105
3160896 0 105
3162432 0 105
3163845 0 105
3165299 0 106
3166815 0 104
3168330 0 105
3169764 0 105
3171259 0 105
3172713 0 105
3174188 0 105
3175662 0 105
3177157 0 105
3178570 0 106
3179983 0 104
3181519 0 105
3183014 0 105
3184468 0 105
3186004 0 105
3187438 0 106
3188994 0 104
3190407 0 105
3191882 0 105
3193438 0 106
3194851 0 104
3196285 0 105
3197821 0 105
3199296 0 106
3200709 0 104
3202163 0 105
3203658 0 106
3205091 0 104
3206607 0 105
3208102 0 106
3209515 0 104
3210989 0 105
3212546 0 105
3213959 0 105
3215474 0 106
3217031 0 104
3218485 0 105
3220000 0 106
3221516 0 104
3222970 0 105
3224445 0 105
3225940 0 106
3227496 0 104
3228971 0 105
3230404 0 106
3231899 0 104
3233394 0 105
3234910 0 105
3236405 0 105
3237900 0 105
3239292 0 106
3240849 0 104
3242241 0 105
3243777 0 105
3245190 0 105
3246747 0 105
3248140 0 105
3249532 0 106
3250945 0 104
3252461 0 105
3253997 0 105
3255430 0 105
3256823 0 105
3258318 0 105
3259772 0 105
3261206 0 105
3262660 0 106
3264093 0 104
3265506 0 105
3267022 0 105
3268496 0 105
3269909 0 105
3271405 0 105
3272961 0 105
3274435 0 106
3275930 0 104
3277466 0 105
3278859 0 106
3280293 0 104
3281747 0 105
3283283 0 106
3284757 0 104
3286170 0 105
3287727 0 105
3289140 0 105
3290635 0 105
3292048 0 105
3293441 0 106
3294854 0 104
3296246 0 105
3297700 0 105
3299154 0 105
3300711 0 105
3302124 0 105
3303639 0 105
3305073 0 106
3306507 0 104
3307940 0 105
3309435 0 105
3310869 0 105
3312405 0 105
3313859 0 105
3315395 0 105
3316931 0 106
3318344 0 104
3319818 0 105
3321334 0 105
3322767 0 105
3324262 0 105
3325696 0 106
3327252 0 104
3328645 0 105
3330201 0 106
3331758 0 104
3333273 0 105
3334768 0 106
3336305 0 104
3337799 0 105
3339274 0 105
3340687 0 105
3342141 0 106
3343677 0 104
3345090 0 105
3346626 0 106
3348142 0 104
3349698 0 105
3351255 0 106
3352709 0 104
3354142 0 105
3355596 0 106
3357030 0 104
3358443 0 105
3359856 0 106
3361290 0 104
3362846 0 105
3364321 0 105
3365734 0 105
3367188 0 105
3368621 0 105
3370157 0 105
3371632 0 105
3373147 0 106
3374622 0 104
3376096 0 105
3377571 0 106
3379045 0 104
3380479 0 105
3381995 0 106
3383551 0 104
3385005 0 105
3386418 0 105
3387934 0 106
3389388 0 104
3390821 0 105
3392275 0 105
3393709 0 106
3395245 0 104
3396801 0 105
3398235 0 106
3399709 0 104
3401184 0 105
3402720 0 105
3404235 0 106
3405730 0 104
3407205 0 105
3408659 0 105
3410093 0 105
3411588 0 105
3413083 0 106
3414496 0 104
3415929 0 105
3417486 0 106
3418899 0 104
3420455 0 105
3421868 0 106
3423384 0 104
3424899 0 105
3426374 0 106
3427910 0 104
3429405 0 105
3430941 0 105
3432354 0 105
3433828 0 105
3435323 0 106
3436819 0 104
3438232 0 105
3439747 0 105
3441160 0 105
3442655 0 105
3444212 0 106
3445768 0 104
3447243 0 105
3448676 0 105
3450069 0 105
3451625 0 105
3453038 0 106
3454492 0 104
3456028 0 105
3457564 0 105
3459039 0 105
3460493 0 105
3461988 0 105
3463422 0 106
3464937 0 104
3466350 0 105
3467866 0 106
3469320 0 104
3470794 0 105
3472187 0 105
3473682 0 105
3475075 0 105
3476570 0 106
3478065 0 104
3479498 0 105
3480932 0 106
3482345 0 104
3483881 0 105
3485376 0 105
3486891 0 105
3488407 0 105
3489922 0 105
3491376 0 106
3492892 0 104
3494325 0 105
3495841 0 106
3497336 0 104
3498831 0 105
3500244 0 106
3501739 0 104
3503214 0 105
3504668 0 105
3506183 0 105
3507596 0 105
3509091 0 106
3510525 0 104
3511917 0 105
3513412 0 105
3514907 0 105
3516443 0 106
3517877 0 104
3519331 0 105
3520765 0 106
3522219 0 104
3523693 0 105
3525168 0 105
3526683 0 105
3528199 0 105
3529612 0 106
3531148 0 104
3532602 0 105
3534076 0 105
3535592 0 106
3537046 0 104
3538480 0 105
3539954 0 105
3541347 0 106
3542780 0 104
3544275 0 105
3545709 0 105
3547163 0 105
3548576 0 105
3550030 0 105
3551464 0 106
3552877 0 104
3554351 0 105
3555887 0 105
3557423 0 105
3558980 0 105
3560495 0 105
3561990 0 105
3563506 0 105
3565042 0 106
3566455 0 104
3567909 0 105
3569363 0 105
3570776 0 105
3572291 0 105
3573827 0 106
3575302 0 104
3576817 0 105
3578231 0 106
3579767 0 104
3581200 0 105
3582695 0 105
3584170 0 105
3585624 0 105
3587160 0 106
3588614 0 104
3590170 0 105
3591686 0 105
3593201 0 105
3594635 0 106
3596089 0 104
3597563 0 105
3598997 0 105
3600430 0 105
3601966 0 105
3603461 0 106
3604936 0 104
3606390 0 105
3607946 0 105
3609360 0 105
3610834 0 105
3612391 0 105
3613865 0 106
3615299 0 104
3616732 0 105
3618166 0 106
3619579 0 104
3620972 0 105
3622528 0 105
3623962 0 105
3625354 0 105
3626747 0 105
3628160 0 105
3629655 0 106
3631170 0 104
3632686 0 105
3634140 0 106
3635635 0 104
3637110 0 105
3638666 0 106
3640079 0 104
3641574 0 105
3643090 0 106
3644503 0 104
3645957 0 105
3647390 0 105
3648906 0 106
3650421 0 104
3651875 0 105
3653350 0 106
3654906 0 104
3656442 0 105
3657999 0 106
3659535 0 104
3661009 0 105
3662443 0 106
3663917 0 104
3665330 0 105
3666805 0 105
3668218 0 105
3669754 0 105
3671311 0 105
3672724 0 106
3674219 0 104
3675734 0 105
3677147 0 105
3678601 0 105
3680014 0 105
3681550 0 105
3682984 0 105
3684499 0 105
3686015 0 106
3687448 0 104
3688984 0 105
3690398 0 106
3691954 0 104
3693408 0 105
3694821 0 105
3696234 0 106
3697770 0 104
3699183 0 105
3700740 0 106
3702214 0 104
3703730 0 105
3705245 0 105
3706699 0 105
3708256 0 106
3709710 0 104
3711246 0 105
3712761 0 106
3714277 0 104
3715813 0 105
3717226 0 105
3718680 0 105
3720216 0 106
3721649 0 104
3723083 0 105
3724640 0 105
