54842 0 7
56358 0 4
57750 0 1
59163 0 6
60617 0 6
62031 0 4
63485 0 11
64898 0 3
66311 0 8
67744 0 11
69239 0 18
70775 0 23
72332 0 22
73765 0 23
75322 0 26
76776 0 3
78271 0 21
79807 0 17
81240 0 36
82694 0 4
84190 0 22
85644 0 14
87159 0 18
88716 0 29
90231 0 3
91644 0 13
93057 0 18
94471 0 13
96027 0 35
97419 0 8
98955 0 23
100471 0 34
101966 0 6
103461 0 21
105017 0 17
106471 0 14
107925 0 14
109318 0 19
110834 0 27
112349 0 2
113865 0 13
115298 0 35
116814 0 4
118247 0 15
119804 0 17
121360 0 20
122896 0 13
124432 0 36
125886 0 2
127381 0 24
128815 0 21
130351 0 27
131825 0 10
133279 0 15
134692 0 17
136146 0 26
137682 0 10
139198 0 18
140652 0 23
142085 0 22
143642 0 19
145096 0 26
146468 0 11
147984 0 24
149458 0 13
150953 0 20
152387 0 16
153779 0 36
155274 0 9
156708 0 21
158264 0 36
159821 0 8
161254 0 16
162770 0 17
164285 0 24
165739 0 36
167316 0 7
168832 0 22
170409 0 30
171883 0 7
173317 0 14
174771 0 27
176266 0 8
177781 0 18
179297 0 14
180751 0 24
182267 0 34
183782 0 6
185236 0 22
186690 0 25
188206 0 9
189742 0 24
191278 0 29
192711 0 9
194124 0 20
195681 0 33
197196 0 2
198691 0 24
200186 0 21
201640 0 16
203135 0 27
204630 0 8
206146 0 20
207620 0 36
209136 0 2
210528 0 18
212064 0 14
213559 0 16
214973 0 15
216468 0 19
217881 0 25
219355 0 1
220789 0 22
222325 0 34
223799 0 6
225233 0 20
226810 0 24
228346 0 16
229861 0 19
231356 0 31
232872 0 10
234408 0 15
235821 0 35
237275 0 9
238790 0 13
240244 0 20
241719 0 19
243152 0 19
244566 0 24
245958 0 19
247474 0 18
248907 0 28
250423 0 1
251877 0 21
253392 0 16
254826 0 23
256341 0 24
257836 0 29
259372 0 8
260949 0 14
262424 0 18
263960 0 33
265516 0 2
266970 0 20
268404 0 14
269919 0 36
271435 0 8
272889 0 13
274343 0 16
275777 0 29
277292 0 4
278705 0 16
280098 0 15
281552 0 20
283129 0 20
284706 0 14
286180 0 27
287573 0 4
289027 0 21
290563 0 23
292119 0 17
293614 0 15
295150 0 23
296625 0 36
298058 0 7
299492 0 15
300905 0 17
302339 0 16
303813 0 21
305247 0 30
306680 0 3
308175 0 15
309711 0 29
311186 0 12
312579 0 23
314114 0 32
315609 0 8
317084 0 20
318538 0 34
320033 0 8
321590 0 21
323166 0 27
324559 0 9
326095 0 20
327611 0 18
329106 0 18
330662 0 28
332177 0 11
333713 0 20
335270 0 13
336744 0 19
338321 0 19
339837 0 33
341291 0 9
342827 0 18
344301 0 18
345715 0 16
347107 0 20
348602 0 22
350056 0 22
351510 0 13
352944 0 32
354418 0 6
355913 0 19
357449 0 19
359006 0 14
360542 0 35
362037 0 2
363450 0 24
364986 0 35
366481 0 1
367955 0 16
369409 0 14
370925 0 13
372420 0 18
373915 0 29
375308 0 5
376823 0 23
378318 0 18
379752 0 20
381308 0 13
382803 0 29
384278 0 9
385814 0 17
387329 0 19
388886 0 23
390299 0 20
391835 0 26
393227 0 7
394681 0 15
396135 0 31
397630 0 3
399064 0 21
400518 0 14
402054 0 26
403508 0 12
404983 0 16
406498 0 21
408034 0 30
409509 0 8
411065 0 18
412478 0 15
413871 0 19
415407 0 20
416984 0 20
418479 0 13
419994 0 30
421510 0 6
423005 0 13
424438 0 24
425892 0 25
427346 0 9
428841 0 22
430336 0 33
431770 0 9
433204 0 21
434678 0 19
436194 0 22
437668 0 17
439143 0 14
440576 0 25
441989 0 3
443402 0 14
444775 0 19
446311 0 20
447806 0 20
449260 0 28
450652 0 12
452147 0 23
453622 0 16
455035 0 21
456489 0 15
457882 0 35
459438 0 2
460933 0 17
462408 0 20
464005 0 19
465480 0 29
466893 0 8
468490 0 23
469883 0 16
471398 0 29
472934 0 2
474388 0 16
475801 0 22
477214 0 18
478627 0 21
480061 0 36
481617 0 9
483051 0 23
484505 0 22
485939 0 19
487434 0 20
488888 0 22
490383 0 15
491857 0 30
493229 0 10
494806 0 17
496301 0 28
497735 0 2
499271 0 22
500684 0 24
502240 0 16
503715 0 17
505190 0 33
506725 0 10
508159 0 21
509593 0 20
511108 0 18
512665 0 17
514180 0 20
515634 0 22
517068 0 13
518481 0 33
519976 0 1
521471 0 15
522945 0 21
524440 0 17
525976 0 23
527451 0 15
528905 0 36
530420 0 4
531895 0 17
533308 0 18
534803 0 15
536196 0 15
537650 0 22
539145 0 20
540742 0 36
542299 0 12
543814 0 14
545248 0 18
546661 0 29
548094 0 8
549589 0 14
550982 0 31
552457 0 2
553890 0 24
555406 0 29
556901 0 2
558416 0 21
559973 0 21
561550 0 29
563024 0 4
564458 0 21
565932 0 27
567489 0 8
568943 0 16
570335 0 15
571851 0 23
573284 0 13
574677 0 20
576233 0 26
577626 0 8
579060 0 20
580555 0 17
581968 0 30
583340 0 10
584896 0 19
586309 0 26
587825 0 6
589320 0 23
590754 0 35
592269 0 1
593682 0 22
595116 0 22
596693 0 14
598147 0 24
599601 0 19
601034 0 30
602509 0 9
604045 0 18
605519 0 16
606912 0 24
608325 0 32
609820 0 5
611336 0 21
612872 0 31
614448 0 2
615984 0 24
617459 0 15
618954 0 17
620347 0 23
621760 0 33
623214 0 12
624668 0 21
626142 0 32
627576 0 9
629009 0 16
630525 0 23
632081 0 13
633556 0 18
635030 0 13
636566 0 25
638082 0 1
639495 0 22
641072 0 13
642546 0 35
643960 0 2
645434 0 14
646909 0 24
648363 0 21
649878 0 17
651353 0 20
652786 0 31
654240 0 10
655674 0 20
657128 0 18
658644 0 30
660118 0 7
661552 0 22
663108 0 17
664644 0 27
666180 0 7
667614 0 18
669109 0 36
670563 0 11
671996 0 14
673512 0 24
674925 0 32
676440 0 7
677976 0 23
679430 0 22
680884 0 21
682420 0 19
683956 0 33
685513 0 10
687008 0 16
688503 0 24
690039 0 18
691452 0 17
692845 0 13
694360 0 28
695794 0 3
697248 0 16
698722 0 18
700176 0 30
701671 0 2
703166 0 21
704641 0 13
706054 0 24
707528 0 21
709064 0 13
710580 0 23
712095 0 34
713570 0 1
715065 0 18
716498 0 25
718055 0 4
719468 0 22
720902 0 24
722397 0 31
723974 0 11
725489 0 18
727025 0 27
728438 0 9
729913 0 20
731469 0 14
732923 0 33
734480 0 4
736016 0 21
737490 0 30
738985 0 9
740439 0 17
741934 0 18
743368 0 18
744904 0 26
746358 0 3
747750 0 13
749266 0 25
750740 0 2
752154 0 14
753546 0 14
755000 0 13
756413 0 15
757847 0 21
759424 0 21
760878 0 28
762352 0 5
763786 0 17
765281 0 33
766735 0 4
768169 0 13
769705 0 30
771138 0 4
772551 0 19
774046 0 16
775439 0 28
776934 0 4
778429 0 22
779903 0 19
781460 0 20
782934 0 20
784429 0 17
785884 0 13
787276 0 23
788833 0 30
790246 0 7
791741 0 18
793215 0 19
794772 0 23
796185 0 15
797639 0 15
799195 0 23
800608 0 35
802103 0 10
803660 0 15
805073 0 17
806568 0 23
808002 0 15
809538 0 27
810992 0 10
812528 0 21
814023 0 21
815518 0 16
817013 0 18
818487 0 18
820023 0 28
821498 0 3
822931 0 19
824365 0 22
825798 0 16
827314 0 21
828870 0 27
830304 0 2
831697 0 17
833110 0 16
834605 0 29
836018 0 10
837595 0 14
838987 0 34
840400 0 1
841957 0 22
843390 0 19
844947 0 16
846401 0 21
847834 0 18
849268 0 16
850784 0 14
852299 0 28
853855 0 7
855432 0 15
856927 0 15
858484 0 20
860061 0 18
861617 0 19
863071 0 32
864566 0 8
866102 0 22
867659 0 33
869174 0 12
870628 0 20
872226 0 18
873741 0 19
875175 0 19
876588 0 23
878062 0 24
879537 0 27
880930 0 12
882343 0 24
883858 0 14
885312 0 33
886848 0 10
888343 0 21
889900 0 32
891415 0 8
892951 0 16
894344 0 23
895798 0 35
897272 0 3
898706 0 18
900160 0 24
901553 0 22
903089 0 17
904522 0 28
906058 0 6
907594 0 23
909007 0 14
910543 0 14
911915 0 24
913369 0 19
914844 0 36
916339 0 11
917875 0 15
919267 0 20
920844 0 20
922278 0 18
923773 0 24
925268 0 26
926763 0 6
928299 0 18
929753 0 35
931187 0 2
932579 0 18
934013 0 20
935590 0 13
936982 0 15
938436 0 21
939993 0 16
941447 0 28
942942 0 8
944416 0 22
945973 0 22
947468 0 18
948983 0 34
950478 0 5
951953 0 18
953427 0 15
954963 0 23
956520 0 18
992297 0 101
993690 0 101
995165 0 101
996578 0 101
998093 0 101
999506 0 101
1000940 0 101
1002435 0 101
1003971 0 101
1005425 0 101
1006920 0 102
1008456 0 102
1009930 0 102
1011405 0 102
1012839 0 102
1014252 0 102
1015644 0 102
1017160 0 103
1018675 0 101
1020088 0 102
1021624 0 102
1023058 0 102
1024594 0 102
1026027 0 103
1027584 0 101
1029017 0 102
1030431 0 103
1031885 0 101
1033421 0 102
1034916 0 102
1036370 0 102
1037783 0 102
1039298 0 103
1040732 0 101
1042247 0 102
1043660 0 102
1045176 0 102
1046712 0 102
1048125 0 103
1049599 0 101
1051115 0 102
1052549 0 102
1054044 0 102
1055518 0 103
1056931 0 101
1058344 0 102
1059860 0 102
1061375 0 102
1062809 0 102
1064345 0 102
1065737 0 102
1067191 0 102
1068666 0 103
1070100 0 101
1071615 0 102
1073090 0 103
1074544 0 101
1075998 0 102
1077472 0 102
1078947 0 102
1080462 0 103
1082019 0 101
1083534 0 102
1084947 0 102
1086483 0 102
1087876 0 102
1089391 0 102
1090805 0 102
1092320 0 102
1093815 0 103
1095249 0 101
1096682 0 102
1098136 0 103
1099693 0 101
1101188 0 102
1102703 0 103
1104116 0 101
1105570 0 102
1106963 0 102
1108397 0 102
1109830 0 102
1111325 0 102
1112738 0 102
1114274 0 103
1115749 0 101
1117264 0 102
1118698 0 102
1120111 0 102
1121565 0 102
1122958 0 102
1124432 0 102
1125886 0 103
1127361 0 101
1128876 0 102
1130412 0 103
1131887 0 101
1133341 0 102
1134815 0 103
1136351 0 101
1137764 0 102
1139239 0 102
1140775 0 103
1142311 0 101
1143847 0 102
1145321 0 102
1146755 0 103
1148291 0 101
1149765 0 102
1151219 0 102
1152612 0 102
1154087 0 103
1155623 0 101
1157118 0 102
1158531 0 103
1160067 0 101
1161562 0 102
1163057 0 102
1164552 0 103
1166088 0 101
1167521 0 102
1168996 0 102
1170491 0 102
1172027 0 103
1173481 0 101
1174976 0 102
1176512 0 102
1178027 0 103
1179543 0 101
1180956 0 102
1182369 0 102
1183762 0 102
1185257 0 102
1186711 0 102
1188165 0 103
1189701 0 101
1191134 0 102
1192588 0 102
1194063 0 102
1195496 0 102
1196910 0 102
1198384 0 103
1199859 0 101
1201354 0 102
1202808 0 102
1204303 0 102
1205839 0 102
1207375 0 103
1208890 0 101
1210406 0 102
1211798 0 103
1213334 0 101
1214809 0 102
1216201 0 102
1217614 0 103
1219089 0 101
1220502 0 102
1221895 0 102
1223349 0 102
1224885 0 102
1226400 0 103
1227936 0 101
1229329 0 102
1230844 0 103
1232257 0 101
1233691 0 102
1235084 0 103
1236579 0 101
1238033 0 102
1239507 0 103
1241002 0 101
1242415 0 102
1243951 0 102
1245364 0 102
1246757 0 102
1248293 0 103
1249747 0 101
1251263 0 102
1252655 0 102
1254130 0 103
1255645 0 101
1257079 0 102
1258471 0 102
1259925 0 102
1261461 0 102
1262956 0 102
1264431 0 103
1265946 0 101
1267380 0 102
1268834 0 102
1270247 0 102
1271783 0 102
1273340 0 102
1274794 0 102
1276268 0 102
1277681 0 103
1279176 0 101
1280692 0 102
1282228 0 102
1283764 0 102
1285156 0 102
1286611 0 103
1288167 0 101
1289641 0 102
1291075 0 102
1292509 0 102
1293922 0 103
1295355 0 101
1296891 0 102
1298304 0 103
1299717 0 101
1301110 0 102
1302503 0 102
1303977 0 102
1305411 0 102
1306947 0 102
1308339 0 102
1309875 0 103
1311309 0 101
1312701 0 102
1314115 0 103
1315569 0 101
1317064 0 102
1318579 0 103
1320033 0 101
1321528 0 102
1323044 0 103
1324580 0 101
1326013 0 102
1327508 0 103
1328942 0 101
1330437 0 102
1331870 0 103
1333325 0 101
1334860 0 102
1336417 0 102
1337912 0 102
1339305 0 102
1340759 0 103
1342172 0 101
1343708 0 102
1345244 0 102
1346636 0 103
1348111 0 101
1349565 0 102
1351039 0 102
1352473 0 102
1353907 0 103
1355381 0 101
1356856 0 102
1358330 0 102
1359764 0 102
1361218 0 102
1362713 0 102
1364187 0 103
1365662 0 101
1367198 0 102
1368590 0 102
1370044 0 102
1371478 0 102
1372871 0 102
1374304 0 102
1375717 0 103
1377212 0 101
1378687 0 102
1380223 0 102
1381718 0 102
1383274 0 103
1384728 0 101
1386162 0 102
1387555 0 102
1388988 0 102
1390463 0 102
1391937 0 103
1393412 0 101
1394845 0 102
1396320 0 102
1397733 0 102
1399207 0 102
1400641 0 103
1402136 0 101
1403631 0 102
1405188 0 102
1406662 0 102
1408198 0 102
1409611 0 103
1411127 0 101
1412622 0 102
1414096 0 102
1415489 0 103
1416943 0 101
1418356 0 102
1419749 0 102
1421162 0 102
1422595 0 102
1424131 0 102
1425647 0 103
1427121 0 101
1428637 0 102
1430152 0 103
1431565 0 101
1433081 0 102
1434535 0 102
1436030 0 102
1437464 0 102
1438958 0 102
1440474 0 103
1441887 0 101
1443403 0 102
1444795 0 102
1446331 0 102
1447744 0 102
1449157 0 102
1450570 0 102
1452065 0 103
1453601 0 101
1454994 0 102
1456407 0 102
1457841 0 102
1459295 0 102
1460790 0 102
1462223 0 103
1463759 0 101
1465295 0 102
1466790 0 103
1468306 0 101
1469760 0 102
1471255 0 102
1472729 0 102
1474204 0 103
1475638 0 101
1477173 0 102
1478587 0 103
1480123 0 101
1481597 0 102
1483072 0 102
1484608 0 102
1486103 0 103
1487639 0 101
1489134 0 102
1490649 0 103
1492103 0 101
1493578 0 102
1495032 0 103
1496445 0 101
1498001 0 102
1499558 0 102
1500991 0 103
1502404 0 101
1503797 0 102
1505272 0 102
1506726 0 102
1508221 0 102
1509654 0 102
1511170 0 102
1512644 0 103
1514057 0 101
1515450 0 102
1516965 0 102
1518501 0 103
1519915 0 101
1521389 0 102
1522905 0 102
1524318 0 102
1525751 0 102
1527267 0 103
1528803 0 101
1530318 0 102
1531834 0 102
1533288 0 102
1534680 0 102
1536114 0 102
1537507 0 103
1538940 0 101
1540435 0 102
1541889 0 103
1543446 0 101
1544879 0 102
1546374 0 103
1547808 0 101
1549262 0 102
1550777 0 103
1552313 0 101
1553829 0 102
1555262 0 102
1556778 0 103
1558211 0 101
1559686 0 102
1561140 0 102
1562553 0 103
1564110 0 101
1565502 0 102
1567059 0 103
1568472 0 101
1569926 0 102
1571339 0 103
1572793 0 101
1574288 0 102
1575722 0 103
1577176 0 101
1578589 0 102
1579981 0 103
1581497 0 101
1582910 0 102
1584303 0 103
1585818 0 101
1587211 0 102
1588767 0 102
1590201 0 102
1591696 0 103
1593170 0 101
1594604 0 102
1596140 0 103
1597696 0 101
1599150 0 102
1600666 0 102
1602181 0 102
1603635 0 102
1605048 0 103
1606605 0 101
1608120 0 102
1609656 0 102
1611069 0 102
1612503 0 102
1613978 0 102
1615411 0 102
1616845 0 103
1618258 0 101
1619691 0 102
1621125 0 103
1622620 0 101
1624156 0 102
1625692 0 103
1627166 0 101
1628661 0 102
1630054 0 102
1631590 0 102
1632983 0 102
1634396 0 103
1635870 0 101
1637263 0 102
1638655 0 102
1640048 0 103
1641543 0 101
1643079 0 102
1644533 0 102
1646049 0 102
1647564 0 102
1649039 0 102
1650513 0 103
1651967 0 101
1653380 0 102
1654814 0 103
1656391 0 101
1657927 0 102
1659319 0 102
1660774 0 102
1662187 0 102
1663579 0 103
1665033 0 101
1666508 0 102
1668023 0 102
1669559 0 102
1671013 0 102
1672406 0 103
1673840 0 101
1675273 0 102
1676666 0 102
1678099 0 102
1679574 0 102
1680966 0 102
1682441 0 103
1683936 0 101
1685370 0 102
1686844 0 102
1688237 0 102
1689670 0 102
1691104 0 102
1692578 0 103
1694073 0 101
1695507 0 102
1696982 0 102
1698395 0 103
1699890 0 101
1701426 0 102
1702921 0 102
1704375 0 102
1705849 0 103
1707426 0 101
1708839 0 102
1710355 0 102
1711829 0 102
1713365 0 102
1714819 0 103
1716376 0 101
1717912 0 102
1719325 0 102
1720717 0 103
1722212 0 101
1723666 0 102
1725059 0 102
1726493 0 102
1727988 0 103
1729524 0 101
1731039 0 102
1732534 0 102
1733947 0 102
1735422 0 102
1736814 0 103
1738330 0 101
1739723 0 102
1741136 0 102
1742651 0 103
1744064 0 101
1745580 0 102
1747075 0 102
1748467 0 102
1749880 0 102
1751334 0 102
1752789 0 102
1754202 0 102
1755635 0 103
1757171 0 101
1758666 0 102
1760120 0 103
1761677 0 101
1763131 0 102
1764564 0 102
1766018 0 102
1767452 0 103
1768865 0 101
1770258 0 102
1771691 0 103
1773166 0 101
1774681 0 102
1776094 0 102
1777528 0 102
1778941 0 102
1780354 0 102
1781808 0 103
1783283 0 101
1784675 0 102
1786129 0 103
1787624 0 101
1789017 0 102
1790512 0 102
1791966 0 102
1793359 0 102
1794772 0 102
1796164 0 102
1797700 0 103
1799257 0 101
1800711 0 102
1802247 0 102
1803660 0 102
1805094 0 103
1806589 0 101
1808104 0 102
1809620 0 102
1811115 0 102
1812610 0 103
1814064 0 101
1815538 0 102
1817074 0 102
1818549 0 102
1819982 0 103
1821477 0 101
1822911 0 102
1824385 0 103
1825880 0 101
1827314 0 102
1828768 0 103
1830325 0 101
1831860 0 102
1833335 0 102
1834769 0 102
1836264 0 102
1837677 0 102
1839131 0 103
1840687 0 101
1842121 0 102
1843616 0 102
1845131 0 102
1846524 0 102
1848060 0 103
1849596 0 101
1851070 0 102
1852606 0 102
1854081 0 102
1855494 0 102
1856989 0 103
1858504 0 101
1859918 0 102
1861351 0 103
1862826 0 101
1864259 0 102
1865775 0 102
1867331 0 103
1868765 0 101
1870198 0 102
1871652 0 102
1873147 0 102
1874601 0 102
1876117 0 102
1877571 0 102
1879005 0 103
1880561 0 101
1882077 0 102
1883551 0 102
1884944 0 102
1886439 0 102
1972672 0 45
1974106 0 43
1975580 0 41
1977055 0 47
1978509 0 43
1979963 0 43
1981478 0 43
1982912 0 44
1984448 0 37
1985882 0 43
1987418 0 59
1988954 0 50
1990428 0 50
1991985 0 51
1993480 0 66
1994975 0 43
1996408 0 55
1997862 0 52
1999419 0 62
2000832 0 48
2002388 0 56
2003883 0 72
2005358 0 46
2006914 0 57
2008348 0 59
2009843 0 58
2011338 0 50
2012792 0 51
2014348 0 69
2015884 0 41
2017297 0 51
2018813 0 68
2020226 0 42
2021639 0 50
2023155 0 60
2024691 0 50
2026124 0 54
2027640 0 72
2029053 0 41
2030527 0 54
2032063 0 62
2033476 0 37
2035012 0 49
2036425 0 52
2037900 0 50
2039374 0 71
2040808 0 44
2042344 0 58
2043839 0 53
2045293 0 55
2046809 0 58
2048304 0 72
2049696 0 40
2051150 0 59
2052707 0 54
2054140 0 62
2055656 0 40
2057151 0 55
2058646 0 65
2060079 0 45
2061533 0 60
2062967 0 59
2064503 0 52
2065957 0 50
2067432 0 72
2068906 0 39
2070422 0 50
2071978 0 49
2073534 0 53
2075091 0 52
2076565 0 55
2078060 0 52
2079555 0 50
2080989 0 70
2082443 0 45
2083938 0 51
2085351 0 54
2086867 0 55
2088362 0 71
2089816 0 46
2091331 0 55
2092744 0 58
2094280 0 58
2095837 0 57
2097291 0 51
2098827 0 49
2100281 0 69
2101837 0 37
2103394 0 53
2104930 0 52
2106343 0 54
2107797 0 55
2109353 0 59
2110828 0 62
2112323 0 41
2113859 0 51
2115354 0 50
2116869 0 60
2118426 0 60
2119839 0 60
2121395 0 60
2122829 0 61
2124283 0 38
2125696 0 57
2127273 0 56
2128789 0 65
2130243 0 39
2131697 0 58
2133274 0 53
2134810 0 56
2136243 0 68
2137656 0 39
2139151 0 58
2140687 0 57
2142244 0 51
2143698 0 60
2145111 0 50
2146503 0 59
2147957 0 67
2149493 0 38
2150927 0 58
2152422 0 49
2153958 0 56
2155433 0 60
2156928 0 51
2158443 0 57
2159959 0 64
2161433 0 41
2162990 0 58
2164546 0 66
2165959 0 39
2167475 0 58
2168908 0 60
2170465 0 70
2171980 0 48
2173393 0 53
2174950 0 51
2176465 0 57
2177899 0 54
2179332 0 57
2180848 0 53
2182261 0 71
2183797 0 43
2185312 0 59
2186766 0 57
2188220 0 65
2189675 0 38
2191170 0 54
2192726 0 49
2194241 0 52
2195737 0 60
2197170 0 50
2198686 0 67
2200242 0 44
2201676 0 57
2203130 0 52
2204543 0 56
2206038 0 68
2207553 0 40
2209048 0 59
2210564 0 67
2212059 0 37
2213513 0 59
2214967 0 61
2216482 0 46
2217957 0 58
2219390 0 59
2220824 0 59
2222278 0 60
2223794 0 52
2225227 0 55
2226681 0 65
2228217 0 37
2229651 0 50
2231166 0 64
2232661 0 41
2234115 0 52
2235590 0 53
2237126 0 65
2238641 0 43
2240136 0 56
2241570 0 59
2243085 0 55
2244499 0 57
2246075 0 70
2247591 0 38
2249045 0 54
2250499 0 50
2252015 0 55
2253469 0 62
2254984 0 39
2256438 0 58
2257872 0 54
2259408 0 64
2260944 0 48
2262418 0 56
2263913 0 61
2265347 0 37
2266780 0 50
2268193 0 66
2269709 0 47
2271122 0 60
2272576 0 65
2274051 0 43
2275546 0 56
2277000 0 67
2278474 0 39
2279887 0 58
2281362 0 56
2282816 0 50
2284311 0 49
2285785 0 54
2287199 0 54
2288612 0 59
2290107 0 70
2291499 0 48
2292912 0 54
2294407 0 63
2295923 0 40
2297459 0 60
2298872 0 66
2300367 0 43
2301862 0 56
2303296 0 53
2304832 0 57
2306286 0 50
2307719 0 51
2309153 0 63
2310627 0 40
2312081 0 55
2313617 0 65
2315153 0 39
2316587 0 51
2318123 0 61
2319597 0 42
2320990 0 53
2322444 0 51
2323837 0 54
2325270 0 53
2326806 0 55
2328240 0 57
2329755 0 67
2331291 0 46
2332868 0 52
2334384 0 51
2335940 0 58
2337374 0 52
2338848 0 64
2340261 0 37
2341818 0 60
2343374 0 52
2344910 0 53
2346426 0 63
2347859 0 38
2349416 0 55
2350829 0 53
2352242 0 51
2353778 0 56
2355314 0 49
2356850 0 58
2358325 0 69
2359840 0 39
2361294 0 54
2362768 0 70
2364284 0 42
2365758 0 60
2367294 0 65
2368851 0 46
2370428 0 60
2371821 0 65
2373336 0 38
2374872 0 59
2376326 0 62
2377821 0 40
2379296 0 58
2380770 0 53
2382306 0 49
2383842 0 61
2385398 0 42
2386812 0 56
2388225 0 55
2389638 0 54
2391133 0 58
2392628 0 68
2394061 0 45
2395474 0 53
2396929 0 72
2398383 0 47
2399898 0 58
2401475 0 54
2402929 0 71
2404486 0 45
2406062 0 60
2407598 0 64
2409093 0 38
2410609 0 49
2412145 0 53
2413578 0 49
2415114 0 51
2416671 0 57
2418104 0 49
2419518 0 53
2420972 0 67
2422426 0 46
2423839 0 50
2425272 0 51
2426685 0 56
2428160 0 71
2429594 0 45
2431007 0 49
2432522 0 59
2434017 0 54
2435574 0 54
2437007 0 63
2438523 0 41
2440059 0 58
2441492 0 54
2442905 0 64
2444339 0 43
2445895 0 52
2447349 0 58
2448844 0 58
2450401 0 50
2451916 0 52
2453473 0 62
2455029 0 41
2456504 0 50
2457937 0 69
2459371 0 42
2460825 0 50
2462320 0 50
2463754 0 53
2465228 0 60
2466641 0 52
2468116 0 65
2469549 0 43
2471085 0 55
2472560 0 66
2474055 0 45
2475488 0 52
2476922 0 60
2478478 0 58
2479994 0 70
2481346 0 42
2482779 0 58
2484336 0 66
2485790 0 42
2487203 0 52
2488718 0 54
2490131 0 51
2491626 0 49
2493162 0 52
2494657 0 71
2496152 0 37
2497668 0 60
2499122 0 57
2500596 0 50
2502153 0 70
2503546 0 48
2505020 0 59
2506536 0 54
2508051 0 72
2509587 0 42
2511082 0 60
2512536 0 63
2513949 0 47
2515383 0 57
2516816 0 67
2518291 0 37
2519745 0 59
2521281 0 58
2522817 0 65
2524271 0 47
2525766 0 58
2527343 0 59
2528756 0 49
2530169 0 49
2531644 0 65
2533057 0 39
2534613 0 52
2536108 0 54
2537624 0 51
2539037 0 54
2540573 0 53
2542047 0 71
2543563 0 44
2544996 0 57
2546471 0 49
2547986 0 53
2549420 0 67
2550935 0 37
2552389 0 54
2553884 0 59
2555420 0 55
2556875 0 70
2558288 0 37
2559680 0 54
2561093 0 70
2562486 0 39
2564042 0 50
2565578 0 69
2567114 0 44
2568568 0 59
2570063 0 66
2571558 0 46
2573094 0 55
2574671 0 49
2576187 0 58
2577661 0 67
2579218 0 44
2580651 0 51
2582064 0 57
2583580 0 57
2585055 0 52
2586611 0 63
2588065 0 48
2589478 0 56
2590953 0 71
2592386 0 45
2593922 0 54
2595335 0 52
2596789 0 66
2598325 0 47
2599779 0 58
2601315 0 64
2602769 0 47
2604203 0 60
2605759 0 56
2607254 0 52
2608729 0 53
2610204 0 49
2611678 0 57
2613255 0 68
2614811 0 37
2616327 0 51
2617843 0 54
2619358 0 60
2620894 0 51
2622307 0 55
2623802 0 72
2625297 0 42
2626751 0 55
2628328 0 62
2629741 0 39
2631154 0 57
2632711 0 54
2634144 0 52
2635619 0 53
2637175 0 61
2638650 0 38
2640186 0 52
2641599 0 69
2643032 0 41
2644507 0 49
2646063 0 56
2647538 0 68
2649074 0 42
2650507 0 59
2651982 0 53
2653518 0 51
2655074 0 61
2656549 0 48
2658064 0 52
2659580 0 64
2661095 0 45
2662672 0 59
2664229 0 60
2665683 0 51
2667198 0 60
2668693 0 58
2670127 0 59
2671663 0 50
2673097 0 70
2674612 0 41
2676168 0 57
2677582 0 50
2679077 0 49
2680551 0 54
2682046 0 71
2683541 0 46
2685036 0 52
2686449 0 60
2688006 0 50
2689439 0 59
2690914 0 65
2692470 0 43
2694006 0 59
2695481 0 51
2697037 0 50
2698594 0 63
2700130 0 41
2701666 0 54
2703058 0 50
2704553 0 55
2706130 0 52
2707584 0 50
2709038 0 63
2710615 0 39
2712151 0 53
2713585 0 50
2715039 0 64
2716472 0 41
2717865 0 52
2719401 0 66
2720855 0 44
2722309 0 58
2723886 0 66
2725361 0 43
2726876 0 56
2728371 0 51
2729764 0 55
2731177 0 58
2732590 0 51
2734105 0 61
2735539 0 40
2737075 0 55
2738590 0 54
2740085 0 55
2741539 0 69
2743096 0 44
2744509 0 54
2745963 0 59
2747499 0 53
2748933 0 57
2750387 0 64
2751861 0 42
2753397 0 60
2754913 0 54
2756346 0 53
2757759 0 55
2759213 0 65
2760667 0 46
2762224 0 54
2763760 0 60
2765316 0 51
2766750 0 50
2768224 0 67
2769760 0 39
2771235 0 51
2772709 0 70
2774123 0 48
2775597 0 59
2777072 0 55
2778587 0 49
2780103 0 52
2781598 0 53
2783072 0 58
2784506 0 68
2786021 0 38
2787557 0 51
2788991 0 56
2790506 0 70
2791960 0 46
2793435 0 58
2794930 0 54
2796466 0 57
2797981 0 57
2799435 0 54
2800930 0 68
2802405 0 40
2803941 0 58
2805477 0 57
2806951 0 50
2808385 0 53
2809839 0 52
2811375 0 68
2812788 0 41
2814365 0 53
2815881 0 50
2817294 0 55
2818748 0 60
2820284 0 56
2821820 0 53
2823294 0 66
2824769 0 45
2826325 0 55
2827861 0 55
2829377 0 50
2830851 0 58
2832387 0 56
2833862 0 64
2835377 0 47
2836831 0 58
2838388 0 54
2839903 0 65
2841419 0 41
2842934 0 54
2844409 0 62
2845924 0 39
2847399 0 60
2848853 0 58
2850430 0 67
2851863 0 41
2853297 0 55
2854771 0 64
2856205 0 40
2857720 0 54
2859175 0 49
2860629 0 53
2862185 0 54
2863701 0 65
2865155 0 45
2866650 0 50
2868165 0 52
2869701 0 58
2871237 0 56
2872732 0 57
2874166 0 71
2875620 0 45
2877197 0 60
2905551 0 104
2907005 0 104
2908439 0 104
2909893 0 104
2911326 0 104
2912862 0 104
2914255 0 104
2915689 0 104
2917143 0 104
2918658 0 104
2920174 0 105
2921566 0 105
2923082 0 105
2924495 0 105
2925969 0 106
2927444 0 104
2928836 0 105
2930331 0 105
2931867 0 106
2933403 0 104
2934878 0 105
2936434 0 105
2937888 0 105
2939383 0 105
2940940 0 105
2942353 0 106
2943828 0 104
2945384 0 105
2946920 0 105
2948333 0 105
2949746 0 106
2951159 0 104
2952572 0 105
2954067 0 106
2955583 0 104
2956996 0 105
2958470 0 105
2959884 0 105
2961276 0 105
2962812 0 105
2964328 0 106
2965741 0 104
2967154 0 105
2968690 0 106
2970123 0 104
2971516 0 105
2973011 0 105
2974526 0 105
2975981 0 105
2977476 0 105
2978909 0 105
2980425 0 106
2981858 0 104
2983271 0 105
2984787 0 105
2986282 0 105
2987797 0 105
2989251 0 105
2990787 0 106
2992303 0 104
2993778 0 105
2995231 0 105
2996726 0 105
2998262 0 105
2999757 0 105
3001293 0 105
3002788 0 106
3004283 0 104
3005819 0 105
3007273 0 105
3008707 0 105
3010223 0 105
3011636 0 105
3013028 0 106
3014523 0 104
3015977 0 105
3017452 0 105
3018865 0 105
3020299 0 105
3021814 0 106
3023329 0 104
3024824 0 105
3026381 0 106
3027794 0 104
3029330 0 105
3030846 0 106
3032300 0 104
3033754 0 105
3035310 0 105
3036785 0 106
3038259 0 104
3039734 0 105
3041208 0 105
3042601 0 105
3044137 0 105
3045611 0 106
3047127 0 104
3048540 0 105
3050055 0 105
3051591 0 106
3053005 0 104
3054499 0 105
3055995 0 106
3057510 0 104
3059046 0 105
3060439 0 106
3061852 0 104
3063244 0 105
3064760 0 106
3066275 0 104
3067811 0 105
3069347 0 106
3070863 0 104
3072337 0 105
3073873 0 105
3075286 0 105
3076699 0 105
3078235 0 105
3079669 0 105
3081205 0 106
3082761 0 104
3084215 0 105
3085670 0 105
3087083 0 105
3088496 0 105
3090032 0 106
3091506 0 104
3092981 0 105
3094517 0 105
3095950 0 105
3097363 0 106
3098858 0 104
3100251 0 105
3101807 0 105
3103241 0 105
3104777 0 105
3106190 0 106
3107603 0 104
3109160 0 105
3110675 0 105
3112211 0 105
3113665 0 105
3115078 0 106
3116553 0 104
3118007 0 105
3119399 0 105
3120874 0 105
3122390 0 105
3123823 0 105
3125339 0 106
3126875 0 104
3128349 0 105
3129803 0 105
3131216 0 106
3132691 0 104
3134247 0 105
3135640 0 105
3137073 0 105
3138527 0 105
3139920 0 105
3141313 0 105
3142726 0 106
3144262 0 104
3145736 0 105
3147272 0 105
3148726 0 105
3150242 0 106
3151737 0 104
3153150 0 105
3154604 0 105
3156140 0 105
3157635 0 105
3159171 0 105
3160666 0 106
3162079 0 104
3163492 0 105
3164885 0 105
3166400 0 105
3167936 0 105
3169493 0 105
3171049 0 106
3172503 0 104
3174039 0 105
3175575 0 106
3177132 0 104
3178668 0 105
3180163 0 105
3181719 0 106
3183214 0 104
3184627 0 105
3186081 0 105
3187556 0 106
3189030 0 104
3190464 0 105
3191979 0 106
3193515 0 104
3194908 0 105
3196423 0 105
3197877 0 106
3199372 0 104
3200806 0 105
3202363 0 105
3203878 0 106
3205332 0 104
3206868 0 105
3208322 0 105
3209715 0 105
3211128 0 106
3212602 0 104
3214097 0 105
3215531 0 106
3217046 0 104
3218500 0 105
3219914 0 106
3221388 0 104
3222863 0 105
3224378 0 105
3225935 0 105
3227450 0 105
3228986 0 105
3230379 0 106
3231812 0 104
3233369 0 105
3234843 0 106
3236277 0 104
3237751 0 105
3239185 0 105
3240639 0 105
3242195 0 105
3243649 0 105
3245206 0 105
3246701 0 106
3248135 0 104
3249568 0 105
3251043 0 106
3252558 0 104
3253992 0 105
3255466 0 105
3256961 0 105
3258354 0 105
3259787 0 106
3261221 0 104
3262655 0 105
3264068 0 105
3265583 0 105
3267099 0 105
3268512 0 106
3270048 0 104
3271481 0 105
3272874 0 105
3274430 0 105
3275843 0 106
3277236 0 104
3278690 0 105
3280144 0 105
3281680 0 106
3283175 0 104
3284609 0 105
3286022 0 105
3287558 0 105
3289032 0 105
3290507 0 105
3291940 0 105
3293333 0 105
3294849 0 106
3296344 0 104
3297818 0 105
3299231 0 105
3300685 0 106
3302242 0 104
3303655 0 105
3305088 0 105
3306563 0 105
3308017 0 105
3309471 0 106
3310905 0 104
3312379 0 105
3313833 0 106
3315246 0 104
3316700 0 105
3318113 0 106
3319588 0 104
3321042 0 105
3322496 0 105
3324053 0 105
3325568 0 105
3327084 0 105
3328579 0 106
3329992 0 104
3331446 0 105
3332879 0 105
3334333 0 106
3335849 0 104
3337262 0 105
3338696 0 105
3340170 0 105
3341706 0 105
3343242 0 105
3344696 0 105
3346150 0 106
3347584 0 104
3349079 0 105
3350512 0 105
3352048 0 105
3353584 0 105
3354977 0 105
3356431 0 105
3357864 0 106
3359359 0 104
3360854 0 105
3362370 0 106
3363804 0 104
3365217 0 105
3366671 0 105
3368207 0 105
3369702 0 105
3371238 0 105
3372630 0 105
3374064 0 106
3375538 0 104
3377033 0 105
3378569 0 105
3380105 0 105
3381641 0 105
3383116 0 105
3384570 0 105
3386126 0 106
3387580 0 104
3389034 0 105
3390529 0 106
3392065 0 104
3393540 0 105
3394994 0 105
3396530 0 106
3398046 0 104
3399581 0 105
3401077 0 105
3402469 0 105
3404005 0 105
3405500 0 106
3406954 0 104
3408347 0 105
3409780 0 105
3411337 0 105
3412811 0 106
3414286 0 104
3415760 0 105
3417194 0 105
3418668 0 105
3420061 0 105
3421474 0 105
3422969 0 105
3424423 0 106
3425857 0 104
3427331 0 105
3428744 0 106
3430260 0 104
3431694 0 105
3433086 0 106
3434540 0 104
3435953 0 105
3437366 0 105
3438882 0 105
3440295 0 105
3441810 0 105
3443326 0 105
3444801 0 106
3446336 0 104
3447893 0 105
3449347 0 105
3450863 0 105
3452398 0 106
3453853 0 104
3455286 0 105
3456679 0 106
3458133 0 104
3459669 0 105
3461143 0 105
3462700 0 106
3464236 0 104
3465690 0 105
3467164 0 106
3468680 0 104
3470154 0 105
3471588 0 105
3473083 0 105
3474476 0 105
3476032 0 105
3477568 0 105
3479083 0 106
3480558 0 104
3481992 0 105
3483425 0 105
3484961 0 106
3486497 0 104
3487951 0 105
3489405 0 106
3490921 0 104
3492395 0 105
3493911 0 106
3495406 0 104
3496798 0 105
3498252 0 105
3499706 0 105
3501160 0 105
3502615 0 105
3504151 0 105
3505625 0 106
3507018 0 104
3508472 0 105
3509885 0 105
3511400 0 105
3512793 0 105
3514227 0 105
3515660 0 105
3517053 0 106
3518507 0 104
3519981 0 105
3521476 0 105
3522951 0 105
3524487 0 106
3525900 0 104
3527374 0 105
3528808 0 105
3530262 0 106
3531778 0 104
3533252 0 105
3534747 0 105
3536140 0 105
3537614 0 105
3539048 0 105
3540461 0 105
3541915 0 105
3543430 0 106
3544987 0 104
3546523 0 105
3547916 0 106
3549451 0 104
3550967 0 105
3552442 0 105
3553977 0 105
3555493 0 106
3557049 0 104
3558544 0 105
3560080 0 105
3561576 0 105
3563111 0 106
3564586 0 104
3565979 0 105
3567474 0 106
3569030 0 104
3570505 0 105
3572000 0 105
3573433 0 105
3574826 0 105
3576218 0 105
3577672 0 105
3579147 0 106
3580622 0 104
3582117 0 105
3583612 0 106
3585025 0 104
3586520 0 105
3588035 0 105
3589489 0 105
3590882 0 105
3592418 0 105
3593831 0 106
3595265 0 104
3596759 0 105
3598193 0 105
3599729 0 105
3601163 0 105
3602719 0 106
3604214 0 104
3605607 0 105
3607163 0 105
3608679 0 106
3610153 0 104
3611587 0 105
3613020 0 106
3614495 0 104
3615969 0 105
3617505 0 105
3619041 0 105
3620577 0 105
3622031 0 106
3623506 0 104
3624939 0 105
3626394 0 105
3627848 0 106
3629343 0 104
3630899 0 105
3632333 0 105
3633848 0 106
3635241 0 104
3636777 0 105
3638333 0 106
3639767 0 104
3641221 0 105
3642696 0 106
3644108 0 104
3645501 0 105
3647037 0 105
3648532 0 106
3649945 0 104
3651440 0 105
3652853 0 105
3654266 0 105
3655782 0 106
3657277 0 104
3658710 0 105
3660124 0 105
3661619 0 106
3663175 0 104
3664609 0 105
3666124 0 105
3667578 0 105
3668991 0 105
3670486 0 105
3672022 0 106
3673579 0 104
3674992 0 105
3676466 0 106
3677982 0 104
3679538 0 105
3680951 0 106
3682487 0 104
3683921 0 105
3685436 0 105
3686911 0 105
3688447 0 106
3689962 0 104
3691437 0 105
3692870 0 105
3694386 0 105
3695922 0 105
3697417 0 105
3698891 0 105
3700325 0 106
3701800 0 104
3703295 0 105
3704749 0 105
3706203 0 106
3707616 0 104
3709049 0 105
3710606 0 106
3712142 0 104
3713575 0 105
3714968 0 105
3716443 0 106
3717958 0 104
3719351 0 105
3720907 0 105
3722361 0 106
3723815 0 104
3725310 0 105
3726703 0 105
3728259 0 105
3729754 0 105
3731229 0 105
3732683 0 106
3734198 0 104
3735632 0 105
3737086 0 105
3738520 0 105
3740015 0 106
3741428 0 104
3742882 0 105
3744274 0 105
3745769 0 105
3747203 0 106
3748657 0 104
3750172 0 105
3751667 0 106
3753060 0 104
3754617 0 105
3756153 0 105
3757607 0 105
3759040 0 106
3760515 0 104
3761928 0 105
3763361 0 105
3764774 0 106
3766310 0 104
3767785 0 105
3769239 0 105
3770673 0 106
3772106 0 104
3773581 0 105
3775055 0 105
3776509 0 105
3777902 0 106
3779397 0 104
3780871 0 105
3782346 0 105
3783821 0 105
3785377 0 105
3786831 0 105
3788326 0 106
3789842 0 104
3791337 0 105
3792770 0 106
3794163 0 104
3795617 0 105
3797071 0 105
3798566 0 105
3800081 0 106
3801617 0 104
3803133 0 105
