17538 0 7
19094 0 5
20507 0 8
21941 0 9
23497 0 12
24890 0 5
26405 0 1
27900 0 12
29354 0 10
30808 0 12
32221 0 23
33757 0 24
35273 0 18
36706 0 23
38263 0 21
39737 0 24
41253 0 15
42707 0 26
44161 0 8
45697 0 14
47090 0 14
48523 0 23
50080 0 20
51595 0 15
53090 0 13
54626 0 36
56183 0 8
57637 0 20
59132 0 34
60565 0 1
62060 0 16
63432 0 16
64927 0 21
66402 0 14
67794 0 17
69310 0 35
70805 0 6
72361 0 14
73897 0 23
75310 0 24
76826 0 18
78341 0 16
79857 0 28
81311 0 11
82827 0 22
84322 0 15
85796 0 22
87353 0 25
88766 0 7
90281 0 22
91797 0 34
93312 0 7
94766 0 20
96323 0 16
97818 0 13
99231 0 23
100685 0 33
102200 0 5
103736 0 16
105129 0 34
106562 0 9
108037 0 14
109511 0 22
110925 0 22
112461 0 30
113935 0 9
115471 0 16
116884 0 13
118359 0 13
119854 0 16
121349 0 23
122885 0 23
124318 0 35
125772 0 2
127206 0 13
128721 0 21
130237 0 15
131773 0 20
133247 0 25
134742 0 4
136196 0 20
137691 0 16
139166 0 23
140702 0 26
142176 0 11
143631 0 18
145064 0 26
146498 0 10
147972 0 23
149406 0 24
150860 0 22
152314 0 21
153850 0 33
155386 0 9
156840 0 21
158253 0 20
159809 0 20
161264 0 20
162820 0 25
164233 0 9
165810 0 16
167346 0 24
168759 0 32
170193 0 3
171729 0 15
173183 0 21
174739 0 21
176316 0 13
177750 0 22
179265 0 18
180781 0 26
182173 0 9
183648 0 23
185061 0 17
186474 0 17
187887 0 19
189403 0 18
190816 0 19
192393 0 28
193806 0 10
195342 0 23
196878 0 19
198352 0 14
199868 0 17
201260 0 15
202694 0 18
204127 0 13
205663 0 26
207179 0 12
208572 0 15
210005 0 14
211521 0 36
213036 0 9
214490 0 13
215965 0 15
217480 0 18
218914 0 19
220347 0 22
221781 0 22
223276 0 33
224832 0 9
226327 0 21
227822 0 23
229215 0 20
230751 0 21
232307 0 36
233782 0 10
235297 0 22
236854 0 20
238410 0 19
239926 0 13
241318 0 18
242854 0 23
244288 0 35
245783 0 5
247278 0 14
248732 0 18
250166 0 24
251620 0 18
253094 0 32
254528 0 1
256043 0 20
257538 0 34
259013 0 8
260590 0 13
261982 0 17
263498 0 24
264931 0 18
266345 0 35
267799 0 12
269273 0 18
270727 0 18
272161 0 16
273574 0 19
275130 0 16
276523 0 36
278018 0 4
279452 0 19
280906 0 17
282360 0 27
283875 0 7
285350 0 16
286824 0 26
288217 0 12
289650 0 16
291125 0 22
292681 0 14
294217 0 31
295774 0 12
297207 0 19
298764 0 35
300300 0 9
301733 0 23
303249 0 19
304682 0 17
306177 0 31
307754 0 9
309208 0 13
310703 0 24
312157 0 20
313693 0 21
315107 0 20
316663 0 32
318117 0 6
319653 0 14
321128 0 29
322541 0 9
324077 0 20
325633 0 17
327067 0 23
328500 0 27
329975 0 4
331388 0 20
332842 0 29
334357 0 3
335771 0 20
337327 0 16
338740 0 35
340174 0 10
341730 0 18
343246 0 20
344822 0 17
346318 0 22
347894 0 22
349369 0 28
350782 0 9
352359 0 15
353875 0 17
355308 0 18
356721 0 20
358298 0 15
359834 0 15
361370 0 16
362845 0 33
364278 0 4
365691 0 18
367104 0 16
368497 0 13
369931 0 23
371467 0 18
372941 0 15
374436 0 25
375931 0 5
377324 0 19
378798 0 17
380314 0 21
381850 0 14
383263 0 24
384799 0 23
386232 0 26
387748 0 6
389222 0 17
390635 0 21
392090 0 24
393605 0 20
395202 0 34
396697 0 9
398151 0 23
399687 0 26
401142 0 7
402698 0 18
404111 0 31
405627 0 3
407040 0 16
408473 0 18
410030 0 35
411525 0 9
413061 0 15
414515 0 28
415989 0 7
417423 0 20
418918 0 15
420351 0 26
421805 0 4
423239 0 16
424652 0 23
426065 0 34
427560 0 6
428973 0 21
430468 0 31
431922 0 10
433417 0 20
434994 0 18
436551 0 27
438107 0 12
439541 0 14
441036 0 26
442510 0 8
444087 0 20
445603 0 13
447036 0 14
448572 0 14
450088 0 14
451480 0 31
453037 0 11
454593 0 21
456109 0 18
457665 0 27
459201 0 2
460635 0 23
462089 0 32
463522 0 1
465038 0 18
466513 0 18
468069 0 24
469544 0 27
471079 0 5
472493 0 17
474029 0 36
475524 0 7
477039 0 19
478473 0 34
479906 0 11
481422 0 21
482876 0 31
484309 0 10
485866 0 15
487381 0 20
488958 0 13
490371 0 16
491846 0 16
493259 0 32
494733 0 3
496228 0 17
497683 0 14
499157 0 22
500734 0 20
502311 0 33
503765 0 12
505301 0 17
506735 0 30
508230 0 10
509704 0 22
511261 0 33
512674 0 4
514169 0 17
515664 0 31
517179 0 8
518756 0 22
520313 0 33
521787 0 5
523241 0 22
524736 0 13
526129 0 13
527685 0 21
529180 0 25
530675 0 8
532232 0 17
533686 0 16
535078 0 30
536491 0 2
537925 0 22
539420 0 30
540833 0 3
542328 0 22
543844 0 18
545421 0 25
546875 0 8
548411 0 13
549824 0 21
551298 0 29
552793 0 2
554288 0 16
555763 0 21
557258 0 19
558835 0 22
560268 0 19
561702 0 27
563197 0 8
564733 0 21
566166 0 15
567641 0 15
569095 0 33
570611 0 6
572126 0 19
573642 0 30
575014 0 6
576529 0 20
577983 0 21
579540 0 17
580994 0 14
582468 0 21
583922 0 19
585499 0 26
586994 0 11
588489 0 16
589882 0 24
591397 0 34
592769 0 3
594326 0 19
595882 0 22
597377 0 32
598852 0 8
600367 0 18
601842 0 23
603276 0 17
604771 0 34
606307 0 12
607802 0 15
609276 0 34
610648 0 2
612123 0 19
613577 0 17
614969 0 23
616526 0 32
617918 0 2
619332 0 14
620765 0 15
622158 0 23
623653 0 18
625189 0 26
626561 0 9
628076 0 24
629510 0 26
630964 0 3
632439 0 21
633954 0 28
635347 0 2
636821 0 21
638357 0 17
639893 0 32
641368 0 5
642822 0 17
644255 0 21
645730 0 16
647225 0 20
648740 0 17
650276 0 27
651751 0 7
653246 0 20
654761 0 17
656318 0 15
657772 0 16
659144 0 29
660619 0 2
662011 0 15
663486 0 22
665063 0 20
666599 0 27
668053 0 8
669568 0 18
671002 0 24
672456 0 21
674012 0 13
675425 0 25
676859 0 11
678333 0 14
679726 0 16
681221 0 14
682593 0 16
684068 0 23
685501 0 25
686976 0 5
688491 0 16
689884 0 19
691399 0 17
692792 0 26
694267 0 8
695782 0 13
697298 0 18
698731 0 32
700165 0 10
701598 0 24
703155 0 36
704670 0 1
706063 0 21
707558 0 14
709012 0 31
710527 0 11
712043 0 17
713456 0 21
714992 0 18
716426 0 17
717818 0 26
719190 0 8
720706 0 14
722180 0 17
723696 0 19
725232 0 23
726645 0 33
728181 0 3
729573 0 18
731130 0 13
732625 0 21
734140 0 19
735697 0 18
737151 0 13
738585 0 22
740161 0 34
741575 0 7
743070 0 22
744565 0 28
746121 0 2
747555 0 21
749070 0 30
750442 0 6
751937 0 13
753473 0 14
754968 0 33
756504 0 11
758040 0 19
759576 0 20
761051 0 26
762546 0 3
763938 0 16
765474 0 31
767010 0 12
768505 0 23
769918 0 20
771454 0 17
772949 0 28
774424 0 1
775960 0 24
777434 0 29
778929 0 10
780363 0 24
781838 0 15
783312 0 17
784807 0 32
786343 0 2
787838 0 18
789313 0 13
790808 0 14
792344 0 17
793798 0 28
795252 0 2
796706 0 17
798098 0 20
799552 0 21
801109 0 31
802542 0 9
804119 0 15
805614 0 22
807130 0 18
808563 0 20
810161 0 27
811635 0 4
813110 0 24
814625 0 29
816039 0 6
817452 0 21
818947 0 36
820401 0 8
821937 0 20
823514 0 17
824968 0 17
826422 0 21
827958 0 21
829494 0 23
830948 0 26
832381 0 6
833876 0 20
835310 0 14
836743 0 14
838136 0 24
839570 0 34
841024 0 8
842601 0 18
844096 0 16
845529 0 31
846983 0 9
848499 0 21
849953 0 20
851427 0 13
852820 0 16
854274 0 15
855687 0 14
857080 0 34
858575 0 1
860090 0 16
861483 0 16
862916 0 14
864289 0 19
865743 0 20
867258 0 24
868651 0 26
870043 0 11
871538 0 15
873054 0 35
874569 0 5
876105 0 13
877539 0 18
879116 0 23
880631 0 24
882126 0 20
883662 0 23
885137 0 29
886570 0 2
888024 0 22
889458 0 35
890933 0 11
892469 0 19
893943 0 33
895377 0 1
896810 0 21
898367 0 19
899862 0 23
901357 0 36
902852 0 12
904244 0 22
905801 0 21
907275 0 20
908852 0 20
910450 0 17
911842 0 35
913337 0 6
914832 0 22
916409 0 36
917904 0 12
919420 0 16
957489 0 101
959024 0 101
960479 0 101
961974 0 101
963489 0 101
964984 0 101
966397 0 101
967831 0 101
969244 0 101
970677 0 101
972193 0 102
973688 0 102
975203 0 102
976719 0 102
978111 0 102
979525 0 102
980917 0 102
982392 0 103
983887 0 101
985361 0 102
986877 0 103
988331 0 101
989744 0 102
991239 0 103
992795 0 101
994229 0 102
995765 0 103
997239 0 101
998796 0 102
1000332 0 102
1001868 0 102
1003404 0 102
1004919 0 103
1006414 0 101
1007889 0 102
1009404 0 103
1010920 0 101
1012394 0 102
1013910 0 102
1015446 0 102
1016859 0 102
1018272 0 103
1019829 0 101
1021242 0 102
1022757 0 103
1024314 0 101
1025829 0 102
1027263 0 102
1028655 0 102
1030048 0 102
1031543 0 102
1032976 0 102
1034492 0 102
1035926 0 103
1037441 0 101
1038834 0 102
1040247 0 103
1041660 0 101
1043155 0 102
1044691 0 103
1046165 0 101
1047640 0 102
1049094 0 102
1050548 0 103
1052043 0 101
1053497 0 102
1054992 0 102
1056508 0 102
1057962 0 102
1059395 0 102
1060931 0 103
1062488 0 101
1063880 0 102
1065416 0 102
1066829 0 102
1068222 0 103
1069717 0 101
1071110 0 102
1072523 0 102
1073915 0 102
1075410 0 102
1076926 0 102
1078441 0 102
1079957 0 102
1081390 0 103
1082865 0 101
1084380 0 102
1085855 0 102
1087309 0 102
1088763 0 102
1090278 0 103
1091733 0 101
1093228 0 102
1094702 0 102
1096218 0 103
1097774 0 101
1099187 0 102
1100621 0 102
1102095 0 102
1103488 0 103
1104901 0 101
1106335 0 102
1107809 0 103
1109304 0 101
1110779 0 102
1112233 0 103
1113707 0 101
1115161 0 102
1116718 0 102
1118254 0 103
1119728 0 101
1121182 0 102
1122636 0 102
1124111 0 102
1125565 0 103
1126978 0 101
1128371 0 102
1129907 0 102
1131361 0 102
1132897 0 102
1134412 0 103
1135907 0 101
1137320 0 102
1138713 0 102
1140146 0 103
1141601 0 101
1143075 0 102
1144509 0 103
1146004 0 101
1147499 0 102
1149014 0 103
1150468 0 101
1151861 0 102
1153335 0 103
1154748 0 101
1156162 0 102
1157575 0 102
1159049 0 102
1160544 0 102
1162080 0 102
1163596 0 103
1165050 0 101
1166606 0 102
1168019 0 102
1169514 0 103
1171071 0 101
1172463 0 102
1173938 0 102
1175330 0 102
1176744 0 103
1178239 0 101
1179734 0 102
1181167 0 103
1182662 0 101
1184055 0 102
1185570 0 102
1187106 0 102
1188560 0 102
1189953 0 102
1191468 0 102
1192922 0 103
1194417 0 101
1195872 0 102
1197264 0 102
1198780 0 102
1200193 0 103
1201626 0 101
1203039 0 102
1204514 0 103
1205968 0 101
1207402 0 102
1208897 0 102
1210371 0 102
1211825 0 103
1213361 0 101
1214815 0 102
1216228 0 103
1217785 0 101
1219280 0 102
1220754 0 102
1222290 0 102
1223806 0 102
1225301 0 103
1226775 0 101
1228188 0 102
1229663 0 102
1231158 0 102
1232571 0 102
1233984 0 102
1235397 0 103
1236872 0 101
1238387 0 102
1239800 0 102
1241234 0 102
1242668 0 102
1244163 0 102
1245698 0 103
1247214 0 101
1248668 0 102
1250224 0 103
1251679 0 101
1253194 0 102
1254689 0 102
1256205 0 103
1257659 0 101
1259154 0 102
1260608 0 102
1262082 0 102
1263495 0 103
1264929 0 101
1266424 0 102
1267898 0 103
1269312 0 101
1270807 0 102
1272220 0 102
1273653 0 102
1275169 0 102
1276643 0 102
1278056 0 103
1279551 0 101
1281067 0 102
1282603 0 103
1284118 0 101
1285593 0 102
1287088 0 102
1288480 0 102
1290016 0 102
1291532 0 102
1293006 0 103
1294563 0 101
1296017 0 102
1297410 0 103
1298864 0 101
1300256 0 102
1301690 0 102
1303226 0 102
1304618 0 102
1306093 0 103
1307547 0 101
1308960 0 102
1310373 0 103
1311909 0 101
1313425 0 102
1314838 0 103
1316251 0 101
1317705 0 102
1319179 0 102
1320715 0 102
1322210 0 103
1323685 0 101
1325160 0 102
1326614 0 102
1328068 0 102
1329624 0 103
1331099 0 101
1332553 0 102
1333966 0 102
1335420 0 102
1336874 0 102
1338389 0 103
1339802 0 101
1341236 0 102
1342670 0 102
1344062 0 102
1345516 0 102
1346929 0 102
1348445 0 103
1349899 0 101
1351435 0 102
1352827 0 103
1354363 0 101
1355818 0 102
1357231 0 103
1358726 0 101
1360221 0 102
1361695 0 102
1363149 0 102
1364665 0 102
1366180 0 103
1367696 0 101
1369088 0 102
1370542 0 103
1372078 0 101
1373491 0 102
1374986 0 102
1376461 0 102
1377874 0 103
1379410 0 101
1380844 0 102
1382298 0 102
1383731 0 102
1385267 0 102
1386742 0 102
1388134 0 102
1389650 0 103
1391227 0 101
1392763 0 102
1394176 0 102
1395609 0 102
1397023 0 102
1398559 0 102
1400074 0 103
1401630 0 101
1403166 0 102
1404621 0 102
1406095 0 102
1407611 0 103
1409065 0 101
1410539 0 102
1411952 0 103
1413488 0 101
1414901 0 102
1416314 0 103
1417789 0 101
1419263 0 102
1420697 0 103
1422172 0 101
1423687 0 102
1425162 0 102
1426698 0 102
1428090 0 102
1429565 0 103
1430978 0 101
1432452 0 102
1433886 0 102
1435320 0 102
1436712 0 102
1438125 0 102
1439518 0 103
1440951 0 101
1442467 0 102
1443900 0 102
1445334 0 102
1446727 0 102
1448160 0 102
1449696 0 103
1451130 0 101
1452604 0 102
1454140 0 102
1455656 0 102
1457110 0 102
1458543 0 102
1459957 0 102
1461411 0 103
1462885 0 101
1464401 0 102
1465875 0 103
1467288 0 101
1468701 0 102
1470135 0 102
1471671 0 102
1473166 0 102
1474579 0 102
1476115 0 102
1477589 0 103
1479064 0 101
1480457 0 102
1481911 0 102
1483344 0 102
1484839 0 102
1486314 0 102
1487768 0 102
1489283 0 102
1490696 0 103
1492253 0 101
1493707 0 102
1495141 0 103
1496554 0 101
1498028 0 102
1499503 0 102
1501018 0 102
1502431 0 102
1503967 0 102
1505483 0 102
1506998 0 103
1508555 0 101
1510029 0 102
1511545 0 102
1513040 0 102
1514453 0 102
1516009 0 103
1517443 0 101
1518897 0 102
1520310 0 102
1521826 0 102
1523259 0 102
1524652 0 103
1526126 0 101
1527560 0 102
1529014 0 102
1530427 0 103
1531881 0 101
1533356 0 102
1534789 0 103
1536202 0 101
1537677 0 102
1539151 0 102
1540626 0 102
1542100 0 103
1543534 0 101
1545070 0 102
1546606 0 102
1547998 0 103
1549534 0 101
1550927 0 102
1552361 0 102
1553815 0 102
1555248 0 102
1556661 0 103
1558218 0 101
1559672 0 102
1561146 0 103
1562580 0 101
1563993 0 102
1565488 0 103
1566983 0 101
1568376 0 102
1569809 0 102
1571304 0 102
1572820 0 102
1574335 0 103
1575748 0 101
1577161 0 102
1578677 0 102
1580172 0 102
1581647 0 102
1583142 0 102
1584534 0 102
1585947 0 103
1587422 0 101
1588814 0 102
1590350 0 103
1591866 0 101
1593279 0 102
1594713 0 102
1596249 0 102
1597682 0 102
1599218 0 102
1600754 0 103
1602229 0 101
1603683 0 102
1605075 0 102
1606570 0 102
1608024 0 102
1609499 0 102
1610994 0 103
1612407 0 101
1613943 0 102
1615356 0 102
1616769 0 102
1618285 0 102
1619718 0 102
1621131 0 103
1622626 0 101
1624183 0 102
1625739 0 102
1627173 0 102
1628606 0 102
1630060 0 103
1631474 0 101
1632887 0 102
1634402 0 102
1635938 0 102
1637474 0 102
1638867 0 103
1640362 0 101
1641836 0 102
1643270 0 103
1644765 0 101
1646239 0 102
1647755 0 102
1649148 0 102
1650683 0 102
1652097 0 102
1653632 0 102
1655087 0 103
1656561 0 101
1658077 0 102
1659510 0 103
1660923 0 101
1662336 0 102
1663790 0 102
1665285 0 102
1666821 0 102
1668214 0 102
1669668 0 103
1671163 0 101
1672719 0 102
1674133 0 102
1675566 0 103
1677143 0 101
1678659 0 102
1680133 0 102
1681567 0 102
1683041 0 102
1684434 0 102
1685990 0 103
1687404 0 101
1688919 0 102
1690312 0 103
1691888 0 101
1693404 0 102
1694797 0 103
1696251 0 101
1697746 0 102
1699138 0 103
1700674 0 101
1702067 0 102
1703480 0 102
1704893 0 102
1706286 0 103
1707842 0 101
1709317 0 102
1710853 0 102
1712368 0 102
1713761 0 102
1715174 0 102
1716628 0 103
1718164 0 101
1719700 0 102
1721092 0 102
1722587 0 102
1724021 0 102
1725537 0 103
1727093 0 101
1728609 0 102
1730063 0 102
1731558 0 102
1732991 0 102
1734507 0 102
1736022 0 102
1737538 0 103
1738971 0 101
1740487 0 102
1741982 0 103
1743415 0 101
1744828 0 102
1746241 0 103
1747695 0 101
1749150 0 102
1750645 0 102
1752037 0 102
1753491 0 102
1755007 0 102
1756440 0 103
1757915 0 101
1759451 0 102
1760966 0 102
1762502 0 102
1763915 0 103
1765369 0 101
1766783 0 102
1768175 0 103
1769629 0 101
1771063 0 102
1772578 0 102
1773991 0 102
1775466 0 102
1776940 0 102
1778435 0 103
1779951 0 101
1781446 0 102
1782839 0 102
1784313 0 102
1785829 0 102
1787303 0 102
1788757 0 102
1790150 0 103
1791686 0 101
1793201 0 102
1794655 0 102
1796191 0 102
1797686 0 102
1799079 0 102
1800492 0 102
1802008 0 102
1803482 0 103
1804936 0 101
1806390 0 102
1807803 0 102
1809257 0 102
1810650 0 103
1812186 0 101
1813660 0 102
1815196 0 103
1816691 0 101
1818186 0 102
1819722 0 102
1821217 0 103
1822733 0 101
1824187 0 102
1825661 0 103
1827095 0 101
1828570 0 102
1830044 0 103
1831478 0 101
1832911 0 102
1834386 0 102
1835799 0 102
1837314 0 103
1838768 0 101
1840304 0 102
1841738 0 102
1843233 0 102
1844687 0 103
1846203 0 101
1847739 0 102
1849213 0 103
1850790 0 101
1852306 0 102
1915893 0 44
1917306 0 48
1918719 0 44
1920234 0 41
1921648 0 48
1923143 0 43
1924597 0 42
1926051 0 46
1927525 0 40
1928938 0 40
1930495 0 58
1931990 0 57
1933567 0 54
1935041 0 60
1936536 0 49
1938011 0 56
1939547 0 69
1941001 0 38
1942557 0 56
1943970 0 55
1945404 0 56
1946960 0 57
1948517 0 57
1949950 0 72
1951343 0 44
1952859 0 57
1954374 0 54
1955849 0 67
1957364 0 44
1958777 0 58
1960252 0 71
1961747 0 39
1963160 0 53
1964655 0 66
1966211 0 37
1967665 0 57
1969201 0 68
1970717 0 41
1972171 0 50
1973645 0 68
1975202 0 38
1976635 0 54
1978069 0 69
1979523 0 48
1981059 0 51
1982513 0 63
1983988 0 42
1985462 0 56
1986875 0 52
1988329 0 49
1989804 0 49
1991278 0 59
1992835 0 69
1994350 0 39
1995907 0 50
1997422 0 51
1998856 0 58
2000371 0 51
2001784 0 65
2003238 0 42
2004672 0 49
2006126 0 57
2007621 0 59
2009178 0 59
2010632 0 54
2012147 0 53
2013683 0 69
2015178 0 38
2016714 0 50
2018127 0 64
2019581 0 39
2021056 0 55
2022530 0 56
2024046 0 54
2025459 0 58
2026892 0 53
2028306 0 57
2029862 0 71
2031275 0 39
2032832 0 60
2034368 0 60
2035781 0 55
2037194 0 59
2038607 0 49
2040020 0 49
2041515 0 66
2043030 0 39
2044464 0 51
2045918 0 54
2047393 0 60
2048826 0 60
2050362 0 50
2051898 0 59
2053373 0 59
2054806 0 67
2056260 0 37
2057735 0 49
2059168 0 69
2060622 0 45
2062076 0 49
2063633 0 66
2065189 0 38
2066664 0 53
2068077 0 49
2069490 0 56
2070903 0 59
2072378 0 63
2073852 0 43
2075429 0 57
2076904 0 53
2078419 0 57
2079914 0 54
2081368 0 57
2082884 0 56
2084399 0 70
2085874 0 42
2087266 0 60
2088659 0 49
2090134 0 58
2091649 0 59
2093124 0 57
2094701 0 65
2096114 0 38
2097629 0 57
2099145 0 51
2100537 0 56
2102094 0 60
2103507 0 50
2105022 0 55
2106435 0 68
2107930 0 48
2109344 0 51
2110818 0 51
2112354 0 54
2113869 0 59
2115303 0 60
2116757 0 67
2118232 0 44
2119706 0 49
2121160 0 56
2122635 0 55
2124089 0 57
2125645 0 69
2127058 0 42
2128533 0 50
2130028 0 66
2131502 0 48
2132977 0 60
2134533 0 52
2135988 0 54
2137401 0 54
2138855 0 63
2140391 0 43
2141906 0 55
2143381 0 50
2144835 0 54
2146391 0 59
2147927 0 54
2149443 0 64
2150917 0 38
2152412 0 54
2153887 0 72
2155361 0 37
2156877 0 53
2158290 0 69
2159867 0 47
2161300 0 51
2162754 0 50
2164311 0 56
2165847 0 66
2167403 0 47
2168837 0 54
2170250 0 53
2171807 0 49
2173240 0 50
2174715 0 70
2176169 0 42
2177582 0 57
2179056 0 61
2180551 0 42
2182067 0 51
2183562 0 51
2185016 0 56
2186531 0 54
2188047 0 54
2189460 0 61
2190914 0 42
2192327 0 52
2193802 0 55
2195338 0 54
2196873 0 52
2198430 0 62
2199843 0 45
2201420 0 54
2202956 0 54
2204410 0 57
2205966 0 49
2207359 0 53
2208895 0 57
2210472 0 67
2211926 0 38
2213380 0 55
2214814 0 56
2216227 0 65
2217660 0 45
2219114 0 56
2220630 0 60
2222125 0 67
2223518 0 39
2225013 0 55
2226548 0 72
2228023 0 37
2229539 0 56
2231074 0 56
2232610 0 49
2234065 0 52
2235519 0 53
2237055 0 66
2238468 0 39
2240004 0 55
2241437 0 57
2242912 0 58
2244448 0 51
2245963 0 51
2247520 0 59
2249076 0 65
2250489 0 39
2252046 0 53
2253479 0 53
2254974 0 60
2256469 0 59
2257903 0 68
2259357 0 39
2260770 0 56
2262306 0 69
2263801 0 47
2265316 0 55
2266771 0 60
2268184 0 65
2269638 0 40
2271174 0 56
2272648 0 49
2274143 0 57
2275659 0 57
2277195 0 60
2278628 0 51
2280062 0 49
2281557 0 63
2283113 0 40
2284547 0 53
2286083 0 59
2287598 0 64
2289073 0 46
2290629 0 54
2292042 0 56
2293476 0 66
2294950 0 43
2296446 0 53
2297961 0 54
2299517 0 59
2301074 0 70
2302446 0 43
2303900 0 57
2305334 0 58
2306788 0 58
2308344 0 71
2309819 0 40
2311334 0 54
2312891 0 60
2314304 0 61
2315778 0 37
2317273 0 50
2318789 0 53
2320325 0 53
2321717 0 57
2323253 0 69
2324728 0 45
2326284 0 51
2327841 0 72
2329356 0 45
2330892 0 53
2332408 0 50
2333841 0 61
2335295 0 44
2336790 0 59
2338204 0 68
2339698 0 47
2341234 0 52
2342791 0 66
2344245 0 43
2345740 0 58
2347317 0 58
2348791 0 61
2350307 0 39
2351863 0 58
2353297 0 63
2354792 0 40
2356287 0 60
2357762 0 52
2359175 0 60
2360649 0 57
2362165 0 50
2363598 0 68
2365052 0 40
2366506 0 55
2368001 0 57
2369558 0 51
2371053 0 53
2372548 0 68
2373940 0 39
2375435 0 56
2376910 0 60
2378385 0 50
2379839 0 59
2381375 0 49
2382808 0 68
2384303 0 39
2385757 0 51
2387191 0 69
2388665 0 38
2390181 0 59
2391717 0 67
2393232 0 37
2394707 0 52
2396263 0 55
2397717 0 59
2399212 0 62
2400666 0 48
2402120 0 60
2403615 0 69
2405090 0 43
2406626 0 54
2408060 0 60
2409555 0 62
2410947 0 45
2412463 0 57
2413999 0 53
2415535 0 71
2416948 0 46
2418525 0 56
2419979 0 56
2421474 0 64
2422989 0 37
2424525 0 58
2426082 0 53
2427536 0 60
2429051 0 62
2430608 0 46
2432082 0 59
2433577 0 66
2435072 0 41
2436629 0 51
2438185 0 58
2439742 0 58
2441298 0 59
2442834 0 70
2444288 0 40
2445844 0 59
2447340 0 69
2448835 0 47
2450370 0 59
2451927 0 59
2453401 0 54
2454876 0 57
2456392 0 55
2457887 0 50
2459443 0 63
2460897 0 47
2462413 0 56
2463948 0 49
2465341 0 59
2466877 0 52
2468311 0 71
2469724 0 43
2471219 0 50
2472652 0 52
2474229 0 60
2475765 0 52
2477199 0 52
2478653 0 67
2480066 0 47
2481520 0 53
2483056 0 55
2484592 0 58
2486128 0 52
2487623 0 52
2489036 0 70
2490408 0 41
2491924 0 53
2493337 0 56
2494770 0 64
2496286 0 42
2497719 0 49
2499112 0 70
2500505 0 40
2502020 0 60
2503495 0 72
2504949 0 48
2506403 0 50
2507918 0 54
2509372 0 50
2510908 0 53
2512403 0 55
2513960 0 70
2515475 0 47
2516909 0 54
2518424 0 52
2519940 0 66
2521373 0 38
2522787 0 52
2524220 0 58
2525777 0 53
2527231 0 57
2528685 0 68
2530118 0 41
2531593 0 53
2533088 0 69
2534624 0 41
2536078 0 55
2537614 0 51
2539047 0 66
2540563 0 44
2542099 0 49
2543553 0 57
2544966 0 49
2546420 0 52
2547956 0 55
2549451 0 60
2550864 0 72
2552298 0 47
2553711 0 56
2555206 0 58
2556721 0 53
2558155 0 55
2559732 0 49
2561145 0 70
2562578 0 38
2563992 0 53
2565487 0 64
2566982 0 44
2568538 0 53
2569951 0 53
2571364 0 68
2572839 0 38
2574231 0 60
2575747 0 64
2577283 0 43
2578737 0 56
2580293 0 59
2581706 0 55
2583263 0 59
2584819 0 70
2586314 0 41
2587789 0 51
2589222 0 70
2590656 0 37
2592131 0 58
2593564 0 63
2595080 0 40
2596595 0 60
2598111 0 67
2599544 0 43
2601060 0 53
2602473 0 61
2603947 0 48
2605401 0 60
2606917 0 50
2608453 0 52
2609989 0 60
2611463 0 51
2612917 0 52
2614474 0 52
2615948 0 71
2617484 0 41
2618918 0 54
2620454 0 67
2621888 0 44
2623362 0 58
2624878 0 55
2626374 0 56
2627910 0 51
2629425 0 72
2630941 0 44
2632415 0 50
2633972 0 52
2635406 0 50
2636920 0 60
2638435 0 64
2639828 0 46
2641303 0 56
2642777 0 61
2644253 0 47
2645767 0 55
2647221 0 69
2648717 0 46
2650294 0 56
2651831 0 71
2653366 0 39
2654861 0 50
2656377 0 58
2657954 0 59
2659448 0 49
2660840 0 57
2662294 0 66
2663810 0 43
2665244 0 56
2666739 0 50
2668295 0 57
2669872 0 59
2671306 0 58
2672759 0 67
2674276 0 44
2675832 0 59
2677348 0 61
2678904 0 37
2680440 0 52
2681976 0 63
2683451 0 38
2685006 0 55
2686522 0 68
2687997 0 48
2689471 0 57
2691029 0 55
2692461 0 55
2694019 0 56
2695554 0 71
2697110 0 43
2698544 0 53
2700019 0 50
2701534 0 52
2703090 0 61
2704606 0 44
2706142 0 60
2707595 0 51
2708988 0 56
2710464 0 58
2711896 0 53
2713432 0 54
2714825 0 63
2716320 0 44
2717774 0 50
2719330 0 60
2720845 0 58
2722423 0 54
2723918 0 49
2725352 0 64
2726867 0 38
2728300 0 49
2729754 0 61
2731230 0 45
2732703 0 49
2734118 0 49
2735612 0 54
2737025 0 60
2738581 0 51
2740077 0 52
2741592 0 70
2743107 0 42
2744501 0 50
2745994 0 53
2747511 0 52
2749006 0 53
2750522 0 66
2751995 0 48
2753470 0 50
2754985 0 57
2756562 0 56
2758120 0 54
2759594 0 55
2761028 0 58
2762584 0 58
2764120 0 67
2765635 0 37
2767150 0 59
2768687 0 60
2770202 0 58
2771737 0 54
2773274 0 58
2774852 0 69
2776326 0 40
2777780 0 59
2779234 0 59
2780667 0 51
2782121 0 72
2783595 0 40
2785090 0 51
2786647 0 67
2788080 0 47
2789535 0 59
2791009 0 62
2792504 0 48
2793959 0 50
2795412 0 68
2796888 0 43
2798361 0 58
2799837 0 65
2801311 0 43
2802744 0 52
2804259 0 52
2805694 0 49
2807209 0 58
2808643 0 58
2810198 0 59
2811674 0 68
2813107 0 37
2814643 0 56
2816200 0 68
2817654 0 42
2819127 0 59
2820623 0 58
3013049 0 104
3014441 0 104
3015936 0 104
3017370 0 104
3018906 0 104
3020339 0 104
3021732 0 104
3023166 0 104
3024640 0 104
3026135 0 104
3027691 0 105
3029125 0 105
3030682 0 105
3032115 0 105
3033651 0 105
3035208 0 106
3036743 0 104
3038157 0 105
3039549 0 106
3041065 0 104
3042580 0 105
3044055 0 105
3045529 0 106
3046922 0 104
3048376 0 105
3049810 0 105
3051305 0 105
3052840 0 105
3054254 0 106
3055687 0 104
3057100 0 105
3058575 0 105
3059988 0 105
3061524 0 106
3062998 0 104
3064493 0 105
3066029 0 105
3067483 0 105
3068938 0 105
3070473 0 105
3071989 0 106
3073402 0 104
3074959 0 105
3076433 0 105
3077908 0 105
3079464 0 106
3081021 0 104
3082495 0 105
3084031 0 105
3085485 0 105
3086898 0 106
3088393 0 104
3089806 0 105
3091301 0 106
3092735 0 104
3094250 0 105
3095663 0 105
3097056 0 105
3098469 0 105
3100026 0 105
3101500 0 106
3103057 0 104
3104572 0 105
3105985 0 106
3107542 0 104
3109078 0 105
3110511 0 106
3111986 0 104
3113399 0 105
3114935 0 106
3116450 0 104
3117945 0 105
3119481 0 105
3120894 0 106
3122430 0 104
3123966 0 105
3125359 0 106
3126772 0 104
3128308 0 105
3129864 0 105
3131400 0 105
3132895 0 105
3134411 0 105
3135906 0 105
3137319 0 105
3138794 0 106
3140350 0 104
3141763 0 105
3143217 0 105
3144774 0 106
3146207 0 104
3147661 0 105
3149074 0 105
3150508 0 105
3152023 0 105
3153498 0 106
3155013 0 104
3156447 0 105
3157860 0 105
3159355 0 105
3160748 0 106
3162222 0 104
3163697 0 105
3165151 0 106
3166605 0 104
3168038 0 105
3169554 0 105
3171069 0 105
3172585 0 105
3174121 0 106
3175657 0 104
3177152 0 105
3178627 0 106
3180162 0 104
3181596 0 105
3183009 0 105
3184484 0 105
3185917 0 106
3187453 0 104
3188928 0 105
3190341 0 106
3191795 0 104
3193270 0 105
3194703 0 105
3196178 0 105
3197591 0 105
3198983 0 105
3200396 0 106
3201830 0 104
3203366 0 105
3204922 0 105
3206397 0 105
3207789 0 105
3209284 0 105
3210800 0 106
3212213 0 104
3213729 0 105
3215244 0 105
3216800 0 105
3218336 0 106
3219831 0 104
3221286 0 105
3222699 0 106
3224153 0 104
3225586 0 105
3227081 0 106
3228617 0 104
3230133 0 105
3231525 0 105
3233041 0 105
3234495 0 105
3236010 0 105
3237505 0 105
3238980 0 105
3240393 0 106
3241847 0 104
3243260 0 105
3244776 0 105
3246230 0 106
3247725 0 104
3249240 0 105
3250756 0 105
3252271 0 105
3253766 0 105
3255159 0 105
3256674 0 106
3258108 0 104
3259501 0 105
3261057 0 105
3262532 0 106
3263945 0 104
3265481 0 105
3266914 0 106
3268368 0 104
3269863 0 105
3271358 0 105
3272874 0 106
3274410 0 104
3275864 0 105
3277318 0 105
3278710 0 105
3280144 0 105
3281660 0 105
3283093 0 106
3284650 0 104
3286165 0 105
3287701 0 105
3289155 0 105
3290609 0 106
3292166 0 104
3293620 0 105
3295176 0 106
3296630 0 104
3298064 0 105
3299620 0 105
3301115 0 105
3302569 0 105
3304126 0 105
3305662 0 106
3307157 0 104
3308672 0 105
3310085 0 105
3311519 0 106
3312932 0 104
3314468 0 105
3316004 0 105
3317437 0 106
3318932 0 104
3320448 0 105
3321943 0 106
3323499 0 104
3325035 0 105
3326551 0 105
3327964 0 105
3329418 0 106
3330974 0 104
3332470 0 105
3334005 0 106
3335439 0 104
3336852 0 105
3338327 0 106
3339863 0 104
3341296 0 105
3342750 0 106
3344245 0 104
3345699 0 105
3347174 0 106
3348648 0 104
3350062 0 105
3351495 0 105
3352888 0 105
3354403 0 105
3355898 0 106
3357414 0 104
3358827 0 105
3360322 0 106
3361714 0 104
3363189 0 105
3364623 0 106
3366097 0 104
3367551 0 105
3368985 0 105
3370439 0 106
3371995 0 104
3373429 0 105
3374862 0 105
3376419 0 105
3377975 0 105
3379429 0 105
3380965 0 105
3382440 0 106
3383873 0 104
3385286 0 105
3386700 0 106
3388215 0 104
3389710 0 105
3391164 0 105
3392618 0 105
3394113 0 105
3395526 0 106
3397021 0 104
3398557 0 105
3400011 0 105
3401547 0 105
3403063 0 105
3404599 0 105
3406155 0 106
3407589 0 104
3409063 0 105
3410579 0 105
3412135 0 105
3413569 0 106
3415023 0 104
3416416 0 105
3417952 0 105
3419447 0 105
3420962 0 105
3422396 0 105
3423850 0 106
3425365 0 104
3426799 0 105
3428335 0 106
3429871 0 104
3431325 0 105
3432881 0 105
3434335 0 105
3435769 0 105
3437305 0 106
3438861 0 104
3440315 0 105
3441810 0 105
3443285 0 105
3444780 0 105
3446275 0 106
3447688 0 104
3449081 0 105
3450473 0 105
3451968 0 105
3453443 0 105
3454917 0 105
3456371 0 105
3457784 0 106
3459320 0 104
3460774 0 105
3462269 0 105
3463703 0 105
3465219 0 106
3466714 0 104
3468188 0 105
3469642 0 105
3471055 0 105
3472509 0 105
3473984 0 105
3475376 0 106
3476871 0 104
3478387 0 105
3479800 0 105
3481234 0 105
3482770 0 105
3484244 0 105
3485719 0 105
3487214 0 106
3488627 0 104
3490060 0 105
3491555 0 106
3493009 0 104
3494545 0 105
3495979 0 105
3497413 0 105
3498969 0 105
3500484 0 105
3501959 0 105
3503434 0 105
3504949 0 106
3506485 0 104
3507960 0 105
3509352 0 105
3510847 0 105
3512301 0 105
3513796 0 105
3515230 0 105
3516704 0 105
3518158 0 106
3519633 0 104
3521067 0 105
3522541 0 105
3524036 0 105
3525572 0 105
3526965 0 105
3528419 0 106
3529893 0 104
3531306 0 105
3532842 0 105
3534358 0 106
3535791 0 104
3537307 0 105
3538781 0 106
3540235 0 104
3541751 0 105
3543185 0 105
3544618 0 105
3546072 0 105
3547588 0 105
3549062 0 106
3550475 0 104
3551929 0 105
3553383 0 106
3554899 0 104
3556394 0 105
3557909 0 105
3559404 0 105
3560879 0 106
3562333 0 104
3563848 0 105
3565303 0 106
3566695 0 104
3568088 0 105
3569501 0 105
3570955 0 105
3572429 0 106
3573924 0 104
3575358 0 105
3576914 0 106
3578369 0 104
3579761 0 105
3581154 0 105
3582587 0 105
3584123 0 105
3585536 0 105
3587052 0 106
3588445 0 104
3589878 0 105
3591394 0 105
3592848 0 105
3594322 0 105
3595838 0 106
3597271 0 104
3598684 0 105
3600220 0 105
3601695 0 106
3603128 0 104
3604603 0 105
3606057 0 106
3607470 0 104
3608945 0 105
3610358 0 106
3611914 0 104
3613368 0 105
3614904 0 105
3616461 0 105
3617976 0 105
3619451 0 105
3620884 0 105
3622441 0 106
3623895 0 104
3625410 0 105
3626967 0 106
3628421 0 104
3629936 0 105
3631493 0 106
3633049 0 104
3634524 0 105
3635916 0 106
3637452 0 104
3638906 0 105
3640360 0 105
3641896 0 105
3643330 0 106
3644886 0 104
3646402 0 105
3647917 0 105
3649371 0 105
3650826 0 105
3652382 0 105
3653918 0 106
3655372 0 104
3656785 0 105
3658301 0 105
3659714 0 105
3661229 0 106
3662683 0 104
3664240 0 105
3665776 0 105
3667250 0 105
3668704 0 105
3670220 0 105
3671653 0 105
3673189 0 105
3674746 0 106
3676302 0 104
3677715 0 105
3679231 0 105
3680767 0 106
3682241 0 104
3683777 0 105
3685211 0 105
3686726 0 105
3688262 0 105
3689819 0 106
3691293 0 104
3692686 0 105
3694181 0 105
3695676 0 105
3697191 0 105
3698666 0 105
3700140 0 105
3701574 0 105
3703069 0 106
3704503 0 104
3705936 0 105
3707411 0 105
3708885 0 105
3710442 0 106
3711998 0 104
3713514 0 105
3714968 0 105
3716422 0 106
3717917 0 104
3719371 0 105
3720845 0 105
3722402 0 105
3723856 0 106
3725330 0 104
3726866 0 105
3728423 0 105
3729918 0 105
3731454 0 105
3732928 0 105
3734341 0 105
3735796 0 106
3737291 0 104
3738724 0 105
3740178 0 105
3741571 0 105
3743004 0 106
3744561 0 104
3745994 0 105
3747469 0 105
3748964 0 105
3750418 0 105
3751852 0 106
3753265 0 104
3754821 0 105
3756255 0 105
3757791 0 105
3759224 0 106
3760678 0 104
3762194 0 105
3763730 0 106
3765143 0 104
3766576 0 105
3768112 0 105
3769648 0 105
3771164 0 106
3772659 0 104
3774113 0 105
3775608 0 105
3777123 0 105
3778618 0 106
3780093 0 104
3781588 0 105
3783083 0 105
3784619 0 105
3786175 0 106
3787630 0 104
3789165 0 105
3790620 0 105
3792074 0 105
3793528 0 105
3795023 0 106
3796436 0 104
3797828 0 105
3799262 0 106
3800818 0 104
3802293 0 105
3803829 0 105
3805324 0 106
3806840 0 104
3808273 0 105
3809727 0 105
3811161 0 105
3812717 0 105
3814274 0 105
3815728 0 106
3817141 0 104
3818554 0 105
3820008 0 105
3821544 0 106
3823018 0 104
3824411 0 105
3825824 0 106
3827237 0 104
3828691 0 105
3830166 0 105
3831620 0 105
3833115 0 105
3834548 0 106
3835982 0 104
3837395 0 105
3838931 0 105
3840344 0 105
3841778 0 106
3843232 0 104
3844768 0 105
3846263 0 105
3847819 0 105
3849335 0 105
3850830 0 105
3852243 0 105
3853676 0 106
3855151 0 104
3856625 0 105
3858059 0 106
3859534 0 104
3861029 0 105
3862503 0 106
3863937 0 104
3865432 0 105
3866947 0 105
3868401 0 106
3869835 0 104
3871391 0 105
3872804 0 105
3874217 0 105
3875671 0 105
3877085 0 105
3878580 0 106
3880075 0 104
3881508 0 105
3883044 0 106
3884498 0 104
3885891 0 105
3887386 0 105
3888881 0 106
3890376 0 104
3891830 0 105
3893243 0 105
3894656 0 105
3896192 0 105
3897728 0 105
3899264 0 106
3900759 0 104
3902254 0 105
3903729 0 105
3905203 0 105
3906657 0 105
3908050 0 105
3909483 0 106
3910917 0 104
3912432 0 105
