70600 0 9
72116 0 4
73508 0 8
75024 0 5
76519 0 3
77973 0 8
79550 0 1
81024 0 5
82499 0 5
83953 0 10
85407 0 19
86882 0 13
88336 0 32
89872 0 3
91305 0 21
92882 0 32
94254 0 2
95770 0 15
97162 0 22
98637 0 14
100030 0 22
101586 0 22
103020 0 27
104535 0 1
105948 0 21
107505 0 18
108979 0 13
110515 0 13
111990 0 17
113526 0 32
114939 0 4
116475 0 21
117929 0 14
119403 0 19
120857 0 36
122332 0 9
123806 0 20
125260 0 26
126633 0 3
128169 0 23
129582 0 17
131077 0 23
132510 0 24
133964 0 35
135398 0 2
136893 0 16
138429 0 28
139883 0 2
141296 0 22
142771 0 13
144306 0 15
145699 0 17
147153 0 21
148566 0 25
150082 0 11
151618 0 24
153133 0 27
154567 0 9
155980 0 18
157475 0 33
158990 0 2
160424 0 15
161919 0 27
163475 0 1
164889 0 23
166281 0 35
167715 0 12
169251 0 23
170725 0 30
172200 0 4
173592 0 20
175128 0 28
176603 0 11
178139 0 21
179634 0 20
181170 0 22
182583 0 20
184098 0 22
185614 0 20
187109 0 17
188563 0 33
190058 0 1
191492 0 13
192925 0 35
194420 0 2
195813 0 16
197226 0 28
198762 0 5
200318 0 13
201772 0 25
203308 0 4
204762 0 20
206319 0 25
207793 0 7
209268 0 21
210804 0 14
212319 0 24
213814 0 20
215350 0 26
216743 0 11
218217 0 20
219815 0 16
221208 0 21
222641 0 21
224177 0 30
225590 0 9
227106 0 18
228642 0 15
230034 0 21
231447 0 25
233004 0 2
234417 0 13
235830 0 21
237345 0 20
238902 0 23
240417 0 23
241851 0 25
243305 0 1
244739 0 13
246152 0 20
247708 0 13
249183 0 20
250637 0 32
252132 0 6
253647 0 21
255101 0 19
256555 0 24
258009 0 32
259525 0 1
261040 0 14
262474 0 16
264010 0 34
265403 0 7
266959 0 21
268413 0 29
269929 0 3
271403 0 19
272980 0 13
274434 0 19
275991 0 22
277424 0 27
278899 0 11
280312 0 24
281827 0 15
283261 0 23
284776 0 35
286271 0 10
287787 0 19
289364 0 16
290756 0 21
292313 0 19
293767 0 23
295262 0 18
296757 0 30
298211 0 5
299747 0 13
301140 0 17
302696 0 18
304171 0 33
305686 0 12
307099 0 20
308615 0 14
310151 0 13
311564 0 22
313141 0 13
314636 0 27
316049 0 11
317605 0 22
319100 0 13
320575 0 23
322090 0 22
323667 0 35
325101 0 6
326637 0 24
328070 0 17
329524 0 27
331019 0 5
332412 0 13
333846 0 16
335341 0 21
336897 0 20
338433 0 13
339887 0 14
341382 0 29
342898 0 11
344352 0 19
345785 0 23
347301 0 17
348714 0 17
350250 0 22
351806 0 32
353199 0 7
354632 0 14
356045 0 17
357602 0 13
358995 0 23
360531 0 14
361944 0 21
363500 0 36
365016 0 11
366429 0 13
367903 0 22
369378 0 21
370832 0 15
372327 0 15
373801 0 35
375337 0 5
376730 0 14
378163 0 16
379597 0 24
381031 0 14
382464 0 26
383898 0 11
385454 0 24
386867 0 30
388280 0 10
389734 0 19
391209 0 24
392663 0 24
394076 0 15
395530 0 34
396943 0 7
398459 0 14
399831 0 19
401387 0 18
402841 0 16
404234 0 35
405709 0 5
407101 0 14
408514 0 17
409948 0 14
411484 0 30
412856 0 2
414249 0 18
415723 0 15
417239 0 21
418713 0 24
420147 0 35
421642 0 11
423178 0 18
424611 0 23
426106 0 20
427683 0 17
429117 0 18
430571 0 21
432127 0 25
433540 0 8
435015 0 14
436530 0 28
437964 0 8
439398 0 17
440893 0 28
442388 0 6
443821 0 17
445337 0 13
446852 0 22
448388 0 20
449945 0 36
451460 0 12
452996 0 17
454491 0 32
455945 0 8
457543 0 20
458976 0 31
460492 0 1
462007 0 19
463482 0 27
465018 0 6
466472 0 24
468008 0 22
469564 0 22
471121 0 14
472636 0 25
474152 0 6
475708 0 14
477203 0 17
478637 0 14
480050 0 23
481586 0 18
483060 0 23
484535 0 25
486050 0 10
487545 0 14
489040 0 17
490535 0 22
492092 0 18
493628 0 35
495143 0 11
496577 0 18
498051 0 13
499485 0 22
501041 0 21
502598 0 32
504093 0 7
505649 0 24
507062 0 15
508475 0 22
509970 0 24
511506 0 31
512960 0 2
514476 0 20
515930 0 25
517364 0 5
518859 0 24
520354 0 14
521808 0 33
523303 0 1
524757 0 17
526190 0 15
527665 0 27
529057 0 4
530552 0 24
532109 0 14
533563 0 15
535058 0 21
536533 0 16
538048 0 36
539482 0 7
540936 0 13
542349 0 19
543844 0 22
545380 0 26
546834 0 2
548206 0 14
549619 0 27
551032 0 1
552486 0 13
553981 0 16
555415 0 18
556869 0 21
558302 0 21
559777 0 34
561210 0 10
562685 0 18
564139 0 32
565655 0 11
567211 0 23
568747 0 13
570283 0 30
571655 0 1
573191 0 14
574584 0 15
575997 0 22
577512 0 23
578946 0 23
580420 0 35
581895 0 12
583328 0 15
584762 0 33
586257 0 5
587670 0 21
589227 0 20
590681 0 36
592196 0 6
593732 0 22
595268 0 27
596681 0 8
598197 0 15
599671 0 25
601125 0 7
602600 0 16
604115 0 24
605631 0 25
607044 0 2
608518 0 23
610034 0 14
611508 0 22
612942 0 32
614478 0 4
615912 0 23
617366 0 28
618861 0 4
620356 0 16
621830 0 24
623305 0 15
624697 0 13
626213 0 14
627605 0 16
629039 0 20
630575 0 33
632091 0 10
633626 0 13
635019 0 28
636535 0 5
637968 0 17
639381 0 36
640815 0 12
642371 0 23
643866 0 31
645341 0 10
646795 0 18
648269 0 18
649785 0 17
651280 0 14
652714 0 20
654290 0 36
655744 0 2
657260 0 14
658632 0 26
660168 0 10
661622 0 23
663097 0 14
664530 0 21
666046 0 25
667582 0 9
669015 0 20
670572 0 14
672046 0 13
673500 0 21
674954 0 35
676429 0 4
677801 0 15
679255 0 28
680648 0 8
682102 0 19
683638 0 13
685071 0 17
686628 0 13
688123 0 36
689679 0 2
691072 0 22
692649 0 15
694062 0 22
695639 0 14
697134 0 14
698588 0 14
700001 0 19
701496 0 36
702991 0 1
704425 0 18
705858 0 24
707353 0 36
708848 0 8
710405 0 14
711879 0 18
713395 0 32
714890 0 7
716303 0 15
717716 0 24
719252 0 19
720767 0 15
722303 0 15
723798 0 27
725273 0 8
726768 0 13
728263 0 19
729799 0 16
731212 0 17
732605 0 27
734120 0 4
735574 0 17
737090 0 14
738462 0 21
740018 0 18
741493 0 36
742967 0 7
744421 0 21
745957 0 24
747473 0 15
749029 0 21
750524 0 21
751958 0 28
753494 0 12
755030 0 13
756422 0 34
757815 0 12
759351 0 15
760846 0 21
762259 0 23
763775 0 32
765229 0 2
766642 0 15
768075 0 18
769591 0 29
771086 0 10
772519 0 24
773973 0 32
775468 0 1
776984 0 23
778418 0 22
779974 0 17
781510 0 21
782944 0 18
784357 0 13
785790 0 18
787285 0 29
788698 0 6
790234 0 15
791750 0 24
793204 0 20
794637 0 16
796030 0 31
797464 0 5
798897 0 13
800392 0 15
801805 0 28
803362 0 9
804795 0 17
806270 0 22
807744 0 20
809260 0 29
810755 0 3
812188 0 20
813683 0 20
815219 0 20
816796 0 18
818353 0 33
819889 0 12
821343 0 20
822797 0 13
824312 0 13
825828 0 24
827302 0 31
828818 0 4
830190 0 16
831706 0 17
833201 0 20
834777 0 22
836211 0 16
837624 0 23
839037 0 26
840430 0 5
841966 0 24
843481 0 29
844956 0 7
846512 0 14
847925 0 27
849359 0 9
850834 0 13
852329 0 20
853783 0 24
855216 0 20
856773 0 35
858268 0 9
859742 0 23
861237 0 18
862650 0 18
864084 0 22
865579 0 27
867115 0 9
868589 0 23
870023 0 13
871457 0 35
872849 0 10
874385 0 16
875839 0 23
877334 0 36
878809 0 12
880283 0 15
881778 0 19
883335 0 15
884871 0 24
886263 0 19
887676 0 31
889192 0 10
890666 0 14
892120 0 32
893554 0 1
894967 0 24
896483 0 15
897875 0 18
899432 0 17
900988 0 20
902483 0 32
903896 0 6
905453 0 22
906989 0 24
908525 0 33
909979 0 1
911392 0 21
912928 0 25
914361 0 11
915795 0 19
917331 0 21
918846 0 22
920362 0 29
921775 0 3
923168 0 24
924601 0 25
926137 0 12
927673 0 23
929189 0 18
930622 0 16
932056 0 27
933489 0 9
934902 0 21
936377 0 18
937811 0 20
939306 0 22
940801 0 19
942234 0 19
943811 0 36
945306 0 11
946863 0 13
948358 0 23
949812 0 22
951307 0 21
952740 0 30
954174 0 6
955669 0 19
957164 0 34
958618 0 3
960133 0 15
961628 0 19
963062 0 24
964577 0 19
966113 0 17
967547 0 26
969042 0 3
970537 0 16
1017491 0 101
1019048 0 101
1020461 0 101
1021894 0 101
1023410 0 101
1024946 0 101
1026420 0 101
1027833 0 101
1029246 0 101
1030639 0 101
1032093 0 102
1033568 0 102
1035042 0 102
1036578 0 102
1037991 0 102
1039507 0 102
1040961 0 103
1042415 0 101
1043848 0 102
1045405 0 102
1046920 0 102
1048313 0 102
1049726 0 102
1051282 0 102
1052818 0 102
1054293 0 103
1055829 0 101
1057344 0 102
1058880 0 102
1060314 0 102
1061809 0 102
1063283 0 102
1064697 0 103
1066110 0 101
1067584 0 102
1069141 0 102
1070615 0 102
1072151 0 102
1073646 0 102
1075080 0 102
1076534 0 103
1078049 0 101
1079585 0 102
1080978 0 103
1082432 0 101
1083825 0 102
1085320 0 103
1086876 0 101
1088269 0 102
1089682 0 102
1091218 0 102
1092754 0 102
1094290 0 102
1095785 0 103
1097198 0 101
1098734 0 102
1100126 0 103
1101621 0 101
1103075 0 102
1104468 0 102
1105902 0 102
1107376 0 102
1108810 0 102
1110223 0 103
1111738 0 101
1113192 0 102
1114626 0 103
1116080 0 101
1117616 0 102
1119111 0 102
1120524 0 103
1122040 0 101
1123432 0 102
1124886 0 103
1126381 0 101
1127815 0 102
1129269 0 102
1130661 0 102
1132157 0 102
1133652 0 102
1135044 0 102
1136457 0 103
1138034 0 101
1139468 0 102
1141024 0 102
1142417 0 102
1143912 0 102
1145407 0 102
1146861 0 102
1148397 0 103
1149953 0 101
1151366 0 102
1152800 0 103
1154254 0 101
1155667 0 102
1157101 0 102
1158657 0 103
1160173 0 101
1161586 0 102
1163019 0 102
1164494 0 102
1165989 0 102
1167525 0 102
1168958 0 102
1170351 0 103
1171826 0 101
1173321 0 102
1174795 0 102
1176311 0 103
1177826 0 101
1179342 0 102
1180816 0 102
1182250 0 102
1183745 0 102
1185178 0 102
1186571 0 103
1187984 0 101
1189418 0 102
1190872 0 103
1192387 0 101
1193944 0 102
1195439 0 102
1196831 0 102
1198326 0 103
1199739 0 101
1201193 0 102
1202729 0 103
1204265 0 101
1205740 0 102
1207276 0 103
1208771 0 101
1210307 0 102
1211802 0 103
1213338 0 101
1214853 0 102
1216307 0 102
1217720 0 103
1219277 0 101
1220751 0 102
1222287 0 102
1223844 0 102
1225236 0 103
1226650 0 101
1228124 0 102
1229640 0 103
1231053 0 101
1232486 0 102
1233879 0 102
1235415 0 102
1236951 0 102
1238466 0 102
1239920 0 102
1241374 0 103
1242931 0 101
1244426 0 102
1245880 0 102
1247334 0 102
1248849 0 102
1250385 0 103
1251921 0 101
1253375 0 102
1254830 0 103
1256406 0 101
1257820 0 102
1259335 0 102
1260728 0 102
1262202 0 102
1263656 0 102
1265049 0 103
1266605 0 101
1268059 0 102
1269595 0 103
1271070 0 101
1272585 0 102
1273978 0 102
1275473 0 102
1276886 0 102
1278340 0 102
1279897 0 103
1281433 0 101
1282948 0 102
1284423 0 102
1285959 0 102
1287515 0 102
1289051 0 102
1290546 0 102
1292000 0 103
1293557 0 101
1295093 0 102
1296526 0 102
1298062 0 102
1299516 0 102
1301052 0 103
1302568 0 101
1304083 0 102
1305476 0 102
1306950 0 102
1308343 0 102
1309838 0 103
1311292 0 101
1312705 0 102
1314159 0 103
1315634 0 101
1317026 0 102
1318480 0 102
1319934 0 102
1321450 0 103
1322904 0 101
1324358 0 102
1325751 0 103
1327184 0 101
1328741 0 102
1330154 0 103
1331649 0 101
1333103 0 102
1334639 0 103
1336195 0 101
1337731 0 102
1339165 0 102
1340619 0 102
1342134 0 102
1343527 0 102
1345063 0 102
1346496 0 103
1347971 0 101
1349405 0 102
1350818 0 102
1352354 0 102
1353890 0 103
1355303 0 101
1356716 0 102
1358211 0 103
1359767 0 101
1361283 0 102
1362798 0 103
1364314 0 101
1365706 0 102
1367099 0 102
1368512 0 102
1370028 0 102
1371461 0 102
1372977 0 102
1374431 0 103
1375885 0 101
1377318 0 102
1378854 0 102
1380329 0 102
1381824 0 102
1383360 0 103
1384773 0 101
1386227 0 102
1387640 0 102
1389074 0 102
1390569 0 103
1392084 0 101
1393518 0 102
1395013 0 103
1396508 0 101
1397921 0 102
1399334 0 103
1400788 0 101
1402181 0 102
1403655 0 102
1405130 0 102
1406563 0 102
1407976 0 102
1409369 0 102
1410802 0 103
1412297 0 101
1413711 0 102
1415206 0 102
1416598 0 102
1418032 0 102
1419568 0 103
1421104 0 101
1422578 0 102
1423991 0 102
1425527 0 103
1426940 0 101
1428435 0 102
1429971 0 102
1431466 0 102
1432880 0 102
1434293 0 103
1435829 0 101
1437221 0 102
1438757 0 103
1440314 0 101
1441788 0 102
1443222 0 102
1444737 0 102
1446212 0 102
1447666 0 102
1449079 0 103
1450594 0 101
1452089 0 102
1453543 0 103
1455039 0 101
1456472 0 102
1457906 0 102
1459401 0 103
1460814 0 101
1462247 0 102
1463640 0 102
1465114 0 102
1466630 0 103
1468105 0 101
1469538 0 102
1471054 0 102
1472446 0 103
1473900 0 101
1475334 0 102
1476726 0 103
1478160 0 101
1479573 0 102
1481109 0 102
1482625 0 102
1484079 0 102
1485553 0 103
1487007 0 101
1488502 0 102
1489915 0 103
1491431 0 101
1492946 0 102
1494441 0 103
1495854 0 101
1497329 0 102
1498865 0 102
1500339 0 102
1501753 0 102
1503227 0 102
1504763 0 102
1506156 0 103
1507671 0 101
1509064 0 102
1510477 0 102
1511910 0 102
1513385 0 102
1514819 0 102
1516355 0 103
1517931 0 101
1519406 0 102
1520840 0 102
1522273 0 102
1523666 0 102
1525058 0 103
1526615 0 101
1528130 0 102
1529605 0 103
1531161 0 101
1532636 0 102
1534172 0 102
1535667 0 102
1537100 0 103
1538636 0 101
1540193 0 102
1541585 0 102
1542999 0 102
1544432 0 102
1545927 0 102
1547422 0 102
1548958 0 102
1550453 0 103
1552010 0 101
1553505 0 102
1554897 0 103
1556413 0 101
1557846 0 102
1559382 0 102
1560918 0 102
1562311 0 103
1563765 0 101
1565219 0 102
1566755 0 102
1568209 0 103
1569622 0 101
1571158 0 102
1572694 0 102
1574148 0 102
1575643 0 102
1577077 0 103
1578572 0 101
1580005 0 102
1581541 0 102
1583057 0 102
1584552 0 102
1586047 0 103
1587562 0 101
1588996 0 102
1590511 0 102
1592047 0 103
1593542 0 101
1594955 0 102
1596368 0 102
1597864 0 103
1599338 0 101
1600792 0 102
1602226 0 102
1603639 0 102
1605052 0 102
1606547 0 102
1607940 0 103
1609353 0 101
1610745 0 102
1612220 0 102
1613633 0 103
1615128 0 101
1616643 0 102
1618036 0 102
1619470 0 102
1620903 0 102
1622439 0 102
1623955 0 103
1625450 0 101
1626945 0 102
1628419 0 102
1629812 0 103
1631245 0 101
1632679 0 102
1634133 0 103
1635648 0 101
1637164 0 102
1638659 0 103
1640174 0 101
1641608 0 102
1643083 0 102
1644578 0 102
1646011 0 102
1647527 0 103
1648960 0 101
1650394 0 102
1651868 0 103
1653322 0 101
1654797 0 102
1656251 0 103
1657787 0 101
1659323 0 102
1660757 0 103
1662211 0 101
1663685 0 102
1665139 0 102
1666573 0 102
1668109 0 102
1669542 0 102
1670935 0 102
1672430 0 102
1673904 0 103
1675440 0 101
1676915 0 102
1678369 0 102
1679782 0 102
1681175 0 103
1682649 0 101
1684124 0 102
1685557 0 102
1687011 0 102
1688547 0 103
1690083 0 101
1691599 0 102
1693012 0 102
1694446 0 102
1695900 0 103
1697374 0 101
1698787 0 102
1700180 0 103
1701593 0 101
1703088 0 102
1704583 0 102
1706078 0 103
1707552 0 101
1709088 0 102
1710604 0 102
1712058 0 103
1713471 0 101
1714946 0 102
1716338 0 102
1717854 0 103
1719369 0 101
1720844 0 102
1722339 0 102
1723772 0 103
1725185 0 101
1726701 0 102
1728135 0 103
1729568 0 101
1730961 0 102
1732456 0 102
1733930 0 102
1735446 0 102
1736961 0 102
1738436 0 103
1739849 0 101
1741262 0 102
1742798 0 102
1744272 0 102
1745686 0 102
1747160 0 102
1748553 0 102
1749986 0 103
1751399 0 101
1752935 0 102
1754451 0 103
1755884 0 101
1757277 0 102
1758813 0 102
1760349 0 102
1761864 0 102
1763380 0 102
1764834 0 102
1766247 0 102
1767660 0 103
1769094 0 101
1770589 0 102
1772043 0 102
1773476 0 102
1774869 0 102
1776303 0 102
1777716 0 103
1779190 0 101
1780603 0 102
1781996 0 102
1783430 0 102
1784904 0 102
1786399 0 103
1787874 0 101
1789287 0 102
1790782 0 102
1792277 0 103
1793792 0 101
1795246 0 102
1796639 0 103
1798154 0 101
1799588 0 102
1801022 0 102
1802455 0 102
1803909 0 102
1805302 0 102
1806797 0 103
1808312 0 101
1809705 0 102
1811200 0 102
1812674 0 102
1814129 0 102
1815685 0 102
1817098 0 102
1818532 0 102
1820006 0 103
1821481 0 101
1823017 0 102
1824471 0 103
1825945 0 101
1827379 0 102
1828915 0 103
1830389 0 101
1831864 0 102
1833277 0 102
1834813 0 102
1836267 0 102
1837742 0 103
1839257 0 101
1840650 0 102
1842124 0 102
1843558 0 103
1844991 0 101
1846404 0 102
1847838 0 102
1849313 0 102
1850705 0 102
1852118 0 103
1853654 0 101
1855190 0 102
1856624 0 102
1858160 0 102
1859655 0 102
1861047 0 102
1862542 0 102
1863935 0 102
1865471 0 103
1866925 0 101
1868420 0 102
1869956 0 102
1871451 0 102
1872885 0 103
1874441 0 101
1875875 0 102
1877267 0 102
1878701 0 102
1880155 0 102
1881547 0 103
1883104 0 101
1884538 0 102
1886012 0 103
1887507 0 101
1888961 0 102
1890436 0 102
1891890 0 103
1893364 0 101
1894777 0 102
1896170 0 102
1897685 0 103
1899201 0 101
1900635 0 102
1902170 0 103
1903686 0 101
1905120 0 102
1906635 0 103
1908110 0 101
1909543 0 102
1910936 0 102
1912410 0 102
1997948 0 39
1999381 0 40
2000815 0 46
2002310 0 39
2003866 0 47
2005320 0 39
2006877 0 40
2008310 0 41
2009867 0 38
2011300 0 43
2012734 0 57
2014208 0 54
2015703 0 65
2017117 0 44
2018632 0 58
2020127 0 49
2021684 0 72
2023097 0 40
2024530 0 55
2025984 0 58
2027459 0 68
2028913 0 46
2030388 0 53
2031923 0 55
2033336 0 55
2034811 0 56
2036265 0 62
2037781 0 46
2039296 0 54
2040730 0 54
2042225 0 58
2043679 0 60
2045235 0 59
2046689 0 65
2048225 0 40
2049679 0 55
2051174 0 54
2052567 0 70
2053980 0 39
2055393 0 58
2056888 0 60
2058424 0 57
2059919 0 51
2061332 0 60
2062766 0 51
2064199 0 71
2065653 0 42
2067169 0 58
2068643 0 57
2070220 0 67
2071633 0 44
2073046 0 57
2074541 0 57
2076016 0 57
2077552 0 72
2078965 0 45
2080481 0 49
2082017 0 57
2083471 0 59
2084925 0 51
2086317 0 71
2087730 0 38
2089205 0 57
2090700 0 59
2092134 0 49
2093608 0 63
2095103 0 40
2096619 0 56
2098114 0 63
2099609 0 42
2101063 0 51
2102537 0 52
2104094 0 60
2105589 0 60
2107104 0 65
2108497 0 37
2109910 0 50
2111425 0 51
2112900 0 55
2114436 0 59
2115869 0 52
2117323 0 55
2118818 0 70
2120272 0 39
2121788 0 49
2123242 0 51
2124737 0 61
2126273 0 40
2127809 0 56
2129365 0 53
2130840 0 50
2132355 0 54
2133871 0 59
2135407 0 52
2136963 0 55
2138458 0 72
2139974 0 41
2141530 0 54
2142923 0 55
2144438 0 49
2145831 0 70
2147224 0 46
2148698 0 56
2150255 0 54
2151668 0 60
2153122 0 55
2154637 0 58
2156153 0 55
2157689 0 66
2159245 0 43
2160761 0 60
2162174 0 56
2163710 0 56
2165225 0 71
2166761 0 46
2168195 0 49
2169628 0 63
2171042 0 42
2172598 0 53
2174113 0 62
2175547 0 42
2176981 0 49
2178414 0 54
2179971 0 51
2181527 0 65
2183043 0 48
2184558 0 58
2186012 0 63
2187507 0 46
2188941 0 53
2190456 0 59
2191869 0 70
2193344 0 47
2194859 0 59
2196313 0 51
2197849 0 53
2199242 0 59
2200798 0 50
2202273 0 70
2203666 0 44
2205202 0 56
2206758 0 64
2208274 0 43
2209830 0 60
2211264 0 70
2212677 0 44
2214090 0 53
2215626 0 58
2217121 0 61
2218657 0 39
2220111 0 54
2221503 0 51
2223039 0 57
2224452 0 59
2225907 0 59
2227381 0 63
2228897 0 42
2230310 0 58
2231866 0 67
2233422 0 40
2234918 0 59
2236474 0 58
2238051 0 51
2239464 0 49
2241020 0 55
2242556 0 59
2244010 0 57
2245505 0 67
2246898 0 42
2248352 0 57
2249868 0 54
2251342 0 53
2252776 0 49
2254168 0 59
2255643 0 57
2257117 0 62
2258531 0 47
2260067 0 50
2261521 0 67
2262934 0 41
2264367 0 57
2265924 0 54
2267337 0 69
2268873 0 40
2270409 0 53
2271863 0 61
2273317 0 42
2274709 0 56
2276123 0 56
2277638 0 51
2279154 0 51
2280710 0 60
2282205 0 65
2283680 0 47
2285236 0 56
2286731 0 57
2288247 0 49
2289762 0 56
2291298 0 71
2292793 0 43
2294308 0 54
2295763 0 60
2297278 0 54
2298814 0 57
2300268 0 65
2301763 0 44
2303279 0 56
2304733 0 50
2306207 0 49
2307723 0 66
2309259 0 47
2310795 0 60
2312331 0 49
2313846 0 68
2315362 0 45
2316795 0 52
2318229 0 68
2319642 0 44
2321096 0 56
2322570 0 54
2324065 0 50
2325519 0 53
2326933 0 66
2328448 0 39
2329943 0 56
2331377 0 56
2332790 0 53
2334326 0 61
2335759 0 42
2337172 0 57
2338729 0 59
2340265 0 52
2341801 0 53
2343296 0 72
2344832 0 40
2346368 0 51
2347822 0 50
2349378 0 58
2350812 0 50
2352368 0 54
2353781 0 63
2355317 0 44
2356771 0 50
2358164 0 57
2359598 0 54
2361052 0 49
2362485 0 54
2363980 0 70
2365455 0 48
2366868 0 58
2368383 0 49
2369940 0 61
2371414 0 40
2372950 0 58
2374384 0 58
2375920 0 60
2377415 0 51
2378910 0 65
2380405 0 44
2381818 0 58
2383374 0 67
2384788 0 43
2386303 0 57
2387798 0 70
2389211 0 48
2390768 0 56
2392283 0 72
2393737 0 43
2395150 0 51
2396666 0 51
2398099 0 51
2399635 0 50
2401151 0 67
2402543 0 47
2403997 0 53
2405472 0 60
2406906 0 55
2408380 0 55
2409855 0 67
2411268 0 40
2412824 0 58
2414381 0 69
2415855 0 37
2417391 0 60
2418927 0 49
2420381 0 65
2421835 0 43
2423310 0 60
2424825 0 49
2426382 0 70
2427774 0 48
2429249 0 53
2430744 0 56
2432218 0 50
2433693 0 59
2435167 0 69
2436683 0 46
2438198 0 57
2439673 0 59
2441209 0 57
2442765 0 72
2444199 0 42
2445592 0 54
2447025 0 51
2448541 0 60
2450015 0 72
2451510 0 38
2452944 0 57
2454418 0 69
2455852 0 48
2457367 0 52
2458781 0 66
2460255 0 41
2461811 0 50
2463225 0 51
2464658 0 67
2466092 0 38
2467546 0 49
2469020 0 50
2470495 0 62
2472051 0 47
2473546 0 49
2475041 0 72
2476413 0 43
2477847 0 54
2479342 0 49
2480776 0 57
2482250 0 72
2483684 0 44
2485179 0 50
2486735 0 66
2488210 0 48
2489643 0 57
2491138 0 64
2492592 0 44
2494005 0 51
2495439 0 66
2496995 0 41
2498450 0 53
2499924 0 63
2501481 0 44
2502996 0 49
2504409 0 51
2505843 0 51
2507256 0 59
2508771 0 49
2510246 0 69
2511761 0 38
2513236 0 55
2514669 0 56
2516103 0 72
2517618 0 38
2519073 0 54
2520568 0 49
2522104 0 65
2523599 0 48
2525114 0 53
2526650 0 59
2528186 0 55
2529599 0 51
2531053 0 66
2532487 0 48
2533982 0 52
2535436 0 55
2536992 0 61
2538487 0 42
2540023 0 49
2541457 0 56
2542890 0 51
2544385 0 59
2545798 0 60
2547355 0 72
2548768 0 42
2550324 0 57
2551860 0 54
2553355 0 72
2554891 0 37
2556305 0 55
2557779 0 57
2559315 0 58
2560851 0 49
2562366 0 51
2563821 0 60
2565234 0 71
2566790 0 44
2568244 0 51
2569678 0 52
2571193 0 51
2572729 0 55
2574142 0 63
2575658 0 38
2577153 0 55
2578627 0 54
2580163 0 50
2581576 0 60
2583133 0 55
2584710 0 64
2586123 0 37
2587577 0 51
2588990 0 61
2590546 0 47
2592103 0 54
2593659 0 53
2595216 0 57
2596793 0 61
2598308 0 45
2599844 0 60
2601257 0 60
2602814 0 53
2604329 0 51
2605824 0 63
2607278 0 47
2608691 0 57
2610146 0 67
2611600 0 47
2613054 0 59
2614528 0 60
2615962 0 49
2617416 0 54
2618952 0 69
2620385 0 42
2621798 0 53
2623273 0 68
2624809 0 47
2626345 0 49
2627819 0 53
2629273 0 56
2630789 0 56
2632202 0 72
2633738 0 46
2635254 0 55
2636687 0 58
2638141 0 50
2639554 0 60
2641029 0 59
2642565 0 61
2644080 0 41
2645616 0 56
2647132 0 52
2648606 0 59
2650019 0 69
2651555 0 42
2653112 0 49
2654545 0 60
2655958 0 59
2657433 0 50
2658969 0 62
2660423 0 46
2661959 0 53
2663413 0 56
2664826 0 52
2666280 0 53
2667714 0 67
2669106 0 42
2670642 0 56
2672158 0 53
2673571 0 49
2675005 0 52
2676459 0 61
2677872 0 37
2679305 0 53
2680821 0 55
2682295 0 58
2683872 0 66
2685408 0 44
2686842 0 57
2688337 0 72
2689811 0 41
2691327 0 56
2692883 0 51
2694378 0 69
2695935 0 40
2697450 0 50
2698884 0 56
2700399 0 54
2701935 0 55
2703410 0 61
2704925 0 47
2706359 0 57
2707915 0 54
2709431 0 57
2710885 0 53
2712441 0 70
2713854 0 40
2715349 0 58
2716865 0 54
2718319 0 64
2719875 0 45
2721309 0 58
2722886 0 53
2724360 0 59
2725815 0 70
2727330 0 43
2728805 0 60
2730259 0 58
2731754 0 67
2733208 0 40
2734764 0 50
2736280 0 54
2737775 0 53
2739208 0 60
2740621 0 70
2742116 0 48
2743591 0 51
2745127 0 54
2746601 0 68
2748158 0 46
2749612 0 56
2751066 0 57
2752520 0 50
2754056 0 72
2755592 0 37
2757046 0 50
2758520 0 53
2760077 0 65
2761633 0 46
2763169 0 54
2764705 0 58
2766180 0 50
2767695 0 56
2769211 0 60
2770747 0 67
2772221 0 40
2773655 0 50
2775211 0 58
2776665 0 52
2778181 0 50
2779696 0 55
2781191 0 56
2782666 0 69
2784243 0 40
2785779 0 57
2787233 0 58
2788789 0 59
2790243 0 52
2791759 0 72
2793193 0 37
2794626 0 58
2796203 0 49
2797719 0 49
2799173 0 54
2800586 0 60
2802101 0 66
2803535 0 41
2804968 0 57
2806463 0 57
2807979 0 59
2809535 0 54
2810948 0 56
2812484 0 70
2814000 0 46
2815433 0 57
2816928 0 59
2818382 0 53
2819796 0 53
2821229 0 51
2822663 0 69
2824076 0 47
2825509 0 57
2826922 0 58
2828458 0 68
2829974 0 46
2831448 0 57
2832862 0 68
2834357 0 37
2835749 0 53
2837203 0 52
2838678 0 60
2840173 0 51
2841606 0 50
2843040 0 66
2844535 0 40
2846091 0 49
2847586 0 69
2849143 0 37
2850658 0 53
2852174 0 69
2853607 0 37
2855061 0 58
2856597 0 50
2858113 0 72
2859547 0 46
2860980 0 52
2862516 0 67
2863970 0 39
2865445 0 60
2866981 0 60
2868455 0 51
2869889 0 54
2871343 0 72
2872735 0 48
2874271 0 50
2875746 0 52
2877282 0 67
2878777 0 43
2880354 0 54
2881808 0 49
2883282 0 56
2884777 0 52
2886334 0 53
2887870 0 58
2889324 0 71
2890819 0 45
2892273 0 60
2893748 0 62
2895181 0 38
2896717 0 59
2898171 0 50
2899728 0 55
2901223 0 57
2940066 0 104
2941459 0 104
2942913 0 104
2944347 0 104
2945760 0 104
2947234 0 104
2948668 0 104
2950060 0 104
2951617 0 104
2953071 0 104
2954607 0 105
2956122 0 105
2957617 0 105
2959030 0 105
2960526 0 105
2962062 0 106
2963557 0 104
2965092 0 105
2966547 0 105
2967980 0 105
2969434 0 105
2970970 0 106
2972383 0 104
2973858 0 105
2975312 0 106
2976827 0 104
2978281 0 105
2979797 0 106
2981251 0 104
2982685 0 105
2984180 0 106
2985736 0 104
2987149 0 105
2988644 0 105
2990201 0 105
2991737 0 105
2993150 0 106
2994706 0 104
2996242 0 105
2997758 0 106
2999293 0 104
3000748 0 105
3002140 0 105
3003635 0 105
3005130 0 105
3006584 0 106
3008120 0 104
3009574 0 105
3010987 0 105
3012421 0 105
3013834 0 106
3015268 0 104
3016701 0 105
3018176 0 105
3019589 0 105
3021125 0 105
3022681 0 106
3024217 0 104
3025651 0 105
3027064 0 105
3028518 0 105
3030054 0 106
3031610 0 104
3033167 0 105
3034703 0 106
3036136 0 104
3037672 0 105
3039188 0 105
3040703 0 106
3042260 0 104
3043755 0 105
3045229 0 105
3046786 0 105
3048260 0 105
3049694 0 106
3051250 0 104
3052704 0 105
3054220 0 106
3055674 0 104
3057169 0 105
3058705 0 106
3060139 0 104
3061552 0 105
3063067 0 105
3064624 0 105
3066160 0 105
3067593 0 105
3069109 0 105
3070665 0 106
3072078 0 104
3073573 0 105
3075007 0 105
3076543 0 106
3078099 0 104
3079656 0 105
3081151 0 105
3082543 0 105
3084100 0 105
3085636 0 105
3087049 0 106
3088462 0 104
3089895 0 105
3091452 0 106
3092967 0 104
3094442 0 105
3095916 0 106
3097411 0 104
3098845 0 105
3100320 0 106
3101753 0 104
3103207 0 105
3104723 0 105
3106197 0 105
3107733 0 106
3109146 0 104
3110703 0 105
3112136 0 106
3113570 0 104
3115044 0 105
3116539 0 106
3118014 0 104
3119448 0 105
3120902 0 105
3122376 0 105
3123851 0 105
3125407 0 105
3126861 0 106
3128397 0 104
3129810 0 105
3131326 0 106
3132780 0 104
3134254 0 105
3135811 0 105
3137244 0 105
3138719 0 105
3140234 0 106
3141770 0 104
3143265 0 105
3144719 0 105
3146153 0 105
3147587 0 105
3149123 0 105
3150659 0 106
3152133 0 104
3153546 0 105
3155041 0 106
3156516 0 104
3157908 0 105
3159321 0 105
3160796 0 106
3162332 0 104
3163847 0 105
3165363 0 106
3166899 0 104
3168312 0 105
3169766 0 105
3171220 0 106
3172756 0 104
3174169 0 105
3175603 0 105
3177036 0 105
3178511 0 105
3180006 0 106
3181501 0 104
3182975 0 105
3184429 0 105
3185924 0 106
3187481 0 104
3188996 0 105
3190389 0 105
3191904 0 106
3193359 0 104
3194895 0 105
3196410 0 106
3197926 0 104
3199461 0 105
3200936 0 105
3202390 0 105
3203803 0 106
3205278 0 104
3206691 0 105
3208227 0 106
3209722 0 104
3211176 0 105
3212589 0 105
3214104 0 105
3215640 0 106
3217053 0 104
3218446 0 105
3219982 0 105
3221518 0 105
3222952 0 105
3224385 0 105
3225819 0 105
3227314 0 105
3228850 0 106
3230304 0 104
3231717 0 105
3233273 0 105
3234686 0 106
3236181 0 104
3237595 0 105
3239131 0 105
3240564 0 106
3242039 0 104
3243513 0 105
3245029 0 105
3246442 0 105
3247875 0 105
3249370 0 106
3250783 0 104
3252299 0 105
3253712 0 106
3255228 0 104
3256764 0 105
3258197 0 106
3259631 0 104
3261085 0 105
3262621 0 105
3264034 0 106
3265570 0 104
3267024 0 105
3268560 0 106
3270055 0 104
3271468 0 105
3272942 0 105
3274376 0 105
3275851 0 105
3277264 0 106
3278718 0 104
3280172 0 105
3281728 0 106
3283182 0 104
3284616 0 105
3286049 0 105
3287503 0 105
3288998 0 105
3290555 0 106
3292029 0 104
3293483 0 105
3294999 0 105
3296474 0 105
3297948 0 106
3299402 0 104
3300877 0 105
3302331 0 105
3303744 0 105
3305157 0 105
3306550 0 105
3308024 0 106
3309540 0 104
3311055 0 105
3312489 0 105
3313963 0 105
3315397 0 105
3316871 0 106
3318407 0 104
3319964 0 105
3321418 0 105
3322933 0 105
3324428 0 105
3325944 0 105
3327480 0 106
3329036 0 104
3330593 0 105
3331985 0 105
3333460 0 105
3334873 0 105
3336347 0 105
3337801 0 105
3339276 0 106
3340832 0 104
3342307 0 105
3343700 0 106
3345133 0 104
3346649 0 105
3348144 0 105
3349659 0 106
3351195 0 104
3352731 0 105
3354206 0 105
3355742 0 105
3357237 0 106
3358711 0 104
3360247 0 105
3361804 0 105
3363278 0 105
3364691 0 105
3366227 0 105
3367640 0 105
3369197 0 106
3370610 0 104
3372064 0 105
3373538 0 105
3375074 0 105
3376590 0 106
3378064 0 104
3379478 0 105
3380932 0 106
3382345 0 104
3383737 0 105
3385150 0 105
3386625 0 105
3388079 0 105
3389615 0 105
3391110 0 106
3392625 0 104
3394059 0 105
3395534 0 105
3396947 0 105
3398360 0 105
3399752 0 105
3401206 0 105
3402660 0 105
3404053 0 106
3405589 0 104
3407023 0 105
3408436 0 105
3409910 0 105
3411364 0 105
3412818 0 105
3414334 0 105
3415890 0 106
3417406 0 104
3418921 0 105
3420375 0 105
3421911 0 105
3423304 0 106
3424738 0 104
3426253 0 105
3427707 0 105
3429141 0 105
3430554 0 106
3432049 0 104
3433605 0 105
3435080 0 106
3436636 0 104
3438131 0 105
3439647 0 105
3441142 0 105
3442637 0 106
3444132 0 104
3445524 0 105
3446958 0 105
3448371 0 106
3449887 0 104
3451443 0 105
3452999 0 105
3454392 0 105
3455867 0 105
3457341 0 105
3458877 0 106
3460311 0 104
3461744 0 105
3463157 0 105
3464693 0 106
3466250 0 104
3467786 0 105
3469219 0 105
3470735 0 105
3472250 0 106
3473663 0 104
3475199 0 105
3476592 0 105
3478107 0 105
3479582 0 105
3480975 0 106
3482429 0 104
3483883 0 105
3485419 0 105
3486914 0 105
3488388 0 105
3489924 0 105
3491440 0 105
3492955 0 106
3494471 0 104
3495884 0 105
3497420 0 105
3498853 0 106
3500348 0 104
3501843 0 105
3503359 0 105
3504895 0 105
3506390 0 105
3507823 0 106
3509257 0 104
3510732 0 105
3512206 0 106
3513701 0 104
3515094 0 105
3516650 0 105
3518063 0 105
3519497 0 105
3521033 0 105
3522487 0 106
3523961 0 104
3525354 0 105
3526808 0 105
3528221 0 105
3529737 0 105
3531252 0 105
3532809 0 106
3534263 0 104
3535778 0 105
3537232 0 106
3538707 0 104
3540140 0 105
3541574 0 105
3543028 0 106
3544523 0 104
3546059 0 105
3547472 0 105
3548926 0 106
3550483 0 104
3551875 0 105
3553411 0 105
3554927 0 105
3556340 0 105
3557794 0 105
3559186 0 105
3560702 0 106
3562176 0 104
3563589 0 105
3565003 0 106
3566436 0 104
3567972 0 105
3569385 0 105
3570798 0 105
3572252 0 105
3573645 0 105
3575140 0 106
3576533 0 104
3578007 0 105
3579523 0 105
3581018 0 105
3582574 0 106
3584131 0 104
3585544 0 105
3586957 0 106
3588370 0 104
3589865 0 105
3591278 0 105
3592814 0 105
3594207 0 106
3595722 0 104
3597197 0 105
3598733 0 105
3600248 0 105
3601743 0 105
3603218 0 105
3604692 0 106
3606208 0 104
3607744 0 105
3609198 0 106
3610672 0 104
3612065 0 105
3613601 0 106
3615034 0 104
3616447 0 105
3617963 0 106
3619376 0 104
3620892 0 105
3622407 0 105
3623820 0 105
3625213 0 105
3626749 0 106
3628203 0 104
3629698 0 105
3631131 0 105
3632626 0 105
3634121 0 106
3635657 0 104
3637132 0 105
3638688 0 105
3640081 0 105
3641617 0 105
3643030 0 105
3644443 0 106
3645836 0 104
3647269 0 105
3648744 0 105
3650157 0 105
3651590 0 106
3653065 0 104
3654601 0 105
3656035 0 105
3657468 0 105
3658984 0 106
3660438 0 104
3661830 0 105
3663366 0 105
3664800 0 105
3666315 0 105
3667851 0 106
3669408 0 104
3670903 0 105
3672398 0 105
3673872 0 105
3675306 0 105
3676801 0 105
3678337 0 106
3679893 0 104
3681450 0 105
3682904 0 105
3684337 0 106
3685751 0 104
3687184 0 105
3688679 0 106
3690072 0 104
3691505 0 105
3692980 0 105
3694454 0 105
3695929 0 105
3697362 0 106
3698796 0 104
3700271 0 105
3701766 0 106
3703240 0 104
3704674 0 105
3706148 0 105
3707602 0 105
3709097 0 105
3710613 0 105
3712067 0 105
3713500 0 106
3715016 0 104
3716409 0 105
3717924 0 105
3719440 0 105
3720832 0 106
3722389 0 104
3723884 0 105
3725379 0 105
3726935 0 105
3728492 0 106
3730028 0 104
3731502 0 105
3732956 0 105
3734410 0 105
3735823 0 105
3737339 0 106
3738752 0 104
3740247 0 105
3741803 0 106
3743237 0 104
3744711 0 105
3746165 0 106
3747722 0 104
3749197 0 105
3750610 0 105
3752023 0 105
3753559 0 105
3754972 0 105
3756405 0 105
3757941 0 106
3759477 0 104
3760890 0 105
3762426 0 105
3763921 0 105
3765355 0 105
3766891 0 105
3768345 0 106
3769901 0 104
3771314 0 105
3772769 0 105
3774223 0 105
3775738 0 105
3777172 0 105
3778646 0 105
3780182 0 105
3781595 0 106
3783070 0 104
3784544 0 105
3786039 0 105
3787514 0 106
3789029 0 104
3790524 0 105
3792060 0 105
3793535 0 106
3794989 0 104
3796463 0 105
3797918 0 105
3799331 0 106
3800887 0 104
3802403 0 105
3803939 0 105
3805434 0 105
3806929 0 105
3808444 0 105
3809857 0 105
3811332 0 106
3812765 0 104
3814301 0 105
3815714 0 106
3817250 0 104
3818725 0 105
3820199 0 105
3821633 0 105
3823046 0 105
3824521 0 105
3826077 0 106
3827613 0 104
3829149 0 105
3830705 0 106
3832241 0 104
3833777 0 105
3835334 0 105
3836829 0 105
3838344 0 105
3839819 0 105
