99791 0 6
101307 0 9
102802 0 4
104174 0 3
105607 0 10
107102 0 2
108597 0 12
110072 0 4
111505 0 1
113041 0 2
114516 0 24
115949 0 22
117424 0 15
118878 0 14
120291 0 23
121745 0 31
123322 0 1
124776 0 14
126251 0 20
127807 0 23
129282 0 22
130838 0 29
132272 0 4
133746 0 22
135303 0 21
136859 0 33
138395 0 11
139870 0 20
141467 0 13
142921 0 23
144314 0 29
145747 0 3
147283 0 19
148696 0 30
150130 0 10
151707 0 16
153140 0 13
154656 0 25
156192 0 7
157748 0 23
159223 0 16
160697 0 13
162131 0 28
163565 0 6
164978 0 23
166391 0 36
167906 0 1
169319 0 18
170896 0 35
172350 0 1
173886 0 20
175402 0 22
176958 0 16
178433 0 34
179825 0 8
181382 0 19
182918 0 16
184454 0 28
185867 0 11
187321 0 13
188837 0 23
190291 0 16
191745 0 16
193158 0 15
194714 0 29
196250 0 2
197745 0 14
199240 0 19
200735 0 33
202148 0 6
203705 0 13
205118 0 23
206572 0 16
208046 0 16
209439 0 15
210893 0 15
212409 0 32
213945 0 2
215440 0 14
216873 0 27
218327 0 5
219802 0 21
221276 0 20
222751 0 26
224225 0 8
225802 0 22
227277 0 18
228772 0 20
230205 0 13
231700 0 20
233175 0 15
234711 0 25
236226 0 3
237762 0 17
239175 0 16
240609 0 31
242104 0 2
243640 0 16
245033 0 14
246487 0 15
248043 0 14
249579 0 35
251095 0 3
252487 0 13
254044 0 22
255600 0 15
257054 0 20
258611 0 35
260065 0 6
261498 0 15
263055 0 14
264447 0 13
265860 0 21
267335 0 17
268830 0 34
270305 0 3
271861 0 14
273254 0 22
274790 0 15
276182 0 36
277636 0 11
279049 0 20
280544 0 17
281978 0 23
283391 0 35
284907 0 2
286422 0 20
287856 0 23
289351 0 26
290887 0 2
292300 0 13
293815 0 25
295372 0 6
296826 0 13
298300 0 16
299816 0 15
301229 0 31
302703 0 6
304178 0 19
305632 0 24
307086 0 16
308479 0 14
309892 0 36
311346 0 2
312861 0 14
314377 0 24
315913 0 15
317387 0 25
318800 0 11
320336 0 23
321770 0 18
323245 0 26
324780 0 12
326275 0 24
327668 0 20
329204 0 21
330638 0 15
332071 0 20
333505 0 31
335020 0 4
336433 0 16
337928 0 20
339444 0 22
340877 0 21
342352 0 33
343806 0 10
345342 0 24
346898 0 23
348455 0 23
349888 0 23
351424 0 31
352878 0 5
354353 0 16
355725 0 16
357097 0 28
358613 0 8
360046 0 16
361480 0 17
362975 0 33
364470 0 3
365863 0 14
367255 0 29
368750 0 8
370225 0 16
371597 0 15
373051 0 24
374587 0 26
375979 0 9
377515 0 21
379031 0 36
380485 0 6
382021 0 24
383496 0 23
385031 0 19
386486 0 15
387960 0 36
389496 0 1
391012 0 15
392486 0 22
393981 0 15
395476 0 32
396869 0 9
398302 0 14
399777 0 19
401231 0 23
402685 0 32
404200 0 9
405736 0 19
407190 0 13
408726 0 17
410201 0 26
411655 0 9
413089 0 24
414563 0 26
416038 0 1
417533 0 20
419048 0 22
420502 0 19
421977 0 14
423492 0 15
424885 0 19
426441 0 23
427957 0 34
429472 0 10
431008 0 17
432442 0 28
433855 0 8
435309 0 13
436865 0 14
438258 0 16
439630 0 27
441146 0 1
442579 0 17
444074 0 16
445549 0 25
447023 0 3
448477 0 16
449931 0 23
451406 0 21
452942 0 14
454478 0 23
456034 0 29
457448 0 1
458943 0 21
460438 0 28
461830 0 7
463407 0 13
464841 0 21
466377 0 31
467892 0 4
469346 0 19
470841 0 24
472316 0 14
473811 0 35
475326 0 3
476862 0 17
478296 0 27
479688 0 8
481183 0 20
482678 0 13
484092 0 22
485525 0 14
487000 0 19
488454 0 27
489928 0 11
491423 0 21
492939 0 36
494475 0 8
495949 0 16
497321 0 20
498796 0 21
500352 0 16
501827 0 29
503342 0 9
504878 0 19
506312 0 17
507705 0 14
509220 0 13
510715 0 27
512169 0 10
513664 0 17
515200 0 13
516675 0 35
518190 0 11
519747 0 19
521242 0 18
522798 0 19
524334 0 22
525829 0 34
527242 0 1
528778 0 13
530191 0 14
531584 0 32
532976 0 2
534451 0 19
535885 0 18
537359 0 28
538834 0 9
540267 0 21
541803 0 18
543319 0 17
544732 0 24
546124 0 29
547660 0 5
549217 0 19
550732 0 17
552145 0 13
553661 0 33
555094 0 5
556549 0 21
558003 0 14
559457 0 19
561013 0 15
562529 0 16
564003 0 14
565539 0 25
566973 0 10
568468 0 14
569860 0 20
571437 0 18
572912 0 23
574345 0 13
575861 0 18
577417 0 35
578851 0 1
580387 0 24
581861 0 23
583397 0 25
584974 0 5
586449 0 17
587923 0 27
589336 0 11
590750 0 14
592183 0 14
593658 0 23
595091 0 14
596586 0 14
598020 0 27
599412 0 10
600887 0 22
602464 0 36
604000 0 10
605515 0 13
607031 0 27
608464 0 2
609878 0 17
611352 0 18
612847 0 16
614363 0 17
615796 0 24
617230 0 30
618704 0 11
620179 0 20
621715 0 27
623210 0 7
624664 0 22
626220 0 18
627695 0 30
629128 0 11
630623 0 13
632077 0 22
633572 0 21
635108 0 13
636644 0 24
638098 0 28
639634 0 7
641088 0 17
642502 0 21
643976 0 20
645451 0 15
646987 0 17
648420 0 15
649895 0 17
651328 0 26
652700 0 4
654114 0 21
655609 0 34
657124 0 8
658578 0 15
659991 0 17
661445 0 18
662879 0 20
664374 0 24
665807 0 31
667241 0 10
668695 0 19
670149 0 35
671624 0 5
673139 0 13
674614 0 31
676088 0 5
677481 0 13
678935 0 18
680389 0 13
681925 0 17
683379 0 13
684772 0 27
686308 0 11
687741 0 21
689277 0 21
690690 0 22
692206 0 21
693742 0 20
695298 0 31
696773 0 4
698186 0 16
699578 0 18
701073 0 18
702527 0 32
704063 0 5
705456 0 17
706951 0 35
708487 0 3
710002 0 17
711498 0 22
712972 0 24
714488 0 16
715901 0 31
717334 0 8
718850 0 18
720406 0 13
721840 0 17
723294 0 20
724748 0 13
726284 0 33
727717 0 11
729130 0 15
730625 0 27
732161 0 4
733636 0 16
735029 0 19
736606 0 21
738121 0 17
739555 0 14
741009 0 23
742545 0 30
743896 0 10
745432 0 20
746886 0 20
748381 0 24
749774 0 30
751289 0 2
752723 0 16
754157 0 33
755631 0 11
757126 0 19
758580 0 19
760096 0 17
761488 0 22
763004 0 27
764417 0 7
765830 0 20
767346 0 23
768738 0 22
770254 0 33
771728 0 3
773264 0 18
774718 0 33
776213 0 5
777708 0 17
779224 0 20
780760 0 18
782255 0 21
783709 0 24
785163 0 33
786637 0 1
788071 0 16
789464 0 30
790959 0 1
792372 0 13
793764 0 35
795218 0 11
796693 0 14
798188 0 14
799662 0 13
801157 0 22
802734 0 14
804209 0 30
805622 0 6
807137 0 13
808551 0 22
809964 0 23
811397 0 14
812892 0 34
814305 0 7
815800 0 24
817316 0 28
818770 0 7
820244 0 18
821658 0 25
823153 0 8
824689 0 15
826204 0 31
827760 0 11
829255 0 14
830771 0 26
832307 0 2
833822 0 24
835358 0 22
836894 0 13
838307 0 20
839823 0 33
841257 0 7
842833 0 24
844349 0 32
845824 0 10
847257 0 15
848691 0 16
850124 0 14
851537 0 17
853012 0 34
854466 0 4
855838 0 21
857374 0 28
858890 0 11
860344 0 18
861798 0 24
863293 0 14
864788 0 21
866283 0 31
867839 0 5
869232 0 15
870727 0 23
872242 0 13
873635 0 32
875048 0 9
876502 0 17
877915 0 17
879369 0 21
880803 0 16
882195 0 19
883608 0 17
885063 0 19
886476 0 28
887909 0 6
889445 0 22
890920 0 23
892456 0 21
893992 0 22
895548 0 20
897105 0 32
898600 0 6
900054 0 14
901590 0 36
903167 0 5
904662 0 15
906177 0 17
907693 0 21
909188 0 34
910642 0 7
912178 0 13
913632 0 31
915147 0 4
916519 0 17
918055 0 18
919530 0 35
921066 0 4
922438 0 22
923974 0 15
925366 0 20
926923 0 20
928438 0 15
929851 0 29
931387 0 3
932923 0 23
934398 0 14
935934 0 17
937327 0 33
938781 0 11
940337 0 20
941853 0 21
943409 0 20
944863 0 33
946399 0 7
947833 0 18
949287 0 15
950700 0 33
952134 0 10
953568 0 16
955022 0 35
956436 0 6
957991 0 19
959445 0 22
961001 0 21
962435 0 24
963931 0 20
965466 0 28
966941 0 11
968477 0 20
969931 0 31
971446 0 5
972942 0 19
974396 0 16
975850 0 23
977304 0 14
978738 0 20
980191 0 20
981708 0 28
983160 0 6
984656 0 20
986253 0 20
987790 0 13
989244 0 16
990719 0 34
992172 0 5
993646 0 22
995141 0 21
996595 0 21
998152 0 15
999627 0 21
1385690 0 101
1387123 0 101
1388536 0 101
1389990 0 101
1391506 0 101
1393001 0 101
1394537 0 101
1395929 0 101
1397445 0 101
1398981 0 101
1400414 0 102
1401930 0 102
1403343 0 102
1404899 0 102
1406292 0 102
1407828 0 102
1409241 0 102
1410675 0 103
1412129 0 101
1413603 0 102
1414996 0 102
1416532 0 102
1417965 0 102
1419522 0 103
1421017 0 101
1422553 0 102
1423966 0 103
1425400 0 101
1426874 0 102
1428390 0 103
1429803 0 101
1431339 0 102
1432752 0 102
1434185 0 102
1435701 0 103
1437237 0 101
1438670 0 102
1440083 0 102
1441558 0 103
1443135 0 101
1444548 0 102
1446084 0 102
1447599 0 102
1449135 0 102
1450549 0 102
1452085 0 103
1453518 0 101
1454952 0 102
1456488 0 103
1458003 0 101
1459457 0 102
1460952 0 102
1462468 0 103
1463922 0 101
1465314 0 102
1466871 0 103
1468366 0 101
1469902 0 102
1471417 0 102
1472892 0 102
1474428 0 103
1475984 0 101
1477418 0 102
1478954 0 102
1480408 0 102
1481841 0 102
1483234 0 103
1484668 0 101
1486224 0 102
1487617 0 102
1489050 0 103
1490525 0 101
1492020 0 102
1493453 0 102
1494948 0 102
1496382 0 102
1497795 0 102
1499249 0 103
1500703 0 101
1502198 0 102
1503714 0 102
1505127 0 102
1506663 0 103
1508096 0 101
1509591 0 102
1510984 0 102
1512479 0 102
1513954 0 103
1515490 0 101
1516944 0 102
1518357 0 102
1519811 0 102
1521224 0 102
1522739 0 102
1524275 0 102
1525688 0 103
1527204 0 101
1528678 0 102
1530173 0 102
1531689 0 103
1533225 0 101
1534720 0 102
1536194 0 102
1537710 0 102
1539246 0 102
1540720 0 102
1542256 0 102
1543792 0 103
1545205 0 101
1546660 0 102
1548073 0 103
1549506 0 101
1551042 0 102
1552558 0 102
1553950 0 102
1555445 0 102
1556858 0 103
1558435 0 101
1559971 0 102
1561364 0 102
1562879 0 102
1564436 0 102
1565869 0 103
1567385 0 101
1568880 0 102
1570354 0 103
1571911 0 101
1573385 0 102
1574901 0 103
1576457 0 101
1577932 0 102
1579345 0 102
1580901 0 103
1582315 0 101
1583789 0 102
1585182 0 103
1586738 0 101
1588254 0 102
1589687 0 102
1591100 0 102
1592575 0 102
1594049 0 102
1595524 0 102
1596917 0 103
1598350 0 101
1599784 0 102
1601217 0 103
1602774 0 101
1604187 0 102
1605723 0 102
1607197 0 102
1608672 0 102
1610126 0 103
1611641 0 101
1613095 0 102
1614488 0 102
1616024 0 102
1617458 0 102
1618994 0 102
1620509 0 102
1622045 0 103
1623622 0 101
1625035 0 102
1626469 0 102
1627984 0 102
1629397 0 103
1630954 0 101
1632449 0 102
1633882 0 102
1635398 0 102
1636934 0 103
1638470 0 101
1639883 0 102
1641378 0 102
1642914 0 103
1644470 0 101
1645986 0 102
1647399 0 102
1648873 0 102
1650389 0 102
1651863 0 102
1653379 0 103
1654853 0 101
1656308 0 102
1657721 0 103
1659134 0 101
1660526 0 102
1662042 0 102
1663557 0 102
1665032 0 102
1666486 0 102
1667940 0 103
1669353 0 101
1670746 0 102
1672261 0 102
1673777 0 102
1675190 0 102
1676705 0 103
1678200 0 101
1679736 0 102
1681272 0 102
1682747 0 102
1684262 0 103
1685839 0 101
1687232 0 102
1688645 0 102
1690140 0 102
1691696 0 102
1693212 0 102
1694645 0 103
1696202 0 101
1697676 0 102
1699130 0 102
1700646 0 102
1702141 0 102
1703534 0 102
1705029 0 103
1706585 0 101
1708101 0 102
1709514 0 102
1710927 0 103
1712463 0 101
1713937 0 102
1715330 0 103
1716845 0 101
1718279 0 102
1719692 0 102
1721085 0 102
1722580 0 102
1724116 0 102
1725529 0 102
1726983 0 103
1728519 0 101
1730034 0 102
1731570 0 102
1733024 0 102
1734519 0 103
1735953 0 101
1737366 0 102
1738881 0 103
1740417 0 101
1741933 0 102
1743428 0 103
1744943 0 101
1746397 0 102
1747831 0 102
1749367 0 102
1750760 0 102
1752296 0 102
1753688 0 102
1755204 0 103
1756617 0 101
1758153 0 102
1759607 0 102
1761040 0 102
1762433 0 102
1763826 0 102
1765239 0 103
1766734 0 101
1768229 0 102
1769621 0 102
1771055 0 102
1772468 0 102
1773861 0 103
1775335 0 101
1776851 0 102
1778264 0 102
1779656 0 102
1781049 0 103
1782524 0 101
1784039 0 102
1785514 0 103
1787050 0 101
1788504 0 102
1789937 0 102
1791330 0 103
1792784 0 101
1794299 0 102
1795794 0 103
1797310 0 101
1798743 0 102
1800218 0 102
1801611 0 103
1803147 0 101
1804580 0 102
1806075 0 102
1807488 0 102
1808881 0 102
1810335 0 102
1811789 0 102
1813325 0 103
1814738 0 101
1816254 0 102
1817687 0 102
1819162 0 102
1820698 0 102
1822234 0 103
1823729 0 101
1825162 0 102
1826678 0 103
1828132 0 101
1829647 0 102
1831163 0 102
1832576 0 102
1834091 0 102
1835627 0 103
1837102 0 101
1838556 0 102
1840092 0 102
1841505 0 103
1842939 0 101
1844393 0 102
1845929 0 103
1847424 0 101
1848939 0 102
1850475 0 102
1851888 0 102
1853301 0 102
1854776 0 102
1856209 0 102
1857663 0 102
1859158 0 103
1860613 0 101
1862005 0 102
1863480 0 102
1864975 0 102
1866449 0 103
1868026 0 101
1869480 0 102
1870996 0 102
1872511 0 102
1874006 0 102
1875481 0 103
1876996 0 101
1878471 0 102
1879925 0 102
1881338 0 102
1882833 0 103
1884246 0 101
1885700 0 102
1887236 0 103
1888690 0 101
1890103 0 102
1891578 0 102
1893011 0 102
1894445 0 102
1895940 0 103
1897496 0 101
1898909 0 102
1900445 0 102
1901961 0 103
1903374 0 101
1904808 0 102
1906241 0 102
1907695 0 102
1909108 0 103
1910562 0 101
1912037 0 102
1913552 0 102
1915047 0 102
1916522 0 102
1918037 0 103
1919512 0 101
1921007 0 102
1922522 0 102
1923936 0 102
1925471 0 102
1926905 0 102
1928318 0 102
1929854 0 102
1931370 0 103
1932865 0 101
1934319 0 102
1935752 0 103
1937309 0 101
1938763 0 102
1940176 0 102
1941671 0 102
1943227 0 102
1944702 0 103
1946258 0 101
1947733 0 102
1949269 0 102
1950784 0 103
1952300 0 101
1953692 0 102
1955126 0 102
1956621 0 102
1958014 0 102
1959427 0 102
1960983 0 103
1962417 0 101
1963871 0 102
1965263 0 102
1966738 0 102
1968233 0 102
1969626 0 102
1971100 0 102
1972554 0 103
1973988 0 101
1975503 0 102
1976896 0 102
1978452 0 102
1979886 0 103
1981381 0 101
1982774 0 102
1984187 0 102
1985641 0 102
1987115 0 102
1988631 0 102
1990105 0 103
1991621 0 101
1993013 0 102
1994549 0 102
1996085 0 102
1997560 0 103
1998993 0 101
2000488 0 102
2002004 0 103
2003417 0 101
2004851 0 102
2006387 0 103
2007841 0 101
2009336 0 102
2010810 0 103
2012285 0 101
2013780 0 102
2015295 0 102
2016852 0 103
2018326 0 101
2019821 0 102
2021357 0 102
2022791 0 102
2024224 0 102
2025740 0 102
2027214 0 102
2028607 0 103
2030102 0 101
2031515 0 102
2032928 0 102
2034321 0 102
2035795 0 102
2037208 0 102
2038662 0 102
2040117 0 103
2041591 0 101
2043025 0 102
2044479 0 102
2045892 0 103
2047305 0 101
2048718 0 102
2050193 0 103
2051729 0 101
2053162 0 102
2054575 0 102
2055988 0 103
2057545 0 101
2058999 0 102
2060412 0 103
2061845 0 101
2063238 0 102
2064631 0 102
2066167 0 102
2067641 0 102
2069136 0 103
2070631 0 101
2072147 0 102
2073539 0 102
2075096 0 102
2076529 0 103
2078004 0 101
2079540 0 102
2081055 0 103
2082591 0 101
2084127 0 102
2085622 0 102
2087035 0 103
2088592 0 101
2090025 0 102
2091479 0 103
2092995 0 101
2094408 0 102
2095842 0 103
2097296 0 101
2098770 0 102
2100286 0 103
2101822 0 101
2103255 0 102
2104791 0 103
2106327 0 101
2107761 0 102
2109276 0 102
2110710 0 102
2112205 0 103
2113659 0 101
2115174 0 102
2116669 0 102
2118083 0 102
2119619 0 102
2121093 0 103
2122649 0 101
2124185 0 102
2125721 0 103
2127257 0 101
2128691 0 102
2130186 0 102
2131702 0 102
2133094 0 102
2134487 0 103
2136043 0 101
2137436 0 102
2138828 0 102
2140323 0 103
2141737 0 101
2143191 0 102
2144583 0 102
2146037 0 103
2147573 0 101
2148966 0 102
2150379 0 103
2151894 0 101
2153287 0 102
2154782 0 103
2156236 0 101
2157629 0 102
2159103 0 102
2160516 0 102
2161909 0 102
2163384 0 102
2164797 0 103
2166210 0 101
2167746 0 102
2169241 0 102
2170736 0 103
2172292 0 101
2173746 0 102
2175159 0 102
2176613 0 102
2178149 0 102
2179665 0 102
2181201 0 102
2182655 0 103
2184150 0 101
2185686 0 102
2187140 0 103
2188614 0 101
2190150 0 102
2191666 0 102
2193181 0 102
2194656 0 102
2196151 0 102
2197544 0 102
2199018 0 103
2200534 0 101
2201947 0 102
2203483 0 103
2205019 0 101
2206493 0 102
2208050 0 102
2209565 0 102
2211040 0 103
2212514 0 101
2213968 0 102
2215504 0 102
2217020 0 102
2218433 0 102
2219969 0 103
2221443 0 101
2222918 0 102
2224372 0 102
2225805 0 103
2227362 0 101
2228898 0 102
2230372 0 103
2231786 0 101
2233199 0 102
2234632 0 102
2236168 0 102
2237561 0 103
2239035 0 101
2240530 0 102
2242025 0 103
2243479 0 101
2244974 0 102
2246510 0 103
2248026 0 101
2249439 0 102
2250914 0 102
2252347 0 102
2253781 0 102
2255255 0 102
2256730 0 103
2258143 0 101
2259617 0 102
2261030 0 102
2262525 0 102
2263980 0 102
2265516 0 102
2266970 0 103
2268383 0 101
2269857 0 102
2271250 0 102
2272704 0 102
2274219 0 103
2275776 0 101
2277291 0 102
2278745 0 102
2280220 0 102
2281613 0 102
2283005 0 102
2314324 0 40
2315881 0 45
2317417 0 41
2318809 0 37
2320284 0 47
2321779 0 38
2323294 0 47
2324789 0 42
2326244 0 48
2327759 0 38
2329213 0 60
2330626 0 59
2332060 0 57
2333596 0 51
2335152 0 51
2336586 0 68
2338142 0 45
2339576 0 53
2340989 0 60
2342443 0 58
2343979 0 64
2345412 0 48
2346948 0 53
2348443 0 57
2349918 0 59
2351474 0 54
2352990 0 51
2354423 0 66
2355837 0 46
2357414 0 59
2358868 0 58
2360424 0 61
2361837 0 46
2363312 0 51
2364725 0 55
2366179 0 60
2367653 0 59
2369148 0 53
2370623 0 52
2372056 0 66
2373572 0 46
2375108 0 57
2376562 0 62
2378078 0 48
2379593 0 55
2381027 0 63
2382542 0 41
2384058 0 52
2385594 0 56
2387048 0 55
2388604 0 52
2390058 0 65
2391492 0 47
2393028 0 54
2394523 0 56
2396059 0 54
2397513 0 54
2398946 0 62
2400462 0 44
2401916 0 57
2403431 0 54
2404967 0 49
2406360 0 59
2407875 0 64
2409432 0 40
2410947 0 57
2412463 0 63
2413896 0 43
2415391 0 56
2416948 0 65
2418463 0 38
2419917 0 50
2421453 0 65
2422866 0 43
2424280 0 50
2425734 0 64
2427270 0 39
2428806 0 59
2430239 0 67
2431734 0 44
2433209 0 51
2434765 0 53
2436301 0 60
2437735 0 52
2439148 0 59
2440643 0 51
2442138 0 71
2443633 0 48
2445107 0 55
2446623 0 65
2448159 0 47
2449695 0 55
2451251 0 58
2452726 0 50
2454262 0 54
2455654 0 68
2457088 0 43
2458501 0 56
2459914 0 53
2461348 0 57
2462904 0 72
2464420 0 37
2465874 0 54
2467307 0 54
2468864 0 59
2470379 0 58
2471895 0 57
2473410 0 50
2474967 0 62
2476482 0 37
2477936 0 59
2479493 0 58
2480947 0 49
2482483 0 55
2484039 0 60
2485596 0 70
2487009 0 45
2488504 0 53
2489937 0 53
2491350 0 54
2492866 0 71
2494422 0 40
2495835 0 49
2497249 0 52
2498805 0 49
2500218 0 50
2501693 0 60
2503249 0 72
2504683 0 39
2506157 0 54
2507632 0 61
2509168 0 39
2510683 0 57
2512260 0 50
2513776 0 55
2515291 0 57
2516786 0 61
2518199 0 40
2519612 0 53
2521107 0 59
2522561 0 53
2524118 0 68
2525633 0 42
2527149 0 52
2528664 0 56
2530118 0 57
2531593 0 52
2533149 0 60
2534665 0 59
2536160 0 64
2537675 0 43
2539109 0 54
2540665 0 53
2542140 0 54
2543533 0 58
2544966 0 50
2546482 0 56
2548018 0 54
2549492 0 67
2550905 0 37
2552359 0 56
2553813 0 71
2555247 0 47
2556742 0 56
2558216 0 67
2559671 0 47
2561104 0 51
2562517 0 54
2563910 0 57
2565405 0 54
2566961 0 50
2568395 0 58
2569849 0 64
2571405 0 43
2572921 0 58
2574498 0 55
2575972 0 50
2577385 0 49
2578839 0 68
2580375 0 39
2581850 0 60
2583324 0 55
2584840 0 57
2586376 0 56
2587810 0 70
2589325 0 46
2590820 0 50
2592377 0 68
2593831 0 41
2595346 0 59
2596800 0 60
2598336 0 57
2599872 0 49
2601388 0 59
2602801 0 50
2604316 0 54
2605770 0 71
2607245 0 47
2608740 0 59
2610276 0 63
2611689 0 39
2613184 0 49
2614699 0 60
2616215 0 49
2617751 0 59
2619246 0 59
2620700 0 61
2622256 0 41
2623731 0 58
2625185 0 71
2626618 0 37
2628073 0 58
2629527 0 60
2631063 0 72
2632537 0 39
2634012 0 49
2635445 0 70
2636920 0 39
2638353 0 54
2639910 0 54
2641425 0 61
2642859 0 41
2644272 0 58
2645767 0 50
2647282 0 50
2648839 0 57
2650272 0 57
2651747 0 56
2653160 0 71
2654717 0 44
2656232 0 54
2657645 0 59
2659099 0 70
2660553 0 45
2662007 0 58
2663523 0 52
2664956 0 49
2666492 0 54
2667926 0 69
2669360 0 39
2670895 0 55
2672350 0 59
2673783 0 60
2675299 0 66
2676794 0 37
2678227 0 55
2679640 0 63
2681197 0 40
2682712 0 58
2684187 0 68
2685600 0 40
2687013 0 55
2688528 0 57
2690105 0 53
2691580 0 51
2692973 0 56
2694488 0 69
2696065 0 43
2697580 0 58
2699075 0 72
2700489 0 46
2702025 0 52
2703458 0 54
2704974 0 53
2706428 0 60
2707882 0 71
2709336 0 44
2710872 0 57
2712346 0 62
2713903 0 37
2715439 0 58
2716975 0 52
2718511 0 60
2719903 0 50
2721460 0 65
2722934 0 39
2724429 0 59
2725863 0 56
2727399 0 51
2728832 0 55
2730286 0 67
2731822 0 43
2733338 0 52
2734915 0 65
2736328 0 46
2737761 0 60
2739216 0 55
2740772 0 51
2742206 0 51
2743639 0 65
2745114 0 47
2746547 0 51
2748063 0 67
2749496 0 47
2750930 0 60
2752323 0 58
2753879 0 72
2755292 0 41
2756767 0 56
2758262 0 60
2759716 0 52
2761272 0 61
2762726 0 42
2764160 0 58
2765655 0 62
2767047 0 47
2768481 0 58
2770017 0 72
2771491 0 40
2773007 0 59
2774461 0 58
2775956 0 53
2777369 0 56
2778905 0 58
2780339 0 59
2781731 0 54
2783288 0 70
2784803 0 41
2786298 0 59
2787732 0 51
2789247 0 69
2790701 0 47
2792155 0 54
2793692 0 60
2795105 0 54
2796518 0 54
2797931 0 54
2799344 0 56
2800818 0 66
2802375 0 44
2803849 0 51
2805283 0 50
2806798 0 54
2808355 0 63
2809891 0 48
2811345 0 55
2812758 0 54
2814212 0 52
2815728 0 52
2817182 0 49
2818615 0 66
2820049 0 42
2821503 0 56
2822957 0 49
2824493 0 58
2826070 0 60
2827524 0 51
2829080 0 57
2830616 0 64
2832111 0 41
2833668 0 60
2835122 0 58
2836617 0 68
2838132 0 42
2839668 0 50
2841122 0 56
2842617 0 50
2844051 0 52
2845464 0 68
2846938 0 41
2848413 0 51
2849888 0 60
2851444 0 60
2853000 0 72
2854495 0 47
2855991 0 53
2857465 0 62
2858878 0 41
2860312 0 54
2861868 0 60
2863384 0 51
2864920 0 54
2866333 0 69
2867807 0 41
2869323 0 59
2870838 0 57
2872272 0 60
2873705 0 49
2875221 0 58
2876777 0 54
2878313 0 65
2879829 0 37
2881283 0 54
2882819 0 67
2884355 0 46
2885809 0 57
2887222 0 60
2888696 0 58
2890232 0 63
2891646 0 41
2893182 0 51
2894656 0 63
2896172 0 48
2897626 0 56
2899162 0 54
2900677 0 72
2902049 0 40
2903606 0 55
2905183 0 69
2906657 0 37
2908050 0 57
2909524 0 61
2911060 0 48
2912576 0 50
2914112 0 67
2915627 0 48
2917122 0 50
2918658 0 55
2920092 0 52
2921648 0 57
2923205 0 62
2924638 0 40
2926133 0 56
2927628 0 57
2929164 0 49
2930598 0 55
2932134 0 64
2933567 0 42
2935124 0 57
2936598 0 56
2938073 0 54
2939588 0 54
2941042 0 54
2942558 0 49
2944114 0 69
2945528 0 48
2946982 0 50
2948477 0 67
2949992 0 39
2951549 0 57
2953044 0 58
2954580 0 58
2956054 0 55
2957570 0 67
2959065 0 44
2960560 0 57
2962116 0 51
2963632 0 71
2965147 0 38
2966642 0 59
2968076 0 56
2969653 0 57
2971086 0 63
2972520 0 42
2974015 0 57
2975510 0 58
2977005 0 54
2978541 0 57
2979954 0 57
2981531 0 68
2982944 0 41
2984439 0 54
2985852 0 72
2987265 0 38
2988760 0 60
2990255 0 71
2991668 0 40
2993225 0 57
2994658 0 64
2996174 0 39
2997710 0 56
2999184 0 65
3000720 0 44
3002195 0 52
3003751 0 66
3005164 0 48
3006618 0 55
3008113 0 64
3009588 0 45
3011083 0 57
3012619 0 62
3014134 0 45
3015568 0 55
3017083 0 52
3018660 0 56
3020237 0 56
3021712 0 61
3023145 0 43
3024599 0 58
3026033 0 56
3027467 0 59
3028941 0 66
3030395 0 45
3031890 0 49
3033303 0 53
3034778 0 50
3036191 0 55
3037604 0 55
3039038 0 71
3040512 0 47
3042007 0 59
3043420 0 64
3044936 0 47
3046369 0 49
3047905 0 63
3049359 0 44
3050834 0 49
3052288 0 68
3053824 0 45
3055380 0 60
3056896 0 59
3058411 0 56
3059988 0 57
3061565 0 61
3063060 0 44
3064494 0 49
3066009 0 58
3067443 0 58
3068938 0 53
3070494 0 56
3071907 0 49
3073423 0 50
3074938 0 64
3076372 0 47
3077826 0 56
3079362 0 54
3080877 0 56
3082311 0 59
3083827 0 50
3085260 0 54
3086714 0 64
3088107 0 47
3089520 0 55
3091076 0 57
3092592 0 57
3094046 0 49
3095479 0 61
3096934 0 39
3098347 0 57
3099883 0 57
3101378 0 52
3102893 0 57
3104368 0 60
3105924 0 58
3107501 0 63
3109037 0 48
3110573 0 60
3112088 0 57
3113543 0 52
3115038 0 67
3116512 0 41
3118069 0 51
3119543 0 68
3121018 0 40
3122533 0 50
3123967 0 54
3125523 0 59
3126977 0 50
3128431 0 49
3129885 0 58
3131380 0 68
3132875 0 40
3134288 0 60
3135845 0 54
3137258 0 51
3138794 0 54
3140187 0 60
3141600 0 49
3143033 0 69
3144467 0 47
3146023 0 54
3147559 0 57
3149095 0 52
3150652 0 50
3152167 0 65
3153662 0 42
3155157 0 51
3156673 0 67
3158168 0 45
3159704 0 51
3161260 0 50
3162755 0 55
3164291 0 50
3165704 0 70
3167158 0 47
3168694 0 54
3170210 0 57
3171725 0 50
3173118 0 58
3174613 0 51
3176169 0 56
3177685 0 67
3179180 0 37
3180593 0 60
3182067 0 72
3183583 0 37
3184996 0 54
3186450 0 50
3187884 0 54
3189317 0 63
3190853 0 44
3192389 0 53
3193864 0 66
3195297 0 45
3196833 0 53
3198328 0 49
3199864 0 66
3201318 0 43
3202834 0 49
3204267 0 71
3205742 0 43
3207196 0 58
3208752 0 63
3210206 0 47
3211722 0 50
3213258 0 70
3214753 0 43
3216227 0 59
3217702 0 52
3219136 0 56
3236161 0 104
3237656 0 104
3239151 0 104
3240625 0 104
3242018 0 104
3243472 0 104
3244864 0 104
3246298 0 104
3247711 0 104
3249247 0 104
3250660 0 105
3252217 0 105
3253753 0 105
3255309 0 105
3256784 0 105
3258217 0 105
3259774 0 105
3261248 0 106
3262661 0 104
3264115 0 105
3265651 0 106
3267187 0 104
3268723 0 105
3270136 0 105
3271672 0 105
3273106 0 106
3274662 0 104
3276157 0 105
3277714 0 105
3279188 0 106
3280622 0 104
3282056 0 105
3283510 0 105
3284943 0 105
3286459 0 106
3287872 0 104
3289428 0 105
3290821 0 105
3292213 0 105
3293688 0 105
3295203 0 105
3296698 0 105
3298173 0 105
3299627 0 106
3301184 0 104
3302719 0 105
3304235 0 105
3305669 0 105
3307102 0 106
3308659 0 104
3310195 0 105
3311731 0 105
3313246 0 105
3314721 0 106
3316154 0 104
3317670 0 105
3319185 0 105
3320660 0 105
3322196 0 105
3323629 0 106
3325165 0 104
3326599 0 105
3328053 0 105
3329466 0 105
3330859 0 105
3332313 0 106
3333849 0 104
3335385 0 105
3336839 0 105
3338272 0 105
3339808 0 105
3341262 0 105
3342675 0 105
3344088 0 106
3345563 0 104
3347037 0 105
3348451 0 106
3349905 0 104
3351338 0 105
3352854 0 105
3354390 0 105
3355803 0 106
3357359 0 104
3358854 0 105
3360390 0 105
3361844 0 105
3363278 0 105
3364711 0 105
3366124 0 106
3367619 0 104
3369176 0 105
3370671 0 105
3372166 0 105
3373681 0 105
3375136 0 105
3376651 0 105
3378166 0 106
3379600 0 104
3381116 0 105
3382652 0 105
3384167 0 105
3385662 0 105
3387116 0 106
3388652 0 104
3390127 0 105
3391601 0 105
3393035 0 106
3394448 0 104
3395840 0 105
3397233 0 105
3398667 0 105
3400182 0 105
3401657 0 105
3403172 0 106
3404667 0 104
3406203 0 105
3407698 0 105
3409091 0 106
3410606 0 104
3412101 0 105
3413535 0 105
3414927 0 105
3416341 0 106
3417795 0 104
3419310 0 105
3420764 0 106
3422321 0 104
3423775 0 105
3425188 0 106
3426744 0 104
3428301 0 105
3429796 0 105
3431291 0 105
3432765 0 105
3434301 0 106
3435776 0 104
3437209 0 105
3438602 0 105
3440056 0 105
3441469 0 106
3442882 0 104
3444295 0 105
3445708 0 106
3447265 0 104
3448657 0 105
3450173 0 105
3451607 0 106
3453061 0 104
3454494 0 105
3455989 0 105
3457505 0 105
3459020 0 106
3460577 0 104
3462113 0 105
3463546 0 105
3464959 0 105
3466475 0 105
3467949 0 105
3469444 0 106
3470919 0 104
3472414 0 105
3473868 0 105
3475322 0 105
3476776 0 105
3478189 0 105
3479725 0 105
3481241 0 105
3482777 0 106
3484292 0 104
3485787 0 105
3487200 0 105
3488613 0 105
3490129 0 105
3491542 0 106
3492996 0 104
3494450 0 105
3495904 0 105
3497399 0 105
3498874 0 105
3500307 0 106
3501782 0 104
3503174 0 105
3504669 0 105
3506082 0 106
3507577 0 104
3509093 0 105
3510588 0 105
3512062 0 105
3513578 0 105
3515073 0 105
3516547 0 105
3518063 0 106
3519476 0 104
3520910 0 105
3522405 0 105
3523879 0 105
3525354 0 105
3526808 0 105
3528262 0 106
3529798 0 104
3531334 0 105
3532788 0 105
3534324 0 105
3535798 0 106
3537293 0 104
3538706 0 105
3540120 0 105
3541533 0 105
3542946 0 105
3544482 0 106
3545997 0 104
3547492 0 105
3549049 0 106
3550462 0 104
3551875 0 105
3553309 0 105
3554844 0 105
3556360 0 105
3557773 0 106
3559268 0 104
3560824 0 105
3562299 0 105
3563753 0 106
3565248 0 104
3566682 0 105
3568156 0 106
3569692 0 104
3571105 0 105
3572662 0 105
3574157 0 105
3575713 0 106
3577126 0 104
3578621 0 105
3580096 0 106
3581550 0 104
3582983 0 105
3584478 0 106
3585994 0 104
3587509 0 105
3588984 0 105
3590418 0 106
3591933 0 104
3593469 0 105
3594882 0 106
3596398 0 104
3597872 0 105
3599306 0 106
3600780 0 104
3602316 0 105
3603791 0 106
3605327 0 104
3606842 0 105
3608378 0 106
3609812 0 104
3611204 0 105
3612740 0 105
3614153 0 105
3615567 0 105
3616980 0 105
3618413 0 105
3619949 0 106
3621424 0 104
3622980 0 105
3624516 0 105
3626052 0 105
3627568 0 105
3629042 0 105
3630578 0 105
3632135 0 106
3633630 0 104
3635063 0 105
3636558 0 105
3638074 0 105
3639630 0 105
3641084 0 105
3642477 0 105
3644033 0 106
3645446 0 104
3646962 0 105
3648477 0 105
3649931 0 105
3651344 0 105
3652758 0 105
3654232 0 105
3655645 0 105
3657099 0 106
3658656 0 104
3660212 0 105
3661625 0 106
3663079 0 104
3664574 0 105
3666008 0 105
3667482 0 105
3668957 0 106
3670370 0 104
3671824 0 105
3673360 0 105
3674896 0 105
3676453 0 105
3677886 0 105
3679361 0 106
3680835 0 104
3682330 0 105
3683866 0 106
3685341 0 104
3686877 0 105
3688269 0 106
3689723 0 104
3691157 0 105
3692570 0 106
3694086 0 104
3695560 0 105
3697076 0 105
3698489 0 105
3700045 0 105
3701458 0 106
3702974 0 104
3704469 0 105
3706025 0 106
3707561 0 104
3709015 0 105
3710469 0 106
3711964 0 104
3713418 0 105
3714893 0 105
3716285 0 105
3717699 0 106
3719091 0 104
3720504 0 105
3721979 0 105
3723392 0 105
3724846 0 105
3726239 0 105
3727652 0 105
3729085 0 106
3730498 0 104
3731993 0 105
3733406 0 105
3734861 0 105
3736253 0 106
3737687 0 104
3739079 0 105
3740554 0 105
3741987 0 106
3743462 0 104
3744977 0 105
3746534 0 105
3748049 0 105
3749606 0 105
3751121 0 106
3752616 0 104
3754173 0 105
3755729 0 105
3757122 0 105
3758617 0 105
3760050 0 106
3761484 0 104
3763040 0 105
3764495 0 105
3765969 0 105
3767423 0 106
3768939 0 104
3770434 0 105
3771888 0 105
3773362 0 106
3774898 0 104
3776352 0 105
3777765 0 105
3779301 0 105
3780714 0 105
3782250 0 105
3783766 0 105
3785179 0 106
3786715 0 104
3788169 0 105
3789644 0 106
3791180 0 104
3792654 0 105
3794170 0 106
3795726 0 104
3797282 0 105
3798716 0 106
3800191 0 104
3801686 0 105
3803160 0 105
3804655 0 106
3806212 0 104
3807686 0 105
3809140 0 105
3810615 0 105
3812028 0 105
3813482 0 105
3814936 0 106
3816472 0 104
3817905 0 105
3819319 0 105
3820814 0 106
3822247 0 104
3823681 0 105
3825094 0 106
3826630 0 104
3828166 0 105
3829579 0 105
3831094 0 105
3832507 0 106
3833962 0 104
3835477 0 105
3836931 0 106
3838385 0 104
3839839 0 105
3841252 0 105
3842788 0 106
3844263 0 104
3845737 0 105
3847171 0 106
3848604 0 104
3850099 0 105
3851594 0 105
3853130 0 106
3854666 0 104
3856141 0 105
3857656 0 106
3859131 0 104
3860646 0 105
3862162 0 105
3863637 0 105
3865091 0 105
3866524 0 105
3868060 0 106
3869576 0 104
3871112 0 105
3872607 0 105
3874040 0 105
3875535 0 105
3877030 0 106
3878464 0 104
3879959 0 105
3881392 0 105
3882867 0 105
3884260 0 105
3885652 0 106
3887168 0 104
3888601 0 105
3890117 0 106
3891653 0 104
3893189 0 105
3894602 0 106
3896056 0 104
3897530 0 105
3899005 0 106
3900520 0 104
3902015 0 105
3903428 0 106
3904923 0 104
3906459 0 105
3907914 0 106
3909470 0 104
3910924 0 105
3912439 0 105
3913996 0 105
3915450 0 105
3916945 0 106
3918399 0 104
3919915 0 105
3921471 0 105
3922966 0 105
3924420 0 105
3925936 0 105
3927369 0 105
3928844 0 106
3930257 0 104
3931731 0 105
3933247 0 105
3934701 0 106
3936114 0 104
3937650 0 105
3939165 0 105
3940681 0 105
3942217 0 105
3943691 0 105
3945166 0 105
3946681 0 105
3948176 0 106
3949610 0 104
3951126 0 105
3952539 0 105
3953952 0 105
3955365 0 105
3956757 0 106
3958171 0 104
3959645 0 105
3961120 0 105
3962635 0 105
3964110 0 105
3965564 0 105
3966997 0 105
3968513 0 106
3969926 0 104
3971380 0 105
3972895 0 106
3974309 0 104
3975742 0 105
3977176 0 106
3978732 0 104
3980268 0 105
3981804 0 105
3983258 0 105
3984753 0 106
3986166 0 104
3987723 0 105
3989177 0 105
3990651 0 105
3992187 0 105
3993744 0 106
3995280 0 104
3996795 0 105
3998352 0 105
3999826 0 106
4001280 0 104
4002714 0 105
4004250 0 106
4005663 0 104
4007096 0 105
4008632 0 105
4010148 0 105
4011561 0 105
4013097 0 106
4014612 0 104
4016107 0 105
4017500 0 106
4018913 0 104
4020367 0 105
4021780 0 105
4023234 0 105
4024688 0 105
4026183 0 105
4027740 0 105
4029255 0 106
4030812 0 104
4032348 0 105
4033761 0 106
4035317 0 104
4036771 0 105
4038328 0 105
4039864 0 105
4041379 0 106
4042915 0 104
4044349 0 105
4045762 0 105
4047277 0 105
4048732 0 105
4050227 0 105
4051619 0 105
4053114 0 106
4054527 0 104
4056022 0 105
4057558 0 105
4059033 0 105
4060446 0 106
4062002 0 104
4063436 0 105
4064951 0 105
4066508 0 106
4067941 0 104
4069355 0 105
4070850 0 106
4072283 0 104
4073737 0 105
4075171 0 105
4076604 0 105
4078120 0 105
4079615 0 105
4081130 0 105
4082666 0 106
4084079 0 104
4085472 0 105
4086967 0 106
4088483 0 104
4090019 0 105
4091452 0 105
4092988 0 106
4094422 0 104
4095896 0 105
4097309 0 106
4098722 0 104
4100135 0 105
4101528 0 106
4103044 0 104
4104559 0 105
4106075 0 105
4107611 0 105
4109147 0 105
4110601 0 105
4112034 0 105
4113488 0 106
4115024 0 104
4116560 0 105
4118055 0 105
4119489 0 105
4120984 0 105
4122479 0 105
4124015 0 106
4125489 0 104
4126882 0 105
4128315 0 106
4129872 0 104
4131428 0 105
4132923 0 105
4134459 0 105
4135995 0 105
