50709 0 8
52245 0 12
53699 0 1
55112 0 3
56586 0 3
57979 0 5
59494 0 4
60949 0 3
62403 0 4
63898 0 3
65372 0 22
66888 0 18
68321 0 24
69714 0 24
71229 0 13
72642 0 20
74117 0 26
75530 0 9
77066 0 13
78581 0 23
80056 0 21
81490 0 28
82903 0 1
84336 0 23
85811 0 14
87306 0 19
88801 0 32
90337 0 3
91852 0 18
93409 0 28
94883 0 9
96419 0 17
97832 0 23
99245 0 14
100679 0 18
102154 0 16
103669 0 20
105246 0 20
106741 0 33
108175 0 1
109629 0 24
111124 0 24
112557 0 25
114011 0 7
115445 0 13
116960 0 24
118414 0 13
119889 0 19
121343 0 19
122818 0 16
124231 0 27
125746 0 6
127200 0 21
128675 0 23
130170 0 28
131562 0 8
133057 0 18
134593 0 29
136088 0 1
137624 0 17
139119 0 25
140614 0 4
142007 0 17
143420 0 19
144976 0 15
146410 0 22
147926 0 22
149482 0 35
151018 0 3
152431 0 14
153906 0 21
155380 0 25
156814 0 9
158227 0 14
159681 0 30
161073 0 9
162609 0 23
164104 0 30
165620 0 5
167135 0 17
168671 0 35
170187 0 6
171621 0 23
173034 0 14
174549 0 18
176044 0 17
177539 0 18
179055 0 25
180611 0 10
182045 0 16
183499 0 31
185055 0 9
186509 0 13
188025 0 27
189561 0 10
191015 0 20
192469 0 24
193902 0 35
195315 0 8
196770 0 18
198285 0 28
199698 0 8
201214 0 20
202770 0 23
204286 0 23
205740 0 14
207153 0 15
208689 0 21
210122 0 23
211515 0 36
213051 0 2
214525 0 14
215918 0 34
217311 0 6
218867 0 17
220403 0 31
221960 0 6
223475 0 22
225052 0 32
226567 0 4
228021 0 15
229537 0 33
230970 0 5
232486 0 21
233940 0 19
235497 0 14
237032 0 31
238589 0 10
240125 0 15
241620 0 13
243033 0 15
244569 0 20
246044 0 25
247600 0 1
249095 0 18
250672 0 21
252208 0 19
253723 0 20
255239 0 20
256795 0 32
258331 0 6
259867 0 21
261362 0 20
262939 0 22
264393 0 29
265786 0 9
267322 0 22
268837 0 23
270394 0 28
271848 0 4
273343 0 18
274817 0 28
276210 0 2
277685 0 21
279098 0 19
280531 0 34
281985 0 2
283521 0 20
285057 0 16
286511 0 18
287986 0 31
289460 0 1
290853 0 14
292368 0 24
293863 0 27
295256 0 11
296710 0 23
298185 0 16
299557 0 22
300990 0 30
302444 0 6
304001 0 18
305578 0 26
307011 0 10
308486 0 22
310001 0 34
311537 0 11
312951 0 18
314486 0 21
316043 0 18
317558 0 20
319012 0 14
320405 0 25
321839 0 11
323334 0 24
324788 0 24
326262 0 23
327655 0 26
329191 0 4
330706 0 16
332078 0 27
333594 0 11
335028 0 18
336482 0 18
337977 0 21
339472 0 24
341008 0 17
342421 0 33
343875 0 5
345329 0 23
346885 0 31
348380 0 12
349793 0 18
351268 0 17
352661 0 17
354074 0 20
355528 0 17
356941 0 36
358374 0 12
359931 0 17
361446 0 26
362962 0 2
364498 0 24
365952 0 15
367344 0 24
368819 0 16
370212 0 22
371748 0 26
373181 0 6
374656 0 18
376212 0 15
377625 0 19
379141 0 22
380636 0 17
382172 0 16
383585 0 35
385080 0 8
386657 0 16
388029 0 20
389606 0 22
391060 0 18
392616 0 22
394193 0 25
395668 0 1
397101 0 18
398617 0 14
400091 0 18
401607 0 13
403122 0 15
404515 0 29
405990 0 9
407546 0 17
408959 0 29
410434 0 5
411970 0 18
413465 0 33
414939 0 10
416516 0 18
417991 0 14
419486 0 18
420981 0 24
422435 0 21
423930 0 18
425363 0 29
426817 0 7
428333 0 19
429828 0 23
431261 0 36
432715 0 1
434210 0 18
435746 0 25
437200 0 11
438716 0 13
440150 0 36
441624 0 11
443099 0 14
444594 0 15
446089 0 18
447645 0 19
449181 0 24
450615 0 18
452089 0 33
453564 0 1
454997 0 15
456492 0 20
458069 0 23
459585 0 33
461121 0 3
462534 0 16
463988 0 19
465565 0 22
467080 0 34
468616 0 10
470193 0 13
471668 0 19
473081 0 24
474535 0 20
476009 0 21
477484 0 19
478938 0 29
480413 0 7
481867 0 13
483403 0 34
484816 0 4
486352 0 13
487867 0 18
489342 0 22
490878 0 24
492393 0 28
493888 0 10
495363 0 16
496899 0 20
498476 0 24
500012 0 21
501445 0 36
502961 0 11
504517 0 21
506053 0 19
507487 0 14
509002 0 26
510456 0 8
511910 0 15
513364 0 35
514798 0 1
516231 0 24
517624 0 21
519180 0 21
520614 0 19
522027 0 13
523543 0 36
525120 0 7
526553 0 14
527946 0 16
529359 0 18
530874 0 17
532390 0 24
533926 0 29
535359 0 7
536916 0 16
538411 0 19
539906 0 20
541421 0 17
542814 0 34
544289 0 2
545763 0 21
547176 0 18
548712 0 19
550269 0 15
551682 0 24
553218 0 25
554672 0 8
556228 0 16
557641 0 22
559218 0 15
560631 0 14
562147 0 17
563683 0 18
565198 0 23
566673 0 33
568086 0 2
569560 0 19
571096 0 18
572632 0 22
574168 0 23
575602 0 17
577097 0 13
578633 0 14
580169 0 36
581582 0 11
583036 0 14
584572 0 26
585985 0 7
587542 0 15
588934 0 22
590409 0 32
591945 0 11
593501 0 20
595078 0 17
596594 0 13
598048 0 17
599522 0 28
600935 0 1
602471 0 13
603864 0 18
605277 0 24
606751 0 21
608246 0 25
609741 0 1
611277 0 23
612711 0 18
614247 0 19
615742 0 18
617196 0 25
618650 0 6
620166 0 15
621620 0 31
623135 0 12
624548 0 13
625941 0 14
627333 0 17
628726 0 19
630242 0 15
631737 0 26
633170 0 11
634645 0 23
636140 0 30
637614 0 3
639048 0 13
640522 0 25
642058 0 3
643492 0 20
645028 0 21
646564 0 22
648100 0 29
649513 0 6
650946 0 20
652421 0 21
653855 0 19
655329 0 17
656804 0 23
658237 0 13
659650 0 33
661207 0 12
662661 0 14
664176 0 26
665651 0 9
667187 0 13
668620 0 25
670074 0 4
671529 0 16
673003 0 21
674539 0 19
676116 0 22
677631 0 34
679106 0 2
680560 0 13
682055 0 27
683468 0 2
684881 0 24
686315 0 26
687728 0 8
689264 0 16
690677 0 14
692111 0 14
693483 0 33
694937 0 7
696370 0 24
697783 0 18
699278 0 18
700773 0 16
702187 0 33
703620 0 1
705095 0 20
706610 0 25
708167 0 3
709662 0 18
711198 0 15
712611 0 14
714126 0 13
715519 0 14
717055 0 17
718488 0 35
719983 0 8
721499 0 24
723014 0 31
724571 0 2
726025 0 16
727561 0 29
729056 0 11
730612 0 18
732169 0 23
733643 0 29
735138 0 5
736572 0 19
738026 0 23
739521 0 15
741016 0 17
742511 0 20
744067 0 27
745542 0 8
747078 0 22
748573 0 15
750109 0 20
751542 0 24
753037 0 20
754492 0 16
755864 0 25
757277 0 2
758669 0 13
760103 0 36
761557 0 3
762991 0 14
764486 0 18
765899 0 30
767353 0 7
768909 0 23
770343 0 36
771920 0 2
773415 0 20
774951 0 21
776446 0 32
777900 0 7
779395 0 24
780787 0 23
782282 0 13
783777 0 17
785272 0 24
786665 0 21
788119 0 25
789594 0 7
791109 0 16
792522 0 20
794017 0 14
795512 0 18
796946 0 15
798502 0 16
799915 0 26
801328 0 9
802803 0 16
804319 0 15
805814 0 22
807370 0 19
808804 0 20
810299 0 14
811773 0 30
813186 0 12
814640 0 22
816074 0 21
817507 0 18
818941 0 19
820354 0 14
821767 0 32
823180 0 5
824675 0 23
826150 0 28
827604 0 8
829201 0 24
830635 0 30
832007 0 5
833522 0 15
835018 0 24
836431 0 18
837864 0 27
839318 0 7
840772 0 15
842247 0 31
843803 0 6
845257 0 21
846814 0 17
848309 0 23
849722 0 13
851155 0 14
852569 0 19
854084 0 31
855579 0 12
857054 0 14
858569 0 22
859982 0 22
861559 0 13
863054 0 25
864590 0 5
866024 0 20
867539 0 16
868911 0 23
870386 0 13
871922 0 33
873314 0 2
874707 0 14
876202 0 30
877636 0 11
879172 0 21
880667 0 26
882182 0 3
883595 0 18
885152 0 34
886667 0 12
888162 0 16
889616 0 20
891091 0 23
892565 0 30
894019 0 8
895555 0 22
897091 0 14
898504 0 17
900020 0 19
901433 0 29
902969 0 7
904464 0 20
905938 0 31
907433 0 7
908928 0 17
910383 0 34
911898 0 5
913414 0 21
914868 0 22
916322 0 14
917858 0 17
919414 0 36
920930 0 11
922486 0 20
924022 0 19
925456 0 16
926848 0 17
928261 0 17
929674 0 23
931231 0 34
932644 0 4
934037 0 14
935552 0 35
937109 0 11
938542 0 23
939996 0 14
941409 0 27
942802 0 6
944317 0 20
945894 0 13
947287 0 18
948823 0 13
950338 0 13
951792 0 20
1247201 0 101
1248635 0 101
1250150 0 101
1251543 0 101
1253038 0 101
1254574 0 101
1256048 0 101
1257584 0 101
1259059 0 101
1260533 0 101
1262049 0 102
1263544 0 102
1265059 0 103
1266493 0 101
1267988 0 102
1269442 0 102
1270855 0 102
1272309 0 102
1273763 0 102
1275299 0 103
1276774 0 101
1278248 0 102
1279784 0 103
1281238 0 101
1282733 0 102
1284249 0 102
1285703 0 102
1287136 0 102
1288611 0 102
1290004 0 102
1291499 0 103
1292953 0 101
1294345 0 102
1295840 0 103
1297397 0 101
1298851 0 102
1300243 0 102
1301697 0 102
1303131 0 103
1304647 0 101
1306060 0 102
1307555 0 102
1309091 0 102
1310627 0 103
1312101 0 101
1313535 0 102
1315071 0 103
1316627 0 101
1318163 0 102
1319658 0 102
1321153 0 102
1322689 0 102
1324225 0 103
1325741 0 101
1327236 0 102
1328628 0 102
1330144 0 102
1331639 0 102
1333093 0 102
1334567 0 103
1336021 0 101
1337455 0 102
1338889 0 102
1340281 0 103
1341735 0 101
1343210 0 102
1344623 0 102
1346159 0 102
1347654 0 103
1349210 0 101
1350746 0 102
1352221 0 102
1353716 0 102
1355149 0 102
1356562 0 102
1358078 0 102
1359593 0 103
1361047 0 101
1362461 0 102
1363935 0 102
1365471 0 103
1366905 0 101
1368297 0 102
1369690 0 103
1371205 0 101
1372721 0 102
1374134 0 102
1375629 0 103
1377042 0 101
1378435 0 102
1379909 0 102
1381404 0 102
1382858 0 102
1384394 0 102
1385828 0 103
1387405 0 101
1388900 0 102
1390395 0 103
1391828 0 101
1393221 0 102
1394614 0 102
1396068 0 102
1397501 0 103
1399058 0 101
1400491 0 102
1401966 0 102
1403420 0 102
1404956 0 102
1406451 0 102
1407843 0 102
1409297 0 102
1410711 0 103
1412185 0 101
1413660 0 102
1415093 0 102
1416568 0 103
1417981 0 101
1419373 0 102
1420869 0 103
1422282 0 101
1423695 0 102
1425190 0 102
1426705 0 102
1428241 0 102
1429634 0 102
1431067 0 103
1432542 0 101
1434078 0 102
1435491 0 103
1437027 0 101
1438502 0 102
1439915 0 103
1441328 0 101
1442823 0 102
1444359 0 102
1445854 0 102
1447349 0 103
1448905 0 101
1450400 0 102
1451793 0 103
1453267 0 101
1454762 0 102
1456257 0 102
1457711 0 102
1459124 0 103
1460619 0 101
1462033 0 102
1463569 0 103
1465105 0 101
1466640 0 102
1468176 0 103
1469610 0 101
1471085 0 102
1472477 0 102
1473972 0 103
1475467 0 101
1476880 0 102
1478273 0 102
1479747 0 102
1481181 0 102
1482574 0 102
1484007 0 102
1485441 0 103
1486997 0 101
1488451 0 102
1489844 0 102
1491318 0 103
1492834 0 101
1494329 0 102
1495783 0 103
1497258 0 101
1498650 0 102
1500145 0 102
1501538 0 102
1503053 0 102
1504528 0 102
1505961 0 102
1507375 0 103
1508808 0 101
1510324 0 102
1511737 0 102
1513273 0 102
1514727 0 102
1516140 0 102
1517676 0 103
1519150 0 101
1520666 0 102
1522079 0 102
1523615 0 103
1525048 0 101
1526523 0 102
1528038 0 102
1529533 0 102
1530988 0 102
1532401 0 102
1533937 0 102
1535411 0 103
1536824 0 101
1538278 0 102
1539753 0 102
1541248 0 103
1542702 0 101
1544094 0 102
1545630 0 103
1547187 0 101
1548661 0 102
1550095 0 102
1551651 0 102
1553146 0 102
1554601 0 102
1555993 0 103
1557529 0 101
1558922 0 102
1560478 0 102
1561871 0 102
1563304 0 103
1564799 0 101
1566274 0 102
1567748 0 103
1569264 0 101
1570677 0 102
1572172 0 102
1573688 0 102
1575203 0 103
1576759 0 101
1578255 0 102
1579668 0 102
1581101 0 102
1582596 0 102
1584050 0 103
1585525 0 101
1586958 0 102
1588494 0 102
1589928 0 102
1591362 0 103
1592856 0 101
1594249 0 102
1595724 0 102
1597239 0 103
1598734 0 101
1600209 0 102
1601663 0 102
1603076 0 102
1604612 0 102
1606148 0 103
1607684 0 101
1609199 0 102
1610674 0 102
1612230 0 102
1613643 0 102
1615036 0 103
1616572 0 101
1618046 0 102
1619521 0 102
1620914 0 103
1622429 0 101
1623863 0 102
1625317 0 102
1626853 0 102
1628348 0 103
1629843 0 101
1631379 0 102
1632853 0 103
1634266 0 101
1635700 0 102
1637236 0 102
1638772 0 102
1640164 0 103
1641680 0 101
1643195 0 102
1644650 0 102
1646124 0 102
1647558 0 103
1649073 0 101
1650527 0 102
1652063 0 102
1653538 0 102
1654951 0 102
1656487 0 102
1657982 0 103
1659477 0 101
1661013 0 102
1662487 0 103
1663962 0 101
1665457 0 102
1666890 0 102
1668365 0 103
1669799 0 101
1671294 0 102
1672707 0 102
1674243 0 102
1675697 0 102
1677212 0 102
1678707 0 102
1680141 0 102
1681615 0 103
1683172 0 101
1684667 0 102
1686223 0 102
1687759 0 102
1689193 0 102
1690626 0 103
1692039 0 101
1693473 0 102
1694988 0 102
1696463 0 103
1697999 0 101
1699433 0 102
1700928 0 102
1702423 0 102
1703897 0 102
1705290 0 102
1706703 0 102
1708198 0 103
1709652 0 101
1711147 0 102
1712683 0 102
1714157 0 102
1715570 0 102
1717086 0 102
1718601 0 102
1720056 0 102
1721448 0 103
1722964 0 101
1724397 0 102
1725790 0 103
1727244 0 101
1728759 0 102
1730213 0 103
1731668 0 101
1733122 0 102
1734576 0 103
1736050 0 101
1737443 0 102
1738958 0 103
1740453 0 101
1741948 0 102
1743382 0 102
1744897 0 102
1746290 0 103
1747744 0 101
1749260 0 102
1750755 0 103
1752188 0 101
1753581 0 102
1755055 0 103
1756489 0 101
1757902 0 102
1759397 0 102
1760790 0 102
1762346 0 102
1763759 0 102
1765234 0 103
1766688 0 101
1768101 0 102
1769596 0 102
1771152 0 102
1772565 0 102
1774040 0 102
1775514 0 102
1776989 0 103
1778545 0 101
1779979 0 102
1781372 0 102
1782867 0 102
1784259 0 102
1785652 0 103
1787147 0 101
1788683 0 102
1790075 0 102
1791632 0 102
1793024 0 102
1794479 0 103
1795994 0 101
1797428 0 102
1798964 0 102
1800479 0 103
1801892 0 101
1803326 0 102
1804780 0 102
1806316 0 102
1807831 0 102
1809265 0 102
1810698 0 103
1812193 0 101
1813586 0 102
1814999 0 102
1816412 0 103
1817846 0 101
1819320 0 102
1820774 0 103
1822208 0 101
1823703 0 102
1825218 0 102
1826673 0 103
1828188 0 101
1829663 0 102
1831158 0 103
1832673 0 101
1834168 0 102
1835622 0 103
1837076 0 101
1838612 0 102
1840169 0 103
1841623 0 101
1843077 0 102
1844551 0 102
1845944 0 103
1847357 0 101
1848872 0 102
1850388 0 102
1851863 0 102
1853255 0 102
1854750 0 103
1856225 0 101
1857761 0 102
1859276 0 103
1860833 0 101
1862328 0 102
1863761 0 102
1865277 0 102
1866690 0 102
1868164 0 102
1869557 0 102
1870950 0 103
1872424 0 101
1873878 0 102
1875312 0 102
1876704 0 102
1878158 0 102
1879694 0 102
1881189 0 102
1882582 0 103
1884036 0 101
1885490 0 102
1887026 0 102
1888562 0 102
1890037 0 103
1891573 0 101
1893047 0 102
1894460 0 102
1895853 0 103
1897368 0 101
1898863 0 102
1900338 0 102
1901812 0 102
1903225 0 103
1904782 0 101
1906195 0 102
1907670 0 103
1909124 0 101
1910557 0 102
1912032 0 102
1913424 0 103
1914960 0 101
1916476 0 102
1917991 0 102
1919445 0 102
1920961 0 102
1922415 0 102
1923910 0 102
1925323 0 103
1926879 0 101
1928313 0 102
1929788 0 103
1931324 0 101
1932798 0 102
1934314 0 103
1935788 0 101
1937324 0 102
1938758 0 102
1940314 0 102
1941830 0 103
1943386 0 101
1944861 0 102
1946274 0 102
1947769 0 102
1949264 0 102
1950759 0 103
1952213 0 101
1953749 0 102
1955162 0 102
1956575 0 102
1958070 0 102
1959524 0 102
1960978 0 102
1962371 0 103
1963784 0 101
1965238 0 102
1966651 0 102
1968043 0 102
1969518 0 102
1971034 0 102
1972569 0 103
1973983 0 101
1975519 0 102
1977014 0 103
1978447 0 101
1979942 0 102
1981478 0 102
1982994 0 103
1984530 0 101
1986045 0 102
1987479 0 102
1988953 0 102
1990407 0 103
1991964 0 101
1993356 0 102
1994892 0 102
1996285 0 102
1997800 0 102
1999234 0 102
2000749 0 102
2002142 0 103
2003658 0 101
2005132 0 102
2006566 0 102
2008061 0 102
2009515 0 102
2010969 0 102
2012382 0 102
2013856 0 103
2015270 0 101
2016724 0 102
2018116 0 102
2019591 0 103
2021086 0 101
2022622 0 102
2024096 0 102
2025591 0 103
2027066 0 101
2028622 0 102
2030015 0 102
2031551 0 102
2033025 0 102
2034500 0 102
2036015 0 103
2037531 0 101
2038964 0 102
2040398 0 102
2041811 0 102
2043327 0 103
2044760 0 101
2046194 0 102
2047730 0 102
2049122 0 102
2050597 0 102
2051990 0 102
2053464 0 103
2054877 0 101
2056270 0 102
2057806 0 102
2059301 0 102
2060693 0 103
2062148 0 101
2063622 0 102
2065158 0 103
2066673 0 101
2068127 0 102
2069582 0 103
2071015 0 101
2072408 0 102
2073821 0 103
2075377 0 101
2076790 0 102
2078265 0 102
2079699 0 102
2081112 0 103
2082668 0 101
2084102 0 102
2085556 0 102
2087071 0 102
2088566 0 102
2090082 0 102
2091474 0 102
2092969 0 103
2094403 0 101
2095857 0 102
2097372 0 102
2098786 0 102
2100342 0 103
2101796 0 101
2103352 0 102
2104786 0 102
2106220 0 102
2107633 0 102
2109046 0 103
2110623 0 101
2112056 0 102
2113490 0 102
2114944 0 102
2116378 0 102
2117893 0 102
2119286 0 102
2120801 0 103
2122255 0 101
2123709 0 102
2125102 0 102
2126617 0 103
2128112 0 101
2129505 0 102
2130918 0 103
2132393 0 101
2133867 0 102
2135342 0 102
2136857 0 102
2138373 0 102
2139868 0 103
2141342 0 101
2142899 0 102
2161108 0 43
2162562 0 40
2164098 0 43
2165531 0 37
2166965 0 43
2168419 0 37
2169894 0 48
2171348 0 42
2172761 0 43
2174297 0 42
2175730 0 59
2177287 0 51
2178823 0 50
2180297 0 54
2181813 0 59
2183226 0 67
2184741 0 45
2186195 0 59
2187588 0 49
2189001 0 56
2190557 0 49
2192053 0 64
2193548 0 46
2195104 0 59
2196620 0 54
2198135 0 57
2199650 0 57
2201186 0 70
2202681 0 43
2204156 0 56
2205631 0 56
2207187 0 61
2208662 0 47
2210075 0 60
2211631 0 62
2213187 0 37
2214744 0 55
2216300 0 60
2217816 0 51
2219290 0 53
2220765 0 64
2222280 0 41
2223816 0 54
2225373 0 53
2226868 0 51
2228363 0 62
2229776 0 39
2231332 0 56
2232746 0 62
2234200 0 39
2235654 0 54
2237128 0 57
2238562 0 49
2239995 0 54
2241408 0 69
2242822 0 43
2244317 0 56
2245853 0 66
2247307 0 41
2248740 0 52
2250153 0 56
2251710 0 54
2253225 0 59
2254659 0 50
2256072 0 52
2257505 0 53
2259062 0 69
2260516 0 41
2261929 0 59
2263363 0 62
2264878 0 37
2266353 0 60
2267766 0 60
2269322 0 60
2270817 0 68
2272210 0 47
2273766 0 51
2275261 0 49
2276736 0 58
2278231 0 55
2279726 0 66
2281262 0 38
2282695 0 58
2284129 0 61
2285604 0 40
2287037 0 50
2288491 0 58
2289925 0 64
2291379 0 48
2292792 0 51
2294307 0 59
2295741 0 56
2297277 0 50
2298710 0 62
2300226 0 42
2301639 0 53
2303114 0 49
2304547 0 60
2306083 0 50
2307517 0 70
2308971 0 42
2310507 0 49
2312022 0 56
2313497 0 56
2314992 0 54
2316405 0 60
2317838 0 55
2319333 0 71
2320808 0 38
2322221 0 58
2323634 0 69
2325088 0 41
2326645 0 59
2328140 0 60
2329573 0 59
2331130 0 56
2332563 0 60
2334058 0 64
2335533 0 44
2337028 0 56
2338584 0 58
2340120 0 60
2341554 0 51
2342967 0 54
2344503 0 50
2346018 0 51
2347554 0 63
2348988 0 43
2350565 0 58
2352121 0 59
2353678 0 51
2355173 0 71
2356668 0 38
2358183 0 55
2359740 0 54
2361255 0 54
2362771 0 54
2364286 0 70
2365720 0 37
2367133 0 56
2368607 0 50
2370021 0 52
2371577 0 72
2373052 0 43
2374567 0 55
2376021 0 71
2377434 0 37
2378950 0 54
2380465 0 56
2381899 0 55
2383332 0 60
2384807 0 52
2386261 0 60
2387695 0 66
2389169 0 43
2390623 0 58
2392098 0 56
2393572 0 54
2395108 0 57
2396624 0 71
2398016 0 38
2399450 0 57
2400924 0 57
2402501 0 60
2403976 0 54
2405450 0 67
2406884 0 41
2408318 0 57
2409874 0 69
2411328 0 43
2412864 0 51
2414339 0 55
2415813 0 51
2417267 0 66
2418721 0 42
2420257 0 55
2421793 0 51
2423309 0 51
2424763 0 60
2426278 0 49
2427753 0 51
2429289 0 58
2430866 0 68
2432381 0 37
2433897 0 59
2435453 0 50
2436887 0 59
2438300 0 57
2439733 0 55
2441249 0 57
2442723 0 72
2444198 0 41
2445713 0 53
2447229 0 65
2448724 0 40
2450178 0 50
2451673 0 54
2453147 0 56
2454683 0 50
2456240 0 69
2457735 0 37
2459271 0 54
2460725 0 54
2462179 0 56
2463613 0 64
2465149 0 39
2466541 0 51
2468036 0 70
2469449 0 41
2470924 0 50
2472378 0 60
2473893 0 53
2475429 0 67
2476883 0 43
2478440 0 51
2479894 0 54
2481327 0 50
2482884 0 49
2484338 0 65
2485853 0 40
2487287 0 56
2488762 0 61
2490236 0 42
2491649 0 58
2493185 0 55
2494742 0 64
2496278 0 42
2497814 0 52
2499390 0 67
2500926 0 48
2502421 0 54
2503855 0 53
2505411 0 55
2506886 0 59
2508320 0 57
2509753 0 54
2511248 0 62
2512743 0 46
2514238 0 55
2515733 0 52
2517146 0 50
2518621 0 60
2520177 0 62
2521652 0 46
2523208 0 59
2524744 0 71
2526178 0 43
2527714 0 57
2529229 0 71
2530683 0 38
2532117 0 50
2533612 0 51
2535046 0 56
2536541 0 52
2538117 0 64
2539592 0 42
2541046 0 57
2542521 0 54
2543995 0 51
2545408 0 70
2546903 0 42
2548460 0 49
2549873 0 50
2551286 0 50
2552719 0 54
2554133 0 70
2555587 0 48
2557020 0 55
2558536 0 56
2560051 0 66
2561485 0 46
2563021 0 54
2564495 0 54
2565990 0 66
2567424 0 46
2568898 0 58
2570414 0 71
2571847 0 37
2573301 0 54
2574735 0 59
2576292 0 53
2577766 0 72
2579159 0 46
2580654 0 58
2582087 0 49
2583541 0 60
2584975 0 53
2586511 0 65
2588026 0 41
2589460 0 59
2590914 0 52
2592327 0 69
2593884 0 40
2595379 0 55
2596812 0 54
2598307 0 50
2599741 0 55
2601236 0 55
2602731 0 56
2604205 0 51
2605659 0 70
2607072 0 40
2608527 0 55
2610062 0 60
2611476 0 59
2612950 0 50
2614445 0 51
2615920 0 68
2617374 0 40
2618807 0 59
2620282 0 53
2621695 0 57
2623149 0 55
2624664 0 49
2626078 0 49
2627593 0 64
2629006 0 42
2630460 0 54
2631955 0 70
2633348 0 46
2634843 0 53
2636379 0 63
2637874 0 46
2639410 0 54
2640843 0 55
2642277 0 49
2643731 0 53
2645185 0 51
2646619 0 67
2648032 0 45
2649465 0 53
2651022 0 64
2652537 0 38
2654073 0 49
2655548 0 57
2657063 0 52
2658558 0 67
2659992 0 43
2661466 0 57
2662941 0 63
2664497 0 37
2666033 0 54
2667528 0 50
2669023 0 57
2670559 0 51
2671993 0 62
2673508 0 47
2675065 0 59
2676478 0 55
2677891 0 51
2679427 0 62
2680963 0 39
2682499 0 58
2683994 0 65
2685428 0 37
2686923 0 58
2688418 0 51
2689851 0 56
2691387 0 60
2692882 0 60
2694336 0 59
2695893 0 71
2697347 0 46
2698780 0 50
2700316 0 49
2701811 0 72
2703347 0 38
2704760 0 55
2706194 0 57
2707771 0 65
2709245 0 47
2710781 0 51
2712317 0 61
2713751 0 42
2715225 0 54
2716761 0 68
2718174 0 46
2719751 0 50
2721308 0 50
2722721 0 50
2724277 0 66
2725793 0 38
2727226 0 60
2728783 0 56
2730339 0 49
2731855 0 55
2733391 0 64
2734886 0 41
2736401 0 54
2737814 0 51
2739269 0 52
2740702 0 59
2742259 0 49
2743672 0 55
2745208 0 70
2746662 0 42
2748177 0 51
2749611 0 58
2751085 0 56
2752601 0 67
2754075 0 44
2755591 0 49
2757086 0 63
2758642 0 43
2760055 0 54
2761612 0 49
2763045 0 56
2764479 0 65
2766035 0 47
2767510 0 56
2768923 0 55
2770398 0 51
2771934 0 49
2773388 0 53
2774883 0 64
2776357 0 43
2777914 0 59
2779368 0 55
2780945 0 54
2782501 0 54
2783996 0 54
2785491 0 59
2786986 0 65
2788420 0 43
2789894 0 54
2791307 0 56
2792864 0 58
2794338 0 61
2795792 0 37
2797205 0 55
2798680 0 66
2800195 0 48
2801649 0 59
2803185 0 49
2804640 0 52
2806196 0 49
2807711 0 65
2809268 0 43
2810722 0 53
2812278 0 50
2813753 0 50
2815268 0 49
2816784 0 57
2818340 0 62
2819774 0 46
2821351 0 56
2822866 0 55
2824320 0 52
2825815 0 51
2827229 0 51
2828662 0 60
2830198 0 56
2831714 0 71
2833127 0 42
2834560 0 60
2836076 0 72
2837571 0 37
2839004 0 54
2840397 0 71
2841892 0 46
2843387 0 55
2844800 0 53
2846295 0 54
2847708 0 50
2849183 0 51
2850575 0 56
2852009 0 66
2853565 0 39
2854979 0 51
2856371 0 50
2857784 0 72
2859259 0 48
2860774 0 52
2862187 0 55
2863682 0 57
2865136 0 56
2866672 0 53
2868085 0 59
2869499 0 61
2870973 0 42
2872468 0 51
2873902 0 55
2875335 0 56
2876871 0 72
2878325 0 48
2879861 0 52
2881418 0 53
2882872 0 60
2884387 0 55
2885903 0 63
2887439 0 48
2888913 0 57
2890388 0 56
2891924 0 60
2893357 0 53
2894811 0 69
2896224 0 41
2897658 0 56
2899194 0 69
2900750 0 39
2902286 0 55
2903781 0 54
2905256 0 61
2906731 0 44
2908164 0 49
2909639 0 70
2911052 0 41
2912567 0 54
2914062 0 70
2915557 0 46
2917093 0 54
2918609 0 66
2920063 0 47
2921640 0 56
2923053 0 52
2924466 0 59
2925899 0 56
2927415 0 65
2928930 0 40
2930425 0 51
2931859 0 54
2933313 0 53
2934829 0 69
2936324 0 40
2937880 0 56
2939375 0 55
2940788 0 58
2942345 0 65
2943860 0 47
2945335 0 49
2946830 0 57
2948345 0 68
2949779 0 37
2951294 0 57
2952707 0 50
2954264 0 49
2955779 0 65
2957192 0 38
2958667 0 54
2960080 0 61
2961555 0 48
2962947 0 58
2964422 0 63
2965855 0 41
2967289 0 53
2968784 0 65
2970320 0 39
2971753 0 56
2973228 0 53
2974743 0 49
2976218 0 61
2977733 0 47
2979290 0 58
2980785 0 60
2982198 0 49
2983652 0 49
2985147 0 55
2986663 0 63
2988117 0 45
2989530 0 59
2990984 0 51
2992397 0 61
2993912 0 48
2995448 0 51
2996964 0 72
2998418 0 47
2999974 0 50
3001510 0 57
3003005 0 66
3004562 0 42
3006098 0 51
3007593 0 71
3009006 0 47
3010501 0 56
3011996 0 57
3013429 0 51
3014924 0 52
3016399 0 72
3017894 0 42
3019287 0 52
3020782 0 61
3022236 0 42
3023669 0 60
3025226 0 60
3026721 0 56
3028134 0 60
3029629 0 67
3031103 0 40
3032660 0 56
3034155 0 58
3035650 0 52
3037083 0 58
3038619 0 52
3040176 0 60
3041712 0 71
3043268 0 44
3044825 0 58
3046402 0 71
3047794 0 40
3049269 0 53
3050743 0 62
3052279 0 40
3053713 0 53
3055187 0 60
3056621 0 65
3058157 0 46
3059734 0 58
3061208 0 65
3062744 0 44
3064280 0 50
3081224 0 104
3082698 0 104
3084214 0 104
3085688 0 104
3087163 0 104
3088699 0 104
3090255 0 104
3091709 0 104
3093245 0 104
3094761 0 104
3096153 0 105
3097607 0 105
3099021 0 105
3100454 0 105
3101970 0 105
3103506 0 105
3104980 0 105
3106496 0 105
3108052 0 106
3109588 0 104
3111063 0 105
3112455 0 106
3113909 0 104
3115322 0 105
3116879 0 106
3118333 0 104
3119807 0 105
3121302 0 105
3122818 0 105
3124292 0 105
3125808 0 105
3127242 0 105
3128757 0 106
3130170 0 104
3131563 0 105
3132996 0 105
3134409 0 105
3135843 0 106
3137338 0 104
3138792 0 105
3140185 0 105
3141741 0 105
3143195 0 105
3144690 0 106
3146103 0 104
3147557 0 105
3149032 0 105
3150445 0 105
3151858 0 105
3153394 0 105
3154869 0 106
3156364 0 104
3157777 0 105
3159292 0 105
3160685 0 106
3162098 0 104
3163491 0 105
3164924 0 105
3166399 0 105
3167873 0 105
3169389 0 105
3170863 0 106
3172338 0 104
3173812 0 105
3175328 0 106
3176782 0 104
3178338 0 105
3179833 0 106
3181287 0 104
3182762 0 105
3184318 0 105
3185834 0 106
3187247 0 104
3188762 0 105
3190237 0 106
3191650 0 104
3193145 0 105
3194701 0 105
3196258 0 105
3197732 0 105
3199248 0 105
3200743 0 106
3202197 0 104
3203651 0 105
3205167 0 105
3206580 0 105
3208034 0 106
3209508 0 104
3210921 0 105
3212457 0 105
3213870 0 105
3215263 0 106
3216738 0 104
3218192 0 105
3219646 0 105
3221059 0 105
3222533 0 105
3224090 0 105
3225605 0 106
3227080 0 104
3228493 0 105
3230049 0 105
3231503 0 105
3232957 0 105
3234514 0 105
3236070 0 106
3237627 0 104
3239040 0 105
3240555 0 105
3241948 0 106
3243443 0 104
3244918 0 105
3246433 0 105
3247826 0 105
3249362 0 105
3250775 0 105
3252311 0 105
3253826 0 106
3255280 0 104
3256673 0 105
3258168 0 105
3259561 0 106
3260994 0 104
3262428 0 105
3263923 0 106
3265418 0 104
3266913 0 105
3268346 0 105
3269903 0 105
3271357 0 105
3272872 0 105
3274265 0 106
3275801 0 104
3277255 0 105
3278750 0 105
3280143 0 106
3281576 0 104
3282969 0 105
3284402 0 106
3285959 0 104
3287515 0 105
3288908 0 105
3290382 0 106
3291795 0 104
3293209 0 105
3294683 0 106
3296199 0 104
3297653 0 105
3299086 0 105
3300561 0 105
3302056 0 105
3303448 0 105
3304943 0 105
3306377 0 106
3307872 0 104
3309367 0 105
3310801 0 105
3312296 0 105
3313709 0 106
3315142 0 104
3316678 0 105
3318112 0 106
3319586 0 104
3321102 0 105
3322638 0 106
3324051 0 104
3325566 0 105
3327102 0 106
3328536 0 104
3329929 0 105
3331403 0 105
3332939 0 105
3334332 0 105
3335888 0 106
3337342 0 104
3338899 0 105
3340455 0 105
3341950 0 105
3343445 0 105
3345002 0 105
3346394 0 106
3347930 0 104
3349425 0 105
3350879 0 105
3352313 0 106
3353767 0 104
3355241 0 105
3356757 0 105
3358211 0 105
3359706 0 105
3361242 0 106
3362737 0 104
3364273 0 105
3365706 0 105
3367222 0 105
3368635 0 105
3370069 0 105
3371605 0 105
3373141 0 105
3374554 0 106
3376110 0 104
3377646 0 105
3379100 0 105
3380657 0 105
3382172 0 105
3383606 0 106
3385162 0 104
3386698 0 105
3388193 0 105
3389668 0 106
3391060 0 104
3392494 0 105
3394009 0 105
3395484 0 105
3396999 0 106
3398433 0 104
3399948 0 105
3401382 0 105
3402897 0 106
3404454 0 104
3406010 0 105
3407403 0 106
3408959 0 104
3410454 0 105
3412011 0 105
3413445 0 105
3414878 0 106
3416394 0 104
3417889 0 105
3419384 0 105
3420920 0 106
3422394 0 104
3423807 0 105
3425302 0 105
3426838 0 105
3428292 0 106
3429767 0 104
3431221 0 105
3432716 0 105
3434170 0 106
3435644 0 104
3437037 0 105
3438553 0 105
3440048 0 106
3441584 0 104
3443079 0 105
3444492 0 105
3445925 0 106
3447338 0 104
3448854 0 105
3450308 0 105
3451721 0 106
3453175 0 104
3454670 0 105
3456083 0 106
3457640 0 104
3459135 0 105
3460671 0 105
3462166 0 105
3463620 0 105
3465074 0 105
3466610 0 106
3468166 0 104
3469641 0 105
3471197 0 105
3472610 0 105
3474146 0 105
3475662 0 105
3477157 0 105
3478693 0 106
3480229 0 104
3481724 0 105
3483280 0 105
3484796 0 105
3486332 0 105
3487888 0 106
3489322 0 104
3490796 0 105
3492353 0 105
3493786 0 105
3495302 0 106
3496776 0 104
3498251 0 105
3499766 0 106
3501241 0 104
3502797 0 105
3504354 0 105
3505869 0 105
3507364 0 105
3508757 0 105
3510211 0 105
3511685 0 106
3513221 0 104
3514716 0 105
3516109 0 106
3517624 0 104
3519058 0 105
3520512 0 105
3522048 0 105
3523564 0 105
3524997 0 106
3526431 0 104
3527926 0 105
3529421 0 105
3530936 0 105
3532370 0 105
3533762 0 106
3535196 0 104
3536609 0 105
3538043 0 105
3539558 0 105
3540971 0 106
3542507 0 104
3544064 0 105
3545579 0 105
3547054 0 105
3548508 0 106
3549982 0 104
3551375 0 105
3552870 0 105
3554324 0 106
3555799 0 104
3557314 0 105
3558748 0 106
3560181 0 104
3561717 0 105
3563151 0 105
3564625 0 105
3566100 0 106
3567615 0 104
3569090 0 105
3570585 0 105
3571977 0 105
3573411 0 105
3574845 0 105
3576381 0 105
3577917 0 106
3579452 0 104
3580845 0 105
3582361 0 105
3583753 0 105
3585228 0 106
3586743 0 104
3588259 0 105
3589651 0 105
3591146 0 105
3592559 0 105
3594034 0 105
3595570 0 105
3597106 0 105
3598642 0 106
3600178 0 104
3601632 0 105
3603045 0 105
3604479 0 105
3606015 0 105
3607571 0 105
3609046 0 105
3610479 0 105
3611974 0 106
3613387 0 104
3614862 0 105
3616295 0 106
3617852 0 104
3619285 0 105
3620780 0 105
3622255 0 105
3623648 0 105
3625204 0 106
3626617 0 104
3628051 0 105
3629443 0 106
3630959 0 104
3632392 0 105
3633928 0 105
3635423 0 105
3636939 0 106
3638352 0 104
3639786 0 105
3641281 0 105
3642776 0 106
3644189 0 104
3645684 0 105
3647117 0 106
3648653 0 104
3650087 0 105
3651582 0 105
3653118 0 105
3654551 0 106
3656026 0 104
3657541 0 105
3659098 0 105
3660552 0 105
3661965 0 105
3663501 0 106
3664955 0 104
3666491 0 105
3668006 0 105
3669461 0 106
3670874 0 104
3672287 0 105
3673761 0 105
3675236 0 105
3676690 0 105
3678226 0 105
3679700 0 105
3681175 0 106
3682670 0 104
3684104 0 105
3685537 0 105
3687032 0 105
3688527 0 106
3690002 0 104
3691415 0 105
3692910 0 105
3694343 0 105
3695879 0 106
3697395 0 104
3698910 0 105
3700323 0 105
3701777 0 105
3703252 0 105
3704747 0 105
3706262 0 106
3707696 0 104
3709211 0 105
3710686 0 105
3712099 0 105
3713512 0 105
3715048 0 105
3716543 0 106
3718038 0 104
3719533 0 105
3720946 0 105
3722400 0 105
3723895 0 105
3725411 0 106
3726926 0 104
3728339 0 105
3729794 0 105
3731207 0 105
3732599 0 105
3734033 0 106
3735446 0 104
3736900 0 105
3738395 0 106
3739951 0 104
3741426 0 105
3742880 0 105
3744314 0 105
3745809 0 105
3747365 0 105
3748778 0 106
3750294 0 104
3751748 0 105
3753140 0 106
3754553 0 104
3755946 0 105
3757421 0 106
3758875 0 104
3760308 0 105
3761824 0 105
3763380 0 106
3764793 0 104
3766329 0 105
3767783 0 106
3769278 0 104
3770773 0 105
3772248 0 105
3773804 0 106
3775279 0 104
3776733 0 105
3778126 0 105
3779661 0 105
3781136 0 106
3782611 0 104
3784003 0 105
3785498 0 105
3787055 0 105
3788591 0 105
3790106 0 106
3791540 0 104
3792953 0 105
3794489 0 106
3795984 0 104
3797499 0 105
3799015 0 106
3800530 0 104
3801943 0 105
3803397 0 106
3804872 0 104
3806408 0 105
3807944 0 105
3809377 0 106
3810893 0 104
3812306 0 105
3813821 0 105
3815358 0 106
3816914 0 104
3818409 0 105
3819843 0 105
3821256 0 105
3822792 0 105
3824348 0 106
3825864 0 104
3827379 0 105
3828915 0 105
3830328 0 105
3831844 0 106
3833339 0 104
3834875 0 105
3836411 0 105
3837844 0 105
3839278 0 105
3840814 0 105
3842206 0 106
3843681 0 104
3845196 0 105
3846753 0 105
3848227 0 105
3849722 0 106
3851217 0 104
3852671 0 105
3854146 0 105
3855682 0 105
3857218 0 105
3858692 0 106
3860146 0 104
3861682 0 105
3863198 0 106
3864632 0 104
3866188 0 105
3867724 0 106
3869198 0 104
3870714 0 105
3872209 0 105
3873724 0 105
3875179 0 105
3876714 0 105
3878128 0 106
3879541 0 104
3880954 0 105
3882490 0 106
3884026 0 104
3885439 0 105
3886913 0 105
3888306 0 105
3889780 0 105
3891296 0 105
3892852 0 105
3894368 0 106
3895883 0 104
3897440 0 105
3898833 0 105
3900246 0 105
3901700 0 105
3903092 0 105
3904505 0 106
3906041 0 104
3907598 0 105
3909134 0 106
3910670 0 104
3912185 0 105
3913639 0 105
3915114 0 105
3916527 0 105
3917981 0 105
3919415 0 105
3920848 0 106
3922302 0 104
3923818 0 105
3925272 0 106
3926705 0 104
3928180 0 105
3929613 0 105
3931088 0 105
3932542 0 106
3934037 0 104
3935491 0 105
3936884 0 105
3938358 0 106
3939853 0 104
3941389 0 105
3942925 0 105
3944441 0 105
3945936 0 106
3947431 0 104
3948885 0 105
3950441 0 106
3951916 0 104
3953431 0 105
3954885 0 106
3956401 0 104
3957834 0 105
3959288 0 106
3960845 0 104
3962340 0 105
3963855 0 106
3965371 0 104
3966845 0 105
3968320 0 105
3969753 0 105
3971187 0 105
3972662 0 106
3974136 0 104
3975549 0 105
3976983 0 105
3978478 0 105
3979952 0 105
3981365 0 105
