70443 0 4
71897 0 1
73372 0 11
74846 0 12
76239 0 10
77672 0 4
79065 0 10
80519 0 7
81973 0 7
83529 0 2
85024 0 21
86560 0 13
88014 0 31
89509 0 5
90902 0 20
92479 0 26
93995 0 2
95531 0 23
97087 0 21
98582 0 24
99995 0 22
101551 0 35
102965 0 2
104398 0 22
105975 0 14
107347 0 23
108801 0 24
110276 0 16
111689 0 20
113266 0 17
114699 0 29
116092 0 2
117587 0 14
119082 0 23
120618 0 17
122154 0 28
123670 0 3
125185 0 13
126578 0 25
128032 0 9
129486 0 15
131022 0 16
132414 0 21
133868 0 36
135323 0 12
136817 0 15
138374 0 17
139767 0 18
141343 0 21
142859 0 22
144293 0 27
145808 0 1
147303 0 23
148737 0 18
150273 0 22
151747 0 13
153263 0 13
154758 0 24
156294 0 26
157686 0 9
159120 0 13
160554 0 14
162048 0 22
163482 0 17
164895 0 20
166411 0 21
167947 0 32
169442 0 8
171018 0 23
172432 0 32
173845 0 7
175340 0 14
176773 0 15
178330 0 25
179763 0 4
181135 0 17
182528 0 17
183921 0 24
185354 0 36
186849 0 5
188385 0 13
189819 0 28
191252 0 7
192686 0 19
194160 0 13
195635 0 15
197089 0 30
198461 0 2
199997 0 18
201410 0 20
202967 0 14
204400 0 26
205875 0 2
207370 0 22
208844 0 29
210298 0 2
211773 0 17
213309 0 19
214763 0 14
216258 0 14
217671 0 31
219146 0 8
220682 0 22
222218 0 21
223651 0 21
225208 0 31
226744 0 8
228218 0 20
229652 0 18
231065 0 35
232580 0 2
234034 0 22
235529 0 36
237086 0 5
238499 0 19
239932 0 22
241387 0 16
242861 0 28
244254 0 7
245769 0 21
247203 0 13
248616 0 14
250111 0 33
251667 0 5
253142 0 23
254596 0 23
256111 0 24
257606 0 20
259122 0 20
260699 0 17
262091 0 33
263627 0 12
265143 0 16
266556 0 30
268051 0 4
269485 0 14
270939 0 22
272475 0 13
273949 0 18
275383 0 33
276796 0 11
278332 0 22
279909 0 13
281342 0 19
282878 0 18
284414 0 34
285827 0 6
287302 0 22
288797 0 19
290210 0 13
291705 0 29
293118 0 12
294572 0 20
296088 0 15
297624 0 14
299098 0 21
300511 0 14
301924 0 29
303440 0 2
304955 0 16
306450 0 17
307904 0 19
309358 0 24
310792 0 18
312308 0 27
313762 0 10
315195 0 17
316690 0 36
318144 0 11
319680 0 18
321155 0 34
322609 0 12
324022 0 16
325435 0 19
326991 0 24
328486 0 27
329920 0 8
331415 0 24
332808 0 17
334262 0 15
335777 0 26
337293 0 11
338747 0 17
340180 0 31
341737 0 4
343170 0 24
344706 0 18
346181 0 21
347758 0 28
349314 0 1
350850 0 16
352304 0 19
353840 0 24
355335 0 30
356769 0 2
358182 0 18
359697 0 24
361192 0 21
362646 0 19
364101 0 34
365534 0 4
367070 0 15
368545 0 35
369937 0 7
371494 0 16
372866 0 17
374422 0 16
375938 0 21
377433 0 25
378928 0 6
380402 0 16
381856 0 13
383331 0 36
384846 0 4
386280 0 23
387795 0 28
389311 0 1
390806 0 24
392219 0 21
393632 0 20
395189 0 13
396663 0 16
398138 0 19
399694 0 24
401251 0 26
402766 0 3
404241 0 15
405695 0 36
407128 0 8
408562 0 15
410057 0 22
411613 0 29
413129 0 6
414624 0 22
416057 0 15
417573 0 14
419068 0 22
420624 0 14
422017 0 22
423471 0 33
424946 0 5
426379 0 13
427915 0 25
429369 0 6
430926 0 18
432380 0 36
433916 0 12
435390 0 23
436844 0 27
438360 0 4
439875 0 22
441288 0 25
442742 0 10
444217 0 21
445650 0 20
447145 0 16
448620 0 19
450095 0 22
451671 0 30
453023 0 11
454580 0 24
456136 0 24
457590 0 19
459024 0 23
460478 0 22
461891 0 22
463468 0 32
464963 0 4
466458 0 14
467912 0 35
469407 0 11
470881 0 23
472315 0 19
473851 0 26
475285 0 5
476677 0 21
478111 0 14
479524 0 28
481019 0 5
482411 0 18
483845 0 17
485361 0 21
486917 0 15
488453 0 23
489968 0 16
491402 0 13
492917 0 34
494392 0 11
495805 0 17
497239 0 20
498775 0 36
500229 0 10
501724 0 23
503178 0 22
504673 0 15
506065 0 22
507478 0 17
508892 0 31
510366 0 7
511923 0 23
513397 0 24
514933 0 29
516326 0 2
517821 0 20
519357 0 22
520893 0 16
522367 0 19
523780 0 19
525214 0 29
526668 0 11
528081 0 13
529597 0 23
531112 0 23
532587 0 19
534143 0 18
535699 0 18
537235 0 31
538730 0 12
540123 0 20
541598 0 17
543093 0 18
544547 0 26
546042 0 2
547516 0 17
549073 0 30
550506 0 5
551919 0 15
553353 0 17
554766 0 19
556241 0 21
557797 0 24
559231 0 28
560726 0 12
562241 0 24
563695 0 33
565149 0 3
566624 0 17
568078 0 19
569511 0 13
571047 0 25
572542 0 4
573955 0 21
575491 0 34
577027 0 5
578563 0 24
580038 0 13
581553 0 19
583048 0 14
584482 0 35
585936 0 9
587411 0 18
588987 0 36
590482 0 5
591998 0 19
593493 0 29
594886 0 1
596340 0 14
597773 0 21
599248 0 22
600763 0 26
602156 0 5
603671 0 16
605146 0 23
606620 0 16
608075 0 25
609508 0 3
611044 0 13
612580 0 35
613993 0 12
615509 0 17
616963 0 19
618519 0 20
620055 0 19
621612 0 23
623107 0 16
624622 0 24
626015 0 30
627489 0 8
629025 0 23
630418 0 31
631974 0 2
633428 0 16
634841 0 16
636316 0 24
637831 0 19
639388 0 35
640883 0 6
642316 0 21
643832 0 20
645347 0 19
646822 0 35
648358 0 1
649853 0 18
651348 0 15
652884 0 14
654297 0 19
655710 0 18
657246 0 26
658618 0 3
660134 0 22
661649 0 35
663124 0 8
664701 0 14
666237 0 21
667814 0 22
669391 0 21
670906 0 22
672442 0 28
673855 0 5
675330 0 13
676845 0 33
678381 0 4
679835 0 13
681248 0 19
682682 0 15
684177 0 21
685692 0 28
687228 0 3
688682 0 18
690116 0 13
691590 0 15
692983 0 19
694499 0 18
695932 0 36
697386 0 4
698881 0 23
700417 0 30
701810 0 5
703223 0 24
704759 0 16
706152 0 14
707647 0 24
709039 0 16
710411 0 29
711824 0 3
713340 0 17
714794 0 17
716248 0 18
717682 0 31
719259 0 10
720733 0 17
722187 0 27
723703 0 9
725239 0 20
726795 0 15
728229 0 22
729785 0 29
731239 0 3
732693 0 23
734188 0 16
735683 0 33
737096 0 2
738530 0 22
740004 0 17
741458 0 16
742994 0 20
744490 0 14
745984 0 26
747357 0 1
748852 0 21
750428 0 32
751842 0 11
753398 0 24
754832 0 29
756245 0 6
757822 0 22
759358 0 15
760873 0 13
762430 0 23
763822 0 23
765256 0 28
766792 0 5
768266 0 18
769720 0 16
771215 0 13
772628 0 30
774042 0 10
775537 0 17
777073 0 24
778527 0 15
780022 0 24
781414 0 25
782848 0 8
784425 0 19
785961 0 19
787374 0 29
788807 0 7
790241 0 16
791654 0 36
793170 0 11
794706 0 24
796201 0 15
797757 0 17
799232 0 21
800808 0 33
802262 0 10
803819 0 17
805253 0 18
806748 0 19
808161 0 24
809574 0 26
811007 0 7
812543 0 21
813977 0 19
815390 0 16
816905 0 26
818380 0 1
819916 0 18
821350 0 18
822926 0 23
824462 0 23
825978 0 20
827411 0 25
828927 0 2
830442 0 16
831815 0 21
833330 0 22
834907 0 33
836341 0 7
837774 0 15
839269 0 15
840662 0 28
842095 0 4
843611 0 22
845147 0 30
846580 0 8
848014 0 20
849468 0 19
850984 0 18
852438 0 14
853830 0 19
855264 0 19
856759 0 20
858213 0 26
859646 0 10
861101 0 20
862575 0 19
864029 0 23
865483 0 29
866917 0 4
868453 0 18
869948 0 14
871402 0 35
872835 0 5
874269 0 24
875682 0 21
877259 0 28
878672 0 7
880208 0 22
881764 0 28
883178 0 6
884652 0 18
886168 0 17
887642 0 23
889199 0 33
890612 0 9
892107 0 21
893540 0 13
895076 0 14
896510 0 22
898046 0 23
899479 0 20
900974 0 25
902428 0 5
903821 0 14
905296 0 22
906791 0 14
908327 0 34
909719 0 8
911296 0 14
912730 0 35
914204 0 6
915638 0 13
917112 0 22
918566 0 18
920061 0 14
921536 0 21
923031 0 17
924444 0 26
925816 0 3
927250 0 15
928704 0 15
930219 0 24
931673 0 20
933168 0 34
934643 0 11
936117 0 19
937612 0 36
939108 0 3
940643 0 24
942200 0 27
943593 0 6
945067 0 24
946501 0 23
947914 0 16
949347 0 15
950822 0 14
952358 0 14
953853 0 16
955327 0 36
956884 0 3
958358 0 22
959915 0 20
961512 0 17
963028 0 27
964564 0 6
966100 0 15
967554 0 36
969049 0 2
970564 0 14
1145975 0 101
1147491 0 101
1148965 0 101
1150399 0 101
1151935 0 101
1153389 0 101
1154904 0 101
1156338 0 101
1157874 0 101
1159389 0 101
1160802 0 102
1162236 0 102
1163731 0 102
1165124 0 102
1166578 0 102
1167991 0 102
1169527 0 103
1170940 0 101
1172332 0 102
1173827 0 102
1175240 0 102
1176735 0 103
1178230 0 101
1179644 0 102
1181180 0 103
1182675 0 101
1184088 0 102
1185562 0 102
1187098 0 103
1188593 0 101
1190109 0 102
1191563 0 103
1193140 0 101
1194655 0 102
1196130 0 103
1197645 0 101
1199120 0 102
1200676 0 103
1202130 0 101
1203646 0 102
1205182 0 102
1206677 0 102
1208172 0 102
1209605 0 102
1211121 0 103
1212554 0 101
1214090 0 102
1215544 0 103
1217039 0 101
1218575 0 102
1220009 0 102
1221483 0 102
1222958 0 102
1224392 0 102
1225825 0 103
1227300 0 101
1228754 0 102
1230167 0 102
1231682 0 102
1233177 0 102
1234713 0 103
1236188 0 101
1237703 0 102
1239239 0 103
1240775 0 101
1242188 0 102
1243601 0 103
1245035 0 101
1246448 0 102
1247964 0 102
1249397 0 102
1250831 0 102
1252326 0 103
1253862 0 101
1255377 0 102
1256831 0 103
1258306 0 101
1259801 0 102
1261337 0 103
1262791 0 101
1264327 0 102
1265883 0 102
1267337 0 102
1268730 0 102
1270184 0 102
1271577 0 103
1273133 0 101
1274649 0 102
1276185 0 103
1277639 0 101
1279175 0 102
1280690 0 103
1282206 0 101
1283721 0 102
1285155 0 102
1286691 0 103
1288247 0 101
1289763 0 102
1291196 0 103
1292732 0 101
1294268 0 102
1295661 0 102
1297053 0 102
1298569 0 103
1300064 0 101
1301559 0 102
1303013 0 102
1304426 0 102
1305839 0 102
1307232 0 102
1308768 0 102
1310181 0 103
1311655 0 101
1313150 0 102
1314604 0 103
1316099 0 101
1317615 0 102
1319048 0 102
1320462 0 102
1321895 0 102
1323370 0 102
1324865 0 102
1326380 0 103
1327855 0 101
1329370 0 102
1330845 0 103
1332340 0 101
1333814 0 102
1335207 0 102
1336681 0 102
1338156 0 102
1339692 0 102
1341187 0 102
1342662 0 102
1344095 0 103
1345549 0 101
1347003 0 102
1348478 0 103
1349911 0 101
1351447 0 102
1352860 0 102
1354314 0 102
1355748 0 102
1357284 0 102
1358820 0 103
1360356 0 101
1361892 0 102
1363407 0 103
1364820 0 101
1366316 0 102
1367749 0 102
1369265 0 103
1370801 0 101
1372214 0 102
1373729 0 102
1375163 0 102
1376658 0 103
1378112 0 101
1379525 0 102
1381081 0 103
1382556 0 101
1384092 0 102
1385546 0 103
1386959 0 101
1388413 0 102
1389867 0 102
1391403 0 102
1392837 0 103
1394270 0 101
1395724 0 102
1397137 0 103
1398612 0 101
1400086 0 102
1401500 0 102
1402974 0 102
1404490 0 102
1405903 0 102
1407336 0 103
1408831 0 101
1410265 0 102
1411719 0 103
1413193 0 101
1414729 0 102
1416204 0 102
1417597 0 103
1419092 0 101
1420505 0 102
1421938 0 102
1423372 0 102
1424805 0 102
1426341 0 102
1427836 0 103
1429249 0 101
1430663 0 102
1432199 0 102
1433694 0 102
1435189 0 102
1436622 0 103
1438138 0 101
1439653 0 102
1441169 0 103
1442643 0 101
1444200 0 102
1445654 0 102
1447108 0 102
1448562 0 102
1450098 0 103
1451572 0 101
1453067 0 102
1454603 0 103
1456160 0 101
1457552 0 102
1459088 0 103
1460522 0 101
1462037 0 102
1463532 0 102
1464966 0 102
1466379 0 102
1467854 0 102
1469369 0 103
1470803 0 101
1472236 0 102
1473690 0 102
1475124 0 103
1476557 0 101
1478011 0 102
1479445 0 102
1480981 0 102
1482517 0 102
1483910 0 103
1485364 0 101
1486859 0 102
1488251 0 102
1489726 0 103
1491180 0 101
1492573 0 102
1494027 0 102
1495563 0 102
1497058 0 102
1498512 0 103
1500027 0 101
1501522 0 102
1502976 0 102
1504451 0 103
1505905 0 101
1507297 0 102
1508772 0 102
1510185 0 102
1511721 0 102
1513175 0 103
1514609 0 101
1516022 0 102
1517435 0 102
1518827 0 103
1520384 0 101
1521838 0 102
1523231 0 103
1524767 0 101
1526241 0 102
1527777 0 102
1529313 0 102
1530726 0 102
1532139 0 103
1533675 0 101
1535211 0 102
1536727 0 102
1538201 0 102
1539737 0 102
1541130 0 102
1542625 0 102
1544120 0 103
1545574 0 101
1546966 0 102
1548523 0 103
1549936 0 101
1551349 0 102
1552885 0 102
1554298 0 102
1555732 0 102
1557165 0 102
1558701 0 103
1560155 0 101
1561568 0 102
1563063 0 103
1564558 0 101
1566033 0 102
1567549 0 102
1569003 0 102
1570477 0 102
1571952 0 102
1573447 0 103
1575003 0 101
1576498 0 102
1577932 0 102
1579386 0 102
1580860 0 102
1582294 0 102
1583686 0 103
1585120 0 101
1586595 0 102
1588049 0 102
1589564 0 102
1591039 0 102
1592554 0 103
1594029 0 101
1595483 0 102
1596978 0 103
1598452 0 101
1599927 0 102
1601360 0 102
1602753 0 102
1604187 0 102
1605620 0 102
1607074 0 102
1608508 0 103
1609941 0 101
1611477 0 102
1612890 0 103
1614365 0 101
1615880 0 102
1617355 0 102
1618748 0 102
1620284 0 103
1621860 0 101
1623274 0 102
1624789 0 103
1626284 0 101
1627779 0 102
1629295 0 102
1630810 0 103
1632285 0 101
1633821 0 102
1635213 0 102
1636688 0 102
1638080 0 102
1639555 0 102
1641029 0 103
1642524 0 101
1644019 0 102
1645453 0 102
1646866 0 102
1648320 0 102
1649836 0 102
1651269 0 102
1652764 0 103
1654177 0 101
1655713 0 102
1657229 0 103
1658744 0 101
1660219 0 102
1661632 0 103
1663168 0 101
1664683 0 102
1666178 0 102
1667632 0 102
1669046 0 103
1670500 0 101
1671954 0 102
1673367 0 103
1674862 0 101
1676275 0 102
1677749 0 102
1679163 0 102
1680699 0 102
1682214 0 102
1683648 0 102
1685081 0 102
1686597 0 103
1688030 0 101
1689566 0 102
1691082 0 103
1692536 0 101
1694072 0 102
1695608 0 102
1697041 0 102
1698475 0 103
1699990 0 101
1701526 0 102
1703042 0 102
1704475 0 103
1705929 0 101
1707383 0 102
1708838 0 102
1710230 0 102
1711643 0 102
1713097 0 102
1714490 0 103
1715903 0 101
1717337 0 102
1718791 0 102
1720347 0 102
1721801 0 102
1723235 0 102
1724730 0 102
1726204 0 103
1727761 0 101
1729297 0 102
1730689 0 102
1732205 0 102
1733659 0 102
1735133 0 103
1736669 0 101
1738123 0 102
1739598 0 102
1741011 0 102
1742506 0 102
1743940 0 103
1745394 0 101
1746868 0 102
1748302 0 103
1749838 0 101
1751394 0 102
1752951 0 102
1754384 0 103
1755797 0 101
1757354 0 102
1758890 0 102
1760385 0 102
1761839 0 102
1763354 0 103
1764890 0 101
1766385 0 102
1767839 0 102
1769375 0 102
1770891 0 102
1772406 0 102
1773819 0 103
1775294 0 101
1776769 0 102
1778243 0 102
1779738 0 102
1781213 0 102
1782708 0 102
1784223 0 103
1785698 0 101
1787193 0 102
1788647 0 102
1790101 0 102
1791637 0 102
1793173 0 102
1794668 0 102
1796122 0 103
1797678 0 101
1799132 0 102
1800648 0 103
1802163 0 101
1803576 0 102
1805051 0 102
1806525 0 102
1807939 0 102
1809434 0 102
1810929 0 103
1812362 0 101
1813898 0 102
1815352 0 102
1816806 0 102
1818301 0 102
1819796 0 102
1821250 0 103
1822807 0 101
1824220 0 102
1825653 0 102
1827087 0 102
1828603 0 102
1829995 0 102
1831388 0 102
1832883 0 102
1834316 0 103
1835852 0 101
1837347 0 102
1838863 0 102
1840378 0 102
1841832 0 103
1843286 0 101
1844822 0 102
1846317 0 103
1847730 0 101
1849164 0 102
1850557 0 102
1852093 0 102
1853485 0 102
1854919 0 103
1856414 0 101
1857827 0 102
1859220 0 102
1860735 0 103
1862271 0 101
1863746 0 102
1865282 0 102
1866797 0 102
1868292 0 102
1869787 0 102
1871262 0 103
1872675 0 101
1874170 0 102
1875603 0 102
1877057 0 102
1878450 0 103
1880006 0 101
1881522 0 102
1882996 0 102
1884430 0 103
1885884 0 101
1887420 0 102
1888813 0 102
1890226 0 103
1891721 0 101
1893257 0 102
1894711 0 102
1896103 0 102
1897537 0 102
1898991 0 102
1900466 0 102
1901940 0 103
1903497 0 101
1904951 0 102
1906466 0 102
1907982 0 102
1909477 0 103
1910910 0 101
1912344 0 102
1913859 0 102
1915252 0 102
1916644 0 102
1918119 0 103
1919532 0 101
1921068 0 102
1922543 0 102
1924038 0 102
1925492 0 103
1927048 0 101
1928502 0 102
1929936 0 102
1931369 0 102
1932823 0 102
1934318 0 102
1935752 0 103
1937247 0 101
1938783 0 102
1940319 0 102
1941753 0 102
1943145 0 102
1944579 0 102
1946012 0 103
1947466 0 101
1948982 0 102
1950436 0 102
1951849 0 103
1953303 0 101
1954696 0 102
1956191 0 102
1957686 0 103
1959201 0 101
1960737 0 102
1962191 0 102
1963727 0 103
1965263 0 101
1966717 0 102
1968253 0 102
1969789 0 102
1971182 0 102
1972574 0 103
1974008 0 101
1975523 0 102
1977059 0 102
1978452 0 103
1979865 0 101
1981381 0 102
1982835 0 103
1984248 0 101
1985743 0 102
1987135 0 102
1988528 0 103
1990003 0 101
1991518 0 102
1992993 0 102
1994488 0 102
1996003 0 102
1997519 0 102
1999034 0 102
2000468 0 103
2002004 0 101
2003458 0 102
2004994 0 103
2006550 0 101
2007943 0 102
2009335 0 103
2010748 0 101
2012182 0 102
2013575 0 102
2015029 0 102
2016524 0 102
2017978 0 103
2019514 0 101
2020947 0 102
2022422 0 102
2023876 0 103
2025309 0 101
2026845 0 102
2028300 0 102
2029713 0 102
2031167 0 102
2032580 0 103
2034095 0 101
2035529 0 102
2036921 0 102
2038457 0 102
2039973 0 103
2041509 0 101
2042983 0 102
2247424 0 39
2248919 0 37
2250373 0 41
2251786 0 44
2253342 0 37
2254817 0 41
2256332 0 48
2257848 0 43
2259343 0 37
2260858 0 43
2262292 0 60
2263746 0 49
2265302 0 51
2266777 0 60
2268190 0 68
2269644 0 43
2271057 0 59
2272532 0 53
2274088 0 59
2275542 0 62
2276996 0 41
2278430 0 57
2279925 0 50
2281440 0 54
2282853 0 49
2284410 0 56
2285864 0 60
2287338 0 63
2288833 0 46
2290369 0 60
2291926 0 50
2293421 0 55
2294875 0 58
2296329 0 55
2297783 0 51
2299237 0 65
2300691 0 39
2302125 0 58
2303661 0 66
2305197 0 42
2306671 0 56
2308166 0 54
2309702 0 51
2311218 0 49
2312631 0 51
2314105 0 61
2315662 0 40
2317075 0 55
2318570 0 50
2320106 0 58
2321642 0 57
2323137 0 59
2324673 0 64
2326188 0 48
2327724 0 51
2329219 0 67
2330776 0 48
2332230 0 60
2333684 0 49
2335240 0 55
2336674 0 50
2338148 0 61
2339643 0 45
2341118 0 56
2342613 0 50
2344088 0 51
2345501 0 63
2346996 0 41
2348429 0 54
2349986 0 52
2351501 0 50
2353017 0 55
2354430 0 57
2355966 0 68
2357461 0 37
2358915 0 53
2360471 0 54
2362007 0 59
2363482 0 52
2364915 0 67
2366349 0 44
2367844 0 50
2369237 0 57
2370793 0 59
2372268 0 51
2373804 0 56
2375258 0 55
2376671 0 57
2378186 0 61
2379722 0 37
2381115 0 52
2382548 0 58
2384105 0 62
2385661 0 42
2387156 0 52
2388713 0 64
2390146 0 37
2391662 0 59
2393157 0 58
2394672 0 51
2396106 0 68
2397519 0 41
2399034 0 59
2400509 0 58
2402024 0 49
2403560 0 57
2404994 0 55
2406550 0 57
2407984 0 68
2409438 0 37
2410974 0 56
2412387 0 72
2413923 0 44
2415377 0 50
2416934 0 59
2418388 0 58
2419965 0 69
2421521 0 45
2423078 0 54
2424573 0 49
2426109 0 52
2427563 0 52
2429099 0 60
2430635 0 55
2432130 0 57
2433584 0 69
2435017 0 45
2436492 0 54
2437987 0 61
2439420 0 48
2440854 0 53
2442287 0 63
2443823 0 39
2445237 0 54
2446691 0 54
2448145 0 57
2449578 0 50
2451053 0 51
2452466 0 63
2453940 0 38
2455456 0 52
2456951 0 55
2458466 0 54
2459982 0 50
2461456 0 54
2462849 0 58
2464324 0 60
2465819 0 61
2467252 0 37
2468706 0 57
2470283 0 66
2471696 0 37
2473130 0 53
2474563 0 51
2475997 0 68
2477471 0 39
2478885 0 56
2480359 0 59
2481772 0 53
2483247 0 59
2484742 0 62
2486237 0 48
2487670 0 57
2489124 0 55
2490599 0 61
2492155 0 45
2493609 0 49
2495104 0 66
2496579 0 41
2497992 0 52
2499548 0 56
2501084 0 59
2502641 0 63
2504177 0 48
2505610 0 51
2507126 0 59
2508621 0 57
2510157 0 55
2511672 0 67
2513208 0 46
2514724 0 51
2516239 0 68
2517734 0 45
2519229 0 53
2520724 0 56
2522219 0 58
2523755 0 50
2525189 0 65
2526705 0 43
2528179 0 56
2529736 0 66
2531210 0 48
2532705 0 50
2534200 0 50
2535736 0 54
2537211 0 59
2538644 0 52
2540078 0 56
2541614 0 71
2543170 0 40
2544624 0 49
2546058 0 53
2547450 0 66
2548843 0 44
2550297 0 60
2551751 0 58
2553185 0 54
2554639 0 56
2556072 0 54
2557485 0 51
2559021 0 62
2560434 0 37
2561909 0 59
2563445 0 57
2564981 0 67
2566374 0 48
2567787 0 49
2569220 0 72
2570736 0 38
2572149 0 60
2573685 0 68
2575139 0 47
2576531 0 51
2578067 0 50
2579562 0 51
2580955 0 60
2582450 0 56
2583863 0 71
2585399 0 37
2586874 0 53
2588348 0 56
2589884 0 49
2591420 0 58
2592977 0 53
2594410 0 50
2595967 0 66
2597503 0 43
2598916 0 57
2600349 0 54
2601844 0 60
2603339 0 62
2604814 0 38
2606268 0 58
2607742 0 54
2609176 0 57
2610630 0 52
2612043 0 70
2613559 0 45
2614992 0 54
2616487 0 59
2618003 0 67
2619518 0 47
2620972 0 52
2622447 0 63
2623880 0 42
2625335 0 60
2626789 0 57
2628325 0 68
2629799 0 47
2631335 0 54
2632748 0 49
2634182 0 55
2635656 0 51
2637131 0 72
2638626 0 38
2640182 0 60
2641718 0 54
2643111 0 60
2644606 0 58
2646060 0 63
2647555 0 45
2649091 0 59
2650606 0 58
2652122 0 57
2653699 0 52
2655132 0 71
2656525 0 46
2657959 0 49
2659392 0 71
2660887 0 48
2662423 0 59
2663898 0 59
2665311 0 58
2666765 0 63
2668198 0 48
2669755 0 49
2671270 0 51
2672745 0 58
2674322 0 58
2675817 0 55
2677271 0 62
2678807 0 42
2680220 0 52
2681633 0 53
2683149 0 71
2684684 0 43
2686180 0 50
2687634 0 72
2689088 0 40
2690542 0 52
2691996 0 64
2693511 0 46
2695047 0 57
2696583 0 55
2698058 0 72
2699491 0 37
2700925 0 58
2702379 0 66
2703853 0 39
2705287 0 57
2706762 0 56
2708236 0 58
2709793 0 50
2711288 0 60
2712742 0 60
2714278 0 53
2715773 0 66
2717186 0 43
2718681 0 54
2720135 0 53
2721650 0 55
2723084 0 50
2724517 0 69
2726012 0 45
2727507 0 60
2728961 0 50
2730518 0 55
2731972 0 56
2733426 0 63
2734962 0 43
2736478 0 53
2738034 0 57
2739447 0 57
2740963 0 53
2742437 0 53
2743850 0 60
2745284 0 51
2746820 0 67
2748335 0 42
2749728 0 60
2751202 0 51
2752738 0 50
2754254 0 62
2755749 0 47
2757264 0 50
2758739 0 54
2760234 0 54
2761770 0 59
2763285 0 53
2764780 0 56
2766234 0 68
2767791 0 47
2769327 0 51
2770760 0 59
2772235 0 64
2773710 0 45
2775184 0 52
2776700 0 51
2778113 0 57
2779587 0 63
2781123 0 44
2782598 0 51
2784052 0 64
2785485 0 38
2787021 0 59
2788537 0 69
2790093 0 47
2791609 0 57
2793104 0 50
2794619 0 49
2796114 0 56
2797568 0 63
2799084 0 40
2800538 0 51
2801971 0 54
2803425 0 58
2804880 0 70
2806354 0 45
2807767 0 55
2809242 0 52
2810819 0 53
2812355 0 62
2813788 0 38
2815263 0 57
2816717 0 63
2818150 0 41
2819604 0 60
2821018 0 52
2822513 0 51
2824028 0 58
2825605 0 62
2827059 0 47
2828513 0 57
2829947 0 59
2831442 0 49
2832978 0 65
2834473 0 48
2835968 0 58
2837483 0 61
2838978 0 42
2840514 0 49
2841989 0 53
2843525 0 71
2845061 0 39
2846617 0 59
2848051 0 67
2849484 0 42
2851041 0 53
2852536 0 50
2854010 0 56
2855546 0 65
2857041 0 38
2858454 0 57
2859929 0 53
2861424 0 68
2862898 0 45
2864455 0 53
2865929 0 62
2867425 0 42
2868960 0 53
2870517 0 59
2872073 0 51
2873589 0 60
2875104 0 51
2876558 0 67
2878012 0 39
2879446 0 55
2880982 0 67
2882518 0 37
2884013 0 51
2885426 0 60
2886921 0 59
2888416 0 71
2889809 0 42
2891242 0 51
2892737 0 50
2894294 0 56
2895768 0 51
2897243 0 63
2898738 0 41
2900274 0 56
2901707 0 63
2903202 0 40
2904677 0 55
2906213 0 67
2907708 0 40
2909223 0 52
2910759 0 59
2912254 0 72
2913770 0 39
2915326 0 53
2916862 0 61
2918337 0 47
2919750 0 55
2921286 0 70
2922678 0 44
2924153 0 52
2925607 0 50
2927123 0 63
2928658 0 47
2930154 0 52
2931628 0 51
2933164 0 50
2934577 0 67
2936031 0 42
2937567 0 53
2939021 0 64
2940496 0 40
2941950 0 54
2943486 0 56
2945022 0 60
2946455 0 50
2947930 0 51
2949384 0 67
2950858 0 42
2952251 0 49
2953767 0 53
2955241 0 55
2956777 0 49
2958231 0 69
2959767 0 37
2961262 0 56
2962675 0 50
2964191 0 69
2965768 0 43
2967324 0 49
2968758 0 70
2970150 0 47
2971686 0 59
2973181 0 54
2974676 0 57
2976192 0 55
2977748 0 60
2979264 0 51
2980779 0 72
2982233 0 38
2983728 0 60
2985223 0 51
2986616 0 60
2988111 0 69
2989647 0 45
2991101 0 49
2992555 0 54
2994009 0 63
2995525 0 47
2996979 0 53
2998412 0 66
2999907 0 44
3001341 0 49
3002815 0 55
3004228 0 53
3005744 0 70
3007177 0 39
3008652 0 59
3010168 0 68
3011601 0 42
3013035 0 60
3014468 0 61
3015963 0 43
3017479 0 52
3019015 0 63
3020510 0 39
3021964 0 60
3023377 0 57
3024892 0 60
3026408 0 50
3027862 0 57
3029316 0 60
3030790 0 72
3032224 0 41
3033719 0 58
3035296 0 49
3036771 0 60
3038307 0 66
3039822 0 45
3041378 0 52
3042853 0 57
3044430 0 68
3045925 0 44
3047399 0 58
3048874 0 51
3050430 0 59
3051925 0 49
3053400 0 58
3054916 0 50
3056472 0 52
3057906 0 62
3059360 0 48
3060896 0 51
3062411 0 51
3063927 0 57
3065360 0 57
3066917 0 56
3068350 0 71
3069804 0 39
3071279 0 55
3072815 0 49
3074310 0 49
3075846 0 60
3077238 0 57
3078795 0 58
3080249 0 65
3081703 0 42
3083259 0 50
3084795 0 69
3086208 0 39
3087765 0 59
3089239 0 68
3090714 0 40
3092148 0 55
3093643 0 57
3095219 0 56
3096776 0 60
3098230 0 52
3099664 0 53
3101159 0 68
3102715 0 47
3104190 0 57
3105705 0 49
3107098 0 68
3108572 0 42
3110026 0 51
3111562 0 63
3113098 0 37
3114593 0 54
3116068 0 72
3117583 0 41
3119017 0 60
3120409 0 54
3121843 0 50
3123338 0 65
3124772 0 38
3126246 0 50
3127721 0 52
3129195 0 59
3130711 0 72
3132103 0 48
3133537 0 50
3135032 0 66
3136445 0 38
3138001 0 53
3139455 0 49
3140991 0 59
3142466 0 57
3143941 0 54
3145415 0 66
3146828 0 42
3148241 0 53
3149798 0 59
3151334 0 59
3172062 0 104
3173557 0 104
3175032 0 104
3176568 0 104
3178083 0 104
3179517 0 104
3180930 0 104
3182404 0 104
3183838 0 104
3185333 0 104
3186848 0 105
3188303 0 105
3189818 0 105
3191272 0 105
3192685 0 105
3194139 0 106
3195573 0 104
3196965 0 105
3198440 0 105
3199853 0 105
3201368 0 105
3202904 0 106
3204358 0 104
3205853 0 105
3207389 0 106
3208884 0 104
3210298 0 105
3211711 0 106
3213226 0 104
3214701 0 105
3216155 0 106
3217629 0 104
3219145 0 105
3220660 0 105
3222094 0 105
3223650 0 105
3225084 0 105
3226558 0 105
3228074 0 106
3229589 0 104
3231125 0 105
3232600 0 105
3234054 0 106
3235569 0 104
3237085 0 105
3238621 0 106
3240075 0 104
3241611 0 105
3243004 0 105
3244499 0 106
3245994 0 104
3247386 0 105
3248922 0 105
3250458 0 105
3251851 0 106
3253346 0 104
3254820 0 105
3256356 0 105
3257831 0 106
3259346 0 104
3260800 0 105
3262336 0 105
3263729 0 105
3265285 0 105
3266678 0 106
3268112 0 104
3269566 0 105
3271081 0 105
3272494 0 105
3273989 0 106
3275464 0 104
3277020 0 105
3278413 0 105
3279949 0 105
3281362 0 106
3282857 0 104
3284311 0 105
3285765 0 106
3287199 0 104
3288612 0 105
3290148 0 105
3291643 0 106
3293097 0 104
3294592 0 105
3296107 0 106
3297561 0 104
3298954 0 105
3300469 0 105
3302026 0 105
3303562 0 105
3304975 0 105
3306409 0 105
3307904 0 105
3309399 0 106
3310853 0 104
3312368 0 105
3313863 0 105
3315338 0 106
3316894 0 104
3318389 0 105
3319884 0 105
3321359 0 105
3322854 0 105
3324246 0 105
3325700 0 105
3327175 0 106
3328649 0 104
3330103 0 105
3331639 0 106
3333094 0 104
3334629 0 105
3336063 0 105
3337620 0 105
3339033 0 106
3340487 0 104
3341900 0 105
3343395 0 105
3344890 0 105
3346344 0 105
3347839 0 106
3349252 0 104
3350726 0 105
3352221 0 105
3353614 0 106
3355130 0 104
3356645 0 105
3358058 0 105
3359615 0 105
3361110 0 105
3362605 0 105
3364100 0 106
3365533 0 104
3367049 0 105
3368564 0 105
3370121 0 105
3371554 0 106
3372988 0 104
3374442 0 105
3375896 0 105
3377452 0 106
3379009 0 104
3380524 0 105
3381958 0 105
3383494 0 105
3385030 0 105
3386586 0 105
3388102 0 105
3389495 0 106
3391010 0 104
3392423 0 105
3393816 0 106
3395352 0 104
3396888 0 105
3398321 0 105
3399796 0 105
3401209 0 105
3402683 0 106
3404117 0 104
3405571 0 105
3407127 0 105
3408581 0 105
3410036 0 105
3411551 0 105
3412964 0 106
3414521 0 104
3415934 0 105
3417367 0 105
3418821 0 105
3420275 0 105
3421729 0 105
3423245 0 106
3424801 0 104
3426235 0 105
3427648 0 106
3429123 0 104
3430659 0 105
3432113 0 105
3433587 0 105
3435082 0 106
3436598 0 104
3438134 0 105
3439649 0 105
3441103 0 105
3442496 0 105
3443970 0 106
3445486 0 104
3446981 0 105
3448517 0 105
3449991 0 105
3451548 0 106
3452981 0 104
3454456 0 105
3455889 0 106
3457323 0 104
3458798 0 105
3460231 0 105
3461747 0 105
3463160 0 105
3464634 0 106
3466150 0 104
3467665 0 105
3469181 0 105
3470635 0 105
3472027 0 105
3473461 0 105
3474915 0 105
3476308 0 106
3477803 0 104
3479257 0 105
3480731 0 106
3482206 0 104
3483639 0 105
3485052 0 105
3486445 0 105
3487899 0 105
3489292 0 106
3490828 0 104
3492241 0 105
3493715 0 106
3495169 0 104
3496603 0 105
3498016 0 106
3499429 0 104
3500822 0 105
3502214 0 105
3503750 0 105
3505163 0 105
3506658 0 105
3508072 0 106
3509505 0 104
3510918 0 105
3512331 0 106
3513785 0 104
3515260 0 105
3516775 0 105
3518311 0 105
3519827 0 105
3521363 0 105
3522776 0 105
3524210 0 106
3525766 0 104
3527241 0 105
3528654 0 106
3530108 0 104
3531562 0 105
3532995 0 105
3534408 0 105
3535903 0 105
3537357 0 106
3538852 0 104
3540286 0 105
3541740 0 106
3543256 0 104
3544792 0 105
3546328 0 105
3547720 0 105
3549174 0 105
3550669 0 106
3552226 0 104
3553762 0 105
3555277 0 105
3556772 0 105
3558308 0 105
3559742 0 105
3561237 0 106
3562691 0 104
3564165 0 105
3565701 0 105
3567135 0 105
3568609 0 105
3570125 0 105
3571620 0 106
3573053 0 104
3574487 0 105
3576003 0 105
3577498 0 105
3578952 0 105
3580426 0 105
3581839 0 106
3583273 0 104
3584829 0 105
3586386 0 105
3587799 0 105
3589294 0 105
3590727 0 106
3592263 0 104
3593717 0 105
3595233 0 105
3596687 0 105
3598100 0 105
3599657 0 105
3601090 0 106
3602524 0 104
3603998 0 105
3605555 0 106
3607070 0 104
3608565 0 105
3609958 0 106
3611432 0 104
3612948 0 105
3614422 0 105
3615938 0 105
3617371 0 105
3618887 0 105
3620321 0 105
3621795 0 106
3623311 0 104
3624826 0 105
3626280 0 105
3627816 0 105
3629250 0 105
3630806 0 105
3632281 0 106
3633776 0 104
3635312 0 105
3636848 0 106
3638343 0 104
3639776 0 105
3641189 0 105
3642582 0 105
3644015 0 105
3645510 0 106
3647067 0 104
3648603 0 105
3650057 0 105
3651511 0 105
3652904 0 105
3654399 0 106
3655873 0 104
3657327 0 105
3658761 0 106
3660235 0 104
3661710 0 105
3663123 0 105
3664536 0 105
3666072 0 105
3667588 0 106
3669083 0 104
3670516 0 105
3671991 0 105
3673506 0 105
3674919 0 105
3676373 0 105
3677786 0 105
3679302 0 105
3680817 0 106
3682210 0 104
3683664 0 105
3685118 0 106
3686572 0 104
3688088 0 105
3689542 0 106
3690996 0 104
3692511 0 105
3693986 0 106
3695440 0 104
3696955 0 105
3698409 0 106
3699884 0 104
3701338 0 105
3702731 0 106
3704123 0 104
3705577 0 105
3707134 0 105
3708547 0 105
3709939 0 105
3711393 0 106
3712929 0 104
3714384 0 105
3715919 0 106
3717435 0 104
3718828 0 105
3720384 0 105
3721797 0 105
3723251 0 106
3724787 0 104
3726200 0 105
3727654 0 105
3729211 0 105
3730726 0 105
3732221 0 105
3733655 0 106
3735129 0 104
3736686 0 105
3738119 0 105
3739635 0 105
3741130 0 105
3742604 0 105
3743997 0 105
3745492 0 106
3746926 0 104
3748380 0 105
3749793 0 106
3751329 0 104
3752844 0 105
3754339 0 106
3755896 0 104
3757370 0 105
3758783 0 105
3760340 0 105
3761855 0 106
3763309 0 104
3764784 0 105
3766197 0 106
3767692 0 104
3769126 0 105
3770539 0 106
3772054 0 104
3773508 0 105
3775003 0 106
3776457 0 104
3777932 0 105
3779468 0 105
3781004 0 106
3782458 0 104
3783932 0 105
3785427 0 106
3786881 0 104
3788336 0 105
3789851 0 105
3791387 0 106
3792862 0 104
3794397 0 105
3795933 0 105
3797367 0 105
3798883 0 106
3800418 0 104
3801975 0 105
3803429 0 105
3804904 0 105
3806419 0 105
3807853 0 106
3809266 0 104
3810802 0 105
3812358 0 105
3813792 0 105
3815266 0 106
3816679 0 104
3818113 0 105
3819649 0 105
3821144 0 106
3822598 0 104
3824011 0 105
3825404 0 105
3826940 0 105
3828414 0 105
3829889 0 106
3831445 0 104
3832838 0 105
3834312 0 106
3835807 0 104
3837261 0 105
3838777 0 105
3840292 0 105
3841808 0 105
3843221 0 106
3844655 0 104
3846150 0 105
3847645 0 106
3849078 0 104
3850512 0 105
3851966 0 105
3853399 0 105
3854853 0 105
3856369 0 105
3857864 0 106
3859420 0 104
3860956 0 105
3862410 0 106
3863946 0 104
3865421 0 105
3866936 0 105
3868452 0 105
3869947 0 106
3871380 0 104
3872855 0 105
3874370 0 105
3875804 0 105
3877340 0 105
3878856 0 105
3880289 0 105
3881743 0 105
3883238 0 106
3884672 0 104
3886208 0 105
3887662 0 105
3889218 0 105
3890734 0 105
3892147 0 106
3893662 0 104
3895157 0 105
3896591 0 106
3898004 0 104
3899479 0 105
3900953 0 105
3902469 0 105
3903923 0 105
3905418 0 105
3906974 0 106
3908469 0 104
3909862 0 105
3911295 0 105
3912749 0 105
3914183 0 105
3915617 0 106
3917173 0 104
3918627 0 105
3920020 0 105
3921515 0 105
3922928 0 106
3924423 0 104
3925856 0 105
3927310 0 105
3928785 0 105
3930219 0 105
3931652 0 105
3933127 0 105
3934622 0 106
3936158 0 104
3937612 0 105
3939086 0 105
3940581 0 105
3942097 0 106
3943571 0 104
3944984 0 105
3946541 0 106
3948015 0 104
3949490 0 105
3950882 0 105
3952377 0 105
3953872 0 106
3955388 0 104
3956842 0 105
3958255 0 106
3959668 0 104
3961143 0 105
3962556 0 106
3964051 0 104
3965587 0 105
3966979 0 105
3968515 0 106
3970051 0 104
3971587 0 105
3973103 0 105
3974557 0 105
3976072 0 105
3977547 0 105
3978960 0 106
3980476 0 104
3981971 0 105
3983384 0 105
3984858 0 105
3986292 0 105
3987746 0 105
3989220 0 106
3990633 0 104
3992169 0 105
3993623 0 106
3995098 0 104
3996552 0 105
3998068 0 105
3999563 0 105
4000976 0 105
4002491 0 106
4003986 0 104
4005502 0 105
4006935 0 105
4008348 0 105
4009782 0 105
4011256 0 105
4012751 0 106
4014246 0 104
4015741 0 105
4017216 0 105
4018732 0 105
4020206 0 105
4021763 0 105
4023217 0 106
4024630 0 104
4026022 0 105
4027558 0 106
4029033 0 104
4030528 0 105
4032023 0 105
4033477 0 105
4034890 0 105
4036364 0 105
4037921 0 106
4039355 0 104
4040890 0 105
4042426 0 106
4043962 0 104
4045355 0 105
4046871 0 105
4048304 0 105
4049861 0 105
4051315 0 106
4052728 0 104
4054161 0 105
4055574 0 105
4057028 0 106
4058462 0 104
4059937 0 105
4061411 0 105
4062886 0 105
4064299 0 105
4065835 0 106
4067391 0 104
4068866 0 105
4070361 0 105
