96693 0 9
98147 0 12
99683 0 9
101260 0 6
102796 0 6
104291 0 6
105806 0 6
107240 0 1
108674 0 5
110066 0 6
111500 0 22
113015 0 23
114531 0 15
115944 0 18
117378 0 14
118893 0 28
120409 0 6
121965 0 14
123501 0 32
124996 0 11
126409 0 23
127925 0 32
129379 0 3
130833 0 13
132246 0 22
133802 0 18
135236 0 19
136669 0 13
138123 0 30
139557 0 12
141052 0 15
142567 0 34
144022 0 1
145435 0 23
146991 0 23
148486 0 20
150022 0 23
151558 0 32
152971 0 8
154507 0 14
155941 0 15
157333 0 36
158767 0 10
160282 0 16
161675 0 23
163170 0 22
164706 0 30
166160 0 1
167655 0 18
169109 0 34
170645 0 2
172181 0 18
173758 0 22
175192 0 24
176707 0 20
178182 0 28
179595 0 12
181028 0 17
182503 0 32
183936 0 1
185411 0 22
186967 0 26
188380 0 2
189875 0 23
191309 0 27
192702 0 5
194156 0 15
195569 0 13
197023 0 23
198518 0 15
199951 0 18
201426 0 20
202901 0 19
204416 0 33
205870 0 11
207365 0 19
208799 0 20
210355 0 19
211850 0 17
213243 0 18
214656 0 22
216212 0 16
217687 0 35
219161 0 2
220574 0 18
222131 0 29
223524 0 4
224937 0 19
226350 0 18
227865 0 21
229422 0 25
230855 0 2
232248 0 16
233661 0 28
235156 0 12
236549 0 19
238126 0 33
239641 0 8
241177 0 24
242652 0 14
244187 0 32
245723 0 5
247157 0 15
248570 0 25
250106 0 4
251540 0 22
253096 0 29
254612 0 9
256168 0 22
257725 0 29
259199 0 6
260612 0 19
262148 0 19
263623 0 18
265200 0 23
266633 0 15
268149 0 21
269705 0 25
271282 0 7
272716 0 23
274190 0 14
275685 0 20
277180 0 21
278737 0 36
280191 0 11
281747 0 17
283242 0 26
284717 0 11
286212 0 21
287686 0 23
289222 0 18
290758 0 35
292274 0 10
293830 0 19
295243 0 35
296697 0 8
298172 0 23
299646 0 25
301100 0 7
302534 0 17
303968 0 19
305422 0 22
306999 0 27
308432 0 10
309866 0 23
311381 0 24
312917 0 20
314474 0 21
316030 0 29
317484 0 2
318938 0 15
320433 0 28
321928 0 8
323526 0 19
325000 0 32
326393 0 9
327949 0 24
329424 0 15
330857 0 32
332352 0 10
333806 0 16
335240 0 18
336756 0 13
338251 0 16
339664 0 36
341159 0 1
342654 0 17
344087 0 35
345541 0 2
346995 0 18
348531 0 23
350067 0 21
351501 0 20
353057 0 13
354532 0 21
355986 0 36
357399 0 4
358792 0 21
360246 0 33
361782 0 8
363236 0 23
364731 0 17
366246 0 14
367741 0 26
369277 0 1
370772 0 23
372329 0 33
373824 0 2
375237 0 17
376711 0 30
378227 0 10
379722 0 20
381278 0 17
382712 0 15
384207 0 23
385722 0 30
387074 0 4
388590 0 18
390105 0 33
391518 0 8
393075 0 15
394467 0 29
396003 0 3
397416 0 22
398870 0 16
400406 0 13
401901 0 24
403355 0 17
404830 0 35
406345 0 5
407758 0 22
409315 0 16
410830 0 13
412366 0 17
413902 0 29
415356 0 9
416810 0 19
418367 0 20
419862 0 13
421377 0 15
422893 0 15
424388 0 21
425944 0 28
427501 0 7
428934 0 21
430429 0 15
431904 0 15
433297 0 17
434792 0 13
436287 0 13
437782 0 19
439338 0 36
440792 0 7
442328 0 14
443762 0 13
445257 0 21
446772 0 22
448226 0 15
449680 0 13
451114 0 24
452527 0 27
454063 0 9
455517 0 23
457012 0 13
458425 0 13
459818 0 33
461354 0 3
462869 0 24
464303 0 20
465818 0 16
467272 0 17
468685 0 15
470221 0 31
471757 0 7
473211 0 17
474727 0 23
476181 0 13
477635 0 18
479171 0 18
480605 0 13
482038 0 16
483554 0 30
485028 0 6
486605 0 13
488141 0 26
489554 0 2
491008 0 23
492524 0 21
493957 0 24
495411 0 33
496968 0 9
498401 0 18
499937 0 20
501432 0 13
502866 0 15
504259 0 17
505774 0 19
507249 0 33
508662 0 2
510136 0 17
511549 0 16
513065 0 18
514601 0 21
516178 0 36
517652 0 12
519147 0 19
520683 0 22
522178 0 18
523714 0 15
525271 0 22
526848 0 16
528384 0 26
529899 0 3
531333 0 22
532807 0 31
534241 0 5
535736 0 17
537272 0 26
538664 0 2
540057 0 14
541593 0 20
543149 0 33
544563 0 5
545996 0 20
547553 0 21
549048 0 22
550502 0 15
551935 0 29
553369 0 9
554823 0 23
556236 0 24
557751 0 23
559226 0 22
560741 0 35
562257 0 8
563711 0 24
565165 0 14
566578 0 22
568053 0 13
569507 0 19
570940 0 28
572497 0 9
574074 0 16
575548 0 23
576961 0 23
578354 0 16
579726 0 22
581201 0 35
582614 0 4
584068 0 23
585501 0 29
586996 0 1
588389 0 18
589945 0 20
591379 0 19
592833 0 23
594267 0 22
595803 0 33
597298 0 9
598834 0 21
600390 0 36
601926 0 10
603442 0 21
604998 0 22
606575 0 18
608131 0 35
609565 0 6
611019 0 15
612453 0 19
614030 0 15
615463 0 33
616938 0 11
618371 0 17
619825 0 19
621279 0 25
622754 0 10
624208 0 22
625744 0 30
627239 0 11
628713 0 22
630208 0 15
631642 0 17
633199 0 16
634653 0 19
636107 0 18
637663 0 27
639097 0 7
640633 0 24
642128 0 26
643623 0 1
645015 0 16
646469 0 14
647903 0 13
649418 0 23
650954 0 27
652490 0 6
654047 0 15
655521 0 27
657016 0 1
658552 0 19
660027 0 16
661563 0 24
663099 0 21
664655 0 22
666150 0 35
667686 0 6
669222 0 21
670676 0 22
672253 0 21
673687 0 28
675100 0 6
676513 0 15
677947 0 28
679483 0 10
681039 0 21
682534 0 14
684009 0 18
685524 0 16
687019 0 30
688473 0 4
689886 0 21
691402 0 16
692917 0 14
694289 0 31
695764 0 11
697177 0 19
698651 0 17
700187 0 23
701703 0 19
703177 0 24
704672 0 25
706188 0 3
707683 0 20
709219 0 14
710653 0 22
712209 0 18
713704 0 27
715117 0 12
716653 0 24
718087 0 14
719479 0 14
720892 0 19
722367 0 18
723923 0 28
725439 0 11
726913 0 18
728367 0 23
729862 0 18
731357 0 15
732914 0 29
734409 0 3
735822 0 22
737399 0 17
738833 0 25
740266 0 12
741700 0 21
743195 0 22
744649 0 22
746103 0 23
747577 0 20
749031 0 27
750567 0 8
752124 0 17
753578 0 35
755052 0 5
756568 0 19
758083 0 14
759619 0 32
761032 0 8
762589 0 18
764063 0 23
765579 0 13
767115 0 25
768589 0 8
770084 0 15
771559 0 22
773115 0 21
774590 0 20
776044 0 31
777601 0 2
779014 0 17
780468 0 13
781963 0 24
783437 0 20
784953 0 20
786448 0 26
787881 0 9
789376 0 21
790871 0 18
792346 0 17
793861 0 31
795377 0 2
796831 0 13
798326 0 34
799821 0 8
801377 0 16
802831 0 32
804306 0 12
805699 0 24
807132 0 19
808648 0 18
810061 0 15
811576 0 23
813071 0 15
814525 0 30
815979 0 6
817413 0 21
818969 0 23
820485 0 20
821959 0 36
823495 0 3
825031 0 15
826465 0 29
827940 0 7
829455 0 18
830909 0 21
832445 0 17
833879 0 21
835353 0 16
836807 0 22
838261 0 24
839797 0 33
841231 0 2
842685 0 19
844241 0 30
845613 0 10
847047 0 14
848440 0 14
849894 0 34
851430 0 12
852884 0 22
854440 0 20
855935 0 31
857389 0 8
858864 0 24
860297 0 21
861854 0 28
863267 0 1
864782 0 17
866236 0 22
867670 0 13
869186 0 15
870742 0 16
872217 0 32
873630 0 5
875104 0 15
876538 0 13
878033 0 18
879569 0 31
881125 0 3
882641 0 21
884095 0 21
885651 0 24
887187 0 34
888682 0 11
890075 0 14
891488 0 24
892881 0 22
894335 0 24
895789 0 30
897304 0 12
898840 0 17
900376 0 17
901830 0 15
903325 0 33
904820 0 12
906356 0 13
907913 0 20
909346 0 22
910862 0 22
912398 0 19
913872 0 31
915408 0 2
916842 0 17
918316 0 19
919852 0 32
921286 0 6
922822 0 15
924358 0 32
925873 0 5
927327 0 14
928761 0 19
930276 0 20
931710 0 14
933164 0 17
934598 0 28
936011 0 11
937485 0 16
939001 0 22
940557 0 34
942073 0 3
943465 0 18
944878 0 24
946271 0 16
947786 0 15
949200 0 26
950592 0 11
952128 0 18
953582 0 33
955036 0 7
956490 0 17
957965 0 23
959480 0 13
960996 0 17
962450 0 15
963924 0 36
965338 0 4
966812 0 17
968246 0 35
969761 0 8
971338 0 17
972874 0 17
974410 0 15
975844 0 35
977277 0 5
978834 0 20
980390 0 13
981844 0 35
983278 0 4
984691 0 21
986247 0 33
987701 0 9
989155 0 22
990568 0 26
992023 0 3
993518 0 13
994910 0 22
996426 0 15
997859 0 22
999313 0 24
1072111 0 101
1073585 0 101
1075019 0 101
1076473 0 101
1077968 0 101
1079442 0 101
1080978 0 101
1082371 0 101
1083886 0 101
1085320 0 101
1086835 0 102
1088310 0 102
1089785 0 103
1091300 0 101
1092734 0 102
1094126 0 102
1095621 0 102
1097116 0 103
1098591 0 101
1099983 0 102
1101540 0 102
1103055 0 103
1104550 0 101
1105984 0 102
1107479 0 102
1108933 0 102
1110346 0 102
1111882 0 102
1113336 0 103
1114749 0 101
1116244 0 102
1117637 0 102
1119193 0 102
1120647 0 102
1122204 0 103
1123617 0 101
1125010 0 102
1126484 0 103
1128041 0 101
1129474 0 102
1130887 0 103
1132464 0 101
1134000 0 102
1135536 0 103
1136949 0 101
1138383 0 102
1139796 0 103
1141229 0 101
1142622 0 102
1144035 0 102
1145469 0 102
1146902 0 102
1148315 0 103
1149728 0 101
1151224 0 102
1152678 0 102
1154070 0 103
1155504 0 101
1156978 0 102
1158412 0 102
1159886 0 102
1161320 0 103
1162795 0 101
1164249 0 102
1165641 0 103
1167198 0 101
1168611 0 102
1170106 0 102
1171560 0 102
1172973 0 102
1174366 0 102
1175901 0 102
1177417 0 102
1178932 0 103
1180448 0 101
1181963 0 102
1183479 0 103
1185015 0 101
1186408 0 102
1187821 0 102
1189275 0 102
1190729 0 102
1192183 0 102
1193657 0 102
1195152 0 102
1196586 0 103
1198122 0 101
1199658 0 102
1201071 0 102
1202566 0 102
1204020 0 102
1205495 0 102
1206928 0 103
1208382 0 101
1209918 0 102
1211434 0 103
1212867 0 101
1214321 0 102
1215755 0 102
1217188 0 102
1218643 0 102
1220035 0 102
1221489 0 103
1223066 0 101
1224561 0 102
1225974 0 103
1227531 0 101
1228985 0 102
1230521 0 102
1231954 0 102
1233490 0 102
1234903 0 103
1236378 0 101
1237914 0 102
1239307 0 102
1240842 0 103
1242378 0 101
1243833 0 102
1245328 0 102
1246843 0 103
1248399 0 101
1249935 0 102
1251369 0 103
1252782 0 101
1254318 0 102
1255813 0 103
1257247 0 101
1258639 0 102
1260134 0 102
1261527 0 102
1262981 0 102
1264537 0 102
1266032 0 103
1267466 0 101
1269002 0 102
1270395 0 102
1271787 0 102
1273323 0 102
1274757 0 102
1276272 0 102
1277767 0 103
1279242 0 101
1280655 0 102
1282170 0 102
1283584 0 102
1284976 0 102
1286512 0 103
1287987 0 101
1289502 0 102
1291038 0 102
1292451 0 102
1293864 0 102
1295359 0 102
1296895 0 103
1298349 0 101
1299865 0 102
1301278 0 103
1302691 0 101
1304207 0 102
1305620 0 103
1307176 0 101
1308671 0 102
1310105 0 102
1311620 0 102
1313156 0 102
1314672 0 102
1316085 0 103
1317518 0 101
1318972 0 102
1320467 0 102
1321901 0 103
1323314 0 101
1324748 0 102
1326161 0 103
1327594 0 101
1329048 0 102
1330441 0 102
1331875 0 102
1333410 0 102
1334844 0 102
1336380 0 102
1337855 0 103
1339370 0 101
1340824 0 102
1342340 0 103
1343835 0 101
1345309 0 102
1346804 0 102
1348217 0 102
1349610 0 102
1351023 0 102
1352559 0 103
1353972 0 101
1355467 0 102
1356880 0 103
1358416 0 101
1359932 0 102
1361365 0 103
1362799 0 101
1364212 0 102
1365646 0 103
1367140 0 101
1368635 0 102
1370069 0 102
1371503 0 102
1372895 0 102
1374411 0 102
1375844 0 103
1377380 0 101
1378834 0 102
1380329 0 102
1381763 0 103
1383258 0 101
1384753 0 102
1386228 0 102
1387763 0 103
1389259 0 101
1390754 0 102
1392249 0 103
1393785 0 101
1395259 0 102
1396672 0 102
1398065 0 102
1399580 0 102
1401116 0 103
1402673 0 101
1404188 0 102
1405642 0 103
1407158 0 101
1408694 0 102
1410230 0 102
1411725 0 102
1413261 0 102
1414715 0 103
1416169 0 101
1417643 0 102
1419179 0 103
1420613 0 101
1422128 0 102
1423541 0 103
1425098 0 101
1426531 0 102
1427965 0 102
1429460 0 103
1430894 0 101
1432409 0 102
1433925 0 102
1435461 0 102
1436935 0 103
1438430 0 101
1439823 0 102
1441359 0 102
1442772 0 103
1444308 0 101
1445721 0 102
1447257 0 102
1448772 0 102
1450267 0 103
1451783 0 101
1453298 0 102
1454773 0 102
1456247 0 102
1457640 0 102
1459115 0 102
1460507 0 102
1462023 0 103
1463477 0 101
1464972 0 102
1466487 0 102
1467900 0 102
1469395 0 102
1470809 0 102
1472263 0 102
1473676 0 103
1475109 0 101
1476584 0 102
1478017 0 102
1479431 0 103
1480946 0 101
1482441 0 102
1483956 0 103
1485472 0 101
1486987 0 102
1488380 0 102
1489814 0 102
1491309 0 102
1492763 0 102
1494278 0 102
1495753 0 102
1497207 0 103
1498763 0 101
1500156 0 102
1501548 0 102
1503105 0 102
1504579 0 103
1506054 0 101
1507549 0 102
1509003 0 103
1510559 0 101
1512034 0 102
1513529 0 102
1515065 0 102
1516519 0 103
1517973 0 101
1519407 0 102
1520963 0 102
1522417 0 102
1523830 0 103
1525387 0 101
1526800 0 102
1528295 0 103
1529708 0 101
1531264 0 102
1532759 0 102
1534193 0 102
1535606 0 103
1537101 0 101
1538514 0 102
1539907 0 102
1541402 0 102
1542917 0 102
1544351 0 103
1545846 0 101
1547361 0 102
1548856 0 102
1550351 0 102
1551785 0 103
1553219 0 101
1554611 0 102
1556004 0 102
1557499 0 102
1558953 0 102
1560407 0 103
1561963 0 101
1563356 0 102
1564790 0 102
1566305 0 102
1567821 0 102
1569275 0 102
1570708 0 103
1572224 0 101
1573739 0 102
1575296 0 103
1576791 0 101
1578306 0 102
1579822 0 103
1581255 0 101
1582750 0 102
1584204 0 102
1585720 0 102
1587112 0 102
1588526 0 102
1589918 0 103
1591434 0 101
1592867 0 102
1594280 0 102
1595796 0 102
1597250 0 103
1598745 0 101
1600219 0 102
1601694 0 102
1603189 0 102
1604704 0 102
1606199 0 103
1607756 0 101
1609271 0 102
1610807 0 103
1612364 0 101
1613900 0 102
1615456 0 102
1616992 0 102
1618385 0 102
1619880 0 102
1621416 0 103
1622952 0 101
1624447 0 102
1625860 0 102
1627314 0 102
1628789 0 102
1630202 0 102
1631717 0 102
1633192 0 103
1634748 0 101
1636243 0 102
1637697 0 102
1639192 0 102
1640708 0 103
1642141 0 101
1643534 0 102
1645029 0 103
1646524 0 101
1648019 0 102
1649534 0 102
1651029 0 102
1652422 0 103
1653897 0 101
1655289 0 102
1656805 0 103
1658341 0 101
1659856 0 102
1661269 0 102
1662744 0 102
1664218 0 102
1665713 0 102
1667249 0 103
1668744 0 101
1670157 0 102
1671673 0 103
1673106 0 101
1674561 0 102
1676015 0 103
1677530 0 101
1679066 0 102
1680459 0 102
1681974 0 102
1683531 0 102
1685026 0 102
1686500 0 102
1688057 0 102
1689449 0 103
1690924 0 101
1692419 0 102
1693852 0 102
1695245 0 102
1696720 0 103
1698133 0 101
1699546 0 102
1701061 0 102
1702454 0 102
1703969 0 103
1705485 0 101
1706898 0 102
1708393 0 102
1709786 0 102
1711301 0 102
1712755 0 103
1714168 0 101
1715643 0 102
1717138 0 103
1718633 0 101
1720169 0 102
1721602 0 103
1723077 0 101
1724469 0 102
1725883 0 103
1727378 0 101
1728893 0 102
1730368 0 102
1731924 0 103
1733378 0 101
1734853 0 102
1736286 0 102
1737802 0 102
1739297 0 102
1740833 0 102
1742348 0 103
1743925 0 101
1745461 0 102
1746874 0 102
1748349 0 102
1749762 0 102
1751298 0 102
1752752 0 102
1754165 0 103
1755701 0 101
1757175 0 102
1758711 0 102
1760247 0 102
1761681 0 102
1763176 0 102
1764712 0 103
1766187 0 101
1767641 0 102
1769115 0 102
1770508 0 103
1772064 0 101
1773518 0 102
1774952 0 103
1776447 0 101
1777942 0 102
1779334 0 102
1780788 0 102
1782263 0 102
1783779 0 103
1785335 0 101
1786850 0 102
1788325 0 102
1789861 0 102
1791254 0 102
1792810 0 102
1794285 0 102
1795677 0 103
1797172 0 101
1798606 0 102
1800019 0 102
1801514 0 102
1803009 0 102
1804483 0 103
1806019 0 101
1807535 0 102
1808928 0 103
1810423 0 101
1811815 0 102
1813269 0 103
1814805 0 101
1816198 0 102
1817590 0 103
1819004 0 101
1820417 0 102
1821871 0 102
1823407 0 102
1824820 0 103
1826253 0 101
1827646 0 102
1829182 0 102
1830575 0 102
1831967 0 102
1833503 0 102
1834998 0 103
1836473 0 101
1837865 0 102
1839319 0 102
1840753 0 103
1842268 0 101
1843784 0 102
1845177 0 102
1846713 0 102
1848167 0 102
1849641 0 103
1851075 0 101
1852611 0 102
1854085 0 102
1855621 0 102
1857075 0 102
1858570 0 102
1860045 0 102
1861519 0 103
1863014 0 101
1864448 0 102
1865963 0 102
1867397 0 102
1868892 0 102
1870367 0 103
1871902 0 101
1873418 0 102
1874852 0 102
1876408 0 102
1877842 0 103
1879378 0 101
1880811 0 102
1882265 0 102
1883678 0 102
1885194 0 102
1886586 0 103
1888020 0 101
1889474 0 102
1890969 0 102
1892505 0 102
1893898 0 103
1895434 0 101
1896908 0 102
1898321 0 102
1899837 0 102
1901373 0 102
1902909 0 102
1904383 0 102
1905817 0 102
1907353 0 103
1908889 0 101
1910404 0 102
1911838 0 102
1913333 0 102
1914848 0 102
1916241 0 103
1917756 0 101
1919170 0 102
1920583 0 102
1922057 0 102
1923470 0 102
1924863 0 102
1926296 0 103
1927771 0 101
1929205 0 102
1930741 0 103
1932297 0 101
1933792 0 102
1935287 0 103
1936823 0 101
1938216 0 102
1939752 0 102
1941165 0 102
1942578 0 102
1944011 0 102
1945465 0 102
1946878 0 103
1948414 0 101
1949869 0 102
1951404 0 103
1952961 0 101
1954497 0 102
1955890 0 103
1957425 0 101
1958900 0 102
1960395 0 102
1961870 0 102
1963283 0 102
1964696 0 103
1966170 0 101
1967665 0 102
1969119 0 102
1985703 0 46
1987239 0 39
1988755 0 43
1990291 0 40
1991847 0 45
1993322 0 42
1994796 0 46
1996332 0 44
1997807 0 41
1999281 0 45
2000756 0 58
2002292 0 55
2003726 0 54
2005221 0 59
2006675 0 55
2008108 0 54
2009542 0 49
2010996 0 72
2012491 0 43
2013924 0 60
2015358 0 55
2016792 0 60
2018287 0 63
2019700 0 44
2021236 0 49
2022628 0 52
2024103 0 60
2025516 0 50
2027011 0 56
2028567 0 62
2030124 0 41
2031537 0 56
2032971 0 49
2034363 0 55
2035920 0 69
2037353 0 38
2038828 0 50
2040302 0 56
2041756 0 54
2043272 0 57
2044828 0 49
2046303 0 69
2047736 0 47
2049170 0 59
2050583 0 55
2052037 0 60
2053594 0 52
2055130 0 63
2056543 0 39
2057997 0 53
2059492 0 60
2061028 0 57
2062605 0 55
2064161 0 67
2065595 0 48
2067090 0 51
2068544 0 57
2070018 0 64
2071554 0 44
2073008 0 54
2074442 0 54
2075875 0 69
2077370 0 48
2078886 0 49
2080360 0 66
2081876 0 42
2083351 0 51
2084907 0 60
2086320 0 69
2087815 0 46
2089290 0 58
2090723 0 50
2092157 0 49
2093652 0 55
2095085 0 72
2096519 0 38
2097973 0 53
2099447 0 72
2100922 0 46
2102417 0 53
2103892 0 66
2105346 0 42
2106902 0 60
2108438 0 70
2109954 0 38
2111428 0 50
2112862 0 49
2114418 0 55
2115872 0 53
2117347 0 57
2118903 0 50
2120419 0 62
2121832 0 46
2123265 0 59
2124740 0 67
2126194 0 38
2127628 0 58
2129102 0 52
2130597 0 57
2132153 0 68
2133628 0 41
2135103 0 57
2136557 0 58
2138072 0 49
2139567 0 52
2141062 0 58
2142578 0 57
2144114 0 59
2145629 0 61
2147063 0 48
2148558 0 60
2150073 0 55
2151568 0 50
2153125 0 69
2154661 0 38
2156115 0 52
2157671 0 50
2159146 0 62
2160641 0 42
2162197 0 59
2163692 0 56
2165105 0 59
2166621 0 56
2168095 0 56
2169631 0 59
2171065 0 56
2172580 0 69
2174096 0 42
2175652 0 53
2177147 0 62
2178622 0 48
2180076 0 60
2181550 0 60
2182963 0 52
2184397 0 49
2185913 0 59
2187346 0 70
2188862 0 47
2190336 0 50
2191749 0 69
2193183 0 41
2194616 0 49
2196111 0 49
2197504 0 69
2198979 0 37
2200392 0 54
2201907 0 68
2203443 0 37
2204918 0 57
2206392 0 62
2207928 0 41
2209362 0 55
2210857 0 52
2212352 0 57
2213908 0 49
2215444 0 51
2216878 0 60
2218373 0 68
2219929 0 39
2221342 0 57
2222837 0 66
2224394 0 37
2225827 0 51
2227220 0 55
2228756 0 59
2230190 0 56
2231623 0 67
2233098 0 44
2234552 0 53
2236006 0 64
2237501 0 38
2238975 0 54
2240491 0 51
2241883 0 65
2243378 0 46
2244812 0 57
2246246 0 64
2247679 0 39
2249154 0 53
2250669 0 50
2252164 0 60
2253680 0 58
2255113 0 58
2256567 0 53
2258042 0 68
2259496 0 46
2260971 0 56
2262445 0 60
2263858 0 60
2265333 0 68
2266828 0 37
2268343 0 58
2269900 0 58
2271436 0 49
2272890 0 58
2274405 0 55
2275941 0 64
2277477 0 40
2278911 0 57
2280344 0 52
2281880 0 65
2283375 0 37
2284809 0 53
2286324 0 53
2287819 0 51
2289376 0 57
2290809 0 49
2292263 0 71
2293676 0 41
2295172 0 52
2296728 0 57
2298203 0 72
2299698 0 44
2301172 0 58
2302606 0 50
2304060 0 60
2305493 0 64
2306927 0 39
2308381 0 50
2309876 0 60
2311391 0 58
2312825 0 59
2314361 0 51
2315876 0 68
2317331 0 46
2318887 0 52
2320321 0 58
2321836 0 71
2323351 0 47
2324847 0 58
2326423 0 51
2327857 0 52
2329393 0 66
2330929 0 38
2332424 0 59
2333919 0 67
2335414 0 37
2336827 0 49
2338343 0 55
2339817 0 57
2341230 0 55
2342787 0 69
2344343 0 46
2345797 0 49
2347333 0 56
2348787 0 51
2350344 0 53
2351798 0 52
2353272 0 59
2354747 0 71
2356221 0 44
2357675 0 56
2359089 0 66
2360522 0 45
2361935 0 54
2363451 0 53
2364884 0 57
2366461 0 59
2367936 0 58
2369369 0 53
2370844 0 70
2372277 0 40
2373793 0 59
2375226 0 55
2376783 0 56
2378196 0 58
2379671 0 61
2381145 0 37
2382620 0 58
2384074 0 56
2385528 0 58
2386982 0 51
2388415 0 50
2389972 0 61
2391405 0 42
2392900 0 55
2394395 0 71
2395849 0 38
2397385 0 51
2398901 0 56
2400355 0 57
2401850 0 54
2403284 0 69
2404717 0 37
2406233 0 58
2407687 0 54
2409243 0 64
2410800 0 45
2412336 0 52
2413831 0 68
2415285 0 38
2416821 0 52
2418254 0 49
2419708 0 55
2421183 0 51
2422678 0 53
2424234 0 68
2425647 0 39
2427122 0 53
2428576 0 51
2430091 0 56
2431648 0 55
2433204 0 71
2434617 0 42
2436010 0 50
2437464 0 49
2438877 0 58
2440434 0 53
2441929 0 56
2443444 0 72
2444898 0 45
2446455 0 49
2447909 0 58
2449363 0 52
2450919 0 51
2452373 0 52
2453868 0 55
2455302 0 63
2456715 0 38
2458149 0 50
2459562 0 67
2461016 0 38
2462531 0 50
2463965 0 65
2465378 0 47
2466893 0 60
2468409 0 64
2469904 0 42
2471378 0 51
2472914 0 68
2474409 0 43
2475905 0 57
2477338 0 62
2478813 0 39
2480246 0 57
2481700 0 70
2483134 0 45
2484649 0 59
2486226 0 55
2487721 0 54
2489175 0 57
2490752 0 61
2492186 0 47
2493660 0 54
2495094 0 63
2496630 0 42
2498125 0 53
2499579 0 50
2501135 0 55
2502610 0 67
2504064 0 43
2505518 0 53
2506993 0 67
2508406 0 45
2509860 0 50
2511396 0 68
2512932 0 44
2514365 0 57
2515840 0 50
2517294 0 53
2518727 0 58
2520243 0 51
2521697 0 63
2523274 0 46
2524728 0 55
2526182 0 53
2527697 0 57
2529213 0 68
2530647 0 45
2532162 0 52
2533637 0 55
2535173 0 54
2536647 0 59
2538142 0 57
2539617 0 61
2541050 0 42
2542586 0 49
2543999 0 50
2545474 0 71
2546948 0 40
2548484 0 53
2549979 0 59
2551474 0 55
2553010 0 53
2554464 0 54
2555939 0 66
2557454 0 44
2558990 0 55
2560485 0 65
2562001 0 38
2563557 0 60
2565052 0 63
2566609 0 41
2568104 0 49
2569517 0 64
2571032 0 42
2572486 0 49
2574022 0 51
2575558 0 52
2576992 0 59
2578528 0 64
2579962 0 40
2581395 0 50
2582849 0 66
2584385 0 47
2585901 0 53
2587478 0 60
2589014 0 50
2590529 0 62
2592045 0 44
2593601 0 59
2595137 0 49
2596673 0 49
2598086 0 70
2599520 0 47
2600953 0 53
2602448 0 52
2603984 0 50
2605438 0 50
2606954 0 51
2608490 0 63
2609923 0 37
2611398 0 49
2612872 0 54
2614265 0 54
2615658 0 59
2617132 0 64
2618627 0 40
2620081 0 58
2621638 0 53
2623092 0 58
2624669 0 64
2626082 0 42
2627495 0 54
2628908 0 51
2630341 0 63
2631755 0 46
2633229 0 54
2634745 0 63
2636178 0 40
2637632 0 52
2639148 0 57
2640622 0 63
2642076 0 45
2643653 0 50
2645087 0 55
2646520 0 64
2648036 0 42
2649551 0 49
2651026 0 64
2652541 0 41
2653955 0 57
2655511 0 56
2656965 0 49
2658419 0 60
2659894 0 62
2661307 0 38
2662802 0 58
2664297 0 58
2665833 0 52
2667369 0 49
2668925 0 54
2670461 0 70
2671977 0 40
2673533 0 51
2675008 0 55
2676523 0 66
2677957 0 44
2679513 0 56
2681070 0 56
2682483 0 59
2683978 0 49
2685452 0 56
2686886 0 50
2688360 0 62
2689773 0 40
2691248 0 55
2692784 0 51
2694279 0 53
2695713 0 50
2697269 0 64
2698805 0 45
2700259 0 52
2701693 0 55
2703249 0 69
2704683 0 48
2706157 0 59
2707632 0 49
2709024 0 54
2710560 0 53
2712014 0 61
2713448 0 48
2714861 0 53
2716336 0 60
2717851 0 60
2719407 0 55
2720882 0 52
2722377 0 57
2723893 0 54
2725408 0 62
2726883 0 43
2728337 0 56
2729873 0 52
2731368 0 51
2732924 0 49
2734419 0 65
2735853 0 45
2737286 0 49
2738822 0 68
2740338 0 45
2741812 0 58
2743348 0 54
2744823 0 51
2746379 0 55
2747874 0 54
2749287 0 54
2750741 0 62
2752298 0 40
2753854 0 54
2755308 0 54
2756721 0 51
2758216 0 53
2759629 0 55
2761104 0 53
2762660 0 62
2764196 0 46
2765794 0 57
2767330 0 72
2768866 0 42
2770381 0 57
2771835 0 60
2773371 0 50
2774846 0 60
2776341 0 53
2777897 0 57
2779433 0 66
2780887 0 42
2782362 0 53
2783836 0 54
2785270 0 60
2786704 0 51
2788158 0 56
2789571 0 60
2791045 0 61
2792458 0 38
2793912 0 54
2795428 0 54
2796882 0 64
2798377 0 45
2799913 0 58
2801510 0 69
2803046 0 38
2804582 0 51
2806016 0 53
2807531 0 58
2809006 0 62
2810440 0 44
2811873 0 57
2813389 0 50
2814884 0 57
2816358 0 52
2817812 0 62
2819348 0 37
2820741 0 49
2822195 0 64
2823731 0 37
2825205 0 58
2826741 0 68
2828257 0 46
2829772 0 53
2831308 0 67
2832844 0 48
2834278 0 58
2835855 0 66
2837411 0 48
2838824 0 54
2840340 0 53
2841773 0 59
2843248 0 50
2844763 0 69
2846218 0 42
2847774 0 60
2849330 0 72
2850743 0 41
2852279 0 54
2853713 0 69
2855290 0 44
2856703 0 54
2858157 0 59
2859570 0 54
2860983 0 56
2862540 0 71
2864014 0 44
2865509 0 51
2867066 0 69
2868622 0 40
2870076 0 60
2871510 0 61
2873066 0 40
2874561 0 60
2875974 0 53
2877490 0 52
2879046 0 61
2880459 0 39
2881873 0 52
2883409 0 54
2884822 0 57
2886296 0 58
2887771 0 59
2889266 0 49
2904640 0 104
2906074 0 104
2907549 0 104
2909064 0 104
2910457 0 104
2911911 0 104
2913385 0 104
2914778 0 104
2916273 0 104
2917686 0 104
2919222 0 105
2920778 0 105
2922314 0 106
2923727 0 104
2925141 0 105
2926595 0 105
2928069 0 106
2929503 0 104
2930895 0 105
2932308 0 105
2933783 0 105
2935237 0 105
2936773 0 105
2938207 0 106
2939763 0 104
2941176 0 105
2942630 0 105
2944146 0 105
2945579 0 105
2947074 0 106
2948487 0 104
2949901 0 105
2951355 0 105
2952891 0 105
2954386 0 106
2955922 0 104
2957335 0 105
2958768 0 105
2960304 0 105
2961697 0 105
2963089 0 105
2964605 0 106
2966079 0 104
2967554 0 105
2969008 0 105
2970564 0 105
2972039 0 105
2973514 0 105
2974927 0 106
2976381 0 104
2977814 0 105
2979227 0 105
2980743 0 105
2982156 0 105
2983590 0 105
2985125 0 106
2986600 0 104
2988075 0 105
2989590 0 105
2990983 0 105
2992498 0 105
2994014 0 106
2995427 0 104
2996983 0 105
2998417 0 105
2999932 0 106
3001345 0 104
3002820 0 105
3004233 0 105
3005789 0 105
3007305 0 105
3008861 0 105
3010274 0 105
3011729 0 105
3013224 0 106
3014719 0 104
3016255 0 105
3017688 0 106
3019163 0 104
3020678 0 105
3022214 0 105
3023771 0 105
3025327 0 105
3026740 0 105
3028153 0 105
3029587 0 106
3031123 0 104
3032556 0 105
3034051 0 105
3035546 0 105
3037103 0 106
3038598 0 104
3040011 0 105
3041547 0 105
3043062 0 105
3044455 0 105
3045971 0 105
3047404 0 105
3048879 0 106
3050394 0 104
3051889 0 105
3053446 0 106
3054900 0 104
3056395 0 105
3057931 0 105
3059344 0 105
3060777 0 105
3062211 0 106
3063747 0 104
3065262 0 105
3066675 0 106
3068089 0 104
3069502 0 105
3071058 0 106
3072615 0 104
3074069 0 105
3075523 0 106
3077018 0 104
3078410 0 105
3079803 0 106
3081257 0 104
3082670 0 105
3084104 0 106
3085558 0 104
3087073 0 105
3088609 0 105
3090043 0 105
3091456 0 105
3092971 0 105
3094487 0 105
3095900 0 105
3097456 0 106
3098849 0 104
3100344 0 105
3101900 0 105
3103436 0 105
3104931 0 105
3106365 0 105
3107799 0 105
3109212 0 105
3110645 0 106
3112202 0 104
3113594 0 105
3115048 0 105
3116564 0 105
3117957 0 105
3119513 0 106
3121008 0 104
3122462 0 105
3123875 0 106
3125391 0 104
3126845 0 105
3128381 0 106
3129896 0 104
3131371 0 105
3132907 0 106
3134463 0 104
3135999 0 105
3137453 0 105
3138907 0 106
3140443 0 104
3141979 0 105
3143454 0 105
3144887 0 105
3146444 0 105
3147959 0 106
3149434 0 104
3150970 0 105
3152383 0 105
3153837 0 105
3155311 0 105
3156847 0 105
3158260 0 105
3159735 0 106
3161271 0 104
3162807 0 105
3164343 0 105
3165858 0 105
3167312 0 106
3168828 0 104
3170241 0 105
3171797 0 105
3173313 0 105
3174849 0 106
3176405 0 104
3177839 0 105
3179252 0 105
3180747 0 105
3182263 0 105
3183717 0 106
3185232 0 104
3186707 0 105
3188243 0 106
3189799 0 104
3191212 0 105
3192748 0 105
3194264 0 105
3195800 0 105
3197315 0 105
3198790 0 106
3200203 0 104
3201677 0 105
3203131 0 106
3204688 0 104
3206080 0 105
3207534 0 105
3208927 0 105
3210463 0 106
3212020 0 104
3213433 0 105
3214928 0 105
3216464 0 105
3218000 0 105
3219454 0 105
3221010 0 106
3222567 0 104
3224082 0 105
3225536 0 105
3226949 0 105
3228362 0 105
3229796 0 105
3231209 0 105
3232643 0 105
3234117 0 106
3235612 0 104
3237107 0 105
3238541 0 105
3240097 0 106
3241613 0 104
3243067 0 105
3244603 0 105
3246077 0 105
3247490 0 105
3248924 0 105
3250378 0 105
3251914 0 106
3253450 0 104
3254945 0 105
3256337 0 105
3257874 0 105
3259307 0 105
3260863 0 105
3262318 0 106
3263731 0 104
3265267 0 105
3266700 0 106
3268175 0 104
3269690 0 105
3271124 0 105
3272578 0 105
3273970 0 105
3275425 0 105
3276920 0 106
3278353 0 104
3279848 0 105
3281343 0 105
3282838 0 105
3284231 0 106
3285767 0 104
3287303 0 105
3288695 0 105
3290170 0 105
3291644 0 105
3293119 0 105
3294532 0 106
3296068 0 104
3297563 0 105
3298997 0 105
3300553 0 106
3302007 0 104
3303482 0 105
3304997 0 106
3306513 0 104
3308069 0 105
3309503 0 105
3310936 0 105
3312329 0 105
3313803 0 106
3315298 0 104
3316855 0 105
3318309 0 105
3319845 0 105
3321340 0 105
3322835 0 105
3324248 0 106
3325723 0 104
3327156 0 105
3328692 0 106
3330228 0 104
3331621 0 105
3333054 0 105
3334508 0 105
3335942 0 105
3337396 0 105
3338789 0 105
3340345 0 106
3341758 0 104
3343192 0 105
3344687 0 106
3346202 0 104
3347677 0 105
3349213 0 106
3350769 0 104
3352285 0 105
3353800 0 105
3355213 0 106
3356667 0 104
3358162 0 105
3359596 0 105
3361111 0 105
3362606 0 106
3364060 0 104
3365494 0 105
3366907 0 106
3368382 0 104
3369774 0 105
3371208 0 106
3372621 0 104
3374075 0 105
3375468 0 106
3377004 0 104
3378560 0 105
3380096 0 105
3381550 0 105
3383045 0 106
3384499 0 104
3386015 0 105
3387448 0 106
3388984 0 104
3390479 0 105
3391974 0 105
3393428 0 105
3394882 0 105
3396398 0 105
3397811 0 106
3399306 0 104
3400821 0 105
3402337 0 106
3403811 0 104
3405266 0 105
3406761 0 105
3408194 0 105
3409628 0 105
3411123 0 105
3412659 0 105
3414154 0 106
3415649 0 104
3417123 0 105
3418618 0 105
3420011 0 105
3421403 0 105
3422858 0 105
3424394 0 105
3425868 0 106
3427384 0 104
3428858 0 105
3430251 0 106
3431664 0 104
3433056 0 105
3434531 0 105
3436006 0 105
3437500 0 105
3438955 0 105
3440429 0 106
3441965 0 104
3443481 0 105
3445017 0 106
3446512 0 104
3448048 0 105
3449543 0 105
3451017 0 105
3452512 0 105
3454028 0 105
3455441 0 106
3456874 0 104
3458410 0 105
3459885 0 106
3461400 0 104
3462916 0 105
3464431 0 105
3465926 0 105
3467339 0 105
3468834 0 106
3470288 0 104
3471824 0 105
3473319 0 105
3474814 0 105
3476289 0 106
3477825 0 104
3479279 0 105
3480692 0 105
3482167 0 105
3483580 0 105
3484972 0 106
3486488 0 104
3487983 0 105
3489396 0 106
3490870 0 104
3492263 0 105
3493799 0 106
3495233 0 104
3496769 0 105
3498202 0 105
3499697 0 105
3501110 0 105
3502626 0 105
3504059 0 105
3505575 0 105
3507090 0 106
3508626 0 104
3510101 0 105
3511514 0 106
3513070 0 104
3514565 0 105
3516040 0 106
3517514 0 104
3518989 0 105
3520464 0 105
3521959 0 105
3523372 0 105
3524928 0 105
3526321 0 106
3527857 0 104
3529331 0 105
3530765 0 106
3532260 0 104
3533755 0 105
3535209 0 106
3536765 0 104
3538281 0 105
3539694 0 105
3541168 0 105
3542623 0 105
3544158 0 106
3545654 0 104
3547169 0 105
3548623 0 106
3550036 0 104
3551552 0 105
3552965 0 105
3554460 0 105
3555852 0 105
3557388 0 106
3558904 0 104
3560378 0 105
3561791 0 106
3563205 0 104
3564618 0 105
3566133 0 106
3567628 0 104
3569164 0 105
3570557 0 105
3571970 0 105
3573403 0 105
3574817 0 105
3576373 0 106
3577827 0 104
3579261 0 105
3580735 0 106
3582251 0 104
3583746 0 105
3585302 0 105
3586777 0 105
3588292 0 106
3589767 0 104
3591221 0 105
3592675 0 105
3594170 0 105
3595685 0 105
3597078 0 106
3598552 0 104
3599966 0 105
3601522 0 106
3602997 0 104
3604451 0 105
3605966 0 105
3607461 0 105
3608895 0 105
3610349 0 106
3611844 0 104
3613339 0 105
3614895 0 105
3616349 0 105
3617844 0 106
3619298 0 104
3620773 0 105
3622268 0 105
3623804 0 105
3625196 0 106
3626610 0 104
3628125 0 105
3629641 0 105
3631136 0 105
3632610 0 105
3634085 0 105
3635498 0 105
3636993 0 105
3638426 0 106
3639983 0 104
3641498 0 105
3642973 0 106
3644509 0 104
3645922 0 105
3647376 0 105
3648871 0 105
3650407 0 106
3651840 0 104
3653376 0 105
3654790 0 105
3656182 0 106
3657595 0 104
3659049 0 105
3660544 0 105
3661998 0 105
3663452 0 106
3664947 0 104
3666381 0 105
3667876 0 105
3669433 0 106
3670866 0 104
3672279 0 105
3673713 0 105
3675105 0 105
3676621 0 105
3678157 0 105
3679631 0 106
3681085 0 104
3682499 0 105
3683973 0 105
3685509 0 105
3686902 0 106
3688335 0 104
3689892 0 105
3691325 0 106
3692779 0 104
3694213 0 105
3695667 0 105
3697182 0 105
3698636 0 105
3700152 0 106
3701545 0 104
3703040 0 105
3704514 0 106
3706050 0 104
3707607 0 105
3709040 0 106
3710597 0 104
3712092 0 105
3713628 0 106
3715102 0 104
3716638 0 105
3718133 0 105
3719546 0 105
3721000 0 106
3722536 0 104
3724031 0 105
3725526 0 105
3726939 0 105
3728352 0 105
3729909 0 105
3731424 0 105
3732838 0 105
3734292 0 106
3735848 0 104
3737384 0 105
3738920 0 106
3740415 0 104
3741951 0 105
3743385 0 105
3744818 0 105
3746231 0 105
3747747 0 105
3749180 0 106
3750614 0 104
3752129 0 105
3753583 0 105
3755119 0 105
3756594 0 106
3758007 0 104
3759502 0 105
3761017 0 106
3762451 0 104
3763987 0 105
3765503 0 105
3766977 0 105
3768431 0 105
3769906 0 106
3771380 0 104
3772896 0 105
3774309 0 105
3775865 0 106
3777422 0 104
3778978 0 105
3780432 0 105
3781866 0 106
3783340 0 104
3784794 0 105
3786228 0 105
3787641 0 106
3789075 0 104
3790488 0 105
3792024 0 105
3793457 0 105
3794911 0 106
3796345 0 104
3797860 0 105
3799396 0 106
3800871 0 104
3802386 0 105
3803922 0 105
