65979 0 6
67515 0 11
68949 0 4
70341 0 8
71877 0 7
73311 0 12
74785 0 4
76178 0 5
77591 0 7
79148 0 10
80683 0 16
82199 0 17
83633 0 14
85066 0 23
86602 0 13
88138 0 23
89695 0 20
91169 0 32
92582 0 12
94139 0 16
95511 0 22
97006 0 34
98480 0 10
99955 0 13
101429 0 22
102924 0 21
104358 0 20
105935 0 35
107327 0 9
108782 0 13
110256 0 28
111669 0 6
113185 0 17
114721 0 34
116154 0 12
117711 0 18
119206 0 17
120598 0 17
122134 0 35
123670 0 12
125186 0 16
126722 0 23
128217 0 14
129650 0 27
131145 0 5
132538 0 23
134074 0 22
135589 0 22
137146 0 17
138620 0 21
140054 0 34
141508 0 8
143023 0 17
144519 0 22
145952 0 24
147406 0 28
148819 0 9
150355 0 14
151789 0 19
153284 0 34
154697 0 2
156192 0 17
157687 0 20
159243 0 13
160677 0 34
162172 0 7
163728 0 24
165162 0 21
166677 0 28
168172 0 12
169586 0 19
171040 0 15
172514 0 14
174050 0 14
175566 0 15
177102 0 16
178494 0 22
180051 0 32
181464 0 7
182959 0 15
184372 0 19
185887 0 16
187341 0 33
188795 0 8
190270 0 22
191765 0 24
193158 0 19
194694 0 23
196086 0 36
197561 0 11
198974 0 18
200387 0 19
201861 0 18
203275 0 15
204708 0 13
206162 0 32
207657 0 9
209132 0 13
210586 0 24
212019 0 19
213473 0 28
214989 0 1
216504 0 13
217979 0 21
219556 0 17
220969 0 20
222505 0 35
224000 0 2
225413 0 14
226908 0 23
228362 0 14
229796 0 36
231373 0 5
232786 0 23
234301 0 36
235878 0 8
237394 0 15
238827 0 28
240322 0 2
241776 0 15
243312 0 14
244746 0 22
246200 0 14
247695 0 13
249128 0 34
250521 0 2
252057 0 15
253532 0 17
254965 0 29
256358 0 8
257955 0 21
259471 0 19
261027 0 20
262584 0 19
264120 0 26
265656 0 5
267130 0 20
268646 0 28
270202 0 10
271677 0 17
273110 0 22
274667 0 20
276141 0 24
277534 0 19
278967 0 36
280380 0 2
281773 0 18
283268 0 22
284784 0 22
286299 0 15
287692 0 24
289207 0 18
290723 0 23
292136 0 29
293590 0 7
295003 0 18
296436 0 19
297993 0 24
299426 0 23
300983 0 22
302437 0 20
303993 0 27
305448 0 11
306922 0 15
308356 0 14
309830 0 31
311387 0 11
312923 0 19
314499 0 18
315994 0 19
317428 0 14
318903 0 16
320275 0 13
321749 0 18
323203 0 27
324698 0 3
326111 0 15
327627 0 22
329183 0 28
330678 0 11
332194 0 16
333648 0 21
335204 0 19
336720 0 17
338194 0 30
339607 0 7
341123 0 15
342557 0 34
344011 0 6
345465 0 18
346960 0 19
348393 0 20
349929 0 15
351342 0 22
352755 0 35
354250 0 2
355664 0 17
357179 0 21
358715 0 19
360210 0 24
361664 0 26
363077 0 6
364490 0 16
365965 0 15
367480 0 33
369037 0 6
370573 0 13
372068 0 30
373440 0 8
374935 0 15
376450 0 30
377925 0 1
379440 0 13
380853 0 18
382349 0 19
383884 0 14
385379 0 18
386854 0 23
388410 0 27
389844 0 2
391380 0 17
392793 0 16
394227 0 22
395722 0 31
397176 0 9
398753 0 14
400248 0 14
401763 0 15
403156 0 30
404528 0 1
406043 0 22
407497 0 29
408952 0 6
410385 0 20
411839 0 16
413211 0 17
414665 0 19
416181 0 36
417717 0 8
419171 0 13
420604 0 23
422059 0 31
423635 0 5
425171 0 24
426687 0 17
428223 0 29
429656 0 5
431192 0 15
432626 0 20
434060 0 32
435534 0 11
437050 0 15
438565 0 35
440060 0 8
441535 0 16
442927 0 19
444402 0 14
445815 0 30
447228 0 12
448723 0 14
450198 0 25
451672 0 7
453188 0 18
454683 0 23
456116 0 28
457529 0 4
459024 0 20
460499 0 34
461891 0 8
463427 0 20
464881 0 19
466356 0 21
467830 0 22
469346 0 36
470821 0 4
472336 0 15
473831 0 36
475265 0 5
476801 0 20
478255 0 17
479709 0 24
481142 0 18
482637 0 32
484071 0 5
485566 0 24
487102 0 32
488576 0 7
490071 0 16
491464 0 28
492979 0 5
494495 0 20
496031 0 17
497424 0 19
498857 0 29
500229 0 12
501642 0 13
503055 0 24
504571 0 20
506148 0 31
507602 0 3
508995 0 23
510387 0 26
511862 0 5
513275 0 22
514770 0 22
516306 0 18
517780 0 17
519214 0 17
520647 0 33
522163 0 7
523617 0 17
525010 0 14
526464 0 34
527897 0 12
529433 0 18
530949 0 21
532444 0 35
533959 0 10
535454 0 19
536929 0 35
538403 0 6
539960 0 22
541537 0 15
543073 0 27
544629 0 7
546042 0 14
547517 0 32
549012 0 3
550466 0 24
552022 0 17
553435 0 31
554971 0 6
556405 0 17
557859 0 23
559272 0 22
560808 0 14
562221 0 17
563655 0 27
565068 0 1
566501 0 18
568037 0 16
569430 0 22
570925 0 18
572338 0 25
573895 0 10
575369 0 14
576803 0 27
578195 0 9
579731 0 16
581206 0 15
582742 0 22
584175 0 32
585670 0 8
587227 0 15
588681 0 17
590114 0 18
591568 0 15
593002 0 20
594558 0 32
596094 0 10
597671 0 24
599207 0 24
600661 0 18
602197 0 26
603610 0 1
605003 0 13
606396 0 31
607829 0 2
609201 0 20
610717 0 21
612253 0 26
613727 0 7
615202 0 16
616574 0 13
617967 0 18
619523 0 23
620936 0 34
622370 0 2
623865 0 21
625442 0 18
626875 0 19
628370 0 20
629947 0 16
631442 0 35
632917 0 3
634473 0 18
635989 0 19
637525 0 23
639081 0 23
640515 0 14
642051 0 15
643546 0 14
645061 0 33
646618 0 4
647990 0 13
649485 0 24
650877 0 20
652372 0 15
653806 0 24
655219 0 18
656714 0 36
658168 0 11
659663 0 24
661138 0 18
662571 0 21
664066 0 17
665602 0 25
667077 0 10
668551 0 14
669985 0 35
671378 0 5
672791 0 21
674347 0 14
675781 0 16
677255 0 35
678709 0 1
680184 0 15
681617 0 13
683010 0 30
684403 0 5
685877 0 16
687393 0 35
688867 0 7
690424 0 14
691939 0 28
693496 0 2
694970 0 16
696383 0 21
697817 0 16
699332 0 19
700766 0 20
702322 0 22
703858 0 32
705394 0 9
706910 0 21
708466 0 19
709920 0 26
711354 0 4
712869 0 24
714282 0 23
715736 0 23
717272 0 20
718747 0 13
720201 0 26
721717 0 8
723293 0 15
724809 0 35
726202 0 8
727738 0 17
729212 0 26
730728 0 10
732243 0 14
733636 0 20
735131 0 13
736687 0 24
738203 0 29
739718 0 8
741234 0 21
742729 0 19
744162 0 16
745678 0 26
747132 0 3
748545 0 19
750122 0 30
751596 0 7
753112 0 15
754648 0 21
756061 0 27
757556 0 2
759092 0 17
760505 0 20
761939 0 35
763352 0 7
764867 0 24
766280 0 22
767734 0 20
769188 0 15
770724 0 29
772158 0 4
773694 0 21
775209 0 15
776684 0 21
778138 0 18
779592 0 16
781128 0 16
782603 0 31
784138 0 6
785593 0 13
787108 0 26
788480 0 10
789975 0 20
791552 0 25
793047 0 7
794522 0 24
796058 0 18
797532 0 20
799130 0 21
800604 0 14
801997 0 18
803492 0 24
804966 0 26
806441 0 9
807915 0 19
809369 0 30
810782 0 10
812257 0 14
813629 0 23
815063 0 13
816496 0 30
817930 0 3
819404 0 22
820838 0 36
822292 0 6
823848 0 23
825262 0 25
826736 0 10
828190 0 17
829644 0 16
831016 0 35
832470 0 3
833986 0 14
835379 0 32
836853 0 8
838348 0 19
839843 0 14
841236 0 20
842731 0 14
844185 0 31
845721 0 5
847216 0 21
848690 0 31
850165 0 10
851639 0 19
853134 0 32
854588 0 6
856002 0 17
857517 0 15
858930 0 32
860384 0 4
861838 0 21
863272 0 34
864746 0 2
866180 0 22
867695 0 20
869272 0 14
870706 0 24
872160 0 23
873655 0 22
875109 0 32
876563 0 7
878120 0 21
879594 0 13
881048 0 24
882482 0 36
883936 0 2
885369 0 16
886782 0 20
888339 0 25
889895 0 9
891370 0 14
892844 0 23
894360 0 24
895875 0 13
897268 0 21
898824 0 27
900278 0 11
901733 0 15
903228 0 19
904661 0 23
906197 0 21
907672 0 18
909208 0 17
910621 0 28
912034 0 8
913611 0 22
915044 0 21
916478 0 19
917952 0 23
919366 0 16
920820 0 22
922397 0 28
923892 0 11
925448 0 16
926841 0 16
928295 0 32
929728 0 2
931244 0 17
932759 0 14
934254 0 20
935852 0 18
937347 0 19
938903 0 20
940378 0 35
941934 0 10
943409 0 13
944863 0 15
946276 0 23
947709 0 24
949143 0 22
950658 0 30
952092 0 6
953526 0 24
954939 0 16
956372 0 15
957785 0 25
959342 0 7
960755 0 23
962168 0 23
963561 0 24
964974 0 21
1013950 0 101
1015445 0 101
1016858 0 101
1018394 0 101
1019787 0 101
1021261 0 101
1022736 0 101
1024231 0 101
1025685 0 101
1027077 0 101
1028552 0 102
1030108 0 102
1031603 0 103
1033119 0 101
1034552 0 102
1036047 0 102
1037542 0 103
1039058 0 101
1040553 0 102
1041987 0 102
1043379 0 102
1044772 0 102
1046287 0 103
1047803 0 101
1049277 0 102
1050711 0 103
1052144 0 101
1053599 0 102
1055032 0 102
1056568 0 102
1058084 0 102
1059476 0 103
1060971 0 101
1062364 0 102
1063838 0 103
1065354 0 101
1066890 0 102
1068385 0 102
1069859 0 103
1071354 0 101
1072788 0 102
1074242 0 102
1075655 0 102
1077171 0 102
1078604 0 103
1080161 0 101
1081635 0 102
1083171 0 102
1084687 0 103
1086141 0 101
1087656 0 102
1089131 0 103
1090646 0 101
1092162 0 102
1093677 0 103
1095213 0 101
1096688 0 102
1098080 0 102
1099514 0 102
1101009 0 102
1102524 0 102
1103958 0 102
1105371 0 103
1106866 0 101
1108423 0 102
1109836 0 103
1111372 0 101
1112785 0 102
1114198 0 103
1115631 0 101
1117106 0 102
1118539 0 102
1120075 0 102
1121468 0 102
1123024 0 102
1124417 0 102
1125953 0 103
1127407 0 101
1128943 0 102
1130479 0 102
1131995 0 102
1133469 0 102
1134944 0 103
1136418 0 101
1137852 0 102
1139265 0 102
1140760 0 102
1142275 0 102
1143668 0 103
1145163 0 101
1146678 0 102
1148112 0 102
1149505 0 102
1150979 0 102
1152474 0 102
1153990 0 102
1155546 0 103
1157103 0 101
1158639 0 102
1160031 0 102
1161485 0 102
1162980 0 103
1164475 0 101
1165868 0 102
1167301 0 102
1168796 0 102
1170271 0 102
1171684 0 102
1173118 0 102
1174592 0 103
1176087 0 101
1177480 0 102
1178975 0 102
1180511 0 102
1182026 0 102
1183562 0 102
1185016 0 103
1186532 0 101
1188047 0 102
1189501 0 102
1191017 0 103
1192471 0 101
1193864 0 102
1195400 0 102
1196915 0 102
1198369 0 102
1199885 0 102
1201298 0 103
1202813 0 101
1204349 0 102
1205865 0 102
1207298 0 102
1208711 0 102
1210186 0 102
1211640 0 103
1213196 0 101
1214712 0 102
1216166 0 102
1217661 0 102
1219115 0 102
1220630 0 103
1222146 0 101
1223620 0 102
1225054 0 102
1226570 0 102
1228106 0 102
1229600 0 103
1231157 0 101
1232652 0 102
1234167 0 102
1235683 0 102
1237239 0 102
1238755 0 103
1240229 0 101
1241683 0 102
1243219 0 103
1244735 0 101
1246169 0 102
1247705 0 103
1249261 0 101
1250715 0 102
1252251 0 103
1253787 0 101
1255200 0 102
1256716 0 102
1258108 0 103
1259644 0 101
1261180 0 102
1262696 0 103
1264129 0 101
1265583 0 102
1266996 0 102
1268430 0 103
1269884 0 101
1271420 0 102
1272833 0 102
1274246 0 103
1275721 0 101
1277154 0 102
1278711 0 102
1280206 0 102
1281742 0 102
1283175 0 102
1284650 0 102
1286124 0 103
1287599 0 101
1289073 0 102
1290589 0 102
1292104 0 102
1293620 0 102
1295012 0 103
1296487 0 101
1298023 0 102
1299477 0 102
1300952 0 103
1302467 0 101
1303942 0 102
1305437 0 102
1306829 0 102
1308365 0 102
1309819 0 102
1311232 0 103
1312789 0 101
1314304 0 102
1315779 0 102
1317294 0 102
1318748 0 102
1320223 0 103
1321718 0 101
1323192 0 102
1324708 0 102
1326182 0 102
1327698 0 102
1329193 0 103
1330770 0 101
1332306 0 102
1333760 0 103
1335173 0 101
1336607 0 102
1338163 0 102
1339597 0 103
1341092 0 101
1342546 0 102
1343959 0 103
1345413 0 101
1346969 0 102
1348403 0 102
1349898 0 103
1351393 0 101
1352786 0 102
1354260 0 102
1355776 0 102
1357209 0 102
1358745 0 102
1360281 0 103
1361735 0 101
1363210 0 102
1364664 0 102
1366179 0 102
1367572 0 102
1369108 0 103
1370562 0 101
1372016 0 102
1373490 0 103
1375006 0 101
1376439 0 102
1377832 0 102
1379327 0 102
1380761 0 103
1382235 0 101
1571690 0 102
1573124 0 102
1574598 0 102
1576032 0 102
1577465 0 103
1578981 0 101
1580455 0 102
1581889 0 102
1583364 0 102
1584920 0 103
1586415 0 101
1587910 0 102
1589344 0 103
1590880 0 101
1592395 0 102
1593931 0 102
1595426 0 102
1596880 0 102
1598396 0 103
1599911 0 101
1601345 0 102
1602799 0 102
1604253 0 103
1605809 0 101
1607345 0 102
1608881 0 102
1610294 0 103
1611769 0 101
1613325 0 102
1614800 0 103
1616336 0 101
1617769 0 102
1619244 0 102
1620698 0 102
1622213 0 102
1623688 0 103
1625162 0 101
1626637 0 102
1628132 0 103
1629586 0 101
1631020 0 102
1632535 0 102
1633989 0 102
1635464 0 103
1636918 0 101
1638454 0 102
1639949 0 103
1641505 0 101
1642980 0 102
1644413 0 102
1645949 0 102
1647362 0 102
1648857 0 102
1650291 0 103
1651847 0 101
1653281 0 102
1654817 0 102
1656230 0 102
1657766 0 102
1659302 0 102
1660736 0 102
1662210 0 103
1663787 0 101
1665200 0 102
1666716 0 102
1668211 0 102
1669624 0 102
1671078 0 102
1672614 0 103
1674109 0 101
1675665 0 102
1677201 0 103
1678758 0 101
1680294 0 102
1681789 0 103
1683284 0 101
1684738 0 102
1686212 0 103
1687646 0 101
1689079 0 102
1690493 0 102
1692028 0 102
1693544 0 102
1695039 0 102
1696473 0 103
1697927 0 101
1699360 0 102
1700917 0 102
1702432 0 102
1703866 0 103
1705402 0 101
1706856 0 102
1708392 0 102
1709825 0 102
1711300 0 102
1712856 0 102
1714310 0 102
1715867 0 103
1717444 0 101
1719000 0 102
1720536 0 103
1722052 0 101
1723588 0 102
1725062 0 102
1726598 0 102
1728134 0 102
1729691 0 103
1731165 0 101
1732681 0 102
1734114 0 102
1735630 0 102
1737125 0 103
1738620 0 101
1740053 0 102
1741589 0 102
1743105 0 103
1744600 0 101
1746033 0 102
1747467 0 103
1749044 0 101
1750498 0 102
1751911 0 102
1753386 0 103
1754942 0 101
1756417 0 102
1757830 0 102
1759325 0 102
1760861 0 102
1762356 0 103
1763851 0 101
1765387 0 102
1766923 0 102
1768438 0 103
1769974 0 101
1771449 0 102
1772903 0 103
1774377 0 101
1775872 0 102
1777367 0 102
1778903 0 102
1780419 0 102
1781914 0 102
1783368 0 102
1784924 0 103
1786481 0 101
1787976 0 102
1789512 0 103
1790986 0 101
1792399 0 102
1793935 0 102
1795389 0 102
1796823 0 102
1798236 0 102
1799751 0 102
1801206 0 102
1802762 0 103
1804339 0 101
1805854 0 102
1807267 0 102
1808680 0 102
1810114 0 103
1811568 0 101
1813084 0 102
1814620 0 102
1816053 0 102
1817589 0 103
1819105 0 101
1820579 0 102
1821992 0 102
1823549 0 102
1825003 0 102
1826416 0 103
1828013 0 101
1829590 0 102
1831024 0 103
1832457 0 101
1833870 0 102
1835325 0 102
1836881 0 102
1838356 0 102
1839891 0 102
1841305 0 103
1842800 0 101
1844295 0 102
1845810 0 102
1847346 0 102
1848780 0 102
1850357 0 103
1851852 0 101
1853285 0 102
1854739 0 102
1856275 0 102
1857811 0 102
1859368 0 102
1860842 0 103
1862296 0 101
1863730 0 102
1865143 0 103
1866658 0 101
1868071 0 102
1869607 0 102
1871041 0 103
1872536 0 101
1874072 0 102
1875485 0 102
1876919 0 102
1878455 0 102
1879950 0 102
1881445 0 102
1882960 0 103
1884537 0 101
1886094 0 102
1887629 0 103
1889125 0 101
1890558 0 102
1892074 0 103
1893528 0 101
1894941 0 102
1896374 0 103
1897910 0 101
1899364 0 102
1900818 0 103
1902273 0 101
1903727 0 102
1905181 0 102
1906594 0 103
1908068 0 101
1909584 0 102
1911099 0 102
1912635 0 103
1914130 0 101
1915646 0 102
1917182 0 102
1918595 0 102
1920131 0 102
1921564 0 102
1923039 0 103
1924534 0 101
1925947 0 102
1927401 0 102
1928937 0 102
1930412 0 102
1931845 0 102
1933320 0 102
1934876 0 103
1936412 0 101
1937968 0 102
1939504 0 102
1940918 0 102
1942474 0 102
1944030 0 103
1945546 0 101
1947102 0 102
1948659 0 103
1950174 0 101
1951587 0 102
1953041 0 102
1954557 0 102
1956011 0 102
1957486 0 103
1958919 0 101
1960496 0 102
1962053 0 102
1963548 0 102
1965104 0 102
1966558 0 102
1968094 0 103
1969528 0 101
1971043 0 102
1972518 0 102
1973951 0 102
1975487 0 103
1977064 0 101
1978539 0 102
1980116 0 102
1981529 0 102
1982942 0 102
1984375 0 102
1985932 0 103
1987468 0 101
1988963 0 102
1990437 0 102
1991994 0 102
1993530 0 102
1994963 0 102
1996540 0 103
1998035 0 101
1999510 0 102
2000923 0 102
2002459 0 102
2003933 0 102
2005428 0 103
2006882 0 101
2008418 0 102
2009975 0 102
2011511 0 102
2012965 0 102
2014378 0 103
2015914 0 101
2017348 0 102
2018843 0 102
2020297 0 102
2021751 0 102
2023287 0 103
2024782 0 101
2026318 0 102
2027792 0 103
2029246 0 101
2030721 0 102
2032195 0 103
2033772 0 101
2035308 0 102
2036762 0 102
2038216 0 103
2039732 0 101
2041206 0 102
2042722 0 102
2044155 0 102
2045630 0 102
2047186 0 102
2048661 0 102
2050197 0 102
2051733 0 103
2053248 0 101
2054805 0 102
2056279 0 103
2057754 0 101
2059208 0 102
2060682 0 103
2062136 0 101
2063652 0 102
2065127 0 102
2066642 0 102
2068117 0 103
2069653 0 101
2071086 0 102
2072643 0 102
2074056 0 102
2075489 0 102
2077025 0 103
2078479 0 101
2079995 0 102
2081531 0 103
2083108 0 101
2084644 0 102
2086159 0 102
2087654 0 102
2089129 0 102
2090685 0 102
2092139 0 103
2093573 0 101
2095068 0 102
2096501 0 102
2097935 0 102
2099491 0 103
2100925 0 101
2102379 0 102
2103874 0 103
2105328 0 101
2106885 0 102
2161732 0 47
2163166 0 43
2164620 0 46
2166135 0 40
2167671 0 48
2169125 0 43
2170600 0 37
2172095 0 47
2173529 0 48
2175044 0 38
2176560 0 49
2178075 0 59
2179529 0 51
2181004 0 50
2182560 0 72
2183994 0 37
2185468 0 54
2186963 0 63
2188417 0 45
2189851 0 59
2191346 0 54
2192800 0 55
2194234 0 70
2195606 0 39
2197101 0 52
2198657 0 55
2200070 0 51
2201586 0 59
2203081 0 51
2204596 0 64
2206132 0 48
2207668 0 54
2209143 0 54
2210576 0 59
2212092 0 52
2213628 0 58
2215123 0 54
2216556 0 62
2217990 0 42
2219444 0 54
2221000 0 64
2222495 0 42
2223909 0 54
2225444 0 59
2226939 0 58
2228496 0 66
2230011 0 44
2231527 0 60
2232981 0 56
2234415 0 52
2235848 0 52
2237364 0 56
2238818 0 49
2240333 0 66
2241849 0 40
2243282 0 53
2244716 0 62
2246231 0 37
2247767 0 53
2249221 0 56
2250737 0 54
2252211 0 68
2253645 0 42
2255099 0 51
2256574 0 65
2258110 0 40
2259625 0 49
2261038 0 58
2262554 0 59
2263987 0 49
2265482 0 56
2266977 0 52
2268472 0 49
2269926 0 62
2271462 0 46
2272998 0 55
2274452 0 67
2275988 0 37
2277504 0 49
2278978 0 57
2280412 0 64
2281907 0 45
2283422 0 49
2284897 0 53
2286392 0 69
2287887 0 45
2289361 0 53
2290897 0 61
2292413 0 48
2293887 0 50
2295362 0 63
2296877 0 37
2298332 0 58
2299888 0 69
2301424 0 42
2302939 0 50
2304434 0 66
2305930 0 48
2307465 0 57
2308981 0 59
2310517 0 58
2312073 0 55
2313609 0 50
2315145 0 59
2316722 0 55
2318238 0 72
2319651 0 41
2321064 0 58
2322518 0 63
2324074 0 43
2325590 0 53
2327024 0 58
2328498 0 54
2329911 0 57
2331345 0 53
2332840 0 66
2334335 0 42
2335850 0 57
2337407 0 57
2338902 0 50
2340438 0 62
2341912 0 40
2343387 0 55
2344902 0 57
2346336 0 52
2347790 0 52
2349264 0 57
2350821 0 60
2352336 0 67
2353852 0 43
2355388 0 58
2356903 0 49
2358357 0 49
2359873 0 54
2361429 0 63
2362924 0 37
2364358 0 49
2365853 0 55
2367327 0 53
2368802 0 51
2370317 0 50
2371792 0 56
2373328 0 61
2374782 0 41
2376195 0 56
2377731 0 70
2379165 0 46
2380721 0 58
2382196 0 57
2383670 0 49
2385063 0 66
2386558 0 47
2388032 0 50
2389568 0 68
2391063 0 40
2392517 0 60
2393992 0 57
2395466 0 50
2396880 0 59
2398313 0 52
2399726 0 63
2401160 0 42
2402573 0 49
2404088 0 49
2405501 0 70
2406935 0 48
2408492 0 53
2410007 0 68
2411502 0 41
2412936 0 54
2414328 0 68
2415741 0 37
2417216 0 51
2418608 0 50
2420144 0 60
2421639 0 59
2423196 0 58
2424691 0 50
2426104 0 57
2427681 0 68
2429196 0 43
2430732 0 54
2432227 0 70
2433681 0 47
2435177 0 55
2436631 0 69
2438126 0 38
2439559 0 55
2441095 0 55
2442590 0 61
2444024 0 48
2445437 0 55
2446932 0 55
2448386 0 52
2449819 0 62
2451355 0 37
2452789 0 56
2454243 0 62
2455799 0 37
2457356 0 52
2458892 0 51
2460428 0 69
2461984 0 48
2463438 0 59
2464954 0 50
2466367 0 55
2467801 0 51
2469316 0 72
2470729 0 40
2472286 0 57
2473719 0 72
2475235 0 48
2476750 0 56
2478163 0 56
2479658 0 56
2481112 0 65
2482669 0 48
2484164 0 52
2485577 0 55
2487051 0 52
2488608 0 71
2490021 0 43
2491577 0 53
2493011 0 59
2494567 0 54
2496103 0 60
2497619 0 56
2499052 0 71
2500547 0 47
2502104 0 50
2503619 0 58
2505155 0 58
2506630 0 55
2508186 0 67
2509722 0 47
2511299 0 60
2512835 0 56
2514269 0 52
2515682 0 63
2517156 0 47
2518713 0 57
2520208 0 71
2521703 0 46
2523280 0 52
2524713 0 52
2526188 0 51
2527724 0 49
2529158 0 68
2530632 0 48
2532168 0 56
2533683 0 58
2535260 0 52
2536715 0 61
2538189 0 42
2539664 0 56
2541220 0 49
2542613 0 53
2544169 0 53
2545664 0 58
2547180 0 71
2548613 0 48
2550006 0 53
2551501 0 55
2552955 0 55
2554491 0 51
2555924 0 60
2557317 0 50
2558730 0 70
2560082 0 40
2561597 0 54
2563051 0 55
2564505 0 56
2566041 0 62
2567475 0 42
2568990 0 52
2570485 0 55
2572042 0 57
2573537 0 55
2575032 0 51
2576486 0 52
2577940 0 64
2579394 0 39
2580930 0 57
2582343 0 52
2583859 0 51
2585292 0 65
2586705 0 38
2588262 0 52
2589675 0 61
2591211 0 41
2592685 0 60
2594119 0 62
2595614 0 42
2597048 0 49
2598543 0 68
2599976 0 41
2601492 0 59
2602987 0 50
2604420 0 71
2605874 0 40
2607390 0 49
2608782 0 70
2610277 0 48
2611813 0 59
2613226 0 56
2614680 0 52
2616196 0 54
2617712 0 60
2619125 0 63
2620661 0 44
2622135 0 57
2623610 0 71
2625023 0 46
2626477 0 56
2627951 0 54
2629487 0 60
2630962 0 66
2632436 0 42
2633870 0 49
2635365 0 71
2636901 0 43
2638334 0 49
2639850 0 71
2641406 0 42
2642942 0 54
2644417 0 57
2645994 0 52
2647509 0 66
2649045 0 37
2650499 0 59
2651974 0 54
2653530 0 59
2655066 0 61
2656479 0 45
2657933 0 52
2659490 0 49
2661005 0 57
2662562 0 55
2663975 0 69
2665511 0 46
2667067 0 57
2668501 0 57
2670016 0 58
2671470 0 54
2672863 0 64
2674420 0 46
2675894 0 57
2677348 0 57
2678905 0 56
2680359 0 49
2681772 0 52
2683185 0 57
2684659 0 54
2686154 0 70
2687527 0 38
2688981 0 54
2690435 0 54
2691868 0 72
2693302 0 45
2694817 0 57
2696353 0 56
2697766 0 60
2699302 0 55
2700797 0 52
2702313 0 58
2703890 0 61
2705364 0 44
2706818 0 49
2708272 0 55
2709686 0 56
2711201 0 52
2712676 0 59
2714109 0 68
2715522 0 37
2717058 0 50
2718492 0 66
2719966 0 46
2721523 0 49
2722997 0 68
2724390 0 37
2725844 0 60
2727400 0 72
2728793 0 39
2730349 0 59
2731804 0 64
2733339 0 37
2734855 0 49
2736391 0 69
2737886 0 44
2739442 0 54
2740917 0 72
2742391 0 41
2743927 0 50
2745382 0 61
2746877 0 40
2748433 0 54
2749846 0 52
2751280 0 51
2752734 0 52
2754290 0 71
2755683 0 42
2757116 0 49
2758611 0 57
2760065 0 58
2761499 0 54
2762994 0 67
2764510 0 43
2766025 0 59
2767459 0 70
2768913 0 44
2770408 0 56
2771862 0 62
2773295 0 42
2774831 0 60
2776388 0 59
2777821 0 57
2779357 0 57
2780914 0 56
2782306 0 71
2783801 0 42
2785337 0 59
2786873 0 49
2788307 0 57
2789740 0 68
2791256 0 37
2792751 0 58
2794307 0 61
2795843 0 48
2797318 0 49
2798833 0 54
2800328 0 55
2801844 0 51
2803339 0 52
2804772 0 71
2806308 0 37
2807865 0 53
2809299 0 51
2810793 0 56
2812309 0 54
2813763 0 58
2815258 0 62
2816692 0 47
2818146 0 54
2819579 0 56
2821115 0 60
2822549 0 52
2824003 0 63
2825477 0 42
2826911 0 60
2828365 0 55
2829799 0 58
2831232 0 57
2832768 0 59
2834202 0 65
2835758 0 40
2837335 0 56
2838892 0 60
2840428 0 64
2841963 0 45
2843540 0 54
2844974 0 54
2846449 0 56
2847903 0 60
2849336 0 53
2850770 0 54
2852183 0 67
2853698 0 47
2855193 0 60
2856668 0 53
2858101 0 62
2859637 0 45
2861132 0 51
2862689 0 67
2864102 0 38
2865556 0 58
2866990 0 56
2868423 0 49
2869918 0 49
2871454 0 57
2873011 0 58
2874526 0 51
2876083 0 68
2877578 0 41
2878991 0 54
2880445 0 53
2881878 0 65
2883291 0 37
2884766 0 52
2886281 0 68
2887776 0 40
2889271 0 53
2890807 0 71
2892343 0 42
2893756 0 54
2895190 0 56
2896747 0 59
2898303 0 55
2899737 0 71
2901150 0 44
2902624 0 53
2904160 0 49
2905717 0 56
2907171 0 53
2908604 0 60
2910038 0 49
2911553 0 69
2913069 0 44
2914543 0 59
2916018 0 50
2917451 0 53
2918926 0 70
2920380 0 44
2921875 0 54
2923370 0 68
2924804 0 42
2926299 0 60
2927855 0 59
2929330 0 57
2930763 0 62
2932258 0 37
2933692 0 58
2935166 0 64
2936620 0 42
2938033 0 51
2939447 0 71
2940983 0 37
2942519 0 51
2943993 0 55
2945488 0 70
2946983 0 39
2948396 0 56
2949809 0 60
2951263 0 49
2952676 0 56
2954192 0 69
2955748 0 43
2957202 0 52
2958759 0 59
2960233 0 67
2961708 0 37
2963223 0 59
2964718 0 60
2966234 0 67
2967729 0 38
2969224 0 57
2970739 0 53
2972275 0 60
2973709 0 51
2975245 0 59
2976720 0 54
2978194 0 69
2979607 0 40
2981082 0 54
2982536 0 52
2984072 0 56
2985628 0 60
2987164 0 71
2988680 0 45
2990195 0 54
2991690 0 60
2993124 0 52
2994598 0 51
2996032 0 55
2997465 0 49
2998878 0 63
3000373 0 38
3001807 0 49
3003200 0 55
3004613 0 49
3006067 0 54
3007480 0 60
3008934 0 64
3010490 0 37
3011944 0 54
3013358 0 58
3014934 0 60
3016368 0 49
3017802 0 54
3019317 0 63
3020751 0 40
3022225 0 50
3023659 0 65
3025113 0 46
3026690 0 60
3028103 0 51
3029496 0 54
3030909 0 58
3032404 0 55
3033960 0 59
3035496 0 71
3036991 0 43
3038425 0 53
3039920 0 49
3041374 0 54
3042828 0 58
3044384 0 57
3045961 0 54
3047456 0 70
3048828 0 44
3050323 0 51
3051757 0 54
3053313 0 51
3054726 0 62
3056283 0 44
3057839 0 56
3059293 0 68
3060788 0 45
3062345 0 56
3063778 0 57
3065273 0 49
