11145 0 11
12681 0 9
14217 0 4
15732 0 1
17145 0 1
18620 0 5
20176 0 5
21671 0 4
23187 0 8
24661 0 9
26095 0 16
27590 0 21
29105 0 16
30580 0 22
32116 0 24
33508 0 22
35065 0 27
36560 0 12
38014 0 16
39448 0 17
40943 0 22
42417 0 18
43912 0 29
45325 0 7
46779 0 19
48315 0 22
49749 0 23
51264 0 34
52698 0 6
54132 0 20
55565 0 31
57019 0 4
58473 0 16
59907 0 13
61463 0 15
62979 0 17
64474 0 20
66051 0 13
67443 0 16
68877 0 31
70372 0 9
71867 0 18
73444 0 22
74918 0 34
76434 0 10
77929 0 16
79342 0 24
80735 0 15
82168 0 17
83602 0 14
85117 0 13
86653 0 26
88046 0 6
89541 0 22
91077 0 24
92531 0 36
94005 0 12
95541 0 23
97077 0 28
98572 0 4
99965 0 18
101378 0 26
102771 0 8
104327 0 24
105802 0 13
107194 0 19
108648 0 22
110164 0 15
111597 0 13
113072 0 34
114546 0 6
116041 0 18
117496 0 19
118909 0 18
120465 0 22
121878 0 26
123291 0 11
124725 0 20
126302 0 31
127735 0 4
129230 0 13
130705 0 18
132282 0 22
133818 0 36
135231 0 8
136746 0 16
138139 0 20
139573 0 21
141047 0 15
142460 0 33
143873 0 7
145389 0 16
146822 0 24
148235 0 23
149689 0 25
151103 0 10
152536 0 13
154052 0 19
155588 0 13
157124 0 19
158639 0 33
160073 0 8
161547 0 17
163022 0 14
164517 0 21
165971 0 35
167486 0 7
168920 0 16
170435 0 26
171951 0 8
173446 0 24
174941 0 29
176436 0 7
178013 0 14
179467 0 36
180982 0 9
182416 0 18
183952 0 20
185406 0 23
186921 0 13
188314 0 20
189809 0 17
191325 0 32
192799 0 12
194274 0 16
195687 0 33
197223 0 6
198677 0 18
200172 0 13
201646 0 29
203121 0 3
204657 0 13
206090 0 27
207524 0 11
208937 0 24
210391 0 28
211804 0 5
213340 0 24
214835 0 13
216269 0 21
217723 0 34
219156 0 12
220631 0 15
222126 0 15
223519 0 14
225055 0 15
226468 0 13
227942 0 24
229458 0 17
230994 0 34
232530 0 3
234045 0 20
235499 0 32
237035 0 11
238469 0 22
239943 0 16
241377 0 22
242831 0 24
244264 0 31
245780 0 11
247255 0 18
248750 0 13
250245 0 16
251740 0 23
253194 0 15
254607 0 31
256061 0 10
257535 0 24
258969 0 33
260505 0 5
262041 0 24
263454 0 19
264969 0 14
266464 0 13
267959 0 33
269516 0 4
271011 0 23
272424 0 19
273980 0 13
275516 0 18
277032 0 18
278445 0 30
279879 0 12
281415 0 16
282848 0 25
284343 0 10
285859 0 23
287292 0 20
288746 0 23
290180 0 17
291634 0 18
293129 0 17
294644 0 29
296098 0 3
297532 0 18
299068 0 24
300604 0 13
302038 0 22
303614 0 25
305028 0 12
306523 0 21
307977 0 31
309554 0 8
310987 0 22
312421 0 18
313854 0 24
315390 0 33
316947 0 7
318462 0 14
319978 0 21
321391 0 24
322845 0 36
324381 0 3
325773 0 22
327330 0 21
328743 0 22
330177 0 13
331692 0 34
333105 0 3
334539 0 17
336034 0 24
337590 0 13
339106 0 20
340662 0 17
342198 0 32
343611 0 1
345086 0 23
346581 0 14
348055 0 20
349530 0 27
350984 0 12
352438 0 24
353953 0 36
355428 0 1
356862 0 13
358254 0 28
359688 0 5
361162 0 21
362657 0 16
364152 0 16
365606 0 13
367019 0 18
368555 0 32
369989 0 9
371423 0 13
372897 0 31
374351 0 5
375887 0 17
377341 0 22
378836 0 16
380290 0 16
381785 0 16
383198 0 36
384611 0 7
386086 0 19
387499 0 22
389056 0 13
390571 0 25
392046 0 2
393459 0 23
394974 0 27
396428 0 6
397903 0 22
399377 0 24
400934 0 16
402326 0 23
403821 0 15
405337 0 18
406791 0 31
408368 0 9
409945 0 22
411460 0 28
412914 0 9
414368 0 18
415925 0 33
417440 0 4
418915 0 23
420389 0 22
421823 0 22
423318 0 14
424854 0 14
426267 0 22
427783 0 23
429278 0 30
430650 0 6
432083 0 17
433599 0 21
435135 0 26
436548 0 11
438043 0 24
439456 0 19
440992 0 15
442446 0 13
443839 0 22
445313 0 21
446870 0 29
448262 0 5
449696 0 16
451170 0 19
452686 0 17
454160 0 35
455594 0 3
456986 0 23
458379 0 34
459833 0 8
461328 0 20
462864 0 21
464318 0 33
465793 0 4
467185 0 14
468578 0 33
470114 0 6
471568 0 24
473002 0 23
474415 0 19
475848 0 19
477405 0 17
478859 0 28
480313 0 2
481767 0 20
483262 0 23
484777 0 35
486313 0 1
487726 0 19
489181 0 20
490614 0 17
492048 0 13
493522 0 21
495038 0 23
496512 0 15
498048 0 33
499584 0 7
501079 0 17
502615 0 24
504151 0 23
505646 0 24
507039 0 36
508513 0 7
509947 0 21
511380 0 13
512773 0 16
514207 0 18
515702 0 27
517238 0 3
518733 0 23
520187 0 15
521600 0 34
523136 0 9
524610 0 14
526105 0 34
527559 0 11
528972 0 13
530406 0 13
531963 0 26
533355 0 12
534830 0 22
536407 0 21
537983 0 20
539417 0 23
540933 0 22
542448 0 25
543882 0 12
545377 0 23
546769 0 19
548244 0 16
549616 0 20
551172 0 30
552667 0 12
554121 0 13
555535 0 17
556989 0 35
558402 0 4
559774 0 24
561248 0 33
562723 0 2
564197 0 24
565651 0 21
567146 0 22
568662 0 17
570157 0 33
571570 0 6
573127 0 19
574560 0 32
575953 0 3
577489 0 18
579045 0 16
580540 0 22
581994 0 29
583366 0 10
584800 0 17
586213 0 20
587688 0 13
589224 0 14
590719 0 36
592234 0 2
593668 0 22
595224 0 34
596740 0 2
598132 0 23
599689 0 20
601245 0 19
602761 0 16
604256 0 33
605689 0 5
607123 0 24
608597 0 21
610133 0 16
611505 0 23
612918 0 29
614434 0 6
615970 0 24
617363 0 13
618899 0 14
620353 0 26
621786 0 11
623199 0 17
624674 0 14
626148 0 15
627684 0 20
629200 0 35
630592 0 7
632026 0 14
633562 0 19
635118 0 18
636675 0 32
638211 0 5
639644 0 24
641098 0 30
642553 0 7
644068 0 19
645604 0 19
647119 0 26
648615 0 6
650069 0 18
651502 0 36
652977 0 6
654513 0 14
656049 0 32
657503 0 6
658977 0 17
660431 0 30
661844 0 11
663339 0 20
664896 0 18
666411 0 19
667906 0 33
669442 0 6
670958 0 20
672412 0 32
673866 0 8
675443 0 22
676897 0 29
678269 0 8
679703 0 22
681259 0 15
682775 0 18
684229 0 13
685662 0 24
687075 0 25
688570 0 4
690024 0 20
691601 0 23
693035 0 26
694468 0 2
695984 0 15
697377 0 18
698954 0 24
700428 0 23
701943 0 15
703459 0 29
704954 0 2
706490 0 20
707944 0 26
709316 0 11
710832 0 20
712306 0 33
713760 0 9
715296 0 15
716812 0 27
718286 0 2
719740 0 16
721112 0 20
722669 0 17
724205 0 15
725720 0 23
727154 0 23
728649 0 25
730185 0 6
731762 0 24
733277 0 17
734834 0 16
736288 0 14
737803 0 24
739216 0 28
740711 0 11
742206 0 20
743681 0 28
745135 0 9
746589 0 14
747961 0 22
749538 0 17
751095 0 28
752508 0 10
753941 0 13
755477 0 23
756952 0 15
758488 0 25
759983 0 3
761478 0 17
762911 0 15
764365 0 20
765860 0 24
767335 0 23
768810 0 20
770366 0 17
771881 0 25
773356 0 4
774790 0 16
776305 0 16
777800 0 17
779234 0 19
780729 0 25
782285 0 4
783780 0 19
785337 0 19
786914 0 34
788368 0 4
789781 0 16
791153 0 32
792566 0 9
794041 0 17
795576 0 33
797030 0 2
798566 0 21
800123 0 27
801679 0 9
803195 0 14
804608 0 17
806082 0 24
807618 0 15
809032 0 31
810506 0 2
811981 0 14
813353 0 17
814807 0 14
816240 0 24
817633 0 22
819148 0 33
820643 0 2
822098 0 19
823674 0 16
825190 0 24
826705 0 15
828221 0 13
829716 0 20
831231 0 36
832706 0 11
834201 0 16
835737 0 33
837273 0 9
838788 0 21
840263 0 24
841676 0 25
843089 0 2
844605 0 20
846059 0 33
847615 0 5
849110 0 15
850667 0 19
852244 0 15
853800 0 20
855316 0 16
856749 0 15
858183 0 32
859719 0 8
861152 0 24
862688 0 13
864204 0 34
865678 0 11
867173 0 22
868668 0 33
870163 0 3
871556 0 15
873030 0 31
874484 0 3
876000 0 22
877413 0 15
878867 0 20
880444 0 20
882000 0 22
883496 0 33
884929 0 9
886383 0 14
887817 0 19
889312 0 15
890786 0 35
892343 0 9
893797 0 23
895251 0 15
896787 0 17
898323 0 18
899859 0 24
901333 0 36
902849 0 12
904364 0 15
905818 0 19
907395 0 23
908829 0 24
910344 0 14
911839 0 23
1017899 0 101
1019434 0 101
1020930 0 101
1022466 0 101
1023899 0 101
1025333 0 101
1026828 0 101
1028241 0 101
1029654 0 101
1031190 0 101
1032664 0 102
1034200 0 102
1035654 0 103
1037170 0 101
1038583 0 102
1040119 0 102
1041593 0 102
1043068 0 103
1044583 0 101
1045976 0 102
1047492 0 103
1048987 0 101
1050420 0 102
1051895 0 102
1053287 0 102
1054803 0 102
1056339 0 102
1057793 0 103
1059267 0 101
1060742 0 102
1062257 0 102
1063711 0 102
1065166 0 103
1066722 0 101
1068217 0 102
1069733 0 102
1071207 0 102
1072600 0 102
1074136 0 102
1075569 0 103
1077003 0 101
1078395 0 102
1079890 0 103
1081385 0 101
1082860 0 102
1084355 0 103
1085870 0 101
1087263 0 102
1088717 0 103
1090274 0 101
1091789 0 102
1093284 0 102
1094779 0 102
1096315 0 102
1097831 0 102
1099264 0 102
1100759 0 103
1102316 0 101
1103708 0 102
1105203 0 103
1106678 0 101
1108173 0 102
1109688 0 102
1111101 0 102
1112576 0 103
1114009 0 101
1115443 0 102
1116897 0 102
1118310 0 102
1119826 0 102
1121341 0 102
1122775 0 102
1124209 0 103
1125642 0 101
1127137 0 102
1128550 0 103
1130004 0 101
1131458 0 102
1132851 0 102
1134284 0 102
1135759 0 102
1137151 0 102
1138687 0 103
1140101 0 101
1141616 0 102
1143009 0 103
1144524 0 101
1145978 0 102
1147432 0 102
1148886 0 102
1150381 0 102
1151938 0 102
1153453 0 102
1154907 0 103
1156443 0 101
1157918 0 102
1159392 0 102
1160928 0 102
1162341 0 102
1163857 0 102
1165331 0 103
1166826 0 101
1168301 0 102
1169714 0 103
1171127 0 101
1172520 0 102
1173933 0 102
1175407 0 103
1176821 0 101
1178213 0 102
1179626 0 102
1181039 0 102
1182575 0 102
1184009 0 102
1185545 0 102
1187060 0 102
1188535 0 103
1190050 0 101
1191443 0 102
1192918 0 102
1194310 0 102
1195785 0 103
1197300 0 101
1198775 0 102
1200249 0 102
1201724 0 102
1203116 0 102
1204591 0 102
1206127 0 102
1207560 0 103
1209015 0 101
1210510 0 102
1211902 0 103
1213356 0 101
1214851 0 102
1216305 0 102
1217821 0 103
1219336 0 101
1220729 0 102
1222162 0 102
1223678 0 102
1225193 0 102
1226709 0 102
1228122 0 103
1229638 0 101
1231133 0 102
1232587 0 102
1234041 0 102
1235433 0 103
1236969 0 101
1238362 0 102
1239754 0 102
1241290 0 102
1242744 0 102
1244199 0 102
1245653 0 103
1247189 0 101
1248622 0 102
1250056 0 103
1251633 0 101
1253046 0 102
1254459 0 102
1255872 0 102
1257326 0 102
1258801 0 103
1260214 0 101
1261709 0 102
1263163 0 102
1264658 0 102
1266091 0 102
1267627 0 102
1269122 0 103
1270617 0 101
1272010 0 102
1273566 0 103
1275020 0 101
1276454 0 102
1277888 0 102
1279301 0 103
1280857 0 101
1282352 0 102
1283765 0 103
1285178 0 101
1286591 0 102
1288045 0 102
1289540 0 102
1290954 0 102
1292490 0 103
1294005 0 101
1295500 0 102
1296995 0 102
1298449 0 102
1299883 0 102
1301275 0 102
1302770 0 102
1304265 0 103
1305719 0 101
1307255 0 102
1308730 0 102
1310266 0 102
1311761 0 103
1313276 0 101
1314730 0 102
1316246 0 102
1317761 0 102
1319297 0 102
1320751 0 102
1322287 0 102
1323823 0 103
1325359 0 101
1326875 0 102
1328390 0 103
1329844 0 101
1331278 0 102
1332691 0 102
1334186 0 103
1335681 0 101
1337156 0 102
1338589 0 102
1340084 0 102
1341600 0 102
1343033 0 103
1344590 0 101
1346064 0 102
1347518 0 102
1349034 0 103
1350549 0 101
1351983 0 102
1353416 0 102
1354830 0 102
1356284 0 102
1357717 0 102
1359212 0 102
1360748 0 103
1362202 0 101
1363697 0 102
1365233 0 103
1366708 0 101
1368182 0 102
1369616 0 102
1371049 0 102
1372442 0 103
1374019 0 101
1375555 0 102
1377009 0 103
1378422 0 101
1379958 0 102
1381474 0 102
1382948 0 102
1384361 0 102
1385774 0 103
1387187 0 101
1388641 0 102
1390075 0 102
1391611 0 102
1393147 0 102
1394642 0 103
1396178 0 101
1397591 0 102
1399004 0 103
1400458 0 101
1401851 0 102
1403264 0 102
1404779 0 102
1406254 0 102
1407769 0 102
1409264 0 103
1410698 0 101
1412111 0 102
1413586 0 103
1415122 0 101
1416658 0 102
1418091 0 103
1419566 0 101
1421040 0 102
1422453 0 103
1423928 0 101
1425443 0 102
1426938 0 102
1428331 0 102
1429744 0 102
1431280 0 102
1432816 0 102
1434332 0 103
1435908 0 101
1437362 0 102
1438858 0 102
1440250 0 103
1441807 0 101
1443261 0 102
1444715 0 102
1446148 0 102
1447684 0 102
1449241 0 102
1450715 0 103
1452210 0 101
1453644 0 102
1455118 0 102
1456634 0 103
1458149 0 101
1459562 0 102
1461037 0 102
1462593 0 102
1464007 0 102
1465399 0 102
1466812 0 103
1468225 0 101
1469761 0 102
1471215 0 102
1472710 0 103
1474185 0 101
1475660 0 102
1477113 0 102
1478506 0 103
1479981 0 101
1481455 0 102
1482868 0 102
1484404 0 103
1485838 0 101
1487271 0 102
1488807 0 102
1490261 0 102
1491777 0 102
1493211 0 102
1494644 0 103
1496119 0 101
1497532 0 102
1499027 0 102
1500481 0 102
1501873 0 103
1503307 0 101
1504741 0 102
1506215 0 102
1507731 0 102
1509144 0 103
1510557 0 101
1511970 0 102
1513424 0 103
1514919 0 101
1516455 0 102
1517970 0 102
1519486 0 102
1520940 0 103
1522394 0 101
1523930 0 102
1525384 0 102
1526838 0 102
1528333 0 102
1529849 0 102
1531364 0 103
1532900 0 101
1534436 0 102
1535911 0 102
1537406 0 102
1538839 0 102
1540375 0 102
1541829 0 102
1543304 0 103
1544819 0 101
1546314 0 102
1547727 0 102
1549161 0 102
1550615 0 102
1552048 0 103
1553482 0 101
1554998 0 102
1556452 0 102
1557865 0 102
1559298 0 103
1560711 0 101
1562145 0 102
1563579 0 102
1565094 0 102
1566589 0 102
1568084 0 102
1569579 0 103
1571054 0 101
1572446 0 102
1573962 0 103
1575436 0 101
1576829 0 102
1578283 0 102
1579778 0 102
1581171 0 102
1582604 0 103
1584181 0 101
1585676 0 102
1587212 0 102
1588748 0 102
1590161 0 103
1591656 0 101
1593172 0 102
1594687 0 103
1596203 0 101
1597739 0 102
1599254 0 103
1600790 0 101
1602224 0 102
1603760 0 103
1605214 0 101
1606668 0 102
1608122 0 102
1609678 0 103
1611235 0 101
1612709 0 102
1614204 0 102
1615740 0 102
1617153 0 103
1618710 0 101
1620143 0 102
1621679 0 102
1623092 0 103
1624546 0 101
1626062 0 102
1627536 0 103
1629031 0 101
1630465 0 102
1631940 0 102
1633414 0 102
1634848 0 102
1636261 0 102
1637674 0 103
1639189 0 101
1640705 0 102
1642241 0 103
1643756 0 101
1645272 0 102
1646726 0 102
1648118 0 102
1649511 0 103
1650945 0 101
1652481 0 102
1654017 0 103
1655573 0 101
1657027 0 102
1658543 0 102
1659935 0 102
1661389 0 102
1662802 0 102
1664297 0 102
1665690 0 103
1667226 0 101
1668721 0 102
1670134 0 102
1671588 0 103
1673063 0 101
1674496 0 102
1675971 0 103
1677466 0 101
1678961 0 102
1680394 0 102
1681889 0 103
1683446 0 101
1684900 0 102
1686415 0 103
1687931 0 101
1689385 0 102
1690798 0 102
1692232 0 102
1693624 0 102
1695078 0 103
1696614 0 101
1698007 0 102
1699440 0 102
1700854 0 102
1702308 0 103
1703762 0 101
1705175 0 102
1706670 0 102
1708185 0 102
1709639 0 103
1711155 0 101
1712609 0 102
1714042 0 102
1715496 0 102
1716930 0 103
1718486 0 101
1719941 0 102
1721477 0 103
1722992 0 101
1724446 0 102
1725962 0 102
1727436 0 102
1728849 0 102
1730303 0 102
1731716 0 103
1733191 0 101
1734727 0 102
1736140 0 103
1737696 0 101
1739150 0 102
1740686 0 102
1742222 0 102
1743697 0 102
1745110 0 103
1746585 0 101
1748039 0 102
1749493 0 103
1750926 0 101
1752421 0 102
1753875 0 102
1755411 0 103
1756988 0 101
1758463 0 102
1759876 0 103
1761289 0 101
1762723 0 102
1764156 0 102
1765631 0 102
1767085 0 103
1768518 0 101
1770013 0 102
1771467 0 103
1772901 0 101
1774416 0 102
1775870 0 102
1777366 0 102
1778861 0 103
1780294 0 101
1781728 0 102
1783161 0 102
1784677 0 102
1786090 0 103
1787605 0 101
1789141 0 102
1790534 0 102
1792008 0 102
1793421 0 102
1794855 0 103
1796330 0 101
1797866 0 102
1799258 0 102
1800733 0 103
1802248 0 101
1803641 0 102
1805115 0 102
1806590 0 102
1808044 0 102
1809559 0 102
1811054 0 103
1812590 0 101
1814004 0 102
1815396 0 102
1816912 0 102
1818345 0 102
1819902 0 102
1821438 0 102
1822892 0 103
1824407 0 101
1825923 0 102
1827459 0 103
1828872 0 101
1830346 0 102
1831780 0 102
1833275 0 102
1834708 0 102
1836142 0 102
1837657 0 103
1839112 0 101
1840525 0 102
1841938 0 102
1843474 0 102
1844969 0 102
1846505 0 103
1847979 0 101
1849433 0 102
1850908 0 102
1852382 0 103
1853959 0 101
1855413 0 102
1856908 0 102
1858424 0 102
1859857 0 102
1861373 0 103
1862827 0 101
1864240 0 102
1865756 0 102
1867148 0 102
1868541 0 103
1870077 0 101
1871613 0 102
1873169 0 102
1874562 0 102
1875975 0 102
1877429 0 103
1878944 0 101
1880480 0 102
1881914 0 102
1883368 0 102
1884781 0 102
1886194 0 102
1887607 0 103
1889123 0 101
1890659 0 102
1892154 0 102
1893649 0 103
1895062 0 101
1896455 0 102
1897909 0 102
1899363 0 102
1900817 0 103
1902271 0 101
1903684 0 102
1905179 0 102
1906571 0 102
1908005 0 102
1909439 0 103
1910934 0 101
1912326 0 102
1913760 0 102
1930100 0 45
1931677 0 37
1933172 0 43
1934708 0 42
1936224 0 46
1937678 0 42
1939070 0 37
1940627 0 38
1942163 0 39
1943617 0 38
1945173 0 53
1946709 0 51
1948245 0 54
1949720 0 56
1951256 0 57
1952751 0 59
1954184 0 68
1955638 0 44
1957093 0 60
1958485 0 54
1960001 0 57
1961496 0 58
1962950 0 65
1964404 0 41
1965878 0 52
1967414 0 60
1968848 0 68
1970302 0 41
1971817 0 54
1973333 0 59
1974869 0 54
1976405 0 61
1977879 0 41
1979333 0 58
1980869 0 58
1982426 0 59
1983941 0 56
1985477 0 54
1987013 0 66
1988570 0 37
1990024 0 53
1991519 0 67
1993014 0 46
1994550 0 60
1995983 0 51
1997519 0 56
1999035 0 52
2000489 0 63
2001902 0 42
2003397 0 59
2004810 0 70
2006285 0 40
2007677 0 55
2009131 0 55
2010688 0 57
2012183 0 69
2013678 0 38
2015091 0 51
2016504 0 63
2017958 0 46
2019494 0 50
2020968 0 56
2022443 0 57
2023918 0 57
2025454 0 53
2027010 0 57
2028525 0 65
2030000 0 37
2031536 0 57
2032970 0 56
2034506 0 51
2035960 0 65
2037393 0 38
2038929 0 53
2040383 0 60
2041940 0 69
2043496 0 39
2044950 0 51
2046384 0 58
2047838 0 57
2049374 0 60
2050828 0 58
2052241 0 64
2053715 0 45
2055210 0 53
2056664 0 54
2058180 0 69
2059614 0 46
2061170 0 60
2062583 0 65
2064078 0 39
2065553 0 56
2067007 0 51
2068522 0 70
2069894 0 42
2071287 0 53
2072843 0 50
2074338 0 70
2075711 0 42
2077103 0 60
2078537 0 60
2080032 0 57
2081506 0 54
2083022 0 64
2084537 0 43
2086012 0 52
2087527 0 50
2089022 0 56
2090497 0 62
2091930 0 38
2093446 0 54
2094839 0 50
2096354 0 56
2097890 0 55
2099385 0 72
2100839 0 47
2102273 0 54
2103747 0 68
2105181 0 42
2106594 0 49
2108007 0 54
2109522 0 56
2111058 0 62
2112574 0 44
2114008 0 55
2115421 0 57
2116957 0 55
2118472 0 58
2120028 0 55
2121483 0 66
2123039 0 41
2124452 0 49
2125988 0 50
2127422 0 56
2128978 0 54
2130473 0 53
2132030 0 53
2133586 0 61
2135061 0 41
2136556 0 53
2137989 0 62
2139484 0 39
2141041 0 59
2142597 0 66
2144051 0 45
2145567 0 50
2147103 0 68
2148516 0 48
2149970 0 55
2151403 0 65
2152960 0 45
2154414 0 50
2155929 0 51
2157424 0 57
2158899 0 59
2160353 0 50
2161807 0 69
2163241 0 38
2164695 0 55
2166108 0 56
2167562 0 58
2169057 0 50
2170531 0 54
2172047 0 49
2173501 0 66
2174975 0 40
2176388 0 58
2177843 0 60
2179358 0 71
2180771 0 47
2182287 0 55
2183720 0 60
2185256 0 49
2186690 0 72
2188144 0 48
2189618 0 58
2191134 0 52
2192690 0 50
2194185 0 71
2195742 0 41
2197155 0 52
2198568 0 72
2199981 0 37
2201496 0 60
2203032 0 60
2204487 0 56
2205900 0 70
2207415 0 46
2208890 0 57
2210385 0 71
2211859 0 38
2213293 0 55
2214808 0 51
2216324 0 54
2217798 0 56
2219314 0 64
2220788 0 45
2222324 0 57
2223758 0 53
2225212 0 53
2226748 0 52
2228181 0 51
2229676 0 58
2231171 0 69
2232605 0 37
2234141 0 58
2235636 0 55
2237152 0 51
2238626 0 58
2240060 0 56
2241493 0 67
2243050 0 43
2244463 0 60
2245958 0 54
2247412 0 57
2248907 0 60
2250381 0 60
2251876 0 71
2253330 0 37
2254805 0 55
2256259 0 51
2257652 0 68
2259044 0 47
2260601 0 49
2262096 0 50
2263591 0 53
2265045 0 62
2266540 0 43
2268096 0 55
2269632 0 49
2271127 0 49
2272561 0 59
2274035 0 71
2275530 0 44
2276943 0 52
2278398 0 52
2279811 0 64
2281347 0 45
2282903 0 54
2284337 0 58
2285811 0 51
2287224 0 66
2288699 0 40
2290235 0 52
2291771 0 69
2293266 0 48
2294740 0 58
2296174 0 52
2297587 0 60
2299021 0 50
2300495 0 57
2302052 0 70
2303547 0 39
2305082 0 54
2306578 0 60
2307991 0 55
2309547 0 59
2310981 0 60
2312517 0 64
2313950 0 40
2315445 0 60
2316920 0 54
2318394 0 57
2319889 0 53
2321425 0 62
2322838 0 39
2324374 0 52
2325808 0 49
2327221 0 56
2328777 0 55
2330334 0 49
2331808 0 72
2333303 0 40
2334798 0 57
2336252 0 51
2337727 0 69
2339181 0 38
2340615 0 54
2342069 0 71
2343564 0 42
2345038 0 53
2346451 0 58
2347967 0 51
2349380 0 60
2350793 0 50
2352186 0 61
2353722 0 46
2355135 0 52
2356609 0 54
2358002 0 52
2359456 0 58
2361012 0 50
2362425 0 59
2363859 0 55
2365313 0 66
2366747 0 46
2368221 0 58
2369716 0 58
2371170 0 64
2372583 0 47
2374078 0 57
2375573 0 53
2377027 0 50
2378461 0 59
2379936 0 54
2381492 0 67
2382967 0 38
2384503 0 60
2386059 0 64
2387534 0 42
2389029 0 54
2390524 0 59
2392019 0 60
2393493 0 50
2394988 0 49
2396524 0 64
2397999 0 39
2399494 0 53
2400886 0 62
2402340 0 39
2403774 0 55
2405228 0 64
2406682 0 39
2408218 0 59
2409611 0 54
2411024 0 49
2412498 0 54
2413891 0 51
2415406 0 69
2416901 0 38
2418335 0 54
2419830 0 52
2421243 0 57
2422779 0 58
2424253 0 52
2425810 0 55
2427346 0 72
2428882 0 39
2430418 0 58
2431974 0 70
2433408 0 48
2434944 0 54
2436357 0 63
2437791 0 40
2439286 0 54
2440781 0 70
2442276 0 38
2443791 0 58
2445327 0 71
2446781 0 43
2448194 0 50
2449730 0 53
2451205 0 56
2452720 0 55
2454174 0 56
2455608 0 53
2457164 0 64
2458598 0 38
2460031 0 53
2461547 0 71
2463083 0 47
2464496 0 57
2466032 0 53
2467445 0 69
2468920 0 41
2470374 0 57
2471930 0 70
2473343 0 41
2474818 0 50
2476251 0 56
2477767 0 53
2479241 0 59
2480654 0 67
2482149 0 40
2483563 0 52
2485037 0 68
2486450 0 39
2487945 0 60
2489420 0 50
2490833 0 58
2492328 0 59
2493864 0 54
2495359 0 70
2496731 0 41
2498205 0 53
2499660 0 50
2501073 0 58
2502588 0 68
2503981 0 47
2505496 0 51
2506950 0 63
2508486 0 37
2509940 0 49
2511435 0 69
2512930 0 47
2514405 0 56
2515879 0 57
2517333 0 49
2518808 0 53
2520283 0 68
2521737 0 39
2523170 0 49
2524645 0 49
2526099 0 52
2527655 0 69
2529171 0 37
2530645 0 59
2532120 0 60
2533574 0 66
2535048 0 42
2536584 0 60
2537997 0 54
2539492 0 60
2540905 0 58
2542339 0 61
2543896 0 40
2545370 0 55
2546865 0 60
2548319 0 54
2549835 0 58
2551391 0 52
2552866 0 68
2554340 0 38
2555856 0 52
2557269 0 53
2558743 0 63
2560197 0 43
2561631 0 60
2563105 0 67
2564580 0 48
2566116 0 55
2567652 0 70
2569167 0 37
2570662 0 53
2572116 0 62
2573632 0 38
2575168 0 57
2576642 0 60
2578179 0 72
2579714 0 44
2581230 0 56
2582663 0 59
2584179 0 56
2585715 0 67
2587128 0 38
2588562 0 58
2590118 0 62
2591511 0 46
2593026 0 58
2594460 0 54
2595914 0 69
2597347 0 40
2598822 0 52
2600358 0 50
2601832 0 60
2603327 0 66
2604884 0 43
2606338 0 52
2607812 0 63
2609348 0 37
2610782 0 55
2612257 0 52
2613690 0 58
2615247 0 50
2616680 0 54
2618237 0 72
2619711 0 39
2621268 0 58
2622722 0 67
2624278 0 37
2625753 0 53
2627289 0 52
2628804 0 54
2630299 0 50
2631712 0 60
2633125 0 51
2634682 0 53
2636115 0 68
2637528 0 39
2639085 0 58
2640539 0 60
2642013 0 59
2643508 0 51
2644922 0 52
2646355 0 49
2647912 0 64
2649366 0 37
2650861 0 59
2652376 0 54
2653871 0 49
2655428 0 49
2656841 0 65
2658356 0 46
2659872 0 60
2661408 0 59
2662923 0 58
2664500 0 68
2666036 0 39
2667449 0 50
2668965 0 53
2670419 0 60
2671852 0 53
2673327 0 72
2674781 0 44
2676317 0 53
2677730 0 55
2679266 0 54
2680822 0 53
2682297 0 67
2683833 0 37
2685266 0 58
2686802 0 53
2688236 0 58
2689731 0 67
2691144 0 41
2692639 0 52
2694073 0 56
2695486 0 69
2696981 0 40
2698394 0 52
2699827 0 70
2701220 0 41
2702736 0 60
2704231 0 67
2705623 0 37
2707077 0 60
2708634 0 66
2710088 0 42
2711521 0 53
2712996 0 70
2714491 0 40
2715965 0 50
2717481 0 51
2718955 0 58
2720512 0 58
2722068 0 54
2723522 0 61
2724956 0 41
2726513 0 55
2728069 0 63
2729482 0 44
2730997 0 50
2732513 0 49
2734069 0 56
2735605 0 63
2737141 0 38
2738677 0 49
2740131 0 57
2741688 0 60
2743244 0 60
2744801 0 52
2746357 0 70
2747852 0 38
2749286 0 51
2750822 0 52
2752296 0 63
2753730 0 48
2755204 0 59
2756618 0 68
2758153 0 39
2759608 0 54
2761144 0 55
2762679 0 51
2764195 0 71
2765629 0 47
2767185 0 54
2768598 0 50
2770134 0 50
2771629 0 51
2773124 0 50
2774619 0 72
2776032 0 47
2777445 0 55
2778981 0 52
2780538 0 57
2781951 0 54
2783425 0 72
2784818 0 39
2786272 0 51
2787788 0 65
2789262 0 47
2790716 0 60
2792252 0 49
2793665 0 64
2795222 0 43
2796799 0 50
2798253 0 50
2799686 0 60
2801243 0 54
2802697 0 64
2804151 0 43
2805666 0 54
2807182 0 59
2808738 0 56
2810233 0 55
2811646 0 58
2813121 0 63
2814677 0 42
2816090 0 54
2817545 0 59
2818958 0 49
2820514 0 54
2821989 0 57
2823524 0 52
2825081 0 63
2826596 0 37
2827989 0 53
2829464 0 59
2831000 0 57
2832576 0 50
2847972 0 104
2849487 0 104
2850880 0 104
2852293 0 104
2853727 0 104
2855119 0 104
2856676 0 104
2858089 0 104
2859584 0 104
2861099 0 104
2862492 0 105
2863925 0 105
2865420 0 105
2866956 0 105
2868410 0 105
2869885 0 105
2871278 0 106
2872773 0 104
2874186 0 105
2875619 0 105
2877032 0 105
2878568 0 106
2879981 0 104
2881497 0 105
2883053 0 105
2884466 0 106
2885961 0 104
2887436 0 105
2888951 0 105
2890406 0 105
2891921 0 105
2893416 0 105
2894932 0 105
2896427 0 106
2897860 0 104
2899396 0 105
2900809 0 105
2902345 0 105
2903840 0 105
2905233 0 106
2906748 0 104
2908161 0 105
2909574 0 105
2911008 0 105
2912421 0 105
2913834 0 105
2915329 0 106
2916824 0 104
2918360 0 105
2919835 0 105
2921350 0 105
2922784 0 105
2924238 0 105
2925753 0 106
2927166 0 104
2928600 0 105
2930116 0 106
2931652 0 104
2933167 0 105
2934621 0 105
2936055 0 105
2937529 0 106
2939024 0 104
2940519 0 105
2942014 0 106
2943550 0 104
2945086 0 105
2946622 0 105
2948035 0 105
2949510 0 105
2951046 0 106
2952541 0 104
2953954 0 105
2955367 0 105
2956882 0 105
2958357 0 105
2959770 0 105
2961306 0 106
2962740 0 104
2964153 0 105
2965668 0 105
2967225 0 105
2968781 0 105
2970174 0 105
2971566 0 105
2973020 0 106
2974413 0 104
2975929 0 105
2977342 0 105
2978816 0 106
2980291 0 104
2981745 0 105
2983199 0 105
2984714 0 105
2986148 0 105
2987602 0 105
2989117 0 105
2990633 0 105
2992087 0 106
2993582 0 104
2994975 0 105
2996470 0 106
2997903 0 104
2999460 0 105
3000996 0 105
3002409 0 105
3003924 0 105
3005440 0 106
3006853 0 104
3008348 0 105
3009761 0 105
3011276 0 106
3012730 0 104
3014205 0 105
3015618 0 106
3017052 0 104
3018465 0 105
3019980 0 106
3021516 0 104
3023032 0 105
3024424 0 105
3025899 0 105
3027353 0 105
3028827 0 105
3030220 0 106
3031674 0 104
3033128 0 105
3034541 0 105
3036016 0 105
3037572 0 105
3039108 0 105
3040542 0 105
3042098 0 106
3043614 0 104
3045068 0 105
3046481 0 105
3047996 0 105
3049389 0 106
3050945 0 104
3052420 0 105
3053956 0 105
3055492 0 105
3056884 0 106
3058379 0 104
3059813 0 105
3061226 0 106
3062762 0 104
3064237 0 105
3065691 0 105
3067247 0 106
3068804 0 104
3070299 0 105
3071753 0 105
3073309 0 105
3074763 0 106
3076238 0 104
3077753 0 105
3079310 0 106
3080784 0 104
3082218 0 105
3083651 0 105
3085085 0 105
3086498 0 105
3087952 0 105
3089365 0 105
3090778 0 106
3092212 0 104
3093625 0 105
3095140 0 106
3096574 0 104
3098069 0 105
3099625 0 106
3101059 0 104
3102554 0 105
3104090 0 105
3105585 0 105
3106998 0 105
3108493 0 105
3109886 0 105
3111340 0 106
3112876 0 104
3114432 0 105
3115907 0 106
3117443 0 104
3118897 0 105
3120351 0 105
3121784 0 105
3123198 0 106
3124590 0 104
3126085 0 105
3127539 0 106
3128952 0 104
3130447 0 105
3131840 0 105
3133335 0 105
3134850 0 105
3136284 0 105
3137759 0 106
3139233 0 104
3140667 0 105
3142059 0 105
3143595 0 105
3145008 0 105
3146483 0 106
3147978 0 104
3149452 0 105
3150947 0 105
3152361 0 106
3153876 0 104
3155432 0 105
3156846 0 105
3158300 0 106
3159836 0 104
3161310 0 105
3162785 0 105
3164300 0 105
3165693 0 106
3167085 0 104
3168539 0 105
3169973 0 105
3171468 0 106
3173004 0 104
3174417 0 105
3175912 0 105
3177448 0 105
3178882 0 105
3180377 0 105
3181810 0 106
3183305 0 104
3184739 0 105
3186152 0 105
3187708 0 105
3189244 0 105
3190739 0 105
3192234 0 106
3193647 0 104
3195122 0 105
3196637 0 105
3198153 0 105
3199546 0 105
3200979 0 106
3202495 0 104
3203969 0 105
3205403 0 105
3206939 0 105
3208331 0 105
3209785 0 105
3211239 0 106
3212775 0 104
3214189 0 105
3215725 0 106
3217179 0 104
3218715 0 105
3220128 0 106
3221561 0 104
3223056 0 105
3224551 0 106
3226005 0 104
3227480 0 105
3228954 0 105
3230490 0 105
3231944 0 105
3233419 0 105
3234873 0 106
3236348 0 104
3237822 0 105
3239276 0 105
3240689 0 106
3242225 0 104
3243638 0 105
3245154 0 105
3246587 0 105
3248021 0 105
3249536 0 105
3250929 0 105
3252465 0 106
3253919 0 104
3255414 0 105
3256889 0 105
3258322 0 106
3259879 0 104
3261435 0 105
3262910 0 106
3264384 0 104
3265838 0 105
3267272 0 105
3268705 0 105
3270200 0 106
3271716 0 104
3273211 0 105
3274706 0 106
3276201 0 104
3277696 0 105
3279191 0 106
3280665 0 104
3282181 0 105
3283615 0 105
3285007 0 105
3286502 0 105
3287997 0 105
3289431 0 105
3290926 0 106
3292482 0 104
3293998 0 105
3295472 0 105
3296947 0 105
3298339 0 105
3299896 0 106
3301452 0 104
3302845 0 105
3304381 0 106
3305896 0 104
3307330 0 105
3308866 0 105
3310361 0 105
3311835 0 106
3313310 0 104
3314805 0 105
3316300 0 105
3317856 0 105
3319372 0 106
3320928 0 104
3322444 0 105
3323857 0 106
3325352 0 104
3326847 0 105
3328301 0 106
3329858 0 104
3331250 0 105
3332643 0 105
3334138 0 105
3335592 0 105
3337025 0 105
3338541 0 106
3339995 0 104
3341429 0 105
3342821 0 106
3344337 0 104
3345893 0 105
3347388 0 105
3348801 0 105
3350317 0 105
3351771 0 105
3353286 0 106
3354699 0 104
3356215 0 105
3357710 0 105
3359205 0 105
3360720 0 105
3362154 0 105
3363649 0 106
3365205 0 104
3366700 0 105
3368134 0 105
3369670 0 106
3371226 0 104
3372701 0 105
3374216 0 106
3375650 0 104
3377084 0 105
3378497 0 105
3379930 0 105
3381364 0 105
3382900 0 106
3384333 0 104
3385746 0 105
3387139 0 106
3388573 0 104
3390088 0 105
3391522 0 106
3393017 0 104
3394532 0 105
3396027 0 105
3397502 0 106
3398956 0 104
3400389 0 105
3401884 0 106
3403400 0 104
3404833 0 105
3406329 0 105
3407864 0 106
3409421 0 104
3410875 0 105
3412329 0 105
3413763 0 105
3415299 0 105
3416732 0 105
3418268 0 106
3419825 0 104
3421279 0 105
3422733 0 105
3424187 0 105
3425723 0 105
3427197 0 105
3428692 0 105
3430228 0 106
3431682 0 104
3433095 0 105
3434549 0 106
3436085 0 104
3437498 0 105
3439055 0 106
3440591 0 104
3442045 0 105
3443438 0 105
3444871 0 105
3446387 0 105
3447861 0 106
3449295 0 104
3450810 0 105
3452305 0 105
3453821 0 105
3455213 0 105
3456708 0 105
3458203 0 105
3459596 0 105
3461071 0 106
3462586 0 104
3464020 0 105
3465576 0 106
3467030 0 104
3468484 0 105
3469918 0 105
3471331 0 105
3472867 0 106
3474362 0 104
3475836 0 105
3477372 0 105
3478908 0 106
3480342 0 104
3481898 0 105
3483311 0 105
3484847 0 105
3486322 0 106
3487796 0 104
3489312 0 105
3490746 0 105
3492282 0 105
3493777 0 105
3495292 0 106
3496746 0 104
3498221 0 105
3499777 0 105
3501190 0 105
3502624 0 105
3504037 0 105
3505429 0 105
3506945 0 105
3508358 0 106
3509853 0 104
3511328 0 105
3512741 0 106
3514174 0 104
3515731 0 105
3517287 0 106
3518844 0 104
3520380 0 105
3521916 0 106
3523370 0 104
3524783 0 105
3526216 0 106
3527609 0 104
3529063 0 105
3530476 0 106
3531971 0 104
3533405 0 105
3534859 0 105
3536313 0 105
3537726 0 105
3539221 0 106
3540675 0 104
3542211 0 105
3543644 0 105
3545160 0 105
3546716 0 105
3548170 0 105
3549665 0 105
3551140 0 106
3552655 0 104
3554150 0 105
3555605 0 105
3557100 0 105
3558636 0 105
3560110 0 105
3561544 0 106
3563059 0 104
3564554 0 105
3565988 0 105
3567483 0 105
3568978 0 105
3570473 0 105
3572009 0 106
3573545 0 104
3575101 0 105
3576535 0 105
3577948 0 106
3579443 0 104
3580938 0 105
3582412 0 106
3583887 0 104
3585361 0 105
3586795 0 105
3588290 0 105
3589806 0 105
3591260 0 105
3592693 0 106
3594250 0 104
3595642 0 105
3597096 0 105
3598632 0 105
3600045 0 105
3601540 0 105
3603035 0 106
3604469 0 104
3605903 0 105
3607398 0 105
3608811 0 105
3610224 0 105
3611719 0 105
3613275 0 105
3614688 0 106
3616163 0 104
3617555 0 105
3619050 0 106
3620464 0 104
3621897 0 105
3623310 0 105
3624805 0 105
3626259 0 105
3627734 0 105
3629167 0 105
3630724 0 106
3632219 0 104
3633755 0 105
3635270 0 105
3636704 0 106
3638158 0 104
3639612 0 105
3641066 0 106
3642541 0 104
3643933 0 105
3645490 0 105
3646985 0 106
3648459 0 104
3649872 0 105
3651367 0 106
3652883 0 104
3654296 0 105
3655791 0 106
3657245 0 104
3658658 0 105
3660194 0 105
3661607 0 105
3663143 0 105
3664679 0 106
3666133 0 104
3667526 0 105
3669041 0 105
3670434 0 105
3671949 0 105
3673444 0 105
3674919 0 105
3676353 0 106
3677888 0 104
3679404 0 105
3680838 0 105
3682333 0 105
3683868 0 106
3685364 0 104
3686838 0 105
3688292 0 105
3689746 0 105
3691221 0 105
3692695 0 105
3694149 0 105
3695583 0 105
3697016 0 106
3698491 0 104
3700047 0 105
3701583 0 105
3702976 0 105
3704369 0 105
3705823 0 106
3707359 0 104
3708792 0 105
3710287 0 105
3711782 0 106
3713216 0 104
3714711 0 105
3716144 0 105
3717701 0 106
3719155 0 104
3720650 0 105
3722206 0 105
3723722 0 105
3725196 0 106
3726753 0 104
3728289 0 105
3729722 0 106
3731197 0 104
3732733 0 105
3734146 0 106
3735641 0 104
3737136 0 105
3738529 0 106
3740024 0 104
3741457 0 105
3742850 0 106
3744304 0 104
3745840 0 105
