108213 0 12
109667 0 6
111244 0 9
112677 0 6
114234 0 3
115647 0 5
117162 0 11
118575 0 8
120091 0 11
121565 0 2
122958 0 18
124453 0 13
125907 0 25
127443 0 8
128938 0 20
130515 0 22
131990 0 15
133485 0 17
134918 0 21
136372 0 17
137908 0 24
139383 0 30
140857 0 2
142250 0 21
143745 0 24
145260 0 25
146714 0 6
148148 0 14
149684 0 14
151117 0 16
152510 0 17
153944 0 29
155398 0 3
156872 0 24
158388 0 26
159842 0 10
161337 0 17
162811 0 33
164245 0 8
165679 0 13
167092 0 13
168607 0 15
170000 0 21
171454 0 14
172846 0 18
174403 0 33
175898 0 8
177352 0 14
178765 0 20
180301 0 15
181816 0 29
183250 0 10
184704 0 16
186179 0 18
187674 0 24
189148 0 13
190664 0 32
192159 0 8
193674 0 17
195087 0 21
196644 0 20
198159 0 16
199675 0 35
201149 0 3
202644 0 14
204078 0 27
205614 0 1
207109 0 18
208583 0 15
210037 0 17
211512 0 16
212925 0 33
214338 0 8
215936 0 16
217410 0 29
218926 0 3
220339 0 13
221875 0 14
223390 0 22
224926 0 13
226339 0 23
227875 0 17
229268 0 33
230824 0 3
232360 0 16
233896 0 14
235371 0 17
236784 0 13
238217 0 19
239651 0 15
241125 0 14
242559 0 30
244034 0 3
245426 0 19
246880 0 30
248252 0 1
249645 0 24
251099 0 15
252635 0 21
254089 0 19
255584 0 24
257038 0 15
258431 0 32
259946 0 4
261359 0 23
262854 0 22
264390 0 15
265926 0 21
267339 0 14
268855 0 25
270329 0 4
271763 0 24
273319 0 31
274814 0 12
276289 0 16
277764 0 32
279156 0 8
280672 0 23
282208 0 16
283641 0 22
285177 0 23
286713 0 24
288208 0 24
289744 0 30
291157 0 8
292652 0 19
294168 0 14
295622 0 17
297117 0 23
298673 0 20
300230 0 29
301684 0 4
303158 0 22
304735 0 17
306169 0 24
307705 0 33
309241 0 4
310654 0 16
312087 0 15
313541 0 15
314934 0 20
316511 0 32
318006 0 3
319419 0 17
320914 0 29
322430 0 11
323863 0 19
325379 0 14
326792 0 14
328246 0 31
329679 0 9
331154 0 22
332710 0 30
334205 0 5
335619 0 15
337155 0 15
338670 0 31
340165 0 11
341721 0 13
343135 0 14
344589 0 13
346125 0 29
347620 0 9
349074 0 18
350528 0 25
352043 0 6
353620 0 17
355156 0 13
356713 0 35
358208 0 11
359744 0 20
361259 0 14
362713 0 20
364147 0 24
365642 0 21
367198 0 33
368611 0 2
370045 0 18
371581 0 13
373117 0 25
374571 0 8
376045 0 13
377438 0 35
378994 0 4
380387 0 14
381780 0 23
383275 0 22
384708 0 18
386244 0 34
387760 0 4
389214 0 16
390729 0 17
392142 0 24
393637 0 16
395091 0 23
396607 0 30
398122 0 1
399597 0 19
401010 0 18
402546 0 19
404102 0 34
405597 0 10
407133 0 24
408608 0 23
410021 0 26
411537 0 7
413093 0 18
414527 0 18
416022 0 33
417578 0 7
419094 0 21
420507 0 18
422043 0 14
423476 0 25
424889 0 7
426384 0 22
427818 0 19
429333 0 19
430849 0 22
432426 0 13
433962 0 18
435457 0 36
437034 0 12
438447 0 20
439942 0 18
441519 0 25
443075 0 10
444529 0 13
445942 0 32
447376 0 5
448810 0 20
450284 0 18
451779 0 30
453213 0 8
454749 0 16
456162 0 13
457575 0 17
459090 0 21
460606 0 27
462080 0 10
463493 0 18
464988 0 31
466442 0 7
467876 0 17
469351 0 33
470805 0 5
472218 0 23
473733 0 27
475126 0 3
476621 0 16
478095 0 28
479549 0 7
481024 0 24
482478 0 20
483953 0 13
485468 0 14
486861 0 33
488397 0 8
489994 0 15
491530 0 32
493066 0 7
494582 0 14
496036 0 26
497531 0 2
498944 0 15
500439 0 15
501954 0 24
503408 0 19
504821 0 25
506234 0 11
507729 0 15
509122 0 33
510678 0 8
512112 0 15
513628 0 23
515102 0 22
516659 0 17
518174 0 32
519587 0 6
521123 0 16
522495 0 17
523990 0 24
525465 0 21
526960 0 22
528537 0 22
530032 0 22
531568 0 27
532960 0 7
534455 0 18
535971 0 34
537404 0 9
538838 0 17
540333 0 27
541746 0 6
543282 0 14
544675 0 33
546149 0 11
547685 0 21
549180 0 23
550696 0 36
552232 0 1
553665 0 22
555140 0 32
556655 0 7
558150 0 17
559686 0 20
561222 0 14
562615 0 26
564110 0 1
565564 0 21
567018 0 26
568533 0 9
570090 0 24
571544 0 15
572957 0 19
574473 0 33
575886 0 8
577340 0 17
578753 0 24
580248 0 27
581640 0 9
583054 0 17
584569 0 17
586064 0 22
587580 0 18
589116 0 29
590651 0 8
592167 0 22
593723 0 32
595239 0 9
596775 0 13
598249 0 26
599622 0 12
601014 0 18
602530 0 18
603943 0 35
605417 0 9
606912 0 24
608325 0 20
609882 0 36
611295 0 11
612770 0 18
614244 0 33
615739 0 10
617152 0 22
618586 0 32
620122 0 3
621617 0 23
623173 0 13
624607 0 36
626081 0 2
627474 0 15
628907 0 22
630362 0 14
631836 0 28
633249 0 9
634662 0 20
636198 0 19
637693 0 36
639250 0 5
640786 0 19
642219 0 14
643653 0 20
645189 0 14
646704 0 19
648199 0 31
649694 0 7
651128 0 24
652561 0 34
654097 0 1
655531 0 14
656903 0 25
658316 0 11
659852 0 13
661368 0 18
662842 0 16
664337 0 32
665873 0 4
667389 0 16
668884 0 14
670420 0 23
671935 0 23
673328 0 24
674843 0 36
676338 0 2
677731 0 24
679185 0 36
680680 0 10
682257 0 23
683711 0 28
685145 0 9
686722 0 18
688216 0 36
689671 0 5
691125 0 15
692517 0 19
694053 0 21
695569 0 23
696961 0 33
698395 0 12
699869 0 13
701405 0 16
702900 0 16
704293 0 19
705829 0 16
707304 0 31
708839 0 2
710314 0 16
711727 0 24
713222 0 24
714738 0 16
716212 0 18
717728 0 27
719182 0 2
720697 0 17
722233 0 19
723810 0 16
725326 0 23
726841 0 32
728275 0 4
729790 0 16
731183 0 23
732637 0 17
734111 0 17
735586 0 14
737060 0 27
738474 0 9
739948 0 16
741443 0 19
742959 0 17
744433 0 14
745908 0 18
747464 0 23
748877 0 20
750331 0 36
751867 0 9
753362 0 13
754816 0 13
756270 0 18
757847 0 17
759363 0 18
760776 0 29
762312 0 2
763704 0 17
765240 0 23
766776 0 17
768189 0 20
769746 0 36
771159 0 12
772613 0 21
774067 0 35
775480 0 8
776955 0 19
778491 0 24
779945 0 20
781522 0 22
783099 0 17
784594 0 29
785986 0 11
787440 0 18
788976 0 21
790512 0 20
792048 0 22
793625 0 31
795059 0 5
796513 0 22
798049 0 16
799544 0 23
800957 0 14
802472 0 17
804008 0 21
805544 0 29
807039 0 6
808555 0 19
810050 0 13
811483 0 27
812999 0 8
814453 0 17
815907 0 17
817423 0 15
818959 0 24
820351 0 23
821867 0 26
823341 0 10
824795 0 18
826311 0 21
827744 0 15
829157 0 28
830632 0 1
832065 0 22
833520 0 20
834953 0 26
836325 0 9
837902 0 19
839377 0 15
840769 0 19
842223 0 26
843718 0 12
845111 0 20
846627 0 23
848122 0 19
849535 0 16
851071 0 24
852607 0 23
854102 0 33
855515 0 10
857071 0 24
858546 0 14
859979 0 35
861515 0 4
863031 0 19
864546 0 13
866000 0 27
867475 0 3
868908 0 14
870444 0 36
871898 0 1
873352 0 20
874888 0 18
876301 0 21
877858 0 24
879373 0 17
880807 0 28
882261 0 8
883756 0 15
885231 0 19
886726 0 23
888221 0 19
889675 0 13
891211 0 16
892665 0 30
894037 0 12
895491 0 18
897027 0 33
898542 0 3
899935 0 22
901369 0 18
902823 0 20
904400 0 30
905813 0 11
907369 0 22
908823 0 14
910257 0 17
911752 0 31
913288 0 12
914803 0 21
916257 0 17
917711 0 25
919206 0 2
920701 0 19
922237 0 15
923650 0 29
925166 0 12
926681 0 14
928217 0 22
929692 0 19
931187 0 15
932723 0 14
934116 0 23
935529 0 24
936962 0 35
938519 0 12
940055 0 14
941488 0 20
943024 0 24
944560 0 26
945994 0 9
947427 0 14
948943 0 14
950458 0 20
952015 0 13
953530 0 18
955066 0 33
956623 0 4
958118 0 23
959551 0 23
961087 0 17
962541 0 17
963995 0 14
965511 0 17
966965 0 29
968378 0 6
969832 0 16
971327 0 32
972802 0 3
974276 0 22
975730 0 18
977164 0 17
978618 0 21
980113 0 31
981690 0 12
983205 0 21
984680 0 31
986216 0 4
987670 0 20
989226 0 26
990701 0 8
992237 0 22
993691 0 17
995083 0 20
996558 0 18
998073 0 13
999548 0 19
1001023 0 29
1002415 0 10
1003972 0 23
1005385 0 20
1006962 0 24
1008477 0 15
1009972 0 16
1058228 0 101
1059702 0 101
1061238 0 101
1062631 0 101
1064126 0 101
1065560 0 101
1067034 0 101
1068488 0 101
1069942 0 101
1071478 0 101
1072912 0 102
1074386 0 102
1075799 0 102
1077315 0 102
1078748 0 102
1080162 0 102
1081697 0 103
1083192 0 101
1084585 0 102
1086039 0 103
1087493 0 101
1088906 0 102
1090381 0 102
1091835 0 102
1093248 0 103
1094702 0 101
1096238 0 102
1097754 0 102
1099228 0 103
1100764 0 101
1102280 0 102
1103713 0 102
1105208 0 102
1106601 0 103
1108034 0 101
1109550 0 102
1111004 0 102
1112540 0 102
1114096 0 102
1115612 0 102
1117107 0 102
1118581 0 103
1120056 0 101
1121592 0 102
1123107 0 102
1124643 0 102
1126077 0 102
1127613 0 103
1129087 0 101
1130500 0 102
1132016 0 103
1133531 0 101
1135026 0 102
1136440 0 102
1137976 0 103
1139511 0 101
1141027 0 102
1142461 0 102
1143997 0 102
1145451 0 102
1146843 0 102
1148400 0 103
1149833 0 101
1151226 0 102
1152762 0 102
1154298 0 102
1155834 0 102
1157247 0 102
1158762 0 103
1160216 0 101
1161691 0 102
1163186 0 102
1164702 0 102
1166135 0 102
1167569 0 102
1168961 0 102
1170477 0 103
1171931 0 101
1173426 0 102
1174900 0 103
1176313 0 101
1177829 0 102
1179344 0 102
1180819 0 102
1182293 0 102
1183707 0 103
1185161 0 101
1186697 0 102
1188212 0 102
1189687 0 102
1191079 0 102
1192574 0 102
1194049 0 102
1195564 0 102
1197059 0 103
1198595 0 101
1200070 0 102
1201565 0 102
1203019 0 102
1204514 0 102
1205906 0 102
1207340 0 102
1208733 0 103
1210228 0 101
1211764 0 102
1213197 0 102
1214610 0 102
1216044 0 102
1217498 0 102
1218952 0 103
1220508 0 101
1221922 0 102
1223417 0 102
1224932 0 103
1226427 0 101
1227820 0 102
1229212 0 102
1230666 0 103
1232161 0 101
1233656 0 102
1235131 0 102
1236646 0 103
1238203 0 101
1239739 0 102
1241254 0 102
1242667 0 102
1244142 0 102
1245658 0 103
1247071 0 101
1248545 0 102
1250020 0 102
1251515 0 103
1252969 0 101
1254382 0 102
1255856 0 102
1257372 0 102
1258846 0 103
1260280 0 101
1261775 0 102
1263229 0 102
1264724 0 103
1266301 0 101
1267837 0 102
1269271 0 103
1270766 0 101
1272281 0 102
1273715 0 103
1275251 0 101
1276643 0 102
1278159 0 102
1279551 0 102
1281067 0 102
1282459 0 102
1283852 0 102
1285265 0 103
1286822 0 101
1288214 0 102
1289709 0 103
1291225 0 101
1292740 0 102
1294256 0 102
1295771 0 102
1297328 0 102
1298843 0 102
1300359 0 103
1301772 0 101
1303226 0 102
1304639 0 103
1306175 0 101
1307608 0 102
1309144 0 103
1310578 0 101
1312012 0 102
1313507 0 102
1314940 0 102
1316476 0 102
1317951 0 103
1319364 0 101
1320797 0 102
1322231 0 102
1323644 0 103
1325200 0 101
1326736 0 102
1328252 0 102
1329685 0 102
1331099 0 102
1332614 0 102
1334150 0 103
1335563 0 101
1336976 0 102
1338410 0 102
1339843 0 102
1341256 0 102
1342690 0 102
1344185 0 103
1345721 0 101
1347175 0 102
1348670 0 102
1350063 0 102
1351578 0 102
1353094 0 103
1354650 0 101
1356084 0 102
1357517 0 102
1359033 0 102
1360569 0 102
1362043 0 102
1363436 0 103
1364951 0 101
1366405 0 102
1367839 0 103
1369314 0 101
1370706 0 102
1372222 0 103
1373635 0 101
1375150 0 102
1376686 0 102
1378202 0 102
1379635 0 103
1381192 0 101
1382584 0 102
1384100 0 102
1385513 0 102
1387008 0 103
1388564 0 101
1390018 0 102
1391473 0 103
1392927 0 101
1394463 0 102
1395896 0 103
1397309 0 101
1398763 0 102
1400197 0 102
1401733 0 102
1403248 0 103
1404805 0 101
1406197 0 102
1407590 0 102
1409024 0 102
1410498 0 103
1411993 0 101
1413529 0 102
1415004 0 102
1416458 0 102
1417912 0 102
1419325 0 102
1420779 0 102
1422171 0 102
1423667 0 103
1425202 0 101
1426718 0 102
1428152 0 102
1429565 0 102
1430998 0 102
1432452 0 102
1433968 0 102
1435463 0 102
1436917 0 103
1438391 0 101
1439886 0 102
1441422 0 102
1442876 0 102
1444412 0 103
1445989 0 101
1447443 0 102
1448979 0 102
1450495 0 102
1451928 0 102
1453423 0 102
1454918 0 102
1456372 0 102
1457908 0 103
1459383 0 101
1460837 0 102
1462394 0 103
1463868 0 101
1465302 0 102
1466735 0 103
1468271 0 101
1469705 0 102
1471097 0 102
1472531 0 102
1473924 0 103
1475419 0 101
1476955 0 102
1478511 0 103
1479945 0 101
1481378 0 102
1482873 0 103
1484286 0 101
1485740 0 102
1487174 0 102
1488710 0 102
1490164 0 102
1491700 0 103
1493133 0 101
1494587 0 102
1496083 0 102
1497618 0 102
1499052 0 102
1500486 0 102
1501960 0 102
1503414 0 103
1504930 0 101
1506384 0 102
1507899 0 103
1509374 0 101
1510848 0 102
1512364 0 103
1513818 0 101
1515272 0 102
1516726 0 102
1518160 0 102
1519696 0 102
1521170 0 102
1522665 0 103
1524201 0 101
1525655 0 102
1527109 0 102
1528645 0 103
1530161 0 101
1531615 0 102
1533130 0 102
1534625 0 102
1536161 0 103
1537656 0 101
1539090 0 102
1540503 0 102
1541977 0 103
1543513 0 101
1545029 0 102
1546483 0 103
1547998 0 101
1549534 0 102
1551070 0 103
1552627 0 101
1554163 0 102
1555555 0 102
1556989 0 102
1558423 0 102
1559918 0 103
1561372 0 101
1562887 0 102
1564423 0 102
1565959 0 103
1567372 0 101
1568826 0 102
1570362 0 103
1571775 0 101
1573168 0 102
1574704 0 102
1576178 0 103
1577735 0 101
1579271 0 102
1580807 0 102
1582322 0 102
1583776 0 102
1585271 0 103
1586807 0 101
1588282 0 102
1589756 0 103
1591169 0 101
1592644 0 102
1594139 0 103
1595593 0 101
1597068 0 102
1598522 0 102
1600037 0 102
1601532 0 102
1602966 0 103
1604481 0 101
1605915 0 102
1607328 0 102
1608741 0 102
1610154 0 102
1611670 0 103
1613165 0 101
1614578 0 102
1615991 0 102
1617383 0 102
1618878 0 102
1620414 0 102
1621950 0 102
1623445 0 103
1624879 0 101
1626353 0 102
1627889 0 102
1629384 0 103
1630839 0 101
1632252 0 102
1633665 0 102
1635078 0 102
1636573 0 103
1638006 0 101
1639522 0 102
1641058 0 102
1642553 0 102
1644048 0 102
1645441 0 102
1646895 0 103
1648431 0 101
1649823 0 102
1651236 0 103
1652793 0 101
1654247 0 102
1655639 0 102
1657155 0 102
1658670 0 102
1660165 0 102
1661660 0 102
1663135 0 103
1664691 0 101
1666166 0 102
1667579 0 103
1669074 0 101
1670569 0 102
1672044 0 103
1673580 0 101
1675034 0 102
1676447 0 103
1677983 0 101
1679478 0 102
1680932 0 102
1682488 0 102
1684004 0 102
1685499 0 102
1686932 0 103
1688407 0 101
1689820 0 102
1691335 0 102
1692728 0 103
1694284 0 101
1695800 0 102
1697295 0 103
1698872 0 101
1700367 0 102
1701841 0 102
1703398 0 102
1704913 0 102
1706326 0 102
1707760 0 103
1709235 0 101
1710689 0 102
1712204 0 103
1713638 0 101
1715133 0 102
1716607 0 102
1718082 0 102
1719536 0 102
1721010 0 102
1722424 0 102
1723816 0 102
1725291 0 103
1726765 0 101
1728240 0 102
1729776 0 103
1731230 0 101
1732745 0 102
1734158 0 103
1735653 0 101
1737066 0 102
1738602 0 102
1740016 0 102
1741408 0 103
1742944 0 101
1744501 0 102
1745914 0 102
1747306 0 102
1748760 0 102
1750296 0 102
1751771 0 102
1753225 0 103
1754699 0 101
1756174 0 102
1757689 0 102
1759225 0 102
1760618 0 102
1762052 0 102
1763526 0 103
1764939 0 101
1766475 0 102
1767970 0 102
1769486 0 103
1771001 0 101
1772476 0 102
1773930 0 102
1775363 0 102
1776797 0 102
1778231 0 102
1779623 0 102
1781159 0 102
1782552 0 103
1784006 0 101
1785439 0 102
1786934 0 102
1788409 0 103
1789965 0 101
1791460 0 102
1792914 0 103
1794471 0 101
1795925 0 102
1797420 0 102
1798874 0 103
1800369 0 101
1801925 0 102
1803441 0 102
1804895 0 102
1806370 0 103
1807885 0 101
1809319 0 102
1810773 0 103
1812329 0 101
1813865 0 102
1815340 0 102
1816835 0 103
1818371 0 101
1819907 0 102
1821402 0 102
1822794 0 102
1824269 0 102
1825743 0 102
1827259 0 102
1828651 0 103
1830105 0 101
1831498 0 102
1832993 0 102
1834529 0 102
1836045 0 102
1837540 0 103
1838973 0 101
1840509 0 102
1841984 0 102
1843520 0 102
1845056 0 102
1846489 0 102
1848025 0 102
1849459 0 102
1850974 0 103
1852510 0 101
1853964 0 102
1855418 0 102
1856872 0 102
1858367 0 102
1859862 0 102
1861398 0 102
1862914 0 102
1864388 0 103
1865822 0 101
1867337 0 102
1868853 0 102
1870287 0 103
1871822 0 101
1873256 0 102
1874751 0 103
1876267 0 101
1877782 0 102
1879195 0 103
1880690 0 101
1882206 0 102
1883742 0 103
1885298 0 101
1886732 0 102
1888145 0 103
1889578 0 101
1891012 0 102
1892527 0 103
1894084 0 101
1895620 0 102
1897135 0 102
1898651 0 102
1900105 0 103
1901621 0 101
1903136 0 102
1904590 0 102
1906105 0 102
1907559 0 102
1909095 0 102
1910652 0 103
1912065 0 101
1913499 0 102
1915014 0 102
1916427 0 102
1917922 0 103
1919479 0 101
1920974 0 102
1922407 0 103
1923964 0 101
1925459 0 102
1927015 0 102
1928469 0 102
1929862 0 103
1931275 0 101
1932667 0 102
1934060 0 102
1935596 0 102
1937030 0 102
1938443 0 103
1939999 0 101
1941494 0 102
1943030 0 102
1944443 0 103
1945897 0 101
1947351 0 102
1948826 0 102
1950301 0 103
1951857 0 101
1953270 0 102
1954724 0 103
1956158 0 101
1957673 0 102
1977869 0 48
1979426 0 46
1980900 0 40
1982395 0 42
1983911 0 47
1985344 0 45
1986880 0 43
1988375 0 39
1989829 0 42
1991365 0 45
1992840 0 49
1994294 0 53
1995727 0 71
1997202 0 38
1998758 0 57
2000212 0 57
2001748 0 58
2003305 0 58
2004800 0 55
2006356 0 51
2007872 0 53
2009387 0 72
2010903 0 48
2012316 0 50
2013831 0 66
2015265 0 46
2016780 0 49
2018296 0 59
2019709 0 59
2021265 0 52
2022781 0 59
2024276 0 63
2025709 0 47
2027225 0 58
2028659 0 50
2030154 0 50
2031587 0 58
2033144 0 56
2034557 0 62
2035970 0 42
2037465 0 57
2039042 0 51
2040578 0 55
2042134 0 67
2043527 0 40
2045042 0 52
2046599 0 56
2048094 0 69
2049609 0 40
2051043 0 57
2052538 0 68
2053992 0 41
2055446 0 56
2056900 0 72
2058436 0 38
2059849 0 60
2061283 0 71
2062819 0 38
2064252 0 54
2065747 0 57
2067263 0 56
2068758 0 59
2070273 0 52
2071748 0 71
2073202 0 38
2074676 0 55
2076233 0 65
2077687 0 37
2079202 0 59
2080677 0 53
2082192 0 59
2083728 0 65
2085244 0 39
2086780 0 52
2088234 0 68
2089708 0 44
2091142 0 58
2092576 0 50
2094132 0 61
2095566 0 38
2096979 0 52
2098494 0 54
2099969 0 52
2101484 0 49
2102897 0 64
2104331 0 48
2105867 0 54
2107362 0 51
2108918 0 60
2110352 0 69
2111806 0 46
2113383 0 54
2114837 0 68
2116270 0 41
2117745 0 58
2119240 0 49
2120633 0 54
2122169 0 51
2123684 0 50
2125159 0 49
2126654 0 71
2128128 0 37
2129603 0 59
2131098 0 52
2132634 0 59
2134047 0 58
2135583 0 59
2137098 0 50
2138614 0 50
2140088 0 72
2141522 0 41
2142914 0 52
2144328 0 54
2145782 0 59
2147256 0 60
2148792 0 63
2150369 0 38
2151905 0 52
2153318 0 69
2154793 0 37
2156226 0 57
2157701 0 53
2159257 0 54
2160711 0 51
2162165 0 64
2163578 0 38
2165135 0 60
2166630 0 52
2168104 0 52
2169538 0 57
2170992 0 56
2172426 0 50
2173839 0 62
2175395 0 46
2176952 0 50
2178467 0 54
2179983 0 54
2181478 0 70
2182891 0 43
2184324 0 50
2185881 0 57
2187396 0 54
2188891 0 49
2190427 0 51
2191984 0 63
2193540 0 48
2195035 0 52
2196448 0 51
2197943 0 58
2199418 0 65
2200851 0 45
2202387 0 56
2203841 0 60
2205275 0 51
2206729 0 55
2208306 0 52
2209842 0 64
2211296 0 42
2212811 0 50
2214347 0 60
2215781 0 58
2217337 0 56
2218812 0 72
2220328 0 38
2221802 0 49
2223318 0 62
2224731 0 43
2226287 0 58
2227762 0 60
2229216 0 65
2230772 0 45
2232226 0 54
2233680 0 55
2235134 0 54
2236527 0 51
2238083 0 67
2239558 0 40
2241012 0 51
2242466 0 65
2243941 0 41
2245497 0 49
2247012 0 51
2248508 0 51
2250043 0 55
2251559 0 59
2253054 0 56
2254447 0 57
2256003 0 65
2257478 0 43
2258932 0 50
2260386 0 69
2261963 0 37
2263437 0 50
2264850 0 59
2266284 0 49
2267759 0 64
2269294 0 45
2270810 0 52
2272387 0 63
2273902 0 46
2275418 0 60
2276892 0 49
2278367 0 54
2279882 0 68
2281418 0 38
2282954 0 59
2284490 0 49
2286026 0 70
2287460 0 46
2288955 0 58
2290409 0 68
2291965 0 47
2293460 0 60
2294914 0 65
2296409 0 46
2297904 0 55
2299379 0 61
2300915 0 37
2302307 0 53
2303864 0 64
2305420 0 42
2306813 0 60
2308349 0 51
2309783 0 58
2311319 0 63
2312834 0 40
2314329 0 54
2315783 0 58
2317360 0 62
2318773 0 44
2320309 0 52
2321845 0 60
2323402 0 72
2324937 0 38
2326371 0 51
2327866 0 51
2329341 0 68
2330856 0 41
2332331 0 50
2333744 0 60
2335280 0 53
2336816 0 61
2338352 0 38
2339847 0 55
2341342 0 53
2342857 0 59
2344311 0 58
2345765 0 49
2347322 0 67
2348776 0 42
2350189 0 54
2351745 0 70
2353138 0 47
2354633 0 55
2356087 0 53
2357623 0 49
2359036 0 50
2360552 0 67
2362047 0 46
2363480 0 59
2364955 0 59
2366491 0 65
2367965 0 42
2369358 0 58
2370873 0 70
2372266 0 44
2373700 0 49
2375133 0 54
2376567 0 69
2378041 0 40
2379475 0 58
2380990 0 59
2382526 0 51
2383960 0 56
2385496 0 60
2387011 0 60
2388486 0 62
2389899 0 43
2391435 0 54
2392909 0 60
2394343 0 52
2395899 0 66
2397415 0 44
2398828 0 58
2400344 0 52
2401880 0 50
2403293 0 70
2404767 0 37
2406201 0 50
2407614 0 53
2409109 0 53
2410645 0 67
2412058 0 44
2413532 0 54
2414946 0 50
2416379 0 51
2417772 0 57
2419246 0 53
2420782 0 51
2422318 0 63
2423731 0 47
2425288 0 57
2426742 0 52
2428237 0 51
2429752 0 52
2431186 0 65
2432701 0 37
2434155 0 52
2435609 0 63
2437145 0 37
2438681 0 56
2440095 0 53
2441610 0 57
2443023 0 69
2444580 0 41
2446116 0 60
2447590 0 49
2449024 0 56
2450580 0 49
2451973 0 57
2453427 0 64
2454942 0 38
2456437 0 52
2457891 0 59
2459366 0 55
2460881 0 70
2462253 0 44
2463728 0 60
2465244 0 69
2466698 0 46
2468172 0 52
2469606 0 69
2471121 0 43
2472596 0 54
2474070 0 55
2475545 0 49
2476999 0 61
2478432 0 46
2479907 0 57
2481443 0 53
2482938 0 62
2484474 0 40
2485969 0 53
2487423 0 49
2488877 0 55
2490413 0 50
2491806 0 58
2493301 0 53
2494837 0 66
2496250 0 47
2497683 0 59
2499219 0 53
2500755 0 54
2502271 0 49
2503663 0 68
2505056 0 41
2506490 0 60
2508005 0 68
2509398 0 38
2510831 0 60
2512347 0 69
2513760 0 42
2515234 0 54
2516709 0 65
2518204 0 43
2519719 0 52
2521173 0 51
2522730 0 53
2524266 0 60
2525781 0 65
2527215 0 42
2528710 0 55
2530246 0 50
2531659 0 52
2533113 0 59
2534608 0 64
2536062 0 41
2537598 0 53
2539073 0 58
2540650 0 54
2542083 0 53
2543640 0 57
2545114 0 49
2546589 0 64
2548002 0 44
2549456 0 59
2550971 0 54
2552528 0 72
2554043 0 37
2555538 0 53
2557095 0 61
2558631 0 47
2560044 0 49
2561518 0 50
2563034 0 56
2564529 0 65
2566065 0 40
2567498 0 60
2568911 0 51
2570407 0 56
2571840 0 69
2573376 0 46
2574932 0 57
2576428 0 51
2577882 0 56
2579397 0 62
2580913 0 38
2582469 0 57
2583964 0 51
2585500 0 56
2587056 0 66
2588613 0 44
2590087 0 53
2591562 0 71
2593077 0 40
2594613 0 59
2596170 0 69
2597726 0 41
2599139 0 52
2600593 0 62
2602068 0 46
2603543 0 58
2605078 0 65
2606512 0 38
2607966 0 52
2609379 0 57
2610895 0 53
2612349 0 51
2613782 0 54
2615195 0 69
2616670 0 39
2618165 0 58
2619680 0 49
2621073 0 50
2622568 0 52
2623981 0 55
2625435 0 54
2626951 0 69
2628528 0 46
2630023 0 57
2631579 0 63
2633115 0 48
2634610 0 56
2636126 0 53
2637559 0 52
2639034 0 51
2640529 0 52
2642003 0 55
2643478 0 63
2644993 0 45
2646570 0 54
2648065 0 52
2649622 0 53
2651096 0 70
2652509 0 38
2654004 0 59
2655438 0 51
2656974 0 52
2658469 0 58
2660046 0 60
2661459 0 58
2662995 0 65
2664449 0 47
2665944 0 57
2667439 0 60
2668914 0 50
2670306 0 65
2671822 0 41
2673378 0 56
2674935 0 71
2676471 0 42
2677966 0 54
2679481 0 49
2680997 0 55
2682512 0 65
2684048 0 46
2685584 0 50
2687038 0 50
2688533 0 50
2689946 0 49
2691462 0 51
2692895 0 69
2694349 0 45
2695803 0 58
2697339 0 50
2698834 0 55
2700411 0 58
2701947 0 64
2703504 0 45
2705040 0 51
2706535 0 71
2708071 0 43
2709566 0 49
2710958 0 58
2712535 0 54
2713969 0 57
2715423 0 54
2716815 0 67
2718331 0 48
2719826 0 55
2721341 0 50
2722795 0 50
2724188 0 50
2725683 0 49
2727096 0 66
2728530 0 44
2730066 0 60
2731622 0 50
2733179 0 59
2734612 0 67
2736107 0 41
2737664 0 51
2739118 0 51
2740551 0 51
2742067 0 59
2743541 0 54
2744975 0 72
2746408 0 44
2747863 0 54
2749337 0 63
2750853 0 48
2752286 0 54
2753781 0 55
2755256 0 52
2756792 0 59
2758246 0 54
2759720 0 57
2761256 0 65
2762690 0 46
2764164 0 49
2765557 0 56
2767031 0 60
2768445 0 55
2769981 0 49
2771537 0 55
2773093 0 63
2774568 0 41
2776022 0 55
2777456 0 70
2778889 0 41
2780425 0 50
2781941 0 71
2783436 0 42
2784849 0 58
2786364 0 58
2787880 0 52
2789375 0 59
2790808 0 62
2792303 0 41
2793757 0 49
2795191 0 57
2796625 0 49
2798079 0 59
2799574 0 57
2801089 0 70
2802584 0 40
2804018 0 50
2805472 0 56
2806967 0 49
2808400 0 59
2809834 0 64
2811267 0 46
2812681 0 51
2814094 0 66
2815527 0 46
2817104 0 53
2818538 0 68
2819930 0 47
2821446 0 49
2822880 0 61
2824334 0 47
2825808 0 57
2827221 0 57
2828696 0 58
2830170 0 51
2831604 0 51
2833140 0 68
2834532 0 47
2835986 0 51
2837461 0 60
2838915 0 55
2840328 0 51
2841864 0 56
2843421 0 49
2844977 0 69
2846431 0 37
2847865 0 56
2849421 0 59
2850855 0 59
2852350 0 71
2853824 0 39
2855360 0 54
2856794 0 71
2858186 0 44
2859599 0 50
2861033 0 63
2862446 0 47
2863982 0 51
2865436 0 53
2866829 0 54
2868324 0 52
2869860 0 68
2871375 0 42
2872891 0 59
2874447 0 53
2875963 0 51
2877499 0 68
2878973 0 41
2880530 0 49
2882066 0 59
3023860 0 104
3025396 0 104
3026829 0 104
3028324 0 104
3029860 0 104
3031294 0 104
3032707 0 104
3034161 0 104
3035594 0 104
3037049 0 104
3038462 0 105
3039854 0 105
3041267 0 106
3042762 0 104
3044278 0 105
3045773 0 106
3047288 0 104
3048701 0 105
3050176 0 106
3051732 0 104
3053248 0 105
3054784 0 105
3056176 0 105
3057651 0 105
3059105 0 105
3060641 0 105
3062095 0 106
3063570 0 104
3065003 0 105
3066478 0 105
3068014 0 105
3069570 0 105
3071045 0 106
3072601 0 104
3074117 0 105
3075530 0 105
3077066 0 106
3078561 0 104
3079953 0 105
3081367 0 106
3082841 0 104
3084234 0 105
3085749 0 106
3087285 0 104
3088801 0 105
3090316 0 106
3091832 0 104
3093388 0 105
3094822 0 105
3096358 0 105
3097791 0 105
3099307 0 106
3100822 0 104
3102276 0 105
3103812 0 106
3105225 0 104
3106700 0 105
3108092 0 105
3109546 0 106
3111082 0 104
3112598 0 105
3114113 0 106
3115608 0 104
3117124 0 105
3118639 0 105
3120196 0 105
3121670 0 105
3123165 0 105
3124722 0 106
3126237 0 104
3127630 0 105
3129125 0 105
3130640 0 105
3132115 0 105
3133549 0 105
3135064 0 106
3136621 0 104
3138116 0 105
3139631 0 105
3141147 0 105
3142580 0 105
3143993 0 106
3145468 0 104
3147004 0 105
3148417 0 105
3149891 0 105
3151386 0 105
3152779 0 105
3154274 0 105
3155749 0 105
3157162 0 106
3158718 0 104
3160213 0 105
3161688 0 105
3163080 0 105
3164575 0 105
3165968 0 105
3167381 0 106
3168794 0 104
3170289 0 105
3171805 0 106
3173279 0 104
3174733 0 105
3176167 0 105
3177703 0 105
3179095 0 105
3180590 0 105
3182106 0 105
3183621 0 106
3185096 0 104
3186611 0 105
3188106 0 106
3189622 0 104
3191117 0 105
3192673 0 105
3194107 0 106
3195622 0 104
3197117 0 105
3198551 0 105
3200087 0 105
3201561 0 106
3203056 0 104
3204490 0 105
3205903 0 106
3207398 0 104
3208893 0 105
3210409 0 105
3211822 0 106
3213255 0 104
3214648 0 105
3216082 0 105
3217495 0 105
3218949 0 105
3220505 0 106
3221918 0 104
3223393 0 105
3224785 0 106
3226280 0 104
3227775 0 105
3229311 0 105
3230827 0 105
3232383 0 105
3233817 0 105
3235291 0 105
3236705 0 106
3238241 0 104
3239756 0 105
3241169 0 106
3242644 0 104
3244077 0 105
3245511 0 105
3246924 0 106
3248378 0 104
3249852 0 105
3251347 0 105
3252761 0 105
3254256 0 105
3255751 0 105
3257164 0 105
3258577 0 106
3259990 0 104
3261546 0 105
3263000 0 105
3264495 0 105
3266011 0 105
3267485 0 106
3269021 0 104
3270537 0 105
3272052 0 105
3273609 0 106
3275063 0 104
3276537 0 105
3278073 0 105
3279486 0 105
3280941 0 106
3282374 0 104
3283849 0 105
3285282 0 105
3286736 0 105
3288272 0 105
3289767 0 105
3291324 0 105
3292860 0 106
3294334 0 104
3295768 0 105
3297222 0 105
3298737 0 106
3300171 0 104
3301666 0 105
3303202 0 106
3304615 0 104
3306069 0 105
3307482 0 105
3308957 0 105
3310349 0 105
3311824 0 105
3313319 0 105
3314773 0 106
3316206 0 104
3317661 0 105
3319053 0 105
3320466 0 105
3322002 0 106
3323436 0 104
3324869 0 105
3326303 0 105
3327716 0 105
3329232 0 106
3330767 0 104
3332181 0 105
3333717 0 106
3335150 0 104
3336604 0 105
3338099 0 106
3339553 0 104
3341028 0 105
3342461 0 106
3343895 0 104
3345451 0 105
3346946 0 106
3348421 0 104
3349814 0 105
3351288 0 106
3352701 0 104
3354135 0 105
3355609 0 105
3357084 0 105
3358538 0 105
3359951 0 106
3361466 0 104
3362859 0 105
3364395 0 105
3365931 0 105
3367385 0 105
3368798 0 106
3370314 0 104
3371727 0 105
3373222 0 105
3374655 0 105
3376130 0 105
3377604 0 105
3378997 0 105
3380410 0 106
3381946 0 104
3383359 0 105
3384793 0 106
3386267 0 104
3387721 0 105
3389196 0 106
3390629 0 104
3392043 0 105
3393476 0 105
3394889 0 105
3396425 0 105
3397838 0 105
3399251 0 106
3400767 0 104
3402303 0 105
3403695 0 105
3405150 0 105
3406583 0 105
3408099 0 106
3409614 0 104
3411171 0 105
3412645 0 105
3414099 0 106
3415594 0 104
3417028 0 105
3418482 0 105
3419977 0 105
3421513 0 105
3422905 0 105
3424462 0 106
3426018 0 104
3427493 0 105
3429029 0 106
3430421 0 104
3431916 0 105
3433309 0 106
3434825 0 104
3436258 0 105
3437733 0 106
3439269 0 104
3440764 0 105
3442238 0 105
3443733 0 105
3445167 0 105
3446723 0 106
3448259 0 104
3449713 0 105
3451229 0 105
3452724 0 105
3454137 0 105
3455632 0 106
3457188 0 104
3458663 0 105
3460137 0 105
3461550 0 106
3462984 0 104
3464500 0 105
3465974 0 106
3467428 0 104
3468841 0 105
3470275 0 106
3471667 0 104
3473121 0 105
3474576 0 105
3475989 0 105
3477484 0 105
3478917 0 105
3480330 0 106
3481866 0 104
3483423 0 105
3484815 0 105
3486249 0 106
3487703 0 104
3489116 0 105
3490632 0 105
3492168 0 105
3493560 0 105
3494953 0 105
3496366 0 106
3497799 0 104
3499213 0 105
3500667 0 105
3502121 0 105
3503595 0 105
3505131 0 106
3506667 0 104
3508203 0 105
3509637 0 105
3511193 0 105
3512750 0 106
3514204 0 104
3515658 0 105
3517132 0 105
3518586 0 106
3520143 0 104
3521617 0 105
3523112 0 106
3524607 0 104
3526061 0 105
3527618 0 105
3529051 0 106
3530444 0 104
3531919 0 105
3533454 0 106
3534970 0 104
3536404 0 105
3537940 0 106
3539373 0 104
3540848 0 105
3542240 0 105
3543674 0 105
3545189 0 106
3546602 0 104
3548097 0 105
3549572 0 105
3551006 0 105
3552439 0 105
3553893 0 105
3555429 0 106
3556986 0 104
3558481 0 105
3559914 0 105
3561471 0 105
3562986 0 106
3564420 0 104
3565894 0 105
3567410 0 106
3568884 0 104
3570400 0 105
3571915 0 105
3573431 0 106
3574864 0 104
3576380 0 105
3577895 0 106
3579452 0 104
3580865 0 105
3582278 0 105
3583732 0 105
3585268 0 106
3586702 0 104
3588115 0 105
3589671 0 106
3591064 0 104
3592600 0 105
3594115 0 105
3595528 0 105
3597023 0 105
3598498 0 105
3599993 0 105
3601529 0 106
3602983 0 104
3604416 0 105
3605932 0 105
3607386 0 105
3608799 0 106
3610274 0 104
3611769 0 105
3613325 0 106
3614882 0 104
3616295 0 105
3617728 0 106
3619141 0 104
3620595 0 105
3622131 0 106
3623667 0 104
3625121 0 105
3626678 0 105
3628173 0 105
3629586 0 105
3630999 0 105
3632433 0 106
3633887 0 104
3635279 0 105
3636733 0 105
3638269 0 105
3639764 0 105
3641239 0 106
3642734 0 104
3644167 0 105
3645622 0 105
3647076 0 105
3648468 0 105
3649922 0 105
3651356 0 105
3652769 0 105
3654161 0 106
3655595 0 104
3657090 0 105
3658606 0 105
3660142 0 106
3661616 0 104
3663111 0 105
3664586 0 105
3665999 0 105
3667391 0 105
3668845 0 105
3670299 0 106
3671856 0 104
3673330 0 105
3674764 0 106
3676198 0 104
3677693 0 105
3679208 0 105
3680703 0 105
3682157 0 106
3683714 0 104
3685250 0 105
3686683 0 105
3688178 0 105
3689591 0 105
3691045 0 105
3692520 0 106
3693933 0 104
3695469 0 105
3696984 0 105
3698418 0 105
3699872 0 105
3701428 0 105
3702923 0 106
3704378 0 104
3705791 0 105
3707204 0 105
3708617 0 105
3710132 0 105
3711586 0 105
3713143 0 105
3714679 0 106
3716235 0 104
3717689 0 105
3719102 0 105
3720659 0 105
3722215 0 105
3723731 0 105
3725246 0 105
3726721 0 106
3728277 0 104
3729731 0 105
3731247 0 105
3732660 0 105
3734134 0 106
3735670 0 104
3737084 0 105
3738538 0 105
3739992 0 105
3741487 0 105
3743002 0 105
3744538 0 106
3746074 0 104
3747528 0 105
3749003 0 106
3750436 0 104
3751829 0 105
3753344 0 106
3754778 0 104
3756191 0 105
3757645 0 105
3759202 0 105
3760676 0 106
3762171 0 104
3763605 0 105
3765079 0 105
3766492 0 106
3768008 0 104
3769462 0 105
3771018 0 105
3772575 0 105
3773988 0 105
3775524 0 105
3776957 0 106
3778432 0 104
3779845 0 105
3781340 0 106
3782753 0 104
3784269 0 105
3785764 0 105
3787156 0 106
3788692 0 104
3790126 0 105
3791539 0 105
3792972 0 105
3794447 0 105
3795983 0 105
3797417 0 106
3798850 0 104
3800345 0 105
3801758 0 106
3803233 0 104
3804748 0 105
3806202 0 105
3807677 0 105
3809151 0 105
3810585 0 106
3812080 0 104
3813595 0 105
3815070 0 105
3816545 0 106
3818040 0 104
3819575 0 105
3821030 0 106
3822566 0 104
3823999 0 105
3825515 0 105
3826989 0 105
3828525 0 105
3830000 0 105
3831474 0 105
3832908 0 106
3834403 0 104
3835816 0 105
3837249 0 106
3838642 0 104
3840055 0 105
3841468 0 105
3842963 0 105
3844499 0 105
3845994 0 105
3847510 0 105
3848964 0 106
3850438 0 104
3851892 0 105
3853428 0 105
3854985 0 106
3856541 0 104
3858016 0 105
3859511 0 105
3860985 0 105
3862460 0 105
3863975 0 105
3865511 0 105
3866904 0 105
3868378 0 106
3869935 0 104
3871328 0 105
3872782 0 105
3874215 0 105
3875669 0 106
3877164 0 104
3878700 0 105
3880195 0 105
3881649 0 105
3883144 0 105
3884557 0 105
3886093 0 105
3887588 0 106
3889083 0 104
3890640 0 105
3892073 0 105
3893589 0 105
3894982 0 105
3896538 0 105
3897951 0 106
3899426 0 104
3900962 0 105
3902395 0 106
3903911 0 104
3905344 0 105
3906839 0 105
3908355 0 105
3909768 0 105
3911201 0 105
3912696 0 106
3914191 0 104
3915584 0 105
3917079 0 105
3918492 0 105
3920008 0 105
3921544 0 105
