965 0 14
2481 0 16
3976 0 22
5532 0 24
6986 0 20
8583 0 14
10119 0 34
11574 0 10
13007 0 21
14543 0 18
16120 0 36
17615 0 5
19049 0 19
20544 0 13
22018 0 18
23575 0 16
24947 0 29
26442 0 10
27957 0 13
29432 0 18
30988 0 18
32483 0 22
34060 0 13
35555 0 14
37091 0 22
38525 0 29
39917 0 2
41371 0 15
42887 0 36
44361 0 9
45815 0 20
47351 0 13
48785 0 20
50362 0 28
51898 0 3
53372 0 24
54786 0 17
56281 0 16
57796 0 21
59209 0 21
60684 0 28
62117 0 2
63612 0 21
65148 0 28
66643 0 1
68118 0 19
69572 0 14
71005 0 23
72439 0 19
73873 0 14
75368 0 15
76924 0 31
78460 0 1
79873 0 17
81368 0 14
82802 0 30
84235 0 6
85730 0 18
87164 0 21
88618 0 23
90133 0 16
91608 0 14
93103 0 17
94557 0 33
96032 0 5
97506 0 18
98940 0 19
100353 0 15
101889 0 13
103281 0 28
104735 0 1
106251 0 19
107725 0 25
109200 0 1
110715 0 23
112210 0 23
113767 0 20
115364 0 35
116777 0 8
118211 0 13
119624 0 16
120996 0 24
122389 0 16
123904 0 14
125440 0 23
126874 0 17
128348 0 32
129823 0 12
131277 0 24
132690 0 17
134185 0 22
135762 0 17
137298 0 34
138691 0 8
140268 0 17
141804 0 35
143278 0 8
144712 0 16
146104 0 22
147538 0 16
148992 0 24
150466 0 19
151900 0 13
153415 0 27
154890 0 7
156426 0 24
157880 0 16
159355 0 21
160850 0 14
162304 0 21
163778 0 22
165253 0 33
166809 0 2
168243 0 22
169799 0 21
171212 0 17
172666 0 23
174182 0 22
175759 0 19
177254 0 27
178749 0 1
180223 0 23
181739 0 24
183275 0 22
184729 0 20
186326 0 17
187862 0 16
189275 0 24
190791 0 34
192286 0 11
193801 0 17
195276 0 28
196771 0 12
198266 0 16
199740 0 27
201276 0 2
202710 0 21
204266 0 15
205782 0 31
207256 0 9
208772 0 19
210267 0 13
211742 0 19
213318 0 32
214752 0 1
216145 0 15
217681 0 19
219135 0 22
220650 0 20
222207 0 16
223661 0 13
225135 0 14
226528 0 25
228064 0 3
229456 0 23
230890 0 17
232365 0 22
233921 0 13
235395 0 25
236809 0 8
238406 0 19
239860 0 36
241355 0 8
242789 0 22
244263 0 16
245635 0 14
247110 0 13
248564 0 28
249997 0 3
251492 0 14
252885 0 29
254421 0 1
255834 0 13
257350 0 15
258865 0 19
260401 0 24
261794 0 32
263309 0 6
264804 0 15
266197 0 15
267651 0 19
269166 0 13
270580 0 18
272156 0 13
273651 0 14
275085 0 33
276621 0 2
278096 0 21
279611 0 27
281127 0 7
282540 0 24
283994 0 20
285550 0 23
287025 0 19
288540 0 29
289994 0 6
291469 0 14
292861 0 24
294295 0 36
295810 0 6
297244 0 22
298780 0 22
300234 0 19
301668 0 31
303122 0 2
304514 0 14
305948 0 22
307525 0 21
308958 0 17
310433 0 32
311969 0 1
313505 0 18
315082 0 25
316556 0 1
318072 0 17
319505 0 21
320918 0 13
322311 0 20
323786 0 26
325322 0 7
326776 0 15
328291 0 33
329786 0 2
331199 0 24
332694 0 19
334210 0 20
335705 0 31
337159 0 12
338674 0 23
340210 0 29
341726 0 5
343241 0 18
344716 0 15
346190 0 20
347726 0 23
349160 0 22
350716 0 15
352191 0 30
353604 0 1
355140 0 17
356594 0 23
358089 0 23
359645 0 18
361120 0 35
362615 0 9
364090 0 13
365626 0 30
366977 0 6
368513 0 24
370049 0 30
371503 0 6
373080 0 23
374534 0 22
375947 0 14
377401 0 19
378835 0 15
380309 0 32
381743 0 7
383218 0 13
384631 0 21
386126 0 26
387600 0 4
389136 0 14
390590 0 34
392044 0 12
393580 0 24
395075 0 33
396509 0 8
397983 0 22
399540 0 13
400973 0 23
402407 0 19
403902 0 14
405417 0 17
406953 0 36
408387 0 4
409821 0 23
411295 0 31
412790 0 6
414224 0 18
415719 0 31
417275 0 10
418852 0 21
420347 0 19
421904 0 24
423399 0 34
424812 0 4
426327 0 15
427761 0 17
429256 0 19
430751 0 15
432246 0 22
433700 0 28
435113 0 12
436628 0 13
438042 0 21
439496 0 13
440888 0 20
442404 0 24
443940 0 19
445517 0 36
447032 0 10
448548 0 23
450063 0 15
451599 0 20
453115 0 34
454569 0 4
456002 0 20
457477 0 35
458910 0 12
460426 0 13
461839 0 24
463293 0 19
464849 0 15
466303 0 33
467880 0 5
469396 0 19
470973 0 22
472406 0 14
473922 0 33
475458 0 2
476891 0 15
478427 0 22
479943 0 13
481458 0 21
482994 0 18
484407 0 30
485800 0 10
487336 0 21
488790 0 21
490244 0 25
491719 0 5
493152 0 23
494647 0 19
496183 0 22
497637 0 13
499050 0 29
500463 0 9
501938 0 14
503392 0 35
504867 0 5
506362 0 23
507754 0 31
509249 0 10
510806 0 20
512260 0 24
513714 0 30
515127 0 5
516601 0 24
518035 0 31
519571 0 5
521066 0 20
522582 0 13
523995 0 23
525490 0 21
527067 0 30
528459 0 6
529954 0 19
531388 0 34
532780 0 8
534316 0 23
535729 0 13
537265 0 23
538678 0 31
540153 0 6
541628 0 13
543020 0 36
544577 0 11
546113 0 16
547628 0 28
549144 0 6
550618 0 20
552093 0 16
553547 0 13
555062 0 16
556557 0 19
558093 0 20
559527 0 15
560919 0 30
562353 0 3
563827 0 20
565282 0 20
566715 0 32
568128 0 1
569562 0 13
571016 0 15
572511 0 28
574047 0 6
575603 0 13
577016 0 17
578552 0 23
580047 0 14
581542 0 17
582935 0 24
584430 0 22
585986 0 34
587522 0 12
588976 0 22
590512 0 32
591905 0 9
593359 0 18
594875 0 23
596431 0 14
597824 0 17
599257 0 28
600814 0 10
602370 0 19
603927 0 25
605360 0 7
606773 0 20
608309 0 29
609845 0 1
611279 0 14
612815 0 24
614330 0 20
615887 0 19
617464 0 25
618959 0 9
620372 0 19
621846 0 23
623321 0 28
624877 0 3
626352 0 17
627908 0 21
629342 0 20
630775 0 31
632352 0 3
633827 0 16
635322 0 23
636796 0 23
638332 0 14
639746 0 13
641220 0 35
642776 0 7
644292 0 24
645828 0 32
647323 0 3
648757 0 18
650211 0 23
651747 0 18
653180 0 17
654716 0 31
656129 0 2
657665 0 18
659078 0 17
660532 0 15
661966 0 19
663522 0 14
664956 0 14
666369 0 35
667782 0 6
669277 0 19
670772 0 19
672185 0 20
673701 0 19
675114 0 25
676629 0 10
678165 0 24
679558 0 24
681073 0 22
740011 0 6
741506 0 7
743001 0 9
744537 0 10
746032 0 1
747466 0 10
748879 0 12
750312 0 9
751766 0 2
753221 0 4
754654 0 19
756149 0 24
757665 0 30
759078 0 2
760491 0 16
761883 0 15
763440 0 20
765037 0 30
766532 0 12
767925 0 16
769420 0 22
770915 0 35
772430 0 8
774007 0 16
775502 0 20
777038 0 18
778472 0 35
779926 0 11
781319 0 16
782814 0 21
784309 0 19
785763 0 29
787176 0 4
788568 0 21
790063 0 18
791620 0 32
793074 0 3
794507 0 23
795921 0 15
797313 0 27
798726 0 6
800262 0 17
801696 0 14
803089 0 21
804502 0 36
806017 0 3
807553 0 19
809089 0 14
810523 0 18
811936 0 16
813451 0 34
814844 0 3
816236 0 15
817690 0 27
819104 0 7
820660 0 24
822155 0 32
823548 0 12
824981 0 16
826435 0 18
827848 0 18
829261 0 13
830695 0 22
832231 0 18
833747 0 33
835303 0 3
836818 0 13
838232 0 28
839686 0 8
841160 0 16
842594 0 17
844109 0 21
845625 0 22
847058 0 29
848430 0 2
849925 0 21
851379 0 28
852793 0 1
854185 0 19
855680 0 35
857093 0 12
858588 0 17
860083 0 24
861517 0 33
862971 0 11
864486 0 16
865900 0 15
867435 0 14
868951 0 18
870528 0 31
872023 0 4
873518 0 18
875033 0 15
876487 0 18
878064 0 21
879621 0 14
881075 0 19
882549 0 35
884065 0 9
885642 0 14
887116 0 23
888673 0 16
890086 0 14
891458 0 16
892994 0 21
894530 0 36
895964 0 5
897500 0 13
898954 0 21
900408 0 14
901903 0 31
903398 0 2
904811 0 19
906367 0 21
907903 0 16
909357 0 21
910811 0 19
912327 0 29
913719 0 10
915235 0 21
916689 0 29
918143 0 7
919597 0 20
921092 0 21
922587 0 16
924041 0 19
925495 0 19
926970 0 26
928362 0 9
929796 0 22
931230 0 24
932684 0 13
934138 0 22
935612 0 31
937148 0 12
938561 0 24
940015 0 24
941408 0 17
942883 0 36
944398 0 5
945913 0 15
947327 0 14
948801 0 24
950296 0 21
951771 0 15
953184 0 28
954699 0 10
956215 0 16
957751 0 24
959266 0 35
960700 0 2
962236 0 16
963751 0 14
965267 0 19
966782 0 17
968195 0 13
969731 0 22
971206 0 30
972598 0 6
974032 0 18
975588 0 22
977124 0 16
978579 0 21
980012 0 20
981589 0 35
983125 0 9
984579 0 15
986115 0 23
987590 0 25
989126 0 1
990559 0 18
992034 0 16
993406 0 23
994921 0 19
996416 0 14
997850 0 14
999304 0 31
1000819 0 5
1002355 0 24
1003871 0 34
1005345 0 9
1039649 0 101
1041082 0 101
1042516 0 101
1043990 0 101
1045506 0 101
1046919 0 101
1048312 0 101
1049704 0 101
1051138 0 101
1052633 0 101
1054169 0 102
1055705 0 102
1057097 0 102
1058592 0 102
1060006 0 103
1061582 0 101
1063119 0 102
1064613 0 103
1066129 0 101
1067603 0 102
1069160 0 103
1070696 0 101
1072109 0 102
1073543 0 103
1075017 0 101
1076430 0 102
1077905 0 103
1079400 0 101
1080854 0 102
1082369 0 102
1083844 0 102
1085339 0 103
1086793 0 101
1088226 0 102
1089783 0 103
1091237 0 101
1092630 0 102
1094125 0 103
1095579 0 101
1097115 0 102
1098610 0 102
1100105 0 102
1101600 0 103
1103156 0 101
1104549 0 102
1105962 0 102
1107395 0 103
1108809 0 101
1110345 0 102
1111799 0 102
1113191 0 102
1114645 0 102
1116058 0 102
1117553 0 103
1119028 0 101
1120564 0 102
1122100 0 103
1123554 0 101
1125090 0 102
1126605 0 102
1128141 0 103
1129677 0 101
1131131 0 102
1132544 0 102
1134019 0 102
1135534 0 102
1136968 0 102
1138443 0 103
1139917 0 101
1141474 0 102
1142907 0 103
1144464 0 101
1145979 0 102
1147495 0 102
1149010 0 102
1150505 0 103
1152062 0 101
1153598 0 102
1155072 0 102
1156526 0 102
1158062 0 102
1159455 0 102
1160847 0 103
1162301 0 101
1163714 0 102
1165189 0 102
1166664 0 102
1168199 0 102
1169695 0 103
1171230 0 101
1172705 0 102
1174159 0 103
1175634 0 101
1177108 0 102
1178501 0 102
1179975 0 102
1181450 0 102
1182965 0 102
1184460 0 102
1185935 0 102
1187368 0 103
1188925 0 101
1190420 0 102
1191935 0 103
1193451 0 101
1194966 0 102
1196523 0 102
1197997 0 102
1199410 0 102
1200865 0 103
1202400 0 101
1203936 0 102
1205350 0 102
1206763 0 102
1208299 0 102
1209691 0 102
1211227 0 103
1212804 0 101
1214279 0 102
1215815 0 102
1217248 0 102
1218764 0 102
1220238 0 102
1221713 0 102
1223249 0 103
1224764 0 101
1226239 0 102
1227652 0 103
1229167 0 101
1230683 0 102
1232198 0 103
1233693 0 101
1235147 0 102
1236581 0 103
1238097 0 101
1239592 0 102
1240984 0 103
1242438 0 101
1243974 0 102
1245510 0 102
1247067 0 103
1248603 0 101
1250016 0 102
1251408 0 102
1252924 0 102
1254316 0 102
1255709 0 103
1257245 0 101
1258679 0 102
1260133 0 102
1261546 0 103
1262959 0 101
1264495 0 102
1266031 0 102
1267567 0 103
1269021 0 101
1270536 0 102
1271949 0 102
1273362 0 103
1274898 0 101
1276332 0 102
1277745 0 102
1279281 0 103
1280838 0 101
1282292 0 102
1283807 0 102
1285302 0 103
1286859 0 101
1288333 0 102
1289726 0 102
1291139 0 102
1292552 0 102
1294108 0 103
1295644 0 101
1297057 0 102
1298491 0 103
1299904 0 101
1301338 0 102
1302874 0 103
1304307 0 101
1305761 0 102
1307297 0 103
1308710 0 101
1310185 0 102
1311639 0 102
1313093 0 102
1314527 0 102
1315960 0 102
1317496 0 103
1319032 0 101
1320425 0 102
1321961 0 102
1323353 0 103
1324910 0 101
1326446 0 102
1327982 0 103
1329436 0 101
1330910 0 102
1332385 0 102
1333921 0 103
1335416 0 101
1336890 0 102
1338324 0 102
1339778 0 102
1341171 0 102
1342666 0 103
1344079 0 101
1345553 0 102
1347110 0 102
1348646 0 102
1350059 0 102
1351513 0 103
1352926 0 101
1354359 0 102
1355793 0 102
1357308 0 102
1358804 0 102
1360319 0 103
1361834 0 101
1363330 0 102
1364722 0 102
1366156 0 102
1367548 0 102
1369023 0 102
1370538 0 102
1371992 0 103
1373446 0 101
1374901 0 102
1376396 0 102
1377891 0 103
1379386 0 101
1380922 0 102
1382355 0 103
1383850 0 101
1385366 0 102
1386758 0 102
1388212 0 102
1389646 0 102
1391038 0 102
1392452 0 103
1393906 0 101
1395319 0 102
1396711 0 102
1398145 0 102
1399558 0 103
1400992 0 101
1402466 0 102
1403920 0 102
1405395 0 102
1406808 0 103
1408221 0 101
1409634 0 102
1411170 0 102
1412645 0 103
1414078 0 101
1415491 0 102
1416966 0 102
1418461 0 102
1419976 0 102
1421451 0 102
1422905 0 102
1424420 0 103
1425854 0 101
1427349 0 102
1428864 0 102
1430277 0 102
1431691 0 103
1433165 0 101
1434619 0 102
1436032 0 102
1437466 0 102
1438858 0 102
1440292 0 102
1441787 0 102
1443241 0 102
1444798 0 103
1446231 0 101
1447665 0 102
1449057 0 103
1450491 0 101
1451986 0 102
1453399 0 102
1454792 0 103
1456225 0 101
1457638 0 102
1459113 0 102
1460567 0 102
1462082 0 102
1463516 0 102
1465031 0 103
1466465 0 101
1467940 0 102
1469332 0 102
1470786 0 103
1472220 0 101
1473756 0 102
1475230 0 102
1476725 0 102
1478179 0 102
1479572 0 103
1481067 0 101
1482521 0 102
1484016 0 103
1485573 0 101
1487047 0 102
1488542 0 102
1490037 0 103
1491553 0 101
1492986 0 102
1494461 0 103
1495956 0 101
1497410 0 102
1498823 0 102
1500318 0 103
1501792 0 101
1503226 0 102
1504741 0 102
1506155 0 102
1507691 0 103
1509186 0 101
1510701 0 102
1512135 0 102
1513650 0 102
1515125 0 102
1516599 0 102
1518053 0 102
1519589 0 102
1521002 0 103
1522497 0 101
1523972 0 102
1525467 0 103
1527044 0 101
1528600 0 102
1530136 0 103
1531652 0 101
1533065 0 102
1534498 0 102
1536034 0 102
1537550 0 103
1539106 0 101
1540499 0 102
1541932 0 102
1543489 0 102
1544984 0 102
1546520 0 102
1548056 0 102
1549592 0 103
1551087 0 101
1552500 0 102
1554016 0 102
1555510 0 103
1556924 0 101
1558439 0 102
1559832 0 102
1561327 0 102
1562801 0 102
1564194 0 103
1565709 0 101
1567225 0 102
1568658 0 103
1570194 0 101
1571730 0 102
1573184 0 102
1574679 0 103
1576133 0 101
1577526 0 102
1578919 0 103
1580393 0 101
1581868 0 102
1583363 0 103
1584919 0 101
1586312 0 102
1587745 0 102
1589240 0 102
1590654 0 102
1592149 0 103
1593582 0 101
1594995 0 102
1596388 0 102
1597842 0 102
1599357 0 102
1600893 0 102
1602409 0 102
1603924 0 103
1605419 0 101
1606914 0 102
1608327 0 102
1609863 0 102
1611317 0 103
1612751 0 101
1614287 0 102
1615762 0 102
1617195 0 103
1618731 0 101
1620267 0 102
1621803 0 103
1623278 0 101
1624732 0 102
1626288 0 102
1627824 0 103
1629381 0 101
1630855 0 102
1632412 0 102
1633968 0 103
1635422 0 101
1636958 0 102
1638433 0 103
1639866 0 101
1641341 0 102
1642815 0 102
1644310 0 102
1645867 0 102
1647341 0 103
1648836 0 101
1650372 0 102
1651826 0 102
1653321 0 102
1654837 0 102
1656229 0 102
1657704 0 102
1659219 0 103
1660694 0 101
1662087 0 102
1663582 0 102
1664995 0 103
1666408 0 101
1667923 0 102
1669357 0 102
1670790 0 102
1672326 0 102
1673801 0 102
1675275 0 103
1676750 0 101
1678224 0 102
1679740 0 102
1681276 0 102
1682689 0 102
1684225 0 103
1685761 0 101
1687277 0 102
1688792 0 102
1690205 0 102
1691700 0 103
1693236 0 101
1694772 0 102
1696267 0 102
1697762 0 102
1699216 0 102
1700711 0 103
1702288 0 101
1703701 0 102
1705155 0 102
1706671 0 102
1708166 0 102
1709640 0 102
1711156 0 103
1712712 0 101
1714166 0 102
1715661 0 102
1717115 0 102
1718590 0 102
1720064 0 102
1721498 0 102
1722932 0 103
1724386 0 101
1725778 0 102
1727335 0 102
1728748 0 103
1730284 0 101
1731676 0 102
1733151 0 102
1734605 0 102
1736120 0 103
1737656 0 101
1739131 0 102
1740585 0 102
1742080 0 102
1743596 0 102
1745009 0 103
1746463 0 101
1747999 0 102
1749473 0 102
1750948 0 102
1752422 0 102
1753815 0 102
1755351 0 102
1756866 0 103
1758402 0 101
1759938 0 102
1761433 0 102
1762867 0 102
1764382 0 102
1765775 0 102
1767188 0 103
1768683 0 101
1770178 0 102
1771673 0 102
1773086 0 102
1774520 0 102
1776056 0 103
1777592 0 101
1778984 0 102
1780377 0 102
1781851 0 102
1783346 0 102
1784739 0 103
1786152 0 101
1787647 0 102
1789101 0 102
1790494 0 102
1791989 0 102
1793443 0 102
1794938 0 103
1796351 0 101
1797744 0 102
1799157 0 102
1800611 0 102
1802126 0 103
1803703 0 101
1805116 0 102
1806652 0 102
1808168 0 102
1809683 0 102
1811178 0 102
1812653 0 103
1814127 0 101
1815663 0 102
1817138 0 102
1818653 0 103
1820148 0 101
1821602 0 102
1823016 0 103
1824531 0 101
1825924 0 102
1827419 0 102
1828852 0 102
1830327 0 102
1831719 0 103
1833214 0 101
1834709 0 102
1836164 0 102
1837577 0 102
1838969 0 103
1840444 0 101
1841959 0 102
1843352 0 103
1844908 0 101
1846383 0 102
1847898 0 103
1849311 0 101
1850847 0 102
1852260 0 102
1853817 0 102
1855251 0 102
1856766 0 102
1858302 0 102
1859715 0 103
1861149 0 101
1862562 0 102
1864098 0 102
1865634 0 102
1867088 0 102
1868583 0 102
1870119 0 102
1871552 0 103
1873068 0 101
1874604 0 102
1876058 0 102
1877553 0 102
1879027 0 102
1880543 0 103
1882079 0 101
1883594 0 102
1884987 0 102
1886421 0 102
1887977 0 102
1889431 0 103
1890987 0 101
1892401 0 102
1893896 0 102
1895432 0 102
1896927 0 102
1898422 0 102
1899855 0 102
1901289 0 102
1902743 0 103
1904176 0 101
1905630 0 102
1907125 0 103
1908661 0 101
1910177 0 102
1911590 0 103
1913105 0 101
1914560 0 102
1915973 0 103
1917427 0 101
1918901 0 102
1920417 0 102
1921891 0 102
1923345 0 102
1924779 0 102
1926253 0 102
1927687 0 103
1929223 0 101
1930718 0 102
1932111 0 102
1933544 0 102
1934998 0 103
1936432 0 101
1937824 0 102
1964499 0 37
1966015 0 37
1967530 0 40
1969005 0 38
1970397 0 39
1971913 0 47
1973469 0 43
1974985 0 43
1976562 0 47
1977995 0 43
1979408 0 51
1980903 0 60
1982460 0 66
1983955 0 42
1985368 0 54
1986904 0 54
1988419 0 49
1989976 0 60
1991430 0 59
1992966 0 51
1994461 0 71
1995976 0 37
1997512 0 52
1999069 0 62
2000462 0 43
2001997 0 54
2003472 0 65
2004947 0 41
2006421 0 55
2007896 0 62
2009350 0 43
2010845 0 49
2012258 0 56
2013794 0 60
2015289 0 57
2016866 0 60
2018422 0 65
2019876 0 37
2021392 0 49
2022928 0 55
2024361 0 50
2025918 0 60
2027392 0 57
2028867 0 66
2030403 0 46
2031939 0 56
2033413 0 65
2034929 0 46
2036444 0 57
2038021 0 49
2039496 0 50
2040950 0 50
2042363 0 50
2043899 0 49
2045332 0 61
2046889 0 45
2048384 0 58
2049920 0 67
2051374 0 42
2052808 0 55
2054221 0 60
2055654 0 50
2057108 0 71
2058583 0 45
2060119 0 54
2061532 0 52
2063088 0 54
2064522 0 56
2065996 0 53
2067491 0 49
2069048 0 72
2070461 0 41
2071935 0 58
2073410 0 59
2074966 0 69
2076482 0 41
2077936 0 60
2079492 0 50
2080987 0 54
2082503 0 55
2084018 0 51
2085575 0 62
2087111 0 38
2088626 0 51
2090101 0 70
2091555 0 47
2092989 0 51
2094443 0 59
2095897 0 53
2097412 0 49
2098866 0 57
2100341 0 63
2101897 0 40
2103372 0 55
2104846 0 58
2106382 0 50
2107939 0 49
2109372 0 63
2110908 0 40
2112321 0 51
2113755 0 59
2115188 0 56
2116745 0 54
2118301 0 51
2119776 0 49
2121189 0 62
2122623 0 44
2124056 0 49
2125613 0 51
2127108 0 56
2128644 0 53
2130200 0 66
2131695 0 44
2133129 0 51
2134542 0 60
2135955 0 66
2137409 0 46
2138904 0 59
2140358 0 60
2141812 0 52
2143287 0 53
2144700 0 70
2146154 0 46
2147731 0 49
2149205 0 67
2150700 0 44
2152175 0 49
2153732 0 59
2155206 0 67
2156721 0 45
2158257 0 56
2159752 0 49
2161186 0 55
2162599 0 59
2164032 0 59
2165527 0 50
2167063 0 49
2168558 0 65
2170074 0 43
2171630 0 56
2173146 0 61
2174600 0 43
2176136 0 53
2177569 0 53
2179064 0 53
2180621 0 56
2182157 0 49
2183652 0 55
2185229 0 54
2186621 0 63
2188076 0 48
2189509 0 60
2190943 0 56
2192417 0 59
2193830 0 58
2195407 0 69
2196984 0 48
2198541 0 50
2199974 0 69
2201510 0 47
2203046 0 54
2204439 0 49
2205934 0 58
2207470 0 59
2208924 0 50
2210357 0 50
2211811 0 55
2213327 0 63
2214801 0 40
2216276 0 50
2217730 0 51
2219164 0 68
2220659 0 45
2222154 0 53
2223649 0 64
2225103 0 38
2226639 0 50
2228113 0 67
2229526 0 41
2231021 0 56
2232434 0 53
2233950 0 49
2235404 0 59
2236817 0 50
2238271 0 70
2239787 0 42
2241343 0 52
2242777 0 71
2244190 0 43
2245726 0 54
2247139 0 71
2248531 0 43
2250088 0 51
2251603 0 53
2253057 0 60
2254593 0 57
2256150 0 52
2257583 0 49
2259119 0 62
2260594 0 37
2261987 0 58
2263523 0 72
2264956 0 43
2266513 0 52
2267967 0 54
2269380 0 57
2270813 0 62
2272247 0 46
2273721 0 56
2275134 0 67
2276609 0 44
2278063 0 57
2279640 0 53
2281135 0 56
2282691 0 56
2284146 0 70
2285518 0 43
2287033 0 55
2288528 0 60
2290003 0 64
2291559 0 37
2293034 0 60
2294426 0 52
2295860 0 64
2297293 0 42
2298727 0 60
2300243 0 71
2301738 0 48
2303151 0 60
2304625 0 60
2306120 0 67
2307677 0 45
2309233 0 51
2310769 0 68
2312305 0 39
2313861 0 50
2315316 0 64
2316770 0 37
2318183 0 57
2319698 0 71
2321091 0 47
2322565 0 57
2323978 0 54
2325473 0 50
2326927 0 52
2328361 0 49
2329856 0 68
2331269 0 44
2332764 0 50
2334300 0 59
2335816 0 52
2337311 0 57
2338826 0 50
2340321 0 55
2341857 0 66
2343291 0 48
2344827 0 60
2346301 0 58
2347735 0 54
2349189 0 50
2350684 0 54
2352117 0 59
2353674 0 69
2355128 0 41
2356623 0 50
2358036 0 65
2359552 0 38
2361067 0 52
2362521 0 60
2364057 0 57
2365552 0 70
2366924 0 48
2368460 0 60
2369914 0 56
2371430 0 55
2372884 0 57
2374440 0 54
2375997 0 69
2377410 0 47
2378823 0 49
2380236 0 49
2381751 0 52
2383267 0 59
2384782 0 68
2386339 0 48
2387875 0 59
2389390 0 54
2390926 0 72
2392319 0 39
2393773 0 58
2395330 0 60
2396825 0 61
2398381 0 48
2399815 0 59
2401269 0 53
2402764 0 54
2404320 0 69
2405754 0 48
2407208 0 57
2408744 0 54
2410259 0 57
2411754 0 49
2413290 0 52
2414806 0 52
2416239 0 70
2417693 0 45
2419229 0 56
2420786 0 59
2422199 0 57
2423714 0 59
2425168 0 67
2426684 0 42
2428097 0 54
2429633 0 68
2431169 0 43
2432602 0 49
2434036 0 65
2435490 0 42
2436965 0 50
2438501 0 56
2439914 0 62
2441429 0 44
2442904 0 49
2444358 0 63
2445873 0 46
2447430 0 53
2448986 0 51
2450543 0 50
2451956 0 67
2453512 0 38
2455048 0 60
2456461 0 56
2458018 0 53
2459472 0 60
2461008 0 51
2462503 0 51
2463936 0 66
2465349 0 39
2466865 0 60
2468339 0 49
2469855 0 56
2471411 0 70
2472865 0 40
2474360 0 57
2475835 0 60
2477391 0 67
2478845 0 41
2480361 0 57
2481795 0 57
2483269 0 60
2484744 0 69
2486259 0 37
2487775 0 59
2489249 0 61
2490765 0 38
2492301 0 50
2493734 0 67
2495229 0 40
2496663 0 56
2498178 0 54
2499653 0 56
2501148 0 55
2502663 0 71
2504097 0 39
2505490 0 52
2507025 0 54
2508541 0 49
2510016 0 49
2511470 0 59
2513006 0 58
2514480 0 64
2515996 0 44
2517450 0 55
2518924 0 61
2520378 0 37
2521894 0 60
2523430 0 58
2524863 0 59
2526338 0 63
2527812 0 48
2529205 0 51
2530679 0 68
2532236 0 47
2533649 0 55
2535103 0 65
2536660 0 45
2538175 0 52
2539629 0 50
2541124 0 53
2542599 0 56
2544012 0 56
2545527 0 66
2547022 0 37
2548538 0 54
2550012 0 49
2551446 0 51
2552859 0 54
2554354 0 62
2555767 0 38
2557242 0 53
2558737 0 67
2560273 0 37
2561727 0 55
2563263 0 50
2564717 0 56
2566130 0 57
2567707 0 60
2569243 0 64
2570738 0 39
2572171 0 60
2573605 0 57
2575182 0 52
2576677 0 50
2578213 0 65
2579749 0 48
2581264 0 53
2582821 0 67
2584234 0 39
2585729 0 50
2587265 0 65
2588698 0 45
2590132 0 49
2591586 0 71
2593081 0 41
2594576 0 52
2596132 0 49
2597689 0 50
2599081 0 52
2600638 0 53
2602133 0 51
2603648 0 57
2605184 0 68
2606638 0 44
2608195 0 58
2609711 0 50
2611123 0 62
2612598 0 38
2614114 0 53
2615527 0 61
2616940 0 38
2618476 0 56
2619889 0 71
2621322 0 37
2622838 0 49
2624292 0 49
2625705 0 59
2627261 0 53
2628797 0 54
2630251 0 58
2631828 0 67
2633364 0 48
2634798 0 59
2636232 0 67
2637686 0 44
2639160 0 52
2640594 0 54
2641986 0 63
2643481 0 37
2644976 0 49
2646430 0 57
2647884 0 50
2649339 0 55
2650915 0 52
2652329 0 72
2653721 0 40
2655278 0 60
2656691 0 64
2658227 0 37
2659660 0 52
2661094 0 63
2662630 0 40
2664145 0 58
2665661 0 57
2667197 0 58
2668733 0 60
2670187 0 72
2671579 0 42
2672992 0 49
2674426 0 51
2675921 0 68
2677334 0 37
2678747 0 57
2680181 0 60
2681594 0 55
2683068 0 62
2684564 0 39
2686120 0 60
2687635 0 69
2689192 0 45
2690666 0 54
2692202 0 49
2693677 0 58
2695192 0 50
2696606 0 51
2698039 0 66
2699473 0 43
2700927 0 54
2702442 0 58
2703876 0 60
2705268 0 55
2706722 0 54
2708177 0 57
2709692 0 49
2711126 0 71
2712559 0 41
2714116 0 50
2715529 0 53
2716962 0 54
2718457 0 51
2719870 0 59
2721365 0 63
2722901 0 47
2724478 0 57
2726035 0 66
2727448 0 47
2729004 0 57
2730581 0 59
2732056 0 52
2733530 0 53
2735025 0 58
2736541 0 60
2737954 0 71
2739367 0 43
2740801 0 54
2742255 0 53
2743811 0 50
2745347 0 54
2746863 0 72
2748276 0 48
2749832 0 58
2751286 0 55
2752822 0 57
2754379 0 63
2755874 0 40
2757389 0 51
2758905 0 60
2760318 0 68
2761772 0 46
2763328 0 55
2764905 0 64
2766359 0 47
2767813 0 54
2769226 0 71
2770721 0 47
2772134 0 60
2773670 0 51
2775145 0 50
2776558 0 54
2778033 0 51
2779446 0 59
2780879 0 59
2782415 0 72
2783808 0 41
2785241 0 59
2786655 0 54
2788129 0 50
2789686 0 57
2791242 0 61
2792737 0 47
2794293 0 51
2795829 0 72
2797345 0 48
2798819 0 57
2800396 0 50
2801932 0 52
2803489 0 50
2804984 0 62
2806520 0 42
2807974 0 57
2809510 0 55
2811025 0 59
2812459 0 50
2813954 0 49
2815387 0 51
2816862 0 61
2818316 0 39
2819832 0 50
2821347 0 55
2822801 0 49
2824296 0 54
2825771 0 53
2827327 0 67
2828781 0 44
2830235 0 55
2831648 0 59
2833082 0 58
2834597 0 67
2836113 0 37
2837546 0 58
2839062 0 67
2840577 0 43
2841990 0 50
2843547 0 70
2845042 0 45
2846496 0 51
2847930 0 63
2849363 0 43
2850797 0 54
2852292 0 49
2853705 0 53
2855220 0 63
2856674 0 43
2858251 0 51
2859726 0 58
2861241 0 57
2862798 0 50
2864375 0 49
2865808 0 67
2867324 0 46
2868819 0 56
2902293 0 104
2903788 0 104
2905201 0 104
2906655 0 104
2908212 0 104
2909686 0 104
2911120 0 104
2912594 0 104
2914110 0 104
2915543 0 104
2916956 0 105
2918410 0 105
2919905 0 105
2921441 0 105
2922936 0 106
2924411 0 104
2925886 0 105
2927299 0 105
2928773 0 105
2930330 0 105
2931784 0 106
2933238 0 104
2934671 0 105
2936166 0 106
2937600 0 104
2939115 0 105
2940549 0 105
2942023 0 105
2943539 0 105
2945054 0 105
2946509 0 106
2947963 0 104
2949478 0 105
2950973 0 105
2952407 0 105
2953902 0 105
2955356 0 106
2956892 0 104
2958407 0 105
2959820 0 106
2961274 0 104
2962810 0 105
2964285 0 105
2965698 0 105
2967193 0 105
2968627 0 105
2970122 0 106
2971637 0 104
2973050 0 105
2974586 0 106
2976143 0 104
2977658 0 105
2979092 0 105
2980546 0 106
2982041 0 104
2983454 0 105
2984867 0 106
2986280 0 104
2987734 0 105
2989188 0 105
2990601 0 105
2992014 0 105
2993489 0 105
2995025 0 106
2996520 0 104
2998056 0 105
2999469 0 105
3000964 0 106
3002479 0 104
3003995 0 105
3005551 0 105
3006964 0 105
3008439 0 105
3009954 0 105
3011511 0 106
3013067 0 104
3014562 0 105
3015975 0 105
3017450 0 106
3018904 0 104
3020399 0 105
3021956 0 105
3023451 0 106
3024946 0 104
3026420 0 105
3027854 0 105
3029390 0 105
3030782 0 105
3032236 0 105
3033690 0 105
3035144 0 106
3036639 0 104
3038073 0 105
3039527 0 105
3041022 0 106
3042476 0 104
3043951 0 105
3045466 0 105
3047002 0 106
3048436 0 104
3049951 0 105
3051364 0 106
3052798 0 104
3054211 0 105
3055685 0 105
3057160 0 106
3058655 0 104
3060068 0 105
3061584 0 105
3063017 0 105
3064553 0 105
3066110 0 105
3067543 0 106
3069038 0 104
3070554 0 105
3072008 0 105
3073421 0 105
3074854 0 105
3076247 0 106
3077722 0 104
3079237 0 105
3080753 0 105
3082227 0 105
3083722 0 105
3085156 0 106
3086671 0 104
3088228 0 105
3089764 0 105
3091259 0 105
3092774 0 106
3094310 0 104
3095805 0 105
3097239 0 105
3098672 0 105
3100188 0 105
3101580 0 105
3103034 0 106
3104550 0 104
3106106 0 105
3107540 0 106
3109055 0 104
3110530 0 105
3112066 0 105
3113561 0 105
3115035 0 105
3116469 0 105
3117985 0 105
3119398 0 106
3120831 0 104
3122306 0 105
3123719 0 105
3125255 0 105
3126729 0 106
3128183 0 104
3129740 0 105
3131276 0 105
3132750 0 105
3134225 0 106
3135740 0 104
3137194 0 105
3138587 0 106
3140041 0 104
3141598 0 105
3143052 0 105
3144506 0 105
3145919 0 105
3147475 0 105
3149032 0 105
3150445 0 106
3151899 0 104
3153394 0 105
3154827 0 106
3156384 0 104
3157858 0 105
3159333 0 105
3160828 0 105
3162384 0 105
3163941 0 106
3165477 0 104
3166890 0 105
3168324 0 105
3169798 0 105
3171355 0 105
3172747 0 105
3174160 0 105
3175655 0 105
3177130 0 106
3178584 0 104
3180058 0 105
3181533 0 106
3183028 0 104
3184543 0 105
3186038 0 105
3187431 0 105
3188926 0 105
3190401 0 105
3191793 0 106
3193227 0 104
3194660 0 105
3196073 0 105
3197466 0 105
3198941 0 105
3200395 0 106
3201910 0 104
3203364 0 105
3204777 0 105
3206231 0 106
3207788 0 104
3209324 0 105
3210860 0 105
3212355 0 105
3213809 0 106
3215283 0 104
3216799 0 105
3218253 0 105
3219727 0 105
3221182 0 105
3222676 0 105
3224212 0 106
3225626 0 104
3227100 0 105
3228657 0 105
3230111 0 105
3231503 0 105
3232957 0 106
3234411 0 104
3235804 0 105
3237238 0 106
3238671 0 104
3240125 0 105
3241559 0 105
3243033 0 105
3244549 0 106
3246044 0 104
3247559 0 105
3249013 0 106
3250570 0 104
3252024 0 105
3253478 0 105
3254973 0 105
3256427 0 105
3257861 0 105
3259376 0 105
3260810 0 106
3262346 0 104
3263779 0 105
3265274 0 106
3266769 0 104
3268182 0 105
3269595 0 105
3271070 0 105
3272606 0 105
3274162 0 105
3275698 0 106
3277214 0 104
3278750 0 105
3280204 0 105
3281740 0 106
3283153 0 104
3284668 0 105
3286081 0 106
3287474 0 104
3288928 0 105
3290362 0 106
3291877 0 104
3293413 0 105
3294847 0 106
3296342 0 104
3297755 0 105
3299291 0 105
3300847 0 106
3302301 0 104
3303755 0 105
3305271 0 105
3306725 0 105
3308199 0 105
3309715 0 105
3311128 0 105
3312623 0 105
3314077 0 106
3315572 0 104
3317067 0 105
3318583 0 105
3320078 0 106
3321593 0 104
3323109 0 105
3324604 0 105
3326140 0 106
3327676 0 104
3329089 0 105
3330584 0 105
3331976 0 106
3333389 0 104
3334864 0 105
3336338 0 105
3337772 0 105
3339206 0 105
3340721 0 106
3342134 0 104
3343609 0 105
3345001 0 106
3346558 0 104
3347971 0 105
3349425 0 105
3350859 0 106
3352333 0 104
3353767 0 105
3355262 0 106
3356716 0 104
3358190 0 105
3359747 0 105
3361139 0 105
3362532 0 106
3363986 0 104
3365481 0 105
3366956 0 105
3368430 0 105
3369843 0 105
3371318 0 105
3372731 0 106
3374205 0 104
3375700 0 105
3377134 0 106
3378588 0 104
3380001 0 105
3381517 0 105
3382950 0 106
3384466 0 104
3385961 0 105
3387374 0 105
3388910 0 106
3390384 0 104
3391838 0 105
3393354 0 106
3394767 0 104
3396160 0 105
3397614 0 106
3399129 0 104
3400645 0 105
3402078 0 105
3403635 0 105
3405150 0 105
3406584 0 106
3408017 0 104
3409471 0 105
3411007 0 105
3412420 0 105
3413956 0 105
3415369 0 105
3416823 0 105
3418216 0 105
3419691 0 106
3421186 0 104
3422640 0 105
3424032 0 105
3425527 0 105
3427002 0 106
3428497 0 104
3429930 0 105
3431364 0 105
3432900 0 105
3434436 0 105
3435911 0 106
3437426 0 104
3438860 0 105
3440375 0 106
3441788 0 104
3443283 0 105
3444778 0 105
3446253 0 105
3447748 0 106
3449304 0 104
3450779 0 105
3452192 0 105
3453707 0 105
3455141 0 105
3456677 0 106
3458192 0 104
3459626 0 105
3461141 0 105
3462698 0 105
3464193 0 105
3465586 0 105
3467142 0 105
3468576 0 106
3470091 0 104
3471504 0 105
3472999 0 105
3474412 0 105
3475866 0 105
3477402 0 105
3478815 0 106
3480269 0 104
3481785 0 105
3483321 0 105
3484754 0 105
3486290 0 105
3487847 0 106
3489342 0 104
3490755 0 105
3492189 0 105
3493602 0 105
3495035 0 106
3496530 0 104
3497943 0 105
3499397 0 106
3500954 0 104
3502387 0 105
3503821 0 105
3505357 0 105
3506791 0 105
3508265 0 106
3509801 0 104
3511358 0 105
3512812 0 106
3514327 0 104
3515884 0 105
3517358 0 106
3518874 0 104
3520287 0 105
3521782 0 106
3523174 0 104
3524587 0 105
3526041 0 105
3527577 0 106
3529093 0 104
3530608 0 105
3532083 0 106
3533619 0 104
3535134 0 105
3536670 0 105
3538186 0 105
3539619 0 105
3541135 0 105
3542609 0 105
3544145 0 106
3545599 0 104
3547115 0 105
3548508 0 105
3549941 0 106
3551354 0 104
3552911 0 105
3554426 0 105
3555983 0 105
3557457 0 106
3558973 0 104
3560406 0 105
3561901 0 105
3563355 0 105
3564789 0 105
3566284 0 106
3567717 0 104
3569172 0 105
3570707 0 105
3572100 0 105
3573575 0 105
3575008 0 105
3576483 0 106
3577978 0 104
3579391 0 105
3580947 0 105
3582442 0 106
3583835 0 104
3585351 0 105
3586784 0 105
3588320 0 106
3589733 0 104
3591228 0 105
3592764 0 105
3594218 0 105
3595631 0 105
3597147 0 105
3598642 0 106
3600055 0 104
3601488 0 105
3602922 0 105
3604335 0 105
3605769 0 105
3607223 0 105
3608759 0 105
3610254 0 105
3611749 0 106
3613223 0 104
3614718 0 105
3616234 0 105
3617708 0 105
3619142 0 105
3620637 0 106
3622152 0 104
3623565 0 105
3625020 0 105
3626556 0 105
3628091 0 105
3629505 0 105
3630938 0 106
3632474 0 104
3633887 0 105
3635300 0 105
3636775 0 105
3638290 0 105
3639765 0 105
3641198 0 106
3642734 0 104
3644188 0 105
3645704 0 105
3647158 0 105
3648633 0 105
3650189 0 105
3651705 0 105
3653159 0 106
3654695 0 104
3656128 0 105
3657562 0 105
3658995 0 105
3660490 0 105
3661944 0 106
3663398 0 104
3664893 0 105
3666409 0 105
3667842 0 105
3669276 0 106
3670792 0 104
3672184 0 105
3673741 0 106
3675297 0 104
3676853 0 105
3678328 0 105
3679864 0 105
3681339 0 106
3682772 0 104
3684247 0 105
3685680 0 105
3687073 0 106
3688568 0 104
3690124 0 105
3691619 0 106
3693094 0 104
3694527 0 105
3696022 0 105
3697517 0 105
3699053 0 105
3700508 0 105
3702023 0 105
3703538 0 106
3705033 0 104
3706549 0 105
3708064 0 106
3709560 0 104
3711054 0 105
3712550 0 106
3714106 0 104
3715642 0 105
3717096 0 105
3718550 0 105
3720086 0 105
3721642 0 105
3723178 0 106
3724612 0 104
3726066 0 105
3727479 0 106
3729036 0 104
3730531 0 105
3731944 0 105
3733336 0 105
3734852 0 105
3736367 0 105
3737801 0 106
3739296 0 104
3740709 0 105
3742122 0 105
3743556 0 105
3745010 0 106
3746423 0 104
3747897 0 105
3749413 0 106
3750928 0 104
3752485 0 105
3753980 0 106
3755516 0 104
3757052 0 105
3758526 0 105
3760062 0 105
3761578 0 106
3763093 0 104
3764527 0 105
3766063 0 106
3767517 0 104
3769032 0 105
3770486 0 105
3771879 0 105
3773395 0 105
3774808 0 106
3776221 0 104
3777634 0 105
3779129 0 105
3780542 0 105
3782057 0 105
3783552 0 106
3785006 0 104
3786461 0 105
3787894 0 105
3789287 0 106
3790720 0 104
3792154 0 105
3793690 0 106
3795226 0 104
3796700 0 105
3798236 0 106
3799793 0 104
3801206 0 105
