71164 0 1
72680 0 3
74216 0 3
75629 0 1
77144 0 2
78619 0 9
80114 0 4
81629 0 8
83083 0 4
84496 0 2
85991 0 17
87527 0 16
89043 0 14
90497 0 24
91951 0 20
93426 0 31
94961 0 11
96497 0 23
98033 0 29
99528 0 6
100962 0 22
102437 0 20
103993 0 30
105365 0 1
106922 0 18
108376 0 32
109768 0 4
111202 0 17
112615 0 15
114151 0 13
115666 0 29
117141 0 10
118595 0 18
120049 0 24
121524 0 16
122896 0 27
124350 0 7
125804 0 23
127319 0 21
128855 0 13
130248 0 13
131784 0 33
133217 0 8
134774 0 15
136207 0 14
137641 0 22
139177 0 21
140672 0 14
142085 0 22
143621 0 25
145034 0 2
146509 0 20
148106 0 20
149663 0 18
151199 0 27
152591 0 7
154086 0 14
155561 0 20
157076 0 24
158530 0 19
159943 0 32
161356 0 2
162892 0 22
164428 0 17
165964 0 35
167418 0 10
168975 0 15
170511 0 24
171924 0 24
173358 0 13
174750 0 21
176184 0 13
177576 0 15
179010 0 25
180566 0 10
182041 0 21
183536 0 14
185010 0 17
186403 0 19
187919 0 20
189414 0 25
190827 0 12
192240 0 18
193735 0 16
195107 0 15
196561 0 16
198076 0 18
199571 0 26
201005 0 7
202561 0 18
204118 0 19
205633 0 22
207067 0 25
208562 0 11
210077 0 22
211511 0 21
213006 0 26
214501 0 5
215955 0 22
217389 0 28
218822 0 3
220276 0 19
221812 0 34
223225 0 10
224782 0 16
226215 0 21
227690 0 20
229246 0 17
230782 0 20
232318 0 18
233875 0 22
235370 0 25
236824 0 4
238298 0 21
239814 0 22
241329 0 22
242783 0 22
244217 0 21
245671 0 32
247146 0 5
248600 0 22
250177 0 13
251692 0 13
253167 0 31
254621 0 11
256075 0 16
257508 0 18
259085 0 21
260539 0 13
261952 0 15
263509 0 36
265024 0 4
266478 0 19
267953 0 35
269346 0 5
270800 0 21
272356 0 18
273933 0 17
275469 0 19
276923 0 23
278357 0 25
279852 0 7
281285 0 22
282780 0 15
284296 0 24
285791 0 32
287204 0 7
288719 0 20
290194 0 35
291586 0 11
293061 0 18
294597 0 18
296071 0 22
297505 0 25
299000 0 6
300556 0 23
301970 0 35
303383 0 7
304796 0 22
306270 0 21
307745 0 13
309240 0 14
310776 0 36
312291 0 9
313807 0 19
315261 0 25
316797 0 9
318251 0 20
319746 0 24
321159 0 24
322634 0 21
324108 0 21
325685 0 35
327159 0 10
328593 0 18
330129 0 26
331604 0 5
333140 0 21
334635 0 21
336171 0 35
337645 0 9
339181 0 20
340656 0 26
342028 0 6
343543 0 20
345038 0 16
346513 0 31
348090 0 3
349544 0 22
351039 0 34
352575 0 7
354090 0 24
355585 0 20
357142 0 27
358575 0 1
360091 0 16
361586 0 17
363101 0 22
364514 0 18
365948 0 15
367402 0 23
368876 0 32
370351 0 4
371744 0 18
373300 0 14
374754 0 19
376249 0 17
377785 0 16
379157 0 28
380632 0 10
382209 0 18
383724 0 18
385301 0 17
386755 0 34
388230 0 1
389684 0 19
391117 0 35
392612 0 8
394189 0 15
395643 0 16
397159 0 22
398654 0 27
400067 0 2
401582 0 18
403159 0 26
404695 0 6
406252 0 17
407706 0 17
409201 0 14
410594 0 33
412150 0 7
413645 0 13
415140 0 19
416594 0 21
418089 0 15
419646 0 24
421140 0 34
422615 0 2
424049 0 21
425605 0 20
427202 0 20
428718 0 14
430172 0 21
431647 0 36
433223 0 1
434759 0 22
436316 0 24
437770 0 24
439265 0 21
440821 0 18
442296 0 24
443832 0 27
445327 0 1
446720 0 21
448256 0 35
449710 0 7
451266 0 22
452843 0 14
454256 0 23
455731 0 35
457164 0 7
458700 0 21
460134 0 13
461588 0 14
463042 0 14
464558 0 30
466032 0 11
467486 0 20
468960 0 13
470435 0 24
471909 0 22
473466 0 19
474879 0 20
476395 0 33
477849 0 3
479262 0 20
480757 0 23
482149 0 17
483685 0 19
485201 0 17
486593 0 22
488088 0 35
489481 0 8
490997 0 20
492553 0 20
494150 0 18
495727 0 22
497243 0 17
498635 0 23
500069 0 35
501564 0 10
503018 0 22
504513 0 20
506090 0 17
507626 0 20
509100 0 30
510473 0 5
511988 0 24
513442 0 23
514978 0 16
516473 0 15
518009 0 29
519484 0 11
520917 0 15
522433 0 26
523907 0 2
525423 0 14
526959 0 33
528392 0 4
529785 0 19
531218 0 32
532673 0 7
534188 0 16
535601 0 29
536973 0 3
538407 0 24
539881 0 18
541397 0 19
542953 0 20
544551 0 13
545943 0 31
547479 0 11
548954 0 16
550469 0 21
551964 0 14
553480 0 35
554913 0 5
556306 0 21
557862 0 33
559317 0 12
560791 0 16
562266 0 17
563699 0 22
565215 0 17
566607 0 13
568020 0 32
569454 0 2
570908 0 20
572464 0 14
574000 0 19
575536 0 22
577052 0 19
578506 0 29
579939 0 10
581373 0 22
582950 0 28
584343 0 10
585858 0 13
587394 0 28
588807 0 5
590200 0 24
591756 0 33
593272 0 8
594746 0 24
596221 0 34
597736 0 10
599190 0 23
600665 0 13
602139 0 20
603614 0 22
605170 0 36
606604 0 8
608099 0 23
609512 0 20
611028 0 13
612543 0 22
613977 0 32
615492 0 5
617048 0 16
618523 0 15
619998 0 26
621452 0 2
622947 0 22
624442 0 35
625896 0 11
627452 0 14
628968 0 19
630401 0 20
631917 0 20
633432 0 17
634907 0 15
636340 0 26
637815 0 11
639289 0 16
640682 0 32
642157 0 3
643611 0 14
645065 0 26
646601 0 1
648096 0 19
649673 0 23
651188 0 24
652581 0 13
654076 0 15
655591 0 14
657086 0 28
658479 0 2
660015 0 20
661592 0 19
663169 0 28
664684 0 9
666118 0 23
667633 0 24
669087 0 26
670582 0 1
672016 0 22
673429 0 26
674822 0 12
676255 0 21
677771 0 24
679225 0 13
680720 0 32
682133 0 7
683669 0 24
685082 0 20
686597 0 13
687990 0 20
689506 0 36
691062 0 12
692455 0 23
693868 0 24
695260 0 19
696714 0 13
698168 0 16
699581 0 26
701015 0 5
702551 0 13
704005 0 25
705562 0 8
707057 0 15
708572 0 17
710088 0 13
711501 0 16
712955 0 32
714409 0 2
715842 0 14
717358 0 34
718832 0 4
720286 0 13
721740 0 14
723133 0 20
724567 0 22
726041 0 30
727495 0 4
728908 0 14
730342 0 21
731857 0 27
733373 0 11
734847 0 17
736342 0 35
737776 0 2
739291 0 20
740766 0 18
742200 0 31
743756 0 12
745190 0 24
746664 0 30
748077 0 2
749511 0 19
751026 0 16
752460 0 26
753914 0 11
755388 0 17
756883 0 29
758297 0 11
759710 0 20
761164 0 21
762700 0 36
764215 0 3
765628 0 22
767164 0 20
768700 0 21
770236 0 14
771629 0 15
773144 0 14
774598 0 35
776032 0 8
777527 0 22
779083 0 17
780599 0 36
782073 0 1
783466 0 18
785022 0 19
786436 0 29
787890 0 10
789364 0 21
790880 0 24
792354 0 19
793911 0 20
795385 0 34
796901 0 9
798355 0 16
799850 0 35
801263 0 8
802737 0 13
804212 0 13
805707 0 22
807222 0 20
808758 0 28
810171 0 6
811646 0 16
813182 0 19
814718 0 22
816192 0 19
817708 0 21
819244 0 14
820657 0 28
822091 0 11
823545 0 18
825122 0 30
826555 0 5
828050 0 21
829607 0 27
831143 0 10
832638 0 17
834174 0 15
835628 0 27
837164 0 9
838700 0 23
840133 0 23
841649 0 23
843185 0 25
844598 0 1
846093 0 14
847588 0 23
849083 0 20
850680 0 23
852134 0 27
853568 0 10
855042 0 23
856599 0 36
858012 0 2
859486 0 18
860920 0 15
862374 0 23
863849 0 20
865405 0 33
866941 0 6
868395 0 18
869911 0 23
871426 0 15
872860 0 26
874334 0 5
875850 0 19
877427 0 21
879003 0 20
880499 0 18
881932 0 17
883448 0 34
884963 0 3
886397 0 19
887912 0 18
889366 0 18
890943 0 22
892479 0 16
893954 0 35
895408 0 4
896882 0 20
898418 0 22
899893 0 15
901367 0 13
902903 0 20
904460 0 26
905934 0 12
907388 0 17
908924 0 30
910378 0 9
911955 0 24
913389 0 23
914884 0 27
916379 0 12
917874 0 23
919389 0 18
920946 0 23
922379 0 14
923915 0 21
925472 0 35
926987 0 9
928482 0 19
929936 0 19
931472 0 20
932988 0 20
934585 0 29
936080 0 4
937493 0 22
938906 0 21
940422 0 23
941835 0 13
943371 0 15
944825 0 26
946238 0 12
947733 0 19
949208 0 34
950682 0 12
952177 0 24
953652 0 24
955085 0 31
956519 0 4
957911 0 22
959427 0 36
960902 0 2
962397 0 21
963871 0 19
965325 0 31
966841 0 2
968336 0 13
969831 0 23
971264 0 20
972780 0 19
974295 0 21
1025197 0 101
1026651 0 101
1028105 0 101
1029539 0 101
1031013 0 101
1032467 0 101
1034024 0 101
1035498 0 101
1036993 0 101
1038427 0 101
1039840 0 102
1041294 0 102
1042687 0 102
1044141 0 102
1045574 0 102
1047090 0 103
1048564 0 101
1050100 0 102
1051636 0 103
1053131 0 101
1054606 0 102
1056101 0 103
1057616 0 101
1059132 0 102
1060668 0 102
1062142 0 102
1063637 0 103
1065194 0 101
1066668 0 102
1068204 0 103
1069617 0 101
1071112 0 102
1072669 0 102
1074205 0 102
1075618 0 102
1077052 0 103
1078465 0 101
1080001 0 102
1081537 0 102
1083032 0 103
1084588 0 101
1086042 0 102
1087578 0 102
1089094 0 102
1090527 0 102
1092043 0 102
1093435 0 103
1094889 0 101
1096282 0 102
1097777 0 102
1099292 0 102
1100685 0 102
1102078 0 102
1103573 0 102
1104965 0 103
1106522 0 101
1108058 0 102
1109573 0 103
1111027 0 101
1112440 0 102
1113935 0 103
1115430 0 101
1116843 0 102
1118338 0 103
1119833 0 101
1121226 0 102
1122639 0 102
1124093 0 102
1125486 0 103
1126940 0 101
1128394 0 102
1129889 0 102
1131364 0 102
1132900 0 102
1134435 0 102
1135931 0 102
1137405 0 103
1138982 0 101
1140416 0 102
1141829 0 103
1143406 0 101
1144921 0 102
1146375 0 102
1147870 0 103
1149304 0 101
1150819 0 102
1152335 0 102
1153809 0 103
1155304 0 101
1156758 0 102
1158233 0 102
1159789 0 102
1161264 0 102
1162738 0 102
1164192 0 102
1165626 0 103
1167039 0 101
1168493 0 102
1169886 0 102
1171381 0 102
1172917 0 102
1174453 0 103
1175886 0 101
1177422 0 102
1178835 0 103
1180330 0 101
1181784 0 102
1183320 0 103
1184877 0 101
1186310 0 102
1187723 0 102
1189198 0 102
1190734 0 103
1192249 0 101
1193663 0 102
1195096 0 102
1196509 0 102
1197984 0 102
1199397 0 102
1200892 0 102
1202387 0 103
1203943 0 101
1205336 0 102
1206892 0 103
1208326 0 101
1209862 0 102
1211316 0 103
1212852 0 101
1214326 0 102
1215760 0 102
1217173 0 102
1218689 0 102
1220184 0 103
1221597 0 101
1223112 0 102
1224587 0 102
1226000 0 103
1227433 0 101
1228928 0 102
1230444 0 103
1231898 0 101
1233434 0 102
1234949 0 103
1236506 0 101
1237960 0 102
1239455 0 103
1240991 0 101
1242547 0 102
1244022 0 103
1245435 0 101
1246910 0 102
1248425 0 102
1249818 0 102
1251251 0 102
1252705 0 102
1254241 0 103
1255798 0 101
1257211 0 102
1258706 0 103
1260139 0 101
1261552 0 102
1263089 0 102
1264543 0 102
1265997 0 103
1267533 0 101
1268925 0 102
1270318 0 103
1271731 0 101
1273267 0 102
1274680 0 103
1276195 0 101
1277629 0 102
1279063 0 102
1280537 0 103
1282012 0 101
1283425 0 102
1284961 0 103
1286415 0 101
1287910 0 102
1289302 0 102
1290715 0 102
1292190 0 102
1293726 0 103
1295282 0 101
1296777 0 102
1298170 0 102
1299624 0 102
1301017 0 102
1302471 0 102
1303884 0 103
1305420 0 101
1306853 0 102
1308287 0 102
1309721 0 103
1311154 0 101
1312608 0 102
1314001 0 103
1315537 0 101
1316929 0 102
1318424 0 103
1319899 0 101
1321435 0 102
1322950 0 102
1324343 0 102
1325818 0 102
1327272 0 102
1328828 0 103
1330241 0 101
1331736 0 102
1333211 0 102
1334685 0 102
1336139 0 102
1337655 0 102
1339170 0 103
1340686 0 101
1342099 0 102
1343573 0 103
1345027 0 101
1346502 0 102
1347997 0 103
1349574 0 101
1351008 0 102
1352564 0 102
1353998 0 102
1355452 0 103
1356926 0 101
1358360 0 102
1359793 0 103
1361268 0 101
1362804 0 102
1364196 0 102
1365671 0 102
1367125 0 102
1368620 0 102
1370013 0 103
1371487 0 101
1372900 0 102
1374375 0 103
1375890 0 101
1377365 0 102
1378880 0 102
1380416 0 103
1381891 0 101
1383365 0 102
1384778 0 102
1386273 0 102
1387707 0 103
1389202 0 101
1390738 0 102
1392233 0 102
1393667 0 102
1395100 0 102
1396575 0 102
1397967 0 103
1399421 0 101
1400855 0 102
1402329 0 102
1403743 0 102
1405238 0 102
1406733 0 103
1408166 0 101
1409682 0 102
1411136 0 102
1412610 0 102
1414126 0 102
1415682 0 102
1417157 0 103
1418652 0 101
1420147 0 102
1421642 0 103
1423116 0 101
1424611 0 102
1426147 0 103
1427683 0 101
1429199 0 102
1430591 0 103
1432066 0 101
1433458 0 102
1434851 0 102
1436264 0 102
1437780 0 102
1439336 0 102
1440790 0 103
1442347 0 101
1443862 0 102
1445316 0 103
1446873 0 101
1448265 0 102
1449760 0 102
1451317 0 102
1452812 0 103
1454266 0 101
1455761 0 102
1457317 0 103
1458833 0 101
1460246 0 102
1461782 0 102
1463318 0 102
1464710 0 102
1466185 0 103
1467680 0 101
1469073 0 102
1470547 0 102
1472083 0 102
1473517 0 103
1475032 0 101
1476507 0 102
1478063 0 102
1479456 0 102
1480869 0 102
1482364 0 103
1483818 0 101
1485272 0 102
1486726 0 103
1488262 0 101
1489655 0 102
1491129 0 102
1492624 0 102
1494078 0 102
1495573 0 102
1497109 0 102
1498625 0 103
1500181 0 101
1501656 0 102
1503089 0 102
1504482 0 102
1505997 0 102
1507533 0 102
1508967 0 103
1510503 0 101
1511977 0 102
1513390 0 102
1514885 0 102
1516401 0 102
1517937 0 103
1519493 0 101
1520947 0 102
1522340 0 102
1523733 0 102
1525248 0 102
1526661 0 102
1528054 0 102
1529446 0 102
1530839 0 103
1532314 0 101
1533747 0 102
1535222 0 103
1536696 0 101
1538109 0 102
1539625 0 102
1541079 0 102
1542553 0 102
1544069 0 102
1545543 0 103
1547018 0 101
1548452 0 102
1549926 0 102
1551442 0 102
1552875 0 102
1554329 0 102
1555763 0 102
1557299 0 103
1558835 0 101
1560248 0 102
1561702 0 103
1563258 0 101
1564733 0 102
1566125 0 103
1567661 0 101
1569116 0 102
1570631 0 102
1572167 0 102
1573601 0 102
1575055 0 103
1576550 0 101
1578004 0 102
1579396 0 102
1580912 0 102
1582366 0 102
1583861 0 103
1585294 0 101
1586789 0 102
1588284 0 103
1589800 0 101
1591213 0 102
1592667 0 102
1594121 0 103
1595616 0 101
1597173 0 102
1598586 0 102
1600040 0 102
1601535 0 102
1603030 0 103
1604484 0 101
1605958 0 102
1607371 0 102
1608825 0 102
1610280 0 102
1611816 0 102
1613270 0 103
1614765 0 101
1616260 0 102
1617796 0 102
1619250 0 102
1620642 0 102
1622076 0 102
1623612 0 102
1625066 0 103
1626602 0 101
1628076 0 102
1629510 0 102
1631005 0 102
1632521 0 102
1634036 0 102
1635510 0 103
1637087 0 101
1638582 0 102
1639996 0 102
1641531 0 102
1643067 0 102
1644522 0 102
1645955 0 102
1647450 0 103
1648884 0 101
1650276 0 102
1651771 0 102
1653307 0 102
1654843 0 102
1656318 0 102
1657813 0 103
1659226 0 101
1660700 0 102
1662154 0 103
1663690 0 101
1665124 0 102
1666619 0 102
1668175 0 102
1669670 0 102
1671165 0 102
1672681 0 102
1674135 0 103
1675712 0 101
1677187 0 102
1678743 0 102
1680258 0 103
1681835 0 101
1683310 0 102
1684744 0 103
1686279 0 101
1687795 0 102
1689290 0 103
1690805 0 101
1692280 0 102
1693714 0 102
1695229 0 102
1696663 0 102
1698117 0 103
1699530 0 101
1701004 0 102
1702499 0 102
1703912 0 102
1705305 0 102
1706821 0 103
1708254 0 101
1709667 0 102
1711101 0 102
1712493 0 102
1713927 0 103
1715361 0 101
1716897 0 102
1718412 0 102
1719907 0 102
1721361 0 103
1722795 0 101
1724249 0 102
1725682 0 102
1727075 0 102
1728488 0 103
1730004 0 101
1731560 0 102
1733116 0 102
1734652 0 102
1736188 0 102
1737581 0 102
1739117 0 102
1740632 0 103
1742127 0 101
1743602 0 102
1745036 0 103
1746571 0 101
1747985 0 102
1749439 0 102
1750893 0 102
1752347 0 102
1753821 0 102
1755337 0 102
1756729 0 103
1758224 0 101
1759637 0 102
1761132 0 103
1762607 0 101
1764143 0 102
1765618 0 102
1767113 0 102
1768649 0 102
1770103 0 103
1771618 0 101
1773154 0 102
1774547 0 102
1776103 0 102
1777619 0 102
1779114 0 102
1780547 0 103
1782001 0 101
1783496 0 102
1784971 0 103
1786404 0 101
1787797 0 102
1789292 0 103
1790705 0 101
1792098 0 102
1793613 0 102
1795026 0 102
1796419 0 102
1797914 0 102
1799388 0 102
1800863 0 103
1802399 0 101
1803853 0 102
1805266 0 102
1806782 0 103
1808318 0 101
1809833 0 102
1811308 0 102
1812782 0 102
1814175 0 102
1815588 0 102
1817103 0 102
1818578 0 103
1820032 0 101
1821527 0 102
1822960 0 103
1824415 0 101
1825930 0 102
1827446 0 103
1828961 0 101
1830436 0 102
1831931 0 103
1833364 0 101
1834859 0 102
1836252 0 103
1837685 0 101
1839180 0 102
1840593 0 102
1842068 0 102
1843543 0 102
1844997 0 102
1846471 0 102
1847946 0 103
1849482 0 101
1850997 0 102
1852431 0 102
1853844 0 102
1855236 0 102
1856629 0 102
1858124 0 103
1859537 0 101
1860991 0 102
1862507 0 102
1864022 0 102
1865497 0 103
1866971 0 101
1868446 0 102
1869961 0 102
1871415 0 102
1872931 0 102
1874446 0 102
1875962 0 102
1877436 0 103
1878993 0 101
1880385 0 102
1881778 0 102
1883191 0 102
1884666 0 102
1886140 0 102
1887656 0 103
1889110 0 101
1890564 0 102
1891956 0 102
1893349 0 102
1894783 0 102
1896278 0 102
1897732 0 102
1899165 0 103
1900619 0 101
1902012 0 102
1903404 0 103
1904961 0 101
1906517 0 102
1907971 0 103
1909446 0 101
1910982 0 102
1912518 0 102
1913931 0 102
1915488 0 102
1917023 0 103
1918477 0 101
1919972 0 102
1921427 0 102
1922819 0 102
1939988 0 46
1941524 0 40
1942978 0 41
1944433 0 42
1945928 0 38
1947341 0 39
1948897 0 43
1950433 0 42
1951846 0 43
1953341 0 43
1954898 0 56
1956454 0 54
1957888 0 55
1959321 0 62
1960837 0 43
1962352 0 59
1963909 0 68
1965301 0 41
1966837 0 56
1968353 0 72
1969889 0 45
1971302 0 60
1972797 0 65
1974312 0 43
1975869 0 50
1977384 0 57
1978797 0 56
1980292 0 60
1981808 0 50
1983262 0 57
1984777 0 62
1986293 0 38
1987808 0 59
1989324 0 67
1990757 0 46
1992252 0 60
1993686 0 52
1995202 0 50
1996594 0 60
1998048 0 70
1999564 0 45
2001079 0 57
2002595 0 53
2004110 0 67
2005646 0 40
2007121 0 52
2008575 0 63
2010131 0 43
2011667 0 55
2013162 0 52
2014698 0 55
2016255 0 60
2017688 0 50
2019163 0 58
2020637 0 70
2022153 0 37
2023668 0 59
2025184 0 62
2026720 0 44
2028153 0 50
2029566 0 54
2031020 0 53
2032556 0 71
2033949 0 39
2035464 0 55
2036898 0 52
2038434 0 68
2039929 0 46
2041424 0 54
2042899 0 51
2044353 0 50
2045909 0 53
2047466 0 56
2049001 0 68
2050415 0 40
2051910 0 52
2053384 0 56
2054879 0 59
2056333 0 55
2057869 0 59
2059364 0 59
2060839 0 62
2062293 0 40
2063829 0 54
2065262 0 69
2066716 0 48
2068191 0 57
2069727 0 68
2071119 0 39
2072512 0 53
2074028 0 64
2075543 0 48
2077079 0 58
2078554 0 57
2080069 0 58
2081605 0 57
2083080 0 53
2084595 0 63
2086152 0 41
2087687 0 51
2089121 0 56
2090678 0 59
2092152 0 51
2093708 0 57
2095285 0 63
2096842 0 41
2098398 0 58
2099914 0 49
2101429 0 62
2102883 0 38
2104399 0 58
2105832 0 52
2107327 0 54
2108843 0 52
2110379 0 57
2111792 0 72
2113246 0 37
2114782 0 54
2116318 0 60
2117752 0 58
2119206 0 57
2120762 0 68
2122257 0 43
2123814 0 58
2125247 0 52
2126722 0 49
2128196 0 68
2129712 0 48
2131207 0 52
2132722 0 70
2134115 0 41
2135589 0 59
2137084 0 58
2138600 0 58
2140177 0 59
2141590 0 60
2143064 0 68
2144539 0 39
2146075 0 59
2147488 0 59
2148942 0 60
2150396 0 53
2151830 0 69
2153366 0 42
2154820 0 57
2156335 0 55
2157892 0 49
2159428 0 55
2160943 0 53
2162479 0 55
2163933 0 70
2165408 0 47
2166862 0 50
2168336 0 50
2169852 0 59
2171306 0 56
2172719 0 55
2174152 0 50
2175607 0 60
2177020 0 62
2178535 0 37
2180010 0 55
2181505 0 52
2182959 0 51
2184474 0 66
2185990 0 47
2187485 0 54
2188980 0 52
2190434 0 49
2191949 0 67
2193465 0 37
2194939 0 59
2196414 0 57
2197827 0 58
2199301 0 59
2200796 0 67
2202353 0 46
2203909 0 50
2205322 0 61
2206879 0 46
2208333 0 53
2209848 0 52
2211364 0 58
2212818 0 57
2214252 0 71
2215665 0 45
2217201 0 52
2218614 0 53
2220027 0 72
2221419 0 41
2222935 0 60
2224369 0 56
2225925 0 61
2227461 0 39
2228956 0 53
2230512 0 58
2231967 0 60
2233421 0 71
2234834 0 47
2236411 0 57
2237906 0 54
2239380 0 51
2240855 0 52
2242329 0 55
2243824 0 49
2245319 0 58
2246794 0 64
2248248 0 40
2249702 0 55
2251258 0 53
2252692 0 56
2254248 0 57
2255723 0 54
2257218 0 69
2258672 0 40
2260167 0 57
2261600 0 52
2263116 0 52
2264632 0 52
2266045 0 55
2267478 0 49
2268932 0 59
2270448 0 62
2271840 0 38
2273294 0 58
2274810 0 69
2276223 0 40
2277656 0 51
2279090 0 56
2280544 0 70
2282060 0 37
2283596 0 52
2285050 0 50
2286504 0 56
2288040 0 49
2289596 0 54
2291071 0 68
2292627 0 38
2294020 0 56
2295453 0 56
2296948 0 69
2298525 0 48
2300000 0 60
2301495 0 56
2302990 0 72
2304526 0 37
2305980 0 58
2307516 0 58
2309072 0 57
2310526 0 57
2312042 0 57
2313619 0 50
2315114 0 68
2316547 0 42
2318001 0 54
2319476 0 52
2320889 0 52
2322445 0 58
2323940 0 60
2325415 0 57
2326849 0 59
2328262 0 72
2329695 0 37
2331170 0 56
2332624 0 64
2334119 0 46
2335593 0 56
2336986 0 50
2338440 0 58
2339894 0 52
2341430 0 58
2342986 0 51
2344522 0 54
2345997 0 69
2347410 0 48
2348844 0 59
2350400 0 71
2351875 0 37
2353370 0 52
2354803 0 55
2356319 0 55
2357773 0 55
2359247 0 56
2360783 0 69
2362196 0 38
2363671 0 50
2365084 0 61
2366579 0 39
2368074 0 54
2369549 0 71
2371003 0 44
2372518 0 59
2374075 0 62
2375611 0 44
2377147 0 54
2378703 0 53
2380116 0 59
2381611 0 69
2383024 0 44
2384458 0 53
2385994 0 56
2387530 0 50
2389066 0 67
2390622 0 43
2392056 0 56
2393510 0 69
2395087 0 45
2396520 0 59
2398036 0 70
2399408 0 45
2400841 0 54
2402255 0 57
2403688 0 64
2405142 0 42
2406637 0 59
2408132 0 59
2409545 0 65
2410958 0 42
2412392 0 49
2413887 0 49
2415341 0 57
2416856 0 54
2418413 0 52
2419847 0 65
2421260 0 45
2422755 0 52
2424270 0 62
2425745 0 48
2427240 0 58
2428817 0 52
2430373 0 60
2431930 0 58
2433445 0 50
2434981 0 72
2436374 0 48
2437910 0 59
2439343 0 72
2440859 0 40
2442333 0 56
2443828 0 49
2445221 0 55
2446675 0 50
2448211 0 68
2449685 0 47
2451201 0 58
2452634 0 58
2454068 0 54
2455604 0 59
2457160 0 63
2458614 0 38
2460069 0 54
2461543 0 68
2463079 0 45
2464615 0 56
2466171 0 61
2467666 0 39
2469223 0 53
2470759 0 56
2472254 0 53
2473667 0 60
2475224 0 54
2476677 0 51
2478070 0 72
2479524 0 45
2481101 0 56
2482576 0 64
2484132 0 45
2485566 0 50
2486958 0 56
2488515 0 49
2490010 0 50
2491464 0 53
2492918 0 72
2494392 0 47
2495785 0 60
2497219 0 60
2498775 0 72
2500311 0 44
2501847 0 51
2503383 0 54
2504919 0 57
2506414 0 50
2507806 0 59
2509302 0 67
2510837 0 39
2512394 0 58
2513930 0 60
2515445 0 53
2516838 0 53
2518394 0 69
2519930 0 41
2521425 0 50
2522941 0 71
2524415 0 48
2525870 0 58
2527446 0 63
2528962 0 38
2530375 0 59
2531911 0 67
2533427 0 45
2534901 0 52
2536457 0 50
2537932 0 50
2539345 0 58
2540861 0 65
2542376 0 39
2543810 0 51
2545264 0 65
2546677 0 40
2548172 0 51
2549728 0 71
2551182 0 48
2552718 0 59
2554131 0 60
2555585 0 51
2557019 0 52
2558453 0 72
2559866 0 45
2561320 0 56
2562815 0 66
2564269 0 41
2565723 0 53
2567197 0 64
2568672 0 43
2570228 0 55
2571764 0 57
2573321 0 55
2574857 0 50
2576290 0 71
2577826 0 47
2579342 0 54
2580878 0 55
2582373 0 57
2583868 0 50
2585363 0 67
2586755 0 43
2588312 0 60
2589868 0 54
2591322 0 57
2592858 0 72
2594353 0 38
2595910 0 59
2597384 0 61
2598859 0 45
2600354 0 59
2601849 0 63
2603364 0 47
2604818 0 53
2606375 0 57
2607890 0 59
2609447 0 52
2611003 0 50
2612519 0 70
2613952 0 45
2615427 0 54
2616840 0 50
2618294 0 49
2619748 0 60
2621243 0 53
2622718 0 70
2624151 0 43
2625708 0 54
2627100 0 50
2628636 0 61
2630070 0 47
2631626 0 49
2633019 0 50
2634473 0 67
2635907 0 46
2637422 0 51
2638856 0 72
2640269 0 42
2641743 0 56
2643218 0 60
2644774 0 69
2646290 0 45
2647744 0 56
2649321 0 51
2650836 0 58
2652372 0 71
2653929 0 39
2655383 0 56
2656857 0 53
2658414 0 52
2659888 0 50
2661424 0 64
2662817 0 42
2664353 0 56
2665868 0 49
2667404 0 64
2668920 0 40
2670374 0 54
2671910 0 58
2673425 0 57
2674961 0 51
2676497 0 54
2677910 0 65
2679364 0 47
2680900 0 60
2682395 0 68
2683829 0 39
2685385 0 52
2686921 0 49
2688478 0 51
2689932 0 55
2691386 0 64
2692922 0 47
2694355 0 58
2695810 0 50
2697284 0 65
2698820 0 45
2700254 0 59
2701708 0 59
2703244 0 57
2704677 0 63
2706193 0 48
2707749 0 56
2709306 0 50
2710719 0 65
2712234 0 48
2713750 0 49
2715183 0 52
2716719 0 59
2718132 0 63
2719689 0 40
2721225 0 59
2722781 0 60
2724215 0 69
2725669 0 40
2727102 0 52
2728597 0 56
2730133 0 55
2731546 0 49
2733103 0 51
2734618 0 58
2736154 0 60
2737711 0 64
2739144 0 48
2740578 0 55
2742134 0 61
2743568 0 45
2745063 0 54
2746558 0 49
2748012 0 64
2749466 0 37
2750879 0 57
2752354 0 51
2753808 0 58
2755323 0 72
2756736 0 47
2758170 0 57
2759583 0 55
2761078 0 72
2762593 0 41
2764129 0 55
2765665 0 49
2767140 0 55
2768574 0 60
2770028 0 71
2771482 0 39
2773038 0 58
2774513 0 70
2775885 0 47
2777380 0 53
2778875 0 61
2780288 0 45
2781803 0 54
2783360 0 54
2784916 0 51
2786452 0 64
2787845 0 39
2789381 0 60
2790814 0 56
2792289 0 58
2793764 0 70
2795177 0 47
2796651 0 53
2798064 0 58
2799621 0 49
2801157 0 49
2802590 0 58
2804147 0 57
2805601 0 54
2807055 0 65
2808611 0 41
2810127 0 59
2811601 0 55
2813055 0 58
2814612 0 60
2816127 0 64
2817561 0 46
2819076 0 55
2820633 0 60
2822148 0 60
2823602 0 52
2825159 0 66
2826674 0 44
2828087 0 57
2829562 0 56
2831118 0 67
2832552 0 39
2834108 0 50
2835583 0 50
2837078 0 51
2838532 0 53
2839986 0 58
2841440 0 51
2842874 0 63
2844410 0 47
2845823 0 56
2863792 0 104
2865226 0 104
2866639 0 104
2868093 0 104
2869608 0 104
2871062 0 104
2872537 0 104
2874093 0 104
2875547 0 104
2877083 0 104
2878517 0 105
2879930 0 105
2881466 0 105
2882859 0 105
2884251 0 105
2885664 0 105
2887139 0 105
2888613 0 105
2890047 0 106
2891542 0 104
2892955 0 105
2894450 0 105
2895925 0 105
2897399 0 105
2898792 0 105
2900246 0 105
2901700 0 106
2903113 0 104
2904526 0 105
2905939 0 105
2907475 0 105
2908970 0 105
2910424 0 106
2911960 0 104
2913394 0 105
2914930 0 105
2916343 0 105
2917735 0 105
2919149 0 105
2920582 0 106
2922036 0 104
2923470 0 105
2924965 0 105
2926439 0 105
2927975 0 106
2929511 0 104
2931068 0 105
2932563 0 105
2934119 0 105
2935573 0 105
2937130 0 106
2938666 0 104
2940181 0 105
2941594 0 105
2943151 0 106
2944666 0 104
2946079 0 105
2947513 0 106
2949008 0 104
2950523 0 105
2952080 0 106
2953575 0 104
2954967 0 105
2956381 0 105
2957855 0 105
2959350 0 105
2960784 0 105
2962299 0 106
2963692 0 104
2965228 0 105
2966661 0 105
2968218 0 105
2969754 0 106
2971269 0 104
2972785 0 105
2974280 0 106
2975754 0 104
2977249 0 105
2978744 0 105
2980178 0 105
2981632 0 105
2983106 0 105
2984642 0 105
2986096 0 106
2987632 0 104
2989168 0 105
2990725 0 105
2992220 0 105
2993653 0 105
2995087 0 105
2996500 0 106
2998057 0 104
2999613 0 105
3001149 0 105
3002624 0 105
3004098 0 105
3005593 0 105
3007006 0 105
3008481 0 106
3010037 0 104
3011471 0 105
3012904 0 105
3014338 0 105
3015771 0 106
3017266 0 104
3018762 0 105
3020195 0 105
3021711 0 106
3023206 0 104
3024762 0 105
3026155 0 106
3027588 0 104
3029022 0 105
3030476 0 105
3031889 0 106
3033404 0 104
3034899 0 105
3036292 0 105
3037705 0 105
3039241 0 105
3040777 0 105
3042170 0 106
3043624 0 104
3045037 0 105
3046593 0 106
3048109 0 104
3049624 0 105
3051058 0 106
3052491 0 104
3054027 0 105
3055461 0 106
3056976 0 104
3058492 0 105
3059905 0 105
3061339 0 105
3062772 0 105
3064247 0 105
3065660 0 106
3067093 0 104
3068527 0 105
3070001 0 106
3071476 0 104
3073032 0 105
3074466 0 105
3076002 0 105
3077477 0 105
3079013 0 105
3080548 0 105
3082003 0 106
3083559 0 104
3085054 0 105
3086529 0 105
3088064 0 105
3089478 0 105
3090932 0 105
3092488 0 106
3094024 0 104
3095437 0 105
3096932 0 106
3098468 0 104
3100004 0 105
3101561 0 105
3103015 0 106
3104530 0 104
3105964 0 105
3107377 0 105
3108790 0 106
3110223 0 104
3111759 0 105
3113173 0 106
3114627 0 104
3116122 0 105
3117555 0 105
3119030 0 106
3120586 0 104
3121999 0 105
3123453 0 105
3124928 0 105
3126423 0 105
3127815 0 106
3129351 0 104
3130867 0 105
3132341 0 105
3133775 0 105
3135311 0 105
3136806 0 106
3138342 0 104
3139755 0 105
3141250 0 105
3142684 0 105
3144240 0 105
3145776 0 105
3147312 0 106
3148725 0 104
3150138 0 105
3151592 0 105
3153067 0 105
3154521 0 105
3156057 0 105
3157613 0 105
3159129 0 106
3160665 0 104
3162139 0 105
3163675 0 106
3165088 0 104
3166501 0 105
3167976 0 105
3169389 0 105
3170843 0 105
3172400 0 105
3173915 0 105
3175410 0 106
3176885 0 104
3178318 0 105
3179731 0 106
3181288 0 104
3182824 0 105
3184257 0 105
3185670 0 105
3187186 0 105
3188619 0 105
3190094 0 106
3191589 0 104
3193002 0 105
3194415 0 105
3195828 0 105
3197364 0 105
3198818 0 105
3200272 0 106
3201767 0 104
3203262 0 105
3204737 0 105
3206273 0 106
3207706 0 104
3209120 0 105
3210533 0 105
3211946 0 105
3213420 0 105
3214956 0 105
3216390 0 105
3217803 0 106
3219257 0 104
3220813 0 105
3222370 0 106
3223783 0 104
3225217 0 105
3226691 0 106
3228166 0 104
3229702 0 105
3231217 0 105
3232671 0 105
3234166 0 106
3235579 0 104
3236972 0 105
3238467 0 106
3240003 0 104
3241477 0 105
3242890 0 106
3244447 0 104
3245901 0 105
3247416 0 106
3248952 0 104
3250406 0 105
3251881 0 105
3253396 0 105
3254932 0 105
3256448 0 105
3257963 0 106
3259458 0 104
3260872 0 105
3262326 0 105
3263862 0 105
3265295 0 106
3266770 0 104
3268306 0 105
3269842 0 105
3271337 0 105
3272770 0 105
3274204 0 105
3275617 0 106
3277050 0 104
3278586 0 105
3280081 0 106
3281638 0 104
3283112 0 105
3284546 0 105
3286061 0 105
3287475 0 105
3289011 0 105
3290424 0 105
3291919 0 105
3293475 0 106
3294888 0 104
3296342 0 105
3297837 0 106
3299332 0 104
3300766 0 105
3302322 0 105
3303756 0 105
3305271 0 106
3306746 0 104
3308139 0 105
3309674 0 106
3311088 0 104
3312624 0 105
3314057 0 106
3315511 0 104
3316945 0 105
3318440 0 105
3319976 0 105
3321450 0 105
3322966 0 105
3324461 0 105
3325874 0 105
3327287 0 106
3328802 0 104
3330236 0 105
3331649 0 105
3333144 0 105
3334680 0 105
3336216 0 105
3337691 0 105
3339124 0 106
3340558 0 104
3342032 0 105
3343466 0 105
3344920 0 105
3346394 0 106
3347910 0 104
3349384 0 105
3350859 0 106
3352334 0 104
3353747 0 105
3355242 0 105
3356675 0 106
3358129 0 104
3359542 0 105
3361037 0 105
3362471 0 105
3363946 0 106
3365400 0 104
3366915 0 105
3368369 0 105
3369844 0 105
3371380 0 105
3372936 0 106
3374431 0 104
3375947 0 105
3377483 0 106
3379019 0 104
3380411 0 105
3381865 0 105
3383278 0 105
3384814 0 106
3386371 0 104
3387804 0 105
3389320 0 106
3390815 0 104
3392310 0 105
3393764 0 106
3395218 0 104
3396733 0 105
3398126 0 106
3399539 0 104
3400993 0 105
3402406 0 106
3403901 0 104
3405314 0 105
3406830 0 106
3408386 0 104
3409882 0 105
3411356 0 105
3412748 0 105
3414182 0 105
3415616 0 105
3417029 0 105
3418565 0 106
3420101 0 104
3421637 0 105
3423132 0 105
3424688 0 105
3426163 0 105
3427555 0 106
3429050 0 104
3430525 0 105
3431999 0 106
3433515 0 104
3435010 0 105
3436464 0 105
3437877 0 105
3439290 0 105
3440846 0 105
3442362 0 105
3443898 0 106
3445454 0 104
3446990 0 105
3448526 0 105
3449980 0 105
3451475 0 105
3452929 0 105
3454363 0 106
3455919 0 104
3457333 0 105
3458766 0 105
3460200 0 105
3461695 0 105
3463108 0 105
3464623 0 106
3466036 0 104
3467490 0 105
3468945 0 105
3470440 0 106
3471935 0 104
3473471 0 105
3474863 0 105
3476317 0 105
3477833 0 106
3479246 0 104
3480782 0 105
3482195 0 106
3483731 0 104
3485226 0 105
3486741 0 106
3488154 0 104
3489629 0 105
3491042 0 106
3492537 0 104
3493930 0 105
3495466 0 105
3497022 0 105
3498497 0 105
3500033 0 105
3501487 0 105
3502900 0 106
3504354 0 104
3505787 0 105
3507323 0 106
3508736 0 104
3510272 0 105
3511747 0 105
3513201 0 105
3514676 0 105
3516089 0 106
3517522 0 104
3518956 0 105
3520512 0 106
3521987 0 104
3523502 0 105
3524956 0 106
3526410 0 104
3527946 0 105
3529380 0 105
3530834 0 106
3532390 0 104
3533885 0 105
3535401 0 105
3536896 0 105
3538309 0 106
3539722 0 104
3541156 0 105
3542610 0 106
3544125 0 104
3545661 0 105
3547218 0 105
3548672 0 105
3550064 0 105
3551498 0 106
3552972 0 104
3554488 0 105
3555983 0 106
3557437 0 104
3558871 0 105
3560263 0 105
3561820 0 105
3563274 0 106
3564707 0 104
3566243 0 105
3567636 0 106
3569172 0 104
3570667 0 105
3572060 0 105
3573493 0 106
3575029 0 104
3576524 0 105
3577998 0 106
3579534 0 104
3581050 0 105
3582606 0 105
3584060 0 105
3585515 0 105
3586989 0 105
3588402 0 105
3589897 0 106
3591413 0 104
3592867 0 105
3594300 0 105
3595816 0 105
3597352 0 105
3598806 0 105
3600321 0 105
3601837 0 106
3603332 0 104
3604786 0 105
3606301 0 105
3607776 0 105
3609230 0 105
3610704 0 105
3612097 0 106
3613551 0 104
3615067 0 105
3616582 0 105
3618036 0 105
3619531 0 105
3621047 0 106
3622603 0 104
3624160 0 105
3625614 0 105
3627068 0 105
3628563 0 105
3630119 0 105
3631553 0 106
3633068 0 104
3634502 0 105
3635935 0 106
3637471 0 104
3639007 0 105
3640420 0 105
3641833 0 106
3643308 0 104
3644844 0 105
3646359 0 105
3647773 0 105
3649247 0 106
3650783 0 104
3652299 0 105
3653712 0 105
3655248 0 106
3656763 0 104
3658279 0 105
3659815 0 105
3661310 0 105
3662866 0 105
3664279 0 105
3665733 0 106
3667228 0 104
3668744 0 105
3670218 0 105
3671672 0 105
3673188 0 106
3674601 0 104
3676055 0 105
3677550 0 106
3679004 0 104
3680417 0 105
3681892 0 105
3683305 0 105
3684800 0 106
3686233 0 104
3687687 0 105
3689203 0 106
3690759 0 104
3692172 0 105
3693626 0 105
3695142 0 105
3696555 0 105
3698009 0 106
3699566 0 104
3701061 0 105
3702515 0 106
3704030 0 104
3705464 0 105
3706979 0 105
3708454 0 105
3709969 0 106
3711423 0 104
3712918 0 105
3714372 0 105
3715888 0 105
3717342 0 105
3718878 0 106
3720311 0 104
3721765 0 105
3723220 0 105
3724612 0 106
3726107 0 104
3727602 0 105
3729077 0 105
3730490 0 105
3731944 0 105
3733398 0 105
3734852 0 105
3736367 0 106
3737801 0 104
3739235 0 105
3740689 0 105
3742122 0 106
3743535 0 104
3745030 0 105
3746587 0 105
3748041 0 106
3749495 0 104
3750949 0 105
3752485 0 105
3754000 0 105
3755536 0 106
3756949 0 104
3758383 0 105
3759919 0 105
3761353 0 105
3762909 0 105
