53697 0 7
55212 0 7
56666 0 5
58059 0 12
59574 0 12
61028 0 5
62585 0 7
64121 0 6
65616 0 8
67172 0 7
68729 0 15
70162 0 21
71637 0 33
73091 0 6
74565 0 18
76020 0 15
77474 0 17
79010 0 35
80505 0 7
82041 0 24
83495 0 34
84887 0 12
86300 0 15
87816 0 18
89290 0 31
90744 0 7
92321 0 21
93796 0 17
95311 0 24
96725 0 15
98260 0 30
99653 0 6
101169 0 23
102664 0 19
104138 0 14
105531 0 23
107067 0 13
108459 0 35
109975 0 9
111449 0 20
113026 0 13
114480 0 25
115914 0 9
117429 0 15
118924 0 24
120460 0 17
121955 0 15
123368 0 23
124925 0 19
126440 0 33
127894 0 3
129390 0 14
130844 0 13
132236 0 23
133793 0 23
135308 0 16
136762 0 24
138237 0 22
139773 0 28
141227 0 4
142742 0 23
144278 0 15
145814 0 20
147391 0 17
148804 0 27
150238 0 12
151712 0 23
153248 0 33
154784 0 12
156279 0 15
157795 0 15
159310 0 22
160744 0 27
162218 0 11
163713 0 21
165270 0 16
166683 0 13
168137 0 22
169612 0 13
171127 0 19
172561 0 29
174097 0 10
175653 0 24
177128 0 30
178500 0 8
180015 0 23
181572 0 16
183087 0 24
184500 0 15
185934 0 25
187347 0 10
188903 0 23
190337 0 20
191852 0 21
193327 0 28
194761 0 1
196256 0 24
197689 0 35
199143 0 7
200556 0 17
202072 0 30
203464 0 11
204918 0 17
206311 0 36
207847 0 10
209403 0 15
210817 0 25
212353 0 6
213827 0 14
215281 0 25
216735 0 9
218230 0 22
219664 0 29
221097 0 12
222510 0 20
224067 0 25
225562 0 5
226995 0 15
228388 0 16
229801 0 23
231235 0 24
232668 0 21
234204 0 22
235781 0 29
237297 0 11
238833 0 22
240287 0 21
241864 0 16
243338 0 27
244833 0 6
246349 0 16
247721 0 19
249195 0 17
250588 0 13
252124 0 34
253558 0 7
255135 0 14
256650 0 20
258166 0 19
259599 0 31
261094 0 4
262487 0 21
264002 0 13
265477 0 21
266992 0 20
268467 0 32
269962 0 2
271436 0 14
272829 0 23
274283 0 18
275839 0 21
277334 0 15
278809 0 33
280243 0 6
281717 0 21
283151 0 16
284564 0 18
286038 0 23
287554 0 18
288987 0 33
290482 0 11
291895 0 21
293391 0 35
294926 0 3
296360 0 14
297753 0 17
299227 0 23
300784 0 19
302361 0 29
303876 0 2
305392 0 22
306825 0 14
308238 0 14
309754 0 33
311290 0 4
312744 0 15
314280 0 17
315672 0 13
317167 0 15
318662 0 28
320157 0 5
321550 0 18
323004 0 22
324499 0 20
326076 0 28
327612 0 9
329148 0 19
330602 0 31
332118 0 1
333674 0 15
335210 0 19
336746 0 34
338139 0 2
339674 0 14
341170 0 27
342624 0 1
344016 0 16
345450 0 20
347006 0 23
348481 0 30
349914 0 7
351348 0 18
352781 0 24
354256 0 22
355772 0 16
357226 0 17
358680 0 16
360052 0 25
361547 0 10
362980 0 21
364516 0 32
365950 0 4
367404 0 15
368817 0 28
370271 0 1
371725 0 17
373200 0 14
374654 0 31
376190 0 6
377746 0 17
379200 0 35
380634 0 8
382129 0 13
383603 0 34
385098 0 12
386593 0 24
388027 0 36
389522 0 4
391037 0 13
392491 0 24
393925 0 23
395338 0 24
396792 0 13
398246 0 33
399659 0 10
401216 0 13
402690 0 32
404103 0 9
405680 0 23
407134 0 30
408548 0 5
410084 0 16
411558 0 20
413094 0 23
414650 0 32
416084 0 4
417579 0 18
419033 0 24
420590 0 14
421982 0 21
423559 0 13
424972 0 29
426406 0 2
427819 0 20
429314 0 36
430768 0 5
432202 0 22
433676 0 13
435212 0 25
436666 0 10
438182 0 14
439636 0 15
441131 0 33
442544 0 11
443977 0 16
445390 0 25
446824 0 3
448360 0 18
449794 0 18
451268 0 13
452743 0 31
454217 0 12
455630 0 18
457166 0 21
458723 0 16
460197 0 13
461610 0 33
463105 0 8
464580 0 20
466136 0 13
467672 0 32
469188 0 10
470662 0 22
472096 0 22
473632 0 19
475127 0 13
476519 0 23
478076 0 18
479632 0 14
481045 0 33
482479 0 10
483913 0 19
485367 0 17
486759 0 15
488152 0 21
489586 0 22
491142 0 17
492698 0 34
494091 0 1
495566 0 13
497081 0 19
498658 0 20
500173 0 16
501566 0 24
503102 0 23
504515 0 36
505990 0 8
507485 0 21
509062 0 28
510618 0 12
512011 0 17
513465 0 17
514939 0 19
516455 0 16
517827 0 24
519240 0 36
520735 0 7
522230 0 18
523684 0 22
525097 0 19
526654 0 14
528067 0 17
529541 0 16
530934 0 30
532347 0 12
533760 0 21
535276 0 23
536750 0 15
538163 0 20
539740 0 23
541256 0 31
542771 0 5
544266 0 20
545741 0 29
547256 0 9
548772 0 23
550205 0 25
551762 0 6
553257 0 19
554772 0 33
556226 0 1
557680 0 16
559114 0 22
560609 0 21
562124 0 16
563538 0 34
564951 0 8
566405 0 19
567982 0 24
569456 0 15
570869 0 33
572364 0 11
573880 0 22
575375 0 15
576829 0 16
578324 0 18
579860 0 24
581273 0 31
582768 0 2
584222 0 19
585778 0 21
587192 0 24
588687 0 26
590100 0 3
591615 0 20
593090 0 24
594482 0 18
596039 0 36
597616 0 7
599029 0 17
600585 0 19
602080 0 13
603596 0 29
605091 0 2
606504 0 14
607999 0 34
609391 0 2
610886 0 22
612402 0 23
613917 0 18
615412 0 33
616989 0 4
618423 0 18
619857 0 22
621393 0 18
622888 0 17
624342 0 22
625775 0 27
627209 0 8
628683 0 15
630117 0 16
631550 0 13
633086 0 22
634602 0 13
636056 0 18
637633 0 28
639107 0 8
640643 0 13
642159 0 14
643633 0 16
645006 0 20
646562 0 31
648057 0 8
649613 0 24
651088 0 29
652501 0 7
654037 0 13
655532 0 32
657048 0 7
658461 0 22
659894 0 19
661430 0 14
662843 0 23
664379 0 24
665854 0 31
667308 0 4
668721 0 14
670257 0 17
671711 0 21
673267 0 20
674762 0 24
676237 0 31
677814 0 10
679350 0 24
680865 0 20
682319 0 23
683855 0 23
685371 0 23
686927 0 34
688341 0 9
689897 0 20
691392 0 21
692846 0 13
694362 0 24
695775 0 26
697167 0 3
698642 0 15
700178 0 21
701755 0 32
703270 0 1
704745 0 13
706178 0 34
707673 0 3
709189 0 13
710663 0 22
712097 0 20
713612 0 24
715025 0 23
716561 0 21
718118 0 29
719633 0 4
721087 0 21
722542 0 27
723975 0 4
725491 0 17
727006 0 23
728522 0 13
729955 0 22
731430 0 18
732863 0 36
734440 0 10
735997 0 16
737471 0 17
738966 0 13
740482 0 22
741977 0 13
743513 0 31
745008 0 10
746421 0 23
747834 0 21
749267 0 28
750660 0 5
752073 0 17
753609 0 36
755166 0 1
756661 0 17
758176 0 18
759651 0 16
761023 0 21
762559 0 23
764054 0 34
765549 0 9
767126 0 19
768641 0 21
770198 0 25
771713 0 9
773188 0 19
774601 0 30
776034 0 4
777447 0 19
778901 0 23
780356 0 17
781769 0 22
783305 0 13
784841 0 34
786315 0 11
787810 0 21
789326 0 31
790882 0 10
792459 0 15
793893 0 18
795429 0 24
796821 0 25
798378 0 12
799893 0 18
801429 0 19
802924 0 36
804460 0 4
805914 0 20
807491 0 19
808904 0 13
810379 0 13
811771 0 32
813266 0 12
814802 0 22
816359 0 36
817813 0 6
819267 0 23
820803 0 24
822236 0 35
823711 0 5
825226 0 20
826762 0 17
828176 0 17
829671 0 19
831166 0 28
832702 0 5
834176 0 16
835630 0 22
837064 0 20
838579 0 22
840054 0 15
841446 0 32
842839 0 8
844436 0 13
845829 0 33
847242 0 10
848696 0 15
850212 0 17
851604 0 20
853181 0 21
854656 0 30
856089 0 12
857605 0 21
859100 0 19
860574 0 35
862069 0 10
863646 0 21
865223 0 19
866800 0 19
868295 0 33
869708 0 2
871162 0 16
872575 0 24
874009 0 13
875565 0 27
876999 0 9
878474 0 24
879989 0 33
881484 0 1
882897 0 14
884433 0 35
885908 0 1
887423 0 17
888836 0 20
890413 0 16
891826 0 14
893260 0 20
894755 0 22
896332 0 33
897888 0 7
899465 0 17
900981 0 21
902476 0 28
903991 0 8
905507 0 22
907043 0 24
908538 0 20
910074 0 27
911466 0 8
912900 0 16
914313 0 22
915828 0 19
917344 0 18
918839 0 18
920313 0 20
921808 0 35
923201 0 1
924655 0 22
926109 0 28
927543 0 3
928956 0 14
930430 0 13
931905 0 18
933359 0 26
934895 0 10
936410 0 22
937946 0 20
939462 0 16
940875 0 25
942411 0 4
943865 0 19
945442 0 17
946917 0 20
948473 0 31
950029 0 12
951565 0 23
953081 0 14
954514 0 21
956050 0 14
1008955 0 101
1010388 0 101
1011842 0 101
1013235 0 101
1014710 0 101
1016143 0 101
1017597 0 101
1019072 0 101
1020546 0 101
1022062 0 101
1023454 0 102
1024929 0 102
1026321 0 103
1027837 0 101
1029352 0 102
1030745 0 103
1032220 0 101
1033694 0 102
1035169 0 102
1036582 0 102
1038077 0 102
1039531 0 102
1040985 0 102
1042418 0 103
1043954 0 101
1045449 0 102
1046965 0 102
1048501 0 102
1050016 0 102
1051409 0 102
1052802 0 102
1054338 0 102
1055853 0 103
1057328 0 101
1058823 0 102
1060297 0 102
1061833 0 103
1063390 0 101
1064926 0 102
1066318 0 102
1067752 0 102
1069185 0 102
1070660 0 102
1072114 0 103
1073609 0 101
1075145 0 102
1076660 0 102
1078053 0 102
1079446 0 103
1080900 0 101
1082436 0 102
1083951 0 103
1085508 0 101
1086941 0 102
1088334 0 103
1089808 0 101
1091221 0 102
1092757 0 103
1094334 0 101
1095768 0 102
1097181 0 103
1098738 0 101
1100253 0 102
1101707 0 102
1103182 0 102
1104574 0 102
1105987 0 102
1107400 0 103
1108936 0 101
1110349 0 102
1111885 0 102
1113360 0 102
1114794 0 102
1116227 0 102
1117763 0 103
1119340 0 101
1120876 0 102
1122269 0 103
1123723 0 101
1125197 0 102
1126672 0 102
1128187 0 102
1129723 0 102
1131136 0 103
1132631 0 101
1134065 0 102
1135580 0 102
1136994 0 102
1138489 0 103
1139902 0 101
1141356 0 102
1142830 0 103
1144243 0 101
1145759 0 102
1147172 0 102
1148585 0 103
1150019 0 101
1151555 0 102
1153091 0 102
1154504 0 102
1155999 0 103
1157412 0 101
1158804 0 102
1160238 0 102
1161651 0 102
1163187 0 102
1164600 0 103
1166075 0 101
1167488 0 102
1168962 0 103
1170498 0 101
1172034 0 102
1173488 0 102
1174983 0 103
1176499 0 101
1177953 0 102
1179366 0 102
1180779 0 102
1182233 0 103
1183790 0 101
1185305 0 102
1186780 0 103
1188336 0 101
1189872 0 102
1191326 0 103
1192780 0 101
1194275 0 102
1195709 0 102
1197183 0 102
1198637 0 102
1200112 0 103
1201648 0 101
1203081 0 102
1204617 0 102
1206112 0 102
1207546 0 103
1209061 0 101
1210495 0 102
1211969 0 102
1213444 0 103
1214980 0 101
1216414 0 102
1217929 0 103
1219506 0 101
1221021 0 102
1222455 0 102
1223889 0 103
1225404 0 101
1226920 0 102
1228374 0 102
1229807 0 102
1231323 0 102
1232736 0 103
1234231 0 101
1235685 0 102
1237200 0 102
1238736 0 102
1240149 0 102
1241624 0 102
1243017 0 103
1244491 0 101
1245986 0 102
1247522 0 102
1249079 0 102
1250492 0 102
1251925 0 103
1253482 0 101
1254956 0 102
1256369 0 103
1257864 0 101
1259380 0 102
1260793 0 103
1262206 0 101
1263599 0 102
1265012 0 102
1266507 0 103
1268043 0 101
1269517 0 102
1270910 0 103
1272343 0 101
1273757 0 102
1275272 0 102
1276808 0 102
1278201 0 102
1279737 0 103
1281232 0 101
1282747 0 102
1284222 0 103
1285758 0 101
1287171 0 102
1288584 0 102
1290120 0 102
1291656 0 103
1293130 0 101
1294584 0 102
1296038 0 103
1297492 0 101
1298926 0 102
1300339 0 102
1301732 0 102
1303124 0 102
1304599 0 102
1306114 0 102
1307568 0 102
1308982 0 103
1310456 0 101
1311869 0 102
1313405 0 103
1314941 0 101
1316457 0 102
1317972 0 102
1319426 0 103
1320921 0 101
1322375 0 102
1323891 0 102
1325386 0 102
1326778 0 102
1328191 0 102
1329646 0 102
1331079 0 102
1332513 0 103
1334090 0 101
1335482 0 102
1336998 0 102
1338472 0 102
1339885 0 103
1341380 0 101
1342793 0 102
1344288 0 102
1345804 0 103
1347258 0 101
1348814 0 102
1350248 0 102
1351682 0 103
1353095 0 101
1354487 0 102
1356023 0 103
1357477 0 101
1358911 0 102
1360304 0 102
1361737 0 102
1363150 0 102
1364604 0 102
1366140 0 102
1367574 0 103
1369089 0 101
1370584 0 102
1372018 0 102
1373492 0 103
1374906 0 101
1376319 0 102
1377814 0 102
1379247 0 102
1380783 0 103
1382319 0 101
1383794 0 102
1385309 0 102
1386866 0 102
1388402 0 102
1389815 0 102
1391351 0 102
1392764 0 103
1394320 0 101
1395877 0 102
1397413 0 103
1398887 0 101
1400300 0 102
1401816 0 103
1403393 0 101
1404785 0 102
1406239 0 102
1407775 0 102
1409188 0 102
1410622 0 102
1412138 0 103
1413653 0 101
1415107 0 102
1416561 0 102
1417974 0 102
1419387 0 102
1420862 0 102
1422275 0 102
1423790 0 103
1425224 0 101
1426740 0 102
1428255 0 102
1429771 0 103
1431184 0 101
1432576 0 102
1434071 0 102
1435607 0 102
1437123 0 102
1438577 0 103
1440010 0 101
1441403 0 102
1442816 0 102
1444270 0 102
1445663 0 102
1447096 0 102
1448632 0 103
1450066 0 101
1451540 0 102
1452933 0 103
1454469 0 101
1455923 0 102
1457316 0 103
1458749 0 101
1460224 0 102
1461616 0 102
1463091 0 102
1464524 0 103
1465999 0 101
1467494 0 102
1468928 0 102
1470320 0 102
1471856 0 102
1473269 0 103
1474703 0 101
1476116 0 102
1477591 0 102
1479106 0 102
1480560 0 102
1482055 0 102
1483571 0 102
1485004 0 103
1486417 0 101
1487851 0 102
1489284 0 102
1490779 0 102
1492172 0 103
1493606 0 101
1495101 0 102
1496575 0 102
1498009 0 103
1499463 0 101
1500999 0 102
1502432 0 102
1503845 0 102
1505381 0 102
1506917 0 102
1508412 0 102
1509887 0 103
1511361 0 101
1512815 0 102
1514270 0 102
1515765 0 102
1517219 0 103
1518714 0 101
1520229 0 102
1521765 0 102
1523260 0 103
1524673 0 101
1526189 0 102
1527663 0 102
1529199 0 102
1530592 0 102
1532046 0 102
1533479 0 102
1534893 0 103
1536408 0 101
1537801 0 102
1539275 0 103
1540688 0 101
1542183 0 102
1543678 0 102
1545173 0 103
1546668 0 101
1548102 0 102
1549495 0 102
1550990 0 103
1552423 0 101
1553959 0 102
1555495 0 102
1556970 0 102
1558383 0 103
1559837 0 101
1561311 0 102
1562765 0 102
1564178 0 102
1565694 0 103
1567168 0 101
1568582 0 102
1570036 0 102
1571428 0 102
1572821 0 103
1574254 0 101
1575749 0 102
1577142 0 102
1578678 0 102
1580132 0 103
1581566 0 101
1583081 0 102
1584617 0 103
1586153 0 101
1587607 0 102
1589061 0 103
1590515 0 101
1591928 0 102
1593444 0 102
1594959 0 103
1596475 0 101
1597867 0 102
1599403 0 102
1600817 0 102
1602373 0 102
1603868 0 103
1605322 0 101
1606797 0 102
1608251 0 102
1609725 0 102
1611200 0 102
1612613 0 102
1614087 0 102
1615582 0 103
1617016 0 101
1618470 0 102
1619904 0 102
1621399 0 102
1622791 0 102
1624307 0 102
1625740 0 102
1627235 0 102
1628751 0 103
1630164 0 101
1631577 0 102
1633031 0 102
1634506 0 102
1636062 0 102
1637577 0 102
1639073 0 103
1640588 0 101
1642063 0 102
1643599 0 102
1645032 0 103
1646589 0 101
1648145 0 102
1649640 0 102
1651094 0 103
1652589 0 101
1654125 0 102
1655661 0 102
1657156 0 102
1658631 0 103
1660126 0 101
1661518 0 102
1662931 0 102
1664365 0 102
1665778 0 102
1667334 0 102
1668727 0 102
1670243 0 103
1671799 0 101
1673274 0 102
1674748 0 102
1676223 0 102
1677697 0 103
1679233 0 101
1680646 0 102
1682080 0 102
1683554 0 102
1684947 0 102
1686340 0 102
1687732 0 103
1689207 0 101
1690722 0 102
1692115 0 102
1693507 0 102
1694921 0 102
1696375 0 102
1697788 0 103
1699303 0 101
1700860 0 102
1702396 0 102
1703809 0 103
1705283 0 101
1706696 0 102
1708150 0 103
1709584 0 101
1711120 0 102
1712513 0 102
1713926 0 102
1715421 0 102
1716957 0 102
1718431 0 103
1719906 0 101
1721319 0 102
1722773 0 102
1724268 0 103
1725701 0 101
1727115 0 102
1728610 0 102
1730064 0 103
1731538 0 101
1733033 0 102
1734446 0 102
1735941 0 102
1737498 0 102
1738911 0 102
1740426 0 102
1741880 0 103
1743314 0 101
1744727 0 102
1746222 0 102
1747738 0 102
1749171 0 102
1750646 0 102
1752161 0 103
1753718 0 101
1755172 0 102
1756626 0 102
1758059 0 103
1759595 0 101
1761008 0 102
1762462 0 103
1763998 0 101
1765432 0 102
1766906 0 103
1768463 0 101
1769978 0 102
1771473 0 102
1772866 0 102
1774320 0 102
1775713 0 103
1777208 0 101
1778744 0 102
1780218 0 102
1781693 0 103
1783167 0 101
1784560 0 102
1785973 0 103
1787427 0 101
1788861 0 102
1790274 0 102
1791728 0 102
1793243 0 102
1794697 0 103
1796151 0 101
1797646 0 102
1799039 0 103
1800473 0 101
1801865 0 102
1803340 0 103
1804794 0 101
1806207 0 102
1807661 0 102
1809136 0 102
1810671 0 102
1812166 0 102
1813702 0 102
1815238 0 102
1816795 0 103
1818331 0 101
1819723 0 102
1821198 0 103
1822611 0 101
1824086 0 102
1825622 0 102
1827117 0 102
1828591 0 102
1830127 0 103
1831602 0 101
1833097 0 102
1834612 0 102
1836128 0 102
1837623 0 103
1839097 0 101
1840613 0 102
1842026 0 103
1843582 0 101
1844995 0 102
1846531 0 102
1847944 0 103
1849460 0 101
1850873 0 102
1852368 0 103
1853781 0 101
1855317 0 102
1856751 0 102
1858143 0 102
1859679 0 102
1861072 0 103
1862608 0 101
1864082 0 102
1865475 0 102
1866991 0 103
1868424 0 101
1869919 0 102
1871312 0 102
1872725 0 102
1874179 0 102
1875715 0 102
1877128 0 103
1878541 0 101
1879934 0 102
1881367 0 102
1882842 0 103
1884275 0 101
1885832 0 102
1887265 0 102
1888719 0 102
1890173 0 102
1891628 0 102
1893164 0 103
1894659 0 101
1896113 0 102
1897649 0 102
1899144 0 102
1900639 0 102
1902113 0 102
1903608 0 102
1929563 0 38
1931016 0 39
1932450 0 46
1933925 0 42
1935399 0 43
1936874 0 46
1938307 0 45
1939720 0 44
1941236 0 38
1942649 0 37
1944103 0 53
1945618 0 56
1947175 0 69
1948690 0 39
1950124 0 59
1951599 0 55
1953094 0 56
1954650 0 53
1956206 0 51
1957620 0 59
1959053 0 65
1960507 0 46
1961961 0 58
1963436 0 56
1964931 0 57
1966487 0 59
1967900 0 59
1969457 0 65
1970870 0 42
1972324 0 54
1973758 0 67
1975191 0 42
1976625 0 52
1978058 0 53
1979594 0 60
1981089 0 51
1982543 0 54
1983997 0 70
1985410 0 46
1986905 0 51
1988380 0 58
1989957 0 60
1991370 0 54
1992865 0 60
1994421 0 51
1995835 0 58
1997350 0 67
1998804 0 42
2000258 0 59
2001712 0 69
2003207 0 37
2004661 0 53
2006095 0 55
2007528 0 59
2009064 0 68
2010518 0 37
2012014 0 55
2013509 0 54
2014922 0 58
2016355 0 54
2017850 0 63
2019304 0 47
2020861 0 60
2022397 0 63
2023912 0 46
2025346 0 49
2026841 0 56
2028274 0 51
2029708 0 52
2031244 0 51
2032759 0 65
2034193 0 38
2035688 0 58
2037183 0 64
2038658 0 39
2040153 0 49
2041566 0 66
2042999 0 45
2044494 0 57
2045907 0 66
2047320 0 40
2048856 0 57
2050310 0 72
2051785 0 45
2053341 0 52
2054775 0 58
2056250 0 49
2057683 0 65
2059219 0 40
2060714 0 50
2062209 0 55
2063745 0 60
2065240 0 60
2066756 0 54
2068189 0 61
2069623 0 43
2071077 0 56
2072510 0 52
2074005 0 53
2075500 0 56
2076995 0 68
2078429 0 38
2079842 0 49
2081276 0 49
2082791 0 49
2084327 0 54
2085863 0 56
2087276 0 72
2088771 0 40
2090225 0 55
2091700 0 55
2093215 0 49
2094628 0 59
2096144 0 62
2097557 0 40
2098991 0 56
2100404 0 54
2101837 0 51
2103332 0 55
2104766 0 49
2106261 0 67
2107694 0 40
2109230 0 51
2110725 0 55
2112282 0 63
2113715 0 46
2115210 0 50
2116767 0 52
2118180 0 56
2119716 0 53
2121150 0 71
2122706 0 48
2124160 0 54
2125573 0 66
2127068 0 48
2128543 0 58
2130038 0 50
2131471 0 52
2132987 0 54
2134502 0 55
2135915 0 67
2137349 0 48
2138783 0 60
2140237 0 69
2141732 0 37
2143206 0 55
2144742 0 67
2146176 0 45
2147650 0 53
2149104 0 58
2150558 0 72
2152094 0 38
2153528 0 59
2155023 0 64
2156538 0 44
2157972 0 51
2159406 0 53
2160860 0 55
2162375 0 53
2163850 0 66
2165386 0 39
2166860 0 54
2168355 0 68
2169850 0 45
2171284 0 56
2172738 0 50
2174253 0 56
2175748 0 54
2177223 0 55
2178738 0 61
2180172 0 45
2181605 0 54
2183039 0 69
2184555 0 46
2186111 0 52
2187524 0 57
2188958 0 55
2190412 0 59
2191968 0 66
2193402 0 48
2194958 0 55
2196433 0 57
2197989 0 57
2199443 0 58
2200938 0 49
2202474 0 67
2203969 0 42
2205505 0 56
2206959 0 60
2208475 0 51
2210011 0 68
2211444 0 40
2212939 0 55
2214475 0 49
2215970 0 57
2217424 0 72
2218878 0 38
2220394 0 60
2221909 0 60
2223384 0 67
2224838 0 47
2226251 0 55
2227685 0 65
2229159 0 39
2230654 0 56
2232067 0 56
2233521 0 63
2235037 0 38
2236491 0 58
2237965 0 54
2239419 0 53
2240976 0 58
2242491 0 49
2243945 0 50
2245481 0 65
2246976 0 46
2248431 0 52
2249844 0 54
2251257 0 54
2252670 0 56
2254165 0 60
2255701 0 53
2257237 0 61
2258793 0 39
2260227 0 55
2261681 0 59
2263237 0 54
2264773 0 69
2266268 0 41
2267743 0 53
2269299 0 57
2270794 0 50
2272228 0 54
2273682 0 72
2275197 0 39
2276713 0 50
2278208 0 59
2279703 0 59
2281218 0 50
2282754 0 50
2284208 0 70
2285601 0 38
2287096 0 51
2288571 0 51
2290045 0 55
2291499 0 69
2293056 0 41
2294551 0 50
2296107 0 51
2297541 0 54
2299097 0 71
2300633 0 43
2302108 0 52
2303562 0 51
2305098 0 55
2306511 0 64
2308006 0 41
2309480 0 60
2311037 0 57
2312614 0 53
2314129 0 55
2315563 0 69
2317017 0 39
2318553 0 58
2319986 0 50
2321543 0 52
2322976 0 55
2324492 0 57
2325905 0 52
2327421 0 71
2328916 0 46
2330492 0 58
2331988 0 52
2333482 0 58
2335018 0 60
2336534 0 54
2337988 0 51
2339442 0 60
2340917 0 68
2342350 0 39
2343907 0 57
2345361 0 52
2346917 0 53
2348330 0 52
2349887 0 56
2351300 0 63
2352733 0 40
2354228 0 60
2355723 0 51
2357259 0 56
2358754 0 70
2360208 0 45
2361785 0 59
2363239 0 57
2364714 0 60
2366270 0 57
2367786 0 58
2369219 0 71
2370755 0 44
2372271 0 52
2373766 0 67
2375322 0 47
2376797 0 52
2378333 0 49
2379828 0 59
2381364 0 65
2382797 0 44
2384313 0 52
2385849 0 66
2387262 0 48
2388737 0 50
2390273 0 58
2391850 0 71
2393406 0 47
2394942 0 59
2396437 0 68
2397973 0 46
2399447 0 54
2400922 0 59
2402356 0 72
2403830 0 39
2405284 0 50
2406718 0 58
2408274 0 54
2409749 0 60
2411264 0 62
2412698 0 39
2414111 0 55
2415585 0 49
2417039 0 50
2418596 0 59
2420070 0 56
2421525 0 60
2422958 0 69
2424433 0 39
2425989 0 59
2427525 0 60
2429041 0 72
2430495 0 39
2432031 0 52
2433587 0 72
2434980 0 47
2436434 0 59
2437888 0 62
2439301 0 42
2440734 0 57
2442188 0 50
2443602 0 59
2445117 0 62
2446530 0 38
2448066 0 51
2449561 0 52
2451015 0 60
2452490 0 54
2453985 0 62
2455541 0 42
2457057 0 59
2458572 0 63
2460088 0 38
2461501 0 57
2463057 0 51
2464614 0 62
2466088 0 46
2467583 0 56
2469017 0 50
2470491 0 52
2472068 0 63
2473543 0 40
2475017 0 56
2476533 0 54
2478069 0 54
2479564 0 57
2481120 0 65
2482656 0 48
2484090 0 50
2485626 0 68
2487162 0 47
2488657 0 59
2490131 0 67
2491688 0 44
2493101 0 49
2494575 0 49
2496050 0 55
2497524 0 68
2499040 0 38
2500596 0 60
2502132 0 59
2503689 0 60
2505102 0 54
2506556 0 61
2507990 0 37
2509485 0 52
2510959 0 60
2512413 0 59
2513929 0 58
2515383 0 57
2516939 0 63
2518414 0 43
2519827 0 53
2521301 0 52
2522755 0 56
2524209 0 52
2525684 0 69
2527138 0 44
2528551 0 58
2530005 0 69
2531582 0 38
2533098 0 52
2534511 0 61
2536067 0 48
2537624 0 60
2539037 0 49
2540511 0 58
2542006 0 56
2543481 0 57
2545058 0 59
2546471 0 57
2547966 0 63
2549461 0 48
2550894 0 56
2552349 0 54
2553803 0 54
2555257 0 54
2556649 0 70
2558042 0 43
2559537 0 53
2560991 0 53
2562506 0 53
2564001 0 49
2565435 0 57
2567012 0 70
2568445 0 44
2569941 0 49
2571395 0 53
2572951 0 50
2574405 0 62
2575839 0 45
2577375 0 58
2578808 0 69
2580283 0 47
2581839 0 59
2583355 0 58
2584870 0 52
2586283 0 68
2587758 0 45
2589294 0 53
2590830 0 61
2592222 0 48
2593635 0 54
2595069 0 57
2596625 0 51
2598161 0 56
2599575 0 70
2600988 0 47
2602401 0 54
2603855 0 72
2605370 0 38
2606783 0 52
2608299 0 53
2609835 0 66
2611289 0 40
2612743 0 58
2614320 0 58
2615897 0 58
2617392 0 72
2618805 0 46
2620382 0 50
2621836 0 62
2623331 0 44
2624846 0 53
2626300 0 72
2627714 0 41
2629270 0 55
2630806 0 67
2632199 0 37
2633612 0 59
2635045 0 59
2636540 0 50
2638056 0 53
2639592 0 50
2641087 0 54
2642541 0 68
2644015 0 47
2645449 0 53
2647005 0 69
2648439 0 42
2649873 0 53
2651306 0 64
2652781 0 40
2654296 0 52
2655709 0 66
2657122 0 48
2658617 0 53
2660071 0 59
2661464 0 55
2662980 0 61
2664393 0 42
2665826 0 49
2667301 0 51
2668755 0 53
2670229 0 66
2671663 0 42
2673137 0 50
2674694 0 56
2676209 0 60
2677622 0 61
2679056 0 47
2680510 0 56
2682087 0 51
2683603 0 49
2685159 0 67
2686715 0 38
2688190 0 52
2689644 0 72
2691180 0 47
2692736 0 49
2694272 0 52
2695808 0 59
2697303 0 55
2698839 0 72
2700252 0 38
2701686 0 59
2703243 0 55
2704758 0 70
2706274 0 44
2707789 0 59
2709264 0 49
2710656 0 54
2712090 0 57
2713544 0 60
2715080 0 60
2716575 0 62
2718070 0 48
2719483 0 56
2720978 0 69
2722452 0 47
2723866 0 51
2725402 0 70
2726897 0 48
2728310 0 49
2729764 0 51
2731197 0 49
2732631 0 52
2734187 0 56
2735600 0 52
2737157 0 49
2738590 0 69
2740065 0 47
2741621 0 51
2743075 0 50
2744591 0 49
2746147 0 60
2747560 0 58
2749015 0 60
2750448 0 56
2751964 0 72
2753438 0 44
2754913 0 52
2756387 0 72
2757821 0 42
2759336 0 57
2760790 0 53
2762285 0 62
2763821 0 48
2765357 0 54
2766852 0 67
2768368 0 43
2769924 0 60
2771419 0 66
2772955 0 37
2774368 0 58
2775843 0 49
2777317 0 51
2778812 0 71
2780205 0 42
2781721 0 49
2783216 0 65
2784629 0 41
2786144 0 51
2787619 0 54
2789073 0 51
2790568 0 56
2792022 0 67
2793558 0 39
2795032 0 49
2796507 0 58
2798063 0 49
2799476 0 56
2800889 0 57
2802344 0 57
2803798 0 57
2805313 0 71
2806726 0 37
2808139 0 55
2809593 0 59
2811006 0 50
2812563 0 53
2814119 0 63
2815594 0 40
2817130 0 56
2818563 0 56
2819977 0 60
2821492 0 55
2822987 0 62
2824503 0 40
2826018 0 53
2827534 0 54
2829069 0 65
2830524 0 44
2831937 0 56
2853807 0 104
2855302 0 104
2856756 0 104
2858231 0 104
2859685 0 104
2861200 0 104
2862695 0 104
2864190 0 104
2865747 0 104
2867242 0 104
2868798 0 105
2870293 0 105
2871747 0 105
2873181 0 106
2874717 0 104
2876253 0 105
2877768 0 105
2879222 0 106
2880676 0 104
2882069 0 105
2883523 0 106
2885059 0 104
2886452 0 105
2887844 0 105
2889401 0 105
2890896 0 105
2892370 0 106
2893824 0 104
2895360 0 105
2896814 0 105
2898371 0 106
2899825 0 104
2901258 0 105
2902733 0 105
2904126 0 105
2905641 0 105
2907177 0 106
2908611 0 104
2910167 0 105
2911642 0 106
2913116 0 104
2914591 0 105
2916127 0 105
2917581 0 105
2919117 0 105
2920530 0 106
2921943 0 104
2923376 0 105
2924851 0 105
2926325 0 105
2927780 0 105
2929254 0 105
2930790 0 106
2932244 0 104
2933780 0 105
2935255 0 105
2936647 0 105
2938040 0 105
2939473 0 106
2941009 0 104
2942484 0 105
2943979 0 106
2945433 0 104
2946887 0 105
2948403 0 106
2949857 0 104
2951331 0 105
2952826 0 105
2954342 0 106
2955898 0 104
2957455 0 105
2958909 0 106
2960445 0 104
2961960 0 105
2963476 0 106
2964930 0 104
2966425 0 105
2967879 0 105
2969353 0 105
2970910 0 105
2972323 0 106
2973879 0 104
2975292 0 105
2976767 0 105
2978303 0 105
2979736 0 105
2981149 0 105
2982563 0 106
2983955 0 104
2985389 0 105
2986822 0 106
2988297 0 104
2989853 0 105
2991348 0 106
2992761 0 104
2994195 0 105
2995710 0 105
2997226 0 106
2998782 0 104
3000339 0 105
3001772 0 106
3003227 0 104
3004619 0 105
3006053 0 106
3007507 0 104
3009022 0 105
3010538 0 105
3011951 0 105
3013466 0 105
3014941 0 106
3016395 0 104
3017849 0 105
3019283 0 106
3020819 0 104
3022211 0 105
3023665 0 105
3025181 0 105
3026614 0 105
3028109 0 106
3029645 0 104
3031140 0 105
3032615 0 105
3034089 0 105
3035543 0 105
3036977 0 106
3038431 0 104
3039906 0 105
3041380 0 105
3042937 0 105
3044370 0 106
3045783 0 104
3047217 0 105
3048753 0 106
3050268 0 104
3051804 0 105
3053340 0 105
3054753 0 105
3056146 0 105
3057682 0 106
3059238 0 104
3060651 0 105
3062187 0 105
3063703 0 105
3065157 0 105
3066631 0 105
3068168 0 106
3069622 0 104
3071014 0 105
3072427 0 105
3073881 0 105
3075294 0 106
3076851 0 104
3078407 0 105
3079923 0 106
3081459 0 104
3083015 0 105
3084510 0 105
3086067 0 105
3087582 0 105
3089098 0 105
3090511 0 106
3091985 0 104
3093419 0 105
3094975 0 106
3096470 0 104
3097945 0 105
3099399 0 106
3100853 0 104
3102389 0 105
3103884 0 106
3105440 0 104
3106956 0 105
3108430 0 105
3109966 0 105
3111441 0 106
3112997 0 104
3114431 0 105
3115844 0 106
3117319 0 104
3118773 0 105
3120288 0 106
3121845 0 104
3123258 0 105
3124753 0 105
3126248 0 105
3127681 0 105
3129115 0 105
3130508 0 106
3131962 0 104
3133375 0 105
3134870 0 105
3136385 0 106
3137819 0 104
3139293 0 105
3140727 0 105
3142201 0 105
3143737 0 105
3145253 0 105
3146666 0 105
3148079 0 106
3149595 0 104
3151028 0 105
3152585 0 105
3154018 0 105
3155554 0 106
3157111 0 104
3158524 0 105
3159998 0 105
3161514 0 105
3162988 0 105
3164524 0 106
3166081 0 104
3167617 0 105
3169132 0 105
3170525 0 105
3171979 0 106
3173412 0 104
3174866 0 105
3176280 0 105
3177754 0 105
3179270 0 105
3180806 0 105
3182239 0 105
3183652 0 106
3185127 0 104
3186560 0 105
3187994 0 105
3189468 0 106
3191004 0 104
3192458 0 105
3193994 0 105
3195428 0 106
3196882 0 104
3198336 0 105
3199811 0 106
3201244 0 104
3202801 0 105
3204337 0 106
3205893 0 104
3207286 0 105
3208678 0 105
3210091 0 105
3211546 0 105
3213061 0 105
3214515 0 106
3215928 0 104
3217485 0 105
3219041 0 105
3220454 0 105
3221929 0 106
3223383 0 104
3224837 0 105
3226250 0 105
3227786 0 105
3229260 0 105
3230714 0 105
3232209 0 106
3233663 0 104
3235179 0 105
3236592 0 105
3238067 0 105
3239603 0 105
3241016 0 105
3242511 0 106
3243903 0 104
3245419 0 105
3246811 0 105
3248306 0 106
3249822 0 104
3251378 0 105
3252873 0 106
3254368 0 104
3255843 0 105
3257379 0 105
3258915 0 105
3260349 0 105
3261843 0 105
3263236 0 106
3264670 0 104
3266206 0 105
3267721 0 106
3269175 0 104
3270568 0 105
3272124 0 105
3273578 0 105
3275094 0 105
3276548 0 105
3278043 0 105
3279456 0 105
3280992 0 106
3282528 0 104
3284002 0 105
3285416 0 105
3286952 0 105
3288365 0 105
3289798 0 106
3291273 0 104
3292809 0 105
3294263 0 105
3295819 0 106
3297335 0 104
3298871 0 105
3300284 0 106
3301799 0 104
3303253 0 105
3304728 0 105
3306202 0 105
3307759 0 105
3309233 0 105
3310667 0 106
3312203 0 104
3313596 0 105
3315009 0 105
3316442 0 105
3317958 0 105
3319412 0 105
3320825 0 106
3322361 0 104
3323835 0 105
3325269 0 106
3326743 0 104
3328239 0 105
3329652 0 105
3331167 0 105
3332642 0 106
3334096 0 104
3335611 0 105
3337065 0 105
3338540 0 106
3339953 0 104
3341386 0 105
3342820 0 106
3344233 0 104
3345708 0 105
3347182 0 105
3348718 0 105
3350131 0 106
3351667 0 104
3353121 0 105
3354657 0 105
3356193 0 105
3357709 0 105
3359122 0 106
3360555 0 104
3361968 0 105
3363402 0 106
3364815 0 104
3366269 0 105
3367805 0 105
3369341 0 106
3370836 0 104
3372249 0 105
3373683 0 106
3375198 0 104
3376673 0 105
3378188 0 105
3379622 0 105
3381056 0 106
3382591 0 104
3384025 0 105
3385459 0 105
3386913 0 105
3388408 0 105
3389821 0 105
3391357 0 105
3392749 0 106
3394203 0 104
3395719 0 105
3397173 0 105
3398668 0 105
3400122 0 105
3401617 0 105
3403051 0 105
3404484 0 105
3406020 0 106
3407433 0 104
3408908 0 105
3410300 0 105
3411836 0 106
3413270 0 104
3414704 0 105
3416178 0 106
3417612 0 104
3419148 0 105
3420704 0 106
3422179 0 104
3423633 0 105
3425107 0 106
3426623 0 104
3428056 0 105
3429551 0 105
3431087 0 105
3432582 0 106
3434098 0 104
3435531 0 105
3437088 0 105
3438624 0 105
3440139 0 105
3441655 0 105
3443170 0 105
3444645 0 106
3446058 0 104
3447614 0 105
3449089 0 105
3450482 0 105
3452017 0 105
3453553 0 105
3454987 0 105
3456441 0 105
3457936 0 106
3459349 0 104
3460742 0 105
3462155 0 105
3463670 0 105
3465124 0 106
3466681 0 104
3468094 0 105
3469487 0 105
3471023 0 105
3472518 0 105
3474013 0 106
3475446 0 104
3476921 0 105
3478477 0 106
3479972 0 104
3481426 0 105
3482839 0 106
3484314 0 104
3485707 0 105
3487181 0 105
3488676 0 106
3490089 0 104
3491502 0 105
3492956 0 105
3494492 0 105
3495926 0 105
3497462 0 105
3498977 0 106
3500493 0 104
3502029 0 105
3503565 0 105
3505039 0 106
3506452 0 104
3507927 0 105
3509483 0 105
3510978 0 105
3512453 0 105
3513927 0 106
3515443 0 104
3516917 0 105
3518392 0 105
3519846 0 105
3521382 0 105
3522816 0 106
3524311 0 104
3525867 0 105
3527362 0 105
3528919 0 105
3530393 0 105
3531847 0 106
3533404 0 104
3534858 0 105
3536312 0 105
3537745 0 105
3539199 0 105
3540633 0 105
3542026 0 106
3543541 0 104
3544975 0 105
3546429 0 105
3547862 0 105
3549378 0 105
3550832 0 105
3552327 0 106
3553801 0 104
3555255 0 105
3556648 0 105
3558123 0 105
3559679 0 105
3561092 0 106
3562608 0 104
3564062 0 105
3565454 0 105
3566929 0 106
3568465 0 104
3569939 0 105
3571393 0 105
3572868 0 105
3574281 0 105
3575776 0 105
3577210 0 106
3578725 0 104
3580261 0 105
3581756 0 105
3583231 0 105
3584787 0 106
3586221 0 104
3587634 0 105
3589067 0 105
3590480 0 105
3591955 0 105
3593450 0 106
3595006 0 104
3596440 0 105
3597976 0 105
3599512 0 105
3601068 0 105
3602543 0 105
3603976 0 105
3605390 0 105
3606905 0 106
3608421 0 104
3609854 0 105
3611267 0 105
3612824 0 106
3614278 0 104
3615711 0 105
3617186 0 105
3618619 0 105
3620114 0 106
3621528 0 104
3622941 0 105
3624374 0 105
3625910 0 106
3627405 0 104
3628880 0 105
3630334 0 105
3631747 0 105
3633262 0 106
3634757 0 104
3636211 0 105
3637768 0 106
3639283 0 104
3640778 0 105
3642232 0 106
3643707 0 104
3645202 0 105
3646717 0 105
3648212 0 105
3649748 0 105
3651223 0 105
3652698 0 105
3654111 0 106
3655606 0 104
3657019 0 105
3658473 0 105
3659988 0 105
3661422 0 106
3662917 0 104
3664473 0 105
3666009 0 106
3667484 0 104
3668979 0 105
3670412 0 105
3671928 0 105
3673361 0 105
3674897 0 106
3676392 0 104
3677949 0 105
3679403 0 105
3680878 0 105
3682434 0 106
3683929 0 104
3685363 0 105
3686755 0 105
3688168 0 105
3689643 0 106
3691117 0 104
3692530 0 105
3694066 0 105
3695480 0 105
3696934 0 105
3698367 0 106
3699924 0 104
3701460 0 105
3702996 0 106
3704470 0 104
3705883 0 105
3707440 0 105
3708853 0 105
3710245 0 106
3711781 0 104
3713215 0 105
3714751 0 105
3716143 0 105
3717659 0 105
3719093 0 105
3720629 0 105
3722062 0 105
3723619 0 106
3725073 0 104
3726486 0 105
3728022 0 105
3729435 0 105
3730991 0 105
3732404 0 105
3733961 0 106
3735435 0 104
3736869 0 105
3738302 0 106
3739736 0 104
3741211 0 105
3742665 0 105
3744201 0 105
3745757 0 105
3747191 0 105
3748665 0 105
3750222 0 106
3751717 0 104
3753253 0 105
