26475 0 1
27909 0 10
29486 0 5
30940 0 10
32476 0 3
33971 0 5
35486 0 6
37063 0 7
38497 0 2
39890 0 6
41323 0 19
42859 0 21
44354 0 14
45767 0 13
47283 0 30
48634 0 12
50170 0 22
51706 0 36
53160 0 9
54676 0 19
56109 0 25
57604 0 5
59017 0 13
60492 0 29
61946 0 4
63380 0 18
64875 0 32
66308 0 3
67721 0 24
69134 0 27
70568 0 8
72083 0 24
73640 0 23
75196 0 24
76671 0 21
78125 0 36
79579 0 8
81135 0 23
82610 0 21
84146 0 15
85641 0 33
87218 0 9
88631 0 13
90106 0 34
91642 0 11
93157 0 17
94611 0 36
96086 0 5
97560 0 13
99014 0 15
100489 0 18
102025 0 16
103479 0 19
104892 0 26
106284 0 4
107657 0 18
109090 0 15
110565 0 21
112019 0 15
113514 0 17
115009 0 24
116483 0 29
117917 0 6
119473 0 18
121009 0 34
122484 0 12
123876 0 16
125371 0 22
126887 0 14
128361 0 13
129836 0 25
131351 0 12
132765 0 17
134280 0 29
135714 0 2
137127 0 18
138622 0 13
140076 0 22
141530 0 21
143045 0 22
144499 0 32
145974 0 4
147387 0 23
148800 0 28
150316 0 3
151831 0 19
153285 0 32
154801 0 12
156214 0 16
157606 0 20
159142 0 16
160576 0 22
162071 0 18
163627 0 36
165040 0 9
166495 0 18
167928 0 19
169362 0 14
170754 0 31
172249 0 5
173765 0 17
175198 0 16
176571 0 17
178004 0 16
179438 0 17
180871 0 24
182366 0 29
183779 0 12
185233 0 18
186749 0 17
188285 0 21
189841 0 27
191316 0 11
192811 0 16
194326 0 23
195883 0 23
197378 0 15
198852 0 17
200388 0 15
201904 0 25
203440 0 8
204935 0 14
206348 0 23
207884 0 15
209317 0 21
210772 0 20
212205 0 28
213721 0 4
215175 0 21
216752 0 27
218267 0 9
219742 0 22
221196 0 22
222773 0 26
224145 0 2
225619 0 22
227135 0 24
228568 0 18
230063 0 16
231456 0 29
232869 0 7
234323 0 20
235777 0 25
237252 0 6
238706 0 19
240242 0 18
241716 0 32
243191 0 11
244624 0 16
246058 0 30
247512 0 11
249007 0 20
250481 0 32
251915 0 11
253349 0 22
254782 0 21
256216 0 22
257793 0 18
259329 0 20
260885 0 26
262319 0 9
263855 0 15
265268 0 21
266824 0 17
268381 0 25
269896 0 4
271289 0 13
272784 0 19
274258 0 21
275733 0 24
277166 0 23
278559 0 19
279972 0 35
281488 0 5
282901 0 24
284437 0 19
285973 0 18
287468 0 27
288942 0 3
290355 0 24
291789 0 29
293243 0 7
294779 0 21
296315 0 22
297810 0 19
299223 0 17
300698 0 20
302152 0 29
303544 0 3
304978 0 23
306391 0 20
307927 0 14
309319 0 19
310753 0 34
312146 0 2
313661 0 16
315095 0 22
316610 0 33
318085 0 11
319498 0 24
320952 0 24
322385 0 24
323819 0 23
325232 0 21
326748 0 29
328181 0 11
329717 0 20
331233 0 14
332687 0 36
334141 0 5
335636 0 23
337090 0 23
338646 0 17
340100 0 19
341616 0 15
343111 0 28
344544 0 6
346121 0 18
347555 0 15
349050 0 21
350545 0 34
352019 0 9
353596 0 17
355153 0 13
356627 0 22
358122 0 28
359617 0 1
361031 0 15
362566 0 26
364082 0 2
365495 0 16
367011 0 21
368588 0 32
370021 0 7
371578 0 13
373113 0 22
374568 0 16
375981 0 24
377414 0 36
378930 0 11
380404 0 21
381817 0 13
383230 0 14
384664 0 17
386057 0 23
387613 0 36
389108 0 4
390583 0 24
392098 0 21
393675 0 31
395211 0 4
396706 0 18
398263 0 27
399717 0 2
401252 0 18
402686 0 25
404181 0 6
405738 0 16
407171 0 19
408748 0 15
410243 0 21
411718 0 13
413233 0 34
414646 0 7
416141 0 18
417575 0 17
419070 0 13
420585 0 17
422060 0 30
423411 0 8
424947 0 19
426442 0 19
427958 0 23
429412 0 24
430825 0 21
432320 0 20
433836 0 13
435290 0 36
436764 0 2
438177 0 17
439652 0 13
441106 0 23
442580 0 31
444116 0 3
445591 0 21
447147 0 28
448581 0 11
450076 0 19
451571 0 20
453168 0 17
454581 0 23
456097 0 30
457572 0 12
459046 0 20
460480 0 24
461954 0 17
463408 0 32
464924 0 9
466337 0 19
467852 0 13
469286 0 23
470678 0 20
472235 0 20
473750 0 20
475204 0 22
476699 0 26
478153 0 6
479628 0 13
481103 0 18
482557 0 24
484113 0 35
485629 0 10
487144 0 19
488598 0 16
490011 0 16
491486 0 34
493001 0 12
494496 0 21
495971 0 14
497466 0 27
498981 0 6
500538 0 19
502094 0 34
503487 0 10
504982 0 24
506456 0 19
507951 0 23
509405 0 16
510880 0 30
512273 0 2
513686 0 14
515099 0 15
516594 0 36
518048 0 8
519604 0 16
521140 0 20
522717 0 21
524171 0 28
525728 0 10
527161 0 14
528574 0 33
530110 0 9
531687 0 17
533162 0 18
534616 0 16
536049 0 16
537483 0 24
538958 0 29
540493 0 4
541928 0 23
543361 0 21
544794 0 15
546228 0 21
547784 0 21
549238 0 35
550795 0 8
552372 0 20
553805 0 26
555300 0 8
556816 0 16
558188 0 16
559560 0 23
561076 0 13
562571 0 23
564086 0 27
565479 0 12
566892 0 23
568387 0 25
569820 0 8
571274 0 14
572687 0 24
574101 0 22
575555 0 13
577091 0 15
578524 0 13
580019 0 25
581473 0 4
582948 0 16
584361 0 25
585856 0 9
587330 0 23
588846 0 34
590300 0 6
591795 0 14
593208 0 26
594642 0 9
596157 0 17
597550 0 20
599004 0 36
600560 0 3
602055 0 15
603591 0 15
605127 0 23
606684 0 17
608220 0 14
609653 0 13
611169 0 29
612684 0 4
614179 0 13
615715 0 20
617292 0 15
618787 0 33
620241 0 8
621757 0 15
623231 0 28
624706 0 11
626201 0 21
627737 0 36
629314 0 6
630870 0 23
632365 0 13
633799 0 23
635232 0 26
636625 0 9
638058 0 22
639492 0 33
640946 0 3
642421 0 19
643875 0 24
645390 0 20
646844 0 19
648360 0 32
649793 0 6
651309 0 24
652722 0 30
654094 0 7
655548 0 21
656982 0 14
658395 0 13
659808 0 25
661262 0 7
662777 0 14
664190 0 32
665563 0 8
667099 0 20
668573 0 13
670068 0 14
671522 0 26
672976 0 7
674533 0 24
675925 0 36
677482 0 2
678874 0 15
680390 0 22
681844 0 15
683359 0 22
684895 0 28
686288 0 12
687844 0 14
689319 0 15
690834 0 21
692288 0 14
693804 0 20
695360 0 19
696896 0 28
698371 0 12
699805 0 16
701197 0 23
702692 0 21
704208 0 20
705805 0 24
707239 0 13
708652 0 18
710085 0 26
711498 0 3
712973 0 20
714550 0 17
716045 0 13
717540 0 17
719035 0 35
720550 0 10
721984 0 24
723520 0 32
724953 0 9
726428 0 20
727944 0 27
729398 0 9
730893 0 22
732367 0 26
733739 0 10
735296 0 21
736832 0 19
738347 0 17
739781 0 16
741276 0 31
742832 0 8
744327 0 24
745822 0 13
747276 0 22
748812 0 21
750348 0 24
751782 0 25
753297 0 3
754792 0 14
756287 0 21
757864 0 22
759277 0 16
760670 0 13
762063 0 13
763517 0 17
765032 0 26
766527 0 2
768063 0 23
769517 0 16
770951 0 13
772384 0 27
773777 0 6
775251 0 13
776787 0 19
778262 0 23
779696 0 30
781170 0 9
782665 0 18
784181 0 17
785573 0 16
786945 0 31
788440 0 7
789874 0 24
791307 0 16
792721 0 16
794175 0 22
795629 0 18
797042 0 36
798516 0 7
800073 0 19
801609 0 24
803001 0 31
804476 0 1
806012 0 19
807507 0 24
809043 0 26
810456 0 5
812012 0 17
813487 0 14
815002 0 19
816497 0 14
817992 0 19
819447 0 33
820921 0 8
822498 0 22
824013 0 33
825529 0 12
827065 0 17
828519 0 22
830055 0 24
831570 0 15
833045 0 21
834520 0 14
836035 0 34
837550 0 7
839046 0 21
840602 0 19
842015 0 31
843531 0 2
844903 0 15
846398 0 18
847934 0 24
849388 0 23
850842 0 22
852357 0 17
853852 0 19
855347 0 36
856863 0 12
858296 0 20
859750 0 32
861143 0 6
862638 0 14
864072 0 26
865485 0 10
866918 0 20
868495 0 15
869949 0 24
871506 0 19
873062 0 35
874598 0 2
876011 0 16
877445 0 30
878817 0 11
880291 0 15
881786 0 36
883200 0 4
884572 0 20
886046 0 13
887521 0 15
889077 0 19
890593 0 28
892026 0 8
893542 0 17
894996 0 21
896491 0 36
898027 0 2
899399 0 24
900792 0 34
902266 0 1
903741 0 18
905277 0 14
906649 0 29
908123 0 8
909721 0 20
911298 0 13
912793 0 22
914349 0 24
915783 0 30
917278 0 3
918670 0 14
920104 0 22
921660 0 23
923073 0 15
924507 0 18
926022 0 13
942088 0 101
943521 0 101
944996 0 101
946450 0 101
947863 0 101
949297 0 101
950832 0 101
952287 0 101
953700 0 101
955256 0 101
956710 0 102
958144 0 102
959577 0 103
961011 0 101
962526 0 102
964042 0 102
965496 0 102
966991 0 102
968486 0 102
969878 0 102
971271 0 103
972705 0 101
974138 0 102
975531 0 102
977067 0 102
978603 0 103
980036 0 101
981531 0 102
983047 0 102
984440 0 103
985996 0 101
987511 0 102
988925 0 102
990399 0 102
991915 0 102
993307 0 102
994843 0 102
996318 0 102
997813 0 103
999328 0 101
1000741 0 102
1002236 0 102
1003731 0 102
1005145 0 102
1006639 0 103
1008175 0 101
1009568 0 102
1011104 0 102
1012497 0 102
1013992 0 102
1015405 0 102
1016941 0 103
1018395 0 101
1019869 0 102
1021385 0 102
1022818 0 103
1024231 0 101
1025645 0 102
1027160 0 103
1028594 0 101
1030089 0 102
1031543 0 103
1033038 0 101
1034492 0 102
1035966 0 103
1037400 0 101
1038895 0 102
1040349 0 103
1041844 0 101
1043318 0 102
1044772 0 103
1046308 0 101
1047803 0 102
1049319 0 102
1050834 0 102
1052370 0 103
1053865 0 101
1055401 0 102
1056815 0 102
1058310 0 102
1059743 0 102
1061238 0 102
1062692 0 102
1064105 0 102
1065539 0 103
1067034 0 101
1068508 0 102
1069942 0 102
1071355 0 103
1072912 0 101
1074345 0 102
1075861 0 102
1077315 0 102
1078748 0 102
1080223 0 102
1081738 0 103
1083172 0 101
1084646 0 102
1086100 0 102
1087554 0 103
1089049 0 101
1090524 0 102
1091958 0 102
1093494 0 102
1094948 0 102
1096361 0 102
1097774 0 102
1099289 0 103
1100784 0 101
1102218 0 102
1103610 0 102
1105044 0 102
1106498 0 102
1107952 0 102
1109406 0 103
1110881 0 101
1112273 0 102
1113768 0 102
1115202 0 102
1116738 0 102
1118171 0 102
1119564 0 103
1121018 0 101
1122513 0 102
1123988 0 102
1125421 0 103
1126916 0 101
1128350 0 102
1129783 0 103
1131237 0 101
1132733 0 102
1134207 0 103
1135784 0 101
1137177 0 102
1138713 0 103
1140167 0 101
1141621 0 102
1143075 0 102
1144488 0 102
1145983 0 102
1147478 0 102
1148891 0 102
1150284 0 103
1151779 0 101
1153315 0 102
1154830 0 102
1156223 0 102
1157636 0 102
1159049 0 102
1160523 0 102
1161998 0 103
1163513 0 101
1164967 0 102
1166401 0 102
1167794 0 102
1169207 0 102
1170620 0 102
1172033 0 103
1173446 0 101
1174859 0 102
1176272 0 102
1177665 0 102
1179119 0 102
1180655 0 103
1182088 0 101
1183481 0 102
1184874 0 102
1186266 0 102
1187659 0 102
1189051 0 103
1190506 0 101
1191919 0 102
1193455 0 103
1194888 0 101
1196281 0 102
1197837 0 102
1199332 0 102
1200725 0 102
1202199 0 102
1203674 0 103
1205230 0 101
1206664 0 102
1208118 0 102
1209613 0 103
1211047 0 101
1212460 0 102
1213934 0 102
1215470 0 102
1216883 0 102
1218317 0 102
1219709 0 102
1221102 0 103
1222679 0 101
1224113 0 102
1225546 0 103
1226959 0 101
1228372 0 102
1229806 0 102
1231219 0 102
1232694 0 103
1234189 0 101
1235704 0 102
1237158 0 103
1238571 0 101
1240005 0 102
1241541 0 103
1243097 0 101
1244592 0 102
1246046 0 102
1247439 0 102
1248913 0 102
1250408 0 102
1251924 0 102
1253317 0 102
1254853 0 103
1256348 0 101
1257761 0 102
1259194 0 102
1260689 0 102
1262143 0 102
1263618 0 102
1265072 0 102
1266567 0 102
1268103 0 103
1269557 0 101
1270949 0 102
1272342 0 103
1273837 0 101
1275373 0 102
1276889 0 102
1278425 0 102
1279899 0 103
1281333 0 101
1282828 0 102
1284261 0 103
1285777 0 101
1287210 0 102
1288746 0 102
1290221 0 102
1291757 0 102
1293293 0 102
1294829 0 102
1296324 0 102
1297778 0 103
1299355 0 101
1300891 0 102
1302304 0 102
1303696 0 102
1305212 0 102
1306645 0 102
1308140 0 102
1309615 0 103
1311171 0 101
1312626 0 102
1314059 0 102
1315595 0 103
1317090 0 101
1318544 0 102
1320039 0 103
1321493 0 101
1322886 0 102
1324340 0 103
1325773 0 101
1327187 0 102
1328579 0 102
1330074 0 102
1331590 0 102
1333003 0 103
1334416 0 101
1335890 0 102
1337385 0 102
1338778 0 102
1340232 0 102
1341686 0 102
1343140 0 103
1344615 0 101
1346028 0 102
1347420 0 102
1348936 0 103
1350472 0 101
1351885 0 102
1353319 0 102
1354793 0 102
1356288 0 103
1357701 0 101
1359176 0 102
1360650 0 102
1362104 0 102
1363558 0 102
1365094 0 102
1366507 0 103
1367982 0 101
1369538 0 102
1371074 0 103
1372631 0 101
1374105 0 102
1375600 0 103
1377116 0 101
1378652 0 102
1380085 0 103
1381642 0 101
1383198 0 102
1384611 0 103
1386086 0 101
1387540 0 102
1389035 0 102
1390489 0 102
1391964 0 102
1393500 0 102
1394954 0 102
1396408 0 103
1397882 0 101
1399377 0 102
1400790 0 102
1402204 0 103
1403739 0 101
1405234 0 102
1406668 0 102
1408061 0 102
1409576 0 103
1411112 0 101
1412628 0 102
1414164 0 103
1415679 0 101
1417174 0 102
1418669 0 102
1420185 0 102
1421577 0 102
1423072 0 102
1424526 0 103
1426021 0 101
1427434 0 102
1428991 0 102
1430506 0 102
1431899 0 103
1433353 0 101
1434746 0 102
1436138 0 102
1437572 0 102
1439067 0 102
1440500 0 102
1441975 0 103
1443531 0 101
1444985 0 102
1446439 0 103
1447914 0 101
1449307 0 102
1450802 0 103
1452215 0 101
1453710 0 102
1455184 0 102
1456638 0 102
1458072 0 102
1459567 0 103
1461021 0 101
1462475 0 102
1463970 0 102
1465485 0 102
1466878 0 102
1468291 0 102
1469704 0 103
1471240 0 101
1472694 0 102
1474230 0 102
1475746 0 102
1477159 0 102
1478572 0 102
1480026 0 103
1481582 0 101
1483037 0 102
1484552 0 102
1486088 0 103
1487501 0 101
1488955 0 102
1490368 0 103
1491863 0 101
1493399 0 102
1494894 0 102
1496430 0 103
1497966 0 101
1499461 0 102
1500936 0 102
1502410 0 102
1503905 0 102
1505380 0 103
1506813 0 101
1508308 0 102
1509803 0 102
1511339 0 102
1512732 0 102
1514125 0 102
1515538 0 102
1516992 0 103
1518466 0 101
1519900 0 102
1521292 0 103
1522849 0 101
1524282 0 102
1525818 0 103
1527313 0 101
1528829 0 102
1530242 0 102
1531778 0 102
1533314 0 102
1534727 0 102
1536181 0 103
1537738 0 101
1539171 0 102
1540584 0 102
1541977 0 103
1543554 0 101
1544987 0 102
1546400 0 102
1547793 0 103
1549329 0 101
1550824 0 102
1552237 0 103
1553671 0 101
1555186 0 102
1556640 0 102
1558053 0 102
1559487 0 102
1561002 0 103
1562436 0 101
1563972 0 102
1565365 0 102
1566880 0 103
1568437 0 101
1569829 0 102
1571222 0 103
1572655 0 101
1574191 0 102
1575666 0 102
1577099 0 102
1578615 0 102
1580151 0 103
1581564 0 101
1582957 0 102
1584390 0 102
1585844 0 102
1587278 0 102
1588732 0 103
1590165 0 101
1591599 0 102
1592992 0 103
1594446 0 101
1595982 0 102
1597436 0 102
1598890 0 102
1600344 0 102
1601777 0 102
1603252 0 103
1604788 0 101
1606242 0 102
1607696 0 102
1609150 0 102
1610543 0 102
1611976 0 102
1613369 0 103
1614925 0 101
1616441 0 102
1617874 0 102
1619349 0 102
1620885 0 102
1622359 0 103
1623793 0 101
1625227 0 102
1626681 0 103
1628237 0 101
1629650 0 102
1631043 0 102
1632517 0 103
1633951 0 101
1635405 0 102
1636941 0 102
1638375 0 102
1639890 0 102
1641426 0 103
1642941 0 101
1644477 0 102
1645891 0 103
1647304 0 101
1648737 0 102
1650130 0 102
1651522 0 103
1652956 0 101
1654369 0 102
1655803 0 102
1657298 0 102
1658813 0 102
1660206 0 102
1661619 0 103
1663093 0 101
1664588 0 102
1665981 0 102
1667476 0 102
1668930 0 102
1670343 0 103
1671859 0 101
1673354 0 102
1674787 0 102
1676221 0 102
1677675 0 102
1679088 0 103
1680501 0 101
1682058 0 102
1683532 0 102
1685027 0 103
1686481 0 101
1687935 0 102
1689389 0 103
1690884 0 101
1692379 0 102
1693813 0 102
1695287 0 103
1696721 0 101
1698134 0 102
1699609 0 102
1701063 0 103
1702496 0 101
1704053 0 102
1705507 0 102
1706940 0 103
1708435 0 101
1709930 0 102
1711323 0 102
1712798 0 103
1714333 0 101
1715869 0 102
1717405 0 102
1718880 0 102
1720273 0 102
1721665 0 103
1723222 0 101
1724737 0 102
1726232 0 102
1727666 0 102
1729120 0 102
1730533 0 103
1732089 0 101
1733502 0 102
1734936 0 102
1736472 0 103
1737967 0 101
1739503 0 102
1741018 0 102
1742554 0 102
1744008 0 103
1745442 0 101
1746835 0 102
1748371 0 103
1749804 0 101
1751258 0 102
1752671 0 102
1754187 0 102
1755702 0 103
1757218 0 101
1758651 0 102
1760126 0 103
1761621 0 101
1763054 0 102
1764468 0 103
1766024 0 101
1767437 0 102
1768830 0 103
1770243 0 101
1771717 0 102
1773212 0 102
1774728 0 102
1776243 0 102
1777738 0 102
1779152 0 102
1780585 0 103
1782141 0 101
1783575 0 102
1784968 0 102
1786463 0 102
1787978 0 102
1789371 0 102
1790866 0 103
1792422 0 101
1793876 0 102
1795310 0 102
1796846 0 102
1798361 0 103
1799897 0 101
1801392 0 102
1802846 0 102
1804300 0 103
1805836 0 101
1807311 0 102
1808786 0 102
1810199 0 102
1811591 0 102
1813086 0 103
1814602 0 101
1815994 0 102
1817428 0 103
1818923 0 101
1820356 0 102
1821790 0 103
1823285 0 101
1824739 0 102
1826234 0 102
1827688 0 102
1829163 0 102
1830637 0 102
1832132 0 103
1833566 0 101
1835020 0 102
1860680 0 39
1862113 0 46
1863588 0 39
1864980 0 47
1866435 0 42
1867909 0 42
1869302 0 42
1870858 0 42
1872271 0 37
1873664 0 44
1875098 0 60
1876572 0 59
1877985 0 58
1879562 0 58
1881118 0 56
1882675 0 67
1884190 0 46
1885644 0 51
1887058 0 58
1888593 0 50
1890027 0 52
1891481 0 64
1892935 0 47
1894430 0 57
1896007 0 49
1897502 0 49
1898997 0 57
1900451 0 67
1901885 0 38
1903441 0 49
1904875 0 55
1906370 0 52
1907824 0 52
1909298 0 57
1910814 0 51
1912309 0 64
1913845 0 40
1915360 0 55
1916794 0 66
1918309 0 40
1919886 0 55
1921422 0 59
1922979 0 51
1924515 0 52
1925948 0 59
1927423 0 67
1928877 0 48
1930331 0 55
1931806 0 69
1933280 0 46
1934816 0 58
1936291 0 60
1937786 0 49
1939281 0 53
1940796 0 50
1942230 0 55
1943786 0 71
1945179 0 47
1946694 0 49
1948107 0 69
1949684 0 38
1951159 0 59
1952633 0 55
1954128 0 70
1955582 0 37
1957077 0 52
1958552 0 61
1960108 0 40
1961603 0 56
1963057 0 53
1964471 0 58
1966027 0 72
1967542 0 48
1969058 0 55
1970532 0 67
1972068 0 41
1973584 0 59
1975099 0 52
1976513 0 59
1977946 0 67
1979482 0 40
1981039 0 52
1982493 0 55
1983947 0 49
1985442 0 49
1986916 0 50
1988309 0 57
1989783 0 67
1991237 0 46
1992691 0 56
1994227 0 58
1995661 0 58
1997176 0 54
1998692 0 63
2000207 0 44
2001621 0 58
2003116 0 55
2004590 0 52
2006106 0 60
2007601 0 59
2009096 0 64
2010652 0 43
2012168 0 59
2013581 0 51
2015096 0 56
2016530 0 68
2018045 0 41
2019479 0 58
2021056 0 55
2022510 0 55
2023984 0 63
2025397 0 45
2026933 0 60
2028367 0 54
2029821 0 59
2031316 0 51
2032832 0 51
2034327 0 49
2035883 0 54
2037317 0 67
2038812 0 46
2040307 0 50
2041740 0 59
2043215 0 49
2044628 0 53
2046082 0 51
2047536 0 55
2049092 0 63
2050649 0 37
2052103 0 53
2053557 0 54
2055072 0 51
2056567 0 64
2058083 0 44
2059496 0 50
2060950 0 68
2062343 0 39
2063776 0 52
2065333 0 59
2066766 0 66
2068200 0 38
2069756 0 52
2071333 0 49
2072808 0 58
2074262 0 52
2075818 0 54
2077334 0 64
2078747 0 41
2080262 0 53
2081819 0 59
2083334 0 50
2084829 0 53
2086386 0 54
2087799 0 55
2089232 0 56
2090768 0 61
2092243 0 43
2093758 0 60
2095171 0 67
2096585 0 44
2098059 0 51
2099534 0 51
2101090 0 57
2102524 0 59
2104060 0 56
2105555 0 66
2107111 0 45
2108647 0 52
2110163 0 57
2111678 0 53
2113112 0 70
2114525 0 47
2116040 0 56
2117453 0 50
2118866 0 67
2120341 0 46
2121836 0 52
2123270 0 61
2124744 0 42
2126301 0 57
2127734 0 52
2129209 0 58
2130704 0 50
2132260 0 53
2133796 0 57
2135332 0 65
2136766 0 42
2138179 0 51
2139715 0 55
2141189 0 57
2142766 0 51
2144261 0 60
2145756 0 61
2147169 0 47
2148582 0 54
2150057 0 62
2151552 0 47
2153006 0 52
2154562 0 49
2155996 0 60
2157389 0 52
2158884 0 72
2160379 0 43
2161812 0 52
2163287 0 56
2164720 0 51
2166277 0 51
2167690 0 64
2169082 0 46
2170659 0 51
2172072 0 60
2173608 0 56
2175165 0 61
2176680 0 38
2178134 0 51
2179589 0 51
2181043 0 56
2182538 0 49
2183971 0 58
2185425 0 57
2186900 0 70
2188415 0 40
2189849 0 49
2191405 0 51
2192900 0 53
2194293 0 49
2195726 0 65
2197221 0 40
2198737 0 59
2200252 0 51
2201707 0 51
2203120 0 61
2204676 0 42
2206130 0 54
2207646 0 54
2209182 0 52
2210656 0 51
2212090 0 52
2213646 0 62
2215100 0 38
2216493 0 51
2218049 0 63
2219565 0 42
2221121 0 52
2222596 0 56
2224070 0 70
2225442 0 45
2226999 0 49
2228473 0 71
2229887 0 40
2231402 0 50
2232917 0 56
2234474 0 69
2235907 0 45
2237403 0 59
2238918 0 59
2240372 0 50
2241785 0 52
2243301 0 51
2244734 0 56
2246168 0 72
2247642 0 42
2249178 0 51
2250694 0 60
2252230 0 55
2253745 0 57
2255199 0 58
2256735 0 59
2258210 0 71
2259766 0 41
2261261 0 51
2262674 0 58
2264251 0 69
2265787 0 37
2267221 0 51
2268716 0 58
2270149 0 69
2271563 0 42
2273058 0 50
2274471 0 50
2275884 0 52
2277317 0 58
2278833 0 67
2280266 0 41
2281761 0 59
2283215 0 56
2284772 0 57
2286226 0 54
2287639 0 71
2289073 0 41
2290568 0 49
2291981 0 62
2293496 0 45
2295012 0 60
2296548 0 51
2298043 0 67
2299476 0 40
2300971 0 55
2302405 0 57
2303961 0 54
2305497 0 65
2306992 0 43
2308405 0 57
2309941 0 64
2311436 0 40
2312890 0 54
2314447 0 70
2315921 0 47
2317396 0 57
2318952 0 70
2320365 0 42
2321840 0 60
2323274 0 67
2324707 0 37
2326141 0 54
2327574 0 54
2329090 0 50
2330544 0 51
2332100 0 52
2333575 0 49
2334967 0 70
2336381 0 43
2337835 0 52
2339350 0 55
2340907 0 60
2342381 0 64
2343835 0 47
2345351 0 49
2346805 0 51
2348361 0 53
2349774 0 51
2351208 0 60
2352703 0 70
2354095 0 44
2355611 0 50
2357004 0 66
2358560 0 44
2360075 0 52
2361550 0 56
2362984 0 62
2364397 0 38
2365892 0 49
2367366 0 50
2368841 0 51
2370274 0 62
2371790 0 44
2373244 0 59
2374739 0 64
2376213 0 46
2377770 0 51
2379265 0 62
2380801 0 43
2382296 0 57
2383791 0 52
2385347 0 56
2386822 0 51
2388276 0 72
2389709 0 40
2391164 0 53
2392618 0 61
2394072 0 37
2395546 0 59
2397082 0 68
2398536 0 38
2400052 0 50
2401588 0 67
2402980 0 47
2404475 0 52
2405888 0 61
2407404 0 45
2408899 0 53
2410353 0 66
2411828 0 43
2413363 0 60
2414879 0 66
2416415 0 37
2417849 0 53
2419303 0 56
2420777 0 60
2422190 0 55
2423685 0 49
2425098 0 61
2426614 0 43
2428088 0 49
2429624 0 66
2431017 0 44
2432471 0 57
2433966 0 52
2435379 0 59
2436813 0 50
2438369 0 64
2439885 0 46
2441441 0 59
2442957 0 59
2444472 0 65
2445885 0 39
2447421 0 49
2448937 0 60
2450473 0 51
2451886 0 69
2453381 0 42
2454835 0 59
2456309 0 49
2457743 0 70
2459135 0 41
2460549 0 52
2462003 0 58
2463559 0 58
2465013 0 59
2466570 0 60
2468044 0 64
2469601 0 48
2471075 0 57
2472631 0 59
2474188 0 52
2475683 0 56
2477198 0 64
2478734 0 42
2480270 0 57
2481786 0 72
2483281 0 48
2484755 0 57
2486189 0 52
2487745 0 70
2489179 0 39
2490654 0 55
2492210 0 60
2493644 0 68
2495159 0 46
2496593 0 60
2498067 0 68
2499624 0 46
2501201 0 59
2502655 0 61
2504129 0 37
2505563 0 60
2506996 0 70
2508409 0 42
2509802 0 49
2511297 0 64
2512751 0 46
2514246 0 58
2515803 0 60
2517359 0 53
2518915 0 59
2520390 0 58
2521865 0 55
2523319 0 69
2524793 0 41
2526247 0 56
2527660 0 56
2529135 0 56
2530691 0 55
2532145 0 67
2533599 0 38
2535074 0 52
2536548 0 51
2538023 0 52
2539538 0 55
2540972 0 69
2542528 0 40
2544044 0 49
2545559 0 66
2547014 0 44
2548468 0 53
2549963 0 50
2551519 0 69
2552994 0 37
2554448 0 55
2556004 0 52
2557458 0 49
2558933 0 55
2560346 0 50
2561800 0 69
2563377 0 37
2564933 0 54
2566469 0 61
2568005 0 40
2569480 0 50
2570975 0 61
2572531 0 45
2574026 0 60
2575542 0 72
2577078 0 48
2578511 0 59
2580068 0 54
2581501 0 55
2582996 0 56
2584491 0 72
2585945 0 48
2587358 0 60
2588812 0 71
2590287 0 40
2591721 0 52
2593277 0 65
2594752 0 48
2596144 0 52
2597557 0 58
2598991 0 52
2600506 0 52
2601960 0 65
2603373 0 42
2604889 0 50
2606445 0 59
2608002 0 57
2609435 0 50
2610910 0 57
2612466 0 53
2613859 0 66
2615272 0 40
2616726 0 57
2618221 0 51
2619757 0 57
2621273 0 51
2622706 0 60
2624222 0 70
2625635 0 47
2627048 0 56
2628604 0 52
2630038 0 50
2631553 0 54
2632987 0 52
2634462 0 67
2635916 0 37
2637452 0 60
2638865 0 57
2640360 0 55
2641855 0 62
2643350 0 44
2644906 0 53
2646319 0 53
2647753 0 55
2649248 0 65
2650763 0 41
2652299 0 52
2653835 0 49
2655351 0 49
2656825 0 56
2658300 0 60
2659754 0 63
2661269 0 42
2662785 0 50
2664341 0 56
2665795 0 54
2667229 0 60
2668703 0 67
2670096 0 40
2671632 0 53
2673066 0 69
2674602 0 45
2676015 0 54
2677489 0 49
2678964 0 69
2680479 0 43
2682015 0 53
2683490 0 55
2684903 0 50
2686336 0 56
2687811 0 68
2689326 0 44
2690821 0 57
2692275 0 62
2693791 0 42
2695245 0 58
2696720 0 57
2698256 0 51
2699730 0 60
2701143 0 72
2702679 0 37
2704133 0 51
2705669 0 60
2707226 0 50
2708700 0 59
2710113 0 56
2711608 0 70
2712980 0 42
2714455 0 58
2716032 0 53
2717588 0 54
2719083 0 50
2720619 0 70
2722135 0 41
2723548 0 56
2725104 0 60
2726558 0 50
2728094 0 69
2729651 0 45
2731187 0 53
2732661 0 61
2734115 0 38
2735631 0 56
2737064 0 55
2738600 0 53
2740157 0 55
2741672 0 64
2743167 0 39
2744703 0 57
2746219 0 56
2747755 0 59
2749209 0 51
2750724 0 52
2752260 0 52
2753776 0 59
2755271 0 65
2756745 0 46
2758179 0 60
2759653 0 65
2761169 0 41
2762582 0 58
2764118 0 55
2786415 0 104
2787951 0 104
2789405 0 104
2790859 0 104
2792313 0 104
2793829 0 104
2795242 0 104
2796696 0 104
2798130 0 104
2799584 0 104
2801079 0 105
2802635 0 105
2804028 0 106
2805584 0 104
2807018 0 105
2808513 0 106
2809967 0 104
2811462 0 105
2812998 0 105
2814534 0 105
2815967 0 105
2817442 0 106
2818917 0 104
2820371 0 105
2821866 0 105
2823422 0 105
2824979 0 105
2826392 0 105
2827928 0 105
2829361 0 105
2830795 0 106
2832290 0 104
2833744 0 105
2835177 0 105
2836611 0 105
2838024 0 105
2839437 0 105
2840891 0 106
2842407 0 104
2843840 0 105
2845294 0 105
2846810 0 105
2848325 0 106
2849738 0 104
2851233 0 105
2852708 0 106
2854203 0 104
2855677 0 105
2857070 0 105
2858627 0 106
2860060 0 104
2861453 0 105
2862927 0 106
2864402 0 104
2865856 0 105
2867330 0 105
2868764 0 105
2870177 0 105
2871652 0 105
2873126 0 106
2874560 0 104
2876096 0 105
2877632 0 105
2879147 0 105
2880663 0 106
2882076 0 104
2883530 0 105
2885004 0 106
2886499 0 104
2888015 0 105
2889448 0 105
2890902 0 106
2892459 0 104
2893974 0 105
2895367 0 105
2896821 0 105
2898234 0 105
2899791 0 105
2901204 0 105
2902740 0 106
2904235 0 104
2905750 0 105
2907266 0 105
2908720 0 105
2910235 0 106
2911669 0 104
2913102 0 105
2914618 0 105
2916031 0 106
2917505 0 104
2918919 0 105
2920393 0 105
2921929 0 105
2923404 0 106
2924817 0 104
2926230 0 105
2927745 0 106
2929281 0 104
2930817 0 105
2932271 0 106
2933807 0 104
2935323 0 105
2936756 0 106
2938272 0 104
2939726 0 105
2941262 0 105
2942695 0 105
2944231 0 105
2945644 0 106
2947098 0 104
2948532 0 105
2949925 0 105
2951420 0 105
2952833 0 105
2954307 0 105
2955802 0 106
2957215 0 104
2958649 0 105
2960144 0 105
2961680 0 105
2963114 0 105
2964650 0 105
2966063 0 105
2967537 0 105
2968971 0 106
2970445 0 104
2971920 0 105
2973415 0 105
2974807 0 106
2976241 0 104
2977716 0 105
2979211 0 105
2980767 0 105
2982201 0 105
2983675 0 106
2985150 0 104
2986583 0 105
2988058 0 105
2989573 0 105
2991109 0 105
2992563 0 105
2994058 0 106
2995471 0 104
2996946 0 105
2998441 0 106
2999854 0 104
3001308 0 105
3002721 0 106
3004175 0 104
3005670 0 105
3007145 0 105
3008681 0 105
3010155 0 105
3011671 0 105
3013063 0 105
3014456 0 106
3015992 0 104
3017548 0 105
3019064 0 105
3020538 0 105
3021993 0 105
3023488 0 106
3024942 0 104
3026437 0 105
3027870 0 106
3029345 0 104
3030840 0 105
3032314 0 106
3033727 0 104
3035222 0 105
3036717 0 105
3038253 0 105
3039687 0 105
3041182 0 105
3042616 0 106
3044172 0 104
3045626 0 105
3047182 0 106
3048739 0 104
3050172 0 105
3051627 0 105
3053081 0 105
3054514 0 105
3055989 0 106
3057402 0 104
3058835 0 105
3060351 0 105
3061764 0 105
3063279 0 105
3064836 0 106
3066331 0 104
3067723 0 105
3069157 0 105
3070591 0 105
3072086 0 105
3073642 0 105
3075076 0 106
3076571 0 104
3077984 0 105
3079520 0 105
3080974 0 105
3082469 0 106
3083923 0 104
3085397 0 105
3086892 0 106
3088367 0 104
3089882 0 105
3091377 0 105
3092872 0 105
3094265 0 105
3095678 0 106
3097153 0 104
3098545 0 105
3099958 0 105
3101453 0 105
3102867 0 105
3104382 0 106
3105918 0 104
3107331 0 105
3108867 0 105
3110362 0 105
3111898 0 105
3113373 0 106
3114806 0 104
3116342 0 105
3117755 0 105
3119209 0 105
3120663 0 105
3122076 0 106
3123510 0 104
3124985 0 105
3126459 0 105
3128016 0 106
3129408 0 104
3130862 0 105
3132378 0 106
3133811 0 104
3135327 0 105
3136883 0 105
3138296 0 106
3139832 0 104
3141286 0 105
3142679 0 105
3144072 0 105
3145464 0 106
3147021 0 104
3148475 0 105
3149970 0 105
3151424 0 105
3152837 0 105
3154352 0 106
3155868 0 104
3157424 0 105
3158817 0 105
3160332 0 105
3161848 0 105
3163404 0 105
3164961 0 105
3166374 0 106
3167828 0 104
3169282 0 105
3170797 0 106
3172190 0 104
3173665 0 105
3175201 0 106
3176696 0 104
3178150 0 105
3179686 0 105
3181222 0 105
3182758 0 105
3184273 0 106
3185686 0 104
3187222 0 105
3188676 0 105
3190171 0 105
3191646 0 105
3193141 0 106
3194677 0 104
3196192 0 105
3197728 0 105
3199162 0 105
3200698 0 106
3202111 0 104
3203503 0 105
3204998 0 105
3206391 0 105
3207866 0 106
3209340 0 104
3210876 0 105
3212371 0 105
3213887 0 105
3215279 0 106
3216692 0 104
3218085 0 105
3219600 0 105
3221054 0 105
3222611 0 105
3224167 0 105
3225621 0 106
3227117 0 104
3228632 0 105
3230086 0 106
3231561 0 104
3233056 0 105
3234489 0 105
3235882 0 105
3237274 0 105
3238667 0 106
3240080 0 104
3241555 0 105
3243070 0 106
3244483 0 104
3246019 0 105
3247514 0 105
3248989 0 106
3250484 0 104
3251938 0 105
3253330 0 105
3254846 0 106
3256300 0 104
3257795 0 105
3259310 0 105
3260744 0 105
3262259 0 105
3263714 0 106
3265250 0 104
3266704 0 105
3268158 0 106
3269653 0 104
3271127 0 105
3272663 0 105
3274117 0 106
3275530 0 104
3276923 0 105
3278459 0 106
3280015 0 104
3281490 0 105
3283026 0 105
3284418 0 105
3285954 0 105
3287388 0 105
3288801 0 105
3290214 0 105
3291648 0 106
3293204 0 104
3294617 0 105
3296030 0 106
3297525 0 104
3298959 0 105
3300515 0 105
3301969 0 105
3303505 0 105
3305062 0 106
3306598 0 104
3308113 0 105
3309629 0 105
3311185 0 105
3312619 0 105
3314052 0 105
3315507 0 105
3317002 0 106
3318558 0 104
3320053 0 105
3321548 0 106
3323064 0 104
3324579 0 105
3326094 0 106
3327590 0 104
3329084 0 105
3330559 0 105
3331972 0 105
3333426 0 105
3334860 0 105
3336355 0 106
3337768 0 104
3339242 0 105
3340737 0 105
3342151 0 105
3343564 0 105
3344977 0 105
3346410 0 106
3347885 0 104
3349318 0 105
3350711 0 105
3352124 0 105
3353681 0 105
3355094 0 105
3356630 0 105
3358022 0 106
3359538 0 104
3360971 0 105
3362528 0 106
3364023 0 104
3365436 0 105
3366890 0 105
3368385 0 105
3369860 0 105
3371252 0 106
3372788 0 104
3374304 0 105
3375737 0 106
3377171 0 104
3378584 0 105
3380058 0 105
3381451 0 105
3383007 0 106
3384502 0 104
3386059 0 105
3387513 0 105
3389049 0 105
3390544 0 106
3391957 0 104
3393391 0 105
3394783 0 105
3396299 0 106
3397753 0 104
3399227 0 105
3400722 0 105
3402279 0 105
3403733 0 106
3405166 0 104
3406641 0 105
3408136 0 106
3409651 0 104
3411126 0 105
3412600 0 105
3414013 0 105
3415468 0 105
3416963 0 105
3418499 0 106
3419953 0 104
3421366 0 105
3422758 0 106
3424315 0 104
3425851 0 105
3427305 0 105
3428800 0 105
3430254 0 106
3431667 0 104
3433162 0 105
3434718 0 105
3436152 0 105
3437647 0 106
3439101 0 104
3440535 0 105
3442071 0 106
3443586 0 104
3444979 0 105
3446371 0 105
3447846 0 106
3449402 0 104
3450856 0 105
3452392 0 105
3453887 0 105
3455444 0 106
3456918 0 104
3458372 0 105
3459888 0 106
3461362 0 104
3462898 0 105
3464373 0 105
3465909 0 105
3467404 0 105
3468837 0 105
3470292 0 106
3471807 0 104
3473302 0 105
3474715 0 105
3476231 0 105
3477726 0 105
3479180 0 105
3480634 0 106
3482047 0 104
3483439 0 105
3484934 0 106
3486348 0 104
3487802 0 105
3489235 0 105
3490730 0 105
3492164 0 105
3493577 0 105
3495113 0 106
3496567 0 104
3498123 0 105
3499557 0 105
3500970 0 106
3502424 0 104
3503878 0 105
3505271 0 105
3506725 0 105
3508281 0 105
3509715 0 105
3511210 0 106
3512643 0 104
3514200 0 105
3515756 0 105
3517169 0 105
3518582 0 106
3520098 0 104
3521613 0 105
3523068 0 105
3524501 0 105
3525935 0 105
3527327 0 105
3528761 0 105
3530194 0 105
3531669 0 106
3533082 0 104
3534495 0 105
3536011 0 105
3537547 0 105
3539021 0 105
3540414 0 106
3541929 0 104
3543363 0 105
3544919 0 105
3546455 0 105
3547909 0 105
3549404 0 105
3550920 0 105
3552312 0 106
3553726 0 104
3555180 0 105
3556675 0 105
3558190 0 106
3559726 0 104
3561201 0 105
3562696 0 106
3564232 0 104
3565727 0 105
3567201 0 106
3568696 0 104
3570191 0 105
3571707 0 105
3573243 0 105
3574676 0 105
3576130 0 106
3577523 0 104
3579059 0 105
3580533 0 105
3582008 0 105
3583523 0 105
3584916 0 105
3586350 0 106
3587804 0 104
3589258 0 105
3590732 0 105
3592207 0 105
3593722 0 106
3595258 0 104
3596651 0 105
3598084 0 105
3599497 0 105
3600911 0 105
3602344 0 106
3603880 0 104
3605273 0 105
3606665 0 105
3608222 0 105
3609778 0 106
3611294 0 104
3612707 0 105
3614263 0 106
3615820 0 104
3617294 0 105
3618748 0 105
3620243 0 105
3621759 0 105
3623233 0 105
3624769 0 105
3626182 0 106
3627677 0 104
3629132 0 105
3630627 0 106
3632060 0 104
3633596 0 105
3635050 0 106
3636504 0 104
3637958 0 105
3639515 0 105
3641071 0 105
3642525 0 105
3643979 0 105
3645474 0 106
3647010 0 104
3648485 0 105
3649939 0 105
3651454 0 105
3652949 0 105
3654444 0 105
3656001 0 106
3657455 0 104
3658888 0 105
3660301 0 105
3661776 0 106
3663169 0 104
3664705 0 105
3666179 0 105
3667613 0 106
3669087 0 104
3670644 0 105
3672057 0 106
3673552 0 104
3675006 0 105
3676480 0 106
3678037 0 104
3679552 0 105
3681047 0 106
3682501 0 104
3684058 0 105
