22765 0 2
24198 0 2
25632 0 6
27106 0 11
28642 0 2
30096 0 12
31550 0 11
33004 0 8
34581 0 5
35974 0 1
37387 0 24
38882 0 13
40398 0 16
41892 0 23
43388 0 22
44862 0 21
46316 0 27
47770 0 5
49224 0 24
50740 0 20
52214 0 18
53730 0 14
55266 0 16
56761 0 14
58297 0 20
59874 0 33
61430 0 10
63007 0 15
64420 0 27
65874 0 3
67328 0 22
68803 0 14
70195 0 16
71608 0 14
73042 0 14
74435 0 36
75950 0 2
77466 0 13
78981 0 15
80476 0 22
81910 0 13
83323 0 27
84715 0 8
86272 0 24
87746 0 31
89221 0 12
90655 0 23
92150 0 13
93604 0 17
95017 0 14
96532 0 22
97966 0 14
99461 0 32
100956 0 6
102369 0 24
103761 0 36
105175 0 5
106588 0 24
108083 0 34
109516 0 12
110991 0 19
112506 0 32
113940 0 5
115332 0 17
116827 0 35
118323 0 7
119777 0 23
121210 0 22
122726 0 19
124282 0 20
125818 0 17
127272 0 28
128788 0 1
130180 0 14
131593 0 28
133027 0 8
134583 0 14
135955 0 17
137348 0 22
138802 0 33
140338 0 5
141751 0 24
143164 0 23
144598 0 23
146113 0 20
147690 0 15
149165 0 20
150680 0 33
152093 0 12
153486 0 21
155002 0 15
156558 0 34
158012 0 10
159446 0 24
160941 0 17
162415 0 14
163787 0 16
165303 0 15
166716 0 24
168129 0 32
169604 0 12
171017 0 15
172491 0 18
173966 0 13
175420 0 19
176853 0 18
178348 0 23
179823 0 32
181215 0 5
182629 0 16
184144 0 15
185680 0 16
187093 0 24
188527 0 35
189960 0 10
191496 0 22
193012 0 15
194466 0 23
195981 0 24
197435 0 14
198848 0 36
200364 0 12
201757 0 13
203190 0 14
204726 0 14
206139 0 18
207634 0 24
209150 0 14
210542 0 30
211997 0 12
213512 0 19
215048 0 32
216502 0 11
218058 0 24
219553 0 36
221028 0 2
222502 0 17
223936 0 23
225492 0 23
227008 0 17
228482 0 18
229977 0 36
231513 0 7
232967 0 24
234422 0 23
235876 0 24
237412 0 32
238804 0 4
240176 0 18
241610 0 23
243125 0 23
244661 0 15
246156 0 22
247651 0 35
249064 0 10
250641 0 13
252075 0 35
253550 0 8
255106 0 18
256621 0 16
258076 0 20
259652 0 16
261147 0 30
262520 0 5
263974 0 19
265510 0 29
266943 0 10
268500 0 16
269954 0 18
271408 0 36
272923 0 9
274480 0 23
275934 0 34
277326 0 11
278801 0 17
280275 0 31
281770 0 7
283245 0 21
284822 0 14
286276 0 19
287832 0 28
289307 0 1
290822 0 14
292338 0 29
293833 0 6
295246 0 21
296721 0 36
298216 0 9
299670 0 24
301144 0 13
302639 0 20
304114 0 31
305609 0 4
307124 0 21
308681 0 27
310135 0 12
311568 0 18
313022 0 18
314599 0 21
316053 0 17
317466 0 13
318961 0 24
320456 0 14
321992 0 34
323467 0 2
324880 0 18
326396 0 35
327829 0 8
329365 0 16
330881 0 32
332314 0 6
333830 0 18
335243 0 20
336820 0 18
338376 0 14
339851 0 28
341284 0 9
342779 0 24
344254 0 14
345749 0 23
347223 0 24
348698 0 14
350131 0 27
351667 0 2
353060 0 20
354617 0 16
356091 0 23
357545 0 20
359102 0 33
360515 0 12
362051 0 20
363587 0 15
365041 0 26
366515 0 9
368051 0 16
369505 0 16
370959 0 36
372393 0 11
373929 0 15
375362 0 16
376775 0 20
378311 0 18
379766 0 20
381199 0 26
382715 0 11
384148 0 22
385684 0 29
387138 0 6
388654 0 13
390087 0 22
391603 0 30
393016 0 2
394490 0 14
396006 0 23
397419 0 25
398934 0 11
400470 0 24
401924 0 14
403358 0 31
404894 0 3
406328 0 18
407843 0 24
409256 0 26
410772 0 6
412349 0 17
413803 0 24
415216 0 25
416629 0 7
418144 0 15
419557 0 26
420991 0 10
422506 0 17
424002 0 21
425517 0 14
426951 0 17
428446 0 18
429900 0 16
431313 0 28
432828 0 4
434282 0 23
435757 0 22
437313 0 32
438747 0 9
440324 0 24
441757 0 27
443150 0 9
444645 0 22
446140 0 27
447615 0 7
449089 0 17
450482 0 21
452059 0 29
453554 0 1
454946 0 21
456359 0 25
457875 0 10
459329 0 21
460824 0 24
462380 0 31
463875 0 11
465432 0 21
466947 0 16
468463 0 17
469978 0 21
471535 0 21
472989 0 22
474463 0 28
475876 0 5
477412 0 14
478928 0 20
480361 0 32
481795 0 3
483290 0 22
484826 0 26
486280 0 3
487714 0 24
489209 0 36
490765 0 8
492301 0 23
493714 0 19
495271 0 25
496827 0 4
498302 0 21
499817 0 22
501353 0 13
502848 0 16
504323 0 34
505777 0 10
507333 0 18
508787 0 20
510221 0 19
511634 0 30
513149 0 8
514706 0 13
516221 0 15
517737 0 23
519170 0 29
520583 0 2
522099 0 24
523573 0 33
525028 0 1
526441 0 13
527874 0 22
529369 0 27
530864 0 3
532359 0 16
533854 0 20
535370 0 16
536885 0 29
538380 0 12
539814 0 19
541288 0 23
542824 0 19
544340 0 15
545855 0 15
547350 0 24
548907 0 28
550320 0 10
551794 0 18
553289 0 19
554805 0 22
556382 0 31
557938 0 8
559392 0 19
560969 0 18
562546 0 17
563939 0 22
565393 0 28
566929 0 7
568465 0 23
569980 0 14
571475 0 22
572888 0 15
574281 0 31
575776 0 8
577251 0 23
578766 0 23
580261 0 18
581695 0 24
583251 0 20
584726 0 19
586180 0 22
587695 0 27
589088 0 5
590562 0 23
592078 0 20
593634 0 21
595129 0 30
596583 0 8
598140 0 21
599573 0 17
600987 0 14
602441 0 14
603956 0 19
605451 0 33
606885 0 2
608318 0 16
609834 0 21
611329 0 35
612803 0 4
614339 0 19
615773 0 15
617206 0 18
618701 0 18
620217 0 18
621630 0 25
623166 0 9
624702 0 21
626136 0 31
627651 0 10
629105 0 19
630662 0 29
632136 0 9
633672 0 21
635167 0 21
636662 0 22
638178 0 19
639591 0 19
641024 0 32
642499 0 2
643932 0 22
645489 0 22
647025 0 36
648581 0 4
650015 0 18
651489 0 18
653046 0 21
654500 0 14
656015 0 18
657469 0 14
659005 0 26
660541 0 4
662016 0 15
663531 0 21
664985 0 28
666480 0 6
667955 0 20
669491 0 35
670945 0 12
672399 0 19
673894 0 16
675410 0 14
676925 0 15
678400 0 30
679792 0 4
681226 0 23
682680 0 13
684093 0 17
685506 0 23
687001 0 31
688496 0 3
690012 0 19
691507 0 18
692940 0 13
694476 0 18
695910 0 20
697384 0 32
698838 0 9
700292 0 20
701849 0 26
703303 0 9
704798 0 15
706334 0 26
707726 0 3
709262 0 14
710778 0 17
712211 0 13
713686 0 33
715242 0 4
716615 0 23
718151 0 23
719605 0 36
721141 0 10
722677 0 20
724192 0 17
725708 0 23
727162 0 21
728595 0 36
730070 0 6
731585 0 15
733101 0 18
734657 0 23
736132 0 24
737627 0 29
739101 0 12
740596 0 23
742030 0 19
743586 0 14
745122 0 15
746638 0 33
748153 0 7
749587 0 16
751102 0 16
752474 0 22
753990 0 18
755403 0 24
756837 0 22
758413 0 31
759949 0 12
761363 0 24
762796 0 15
764250 0 19
765745 0 16
767261 0 22
768838 0 24
770251 0 28
771725 0 4
773118 0 17
774551 0 18
776108 0 34
777541 0 7
779077 0 14
780593 0 35
781986 0 12
783440 0 20
784955 0 26
786368 0 7
787945 0 24
789461 0 23
790935 0 17
792348 0 20
793864 0 24
795256 0 17
796792 0 18
798349 0 36
799803 0 4
801216 0 15
802690 0 25
804247 0 1
805701 0 22
807216 0 25
808752 0 12
810268 0 20
811701 0 15
813217 0 20
814651 0 18
816187 0 17
817579 0 19
819095 0 14
820569 0 36
822064 0 5
823559 0 18
825095 0 27
826590 0 12
828126 0 19
829683 0 16
831096 0 14
832550 0 20
834024 0 24
835437 0 16
836830 0 35
838284 0 1
839820 0 14
841213 0 23
842605 0 14
844059 0 18
845554 0 29
846988 0 8
848544 0 24
850060 0 34
851452 0 12
852907 0 16
854381 0 26
855917 0 11
857371 0 18
858866 0 22
860320 0 35
861754 0 9
863187 0 20
864682 0 15
866116 0 18
867570 0 20
869147 0 36
870621 0 12
872157 0 18
873734 0 22
875229 0 13
876704 0 34
878158 0 9
879632 0 13
881046 0 16
882541 0 18
883954 0 14
885449 0 13
886985 0 30
888439 0 5
889954 0 24
891388 0 15
892862 0 17
894337 0 18
895832 0 26
897245 0 8
898822 0 20
900296 0 34
901812 0 2
903327 0 21
904761 0 30
906235 0 4
907628 0 17
909185 0 13
910577 0 27
912113 0 11
913629 0 15
915083 0 29
916537 0 12
918032 0 18
919465 0 17
920981 0 17
922517 0 13
924032 0 14
984529 0 101
985942 0 101
987458 0 101
988932 0 101
990366 0 101
991820 0 101
993274 0 101
994769 0 101
996305 0 101
997759 0 101
999275 0 102
1000749 0 102
1002142 0 102
1003534 0 102
1004927 0 102
1006360 0 102
1007855 0 102
1009330 0 102
1010845 0 103
1012361 0 101
1013754 0 102
1015167 0 102
1016703 0 103
1018259 0 101
1019734 0 102
1021270 0 102
1022744 0 102
1024260 0 102
1025775 0 102
1027291 0 103
1028745 0 101
1030158 0 102
1031550 0 102
1032943 0 102
1034438 0 103
1035994 0 101
1037469 0 102
1039005 0 103
1040418 0 101
1041893 0 102
1043347 0 103
1044821 0 101
1046234 0 102
1047668 0 103
1049142 0 101
1050535 0 102
1052071 0 102
1053505 0 102
1055020 0 102
1056515 0 102
1058051 0 102
1059587 0 103
1061041 0 101
1062516 0 102
1063970 0 102
1065506 0 102
1067021 0 102
1068475 0 102
1069888 0 102
1071342 0 102
1072755 0 103
1074230 0 101
1075684 0 102
1077200 0 102
1078633 0 103
1080087 0 101
1081500 0 102
1082934 0 102
1084347 0 102
1085821 0 102
1087255 0 102
1088648 0 102
1090143 0 103
1091617 0 101
1093030 0 102
1094587 0 103
1096082 0 101
1097495 0 102
1098908 0 103
1100321 0 101
1101734 0 102
1103270 0 103
1104704 0 101
1106096 0 102
1107550 0 103
1109045 0 101
1110499 0 102
1112056 0 102
1113592 0 103
1115148 0 101
1116561 0 102
1118036 0 102
1119551 0 102
1120965 0 103
1122480 0 101
1123955 0 102
1125470 0 102
1126924 0 102
1128460 0 102
1129996 0 102
1131511 0 103
1132986 0 101
1134542 0 102
1135976 0 102
1137430 0 102
1138884 0 102
1140338 0 102
1141874 0 103
1143328 0 101
1144803 0 102
1146339 0 102
1147752 0 102
1149144 0 102
1150599 0 102
1152012 0 102
1153527 0 102
1154961 0 103
1156394 0 101
1157910 0 102
1159446 0 102
1160900 0 102
1162374 0 102
1163910 0 103
1165446 0 101
1166941 0 102
1168457 0 102
1169849 0 102
1171385 0 102
1172839 0 102
1174375 0 102
1175850 0 103
1177386 0 101
1178779 0 102
1180212 0 102
1181666 0 102
1183100 0 103
1184513 0 101
1185967 0 102
1187441 0 102
1188854 0 102
1190288 0 103
1191742 0 101
1193176 0 102
1194671 0 102
1196166 0 103
1197579 0 101
1199094 0 102
1200548 0 102
1201982 0 102
1203395 0 102
1204829 0 102
1206324 0 103
1207778 0 101
1209211 0 102
1210604 0 102
1212058 0 103
1213553 0 101
1215027 0 102
1216441 0 103
1217854 0 101
1219328 0 102
1220864 0 102
1222298 0 102
1223854 0 102
1225370 0 102
1226885 0 103
1228442 0 101
1229855 0 102
1231309 0 102
1232824 0 103
1234340 0 101
1235876 0 102
1237330 0 102
1238763 0 103
1240197 0 101
1241712 0 102
1243126 0 102
1244661 0 102
1246136 0 102
1247652 0 102
1249044 0 102
1250560 0 103
1252137 0 101
1253550 0 102
1255086 0 102
1256540 0 102
1257973 0 102
1259468 0 102
1260922 0 102
1262438 0 103
1263892 0 101
1265407 0 102
1266820 0 102
1268336 0 102
1269770 0 103
1271326 0 101
1272821 0 102
1274214 0 103
1275627 0 101
1277019 0 102
1278555 0 102
1280071 0 102
1281484 0 102
1282897 0 102
1284310 0 103
1285764 0 101
1287239 0 102
1288754 0 102
1290188 0 103
1291744 0 101
1293260 0 102
1294693 0 103
1296188 0 101
1297724 0 102
1299240 0 102
1300714 0 103
1302230 0 101
1303684 0 102
1305076 0 103
1306612 0 101
1308107 0 102
1309500 0 102
1310913 0 102
1312367 0 102
1313883 0 103
1315357 0 101
1316770 0 102
1318306 0 102
1319719 0 103
1321173 0 101
1322587 0 102
1324122 0 102
1325658 0 102
1327194 0 103
1328771 0 101
1330246 0 102
1331720 0 102
1333113 0 102
1334608 0 102
1336144 0 102
1337680 0 102
1339155 0 103
1340609 0 101
1342042 0 102
1343517 0 103
1345094 0 101
1346568 0 102
1348084 0 102
1349599 0 103
1351053 0 101
1352507 0 102
1353961 0 102
1355456 0 103
1357013 0 101
1358569 0 102
1360003 0 102
1361436 0 102
1362870 0 102
1364263 0 102
1365655 0 103
1367130 0 101
1368625 0 102
1370099 0 102
1371635 0 102
1373151 0 103
1374584 0 101
1376120 0 102
1377615 0 103
1379090 0 101
1380564 0 102
1382039 0 102
1383554 0 102
1385070 0 102
1386544 0 102
1388101 0 103
1389534 0 101
1391050 0 102
1392484 0 103
1393938 0 101
1395371 0 102
1396825 0 103
1398341 0 101
1399774 0 102
1401167 0 102
1402662 0 102
1404075 0 102
1405529 0 102
1406963 0 103
1408458 0 101
1409994 0 102
1411509 0 102
1413045 0 103
1414561 0 101
1416015 0 102
1417510 0 103
1418943 0 101
1420356 0 102
1421892 0 103
1423387 0 101
1424841 0 102
1426275 0 102
1427708 0 102
1429244 0 102
1430780 0 103
1432296 0 101
1433729 0 102
1435163 0 103
1436617 0 101
1438133 0 102
1439566 0 102
1441102 0 102
1442659 0 102
1444092 0 102
1445546 0 103
1447082 0 101
1448536 0 102
1450031 0 102
1451485 0 102
1452939 0 102
1454475 0 102
1455950 0 102
1457445 0 103
1458899 0 101
1460353 0 102
1461787 0 103
1463261 0 101
1464695 0 102
1466169 0 102
1467726 0 102
1469200 0 102
1470716 0 103
1472211 0 101
1473747 0 102
1475262 0 102
1476696 0 102
1478191 0 103
1479727 0 101
1481160 0 102
1482594 0 103
1484028 0 101
1485461 0 102
1486936 0 102
1488451 0 103
1489885 0 101
1491380 0 102
1492854 0 103
1494288 0 101
1495783 0 102
1497237 0 102
1498752 0 102
1500206 0 103
1501783 0 101
1503319 0 102
1504855 0 102
1506330 0 103
1507825 0 101
1509340 0 102
1510753 0 102
1512248 0 102
1513682 0 102
1515197 0 102
1516754 0 103
1518228 0 101
1519642 0 102
1521137 0 102
1522570 0 102
1523983 0 102
1525519 0 102
1527055 0 103
1528489 0 101
1529902 0 102
1531356 0 102
1532851 0 102
1534264 0 102
1535800 0 102
1537315 0 103
1538851 0 101
1540346 0 102
1541862 0 103
1543316 0 101
1544750 0 102
1546183 0 102
1547637 0 102
1549091 0 103
1550627 0 101
1552163 0 102
1553556 0 102
1555030 0 102
1556525 0 102
1557938 0 102
1559352 0 102
1560847 0 103
1562301 0 101
1563693 0 102
1565209 0 102
1566663 0 102
1568117 0 102
1569530 0 102
1571086 0 103
1572540 0 101
1573974 0 102
1575408 0 103
1576821 0 101
1578295 0 102
1579749 0 102
1581183 0 102
1582616 0 102
1584070 0 103
1585606 0 101
1586999 0 102
1588494 0 102
1589907 0 102
1591423 0 102
1592959 0 102
1594495 0 103
1596051 0 101
1597526 0 102
1598918 0 102
1600454 0 102
1601970 0 102
1603526 0 103
1605083 0 101
1606496 0 102
1608011 0 103
1609568 0 101
1611001 0 102
1612414 0 103
1613889 0 101
1615302 0 102
1616695 0 102
1618149 0 102
1619664 0 102
1621159 0 102
1622634 0 103
1624067 0 101
1625460 0 102
1626914 0 102
1628306 0 103
1629781 0 101
1631235 0 102
1632730 0 102
1634143 0 103
1635638 0 101
1637174 0 102
1638608 0 102
1640123 0 103
1641536 0 101
1643052 0 102
1644547 0 103
1645980 0 101
1647373 0 102
1648807 0 102
1650199 0 103
1651653 0 101
1653189 0 102
1654602 0 102
1655995 0 102
1657449 0 102
1658944 0 102
1660337 0 102
1661750 0 102
1663224 0 103
1664678 0 101
1666132 0 102
1667607 0 102
1669081 0 102
1670556 0 103
1671990 0 101
1673464 0 102
1675000 0 103
1676516 0 101
1677949 0 102
1679465 0 103
1680939 0 101
1682332 0 102
1683724 0 103
1685301 0 101
1686837 0 102
1688271 0 103
1689786 0 101
1691322 0 102
1692858 0 102
1694312 0 102
1695828 0 102
1697282 0 102
1698797 0 103
1700272 0 101
1701787 0 102
1703221 0 102
1704736 0 103
1706191 0 101
1707727 0 102
1709160 0 102
1710655 0 102
1712068 0 102
1713522 0 102
1715017 0 103
1716574 0 101
1718110 0 102
1719584 0 102
1721018 0 102
1722410 0 103
1723885 0 101
1725298 0 102
1726732 0 102
1728206 0 102
1729619 0 102
1731053 0 103
1732527 0 101
1734063 0 102
1735517 0 102
1737033 0 102
1738548 0 103
1740023 0 101
1741559 0 102
1743033 0 102
1744446 0 103
1745901 0 101
1747396 0 102
1748788 0 102
1750222 0 102
1751717 0 102
1753232 0 103
1754686 0 101
1756140 0 102
1757676 0 102
1759212 0 102
1760728 0 103
1762284 0 101
1763697 0 102
1765090 0 102
1766565 0 102
1768100 0 102
1769595 0 103
1771091 0 101
1772524 0 102
1774060 0 102
1775473 0 102
1776886 0 102
1778402 0 102
1779856 0 103
1781412 0 101
1782866 0 102
1784300 0 103
1785815 0 101
1787351 0 102
1788887 0 103
1790362 0 101
1791816 0 102
1793352 0 102
1794908 0 103
1796342 0 101
1797837 0 102
1799291 0 102
1800766 0 102
1802220 0 102
1803633 0 102
1805087 0 103
1806500 0 101
1807933 0 102
1809449 0 102
1810944 0 102
1812398 0 102
1813872 0 102
1815265 0 103
1816822 0 101
1818357 0 102
1819832 0 102
1821327 0 103
1822761 0 101
1824215 0 102
1825628 0 102
1827143 0 103
1828577 0 101
1830010 0 102
1831424 0 102
1832816 0 103
1834229 0 101
1835663 0 102
1837199 0 102
1838673 0 103
1840107 0 101
1841643 0 102
1843076 0 102
1844469 0 102
1845985 0 103
1847398 0 101
1848872 0 102
1850367 0 103
1851842 0 101
1853296 0 102
1854791 0 102
1856245 0 102
1857740 0 103
1859296 0 101
1860709 0 102
1862143 0 102
1863638 0 102
1865153 0 103
1866648 0 101
1868103 0 102
1869639 0 103
1871113 0 101
1872608 0 102
1874042 0 103
1875475 0 101
1876888 0 102
1878383 0 102
1879837 0 102
1881312 0 102
1900386 0 40
1901922 0 48
1903396 0 48
1904912 0 41
1906304 0 46
1907861 0 40
1909417 0 42
1910953 0 45
1912428 0 46
1913943 0 45
1915377 0 56
1916851 0 60
1918264 0 57
1919739 0 50
1921234 0 58
1922667 0 59
1924142 0 52
1925657 0 52
1927193 0 71
1928647 0 43
1930102 0 58
1931617 0 62
1933010 0 38
1934464 0 57
1935938 0 63
1937433 0 47
1938908 0 50
1940423 0 57
1941939 0 49
1943454 0 52
1944990 0 54
1946547 0 60
1948042 0 60
1949455 0 70
1950950 0 39
1952486 0 51
1953981 0 57
1955517 0 52
1956971 0 51
1958425 0 49
1959879 0 57
1961353 0 59
1962910 0 72
1964343 0 45
1965859 0 49
1967415 0 60
1968870 0 72
1970262 0 38
1971778 0 51
1973273 0 69
1974768 0 40
1976283 0 54
1977799 0 50
1979294 0 61
1980707 0 41
1982202 0 60
1983656 0 67
1985130 0 47
1986605 0 56
1988038 0 69
1989492 0 37
1990947 0 49
1992421 0 60
1993957 0 56
1995411 0 62
1996865 0 47
1998319 0 53
1999835 0 64
2001248 0 41
2002804 0 51
2004361 0 60
2005856 0 57
2007412 0 59
2008825 0 50
2010361 0 65
2011877 0 47
2013413 0 57
2014990 0 61
2016505 0 47
2018062 0 49
2019577 0 58
2021154 0 68
2022649 0 45
2024144 0 53
2025659 0 68
2027073 0 40
2028588 0 51
2030145 0 69
2031681 0 38
2033196 0 53
2034630 0 59
2036104 0 50
2037497 0 60
2038971 0 52
2040466 0 68
2041941 0 43
2043415 0 49
2044849 0 57
2046323 0 52
2047839 0 61
2049313 0 45
2050747 0 52
2052263 0 53
2053696 0 71
2055130 0 44
2056543 0 52
2058099 0 52
2059615 0 51
2061048 0 60
2062523 0 59
2064079 0 56
2065595 0 61
2067049 0 46
2068482 0 51
2069936 0 71
2071411 0 47
2072824 0 55
2074319 0 55
2075855 0 49
2077330 0 57
2078763 0 65
2080176 0 46
2081651 0 59
2083166 0 58
2084641 0 62
2086074 0 46
2087528 0 50
2089024 0 67
2090498 0 47
2091973 0 51
2093447 0 64
2094942 0 40
2096396 0 60
2097809 0 72
2099263 0 46
2100697 0 49
2102192 0 51
2103605 0 50
2105141 0 60
2106636 0 50
2108131 0 71
2109565 0 42
2110978 0 54
2112473 0 70
2113865 0 42
2115299 0 59
2116855 0 63
2118309 0 48
2119825 0 57
2121361 0 64
2122856 0 41
2124310 0 53
2125825 0 51
2127361 0 57
2128918 0 72
2130454 0 38
2131887 0 56
2133362 0 50
2134795 0 57
2136331 0 49
2137765 0 68
2139260 0 40
2140755 0 59
2142291 0 65
2143725 0 39
2145158 0 52
2146633 0 72
2148066 0 43
2149520 0 52
2150954 0 72
2152367 0 41
2153821 0 59
2155357 0 51
2156913 0 54
2158306 0 67
2159842 0 48
2161255 0 55
2162791 0 67
2164286 0 38
2165843 0 51
2167317 0 67
2168833 0 46
2170266 0 58
2171720 0 58
2173174 0 51
2174690 0 49
2176164 0 60
2177700 0 68
2179154 0 38
2180629 0 51
2182144 0 58
2183721 0 61
2185134 0 44
2186629 0 54
2188145 0 52
2189599 0 55
2191094 0 50
2192609 0 72
2194002 0 47
2195518 0 60
2196931 0 54
2198344 0 60
2199798 0 54
2201252 0 50
2202808 0 53
2204303 0 71
2205798 0 46
2207252 0 51
2208686 0 50
2210140 0 68
2211533 0 45
2212966 0 55
2214502 0 58
2216059 0 49
2217513 0 50
2219069 0 53
2220544 0 68
2221998 0 43
2223493 0 50
2224988 0 62
2226483 0 45
2227957 0 51
2229452 0 71
2230906 0 43
2232360 0 54
2233774 0 58
2235248 0 68
2236682 0 41
2238095 0 55
2239631 0 61
2241187 0 44
2242621 0 59
2244095 0 53
2245611 0 51
2247065 0 55
2248539 0 61
2249952 0 45
2251407 0 52
2252942 0 52
2254417 0 69
2255973 0 39
2257387 0 55
2258923 0 54
2260397 0 54
2261913 0 58
2263387 0 51
2264862 0 65
2266357 0 37
2267770 0 50
2269285 0 51
2270842 0 50
2272357 0 54
2273811 0 58
2275388 0 70
2276904 0 39
2278337 0 58
2279894 0 58
2281471 0 49
2282986 0 54
2284461 0 63
2285956 0 44
2287451 0 49
2288966 0 52
2290441 0 66
2291874 0 37
2293390 0 59
2294946 0 54
2296441 0 65
2297854 0 37
2299267 0 60
2300824 0 55
2302299 0 51
2303793 0 58
2305329 0 68
2306824 0 43
2308360 0 58
2309835 0 57
2311350 0 59
2312907 0 60
2314299 0 52
2315733 0 52
2317187 0 65
2318662 0 37
2320075 0 50
2321529 0 50
2323065 0 55
2324580 0 51
2326096 0 60
2327509 0 57
2329004 0 63
2330417 0 41
2331973 0 55
2333468 0 52
2334984 0 70
2336417 0 47
2337912 0 53
2339408 0 58
2340923 0 58
2342459 0 59
2343974 0 56
2345510 0 60
2346944 0 62
2348378 0 39
2349832 0 49
2351224 0 53
2352760 0 54
2354214 0 71
2355668 0 37
2357163 0 55
2358638 0 55
2360112 0 51
2361525 0 57
2363021 0 71
2364475 0 37
2365949 0 55
2367403 0 55
2368837 0 53
2370291 0 71
2371765 0 42
2373240 0 51
2374694 0 55
2376230 0 68
2377623 0 38
2379097 0 54
2380572 0 49
2382087 0 59
2383644 0 53
2385159 0 69
2386695 0 44
2388251 0 57
2389685 0 49
2391098 0 52
2392573 0 66
2394006 0 37
2395542 0 57
2397119 0 56
2398676 0 51
2400191 0 54
2401584 0 59
2403079 0 50
2404553 0 69
2406028 0 37
2407482 0 58
2409059 0 58
2410574 0 53
2412049 0 53
2413564 0 49
2415059 0 62
2416472 0 37
2417865 0 54
2419380 0 55
2420855 0 55
2422412 0 53
2423866 0 52
2425279 0 65
2426753 0 37
2428269 0 52
2429764 0 57
2431197 0 54
2432631 0 65
2434167 0 42
2435559 0 57
2437136 0 60
2438570 0 69
2440106 0 38
2441539 0 55
2442953 0 63
2444509 0 38
2445984 0 60
2447417 0 56
2448892 0 54
2450366 0 51
2451800 0 58
2453336 0 64
2454851 0 39
2456408 0 52
2457862 0 59
2459295 0 58
2460852 0 68
2462285 0 46
2463801 0 54
2465234 0 52
2466791 0 52
2468286 0 64
2469699 0 48
2471214 0 51
2472648 0 62
2474061 0 44
2475556 0 51
2476990 0 51
2478423 0 72
2479918 0 38
2481413 0 58
2482867 0 49
2484383 0 70
2485857 0 41
2487270 0 49
2488745 0 54
2490281 0 53
2491694 0 59
2493230 0 58
2494725 0 51
2496220 0 63
2497776 0 42
2499190 0 60
2500705 0 54
2502159 0 55
2503695 0 51
2505129 0 60
2506624 0 51
2508037 0 61
2509511 0 38
2511027 0 52
2512563 0 50
2514017 0 49
2515491 0 49
2516925 0 59
2518359 0 59
2519854 0 52
2521328 0 64
2522741 0 39
2524175 0 60
2525588 0 67
2527042 0 38
2528598 0 49
2530155 0 71
2531547 0 43
2533063 0 59
2534578 0 55
2536135 0 53
2537691 0 69
2539248 0 41
2540640 0 53
2542094 0 61
2543630 0 38
2545043 0 50
2546600 0 62
2548136 0 46
2549569 0 54
2550962 0 64
2552498 0 45
2554014 0 51
2555509 0 59
2557065 0 49
2558622 0 61
2560117 0 41
2561673 0 51
2563107 0 70
2564540 0 46
2566035 0 50
2567530 0 55
2568984 0 70
2570500 0 38
2572036 0 54
2573551 0 57
2575026 0 51
2576500 0 52
2577934 0 52
2579511 0 61
2581026 0 38
2582480 0 51
2583914 0 59
2585347 0 55
2586801 0 55
2588297 0 49
2589832 0 57
2591266 0 64
2592761 0 46
2594236 0 58
2595792 0 70
2597267 0 38
2598680 0 58
2600113 0 64
2601526 0 47
2603062 0 55
2604496 0 53
2605970 0 56
2607445 0 52
2608940 0 54
2610435 0 55
2611869 0 61
2613323 0 46
2614859 0 53
2616292 0 52
2617726 0 69
2619159 0 41
2620695 0 55
2622231 0 72
2623685 0 46
2625160 0 51
2626675 0 67
2628109 0 48
2629665 0 49
2631201 0 71
2632717 0 40
2634273 0 51
2635809 0 50
2637263 0 63
2638820 0 43
2640274 0 54
2641769 0 70
2643141 0 38
2644697 0 58
2646213 0 59
2647749 0 51
2649203 0 65
2650636 0 41
2652111 0 55
2653606 0 56
2655081 0 54
2656494 0 54
2657907 0 60
2659402 0 61
2660856 0 37
2662289 0 58
2663805 0 52
2665300 0 52
2666774 0 55
2668290 0 52
2669805 0 67
2671239 0 44
2672673 0 49
2674086 0 53
2675642 0 50
2677055 0 54
2678571 0 55
2680066 0 65
2681479 0 38
2682933 0 53
2684428 0 66
2685923 0 40
2687336 0 58
2688872 0 50
2690408 0 53
2691801 0 51
2693275 0 65
2694832 0 47
2696265 0 56
2697699 0 59
2699112 0 56
2700525 0 67
2702020 0 40
2703515 0 56
2705010 0 72
2706484 0 46
2708000 0 60
2709434 0 55
2710908 0 58
2712465 0 67
2713960 0 37
2715496 0 54
2716991 0 56
2718568 0 60
2720022 0 62
2721516 0 41
2723012 0 53
2724527 0 60
2726022 0 52
2727517 0 61
2728992 0 43
2730446 0 57
2732023 0 49
2733456 0 58
2735033 0 50
2736569 0 52
2738023 0 67
2739436 0 40
2740890 0 52
2742447 0 58
2743962 0 54
2745498 0 59
2746973 0 53
2748447 0 49
2749901 0 53
2751396 0 63
2752932 0 43
2754366 0 59
2755820 0 61
2757254 0 43
2758708 0 55
2760243 0 60
2761779 0 49
2763336 0 59
2764810 0 66
2766285 0 38
2767780 0 53
2769296 0 54
2770852 0 53
2772388 0 51
2773862 0 57
2775419 0 57
2776934 0 51
2778450 0 64
2779986 0 43
2781419 0 52
2782894 0 51
2784389 0 58
2785904 0 54
2787399 0 49
2788874 0 51
2790390 0 58
2791885 0 65
2793318 0 46
2794875 0 51
2796308 0 50
2797824 0 51
2799298 0 59
2800732 0 69
2802247 0 46
2803763 0 56
2824892 0 104
2826366 0 104
2827902 0 104
2829418 0 104
2830913 0 104
2832408 0 104
2833944 0 104
2835357 0 104
2836750 0 104
2838163 0 104
2839699 0 105
2841091 0 105
2842566 0 105
2843958 0 105
2845372 0 105
2846908 0 105
2848362 0 106
2849775 0 104
2851270 0 105
2852683 0 105
2854178 0 105
2855734 0 105
2857270 0 106
2858827 0 104
2860260 0 105
2861735 0 105
2863189 0 105
2864663 0 106
2866199 0 104
2867653 0 105
2869148 0 105
2870582 0 105
2872118 0 105
2873592 0 105
2875026 0 106
2876501 0 104
2878057 0 105
2879593 0 105
2881068 0 106
2882583 0 104
2884099 0 105
2885594 0 105
2887048 0 105
2888502 0 105
2889956 0 105
2891369 0 106
2892802 0 104
2894297 0 105
2895833 0 106
2897267 0 104
2898803 0 105
2900196 0 105
2901629 0 105
2903022 0 105
2904537 0 105
2906032 0 105
2907486 0 105
2908940 0 106
2910415 0 104
2911930 0 105
2913466 0 105
2914941 0 106
2916456 0 104
2917890 0 105
2919446 0 106
2921003 0 104
2922518 0 105
2924054 0 105
2925467 0 105
2926901 0 106
2928437 0 104
2929932 0 105
2931447 0 106
2932861 0 104
2934315 0 105
2935789 0 105
2937264 0 105
2938718 0 105
2940254 0 106
2941749 0 104
2943203 0 105
2944677 0 105
2946152 0 106
2947565 0 104
2949039 0 105
2950576 0 106
2952132 0 104
2953606 0 105
2955060 0 105
2956535 0 105
2957948 0 106
2959361 0 104
2960836 0 105
2962249 0 105
2963703 0 105
2965136 0 105
2966591 0 105
2968024 0 106
2969540 0 104
2970994 0 105
2972468 0 106
2974004 0 104
2975540 0 105
2977097 0 105
2978571 0 105
2980128 0 105
2981541 0 105
2983097 0 105
2984633 0 106
2986026 0 104
2987480 0 105
2988975 0 106
2990388 0 104
2991924 0 105
2993378 0 105
2994852 0 105
2996347 0 106
2997842 0 104
2999276 0 105
3000792 0 105
3002225 0 106
3003761 0 104
3005236 0 105
3006690 0 105
3008205 0 105
3009639 0 106
3011154 0 104
3012690 0 105
3014103 0 105
3015557 0 105
3016950 0 105
3018424 0 105
3019858 0 106
3021312 0 104
3022807 0 105
3024241 0 105
3025715 0 105
3027190 0 105
3028746 0 106
3030262 0 104
3031736 0 105
3033190 0 106
3034603 0 104
3036139 0 105
3037553 0 105
3039047 0 105
3040542 0 105
3042017 0 105
3043471 0 106
3044925 0 104
3046461 0 105
3047874 0 105
3049328 0 105
3050782 0 105
3052318 0 105
3053854 0 106
3055247 0 104
3056660 0 105
3058175 0 105
3059650 0 105
3061145 0 105
3062640 0 105
3064135 0 106
3065691 0 104
3067186 0 105
3068661 0 105
3070115 0 105
3071569 0 105
3073064 0 105
3074600 0 106
3076013 0 104
3077406 0 105
3078860 0 105
3080355 0 106
3081911 0 104
3083386 0 105
3084922 0 106
3086458 0 104
3087953 0 105
3089366 0 105
3090881 0 105
3092336 0 106
3093851 0 104
3095346 0 105
3096739 0 105
3098234 0 105
3099688 0 106
3101244 0 104
3102678 0 105
3104173 0 105
3105627 0 105
3107060 0 105
3108494 0 106
3110030 0 104
3111525 0 105
3112999 0 106
3114474 0 104
3115969 0 105
3117443 0 105
3118898 0 105
3120413 0 106
3121826 0 104
3123260 0 105
3124714 0 105
3126127 0 105
3127540 0 105
3128994 0 106
3130550 0 104
3131943 0 105
3133438 0 105
3134933 0 105
3136367 0 106
3137923 0 104
3139439 0 105
3140975 0 106
3142511 0 104
3143944 0 105
3145398 0 106
3146955 0 104
3148409 0 105
3149801 0 106
3151296 0 104
3152730 0 105
3154143 0 106
3155577 0 104
3157072 0 105
3158526 0 106
3160082 0 104
3161495 0 105
3162970 0 106
3164506 0 104
3165980 0 105
3167496 0 106
3168929 0 104
3170383 0 105
3171878 0 105
3173312 0 106
3174827 0 104
3176302 0 105
3177776 0 105
3179312 0 105
3180746 0 105
3182159 0 105
3183593 0 105
3185108 0 106
3186624 0 104
3188098 0 105
3189593 0 105
3191068 0 106
3192604 0 104
3194140 0 105
3195614 0 105
3197068 0 106
3198563 0 104
3199976 0 105
3201390 0 105
3202823 0 105
3204236 0 106
3205772 0 104
3207329 0 105
3208844 0 105
3210257 0 105
3211793 0 105
3213350 0 106
3214886 0 104
3216340 0 105
3217732 0 105
3219166 0 105
3220640 0 105
3222053 0 105
3223528 0 106
3225064 0 104
3226559 0 105
3227993 0 106
3229426 0 104
3230942 0 105
3232437 0 105
3233829 0 106
3235386 0 104
3236778 0 105
3238294 0 105
3239748 0 105
3241284 0 106
3242738 0 104
3244130 0 105
3245666 0 106
3247202 0 104
3248738 0 105
3250152 0 105
3251606 0 105
3253142 0 106
3254637 0 104
3256132 0 105
3257606 0 105
3259101 0 105
3260596 0 105
3262112 0 105
3263525 0 105
3264979 0 106
3266515 0 104
3267989 0 105
3269505 0 105
3270918 0 105
3272392 0 106
3273805 0 104
3275341 0 105
3276816 0 105
3278352 0 106
3279908 0 104
3281342 0 105
3282878 0 106
3284291 0 104
3285807 0 105
3287220 0 106
3288653 0 104
3290046 0 105
3291500 0 105
3292933 0 105
3294408 0 106
3295883 0 104
3297357 0 105
3298873 0 105
3300429 0 105
3301904 0 106
3303378 0 104
3304873 0 105
3306286 0 105
3307781 0 106
3309317 0 104
3310833 0 105
3312225 0 105
3313679 0 105
3315174 0 105
3316649 0 105
3318041 0 105
3319598 0 106
3321154 0 104
3322567 0 105
3324104 0 105
3325619 0 106
3327093 0 104
3328609 0 105
3330124 0 105
3331517 0 105
3332992 0 105
3334548 0 105
3336002 0 106
3337477 0 104
3338910 0 105
3340385 0 105
3341777 0 105
3343272 0 106
3344788 0 104
3346201 0 105
3347737 0 106
3349252 0 104
3350788 0 105
3352243 0 106
3353697 0 104
3355212 0 105
3356728 0 106
3358284 0 104
3359738 0 105
3361274 0 105
3362749 0 106
3364244 0 104
3365759 0 105
3367193 0 105
3368606 0 106
3370101 0 104
3371534 0 105
3372947 0 105
3374483 0 105
3376019 0 106
3377473 0 104
3378886 0 105
3380320 0 106
3381754 0 104
3383249 0 105
3384785 0 105
3386300 0 106
3387713 0 104
3389249 0 105
3390765 0 105
3392280 0 106
3393714 0 104
3395127 0 105
3396601 0 105
3398035 0 106
3399530 0 104
3401086 0 105
3402622 0 105
3404117 0 105
3405571 0 105
3407128 0 105
3408623 0 105
3410138 0 105
3411695 0 106
3413251 0 104
3414726 0 105
3416282 0 106
3417777 0 104
3419211 0 105
3420767 0 105
3422324 0 105
3423819 0 105
3425355 0 105
3426809 0 105
3428365 0 106
3429901 0 104
3431335 0 105
3432891 0 105
3434427 0 105
3435963 0 105
3437479 0 105
3438892 0 106
3440366 0 104
3441923 0 105
3443315 0 106
3444851 0 104
3446285 0 105
3447759 0 106
3449316 0 104
3450770 0 105
3452224 0 105
3453699 0 106
3455112 0 104
3456566 0 105
3458081 0 105
3459617 0 105
3461010 0 105
3462505 0 105
3464041 0 105
3465536 0 106
3466969 0 104
3468362 0 105
3469857 0 105
3471311 0 106
3472765 0 104
3474281 0 105
3475755 0 106
3477291 0 104
3478725 0 105
3480261 0 105
3481715 0 105
3483148 0 105
3484582 0 105
3486097 0 105
3487592 0 106
3489108 0 104
3490603 0 105
3492118 0 105
3493572 0 105
3495088 0 105
3496603 0 105
3498139 0 105
3499532 0 106
3501007 0 104
3502502 0 105
3503976 0 106
3505492 0 104
3507007 0 105
3508502 0 105
3509895 0 106
3511451 0 104
3512844 0 105
3514318 0 105
3515793 0 105
3517206 0 105
3518762 0 106
3520298 0 104
3521732 0 105
3523288 0 105
3524804 0 105
3526340 0 105
3527876 0 105
3529309 0 106
3530743 0 104
3532197 0 105
3533692 0 105
3535187 0 105
3536600 0 105
3538075 0 105
3539488 0 105
3540962 0 105
3542396 0 106
3543809 0 104
3545304 0 105
3546779 0 105
3548253 0 105
3549666 0 105
3551182 0 105
3552718 0 105
3554172 0 105
3555564 0 106
3557080 0 104
3558554 0 105
3560090 0 106
3561606 0 104
3563060 0 105
3564452 0 105
3565988 0 106
3567463 0 104
3569019 0 105
3570432 0 105
3571866 0 105
3573382 0 105
3574918 0 106
3576453 0 104
3577887 0 105
3579403 0 105
3580939 0 106
3582475 0 104
3583929 0 105
3585383 0 105
3586775 0 106
3588311 0 104
3589765 0 105
3591281 0 106
3592755 0 104
3594189 0 105
3595643 0 106
3597117 0 104
3598531 0 105
3599944 0 106
3601500 0 104
3602893 0 105
3604326 0 105
3605801 0 105
3607214 0 105
3608729 0 105
3610142 0 106
3611658 0 104
3613194 0 105
3614668 0 106
3616143 0 104
3617556 0 105
3618990 0 105
3620526 0 105
3621939 0 106
3623454 0 104
3624949 0 105
3626444 0 105
3627898 0 105
3629332 0 105
3630806 0 105
3632302 0 105
3633694 0 106
3635148 0 104
3636582 0 105
3638097 0 105
3639510 0 105
3641067 0 106
3642623 0 104
3644118 0 105
3645593 0 105
3647088 0 106
3648644 0 104
3650139 0 105
3651552 0 106
3653006 0 104
3654481 0 105
3655955 0 105
3657389 0 105
3658925 0 105
3660338 0 105
3661854 0 105
3663349 0 106
3664803 0 104
3666339 0 105
3667793 0 105
3669206 0 105
3670619 0 106
3672052 0 104
3673527 0 105
3675083 0 105
3676558 0 105
3678053 0 105
3679548 0 105
3680961 0 106
3682436 0 104
3683931 0 105
3685467 0 105
3686921 0 105
3688416 0 105
3689808 0 106
3691324 0 104
3692860 0 105
3694396 0 105
3695911 0 105
3697324 0 105
3698758 0 105
3700171 0 105
3701686 0 106
3703140 0 104
3704656 0 105
3706192 0 105
3707667 0 105
3709162 0 105
3710595 0 105
3712152 0 105
3713708 0 106
3715203 0 104
3716616 0 105
3718091 0 106
3719627 0 104
3721122 0 105
3722637 0 105
3724153 0 105
3725689 0 105
