34562 0 3
36037 0 12
37552 0 7
39006 0 9
40522 0 3
41955 0 12
43471 0 11
44884 0 10
46420 0 12
47833 0 7
49349 0 24
50885 0 20
52441 0 36
54018 0 2
55451 0 24
56987 0 13
58503 0 26
59998 0 4
61513 0 14
63029 0 16
64483 0 22
65998 0 30
67453 0 3
68948 0 20
70402 0 16
71794 0 36
73248 0 12
74661 0 24
76197 0 30
77590 0 3
79064 0 16
80519 0 16
81911 0 24
83427 0 32
84901 0 5
86437 0 20
88014 0 15
89448 0 15
90881 0 19
92356 0 33
93912 0 5
95428 0 13
96964 0 26
98397 0 12
99831 0 24
101326 0 15
102800 0 15
104295 0 16
105770 0 13
107244 0 16
108678 0 27
110091 0 9
111648 0 24
113040 0 19
114556 0 31
116030 0 5
117505 0 23
119020 0 36
120495 0 11
121949 0 20
123423 0 34
124857 0 6
126270 0 23
127786 0 15
129178 0 13
130591 0 24
131984 0 29
133520 0 2
135056 0 13
136510 0 20
137964 0 18
139377 0 14
140852 0 13
142285 0 25
143842 0 1
145316 0 20
146873 0 30
148368 0 2
149822 0 16
151337 0 23
152771 0 15
154163 0 19
155740 0 28
157174 0 2
158689 0 23
160246 0 17
161700 0 16
163195 0 36
164731 0 5
166144 0 24
167618 0 19
169113 0 19
170690 0 25
172124 0 3
173598 0 22
175094 0 16
176486 0 24
177899 0 21
179415 0 28
180910 0 5
182323 0 18
183777 0 18
185313 0 24
186746 0 13
188221 0 20
189777 0 19
191334 0 19
192890 0 27
194406 0 5
195880 0 17
197334 0 17
198727 0 21
200161 0 31
201697 0 9
203151 0 21
204666 0 34
206100 0 12
207554 0 21
209008 0 15
210503 0 29
212039 0 8
213575 0 21
215070 0 16
216606 0 21
218039 0 14
219411 0 24
220886 0 29
222340 0 9
223917 0 17
225310 0 32
226702 0 12
228156 0 23
229549 0 27
231003 0 5
232498 0 23
233952 0 22
235406 0 26
236922 0 8
238498 0 20
239973 0 32
241489 0 10
243004 0 19
244479 0 13
246015 0 14
247428 0 20
249005 0 19
250500 0 33
251974 0 2
253490 0 19
255046 0 16
256459 0 19
257975 0 21
259449 0 27
260862 0 2
262255 0 17
263647 0 13
265102 0 14
266617 0 14
268112 0 30
269587 0 9
271000 0 15
272495 0 18
274031 0 20
275587 0 28
277103 0 12
278618 0 23
280113 0 22
281649 0 19
283185 0 15
284660 0 16
286032 0 32
287568 0 11
289063 0 18
290476 0 19
292032 0 20
293609 0 21
295104 0 14
296640 0 24
298115 0 34
299630 0 8
301166 0 23
302682 0 24
304115 0 24
305651 0 36
307187 0 4
308662 0 16
310034 0 19
311447 0 15
313003 0 14
314498 0 30
315850 0 3
317284 0 19
318820 0 36
320397 0 11
321830 0 13
323284 0 36
324738 0 7
326295 0 24
327831 0 18
329326 0 26
330800 0 12
332254 0 20
333749 0 14
335265 0 16
336780 0 30
338296 0 10
339709 0 17
341245 0 36
342781 0 5
344235 0 24
345648 0 24
347184 0 17
348597 0 21
350031 0 19
351505 0 29
352939 0 2
354413 0 16
355929 0 13
357362 0 13
358878 0 29
360332 0 10
361786 0 13
363240 0 19
364735 0 13
366148 0 24
367643 0 26
369077 0 11
370592 0 14
372087 0 35
373582 0 7
375016 0 19
376572 0 16
378067 0 35
379583 0 12
381098 0 20
382675 0 20
384109 0 15
385624 0 22
387181 0 15
388635 0 26
390130 0 12
391522 0 21
393099 0 35
394574 0 10
396089 0 17
397564 0 13
398977 0 20
400554 0 13
401987 0 18
403523 0 19
405039 0 25
406616 0 11
408029 0 17
409524 0 15
410998 0 23
412534 0 16
414050 0 36
415545 0 12
416938 0 23
418412 0 21
419866 0 13
421382 0 23
422795 0 21
424228 0 20
425682 0 21
427157 0 25
428631 0 10
430065 0 18
431499 0 25
433035 0 7
434571 0 15
436127 0 29
437540 0 6
439035 0 16
440489 0 26
441984 0 10
443500 0 13
444933 0 34
446428 0 4
447841 0 18
449295 0 21
450811 0 17
452244 0 14
453678 0 21
455112 0 17
456566 0 27
458122 0 1
459658 0 21
461194 0 17
462628 0 23
464041 0 19
465556 0 21
467031 0 33
468587 0 2
470082 0 16
471557 0 29
472929 0 2
474362 0 24
475837 0 23
477393 0 24
478889 0 24
480404 0 15
481940 0 33
483414 0 3
484950 0 23
486405 0 16
487797 0 19
489313 0 25
490726 0 7
492180 0 17
493716 0 24
495129 0 24
496542 0 36
497996 0 10
499532 0 17
501027 0 34
502420 0 7
503894 0 17
505328 0 24
506741 0 23
508174 0 21
509628 0 14
511042 0 17
512537 0 14
513991 0 35
515424 0 9
516837 0 20
518312 0 13
519848 0 13
521343 0 20
522817 0 14
524312 0 24
525787 0 13
527220 0 28
528654 0 11
530210 0 13
531767 0 18
533221 0 30
534655 0 9
536211 0 15
537686 0 31
539119 0 5
540676 0 15
542191 0 32
543707 0 11
545120 0 14
546615 0 32
548069 0 11
549482 0 23
550915 0 24
552349 0 24
553864 0 26
555278 0 2
556752 0 19
558165 0 22
559722 0 27
561114 0 10
562650 0 19
564084 0 19
565538 0 17
567074 0 16
568487 0 19
569921 0 17
571436 0 33
572870 0 6
574385 0 21
575819 0 20
577355 0 22
578829 0 17
580304 0 16
581737 0 25
583212 0 1
584748 0 23
586243 0 16
587738 0 35
589253 0 7
590748 0 14
592161 0 36
593636 0 7
595213 0 22
596687 0 21
598264 0 15
599759 0 17
601254 0 14
602688 0 34
604101 0 8
605596 0 23
607132 0 13
608545 0 23
610081 0 25
611515 0 1
612948 0 18
614443 0 16
615836 0 20
617351 0 24
618805 0 28
620239 0 2
621714 0 19
623188 0 36
624622 0 7
626096 0 13
627632 0 25
629107 0 11
630643 0 17
632035 0 13
633428 0 15
634964 0 13
636479 0 19
638056 0 22
639551 0 20
641128 0 29
642521 0 2
643913 0 21
645429 0 28
646903 0 9
648358 0 14
649812 0 17
651286 0 21
652843 0 34
654235 0 2
655669 0 18
657102 0 15
658577 0 23
660072 0 23
661608 0 31
663164 0 8
664639 0 22
666175 0 13
667649 0 21
669226 0 19
670680 0 20
672237 0 26
673670 0 7
675206 0 17
676701 0 18
678237 0 32
679732 0 11
681166 0 13
682640 0 26
684054 0 5
685508 0 13
686982 0 15
688477 0 14
689952 0 29
691385 0 4
692901 0 16
694416 0 20
695973 0 23
697509 0 23
698963 0 19
700540 0 32
702014 0 10
703448 0 20
704923 0 24
706376 0 14
707748 0 32
709244 0 11
710738 0 14
712275 0 21
713790 0 18
715326 0 19
716841 0 32
718377 0 11
719913 0 22
721429 0 24
722965 0 22
724460 0 20
726037 0 22
727470 0 36
728986 0 10
730460 0 18
731976 0 36
733430 0 5
734966 0 24
736400 0 23
737854 0 32
739267 0 5
740680 0 14
742093 0 20
743649 0 13
745144 0 22
746639 0 32
748134 0 4
749547 0 18
750981 0 15
752435 0 24
753992 0 35
755507 0 9
757022 0 16
758538 0 22
760074 0 16
761467 0 20
762921 0 30
764395 0 8
765849 0 19
767262 0 20
768757 0 13
770252 0 18
771727 0 13
773242 0 29
774717 0 6
776212 0 20
777748 0 34
779161 0 8
780636 0 13
782028 0 29
783482 0 8
785039 0 13
786534 0 23
787988 0 15
789462 0 35
791019 0 7
792596 0 18
794152 0 20
795688 0 15
797204 0 15
798617 0 26
800091 0 4
801545 0 13
802938 0 29
804310 0 3
805825 0 17
807361 0 34
808795 0 1
810270 0 14
811785 0 13
813178 0 23
814673 0 30
816147 0 6
817663 0 17
819199 0 28
820673 0 10
822168 0 14
823581 0 13
825097 0 27
826489 0 3
828025 0 21
829602 0 15
831118 0 20
832674 0 21
834251 0 13
835787 0 17
837262 0 25
838716 0 3
840190 0 24
841706 0 24
843180 0 13
844614 0 13
846150 0 35
847706 0 5
849119 0 19
850573 0 22
852048 0 23
853584 0 30
855059 0 9
856595 0 21
858151 0 15
859646 0 19
861100 0 24
862534 0 17
863988 0 23
865524 0 22
867080 0 25
868596 0 9
870070 0 19
871586 0 20
873081 0 22
874555 0 23
876050 0 33
877586 0 10
879081 0 23
880638 0 27
882133 0 8
883566 0 19
885143 0 16
886638 0 15
888092 0 26
889546 0 1
891041 0 13
892454 0 33
893867 0 3
895403 0 18
896858 0 21
898312 0 13
899827 0 24
901281 0 36
902776 0 9
904312 0 18
905766 0 30
907220 0 10
908654 0 20
910108 0 27
911541 0 12
913098 0 24
914634 0 26
916108 0 12
917562 0 24
919037 0 18
920552 0 36
922027 0 12
923461 0 15
924853 0 20
926389 0 18
927843 0 13
929256 0 18
930772 0 16
932164 0 21
933659 0 28
935175 0 9
936731 0 20
951270 0 101
952683 0 101
954096 0 101
955550 0 101
957086 0 101
958479 0 101
959933 0 101
961448 0 101
962861 0 101
964377 0 101
965810 0 102
967203 0 102
968616 0 102
970009 0 103
971422 0 101
972896 0 102
974412 0 103
975948 0 101
977381 0 102
978795 0 103
980351 0 101
981744 0 102
983218 0 102
984693 0 103
986147 0 101
987662 0 102
989198 0 103
990714 0 101
992127 0 102
993540 0 102
994932 0 102
996468 0 102
998004 0 102
999499 0 102
1000974 0 103
1002510 0 101
1004046 0 102
1005520 0 103
1007015 0 101
1008429 0 102
1009903 0 103
1011337 0 101
1012791 0 102
1014286 0 102
1015719 0 102
1017235 0 102
1018668 0 102
1020163 0 103
1021658 0 101
1023112 0 102
1024505 0 103
1025939 0 101
1027475 0 102
1028949 0 103
1030444 0 101
1031960 0 102
1033393 0 102
1034909 0 102
1036342 0 102
1037735 0 103
1039148 0 101
1040541 0 102
1041933 0 102
1043367 0 102
1044759 0 102
1046173 0 102
1047647 0 103
1049081 0 101
1050514 0 102
1051927 0 102
1053381 0 102
1054917 0 102
1056310 0 102
1057744 0 103
1059157 0 101
1060672 0 102
1062085 0 102
1063560 0 102
1065055 0 103
1066570 0 101
1068065 0 102
1069519 0 102
1070994 0 102
1072489 0 102
1073902 0 103
1075438 0 101
1076933 0 102
1078346 0 102
1079882 0 102
1081336 0 103
1082831 0 101
1084347 0 102
1085821 0 103
1087275 0 101
1088709 0 102
1090142 0 102
1091555 0 102
1092969 0 102
1094402 0 102
1095795 0 103
1097351 0 101
1098785 0 102
1100177 0 102
1101713 0 102
1103147 0 102
1104580 0 103
1105994 0 101
1107530 0 102
1109004 0 102
1110458 0 102
1111892 0 102
1113284 0 103
1114738 0 101
1116172 0 102
1117667 0 102
1119060 0 103
1120493 0 101
1121886 0 102
1123442 0 102
1124835 0 102
1126350 0 102
1127825 0 102
1129299 0 102
1130753 0 102
1132146 0 103
1133662 0 101
1135157 0 102
1136590 0 103
1138167 0 101
1139601 0 102
1141096 0 102
1142611 0 102
1144024 0 102
1145458 0 102
1146850 0 102
1148284 0 102
1149759 0 103
1151254 0 101
1152667 0 102
1154141 0 102
1155595 0 102
1157090 0 103
1158524 0 101
1159957 0 102
1161432 0 103
1162988 0 101
1164381 0 102
1165774 0 103
1167207 0 101
1168661 0 102
1170197 0 103
1171692 0 101
1173085 0 102
1174477 0 103
1175993 0 101
1177488 0 102
1178881 0 102
1180417 0 103
1181830 0 101
1183345 0 102
1184820 0 102
1186294 0 102
1187728 0 102
1189141 0 103
1190554 0 101
1191967 0 102
1193421 0 102
1194834 0 102
1196268 0 102
1197742 0 102
1199176 0 103
1200671 0 101
1202084 0 102
1203559 0 102
1205054 0 102
1206467 0 102
1207859 0 102
1209252 0 102
1210768 0 103
1212221 0 101
1213614 0 102
1215007 0 102
1216461 0 102
1217915 0 103
1219328 0 101
1220721 0 102
1222256 0 103
1223690 0 101
1225124 0 102
1226557 0 102
1227991 0 102
1229424 0 102
1230940 0 103
1232476 0 101
1233868 0 102
1235282 0 102
1236756 0 102
1238210 0 102
1239726 0 103
1241159 0 101
1242593 0 102
1244067 0 103
1245542 0 101
1247037 0 102
1248573 0 103
1249986 0 101
1251379 0 102
1252874 0 102
1254266 0 102
1255679 0 102
1257195 0 102
1258608 0 103
1260082 0 101
1261516 0 102
1262950 0 103
1264424 0 101
1265858 0 102
1267353 0 102
1268745 0 102
1270138 0 103
1271612 0 101
1273005 0 102
1274398 0 102
1275811 0 103
1277244 0 101
1278678 0 102
1280071 0 102
1281463 0 102
1282876 0 102
1284289 0 103
1285866 0 101
1287361 0 102
1288877 0 102
1290351 0 103
1291764 0 101
1293259 0 102
1294693 0 102
1296168 0 102
1297622 0 102
1299117 0 102
1300550 0 103
1302045 0 101
1303479 0 102
1305015 0 102
1306407 0 102
1307800 0 102
1309213 0 102
1310708 0 102
1312203 0 102
1313596 0 103
1315029 0 101
1316504 0 102
1317958 0 102
1319371 0 102
1320845 0 103
1322259 0 101
1323651 0 102
1325208 0 102
1326662 0 103
1328136 0 101
1329590 0 102
1331085 0 102
1332580 0 102
1334116 0 103
1335693 0 101
1337209 0 102
1338724 0 102
1340137 0 102
1341591 0 102
1343045 0 103
1344479 0 101
1345954 0 102
1347408 0 102
1348800 0 102
1350234 0 103
1351647 0 101
1353080 0 102
1354473 0 102
1355968 0 102
1357463 0 102
1358938 0 103
1360474 0 101
1362010 0 102
1363484 0 102
1364959 0 102
1366413 0 102
1367949 0 103
1369444 0 101
1370877 0 102
1372331 0 102
1373847 0 103
1375424 0 101
1376857 0 102
1378332 0 102
1379827 0 102
1381322 0 102
1382735 0 102
1384271 0 103
1385786 0 101
1387302 0 102
1388797 0 102
1390210 0 102
1391664 0 102
1393139 0 103
1394593 0 101
1396006 0 102
1397398 0 103
1398852 0 101
1400347 0 102
1401740 0 103
1403194 0 101
1404607 0 102
1406082 0 102
1407515 0 102
1409051 0 102
1410505 0 102
1412041 0 102
1413434 0 103
1414908 0 101
1416444 0 102
1417980 0 102
1419455 0 102
1420930 0 103
1422486 0 101
1423960 0 102
1425394 0 102
1426910 0 102
1428445 0 103
1429981 0 101
1431374 0 102
1432869 0 103
1434405 0 101
1435921 0 102
1437436 0 102
1438849 0 102
1440385 0 103
1441880 0 101
1443334 0 102
1444850 0 103
1446324 0 101
1447860 0 102
1449376 0 102
1450850 0 103
1452345 0 101
1453820 0 102
1455315 0 102
1456707 0 103
1458182 0 101
1459636 0 102
1461111 0 103
1462626 0 101
1464060 0 102
1465555 0 102
1467009 0 103
1468463 0 101
1469978 0 102
1471432 0 103
1472968 0 101
1474361 0 102
1475774 0 102
1477249 0 102
1478784 0 102
1480320 0 103
1481754 0 101
1483290 0 102
1484683 0 103
1486239 0 101
1487734 0 102
1489127 0 102
1490663 0 102
1492117 0 103
1493530 0 101
1495025 0 102
1496520 0 103
1498076 0 101
1499571 0 102
1500984 0 102
1502520 0 102
1503933 0 103
1505490 0 101
1507026 0 102
1508541 0 103
1510098 0 101
1511634 0 102
1513047 0 102
1514440 0 102
1515914 0 102
1517450 0 102
1518925 0 102
1520379 0 103
1521894 0 101
1523307 0 102
1524761 0 103
1526256 0 101
1527690 0 102
1529185 0 102
1530721 0 102
1532175 0 103
1533731 0 101
1535124 0 102
1536578 0 103
1538094 0 101
1539630 0 102
1541104 0 102
1542538 0 102
1543971 0 103
1545466 0 101
1546941 0 102
1548415 0 102
1549869 0 102
1551323 0 103
1552757 0 101
1554170 0 102
1555563 0 103
1557017 0 101
1558491 0 102
1559904 0 103
1561420 0 101
1562935 0 102
1564348 0 102
1565762 0 102
1567277 0 102
1568772 0 103
1570206 0 101
1571701 0 102
1573114 0 102
1574568 0 102
1576083 0 102
1577558 0 103
1578991 0 101
1580404 0 102
1581920 0 103
1583394 0 101
1584869 0 102
1586282 0 102
1587798 0 103
1589231 0 101
1590644 0 102
1592180 0 103
1593614 0 101
1595047 0 102
1596522 0 103
1597996 0 101
1599451 0 102
1600946 0 103
1602502 0 101
1603936 0 102
1605472 0 102
1606864 0 102
1608277 0 102
1609813 0 103
1611329 0 101
1612844 0 102
1614298 0 102
1615793 0 102
1617288 0 102
1618742 0 102
1620155 0 102
1621630 0 102
1623084 0 103
1624497 0 101
1625972 0 102
1627364 0 102
1628900 0 102
1630334 0 102
1631788 0 103
1633262 0 101
1634676 0 102
1636171 0 102
1637563 0 102
1639058 0 102
1640533 0 103
1642007 0 101
1643461 0 102
1644936 0 102
1646451 0 103
1647946 0 101
1649421 0 102
1650813 0 103
1652329 0 101
1653783 0 102
1655278 0 103
1656794 0 101
1658289 0 102
1659763 0 102
1661217 0 102
1662671 0 102
1664146 0 102
1665600 0 103
1667136 0 101
1668672 0 102
1670105 0 102
1671600 0 102
1672993 0 102
1674529 0 102
1676024 0 102
1677498 0 102
1678993 0 103
1680529 0 101
1681922 0 102
1683335 0 103
1684810 0 101
1686346 0 102
1687820 0 102
1689254 0 102
1690769 0 103
1692244 0 101
1693677 0 102
1695111 0 102
1696565 0 102
1698040 0 102
1699535 0 102
1700968 0 103
1702525 0 101
1704040 0 102
1705515 0 103
1706989 0 101
1708464 0 102
1710000 0 102
1711495 0 102
1713031 0 102
1714526 0 102
1716021 0 102
1717413 0 103
1718908 0 101
1720444 0 102
1721878 0 102
1723332 0 102
1724827 0 102
1726342 0 103
1727755 0 101
1729189 0 102
1730725 0 102
1732159 0 103
1733592 0 101
1735046 0 102
1736480 0 102
1737872 0 102
1739286 0 102
1740678 0 102
1742194 0 103
1743689 0 101
1745143 0 102
1746535 0 102
1747948 0 102
1749341 0 102
1750795 0 102
1752249 0 103
1753703 0 101
1755219 0 102
1756632 0 102
1758045 0 102
1759560 0 102
1760953 0 102
1762387 0 102
1763882 0 103
1765458 0 101
1766933 0 102
1768469 0 102
1769862 0 102
1771377 0 102
1772811 0 102
1774224 0 103
1775698 0 101
1777111 0 102
1778545 0 102
1779999 0 102
1781392 0 102
1782866 0 102
1784300 0 102
1785815 0 103
1787269 0 101
1788785 0 102
1790259 0 102
1791754 0 102
1793188 0 102
1794744 0 103
1796178 0 101
1797653 0 102
1799188 0 103
1800745 0 101
1802138 0 102
1803592 0 102
1804984 0 102
1806479 0 102
1808015 0 103
1809572 0 101
1811067 0 102
1812459 0 103
1813934 0 101
1815470 0 102
1816944 0 102
1818357 0 102
1819893 0 103
1821429 0 101
1822945 0 102
1824460 0 102
1826017 0 102
1827471 0 103
1828884 0 101
1830297 0 102
1831833 0 102
1833226 0 103
1834639 0 101
1836113 0 102
1837608 0 102
1839103 0 102
1840639 0 102
1842093 0 102
1843609 0 102
1859279 0 46
1860774 0 47
1862269 0 47
1863702 0 41
1865197 0 40
1866733 0 40
1868290 0 41
1869785 0 43
1871300 0 39
1872775 0 42
1874208 0 59
1875703 0 56
1877137 0 59
1878591 0 55
1880004 0 56
1881438 0 51
1882933 0 55
1884407 0 62
1885841 0 46
1887418 0 59
1888831 0 65
1890285 0 38
1891718 0 58
1893254 0 60
1894667 0 50
1896121 0 66
1897637 0 43
1899050 0 50
1900566 0 50
1901979 0 49
1903412 0 50
1904928 0 56
1906464 0 52
1907979 0 65
1909413 0 42
1910846 0 54
1912280 0 53
1913795 0 58
1915270 0 57
1916765 0 66
1918301 0 40
1919857 0 59
1921352 0 51
1922786 0 50
1924240 0 51
1925776 0 66
1927312 0 44
1928786 0 59
1930261 0 69
1931776 0 37
1933251 0 53
1934807 0 72
1936221 0 40
1937695 0 52
1939170 0 55
1940624 0 52
1942160 0 63
1943634 0 37
1945170 0 55
1946583 0 49
1948037 0 57
1949471 0 72
1950884 0 39
1952420 0 50
1953854 0 60
1955328 0 52
1956803 0 54
1958298 0 57
1959834 0 52
1961308 0 68
1962824 0 44
1964380 0 53
1965773 0 56
1967268 0 52
1968701 0 70
1970135 0 38
1971650 0 58
1973125 0 56
1974538 0 54
1976094 0 67
1977630 0 45
1979105 0 50
1980579 0 66
1982095 0 37
1983631 0 60
1985167 0 57
1986703 0 65
1988177 0 46
1989734 0 55
1991249 0 69
1992765 0 46
1994280 0 49
1995693 0 60
1997107 0 59
1998561 0 52
2000015 0 62
2001407 0 43
2002861 0 56
2004274 0 62
2005769 0 45
2007326 0 50
2008841 0 50
2010295 0 69
2011770 0 45
2013326 0 56
2014883 0 70
2016275 0 40
2017770 0 59
2019327 0 54
2020781 0 72
2022235 0 38
2023791 0 54
2025266 0 54
2026720 0 52
2028277 0 60
2029690 0 56
2031144 0 65
2032700 0 43
2034195 0 55
2035752 0 55
2037247 0 58
2038783 0 52
2040237 0 59
2041670 0 50
2043083 0 62
2044619 0 40
2046176 0 55
2047753 0 53
2049289 0 58
2050825 0 55
2052402 0 60
2053917 0 72
2055392 0 46
2056887 0 58
2058402 0 51
2059897 0 50
2061331 0 49
2062785 0 64
2064280 0 46
2065754 0 56
2067311 0 68
2068826 0 42
2070280 0 54
2071714 0 53
2073270 0 57
2074847 0 72
2076260 0 40
2077714 0 59
2079168 0 60
2080582 0 72
2082036 0 44
2083490 0 54
2084923 0 56
2086418 0 67
2087831 0 44
2089388 0 55
2090883 0 51
2092296 0 52
2093832 0 53
2095306 0 57
2096781 0 72
2098174 0 48
2099628 0 51
2101082 0 60
2102515 0 68
2104010 0 38
2105505 0 58
2107082 0 53
2108577 0 55
2110093 0 50
2111567 0 51
2113042 0 68
2114496 0 48
2116011 0 56
2117486 0 63
2118981 0 44
2120537 0 53
2121991 0 57
2123507 0 67
2124981 0 46
2126558 0 53
2128094 0 72
2129548 0 47
2131105 0 49
2132559 0 51
2134095 0 57
2135528 0 71
2136921 0 45
2138498 0 51
2140013 0 59
2141427 0 69
2142963 0 47
2144437 0 50
2145953 0 57
2147386 0 50
2148840 0 53
2150335 0 72
2151789 0 46
2153305 0 59
2154738 0 67
2156131 0 44
2157667 0 53
2159203 0 72
2160718 0 38
2162193 0 59
2163606 0 54
2165019 0 55
2166432 0 61
2167886 0 45
2169402 0 50
2170938 0 72
2172474 0 48
2173969 0 53
2175525 0 53
2177082 0 51
2178556 0 72
2179990 0 42
2181485 0 49
2183000 0 55
2184475 0 59
2185970 0 56
2187424 0 59
2188857 0 52
2190270 0 67
2191745 0 37
2193301 0 60
2194776 0 61
2196271 0 39
2197746 0 57
2199200 0 69
2200715 0 38
2202190 0 51
2203705 0 50
2205262 0 52
2206798 0 57
2208334 0 59
2209829 0 71
2211365 0 38
2212757 0 51
2214170 0 66
2215624 0 39
2217160 0 56
2218717 0 49
2220171 0 49
2221707 0 54
2223120 0 67
2224574 0 42
2226069 0 56
2227523 0 60
2228977 0 69
2230513 0 48
2231967 0 53
2233421 0 59
2234896 0 58
2236391 0 58
2237824 0 49
2239381 0 54
2240917 0 53
2242412 0 62
2243804 0 48
2245340 0 57
2246876 0 52
2248330 0 50
2249723 0 58
2251259 0 67
2252733 0 46
2254269 0 53
2255805 0 53
2257280 0 55
2258836 0 67
2260372 0 38
2261908 0 55
2263342 0 71
2264878 0 40
2266352 0 54
2267847 0 54
2269240 0 50
2270755 0 60
2272230 0 52
2273643 0 49
2275159 0 66
2276674 0 44
2278231 0 50
2279787 0 54
2281262 0 59
2282675 0 53
2284231 0 66
2285624 0 47
2287037 0 51
2288552 0 68
2290109 0 39
2291665 0 49
2293160 0 52
2294594 0 59
2296089 0 50
2297502 0 51
2298956 0 55
2300471 0 51
2301946 0 72
2303380 0 43
2304834 0 52
2306267 0 60
2307762 0 58
2309196 0 54
2310711 0 53
2312124 0 71
2313517 0 40
2315053 0 58
2316589 0 49
2318104 0 70
2319579 0 47
2321115 0 49
2322569 0 52
2324105 0 50
2325559 0 60
2327013 0 50
2328447 0 50
2330003 0 59
2331437 0 63
2332993 0 42
2334406 0 56
2335881 0 55
2337376 0 69
2338912 0 40
2340427 0 52
2341984 0 49
2343540 0 55
2345097 0 54
2346571 0 64
2347964 0 46
2349479 0 54
2350974 0 54
2352531 0 50
2353985 0 60
2355500 0 52
2357036 0 65
2358572 0 46
2360129 0 53
2361665 0 53
2363057 0 58
2364614 0 52
2366068 0 58
2367522 0 64
2369058 0 44
2370614 0 58
2372130 0 64
2373584 0 40
2374997 0 50
2376430 0 53
2377884 0 51
2379420 0 68
2380854 0 38
2382370 0 55
2383803 0 66
2385216 0 44
2386711 0 59
2388268 0 59
2389804 0 58
2391340 0 55
2392855 0 71
2394289 0 47
2395784 0 55
2397238 0 49
2398733 0 49
2400166 0 57
2401620 0 67
2403074 0 38
2404549 0 59
2406064 0 58
2407519 0 58
2409075 0 56
2410509 0 69
2412045 0 40
2413519 0 57
2415055 0 63
2416489 0 39
2417902 0 54
2419397 0 57
2420974 0 49
2422387 0 56
2423923 0 63
2425356 0 42
2426851 0 55
2428387 0 50
2429800 0 49
2431213 0 54
2432668 0 68
2434142 0 45
2435678 0 50
2437173 0 61
2438607 0 46
2440122 0 58
2441576 0 68
2443010 0 48
2444464 0 52
2445959 0 49
2447495 0 51
2448949 0 56
2450423 0 52
2451939 0 56
2453495 0 66
2455011 0 40
2456526 0 51
2457980 0 67
2459455 0 48
2460991 0 59
2462465 0 71
2463940 0 45
2465353 0 50
2466787 0 51
2468261 0 62
2469797 0 44
2471354 0 50
2472767 0 56
2474282 0 58
2475818 0 72
2477293 0 39
2478726 0 52
2480262 0 53
2481716 0 49
2483252 0 58
2484768 0 56
2486304 0 53
2487860 0 71
2489376 0 42
2490768 0 57
2492202 0 49
2493676 0 57
2495130 0 58
2496707 0 67
2498182 0 48
2499718 0 53
2501233 0 56
2502749 0 62
2504264 0 44
2505821 0 50
2507234 0 53
2508770 0 60
2510162 0 57
2511739 0 50
2513193 0 61
2514668 0 46
2516122 0 60
2517679 0 49
2519174 0 67
2520628 0 44
2522123 0 49
2523659 0 55
2525154 0 58
2526587 0 60
2528103 0 66
2529536 0 37
2530990 0 55
2532506 0 53
2534062 0 54
2535557 0 50
2537114 0 70
2538588 0 41
2540124 0 50
2541681 0 55
2543237 0 57
2544773 0 55
2546227 0 60
2547743 0 51
2549299 0 56
2550774 0 71
2552207 0 47
2553702 0 54
2555197 0 52
2556754 0 60
2558290 0 50
2559785 0 51
2561321 0 64
2562754 0 41
2564290 0 49
2565683 0 59
2567178 0 53
2568611 0 71
2570106 0 47
2571663 0 54
2573199 0 57
2574735 0 53
2576189 0 59
2577684 0 50
2579158 0 71
2580551 0 46
2582026 0 57
2583582 0 51
2585098 0 52
2586654 0 58
2588210 0 52
2589623 0 58
2591098 0 61
2592593 0 48
2594129 0 57
2595624 0 54
2597160 0 60
2598696 0 52
2600170 0 50
2601563 0 56
2603079 0 56
2604635 0 63
2606069 0 40
2607605 0 56
2609079 0 55
2610513 0 58
2611967 0 67
2613380 0 45
2614854 0 49
2616390 0 57
2617906 0 55
2619401 0 59
2620937 0 64
2622391 0 48
2623784 0 56
2625319 0 62
2626794 0 40
2628310 0 54
2629743 0 51
2631238 0 55
2632651 0 61
2634208 0 48
2635641 0 49
2637177 0 54
2638611 0 63
2640044 0 42
2641498 0 56
2643055 0 56
2644488 0 62
2645881 0 42
2647376 0 56
2648912 0 67
2650305 0 45
2651841 0 59
2653397 0 49
2654954 0 67
2656469 0 42
2657862 0 58
2659316 0 58
2660831 0 56
2662326 0 66
2663760 0 41
2665275 0 49
2666750 0 59
2668327 0 53
2669781 0 55
2671194 0 61
2672689 0 37
2674082 0 58
2675638 0 68
2677113 0 43
2678669 0 55
2680164 0 64
2681659 0 46
2683195 0 52
2684731 0 72
2686246 0 43
2687782 0 59
2689216 0 61
2690772 0 38
2692247 0 53
2693681 0 67
2695094 0 41
2696507 0 52
2697961 0 58
2699497 0 59
2700951 0 56
2702405 0 50
2703879 0 66
2705395 0 42
2706849 0 55
2708405 0 72
2709941 0 44
2711354 0 51
2712849 0 60
2714344 0 71
2715758 0 40
2717314 0 59
2718727 0 51
2720161 0 66
2721635 0 42
2723048 0 53
2724502 0 61
2726038 0 43
2727554 0 56
2729090 0 53
2730605 0 65
2732059 0 48
2733493 0 50
2734988 0 63
2736524 0 41
2738039 0 51
2739453 0 61
2740948 0 37
2742443 0 60
2743917 0 61
2745433 0 44
2746969 0 55
2748402 0 60
2749836 0 51
2751290 0 50
2752744 0 56
2754177 0 62
2755591 0 42
2757085 0 54
2758621 0 69
2760116 0 42
2761591 0 58
2763147 0 54
2764602 0 57
2779394 0 104
2780910 0 104
2782405 0 104
2783818 0 104
2785313 0 104
2786747 0 104
2788242 0 104
2789655 0 104
2791109 0 104
2792522 0 104
2794037 0 105
2795450 0 105
2796905 0 105
2798400 0 106
2799813 0 104
2801267 0 105
2802823 0 105
2804236 0 105
2805793 0 106
2807288 0 104
2808824 0 105
2810237 0 105
2811773 0 105
2813268 0 106
2814783 0 104
2816258 0 105
2817650 0 106
2819064 0 104
2820518 0 105
2822033 0 105
2823589 0 105
2825044 0 106
2826477 0 104
2828013 0 105
2829549 0 106
2831024 0 104
2832416 0 105
2833932 0 106
2835386 0 104
2836881 0 105
2838437 0 105
2839912 0 105
2841448 0 106
2842984 0 104
2844417 0 105
2845892 0 105
2847428 0 106
2848882 0 104
2850377 0 105
2851810 0 106
2853285 0 104
2854719 0 105
2856111 0 105
2857627 0 105
2859081 0 106
2860494 0 104
2861989 0 105
2863504 0 106
2865020 0 104
2866453 0 105
2867969 0 105
2869402 0 105
2870816 0 105
2872331 0 106
2873785 0 104
2875178 0 105
2876673 0 105
2878188 0 105
2879601 0 105
2881055 0 105
2882468 0 105
2883861 0 106
2885274 0 104
2886708 0 105
2888182 0 106
2889636 0 104
2891070 0 105
2892585 0 105
2894121 0 106
2895616 0 104
2897091 0 105
2898627 0 105
2900019 0 105
2901494 0 105
2902907 0 105
2904361 0 105
2905856 0 106
2907290 0 104
2908846 0 105
2910362 0 105
2911898 0 105
2913393 0 105
2914949 0 106
2916362 0 104
2917919 0 105
2919455 0 105
2920888 0 105
2922424 0 105
2923960 0 105
2925517 0 105
2927073 0 105
2928486 0 106
2929920 0 104
2931333 0 105
2932807 0 105
2934261 0 105
2935756 0 105
2937190 0 105
2938726 0 106
2940139 0 104
2941655 0 105
2943191 0 105
2944604 0 106
2946017 0 104
2947450 0 105
2948966 0 105
2950502 0 105
2951915 0 105
2953471 0 105
2954905 0 105
2956441 0 105
2957977 0 106
2959533 0 104
2960967 0 105
2962400 0 106
2963855 0 104
2965288 0 105
2966783 0 106
2968237 0 104
2969671 0 105
2971125 0 105
2972558 0 105
2974074 0 106
2975466 0 104
2976880 0 105
2978375 0 105
2979911 0 105
2981447 0 105
2982962 0 105
2984457 0 106
2985993 0 104
2987468 0 105
2988881 0 105
2990335 0 105
2991891 0 105
2993304 0 105
2994697 0 105
2996212 0 106
2997748 0 104
2999243 0 105
3000800 0 106
3002274 0 104
3003790 0 105
3005305 0 105
3006821 0 105
3008234 0 105
3009647 0 105
3011142 0 106
3012617 0 104
3014071 0 105
3015525 0 106
3017020 0 104
3018433 0 105
3019866 0 106
3021382 0 104
3022918 0 105
3024372 0 106
3025846 0 104
3027362 0 105
3028898 0 105
3030331 0 105
3031826 0 105
3033301 0 105
3034857 0 105
3036271 0 106
3037704 0 104
3039158 0 105
3040674 0 105
3042189 0 105
3043664 0 105
3045159 0 105
3046674 0 105
3048210 0 106
3049644 0 104
3051118 0 105
3052634 0 106
3054108 0 104
3055583 0 105
3057119 0 105
3058655 0 105
3060191 0 105
3061747 0 105
3063263 0 106
3064799 0 104
3066253 0 105
3067686 0 106
3069161 0 104
3070676 0 105
3072171 0 106
3073564 0 104
3074977 0 105
3076390 0 105
3077885 0 105
3079360 0 105
3080793 0 105
3082329 0 105
3083783 0 106
3085258 0 104
3086732 0 105
3088207 0 105
3089620 0 105
3091074 0 106
3092549 0 104
3093941 0 105
3095436 0 105
3096870 0 105
3098324 0 106
3099819 0 104
3101273 0 105
3102768 0 105
3104181 0 105
3105676 0 105
3107151 0 105
3108605 0 105
3110079 0 106
3111533 0 104
3113028 0 105
3114421 0 106
3115916 0 104
3117370 0 105
3118824 0 106
3120380 0 104
3121794 0 105
3123207 0 105
3124702 0 105
3126156 0 106
3127569 0 104
3128961 0 105
3130374 0 106
3131808 0 104
3133262 0 105
3134675 0 106
3136109 0 104
3137501 0 105
3138914 0 106
3140430 0 104
3141925 0 105
3143461 0 105
3144936 0 105
3146471 0 105
3147885 0 105
3149421 0 105
3150875 0 106
3152411 0 104
3153906 0 105
3155421 0 106
3156916 0 104
3158350 0 105
3159824 0 106
3161381 0 104
3162835 0 105
3164248 0 105
3165681 0 106
3167094 0 104
3168487 0 105
3169921 0 105
3171457 0 105
3172911 0 106
3174365 0 104
3175798 0 105
3177293 0 105
3178809 0 105
3180324 0 106
3181840 0 104
3183294 0 105
3184727 0 105
3186284 0 105
3187758 0 105
3189315 0 105
3190789 0 105
3192264 0 106
3193820 0 104
3195295 0 105
3196831 0 105
3198326 0 106
3199862 0 104
3201418 0 105
3202913 0 106
3204367 0 104
3205760 0 105
3207296 0 105
3208832 0 105
3210368 0 106
3211924 0 104
3213399 0 105
3214955 0 106
3216369 0 104
3217802 0 105
3219297 0 106
3220710 0 104
3222226 0 105
3223762 0 106
3225318 0 104
3226752 0 105
3228185 0 105
3229598 0 105
3231134 0 105
3232588 0 106
3234104 0 104
3235578 0 105
3237032 0 105
3238589 0 105
3240104 0 105
3241661 0 106
3243156 0 104
3244671 0 105
3246207 0 105
3247620 0 105
3249095 0 105
3250610 0 106
3252044 0 104
3253437 0 105
3254973 0 106
3256386 0 104
3257922 0 105
3259314 0 105
3260789 0 105
3262263 0 105
3263820 0 105
3265294 0 105
3266748 0 106
3268305 0 104
3269820 0 105
3271336 0 105
3272769 0 105
3274223 0 106
3275678 0 104
3277173 0 105
3278688 0 105
3280122 0 105
3281535 0 105
3282927 0 106
3284361 0 104
3285795 0 105
3287208 0 106
3288744 0 104
3290157 0 105
3291549 0 106
3293065 0 104
3294560 0 105
3296034 0 105
3297550 0 105
3299065 0 105
3300601 0 105
3302055 0 106
3303550 0 104
3305004 0 105
3306458 0 106
3307994 0 104
3309448 0 105
3310964 0 105
3312459 0 105
3313933 0 106
3315469 0 104
3316985 0 105
3318480 0 105
3319914 0 105
3321429 0 105
3322924 0 105
3324399 0 105
3325853 0 105
3327389 0 106
3328822 0 104
3330317 0 105
3331771 0 105
3333184 0 106
3334577 0 104
3336072 0 105
3337567 0 106
3339021 0 104
3340557 0 105
3342011 0 105
3343445 0 105
3344960 0 105
3346373 0 106
3347786 0 104
3349261 0 105
3350715 0 105
3352271 0 105
3353766 0 105
3355282 0 106
3356695 0 104
3358129 0 105
3359542 0 105
3361057 0 105
3362511 0 106
3364027 0 104
3365501 0 105
3366955 0 105
3368368 0 105
3369802 0 105
3371256 0 105
3372792 0 105
3374205 0 106
3375618 0 104
3377154 0 105
3378629 0 106
3380042 0 104
3381516 0 105
3383073 0 106
3384486 0 104
3386042 0 105
3387517 0 106
3389032 0 104
3390445 0 105
3391940 0 106
3393354 0 104
3394746 0 105
3396303 0 105
3397818 0 105
3399272 0 106
3400808 0 104
3402262 0 105
3403798 0 105
3405273 0 105
3406829 0 106
3408324 0 104
3409737 0 105
3411150 0 105
3412707 0 106
3414243 0 104
3415656 0 105
3417110 0 106
3418666 0 104
3420223 0 105
3421615 0 105
3423172 0 105
3424708 0 105
3426121 0 106
3427677 0 104
3429234 0 105
3430770 0 106
3432285 0 104
3433780 0 105
3435275 0 105
3436750 0 105
3438245 0 105
3439658 0 106
3441173 0 104
3442689 0 105
3444184 0 105
3445740 0 105
3447235 0 105
3448628 0 106
3450082 0 104
3451536 0 105
3453072 0 105
3454506 0 105
3456062 0 106
3457475 0 104
3458970 0 105
3460424 0 106
3461817 0 104
3463353 0 105
3464787 0 105
3466302 0 105
3467736 0 105
3469210 0 105
3470746 0 106
3472282 0 104
3473777 0 105
3475190 0 106
3476583 0 104
3478119 0 105
3479655 0 106
3481047 0 104
3482542 0 105
3483935 0 105
3485471 0 105
3486884 0 105
3488318 0 106
3489731 0 104
3491123 0 105
3492618 0 105
3494072 0 105
3495608 0 105
3497042 0 105
3498578 0 105
3500032 0 105
3501568 0 106
3503083 0 104
3504497 0 105
3506012 0 105
3507507 0 105
3508961 0 105
3510456 0 106
3511890 0 104
3513303 0 105
3514695 0 105
3516211 0 105
3517726 0 105
3519119 0 105
3520655 0 106
3522130 0 104
3523563 0 105
3524976 0 105
3526430 0 105
3527905 0 106
3529420 0 104
3530813 0 105
3532267 0 105
3533803 0 106
3535216 0 104
3536732 0 105
3538288 0 105
3539824 0 105
3541278 0 105
3542691 0 105
3544248 0 106
3545722 0 104
3547238 0 105
3548671 0 106
3550105 0 104
3551559 0 105
3553074 0 105
3554590 0 105
3556126 0 105
3557600 0 105
3558993 0 105
3560447 0 106
3561921 0 104
3563335 0 105
3564789 0 105
3566304 0 105
3567758 0 106
3569212 0 104
3570666 0 105
3572161 0 105
3573636 0 105
3575131 0 105
3576564 0 105
3577978 0 105
3579370 0 106
3580927 0 104
3582360 0 105
3583896 0 105
3585371 0 105
3586825 0 105
3588238 0 105
3589753 0 105
3591166 0 105
3592579 0 106
3594054 0 104
3595508 0 105
3596962 0 106
3598478 0 104
3599891 0 105
3601345 0 105
3602799 0 105
3604355 0 106
3605830 0 104
3607263 0 105
3608799 0 106
3610294 0 104
3611769 0 105
3613243 0 105
3614738 0 105
3616274 0 105
3617749 0 105
3619203 0 105
3620719 0 106
3622254 0 104
3623647 0 105
3625204 0 106
3626760 0 104
3628255 0 105
3629750 0 105
3631265 0 106
3632801 0 104
3634337 0 105
3635792 0 106
3637205 0 104
3638659 0 105
3640072 0 105
3641464 0 106
3643000 0 104
3644495 0 105
3645929 0 105
3647383 0 105
3648858 0 105
3650373 0 105
3651766 0 106
3653199 0 104
3654715 0 105
3656107 0 105
3657520 0 105
3659015 0 105
3660469 0 105
3661985 0 105
3663398 0 106
3664852 0 104
3666327 0 105
3667822 0 105
3669276 0 105
3670668 0 106
3672225 0 104
3673740 0 105
3675215 0 105
3676648 0 105
3678102 0 105
