84542 0 10
86057 0 1
87573 0 11
89129 0 10
90645 0 12
92037 0 1
93492 0 6
95068 0 2
96543 0 12
97977 0 8
99410 0 14
100905 0 13
102462 0 27
103936 0 6
105390 0 23
106885 0 34
108360 0 8
109855 0 21
111309 0 31
112783 0 11
114258 0 19
115691 0 18
117186 0 24
118681 0 28
120197 0 3
121672 0 24
123064 0 18
124518 0 15
125993 0 35
127549 0 10
129085 0 19
130580 0 18
132096 0 29
133468 0 12
134963 0 18
136540 0 36
137973 0 6
139489 0 23
140963 0 30
142479 0 8
144056 0 22
145551 0 20
147087 0 14
148479 0 15
149872 0 27
151285 0 11
152801 0 15
154337 0 21
155791 0 17
157265 0 14
158740 0 26
160153 0 12
161586 0 22
163102 0 27
164515 0 9
166092 0 14
167607 0 21
169143 0 31
170577 0 7
172072 0 16
173505 0 16
175021 0 22
176455 0 17
177847 0 35
179383 0 8
180899 0 20
182394 0 15
183807 0 33
185240 0 3
186653 0 19
188087 0 16
189500 0 21
191036 0 32
192552 0 6
194006 0 18
195480 0 15
197037 0 22
198491 0 13
199904 0 30
201358 0 4
202791 0 19
204307 0 17
205740 0 18
207297 0 22
208792 0 16
210225 0 13
211761 0 31
213256 0 9
214813 0 13
216328 0 25
217782 0 5
219298 0 22
220752 0 20
222186 0 26
223640 0 11
225073 0 23
226589 0 20
228043 0 33
229579 0 8
231074 0 13
232610 0 13
234084 0 21
235559 0 14
237054 0 13
238508 0 14
239982 0 19
241559 0 31
243075 0 10
244529 0 13
245962 0 19
247498 0 13
248993 0 18
250427 0 15
251881 0 23
253315 0 28
254748 0 10
256305 0 24
257759 0 24
259151 0 19
260646 0 36
262182 0 9
263657 0 23
265090 0 33
266524 0 1
268080 0 18
269637 0 29
271173 0 4
272545 0 21
273999 0 22
275433 0 23
276866 0 17
278320 0 25
279897 0 6
281331 0 22
282764 0 20
284341 0 16
285816 0 16
287270 0 21
288765 0 29
290239 0 10
291693 0 24
293250 0 22
294806 0 20
296260 0 17
297673 0 29
299107 0 4
300623 0 13
302015 0 18
303551 0 23
304985 0 21
306480 0 18
308016 0 32
309511 0 10
311006 0 13
312480 0 13
313934 0 17
315388 0 24
316822 0 15
318256 0 16
319628 0 29
321061 0 6
322495 0 19
323949 0 14
325403 0 23
326836 0 20
328291 0 24
329745 0 14
331240 0 32
332776 0 4
334148 0 24
335581 0 33
337056 0 1
338510 0 20
340066 0 28
341541 0 3
342954 0 17
344449 0 23
345964 0 27
347378 0 9
348873 0 19
350347 0 18
351842 0 21
353337 0 34
354750 0 7
356327 0 22
357884 0 24
359317 0 26
360771 0 4
362246 0 15
363802 0 22
365277 0 15
366792 0 13
368287 0 23
369721 0 22
371175 0 18
372711 0 30
374144 0 1
375598 0 20
377134 0 26
378568 0 2
380104 0 16
381476 0 36
382910 0 6
384425 0 23
385961 0 13
387497 0 19
389013 0 19
390590 0 26
392003 0 5
393416 0 17
394952 0 15
396406 0 17
397839 0 14
399334 0 33
400829 0 1
402365 0 20
403881 0 13
405355 0 23
406891 0 18
408304 0 13
409840 0 18
411397 0 30
412871 0 1
414326 0 15
415779 0 19
417315 0 18
418810 0 13
420285 0 30
421657 0 6
423193 0 24
424668 0 17
426101 0 19
427658 0 21
429091 0 17
430504 0 23
432061 0 34
433576 0 6
435051 0 18
436587 0 14
438061 0 31
439515 0 11
440949 0 18
442383 0 36
443816 0 9
445332 0 14
446868 0 25
448383 0 11
449878 0 19
451291 0 17
452827 0 15
454322 0 35
455838 0 8
457353 0 18
458869 0 18
460343 0 21
461797 0 23
463333 0 35
464828 0 1
466282 0 24
467777 0 20
469354 0 23
470911 0 22
472488 0 15
473921 0 30
475334 0 10
476768 0 15
478242 0 13
479737 0 32
481171 0 3
482686 0 22
484222 0 29
485636 0 5
487069 0 23
488626 0 32
490059 0 12
491554 0 24
492988 0 23
494421 0 21
495896 0 14
497411 0 30
498783 0 6
500299 0 23
501753 0 17
503289 0 24
504804 0 18
506299 0 27
507856 0 5
509371 0 14
510825 0 24
512218 0 21
513672 0 21
515147 0 17
516580 0 13
518014 0 34
519529 0 4
520963 0 16
522437 0 15
523891 0 15
525346 0 23
526820 0 35
528213 0 3
529749 0 24
531264 0 15
532698 0 31
534131 0 6
535688 0 17
537224 0 21
538780 0 23
540255 0 23
541688 0 14
543183 0 29
544637 0 4
546050 0 14
547545 0 13
548938 0 24
550413 0 19
551908 0 18
553423 0 26
554898 0 8
556372 0 18
557949 0 13
559465 0 27
560939 0 1
562373 0 19
563888 0 17
565445 0 24
566858 0 19
568373 0 33
569889 0 11
571302 0 17
572776 0 20
574271 0 16
575644 0 30
577118 0 9
578572 0 15
580006 0 29
581419 0 9
582893 0 24
584429 0 22
585904 0 22
587378 0 21
588832 0 23
590266 0 13
591700 0 32
593174 0 1
594690 0 21
596164 0 18
597618 0 19
599052 0 14
600567 0 27
601960 0 7
603373 0 15
604786 0 24
606302 0 13
607858 0 19
609312 0 13
610746 0 23
612282 0 28
613797 0 4
615313 0 24
616726 0 21
618159 0 17
619716 0 20
621272 0 26
622706 0 2
624139 0 18
625716 0 28
627273 0 8
628809 0 22
630304 0 18
631758 0 17
633253 0 13
634768 0 16
636222 0 34
637615 0 4
639028 0 17
640421 0 19
641957 0 19
643431 0 17
644824 0 28
646257 0 10
647814 0 21
649350 0 18
650824 0 13
652360 0 27
653896 0 4
655289 0 13
656702 0 15
658238 0 26
659712 0 10
661146 0 17
662539 0 16
663993 0 15
665529 0 16
666983 0 23
668437 0 13
669973 0 31
671550 0 10
673065 0 13
674478 0 32
675953 0 10
677509 0 23
679066 0 21
680602 0 31
682097 0 4
683530 0 19
685066 0 24
686480 0 17
688036 0 25
689531 0 2
690964 0 17
692500 0 32
694016 0 2
695429 0 22
696862 0 13
698296 0 31
699750 0 4
701143 0 15
702617 0 19
704051 0 25
705464 0 11
706877 0 19
708413 0 17
709908 0 16
711362 0 28
712898 0 7
714413 0 24
715868 0 14
717281 0 24
718776 0 14
720312 0 22
721725 0 22
723281 0 32
724756 0 7
726271 0 22
727746 0 18
729220 0 19
730695 0 24
732190 0 23
733746 0 30
735118 0 10
736532 0 16
738027 0 22
739501 0 21
740996 0 19
742409 0 21
743884 0 17
745338 0 31
746812 0 6
748287 0 16
749659 0 25
751133 0 2
752608 0 22
754103 0 25
755578 0 1
757093 0 15
758568 0 24
760022 0 25
761558 0 7
763073 0 24
764589 0 29
766104 0 11
767558 0 21
769094 0 36
770528 0 9
772084 0 21
773620 0 20
775095 0 21
776672 0 16
778167 0 23
779703 0 36
781218 0 6
782713 0 17
784106 0 36
785580 0 10
787116 0 24
788550 0 26
789963 0 12
791458 0 21
792871 0 25
794427 0 12
795841 0 14
797377 0 19
798810 0 16
800264 0 30
801780 0 10
803316 0 22
804852 0 18
806388 0 33
807801 0 9
809214 0 19
810627 0 20
812101 0 31
813658 0 8
815214 0 13
816648 0 32
818102 0 1
819617 0 22
821092 0 35
822546 0 5
824021 0 21
825475 0 34
827011 0 6
828547 0 14
830001 0 34
831496 0 11
833011 0 15
834547 0 19
836104 0 22
837599 0 13
839073 0 27
840486 0 11
841879 0 24
843312 0 15
844705 0 17
846098 0 19
847552 0 20
849047 0 23
850460 0 36
851955 0 3
853511 0 21
854986 0 31
856460 0 10
857976 0 13
859512 0 21
860966 0 14
862440 0 15
863894 0 16
865369 0 22
866802 0 18
868257 0 27
869731 0 4
871206 0 13
872680 0 35
874175 0 2
875568 0 22
877124 0 35
878578 0 4
879971 0 16
881445 0 16
882940 0 18
884517 0 14
885971 0 36
887487 0 4
888920 0 14
890313 0 28
891726 0 8
893242 0 18
894757 0 35
896191 0 9
897706 0 18
899160 0 24
900594 0 18
902068 0 13
903543 0 23
905038 0 21
906492 0 17
907926 0 35
909380 0 2
910895 0 16
912370 0 19
913844 0 35
915380 0 2
916875 0 14
918391 0 28
919824 0 6
921381 0 16
922753 0 15
924145 0 24
925640 0 16
927013 0 14
928426 0 34
929921 0 1
931457 0 21
932972 0 18
934447 0 21
935942 0 23
937334 0 34
938747 0 1
940283 0 21
941696 0 33
943151 0 11
944707 0 17
946222 0 26
947636 0 4
949069 0 19
950626 0 14
952162 0 16
953534 0 28
954967 0 2
956462 0 22
957916 0 31
959350 0 10
960783 0 17
962319 0 19
963896 0 20
965330 0 16
966805 0 18
968218 0 17
969733 0 34
971126 0 10
972621 0 24
974136 0 14
975549 0 35
977106 0 10
978683 0 23
980116 0 23
981673 0 15
983106 0 17
984601 0 23
1005152 0 101
1006586 0 101
1008060 0 101
1009453 0 101
1010846 0 101
1012300 0 101
1013692 0 101
1015187 0 101
1016600 0 101
1018095 0 101
1019529 0 102
1020963 0 102
1022499 0 103
1023953 0 101
1025468 0 102
1026881 0 102
1028315 0 102
1029789 0 102
1031284 0 102
1032677 0 103
1034111 0 101
1035585 0 102
1037060 0 102
1038452 0 102
1039968 0 102
1041442 0 102
1042855 0 103
1044309 0 101
1045784 0 102
1047218 0 102
1048753 0 102
1050228 0 102
1051743 0 102
1053259 0 103
1054775 0 101
1056249 0 102
1057662 0 102
1059178 0 102
1060611 0 103
1062086 0 101
1063499 0 102
1064994 0 102
1066509 0 102
1067984 0 103
1069438 0 101
1070831 0 102
1072264 0 102
1073698 0 102
1075213 0 102
1076708 0 103
1078244 0 101
1079780 0 102
1081193 0 102
1082688 0 103
1084204 0 101
1085658 0 102
1087194 0 102
1088648 0 102
1090061 0 103
1091617 0 101
1093071 0 102
1094464 0 102
1095918 0 102
1097475 0 102
1098929 0 102
1100383 0 102
1101878 0 103
1103352 0 101
1104765 0 102
1106158 0 102
1107714 0 102
1109209 0 103
1110766 0 101
1112261 0 102
1113715 0 102
1115230 0 102
1116787 0 103
1118302 0 101
1119838 0 102
1121272 0 102
1122726 0 102
1124200 0 103
1125634 0 101
1127088 0 102
1128501 0 102
1129996 0 102
1131532 0 103
1133109 0 101
1134645 0 102
1136161 0 103
1137615 0 101
1139048 0 102
1140502 0 102
1141895 0 102
1143308 0 102
1144701 0 103
1146216 0 101
1147629 0 102
1149104 0 102
1150619 0 102
1152114 0 103
1153650 0 101
1155084 0 102
1156599 0 103
1158156 0 101
1159692 0 102
1161166 0 102
1162661 0 102
1164136 0 103
1165692 0 101
1167187 0 102
1168703 0 102
1170218 0 103
1171775 0 101
1173311 0 102
1174765 0 103
1176342 0 101
1177837 0 102
1179250 0 103
1180663 0 101
1182178 0 102
1183653 0 103
1185168 0 101
1186581 0 102
1188097 0 103
1189653 0 101
1191066 0 102
1192623 0 102
1194118 0 102
1195572 0 102
1196985 0 102
1198521 0 102
1200037 0 102
1201491 0 103
1203047 0 101
1204583 0 102
1206078 0 102
1207512 0 102
1208925 0 102
1210379 0 103
1211833 0 101
1213328 0 102
1214720 0 102
1216113 0 103
1217547 0 101
1219042 0 102
1220496 0 102
1222032 0 102
1223547 0 102
1225022 0 103
1226599 0 101
1228073 0 102
1229589 0 102
1231002 0 102
1232456 0 102
1233869 0 102
1235323 0 102
1236838 0 103
1238395 0 101
1239869 0 102
1241405 0 103
1242880 0 101
1244293 0 102
1245768 0 102
1247283 0 102
1248758 0 103
1250253 0 101
1251727 0 102
1253140 0 102
1254656 0 102
1256048 0 102
1257482 0 103
1259059 0 101
1260533 0 102
1262069 0 102
1263564 0 103
1264998 0 101
1266513 0 102
1267967 0 102
1269360 0 102
1270876 0 103
1272289 0 101
1273784 0 102
1275299 0 102
1276733 0 103
1278146 0 101
1279620 0 102
1281054 0 103
1282631 0 101
1284044 0 102
1285580 0 103
1287095 0 101
1288550 0 102
1289983 0 102
1291376 0 102
1292932 0 102
1294427 0 102
1295922 0 102
1297376 0 103
1298789 0 101
1300182 0 102
1301697 0 102
1303213 0 103
1304667 0 101
1306080 0 102
1307555 0 102
1309050 0 102
1310463 0 102
1311937 0 102
1313350 0 102
1314743 0 102
1316258 0 103
1317733 0 101
1319269 0 102
1320805 0 102
1322259 0 102
1323672 0 102
1325106 0 103
1326560 0 101
1328014 0 102
1329488 0 103
1330983 0 101
1332519 0 102
1333953 0 102
1335407 0 102
1336861 0 102
1338335 0 102
1339871 0 102
1341387 0 102
1342800 0 103
1344234 0 101
1345667 0 102
1347142 0 102
1348616 0 103
1350029 0 101
1351422 0 102
1352958 0 102
1354351 0 103
1355784 0 101
1357300 0 102
1358836 0 102
1360228 0 102
1361764 0 102
1363157 0 102
1364570 0 103
1366065 0 101
1367478 0 102
1368891 0 102
1370325 0 102
1371820 0 103
1373356 0 101
1374748 0 102
1376223 0 102
1377697 0 102
1379131 0 102
1380544 0 102
1382060 0 103
1383575 0 101
1385070 0 102
1386463 0 102
1387937 0 102
1389391 0 103
1390825 0 101
1392340 0 102
1393733 0 102
1395248 0 102
1396764 0 102
1398259 0 103
1399836 0 101
1401372 0 102
1402764 0 102
1404280 0 102
1405693 0 103
1407229 0 101
1408744 0 102
1410178 0 102
1411591 0 102
1413127 0 103
1414622 0 101
1416056 0 102
1417510 0 103
1419005 0 101
1420479 0 102
1421872 0 102
1423306 0 102
1424739 0 103
1426173 0 101
1427627 0 102
1429142 0 102
1430555 0 102
1432009 0 102
1433484 0 103
1434917 0 101
1436310 0 102
1437846 0 102
1439259 0 102
1440713 0 102
1442126 0 102
1443662 0 103
1445198 0 101
1446714 0 102
1448250 0 102
1449704 0 102
1451158 0 102
1452714 0 103
1454148 0 101
1455684 0 102
1457158 0 103
1458735 0 101
1460251 0 102
1461746 0 102
1463261 0 102
1464756 0 102
1466169 0 103
1467705 0 101
1469098 0 102
1470613 0 102
1472108 0 102
1473563 0 103
1474976 0 101
1476389 0 102
1477863 0 102
1479379 0 103
1480915 0 101
1482389 0 102
1483905 0 102
1485400 0 102
1486874 0 103
1488308 0 101
1489762 0 102
1491318 0 102
1492772 0 102
1494247 0 103
1495824 0 101
1497278 0 102
1498834 0 102
1500288 0 102
1501824 0 102
1503299 0 103
1504712 0 101
1506105 0 102
1507579 0 103
1508992 0 101
1510426 0 102
1511921 0 102
1513395 0 102
1514911 0 102
1516385 0 102
1517880 0 102
1519273 0 103
1520829 0 101
1522304 0 102
1523779 0 102
1525233 0 102
1526687 0 103
1528141 0 101
1529697 0 102
1531110 0 102
1532626 0 102
1534059 0 102
1535493 0 103
1536906 0 101
1538360 0 102
1539896 0 102
1541432 0 102
1542948 0 102
1544463 0 102
1545999 0 103
1547494 0 101
1548969 0 102
1550402 0 102
1551938 0 102
1553474 0 102
1554887 0 102
1556362 0 102
1557836 0 103
1559393 0 101
1560847 0 102
1562342 0 103
1563857 0 101
1565393 0 102
1566847 0 102
1568281 0 102
1569673 0 103
1571209 0 101
1572623 0 102
1574056 0 102
1575510 0 102
1576964 0 102
1578357 0 102
1579811 0 103
1581265 0 101
1582719 0 102
1584255 0 102
1585750 0 102
1587266 0 103
1588760 0 101
1590235 0 102
1591628 0 102
1593041 0 102
1594474 0 102
1595867 0 103
1597300 0 101
1598755 0 102
1600229 0 102
1601663 0 102
1603219 0 102
1604653 0 103
1606168 0 101
1607561 0 102
1609015 0 102
1610489 0 103
1612025 0 101
1613479 0 102
1614974 0 103
1616469 0 101
1617944 0 102
1619480 0 103
1620995 0 101
1622429 0 102
1623965 0 102
1625480 0 102
1626873 0 102
1628307 0 102
1629761 0 102
1631215 0 103
1632710 0 101
1634164 0 102
1635638 0 103
1637195 0 101
1638628 0 102
1640103 0 102
1641516 0 103
1643093 0 101
1644608 0 102
1646083 0 103
1647496 0 101
1648930 0 102
1650445 0 102
1651858 0 102
1653353 0 102
1654766 0 102
1656220 0 102
1657633 0 103
1659067 0 101
1660583 0 102
1661996 0 102
1663388 0 102
1664945 0 103
1666399 0 101
1667914 0 102
1669348 0 102
1670802 0 102
1672297 0 102
1673853 0 103
1675266 0 101
1676782 0 102
1678236 0 103
1679792 0 101
1681246 0 102
1682803 0 102
1684196 0 102
1685650 0 102
1687145 0 102
1688701 0 102
1690135 0 102
1691671 0 103
1693186 0 101
1694640 0 102
1696053 0 102
1697528 0 102
1698961 0 102
1700477 0 102
1701931 0 103
1703508 0 101
1705044 0 102
1706436 0 102
1707829 0 102
1709222 0 102
1710655 0 102
1712150 0 103
1713727 0 101
1715263 0 102
1716799 0 103
1718335 0 101
1719748 0 102
1721223 0 103
1722759 0 101
1724151 0 102
1725708 0 102
1727244 0 103
1728677 0 101
1730213 0 102
1731729 0 102
1733265 0 102
1734698 0 102
1736132 0 103
1737688 0 101
1739081 0 102
1740555 0 103
1742051 0 101
1743546 0 102
1745020 0 102
1746536 0 102
1747949 0 102
1749403 0 103
1750918 0 101
1752352 0 102
1753888 0 102
1755321 0 103
1756816 0 101
1758270 0 102
1759724 0 103
1761281 0 101
1762776 0 102
1764250 0 102
1765766 0 102
1767179 0 102
1768715 0 102
1770108 0 102
1771644 0 103
1773118 0 101
1774531 0 102
1775944 0 102
1777337 0 102
1778832 0 102
1780327 0 102
1781761 0 102
1783297 0 103
1784832 0 101
1786266 0 102
1787679 0 103
1789133 0 101
1790608 0 102
1792123 0 103
1793700 0 101
1795134 0 102
1796649 0 102
1798083 0 102
1799619 0 103
1801134 0 101
1802547 0 102
1803940 0 102
1805455 0 102
1806971 0 103
1808445 0 101
1809940 0 102
1811436 0 102
1812931 0 102
1814466 0 102
1815962 0 102
1817518 0 103
1819013 0 101
1820549 0 102
1822023 0 103
1823580 0 101
1824973 0 102
1826365 0 103
1827819 0 101
1829232 0 102
1830748 0 103
1832161 0 101
1833635 0 102
1835028 0 102
1836544 0 102
1838039 0 103
1839534 0 101
1840967 0 102
1842421 0 102
1843957 0 102
1845452 0 103
1846927 0 101
1848340 0 102
1849732 0 103
1851289 0 101
1852702 0 102
1854217 0 103
1855692 0 101
1857126 0 102
1858662 0 103
1860157 0 101
1861672 0 102
1863208 0 103
1864662 0 101
1866116 0 102
1867570 0 103
1869045 0 101
1870540 0 102
1872055 0 103
1873591 0 101
1875066 0 102
1876622 0 103
1878056 0 101
1879448 0 102
1880841 0 102
1882254 0 102
1883688 0 102
1885203 0 102
1886596 0 103
1888111 0 101
1889606 0 102
1891019 0 103
1892473 0 101
1894009 0 102
1895484 0 102
1896958 0 102
1898351 0 102
1899887 0 103
1901403 0 101
1902918 0 102
2096836 0 43
2098269 0 43
2099805 0 39
2101300 0 46
2102734 0 37
2104229 0 42
2105765 0 39
2107178 0 39
2108632 0 44
2110045 0 48
2111561 0 52
2113056 0 54
2114489 0 70
2115902 0 48
2117356 0 50
2118892 0 53
2120449 0 50
2121882 0 57
2123459 0 58
2124975 0 61
2126408 0 46
2127883 0 49
2129317 0 60
2130730 0 49
2132122 0 64
2133535 0 39
2134990 0 60
2136484 0 61
2137938 0 44
2139495 0 54
2140990 0 68
2142423 0 38
2143918 0 55
2145414 0 71
2146909 0 37
2148424 0 52
2149940 0 52
2151455 0 55
2152868 0 53
2154281 0 65
2155715 0 40
2157210 0 58
2158725 0 55
2160138 0 71
2161572 0 45
2163149 0 52
2164685 0 60
2166180 0 57
2167716 0 59
2169252 0 72
2170747 0 47
2172242 0 49
2173757 0 53
2175211 0 54
2176624 0 67
2178079 0 42
2179533 0 51
2180987 0 65
2182441 0 39
2183956 0 54
2185431 0 72
2186905 0 43
2188462 0 54
2189977 0 70
2191472 0 45
2192967 0 55
2194421 0 55
2195916 0 61
2197391 0 44
2198947 0 54
2200381 0 56
2201794 0 53
2203330 0 57
2204907 0 66
2206361 0 46
2207917 0 55
2209351 0 60
2210825 0 57
2212300 0 51
2213795 0 68
2215249 0 48
2216744 0 59
2218280 0 65
2219755 0 38
2221270 0 54
2222806 0 55
2224240 0 63
2225755 0 44
2227230 0 52
2228786 0 64
2230240 0 44
2231776 0 60
2233292 0 49
2234828 0 58
2236323 0 64
2237859 0 38
2239395 0 49
2240910 0 55
2242446 0 65
2243962 0 43
2245497 0 49
2246931 0 69
2248344 0 46
2249778 0 53
2251273 0 65
2252768 0 47
2254324 0 58
2255799 0 55
2257253 0 55
2258727 0 68
2260243 0 46
2261717 0 53
2263253 0 58
2264810 0 49
2266264 0 60
2267759 0 53
2269172 0 55
2270606 0 49
2272019 0 71
2273555 0 38
2274968 0 51
2276463 0 52
2277896 0 54
2279412 0 50
2280866 0 68
2282361 0 41
2283815 0 55
2285330 0 52
2286805 0 50
2288259 0 59
2289754 0 53
2291188 0 71
2292580 0 43
2294034 0 57
2295529 0 50
2297024 0 51
2298499 0 51
2300035 0 68
2301550 0 38
2303025 0 54
2304458 0 52
2305871 0 51
2307346 0 57
2308882 0 63
2310397 0 42
2311892 0 54
2313306 0 56
2314842 0 55
2316377 0 62
2317852 0 48
2319347 0 49
2320863 0 58
2322276 0 72
2323689 0 44
2325184 0 54
2326638 0 55
2328174 0 62
2329730 0 40
2331266 0 54
2332720 0 53
2334215 0 58
2335772 0 50
2337308 0 67
2338803 0 44
2340216 0 53
2341711 0 53
2343267 0 58
2344721 0 52
2346175 0 66
2347650 0 44
2349083 0 50
2350558 0 55
2352033 0 66
2353466 0 38
2354982 0 53
2356497 0 57
2358054 0 50
2359528 0 56
2361003 0 62
2362498 0 40
2364054 0 57
2365508 0 59
2367065 0 72
2368601 0 41
2370116 0 60
2371591 0 52
2373127 0 60
2374622 0 68
2376014 0 41
2377509 0 52
2378943 0 66
2380479 0 41
2381953 0 59
2383387 0 55
2384861 0 61
2386397 0 48
2387851 0 60
2389408 0 54
2390821 0 58
2392357 0 60
2393893 0 52
2395429 0 61
2396965 0 47
2398419 0 57
2399893 0 61
2401389 0 41
2402843 0 52
2404378 0 64
2405894 0 48
2407307 0 57
2408782 0 58
2410215 0 54
2411690 0 55
2413205 0 49
2414762 0 68
2416195 0 42
2417711 0 53
2419185 0 54
2420639 0 54
2422134 0 55
2423609 0 56
2425063 0 50
2426537 0 65
2428094 0 38
2429650 0 54
2431125 0 53
2432558 0 51
2434012 0 59
2435507 0 56
2437002 0 64
2438518 0 42
2439952 0 55
2441488 0 53
2443024 0 50
2444437 0 70
2445850 0 41
2447386 0 59
2448901 0 53
2450458 0 49
2451994 0 49
2453509 0 69
2454984 0 43
2456499 0 58
2457933 0 52
2459387 0 69
2460841 0 48
2462254 0 53
2463667 0 53
2465203 0 59
2466657 0 52
2468193 0 55
2469606 0 51
2471101 0 51
2472596 0 66
2474009 0 42
2475525 0 49
2476979 0 59
2478515 0 58
2480051 0 58
2481607 0 49
2483143 0 55
2484618 0 72
2486154 0 40
2487710 0 49
2489226 0 55
2490741 0 72
2492277 0 43
2493772 0 59
2495308 0 55
2496864 0 50
2498359 0 51
2499895 0 49
2501452 0 49
2502988 0 66
2504483 0 42
2505998 0 49
2507555 0 54
2509091 0 63
2510586 0 39
2512101 0 52
2513637 0 66
2515091 0 44
2516545 0 60
2517979 0 49
2519392 0 66
2520887 0 38
2522341 0 52
2523816 0 69
2525352 0 46
2526888 0 60
2528301 0 51
2529796 0 51
2531229 0 54
2532765 0 67
2534199 0 39
2535714 0 51
2537148 0 52
2538643 0 55
2540220 0 51
2541633 0 51
2543148 0 72
2544623 0 46
2546098 0 59
2547613 0 59
2549026 0 57
2550480 0 63
2552016 0 45
2553552 0 56
2554986 0 52
2556542 0 58
2558099 0 55
2559614 0 51
2561130 0 57
2562604 0 63
2564161 0 39
2565717 0 54
2567192 0 51
2568727 0 58
2570202 0 52
2571738 0 49
2573294 0 54
2574749 0 64
2576244 0 42
2577739 0 54
2579274 0 58
2580810 0 59
2582367 0 68
2583801 0 41
2585255 0 60
2586770 0 64
2588245 0 37
2589781 0 50
2591214 0 58
2592648 0 49
2594061 0 56
2595576 0 70
2597010 0 39
2598484 0 55
2599959 0 54
2601433 0 52
2602990 0 63
2604423 0 47
2605919 0 50
2607434 0 58
2608868 0 62
2610342 0 40
2611899 0 49
2613373 0 68
2614848 0 41
2616363 0 50
2617899 0 64
2619435 0 47
2620869 0 51
2622302 0 62
2623797 0 42
2625272 0 52
2626787 0 66
2628262 0 38
2629818 0 60
2631272 0 63
2632706 0 45
2634160 0 60
2635634 0 61
2637191 0 45
2638604 0 49
2640079 0 58
2641615 0 51
2643028 0 64
2644543 0 44
2646038 0 60
2647533 0 55
2648967 0 50
2650441 0 65
2651998 0 42
2653534 0 49
2655070 0 50
2656585 0 59
2657998 0 51
2659411 0 53
2660865 0 67
2662422 0 48
2663958 0 51
2665514 0 66
2666927 0 39
2668402 0 51
2669876 0 62
2671371 0 37
2672887 0 50
2674443 0 53
2675959 0 58
2677515 0 49
2678990 0 55
2680464 0 56
2682000 0 62
2683413 0 39
2684847 0 54
2686342 0 52
2687817 0 54
2689332 0 65
2690745 0 48
2692158 0 57
2693633 0 59
2695128 0 72
2696582 0 40
2698036 0 57
2699469 0 59
2700985 0 49
2702439 0 56
2703975 0 69
2705490 0 47
2706924 0 55
2708460 0 71
2709894 0 37
2711286 0 58
2712781 0 56
2714235 0 50
2715669 0 54
2717102 0 56
2718598 0 71
2720072 0 44
2721588 0 56
2723062 0 61
2724516 0 42
2726011 0 49
2727527 0 58
2729001 0 69
2730435 0 46
2731950 0 50
2733363 0 64
2734838 0 47
2736333 0 60
2737848 0 57
2739282 0 50
2740715 0 67
2742210 0 41
2743767 0 58
2745221 0 49
2746716 0 68
2748170 0 44
2749726 0 52
2751201 0 52
2752717 0 60
2754212 0 62
2755666 0 43
2757120 0 53
2758615 0 59
2760048 0 66
2761564 0 39
2763038 0 56
2764533 0 68
2766069 0 47
2767503 0 55
2769080 0 68
2770636 0 38
2772131 0 58
2773708 0 60
2775203 0 56
2776657 0 57
2778214 0 61
2779688 0 47
2781163 0 57
2782637 0 52
2784050 0 50
2785504 0 50
2786958 0 52
2788474 0 56
2789908 0 64
2791443 0 44
2792857 0 50
2794290 0 51
2795744 0 59
2797219 0 55
2798693 0 59
2800188 0 63
2801601 0 47
2803117 0 57
2804571 0 57
2806127 0 55
2807663 0 61
2809220 0 48
2810674 0 53
2812230 0 57
2813787 0 49
2815302 0 51
2816859 0 50
2818333 0 66
2819808 0 47
2821324 0 51
2822798 0 56
2824313 0 49
2825870 0 72
2827303 0 38
2828778 0 52
2830355 0 51
2831788 0 56
2833324 0 72
2834840 0 45
2836314 0 49
2837809 0 50
2839284 0 50
2840717 0 55
2842131 0 64
2843687 0 38
2845141 0 50
2846657 0 55
2848090 0 49
2849647 0 57
2851203 0 59
2852759 0 50
2854173 0 68
2855709 0 42
2857122 0 54
2858555 0 60
2860071 0 54
2861566 0 70
2862958 0 47
2864433 0 60
2865866 0 56
2867341 0 69
2868816 0 38
2870270 0 57
2871703 0 53
2873239 0 60
2874652 0 57
2876127 0 72
2877519 0 39
2879014 0 59
2880509 0 51
2881984 0 63
2883520 0 44
2884953 0 54
2886346 0 54
2887759 0 57
2889213 0 54
2890749 0 55
2892244 0 58
2893698 0 65
2895255 0 45
2896811 0 51
2898204 0 65
2899699 0 38
2901235 0 50
2902648 0 71
2904061 0 44
2905556 0 50
2907112 0 51
2908526 0 58
2909980 0 62
2911495 0 37
2913031 0 53
2914506 0 56
2915960 0 57
2917393 0 49
2918909 0 55
2920342 0 69
2921919 0 41
2923414 0 55
2924848 0 60
2926343 0 50
2927756 0 62
2929230 0 48
2930644 0 56
2932200 0 66
2933634 0 44
2935170 0 49
2936624 0 60
2938119 0 59
2939634 0 49
2941170 0 64
2942624 0 45
2944181 0 49
2945696 0 52
2947109 0 56
2948604 0 67
2949997 0 44
2951410 0 54
2952905 0 56
2954379 0 55
2955936 0 68
2957492 0 42
2958987 0 54
2960523 0 68
2961936 0 43
2963513 0 49
2964988 0 51
2966380 0 57
2967835 0 56
2969350 0 50
2970845 0 63
2972258 0 41
2973712 0 59
2975269 0 55
2976805 0 56
2978341 0 52
2979897 0 49
2981290 0 51
2982785 0 71
2984341 0 46
2985836 0 56
2987290 0 54
2988806 0 49
2990362 0 60
2991919 0 56
2993393 0 59
2994888 0 65
2996424 0 39
2997919 0 56
2999373 0 56
3000909 0 51
3002343 0 53
3039676 0 104
3041089 0 104
3042543 0 104
3043935 0 104
3045348 0 104
3046843 0 104
3048379 0 104
3049874 0 104
3051349 0 104
3052803 0 104
3054257 0 105
3055670 0 105
3057226 0 105
3058783 0 105
3060237 0 105
3061773 0 106
3063186 0 104
3064681 0 105
3066197 0 106
3067712 0 104
3069207 0 105
3070682 0 106
3072115 0 104
3073672 0 105
3075105 0 106
3076559 0 104
3078075 0 105
3079590 0 106
3081065 0 104
3082519 0 105
3083932 0 105
3085468 0 105
3086963 0 106
3088376 0 104
3089851 0 105
3091325 0 105
3092861 0 105
3094274 0 105
3095687 0 105
3097121 0 105
3098554 0 106
3099988 0 104
3101381 0 105
3102855 0 105
3104350 0 105
3105784 0 105
3107279 0 105
3108774 0 106
3110289 0 104
3111784 0 105
3113320 0 105
3114795 0 105
3116331 0 105
3117723 0 106
3119198 0 104
3120611 0 105
3122147 0 105
3123642 0 105
3125178 0 105
3126734 0 106
3128148 0 104
3129581 0 105
3131035 0 106
3132530 0 104
3134025 0 105
3135479 0 105
3136954 0 106
3138510 0 104
3139985 0 105
3141480 0 105
3143016 0 105
3144490 0 105
3146026 0 106
3147521 0 104
3149016 0 105
3150409 0 105
3151842 0 105
3153256 0 105
3154730 0 106
3156164 0 104
3157638 0 105
3159113 0 105
3160587 0 105
3162123 0 105
3163659 0 105
3165216 0 105
3166629 0 105
3168103 0 106
3169619 0 104
3171032 0 105
3172506 0 106
3174063 0 104
3175599 0 105
3177073 0 106
3178589 0 104
3180063 0 105
3181497 0 105
3182910 0 105
3184385 0 106
3185921 0 104
3187354 0 105
3188890 0 106
3190406 0 104
3191860 0 105
3193375 0 105
3194911 0 105
3196304 0 105
3197840 0 105
3199376 0 106
3200912 0 104
3202407 0 105
3203840 0 105
3205253 0 105
3206769 0 105
3208223 0 105
3209738 0 105
3211192 0 106
3212728 0 104
3214244 0 105
3215718 0 105
3217193 0 105
3218626 0 105
3220040 0 105
3221473 0 105
3222886 0 106
3224422 0 104
3225815 0 105
3227330 0 105
3228784 0 105
3230259 0 105
3231754 0 105
3233310 0 105
3234867 0 105
3236300 0 106
3237775 0 104
3239311 0 105
3240744 0 105
3242240 0 105
3243653 0 106
3245148 0 104
3246602 0 105
3248117 0 105
3249653 0 106
3251169 0 104
3252664 0 105
3254118 0 106
3255633 0 104
3257169 0 105
3258726 0 106
3260282 0 104
3261675 0 105
3263088 0 105
3264521 0 106
3265934 0 104
3267388 0 105
3268822 0 106
3270256 0 104
3271730 0 105
3273143 0 105
3274679 0 105
3276113 0 105
3277546 0 105
3279062 0 105
3280536 0 106
3281949 0 104
3283383 0 105
3284817 0 106
3286250 0 104
3287725 0 105
3289240 0 105
3290735 0 105
3292189 0 105
3293602 0 105
3295077 0 105
3296511 0 106
3298067 0 104
3299623 0 105
3301037 0 105
3302573 0 105
3304047 0 106
3305522 0 104
3306976 0 105
3308512 0 105
3310007 0 105
3311440 0 105
3312956 0 106
3314348 0 104
3315884 0 105
3317400 0 105
3318895 0 106
3320431 0 104
3321885 0 105
3323298 0 105
3324772 0 106
3326206 0 104
3327742 0 105
3329257 0 106
3330814 0 104
3332370 0 105
3333886 0 105
3335360 0 105
3336896 0 105
3338391 0 105
3339866 0 106
3341299 0 104
3342774 0 105
3344228 0 105
3345641 0 105
3347075 0 106
3348590 0 104
3350003 0 105
3351478 0 105
3352891 0 105
3354447 0 105
3355922 0 106
3357356 0 104
3358830 0 105
3360346 0 105
3361881 0 105
3363417 0 106
3364974 0 104
3366510 0 105
3367964 0 105
3369418 0 105
3370954 0 106
3372449 0 104
3373842 0 105
3375337 0 106
3376770 0 104
3378265 0 105
3379740 0 105
3381132 0 106
3382668 0 104
3384163 0 105
3385576 0 106
3386990 0 104
3388382 0 105
3389918 0 105
3391413 0 105
3392826 0 105
3394260 0 105
3395734 0 106
3397147 0 104
3398602 0 105
3400015 0 105
3401489 0 106
3402964 0 104
3404459 0 105
3405851 0 105
3407264 0 105
3408759 0 105
3410172 0 105
3411647 0 105
3413122 0 106
3414678 0 104
3416091 0 105
3417545 0 105
3418958 0 105
3420474 0 105
3421928 0 106
3423341 0 104
3424897 0 105
3426310 0 105
3427867 0 106
3429280 0 104
3430673 0 105
3432147 0 105
3433683 0 105
3435199 0 105
3436673 0 105
3438168 0 105
3439643 0 106
3441056 0 104
3442571 0 105
3444005 0 105
3445500 0 106
3446913 0 104
3448449 0 105
3449985 0 105
3451459 0 106
3453016 0 104
3454408 0 105
3455883 0 105
3457317 0 105
3458853 0 105
3460348 0 106
3461843 0 104
3463297 0 105
3464792 0 106
3466205 0 104
3467659 0 105
3469133 0 106
3470690 0 104
3472103 0 105
3473516 0 105
3474970 0 106
3476404 0 104
3477940 0 105
3479394 0 106
3480950 0 104
3482466 0 105
3484002 0 106
3485456 0 104
3486971 0 105
3488446 0 105
3489982 0 105
3491456 0 105
3492910 0 106
3494426 0 104
3495900 0 105
3497313 0 105
3498788 0 105
3500242 0 105
3501675 0 105
3503109 0 106
3504543 0 104
3505997 0 105
3507512 0 106
3509069 0 104
3510605 0 105
3512161 0 105
3513595 0 105
3515110 0 105
3516564 0 105
3517957 0 105
3519493 0 106
3521029 0 104
3522544 0 105
3524019 0 106
3525432 0 104
3526947 0 105
3528483 0 105
3529958 0 105
3531453 0 105
3532968 0 105
3534484 0 106
3535917 0 104
3537392 0 105
3538866 0 105
3540280 0 105
3541836 0 106
3543352 0 104
3544806 0 105
3546321 0 105
3547878 0 105
3549413 0 105
3550847 0 105
3552383 0 105
3553940 0 105
3555434 0 106
3556970 0 104
3558527 0 105
3560022 0 105
3561578 0 105
3563094 0 105
3564589 0 105
3566145 0 106
3567579 0 104
3569033 0 105
3570446 0 106
3571900 0 104
3573334 0 105
3574870 0 105
3576303 0 105
3577778 0 105
3579211 0 105
3580645 0 106
3582140 0 104
3583655 0 105
3585109 0 106
3586666 0 104
3588202 0 105
3589738 0 105
3591212 0 106
3592769 0 104
3594202 0 105
3595677 0 106
3597233 0 104
3598769 0 105
3600264 0 106
3601739 0 104
3603234 0 105
3604647 0 106
3606142 0 104
3607699 0 105
3609112 0 105
3610525 0 105
3611958 0 106
3613515 0 104
3615010 0 105
3616566 0 105
3618041 0 105
3619495 0 105
3621031 0 105
3622526 0 105
3624062 0 106
3625577 0 104
3627052 0 105
3628567 0 105
3630021 0 105
3631537 0 105
3632991 0 105
3634506 0 105
3636063 0 106
3637517 0 104
3638971 0 105
3640507 0 105
3642022 0 105
3643456 0 105
3644930 0 105
3646405 0 105
3647941 0 106
3649375 0 104
3650890 0 105
3652283 0 106
3653696 0 104
3655211 0 105
3656624 0 105
3658119 0 105
3659512 0 106
3660946 0 104
3662338 0 105
3663792 0 105
3665226 0 105
3666680 0 105
3668216 0 106
3669731 0 104
3671165 0 105
3672680 0 106
3674134 0 104
3675588 0 105
3677124 0 106
3678619 0 104
3680033 0 105
3681548 0 105
3683064 0 105
3684518 0 105
3686013 0 106
3687467 0 104
3688900 0 105
3690436 0 105
3691829 0 105
3693283 0 105
3694819 0 105
3696334 0 105
3697850 0 106
3699304 0 104
3700840 0 105
3702335 0 106
3703748 0 104
3705304 0 105
3706779 0 105
3708274 0 105
3709749 0 105
3711284 0 106
3712800 0 104
3714254 0 105
3715708 0 106
3717121 0 104
3718534 0 105
3720050 0 106
3721463 0 104
3722876 0 105
3724412 0 105
3725825 0 105
3727218 0 106
3728631 0 104
3730146 0 105
3731662 0 106
3733095 0 104
3734570 0 105
3736085 0 106
3737601 0 104
3739116 0 105
3740591 0 105
3742045 0 105
3743519 0 105
3744973 0 105
3746428 0 106
3747841 0 104
3749377 0 105
3750831 0 105
3752305 0 105
3753862 0 105
3755398 0 105
3756811 0 105
3758326 0 105
3759842 0 106
3761337 0 104
3762811 0 105
3764347 0 106
3765781 0 104
3767276 0 105
3768709 0 106
3770204 0 104
3771679 0 105
3773112 0 105
3774526 0 105
3776000 0 106
3777495 0 104
3779052 0 105
3780506 0 106
3782042 0 104
3783516 0 105
3784950 0 105
3786445 0 105
3787919 0 105
3789455 0 105
3790848 0 106
3792404 0 104
3793838 0 105
3795394 0 105
3796930 0 105
3798446 0 105
3799982 0 106
3801436 0 104
3802931 0 105
3804446 0 105
3805859 0 106
3807375 0 104
3808768 0 105
3810242 0 105
3811737 0 105
3813150 0 105
3814686 0 105
3816120 0 105
3817656 0 106
3819069 0 104
3820523 0 105
3821956 0 105
3823349 0 106
3824783 0 104
3826216 0 105
3827670 0 106
3829165 0 104
3830701 0 105
3832155 0 105
3833650 0 105
3835043 0 105
3836476 0 106
3837971 0 104
3839528 0 105
3840962 0 105
3842375 0 105
3843911 0 106
3845324 0 104
3846757 0 105
3848211 0 105
3849604 0 105
3850997 0 105
3852471 0 105
3853925 0 105
3855338 0 106
3856772 0 104
3858328 0 105
3859885 0 106
3861421 0 104
3862834 0 105
3864288 0 105
3865762 0 106
3867298 0 104
3868752 0 105
3870309 0 105
3871701 0 105
3873217 0 105
3874753 0 105
3876289 0 105
3877743 0 105
3879156 0 106
3880712 0 104
3882248 0 105
3883682 0 106
3885198 0 104
3886672 0 105
3888167 0 105
3889621 0 106
3891116 0 104
3892509 0 105
3893942 0 105
3895499 0 105
3897055 0 105
3898509 0 106
3900004 0 104
3901540 0 105
3903076 0 106
3904510 0 104
3905943 0 105
3907438 0 105
3908851 0 105
3910285 0 105
3911801 0 106
3913275 0 104
3914688 0 105
3916122 0 106
3917576 0 104
3919050 0 105
3920545 0 105
3922081 0 105
3923535 0 105
3924969 0 105
3926484 0 105
3928000 0 106
3929515 0 104
3930949 0 105
3932485 0 106
3934041 0 104
3935475 0 105
3937031 0 106
3938547 0 104
3940001 0 105
