15863 0 5
17296 0 7
18873 0 12
20286 0 12
21802 0 7
23256 0 7
24771 0 2
26225 0 3
27639 0 8
29134 0 1
30670 0 13
32062 0 17
33578 0 17
35011 0 19
36506 0 15
38001 0 21
39558 0 28
41114 0 12
42650 0 15
44186 0 16
45620 0 14
47074 0 29
48466 0 1
49961 0 19
51518 0 24
52992 0 20
54549 0 29
55982 0 9
57539 0 14
58952 0 17
60385 0 24
61860 0 18
63355 0 35
64748 0 8
66284 0 24
67799 0 36
69253 0 5
70728 0 15
72141 0 22
73718 0 20
75274 0 15
76749 0 17
78264 0 35
79800 0 7
81336 0 18
82831 0 17
84388 0 16
85760 0 22
87193 0 31
88709 0 7
90183 0 20
91678 0 29
93132 0 8
94586 0 23
96020 0 31
97454 0 7
98908 0 21
100341 0 35
101898 0 2
103352 0 13
104867 0 21
106362 0 17
107898 0 16
109270 0 24
110745 0 36
112322 0 11
113776 0 21
115230 0 16
116704 0 32
118199 0 10
119695 0 24
121108 0 14
122603 0 24
124118 0 23
125654 0 20
127211 0 23
128624 0 36
130119 0 8
131696 0 22
133191 0 24
134665 0 24
136201 0 24
137696 0 35
139089 0 12
140522 0 14
141915 0 27
143451 0 12
144946 0 24
146420 0 28
147834 0 5
149308 0 19
150865 0 14
152339 0 19
153875 0 22
155309 0 16
156763 0 18
158237 0 19
159794 0 33
161268 0 10
162784 0 21
164238 0 35
165692 0 7
167166 0 17
168702 0 28
170156 0 11
171610 0 23
173126 0 23
174662 0 18
176198 0 29
177590 0 9
179024 0 14
180560 0 15
182096 0 21
183652 0 18
185086 0 16
186581 0 16
188015 0 23
189530 0 27
191046 0 4
192479 0 19
193954 0 22
195428 0 31
196985 0 8
198541 0 18
200077 0 13
201490 0 36
203006 0 7
204583 0 18
206016 0 15
207409 0 24
208904 0 14
210337 0 15
211791 0 27
213225 0 1
214638 0 22
216113 0 14
217567 0 22
219000 0 30
220434 0 12
221888 0 21
223424 0 22
224899 0 20
226352 0 23
227766 0 13
229261 0 20
230817 0 33
232353 0 8
233869 0 17
235404 0 29
236879 0 3
238354 0 20
239910 0 24
241405 0 21
242880 0 32
244313 0 1
245849 0 17
247262 0 24
248696 0 14
250068 0 29
251542 0 3
253078 0 18
254492 0 22
256007 0 14
257441 0 23
258895 0 17
260287 0 20
261721 0 35
263277 0 11
264752 0 16
266165 0 26
267619 0 7
269175 0 24
270691 0 36
272104 0 3
273640 0 16
275074 0 21
276651 0 31
278084 0 10
279559 0 23
281095 0 21
282590 0 14
283982 0 15
285518 0 19
287013 0 36
288529 0 4
290003 0 20
291437 0 15
292973 0 15
294365 0 14
295758 0 27
297314 0 3
298810 0 19
300264 0 20
301861 0 17
303397 0 33
304871 0 4
306305 0 20
307759 0 32
309172 0 4
310667 0 20
312142 0 14
313575 0 17
315132 0 14
316606 0 30
318040 0 3
319596 0 13
321132 0 29
322627 0 6
324081 0 23
325638 0 14
327174 0 22
328751 0 18
330266 0 15
331782 0 34
333154 0 8
334669 0 17
336164 0 13
337618 0 16
339052 0 21
340608 0 30
341960 0 8
343455 0 15
344909 0 30
346404 0 5
347879 0 13
349333 0 15
350848 0 19
352261 0 14
353736 0 14
355251 0 13
356787 0 36
358282 0 2
359716 0 23
361272 0 22
362726 0 15
364242 0 17
365655 0 22
367191 0 25
368727 0 11
370263 0 13
371778 0 15
373192 0 18
374728 0 13
376243 0 29
377759 0 6
379254 0 23
380769 0 30
382121 0 5
383534 0 23
384947 0 26
386339 0 3
387773 0 23
389289 0 14
390743 0 16
392156 0 21
393610 0 18
395125 0 21
396600 0 23
398115 0 32
399569 0 11
401085 0 15
402621 0 24
404034 0 33
405529 0 3
406921 0 24
408457 0 21
409952 0 29
411488 0 4
412881 0 24
414356 0 18
415892 0 20
417469 0 36
418882 0 6
420438 0 19
421995 0 34
423490 0 1
425026 0 24
426521 0 28
427913 0 1
429449 0 21
430965 0 26
432378 0 3
433832 0 21
435265 0 18
436740 0 17
438235 0 21
439791 0 30
441225 0 7
442761 0 21
444297 0 35
445812 0 4
447225 0 16
448700 0 34
450236 0 12
451690 0 19
453226 0 16
454660 0 17
456216 0 19
457731 0 29
459267 0 5
460660 0 20
462176 0 19
463589 0 29
465063 0 5
466558 0 13
468094 0 18
469610 0 31
471146 0 3
472620 0 19
474156 0 30
475508 0 3
477064 0 13
478621 0 33
480095 0 8
481549 0 19
483003 0 19
484478 0 26
486014 0 10
487570 0 13
489045 0 18
490540 0 22
491973 0 21
493448 0 25
494964 0 8
496479 0 19
497954 0 20
499428 0 19
500944 0 24
502500 0 31
504015 0 10
505511 0 22
506944 0 18
508521 0 18
510037 0 16
511409 0 17
512883 0 14
514358 0 26
515812 0 8
517389 0 18
518863 0 20
520440 0 30
521812 0 8
523307 0 18
524741 0 16
526195 0 16
527629 0 18
529083 0 16
530557 0 16
532073 0 27
533465 0 5
534940 0 16
536414 0 19
537950 0 36
539425 0 11
540899 0 24
542435 0 13
543971 0 18
545487 0 18
546982 0 20
548436 0 18
549951 0 22
551405 0 36
552962 0 4
554395 0 22
555870 0 19
557324 0 20
558799 0 19
560335 0 34
561850 0 9
563406 0 23
564820 0 32
566335 0 4
567789 0 19
569325 0 25
570738 0 12
572192 0 18
573708 0 15
575141 0 21
576595 0 14
578049 0 34
579565 0 4
580937 0 22
582432 0 30
583866 0 1
585299 0 14
586753 0 18
588187 0 16
589620 0 14
591054 0 17
592467 0 18
594003 0 31
595457 0 3
596911 0 24
598345 0 29
599758 0 8
601253 0 20
602727 0 28
604120 0 2
605574 0 24
607110 0 18
608585 0 16
610018 0 31
611452 0 5
612947 0 18
614483 0 26
616019 0 1
617411 0 14
618927 0 17
620340 0 23
621773 0 21
623289 0 33
624804 0 10
626320 0 21
627876 0 20
629330 0 29
630846 0 4
632259 0 18
633672 0 19
635106 0 18
636539 0 34
638075 0 10
639550 0 24
641004 0 23
642560 0 19
644117 0 20
645632 0 15
647107 0 36
648520 0 3
650076 0 23
651571 0 27
652964 0 4
654357 0 24
655893 0 19
657469 0 13
658985 0 25
660439 0 3
661893 0 20
663347 0 22
664781 0 25
666317 0 10
667812 0 22
669348 0 28
670822 0 3
672256 0 16
673648 0 23
675143 0 19
676659 0 20
678154 0 13
679547 0 17
680939 0 25
682496 0 1
684052 0 18
685568 0 22
687083 0 16
688537 0 13
689971 0 21
691548 0 15
692981 0 24
694394 0 27
695848 0 5
697343 0 23
698818 0 33
700272 0 7
701828 0 13
703221 0 18
704757 0 17
706232 0 13
707727 0 16
709160 0 27
710655 0 2
712150 0 22
713625 0 14
715017 0 18
716492 0 33
717925 0 12
719338 0 21
720874 0 25
722288 0 11
723721 0 13
725216 0 18
726773 0 35
728165 0 10
729722 0 19
731278 0 21
732855 0 20
734371 0 18
735825 0 27
737217 0 12
738651 0 19
740187 0 21
741600 0 17
743054 0 14
744508 0 31
746023 0 12
747478 0 22
748952 0 14
750427 0 23
751983 0 19
753437 0 31
754871 0 6
756386 0 14
757840 0 26
759274 0 3
760830 0 22
762284 0 28
763800 0 10
765295 0 20
766769 0 17
768285 0 21
769862 0 28
771295 0 7
772852 0 23
774244 0 14
775658 0 15
777071 0 23
778545 0 22
780081 0 34
781597 0 7
783051 0 18
784525 0 13
786061 0 14
787597 0 30
788949 0 12
790485 0 14
791959 0 28
793516 0 7
795072 0 21
796588 0 24
797980 0 16
799373 0 21
800888 0 13
802404 0 20
803940 0 27
805353 0 2
806746 0 15
808302 0 14
809797 0 33
811210 0 7
812767 0 21
814262 0 16
815654 0 19
817190 0 16
818603 0 28
820037 0 10
821532 0 18
822965 0 19
824501 0 33
825915 0 10
827410 0 24
828884 0 27
830277 0 4
831669 0 21
833205 0 36
834782 0 11
836195 0 24
837609 0 19
839124 0 34
840598 0 10
842175 0 18
843670 0 22
845145 0 14
846681 0 30
848155 0 6
849630 0 23
851145 0 16
852640 0 36
854074 0 10
855651 0 13
857044 0 14
858498 0 19
859952 0 33
861365 0 7
862860 0 24
864416 0 24
865870 0 21
867365 0 17
868901 0 14
870294 0 33
871728 0 10
873304 0 24
874840 0 20
876397 0 22
877953 0 15
879469 0 31
880964 0 3
882479 0 23
883954 0 29
885469 0 11
886903 0 18
888459 0 21
890016 0 19
891511 0 35
893067 0 1
894501 0 13
895914 0 21
897389 0 15
898843 0 17
900358 0 23
901874 0 18
903369 0 31
904782 0 8
906359 0 24
907915 0 36
909431 0 5
910823 0 15
912359 0 14
913772 0 15
915165 0 20
916660 0 13
918196 0 14
932782 0 101
934318 0 101
935731 0 101
937165 0 101
938598 0 101
940073 0 101
941466 0 101
942961 0 101
944374 0 101
945807 0 101
947323 0 102
948777 0 102
950272 0 102
951726 0 102
953221 0 103
954736 0 101
956211 0 102
957665 0 103
959140 0 101
960635 0 102
962171 0 102
963686 0 103
965099 0 101
966512 0 102
967905 0 103
969420 0 101
970915 0 102
972308 0 102
973701 0 103
975196 0 101
976650 0 102
978104 0 102
979578 0 102
981114 0 103
982650 0 101
984125 0 102
985579 0 103
987033 0 101
988569 0 102
990002 0 102
991518 0 102
993054 0 102
994487 0 102
995962 0 102
997457 0 103
998993 0 101
1000447 0 102
1001881 0 102
1003355 0 102
1004850 0 102
1006366 0 103
1007799 0 101
1009233 0 102
1010748 0 102
1012182 0 102
1013697 0 102
1015151 0 102
1016626 0 102
1018100 0 103
1019636 0 101
1021029 0 102
1022524 0 102
1024040 0 102
1025555 0 103
1027112 0 101
1028525 0 102
1029938 0 102
1031351 0 103
1032907 0 101
1034402 0 102
1035815 0 103
1037392 0 101
1038908 0 102
1040423 0 102
1041877 0 103
1043331 0 101
1044785 0 102
1046199 0 103
1047632 0 101
1049189 0 102
1050622 0 102
1052056 0 102
1053489 0 102
1054943 0 102
1056377 0 102
1057872 0 102
1059326 0 103
1060821 0 101
1062357 0 102
1063832 0 102
1065347 0 102
1066801 0 102
1068337 0 102
1069894 0 102
1071389 0 102
1072924 0 103
1074420 0 101
1075833 0 102
1077307 0 102
1078700 0 103
1080113 0 101
1081628 0 102
1083082 0 102
1084496 0 102
1085970 0 102
1087506 0 102
1088919 0 103
1090414 0 101
1091848 0 102
1093343 0 102
1094756 0 102
1096169 0 102
1097562 0 102
1099077 0 102
1100613 0 103
1102128 0 101
1103644 0 102
1105119 0 102
1106573 0 103
1108047 0 101
1109522 0 102
1111058 0 103
1112532 0 101
1114027 0 102
1115461 0 103
1116956 0 101
1118410 0 102
1119884 0 102
1121400 0 103
1122956 0 101
1124492 0 102
1126028 0 102
1127462 0 102
1128916 0 102
1130431 0 102
1131906 0 102
1133421 0 102
1134916 0 103
1136370 0 101
1137824 0 102
1139360 0 102
1140774 0 103
1142269 0 101
1143661 0 102
1145054 0 102
1146590 0 102
1148023 0 102
1149416 0 103
1150850 0 101
1152324 0 102
1153840 0 103
1155273 0 101
1156768 0 102
1158284 0 103
1159738 0 101
1161171 0 102
1162707 0 102
1164223 0 102
1165759 0 102
1167274 0 102
1168708 0 102
1170264 0 102
1171800 0 103
1173213 0 101
1174647 0 102
1176142 0 102
1177535 0 102
1179030 0 102
1180504 0 102
1181958 0 102
1183351 0 102
1184866 0 103
1186402 0 101
1187938 0 102
1189331 0 103
1190805 0 101
1192321 0 102
1193857 0 102
1195331 0 102
1196806 0 102
1198280 0 102
1199734 0 103
1201209 0 101
1202622 0 102
1204158 0 102
1205551 0 103
1207005 0 101
1208479 0 102
1209872 0 102
1211326 0 102
1212800 0 103
1214214 0 101
1215729 0 102
1217245 0 102
1218637 0 102
1220112 0 102
1221648 0 102
1223122 0 103
1224576 0 101
1225989 0 102
1227505 0 103
1228938 0 101
1230331 0 102
1231847 0 102
1233301 0 102
1234734 0 102
1236147 0 102
1237581 0 102
1239035 0 103
1240489 0 101
1241943 0 102
1243377 0 102
1244913 0 102
1246428 0 102
1247841 0 103
1249275 0 101
1250770 0 102
1252224 0 102
1253617 0 103
1255070 0 101
1256545 0 102
1258101 0 102
1259637 0 103
1261112 0 101
1262648 0 102
1264061 0 102
1265495 0 102
1266969 0 103
1268464 0 101
1269918 0 102
1271434 0 102
1272826 0 102
1274260 0 102
1275775 0 102
1277270 0 102
1278683 0 103
1280260 0 101
1281653 0 102
1283107 0 102
1284561 0 102
1286097 0 102
1287633 0 102
1289067 0 102
1290541 0 103
1291995 0 101
1293490 0 102
1294944 0 103
1296460 0 101
1297914 0 102
1299429 0 102
1300904 0 102
1302297 0 102
1303730 0 102
1305266 0 103
1306741 0 101
1308256 0 102
1309690 0 102
1311103 0 102
1312536 0 102
1313970 0 103
1315485 0 101
1317042 0 102
1318455 0 102
1319929 0 102
1321343 0 102
1322879 0 103
1324435 0 101
1325869 0 102
1327302 0 103
1328736 0 101
1330169 0 102
1331726 0 102
1333180 0 103
1334695 0 101
1336149 0 102
1337542 0 102
1339057 0 102
1340450 0 103
1341966 0 101
1343420 0 102
1344894 0 103
1346307 0 101
1347741 0 102
1349154 0 102
1350649 0 102
1352083 0 102
1353557 0 102
1355073 0 103
1356547 0 101
1357981 0 102
1359394 0 103
1360807 0 101
1362220 0 102
1363694 0 102
1365108 0 102
1366644 0 103
1368057 0 101
1369511 0 102
1370965 0 102
1372501 0 102
1373893 0 102
1375429 0 103
1376863 0 101
1378276 0 102
1379669 0 102
1381061 0 102
1382495 0 102
1383908 0 103
1385341 0 101
1386877 0 102
1388291 0 102
1389745 0 102
1391219 0 102
1392653 0 102
1394168 0 103
1395663 0 101
1397076 0 102
1398530 0 102
1400005 0 102
1401520 0 103
1402974 0 101
1404429 0 102
1405944 0 103
1407500 0 101
1408914 0 102
1410450 0 102
1411863 0 102
1413276 0 102
1414689 0 102
1416204 0 103
1417617 0 101
1419092 0 102
1420587 0 102
1421980 0 103
1423393 0 101
1424806 0 102
1426239 0 102
1427734 0 102
1429147 0 102
1430561 0 102
1431953 0 102
1433346 0 102
1434841 0 103
1436397 0 101
1437810 0 102
1439346 0 103
1440841 0 101
1442295 0 102
1443749 0 103
1445224 0 101
1446678 0 102
1448091 0 103
1449668 0 101
1451143 0 102
1452658 0 102
1454153 0 102
1455689 0 102
1457123 0 102
1458638 0 102
1460174 0 103
1461649 0 101
1463144 0 102
1464598 0 103
1466093 0 101
1467547 0 102
1469083 0 103
1470516 0 101
1471909 0 102
1473343 0 102
1474838 0 102
1476271 0 103
1477766 0 101
1479179 0 102
1480633 0 103
1482210 0 101
1483767 0 102
1485180 0 103
1486613 0 101
1488149 0 102
1489542 0 103
1490996 0 101
1492409 0 102
1493925 0 103
1495440 0 101
1496976 0 102
1498410 0 103
1499843 0 101
1501277 0 102
1502751 0 102
1504267 0 102
1505680 0 102
1507154 0 103
1508649 0 101
1510063 0 102
1511558 0 103
1513032 0 101
1514568 0 102
1516002 0 102
1517476 0 103
1518951 0 101
1520384 0 102
1521838 0 102
1523231 0 102
1524644 0 103
1526180 0 101
1527634 0 102
1529088 0 102
1530583 0 102
1531996 0 102
1533532 0 103
1534986 0 101
1536461 0 102
1537935 0 102
1539410 0 103
1540905 0 101
1542379 0 102
1543915 0 102
1545431 0 102
1546824 0 103
1548359 0 101
1549773 0 102
1551206 0 102
1552742 0 103
1554155 0 101
1555712 0 102
1557248 0 102
1558763 0 102
1560156 0 102
1561569 0 102
1563002 0 102
1564395 0 102
1565911 0 103
1567446 0 101
1568983 0 102
1570518 0 102
1571911 0 102
1573427 0 102
1574963 0 103
1576498 0 101
1578014 0 102
1579529 0 102
1580963 0 102
1582417 0 102
1583830 0 102
1585243 0 103
1586677 0 101
1588070 0 102
1589483 0 102
1590978 0 102
1592473 0 102
1594009 0 103
1595442 0 101
1596896 0 102
1598350 0 102
1599743 0 102
1601279 0 103
1602733 0 101
1604126 0 102
1605662 0 102
1607136 0 102
1608549 0 102
1610044 0 102
1611519 0 103
1612932 0 101
1614468 0 102
1616004 0 102
1617478 0 102
1618953 0 102
1620448 0 102
1621881 0 103
1623335 0 101
1624871 0 102
1626407 0 102
1627861 0 103
1629336 0 101
1630749 0 102
1632224 0 102
1633719 0 103
1635152 0 101
1636627 0 102
1638163 0 102
1639576 0 102
1640989 0 102
1642402 0 102
1643815 0 102
1645310 0 102
1646764 0 103
1648218 0 101
1649631 0 102
1651044 0 102
1652458 0 102
1653973 0 102
1655366 0 103
1656779 0 101
1658294 0 102
1659707 0 103
1661202 0 101
1662677 0 102
1664069 0 103
1665524 0 101
1666957 0 102
1668493 0 103
1670009 0 101
1671422 0 102
1672978 0 103
1674473 0 101
1675968 0 102
1677361 0 102
1678815 0 103
1680330 0 101
1681743 0 102
1683218 0 102
1684652 0 102
1686126 0 103
1687580 0 101
1689096 0 102
1690488 0 102
1691901 0 102
1693314 0 103
1694748 0 101
1696182 0 102
1697574 0 103
1699049 0 101
1700503 0 102
1701916 0 103
1703390 0 101
1704865 0 102
1706339 0 102
1707753 0 102
1709289 0 103
1710763 0 101
1712217 0 102
1713651 0 103
1715105 0 101
1716579 0 102
1717992 0 102
1719508 0 102
1721023 0 102
1722457 0 103
1723952 0 101
1725386 0 102
1726819 0 103
1728253 0 101
1729727 0 102
1731243 0 102
1732779 0 102
1734171 0 102
1735666 0 102
1737120 0 102
1738636 0 103
1740192 0 101
1741708 0 102
1743162 0 102
1744657 0 102
1746111 0 102
1747565 0 103
1748999 0 101
1750432 0 102
1751886 0 102
1753299 0 103
1754835 0 101
1756228 0 102
1757723 0 103
1759177 0 101
1760692 0 102
1762085 0 102
1763580 0 102
1765116 0 102
1766591 0 102
1768086 0 102
1769601 0 103
1771096 0 101
1772571 0 102
1774025 0 103
1775479 0 101
1776933 0 102
1778469 0 102
1779923 0 103
1781356 0 101
1782790 0 102
1784326 0 102
1785841 0 102
1787275 0 102
1788688 0 103
1790183 0 101
1791699 0 102
1793235 0 102
1794771 0 102
1796307 0 102
1797843 0 102
1799358 0 103
1800812 0 101
1802266 0 102
1803741 0 103
1805297 0 101
1806833 0 102
1808308 0 102
1809721 0 103
1811257 0 101
1812793 0 102
1814308 0 103
1815742 0 101
1817257 0 102
1818793 0 102
1820288 0 102
1821804 0 102
1823237 0 103
1824712 0 101
1826145 0 102
1827599 0 102
1839792 0 43
1841307 0 40
1842864 0 38
1844379 0 47
1845792 0 44
1847205 0 43
1848700 0 38
1850175 0 44
1851649 0 43
1853124 0 39
1854619 0 56
1856155 0 50
1857650 0 55
1859083 0 56
1860599 0 50
1862094 0 53
1863548 0 68
1865064 0 41
1866518 0 51
1867931 0 55
1869344 0 58
1870900 0 52
1872436 0 50
1873911 0 70
1875365 0 44
1876880 0 58
1878396 0 66
1879952 0 38
1881488 0 53
1882901 0 59
1884314 0 71
1885850 0 47
1887345 0 55
1888902 0 62
1890438 0 44
1891974 0 60
1893530 0 50
1895025 0 58
1896582 0 68
1898056 0 40
1899531 0 52
1901026 0 62
1902459 0 38
1903975 0 55
1905408 0 70
1906781 0 47
1908194 0 59
1909607 0 57
1911040 0 62
1912474 0 43
1913989 0 59
1915402 0 57
1916979 0 51
1918495 0 64
1919908 0 44
1921423 0 56
1922959 0 62
1924393 0 48
1925806 0 51
1927281 0 67
1928714 0 39
1930230 0 51
1931745 0 58
1933261 0 50
1934694 0 70
1936189 0 43
1937705 0 58
1939159 0 57
1940592 0 70
1942046 0 46
1943521 0 55
1945016 0 52
1946429 0 53
1947863 0 51
1949358 0 50
1950853 0 58
1952327 0 63
1953761 0 43
1955215 0 51
1956771 0 59
1958328 0 56
1959802 0 51
1961215 0 70
1962649 0 48
1964103 0 56
1965619 0 53
1967032 0 49
1968506 0 67
1969940 0 38
1971496 0 53
1972971 0 69
1974507 0 46
1975940 0 58
1977374 0 56
1978787 0 52
1980221 0 59
1981756 0 71
1983272 0 43
1984726 0 59
1986221 0 60
1987716 0 64
1989129 0 42
1990665 0 55
1992242 0 58
1993758 0 61
1995212 0 40
1996748 0 50
1998284 0 60
1999820 0 57
2001356 0 54
2002748 0 54
2004223 0 52
2005738 0 64
2007151 0 37
2008646 0 59
2010162 0 53
2011677 0 72
2013070 0 40
2014606 0 57
2016183 0 68
2017637 0 38
2019193 0 50
2020750 0 57
2022286 0 68
2023822 0 45
2025276 0 55
2026689 0 55
2028184 0 54
2029576 0 66
2031051 0 48
2032587 0 54
2034041 0 59
2035557 0 51
2037113 0 61
2038669 0 40
2040185 0 57
2041660 0 54
2043195 0 58
2044711 0 49
2046185 0 56
2047660 0 66
2049135 0 44
2050609 0 53
2052043 0 53
2053517 0 70
2055033 0 45
2056610 0 60
2058084 0 51
2059518 0 51
2061033 0 49
2062549 0 68
2064105 0 40
2065621 0 54
2067116 0 72
2068549 0 42
2070044 0 51
2071478 0 53
2072993 0 72
2074468 0 37
2075942 0 59
2077355 0 64
2078789 0 39
2080305 0 60
2081779 0 66
2083254 0 39
2084790 0 51
2086223 0 72
2087698 0 38
2089234 0 50
2090729 0 60
2092244 0 55
2093739 0 52
2095173 0 58
2096606 0 60
2098142 0 63
2099658 0 43
2101153 0 49
2102607 0 63
2104040 0 48
2105433 0 51
2106867 0 54
2108362 0 60
2109775 0 71
2111249 0 48
2112662 0 60
2114116 0 58
2115611 0 49
2117127 0 52
2118601 0 62
2119994 0 37
2121510 0 50
2123005 0 61
2124418 0 38
2125913 0 60
2127408 0 54
2128944 0 53
2130480 0 56
2131893 0 57
2133326 0 65
2134780 0 37
2136337 0 54
2137832 0 59
2139245 0 68
2140699 0 47
2142153 0 53
2143587 0 49
2145020 0 50
2146495 0 56
2147908 0 61
2149464 0 43
2150877 0 58
2152393 0 57
2153826 0 67
2155219 0 46
2156796 0 58
2158352 0 65
2159909 0 39
2161445 0 59
2162981 0 54
2164455 0 53
2165909 0 58
2167364 0 65
2168920 0 45
2170415 0 55
2171890 0 50
2173303 0 54
2174716 0 61
2176149 0 41
2177583 0 52
2179078 0 62
2180593 0 39
2182109 0 49
2183563 0 62
2185037 0 48
2186594 0 52
2188068 0 56
2189563 0 52
2191018 0 65
2192513 0 48
2194008 0 59
2195544 0 61
2197079 0 39
2198615 0 51
2200110 0 53
2201646 0 55
2203162 0 56
2204616 0 58
2206029 0 61
2207586 0 46
2209122 0 60
2210596 0 72
2211989 0 48
2213463 0 60
2214979 0 50
2216412 0 52
2217825 0 56
2219341 0 67
2220856 0 47
2222310 0 60
2223805 0 51
2225259 0 60
2226734 0 53
2228229 0 54
2229785 0 67
2231178 0 46
2232714 0 52
2234250 0 66
2235725 0 42
2237179 0 49
2238612 0 53
2240066 0 69
2241561 0 37
2243077 0 49
2244633 0 61
2246026 0 47
2247439 0 50
2248934 0 52
2250388 0 52
2251883 0 72
2253358 0 43
2254853 0 57
2256307 0 59
2257843 0 57
2259420 0 62
2260956 0 42
2262491 0 60
2263925 0 67
2265359 0 40
2266813 0 53
2268226 0 60
2269618 0 52
2271072 0 49
2272567 0 52
2274001 0 53
2275537 0 62
2277012 0 44
2278568 0 58
2280002 0 60
2281456 0 72
2282910 0 48
2284425 0 54
2285900 0 65
2287436 0 41
2288890 0 49
2290344 0 63
2291859 0 44
2293334 0 60
2294890 0 54
2296385 0 51
2297901 0 55
2299437 0 54
2300911 0 69
2302386 0 47
2303799 0 57
2305294 0 63
2306809 0 46
2308386 0 52
2309799 0 51
2311335 0 63
2312871 0 47
2314305 0 56
2315739 0 55
2317275 0 59
2318770 0 59
2320203 0 53
2321739 0 66
2323173 0 45
2324586 0 59
2326040 0 69
2327576 0 44
2329030 0 59
2330566 0 54
2331999 0 55
2333494 0 58
2335010 0 51
2336566 0 55
2338000 0 72
2339495 0 48
2341031 0 53
2342546 0 50
2344041 0 58
2345618 0 51
2347072 0 53
2348588 0 60
2350083 0 69
2351537 0 39
2353052 0 49
2354486 0 54
2356042 0 53
2357497 0 62
2358930 0 42
2360364 0 51
2361777 0 56
2363292 0 56
2364746 0 58
2366323 0 50
2367859 0 55
2369416 0 52
2370972 0 69
2372529 0 41
2374085 0 55
2375601 0 56
2377014 0 71
2378488 0 45
2380065 0 51
2381581 0 57
2383117 0 67
2384632 0 37
2386045 0 51
2387561 0 53
2389056 0 58
2390612 0 71
2392087 0 39
2393520 0 59
2394954 0 53
2396449 0 54
2398005 0 51
2399562 0 56
2400995 0 56
2402429 0 64
2403965 0 38
2405398 0 57
2406832 0 56
2408245 0 66
2409720 0 39
2411215 0 51
2412689 0 58
2414143 0 65
2415638 0 45
2417133 0 58
2418690 0 70
2420041 0 45
2421495 0 50
2423052 0 56
2424485 0 50
2425940 0 49
2427414 0 71
2428868 0 47
2430281 0 60
2431817 0 59
2433333 0 70
2434848 0 41
2436343 0 53
2437859 0 56
2439415 0 57
2440992 0 53
2442549 0 49
2443982 0 70
2445395 0 42
2446911 0 49
2448344 0 63
2449757 0 46
2451232 0 49
2452727 0 50
2454201 0 58
2455778 0 59
2457314 0 72
2458830 0 45
2460263 0 49
2461758 0 60
2463172 0 51
2464585 0 50
2466141 0 54
2467677 0 62
2469213 0 38
2470749 0 52
2472203 0 55
2473637 0 58
2475214 0 51
2476688 0 60
2478224 0 54
2479781 0 66
2481255 0 37
2482791 0 56
2484347 0 54
2485883 0 67
2487297 0 37
2488771 0 55
2490184 0 65
2491597 0 43
2493051 0 56
2494546 0 50
2496082 0 56
2497516 0 52
2499011 0 50
2500506 0 71
2501980 0 38
2503414 0 60
2504868 0 64
2506343 0 44
2507899 0 52
2509353 0 58
2510930 0 54
2512384 0 57
2513838 0 51
2515292 0 71
2516726 0 41
2518241 0 49
2519757 0 54
2521313 0 60
2522808 0 60
2524221 0 60
2525634 0 61
2527150 0 42
2528584 0 49
2529976 0 50
2531389 0 49
2532782 0 52
2534215 0 66
2535649 0 39
2537042 0 50
2538455 0 56
2539950 0 69
2541465 0 45
2542940 0 50
2544476 0 53
2546012 0 54
2547425 0 49
2548858 0 52
2550312 0 57
2551848 0 59
2553344 0 66
2554818 0 42
2556354 0 56
2557869 0 54
2559405 0 50
2560839 0 57
2562252 0 58
2563829 0 68
2565304 0 45
2566880 0 53
2568396 0 49
2569870 0 67
2571386 0 48
2572901 0 54
2574376 0 54
2575851 0 53
2577407 0 50
2578902 0 49
2580417 0 62
2581831 0 41
2583285 0 60
2584739 0 59
2586234 0 55
2587708 0 62
2589121 0 44
2590616 0 51
2592029 0 68
2593443 0 38
2594856 0 54
2596371 0 58
2597907 0 57
2599361 0 55
2600856 0 57
2602351 0 63
2603908 0 40
2605444 0 60
2606959 0 49
2608434 0 59
2609847 0 51
2611239 0 56
2612775 0 62
2614188 0 42
2615683 0 57
2617178 0 58
2618714 0 54
2620128 0 56
2621541 0 68
2622954 0 46
2624469 0 51
2626005 0 60
2627439 0 54
2628995 0 51
2630490 0 61
2631944 0 48
2633480 0 59
2634893 0 70
2636286 0 40
2637761 0 56
2639256 0 65
2640730 0 48
2642246 0 59
2643802 0 66
2645277 0 46
2646833 0 56
2648328 0 56
2649884 0 52
2651298 0 60
2652711 0 49
2654247 0 69
2655701 0 47
2657237 0 49
2658752 0 53
2660227 0 55
2661783 0 52
2663340 0 53
2664896 0 49
2666412 0 67
2667907 0 40
2669443 0 56
2670856 0 52
2672371 0 71
2673907 0 42
2675423 0 56
2676959 0 63
2678495 0 46
2679949 0 58
2681403 0 68
2682877 0 42
2684413 0 56
2685949 0 72
2687424 0 38
2688980 0 50
2690496 0 58
2691970 0 56
2693424 0 50
2694858 0 56
2696353 0 57
2697868 0 71
2699322 0 39
2700838 0 50
2702271 0 59
2703807 0 66
2705220 0 42
2706634 0 50
2708149 0 60
2709583 0 55
2710996 0 50
2712429 0 56
2713986 0 70
2715419 0 40
2716914 0 58
2718450 0 57
2719966 0 53
2721379 0 50
2722874 0 49
2724287 0 60
2725823 0 72
2727257 0 48
2728711 0 59
2730247 0 54
2731803 0 56
2733278 0 56
2734773 0 68
2736329 0 43
2737783 0 58
2739340 0 56
2740876 0 54
2742432 0 55
2743866 0 55
2758679 0 104
2760113 0 104
2761526 0 104
2763042 0 104
2764578 0 104
2766073 0 104
2767486 0 104
2768899 0 104
2770373 0 104
2771786 0 104
2773281 0 105
2774797 0 105
2776251 0 106
2777787 0 104
2779343 0 105
2780900 0 105
2782333 0 105
2783808 0 105
2785262 0 105
2786696 0 106
2788170 0 104
2789624 0 105
2791078 0 105
2792532 0 105
2794048 0 106
2795502 0 104
2796894 0 105
2798410 0 105
2799844 0 105
2801359 0 105
2802813 0 105
2804288 0 106
2805742 0 104
2807155 0 105
2808650 0 106
2810186 0 104
2811619 0 105
2813155 0 106
2814609 0 104
2816104 0 105
2817640 0 105
2819135 0 105
2820589 0 106
2822105 0 104
2823498 0 105
2824993 0 106
2826447 0 104
2827942 0 105
2829416 0 105
2830932 0 105
2832468 0 106
2834024 0 104
2835417 0 105
2836953 0 106
2838509 0 104
2840045 0 105
2841540 0 106
2842974 0 104
2844448 0 105
2845902 0 105
2847336 0 106
2848892 0 104
2850326 0 105
2851739 0 105
2853152 0 105
2854627 0 105
2856081 0 106
2857576 0 104
2858968 0 105
2860381 0 105
2861835 0 105
2863269 0 105
2864703 0 105
2866157 0 106
2867672 0 104
2869188 0 105
2870601 0 105
2872034 0 106
2873468 0 104
2874922 0 105
2876396 0 105
2877830 0 105
2879305 0 105
2880779 0 105
2882315 0 106
2883728 0 104
2885141 0 105
2886575 0 105
2888049 0 105
2889544 0 105
2890937 0 106
2892452 0 104
2893947 0 105
2895381 0 105
2896897 0 105
2898310 0 105
2899825 0 106
2901238 0 104
2902754 0 105
2904290 0 105
2905805 0 105
2907218 0 105
2908754 0 105
2910167 0 105
2911580 0 106
2913075 0 104
2914632 0 105
2916106 0 105
2917602 0 105
2919096 0 105
2920510 0 106
2921923 0 104
2923377 0 105
2924790 0 105
2926285 0 105
2927759 0 105
2929234 0 105
2930708 0 106
2932203 0 104
2933617 0 105
2935132 0 105
2936566 0 105
2938081 0 105
2939515 0 106
2941030 0 104
2942525 0 105
2944041 0 105
2945515 0 105
2946949 0 106
2948505 0 104
2950062 0 105
2951536 0 105
2953011 0 105
2954424 0 105
2955857 0 105
2957250 0 105
2958786 0 106
2960240 0 104
2961653 0 105
2963107 0 105
2964664 0 105
2966138 0 105
2967592 0 105
2969087 0 105
2970562 0 106
2972057 0 104
2973552 0 105
2975088 0 105
2976583 0 106
2978139 0 104
2979573 0 105
2981088 0 105
2982481 0 105
2983997 0 105
2985471 0 106
2986946 0 104
2988359 0 105
2989792 0 105
2991226 0 105
2992618 0 106
2994072 0 104
2995465 0 105
2996878 0 105
2998414 0 105
2999889 0 105
3001404 0 106
3002858 0 104
3004333 0 105
3005828 0 105
3007343 0 105
3008756 0 106
3010313 0 104
3011808 0 105
3013241 0 105
3014736 0 105
3016211 0 105
3017685 0 105
3019160 0 105
3020696 0 106
3022130 0 104
3023666 0 105
3025161 0 105
3026717 0 105
3028110 0 106
3029646 0 104
3031120 0 105
3032574 0 105
3034049 0 105
3035441 0 105
3036875 0 106
3038370 0 104
3039906 0 105
3041462 0 106
3043019 0 104
3044514 0 105
3045947 0 105
3047463 0 106
3048937 0 104
3050432 0 105
3051927 0 105
3053402 0 105
3054795 0 105
3056310 0 105
3057764 0 105
3059259 0 106
3060816 0 104
3062311 0 105
3063765 0 106
3065198 0 104
3066693 0 105
3068086 0 105
3069601 0 105
3071076 0 106
3072489 0 104
3074046 0 105
3075581 0 105
3077097 0 106
3078592 0 104
3080046 0 105
3081562 0 105
3083057 0 105
3084470 0 105
3085985 0 106
3087521 0 104
3089037 0 105
3090429 0 105
3091863 0 106
3093399 0 104
3094853 0 105
3096245 0 106
3097740 0 104
3099194 0 105
3100710 0 106
3102123 0 104
3103536 0 105
3104970 0 106
3106526 0 104
3107960 0 105
3109373 0 105
3110827 0 105
3112240 0 106
3113715 0 104
3115189 0 105
3116684 0 106
3118138 0 104
3119592 0 105
3121128 0 106
3122664 0 104
3124159 0 105
3125695 0 105
3127190 0 105
3128603 0 105
3130139 0 105
3131614 0 106
3133068 0 104
3134583 0 105
3136058 0 106
3137614 0 104
3139089 0 105
3140543 0 105
3142079 0 105
3143574 0 105
3145069 0 105
3146502 0 106
3147957 0 104
3149411 0 105
3150906 0 105
3152319 0 105
3153773 0 105
3155268 0 105
3156722 0 105
3158114 0 106
3159528 0 104
3160961 0 105
3162415 0 105
3163828 0 105
3165323 0 106
3166757 0 104
3168272 0 105
3169726 0 105
3171242 0 105
3172675 0 106
3174232 0 104
3175625 0 105
3177140 0 105
3178655 0 106
3180151 0 104
3181646 0 105
3183100 0 106
3184513 0 104
3186028 0 105
3187523 0 105
3188977 0 106
3190493 0 104
3192008 0 105
3193462 0 106
3194957 0 104
3196452 0 105
3197886 0 105
3199299 0 106
3200733 0 104
3202289 0 105
3203805 0 106
3205238 0 104
3206754 0 105
3208208 0 105
3209641 0 105
3211177 0 105
3212570 0 105
3214065 0 106
3215457 0 104
3216932 0 105
3218345 0 105
3219758 0 105
3221294 0 106
3222728 0 104
3224141 0 105
3225656 0 105
3227131 0 105
3228523 0 105
3229978 0 106
3231432 0 104
3232968 0 105
3234401 0 105
3235937 0 105
3237473 0 105
3238948 0 105
3240463 0 106
3241938 0 104
3243433 0 105
3244948 0 105
3246443 0 106
3247856 0 104
3249269 0 105
3250805 0 105
3252280 0 106
3253693 0 104
3255106 0 105
3256560 0 105
3258096 0 106
3259489 0 104
3260943 0 105
3262479 0 106
3263953 0 104
3265489 0 105
3266943 0 105
3268377 0 106
3269831 0 104
3271387 0 105
3272903 0 106
3274439 0 104
3275852 0 105
3277265 0 105
3278699 0 105
3280173 0 106
3281730 0 104
3283266 0 105
3284679 0 105
3286235 0 105
3287730 0 105
3289225 0 105
3290700 0 106
3292256 0 104
3293731 0 105
3295287 0 105
3296700 0 105
3298154 0 105
3299567 0 105
3301062 0 106
3302598 0 104
3304114 0 105
3305670 0 106
3307227 0 104
3308722 0 105
3310135 0 105
3311671 0 106
3313104 0 104
3314640 0 105
3316176 0 106
3317610 0 104
3319043 0 105
3320538 0 105
3322013 0 105
3323569 0 106
3324983 0 104
3326457 0 105
3327850 0 105
3329304 0 105
3330840 0 105
3332376 0 105
3333830 0 106
3335386 0 104
3336820 0 105
3338315 0 106
3339769 0 104
3341243 0 105
3342636 0 105
3344111 0 105
3345524 0 105
3346998 0 105
3348411 0 106
3349947 0 104
3351463 0 105
3352978 0 105
3354514 0 105
3355927 0 105
3357443 0 106
3358917 0 104
3360330 0 105
3361784 0 105
3363300 0 105
3364836 0 105
3366331 0 105
3367867 0 106
3369382 0 104
3370877 0 105
3372352 0 106
3373786 0 104
3375240 0 105
3376653 0 105
3378189 0 105
3379622 0 105
3381076 0 105
3382571 0 106
3383984 0 104
3385541 0 105
3387036 0 105
3388510 0 106
3389944 0 104
3391439 0 105
3392832 0 105
3394265 0 105
3395699 0 105
3397153 0 105
3398607 0 105
3400061 0 106
3401617 0 104
3403092 0 105
3404608 0 105
3406041 0 105
3407598 0 105
3409031 0 105
3410526 0 106
3411980 0 104
3413516 0 105
3414909 0 106
3416383 0 104
3417899 0 105
3419312 0 106
3420745 0 104
3422240 0 105
3423674 0 106
3425087 0 104
3426623 0 105
3428180 0 106
3429675 0 104
3431108 0 105
3432644 0 106
3434201 0 104
3435675 0 105
3437129 0 105
3438604 0 105
3440017 0 105
3441573 0 105
3443089 0 105
3444563 0 106
3446017 0 104
3447574 0 105
3449007 0 105
3450461 0 105
3451915 0 105
3453390 0 106
3454905 0 104
3456359 0 105
3457793 0 105
3459329 0 105
3460783 0 105
3462217 0 105
3463630 0 105
3465104 0 106
3466620 0 104
3468176 0 105
3469651 0 106
3471084 0 104
3472538 0 105
3474054 0 105
3475549 0 105
3477003 0 105
3478477 0 106
3480013 0 104
3481529 0 105
3482983 0 106
3484458 0 104
3485850 0 105
3487366 0 105
3488840 0 105
3490274 0 106
3491748 0 104
3493223 0 105
3494738 0 105
3496254 0 105
3497749 0 105
3499223 0 105
3500718 0 105
3502254 0 106
3503749 0 104
3505224 0 105
3506678 0 106
3508214 0 104
3509750 0 105
3511286 0 106
3512719 0 104
3514153 0 105
3515566 0 106
3517123 0 104
3518597 0 105
3520031 0 105
3521567 0 105
3523021 0 105
3524475 0 105
3525908 0 105
3527403 0 105
3528960 0 106
3530516 0 104
3531950 0 105
3533363 0 105
3534899 0 105
3536292 0 105
3537725 0 105
3539179 0 106
3540613 0 104
3542005 0 105
3543500 0 106
3544995 0 104
3546511 0 105
3547924 0 105
3549378 0 106
3550832 0 104
3552368 0 105
3553884 0 105
3555379 0 105
3556915 0 105
3558348 0 105
3559905 0 105
3561318 0 106
3562833 0 104
3564369 0 105
3565864 0 105
3567318 0 105
3568854 0 105
3570349 0 105
3571742 0 106
3573175 0 104
3574629 0 105
3576124 0 106
3577599 0 104
3579114 0 105
3580630 0 105
3582105 0 105
3583579 0 105
3585074 0 105
3586528 0 105
3588044 0 106
3589518 0 104
3591013 0 105
3592488 0 105
3593962 0 105
3595396 0 106
3596911 0 104
3598386 0 105
3599881 0 106
3601273 0 104
3602789 0 105
3604243 0 106
3605718 0 104
3607274 0 105
3608769 0 106
3610244 0 104
3611759 0 105
3613172 0 105
3614729 0 106
3616203 0 104
3617616 0 105
3619029 0 105
3620565 0 105
3622101 0 106
3623596 0 104
3625030 0 105
3626443 0 106
3627877 0 104
3629392 0 105
3630785 0 105
3632321 0 105
3633754 0 105
3635229 0 105
3636621 0 105
3638055 0 106
3639468 0 104
3640881 0 105
3642356 0 106
3643810 0 104
3645346 0 105
3646820 0 105
3648336 0 105
3649892 0 105
3651387 0 105
3652821 0 105
3654254 0 106
3655688 0 104
3657183 0 105
