58144 0 11
59701 0 9
61196 0 3
62711 0 6
64186 0 11
65578 0 4
67073 0 4
68527 0 10
70002 0 11
71415 0 7
72972 0 18
74405 0 19
75859 0 18
77375 0 24
78767 0 20
80262 0 21
81675 0 24
83129 0 25
84686 0 6
86181 0 21
87615 0 18
89069 0 16
90564 0 35
91977 0 9
93533 0 15
94987 0 29
96400 0 4
97793 0 21
99329 0 30
100681 0 6
102217 0 23
103752 0 18
105309 0 20
106763 0 20
108340 0 35
109814 0 4
111248 0 23
112702 0 20
114156 0 18
115713 0 17
117126 0 13
118518 0 17
119931 0 16
121304 0 34
122758 0 1
124171 0 21
125666 0 26
127140 0 12
128594 0 21
130151 0 24
131584 0 17
133120 0 15
134574 0 33
136069 0 2
137482 0 21
138998 0 20
140575 0 20
142070 0 23
143585 0 13
145101 0 22
146616 0 29
148029 0 9
149504 0 19
151020 0 27
152515 0 4
154030 0 13
155525 0 18
157041 0 16
158433 0 24
159949 0 27
161403 0 11
162918 0 17
164434 0 19
165929 0 32
167403 0 5
168837 0 15
170291 0 24
171786 0 18
173322 0 27
174817 0 2
176353 0 18
177807 0 21
179240 0 17
180756 0 18
182271 0 31
183766 0 2
185302 0 20
186797 0 13
188211 0 15
189706 0 15
191180 0 24
192655 0 17
194068 0 21
195563 0 27
197058 0 4
198532 0 17
200048 0 30
201461 0 5
202915 0 18
204328 0 18
205782 0 23
207257 0 22
208711 0 31
210247 0 6
211803 0 21
213319 0 22
214752 0 24
216247 0 21
217804 0 18
219381 0 25
220937 0 2
222330 0 24
223886 0 22
225340 0 29
226733 0 4
228228 0 22
229805 0 13
231218 0 26
232590 0 5
234085 0 16
235478 0 35
236952 0 6
238509 0 18
240086 0 25
241601 0 9
243157 0 22
244714 0 23
246250 0 24
247643 0 17
249199 0 15
250735 0 31
252189 0 5
253643 0 17
255118 0 36
256695 0 8
258210 0 13
259623 0 23
261036 0 22
262490 0 16
263985 0 14
265398 0 23
266811 0 26
268327 0 6
269801 0 16
271174 0 18
272689 0 23
274225 0 24
275720 0 34
277256 0 3
278792 0 18
280287 0 18
281844 0 19
283400 0 21
284895 0 22
286472 0 22
288008 0 32
289401 0 10
290896 0 24
292391 0 23
293824 0 17
295299 0 14
296691 0 28
298145 0 9
299661 0 23
301176 0 24
302692 0 15
304146 0 16
305661 0 15
307095 0 31
308590 0 1
309983 0 20
311478 0 19
312891 0 22
314324 0 29
315840 0 6
317417 0 19
318891 0 33
320427 0 7
321963 0 20
323417 0 14
324892 0 20
326448 0 30
327841 0 3
329356 0 15
330769 0 36
332305 0 7
333821 0 17
335275 0 19
336790 0 35
338265 0 11
339719 0 22
341275 0 32
342791 0 12
344286 0 16
345658 0 16
347030 0 20
348546 0 15
350082 0 18
351618 0 22
353092 0 32
354546 0 4
355939 0 19
357454 0 14
358929 0 36
360383 0 11
361796 0 20
363291 0 33
364745 0 7
366179 0 20
367694 0 21
369169 0 19
370684 0 26
372056 0 7
373531 0 23
375046 0 31
376521 0 4
377995 0 18
379429 0 30
380781 0 11
382317 0 17
383873 0 14
385389 0 19
386822 0 34
388297 0 4
389730 0 20
391246 0 14
392761 0 17
394277 0 34
395731 0 7
397164 0 23
398680 0 13
400216 0 24
401629 0 29
403165 0 7
404680 0 23
406134 0 30
407568 0 12
408961 0 22
410497 0 21
411951 0 23
413384 0 30
414777 0 3
416231 0 21
417808 0 20
419344 0 20
420859 0 20
422293 0 15
423727 0 19
425283 0 24
426839 0 33
428375 0 7
429870 0 20
431427 0 32
432901 0 7
434396 0 22
435953 0 18
437489 0 23
438984 0 29
440397 0 6
441831 0 16
443203 0 15
444616 0 15
446090 0 21
447647 0 21
449203 0 23
450616 0 13
452152 0 32
453647 0 5
455163 0 19
456719 0 27
458153 0 8
459730 0 16
461163 0 36
462638 0 7
464133 0 19
465566 0 29
467041 0 4
468556 0 22
469990 0 16
471424 0 36
472980 0 7
474516 0 14
475970 0 24
477404 0 23
478899 0 20
480414 0 24
481807 0 31
483363 0 2
484879 0 24
486394 0 24
487807 0 14
489200 0 13
490715 0 33
492190 0 1
493746 0 13
495262 0 14
496798 0 23
498354 0 17
499767 0 27
501242 0 4
502757 0 21
504314 0 14
505829 0 18
507365 0 19
508922 0 21
510458 0 33
512014 0 3
513530 0 16
514963 0 24
516397 0 33
517831 0 12
519326 0 20
520759 0 36
522275 0 12
523708 0 24
525265 0 29
526760 0 3
528173 0 24
529565 0 24
530978 0 13
532535 0 20
533989 0 25
535566 0 7
536999 0 20
538515 0 36
540030 0 12
541464 0 14
543000 0 33
544413 0 7
545867 0 18
547383 0 29
548796 0 2
550250 0 24
551724 0 32
553117 0 6
554612 0 13
556046 0 19
557622 0 22
559138 0 35
560551 0 2
562046 0 24
563541 0 19
565098 0 16
566552 0 20
568026 0 14
569419 0 23
570873 0 27
572409 0 11
573863 0 21
575378 0 25
576914 0 8
578409 0 23
579945 0 20
581522 0 16
582997 0 25
584553 0 9
586110 0 13
587564 0 32
588977 0 11
590492 0 19
592049 0 18
593585 0 16
595059 0 28
596493 0 2
597865 0 17
599278 0 19
600773 0 20
602289 0 21
603804 0 24
605320 0 23
606835 0 36
608412 0 5
609805 0 15
611218 0 23
612713 0 18
614187 0 28
615580 0 9
617075 0 24
618529 0 14
620044 0 25
621458 0 5
622891 0 23
624345 0 16
625840 0 19
627397 0 13
628830 0 21
630366 0 31
631882 0 9
633356 0 23
634831 0 31
636326 0 7
637841 0 19
639336 0 24
640790 0 35
642285 0 4
643760 0 13
645152 0 23
646688 0 13
648163 0 24
649597 0 23
2414117 0 4
2415632 0 8
2417189 0 2
2418643 0 11
2420056 0 1
2421571 0 9
2423107 0 4
2424602 0 8
2426159 0 4
2427695 0 5
2429128 0 24
2430603 0 23
2432077 0 23
2433491 0 24
2434965 0 20
2436481 0 19
2437976 0 14
2439512 0 13
2441048 0 31
2442481 0 5
2443997 0 24
2445553 0 18
2447069 0 13
2448543 0 19
2449956 0 33
2451390 0 11
2452782 0 21
2454298 0 15
2455793 0 17
2457308 0 26
2458783 0 11
2460339 0 19
2461834 0 19
2463370 0 21
2464824 0 22
2466278 0 18
2467794 0 33
2469309 0 11
2470845 0 23
2472279 0 30
2473754 0 11
2475187 0 20
2476723 0 21
2478198 0 26
2479693 0 3
2481126 0 14
2482621 0 23
2484116 0 36
2485611 0 5
2487147 0 22
2488642 0 16
2490035 0 25
2491571 0 2
2492963 0 14
2494377 0 36
2495831 0 3
2497346 0 24
2498902 0 15
2500438 0 21
2501933 0 13
2503408 0 31
2504964 0 4
2506378 0 24
2507893 0 21
2509347 0 19
2510863 0 27
2512399 0 10
2513832 0 15
2515327 0 13
2516863 0 19
2518358 0 17
2519812 0 13
2521307 0 17
2522864 0 27
2524379 0 1
2525813 0 24
2527226 0 34
2528700 0 7
2530175 0 14
2531629 0 22
2533083 0 14
2534496 0 14
2535991 0 21
2537404 0 15
2538838 0 36
2540415 0 6
2541930 0 19
2543364 0 17
2544838 0 14
2546231 0 34
2547705 0 4
2549119 0 13
2550593 0 30
2552047 0 6
2553604 0 14
2555078 0 25
2556491 0 12
2558027 0 19
2559481 0 15
2560976 0 16
2562471 0 15
2563884 0 22
2565400 0 17
2566792 0 20
2568349 0 31
2569885 0 9
2571400 0 14
2572834 0 14
2574247 0 14
2575742 0 32
2577278 0 11
2578712 0 24
2580227 0 29
2581620 0 2
2583094 0 18
2584651 0 18
2586187 0 19
2587682 0 17
2589095 0 16
2590528 0 25
2592085 0 5
2593539 0 16
2595013 0 29
2596447 0 12
2597840 0 24
2599355 0 29
2600891 0 12
2602304 0 15
2603697 0 17
2605212 0 13
2606707 0 23
2608264 0 35
2609677 0 6
2611254 0 17
2612810 0 32
2614326 0 11
2615862 0 23
2617316 0 20
2618831 0 23
2620306 0 19
2621842 0 20
2623275 0 18
2624811 0 28
2626286 0 10
2627719 0 23
2629276 0 23
2630791 0 34
2632286 0 4
2633720 0 24
2635154 0 29
2636649 0 7
2638164 0 16
2639557 0 19
2641052 0 24
2642567 0 20
2644083 0 14
2645578 0 27
2647134 0 5
2648527 0 23
2650022 0 20
2651599 0 17
2653114 0 23
2654609 0 23
2656125 0 29
2657620 0 9
2659074 0 22
2660589 0 15
2662105 0 26
2663518 0 3
2665013 0 22
2666569 0 19
2668023 0 30
2669477 0 5
2670891 0 18
2672324 0 24
2673799 0 27
2675294 0 4
2676727 0 14
2678161 0 19
2679738 0 22
2681212 0 19
2682687 0 36
2684223 0 5
2685718 0 18
2687213 0 32
2688667 0 12
2690100 0 14
2691636 0 13
2693111 0 20
2694708 0 23
2696203 0 26
2697657 0 10
2699214 0 18
2700668 0 17
2702204 0 20
2703637 0 21
2705092 0 17
2706546 0 33
2708061 0 9
2709638 0 17
2711072 0 21
2712608 0 13
2714062 0 21
2715475 0 16
2716990 0 21
2718567 0 17
2720001 0 32
2721475 0 10
2723052 0 24
2724547 0 16
2726042 0 22
2727578 0 26
2729053 0 3
2730548 0 13
2731981 0 33
2733415 0 8
2734992 0 16
2736425 0 20
2737941 0 18
2739436 0 14
2740890 0 23
2742385 0 23
2743859 0 27
2745293 0 2
2746768 0 16
2748263 0 23
2749676 0 16
2751089 0 27
2752645 0 12
2754058 0 20
2755635 0 29
2757110 0 6
2758625 0 18
2760120 0 35
2761513 0 1
2762947 0 17
2764380 0 13
2765875 0 30
2767288 0 11
2768845 0 22
2770319 0 23
2771876 0 21
2773371 0 17
2774784 0 13
2776217 0 15
2777753 0 30
2779248 0 9
2780723 0 22
2782218 0 28
2783672 0 9
2785167 0 13
2786560 0 22
2787993 0 20
2789570 0 21
2790983 0 20
2792540 0 32
2793994 0 6
2795427 0 21
2796840 0 21
2798294 0 13
2799789 0 23
2801284 0 30
2802697 0 5
2804172 0 18
2805708 0 13
2807162 0 18
2808678 0 19
2810193 0 35
2811647 0 3
2813183 0 19
2814699 0 16
2816112 0 15
2817607 0 22
2819122 0 18
2820556 0 34
2821948 0 2
2823484 0 15
2824959 0 27
2826454 0 4
2827908 0 15
2829321 0 18
2830877 0 13
2832311 0 20
2833868 0 18
2835342 0 36
2836796 0 10
2838271 0 21
2839725 0 25
2841240 0 6
2842674 0 20
2844128 0 19
2845684 0 18
2847097 0 23
2848551 0 36
2860502 0 101
2862038 0 101
2863533 0 101
2865069 0 101
2866605 0 101
2868059 0 101
2869533 0 101
2871090 0 101
2872503 0 101
2873957 0 101
2875452 0 102
2876988 0 102
2878401 0 102
2879814 0 102
2881227 0 103
2882763 0 101
2884176 0 102
2885692 0 102
2887084 0 102
2888538 0 102
2890074 0 102
2891467 0 103
2892901 0 101
2894314 0 102
2895788 0 102
2897263 0 103
2898778 0 101
2900191 0 102
2901707 0 102
2903243 0 103
2904656 0 101
2906049 0 102
2907441 0 102
2908977 0 102
2910513 0 102
2911988 0 102
2913503 0 102
2914916 0 102
2916309 0 103
2917804 0 101
2919258 0 102
2920651 0 103
2922146 0 101
2923538 0 102
2925054 0 102
2926610 0 102
2928085 0 102
2929641 0 102
2931054 0 103
2932508 0 101
2933983 0 102
2935519 0 103
2937014 0 101
2938468 0 102
2939942 0 103
2941376 0 101
2942932 0 102
2944427 0 103
2945922 0 101
2947335 0 102
2948871 0 103
2950285 0 101
2951739 0 102
2953131 0 103
2954688 0 101
2956224 0 102
2957637 0 103
2959152 0 101
2960627 0 102
2962019 0 102
2963453 0 103
2964968 0 101
2966382 0 102
2967897 0 102
2969413 0 102
2970908 0 102
2972300 0 102
2973754 0 102
2975229 0 103
2976744 0 101
2978260 0 102
2979693 0 102
2981229 0 102
2982745 0 102
2984199 0 102
2985612 0 103
2987086 0 101
2988479 0 102
2989933 0 102
2991387 0 102
2992821 0 103
2994357 0 101
2995893 0 102
2997285 0 103
2998780 0 101
3000296 0 102
3001770 0 102
3003245 0 102
3004781 0 102
3006317 0 102
3007709 0 103
3009184 0 101
3010577 0 102
3011990 0 102
3013423 0 102
3014959 0 103
3016516 0 101
3018072 0 102
3019567 0 102
3021062 0 103
3022557 0 101
3023950 0 102
3025424 0 102
3026981 0 102
3028373 0 102
3029848 0 102
3031343 0 103
3032858 0 101
3034333 0 102
3035808 0 102
3037262 0 102
3038695 0 102
3040129 0 102
3041603 0 102
3043037 0 103
3044511 0 101
3046027 0 102
3047420 0 102
3048812 0 102
3050348 0 102
3051843 0 102
3053318 0 103
3054772 0 101
3056287 0 102
3057721 0 102
3059236 0 102
3060752 0 102
3062288 0 102
3063680 0 102
3065134 0 102
3066527 0 103
3068104 0 101
3069497 0 102
3070951 0 103
3072384 0 101
3073797 0 102
3075210 0 102
3076685 0 102
3078180 0 103
3079695 0 101
3081088 0 102
3082624 0 102
3084078 0 102
3085594 0 102
3087109 0 102
3088502 0 103
3090017 0 101
3091553 0 102
3092966 0 102
3094441 0 102
3095895 0 102
3097349 0 103
3098782 0 101
3100339 0 102
3101875 0 102
3103431 0 102
3104906 0 103
3106380 0 101
3107794 0 102
3109248 0 102
3110784 0 103
3112360 0 101
3113835 0 102
3115330 0 102
3116866 0 103
3118422 0 101
3119876 0 102
3121392 0 102
3122907 0 103
3124484 0 101
3125938 0 102
3127352 0 102
3128744 0 102
3130219 0 103
3131755 0 101
3133168 0 102
3134704 0 102
3136158 0 102
3137612 0 102
3139127 0 102
3140622 0 102
3142138 0 103
3143633 0 101
3145066 0 102
3146480 0 102
3147975 0 102
3149408 0 102
3150821 0 103
3152357 0 101
3153811 0 102
3155306 0 103
3156781 0 101
3158235 0 102
3159627 0 103
3161143 0 101
3162577 0 102
3163990 0 102
3165423 0 102
3166918 0 102
3168454 0 102
3169929 0 103
3171485 0 101
3173021 0 102
3174537 0 102
3175950 0 103
3177383 0 101
3178817 0 102
3180291 0 102
3181807 0 102
3183281 0 102
3184797 0 102
3186210 0 102
3187705 0 103
3189139 0 101
3190593 0 102
3191985 0 102
3193439 0 102
3194996 0 102
3196450 0 102
3197904 0 103
3199419 0 101
3200873 0 102
3202328 0 102
3203782 0 102
3205215 0 103
3206669 0 101
3208164 0 102
3209557 0 102
3210949 0 102
3212363 0 102
3213796 0 102
3215291 0 103
3216745 0 101
3218220 0 102
3219715 0 102
3221169 0 102
3222602 0 102
3224077 0 102
3225572 0 102
3226965 0 102
3228480 0 103
3229914 0 101
3231306 0 102
3232822 0 102
3234337 0 103
3235873 0 101
3237389 0 102
3238884 0 102
3240338 0 102
3241833 0 102
3243266 0 103
3244782 0 101
3246277 0 102
3247792 0 102
3249205 0 102
3250680 0 103
3252093 0 101
3253588 0 102
3255063 0 102
3256599 0 102
3258053 0 102
3259445 0 102
3260940 0 102
3262394 0 103
3263910 0 101
3265425 0 102
3266838 0 102
3268333 0 102
3269869 0 102
3271303 0 102
3272798 0 102
3274313 0 103
3275727 0 101
3277160 0 102
3278553 0 102
3279966 0 103
3281481 0 101
3282935 0 102
3284410 0 103
3285823 0 101
3287318 0 102
3288772 0 102
3290226 0 103
3291639 0 101
3293155 0 102
3294547 0 102
3296001 0 102
3297394 0 103
3298971 0 101
3300405 0 102
3301818 0 102
3303313 0 102
3304849 0 102
3306262 0 102
3307654 0 102
3309149 0 103
3310665 0 101
3312119 0 102
3313614 0 102
3315150 0 102
3316645 0 102
3318119 0 102
3319635 0 102
3321109 0 103
3322584 0 101
3324100 0 102
3325554 0 103
3326987 0 101
3328462 0 102
3329957 0 103
3331431 0 101
3332844 0 102
3334278 0 102
3335670 0 102
3337145 0 103
3338558 0 101
3340012 0 102
3341487 0 102
3342879 0 102
3344395 0 103
3345849 0 101
3347242 0 102
3348757 0 102
3350293 0 102
3351788 0 102
3353283 0 103
3354758 0 101
3356212 0 102
3357666 0 103
3359140 0 101
3360533 0 102
3361987 0 103
3363502 0 101
3364936 0 102
3366390 0 102
3367783 0 103
3369257 0 101
3370793 0 102
3372268 0 102
3373701 0 102
3375114 0 102
3376548 0 102
3377981 0 103
3379395 0 101
3380869 0 102
3382262 0 103
3383736 0 101
3385170 0 102
3386583 0 102
3388098 0 103
3389634 0 101
3391027 0 102
3392461 0 102
3393976 0 102
3395471 0 102
3396864 0 102
3398379 0 102
3399915 0 103
3401410 0 101
3402946 0 102
3404503 0 102
3405895 0 102
3407329 0 102
3408865 0 103
3410278 0 101
3411711 0 102
3413166 0 103
3414701 0 101
3416176 0 102
3417691 0 103
3419146 0 101
3420579 0 102
3422136 0 102
3423631 0 102
3425146 0 102
3426621 0 102
3428157 0 103
3429652 0 101
3431106 0 102
3432560 0 103
3433973 0 101
3435509 0 102
3437024 0 103
3438601 0 101
3440035 0 102
3441571 0 102
3443107 0 103
3444520 0 101
3446056 0 102
3447571 0 103
3449025 0 101
3450500 0 102
3451974 0 102
3453387 0 102
3454883 0 102
3456337 0 102
3457750 0 103
3459245 0 101
3460719 0 102
3462214 0 103
3463771 0 101
3465266 0 102
3466720 0 102
3468112 0 102
3469546 0 102
3470959 0 103
3472454 0 101
3473867 0 102
3475362 0 103
3476878 0 101
3478311 0 102
3479868 0 103
3481342 0 101
3482735 0 102
3484230 0 102
3485643 0 102
3487117 0 103
3488592 0 101
3490128 0 102
3491623 0 102
3493159 0 102
3494654 0 103
3496149 0 101
3497644 0 102
3499078 0 103
3500573 0 101
3502068 0 102
3503542 0 102
3504976 0 102
3506389 0 103
3507843 0 101
3509277 0 102
3510751 0 102
3512226 0 102
3513639 0 102
3515052 0 103
3516526 0 101
3518062 0 102
3519557 0 102
3520970 0 103
3522404 0 101
3523837 0 102
3525230 0 103
3526664 0 101
3528077 0 102
3529572 0 102
3530964 0 102
3532480 0 102
3533954 0 103
3535429 0 101
3536822 0 102
3538255 0 103
3539812 0 101
3541225 0 102
3542617 0 102
3544010 0 103
3545485 0 101
3547000 0 102
3548434 0 102
3549970 0 102
3551383 0 103
3552919 0 101
3554414 0 102
3555888 0 102
3557322 0 103
3558755 0 101
3560291 0 102
3561827 0 102
3563220 0 102
3564612 0 102
3566066 0 102
3567500 0 103
3568954 0 101
3570408 0 102
3571903 0 103
3573316 0 101
3574852 0 102
3576245 0 103
3577740 0 101
3579296 0 102
3580750 0 102
3582184 0 103
3583638 0 101
3585133 0 102
3586628 0 103
3588103 0 101
3589536 0 102
3590929 0 102
3592342 0 103
3593878 0 101
3595393 0 102
3596929 0 102
3598383 0 102
3599858 0 102
3601394 0 102
3602889 0 103
3604322 0 101
3605797 0 102
3607272 0 103
3608808 0 101
3610200 0 102
3611757 0 103
3613190 0 101
3614644 0 102
3616160 0 102
3617593 0 102
3619129 0 102
3620645 0 102
3622119 0 103
3623594 0 101
3625027 0 102
3626461 0 102
3627874 0 102
3629349 0 102
3630864 0 102
3632400 0 103
3633957 0 101
3635411 0 102
3636926 0 102
3638401 0 103
3639875 0 101
3641350 0 102
3642845 0 102
3644258 0 102
3645794 0 102
3647207 0 102
3648620 0 103
3650156 0 101
3651651 0 102
3653207 0 103
3654764 0 101
3656300 0 102
3657815 0 102
3659351 0 102
3660867 0 103
3662321 0 101
3663857 0 102
3665249 0 102
3666663 0 102
3668076 0 103
3669612 0 101
3671025 0 102
3672520 0 102
3673912 0 102
3675407 0 103
3676861 0 101
3678254 0 102
3679708 0 103
3681224 0 101
3682760 0 102
3684295 0 102
3685709 0 102
3687163 0 102
3688576 0 102
3689968 0 103
3691422 0 101
3692836 0 102
3694290 0 102
3695744 0 103
3697300 0 101
3698836 0 102
3700270 0 102
3701703 0 102
3703137 0 103
3704714 0 101
3706168 0 102
3707622 0 103
3709158 0 101
3710694 0 102
3712168 0 102
3713622 0 102
3715076 0 102
3716592 0 102
3718046 0 103
3719602 0 101
3720995 0 102
3722490 0 102
3723965 0 102
3725439 0 102
3726914 0 102
3728368 0 103
3729863 0 101
3731276 0 102
3732730 0 102
3734122 0 102
3735536 0 102
3737051 0 102
3738505 0 103
3739918 0 101
3741413 0 102
3742847 0 102
3744321 0 102
3745775 0 103
3747311 0 101
3748704 0 102
3750097 0 103
3751571 0 101
3753087 0 102
3754520 0 102
3756077 0 102
3791299 0 45
3792753 0 46
3794330 0 42
3795805 0 44
3797320 0 45
3798733 0 45
3800310 0 42
3801744 0 37
3803239 0 43
3804795 0 37
3806249 0 49
3807662 0 60
3809116 0 50
3810591 0 60
3812086 0 64
3813643 0 40
3815117 0 54
3816530 0 52
3818005 0 65
3819459 0 40
3820913 0 53
3822428 0 67
3823862 0 43
3825377 0 49
3826893 0 52
3828347 0 49
3829862 0 57
3831296 0 52
3832852 0 57
3834327 0 61
3835822 0 45
3837317 0 49
3838812 0 51
3840246 0 55
3841761 0 67
3843297 0 42
3844772 0 49
3846185 0 50
3847659 0 52
3849216 0 53
3850690 0 61
3852103 0 42
3853537 0 51
3855011 0 61
3856506 0 48
3858001 0 59
3859558 0 67
3861073 0 48
3862527 0 56
3863941 0 54
3865456 0 60
3866992 0 60
3868487 0 49
3869982 0 63
3871436 0 47
3872993 0 60
3874467 0 53
3875962 0 49
3877478 0 54
3878911 0 52
3880406 0 61
3881840 0 45
3883417 0 59
3884850 0 69
3886284 0 43
3887820 0 51
3889315 0 65
3890728 0 39
3892182 0 58
3893677 0 54
3895111 0 61
3896647 0 44
3898060 0 56
3899555 0 62
3900988 0 41
3902463 0 59
3903958 0 60
3905432 0 63
3906907 0 44
3908463 0 60
3910020 0 53
3911515 0 61
3912948 0 43
3914484 0 55
3916020 0 50
3917577 0 67
3919031 0 41
3920505 0 55
3921918 0 55
3923331 0 60
3924888 0 65
3926362 0 47
3927796 0 53
3929312 0 51
3930807 0 54
3932240 0 50
3933735 0 59
3935169 0 66
3936643 0 37
3938077 0 58
3939592 0 57
3941128 0 60
3942644 0 51
3944180 0 56
3945716 0 57
3947170 0 62
3948603 0 46
3950016 0 56
3951552 0 69
3953047 0 38
3954563 0 56
3955976 0 50
3957389 0 50
3958823 0 66
3960297 0 41
3961813 0 54
3963308 0 71
3964782 0 40
3966318 0 59
3967813 0 61
3969308 0 46
3970844 0 60
3972319 0 57
3973855 0 52
3975391 0 57
3976906 0 49
3978422 0 60
3979978 0 63
3981535 0 47
3982989 0 49
3984484 0 51
3985999 0 55
3987453 0 52
3989030 0 68
3990566 0 42
3992061 0 56
3993495 0 69
3995010 0 44
3996505 0 57
3998041 0 49
3999454 0 54
4000908 0 60
4002403 0 55
4003878 0 58
4005373 0 62
4006909 0 45
4008445 0 60
4009899 0 56
4011353 0 72
4012787 0 45
4014220 0 51
4015654 0 58
4017169 0 57
4018746 0 51
4020303 0 60
4021818 0 64
4023334 0 42
4024890 0 57
4026344 0 54
4027778 0 60
4029252 0 53
4030686 0 72
4032099 0 45
4033594 0 54
4034987 0 60
4036400 0 53
4037895 0 67
4039390 0 48
4040823 0 56
4042380 0 64
4043813 0 38
4045349 0 49
4046803 0 70
4048175 0 42
4049732 0 51
4051227 0 58
4052742 0 60
4054278 0 49
4055712 0 62
4057145 0 37
4058681 0 58
4060238 0 52
4061733 0 50
4063187 0 72
4064662 0 46
4066198 0 59
4067631 0 55
4069065 0 59
4070560 0 67
4072014 0 42
4073509 0 54
4075045 0 62
4076458 0 48
4077994 0 53
4079489 0 50
4081004 0 65
4082417 0 37
4083851 0 54
4085244 0 60
4086780 0 56
4088234 0 52
4089811 0 49
4091285 0 70
4092719 0 46
4094193 0 53
4095606 0 49
4097163 0 55
4098719 0 57
4100214 0 68
4101730 0 42
4103143 0 59
4104699 0 58
4106153 0 53
4107566 0 52
4109123 0 65
4110515 0 46
4111969 0 55
4113403 0 60
4114919 0 59
4116475 0 63
4117950 0 48
4119424 0 52
4121001 0 58
4122496 0 54
4123991 0 66
4125466 0 47
4126961 0 51
4128517 0 53
4129951 0 51
4131507 0 64
4132961 0 46
4134538 0 58
4136013 0 66
4137487 0 42
4138900 0 51
4140457 0 65
4142013 0 48
4143488 0 49
4145003 0 51
4146437 0 54
4147850 0 56
4149365 0 64
4150799 0 37
4152355 0 49
4153912 0 52
4155468 0 57
4156963 0 66
4158458 0 39
4159871 0 58
4161428 0 54
4162902 0 53
4164438 0 72
4165933 0 40
4167469 0 53
4169026 0 58
4170459 0 49
4171995 0 50
4173408 0 62
4174903 0 38
4176439 0 54
4177893 0 63
4179327 0 41
4180822 0 50
4182235 0 60
4183710 0 60
4185164 0 67
4186556 0 44
4188031 0 51
4189546 0 60
4191041 0 50
4192475 0 51
4194011 0 49
4195424 0 71
4196940 0 48
4198435 0 50
4199991 0 53
4201466 0 60
4202981 0 53
4204394 0 62
4205787 0 45
4207302 0 59
4208797 0 51
4210190 0 60
4211746 0 57
4213262 0 68
4214757 0 42
4216170 0 53
4217583 0 65
4219037 0 43
4220532 0 54
4222007 0 50
4223440 0 49
4224935 0 49
4226410 0 51
4227946 0 71
4229461 0 46
4230956 0 60
4232410 0 54
4233926 0 54
4235359 0 56
4236834 0 68
4238329 0 46
4239885 0 52
4241421 0 55
4242834 0 63
4244350 0 43
4245824 0 52
4247258 0 52
4248712 0 54
4250228 0 53
4251764 0 70
4253156 0 48
4254610 0 59
4256167 0 49
4257600 0 59
4259054 0 54
4260529 0 66
4261942 0 41
4263376 0 55
4264932 0 58
4266509 0 65
4267983 0 43
4269478 0 52
4270994 0 58
4272509 0 57
4273943 0 54
4275397 0 56
4276954 0 57
4278408 0 67
4279800 0 38
4281357 0 56
4282852 0 69
4284347 0 47
4285842 0 55
4287296 0 61
4288750 0 38
4290245 0 55
4291699 0 52
4293132 0 51
4294566 0 67
4296061 0 39
4297556 0 58
4299010 0 67
4300403 0 40
4301816 0 53
4303352 0 72
4304765 0 38
4306198 0 51
4307653 0 61
4309045 0 46
4310520 0 59
4312076 0 60
4313489 0 50
4314902 0 49
4316336 0 58
4317810 0 60
4319224 0 56
4320739 0 69
4322254 0 43
4323709 0 55
4325163 0 60
4326637 0 53
4328050 0 60
4329484 0 62
4330917 0 41
4332433 0 50
4333907 0 51
4335423 0 60
4336856 0 70
4338270 0 42
4339703 0 51
4341219 0 59
4342755 0 56
4344209 0 60
4345724 0 49
4347219 0 61
4348755 0 42
4350271 0 57
4351766 0 52
4353322 0 62
4354817 0 43
4356374 0 49
4357848 0 60
4359323 0 54
4360756 0 59
4362231 0 63
4363705 0 37
4365262 0 55
4366695 0 72
4368088 0 37
4369562 0 53
4371037 0 61
4372471 0 40
4373945 0 58
4375399 0 63
4376956 0 40
4378410 0 59
4379884 0 51
4381379 0 58
4382813 0 60
4384287 0 50
4385803 0 59
4387298 0 67
4388854 0 39
4390308 0 53
4391865 0 59
4393298 0 52
4394773 0 49
4396309 0 59
4397763 0 59
4399197 0 63
4400732 0 45
4402309 0 57
4403866 0 55
4405299 0 55
4406774 0 49
4408310 0 68
4409785 0 45
4411300 0 51
4412836 0 51
4414290 0 51
4415724 0 49
4417137 0 53
4418693 0 67
4420168 0 41
4421581 0 49
4423014 0 51
4424489 0 52
4425902 0 62
4427438 0 38
4428872 0 52
4430285 0 56
4431821 0 63
4433254 0 41
4434667 0 51
4436224 0 64
4437760 0 43
4439255 0 59
4440750 0 49
4442183 0 54
4443678 0 51
4445153 0 60
4446648 0 56
4448061 0 59
4449617 0 69
4451071 0 44
4452587 0 55
4454041 0 51
4455557 0 67
4456990 0 44
4458403 0 57
4459816 0 60
4461332 0 69
4462868 0 40
4464404 0 52
4465940 0 49
4467476 0 53
4468930 0 57
4470404 0 54
4471940 0 70
4473394 0 43
4474889 0 57
4476343 0 61
4477818 0 45
4479231 0 50
4480746 0 65
4482282 0 46
4483839 0 53
4485334 0 57
4486890 0 70
4488303 0 47
4489717 0 53
4491191 0 64
4492666 0 44
4494202 0 53
4495697 0 52
4497110 0 63
4498543 0 41
4499956 0 57
4501431 0 56
4502864 0 68
4504360 0 38
4505793 0 58
4507227 0 58
4508660 0 52
4510073 0 51
4511568 0 53
4513104 0 51
4514579 0 64
4516053 0 46
4517528 0 49
4518962 0 67
4520416 0 38
4521931 0 59
4523487 0 68
4524982 0 41
4526396 0 53
4527932 0 55
4529386 0 51
4530840 0 53
4532273 0 49
4533789 0 49
4535304 0 70
4536676 0 38
4538233 0 58
4539810 0 59
4541264 0 50
4542779 0 54
4544295 0 70
4545708 0 38
4547203 0 50
4548616 0 53
4550050 0 59
4551586 0 58
4553163 0 61
4554658 0 39
4556132 0 55
4557627 0 67
4559102 0 41
4560556 0 56
4562010 0 52
4563566 0 54
4565061 0 62
4566618 0 38
4568051 0 60
4569464 0 69
4570918 0 45
4572372 0 58
4573908 0 52
4575362 0 55
4576796 0 61
4578209 0 38
4579704 0 56
4581138 0 54
4582592 0 60
4584148 0 50
4585664 0 55
4587097 0 49
4588531 0 71
4590046 0 37
4591603 0 52
4593016 0 57
4594511 0 52
4596067 0 54
4597480 0 60
4598955 0 60
4600389 0 68
4601884 0 43
4603399 0 53
4604874 0 71
4606410 0 48
4607925 0 56
4609379 0 62
4610772 0 47
4612226 0 55
4613700 0 50
4615195 0 51
5158997 0 104
5160553 0 104
5162069 0 104
5163543 0 104
5164997 0 104
5166390 0 104
5167803 0 104
5169257 0 104
5170752 0 104
5172288 0 104
5173763 0 105
5175237 0 105
5176794 0 105
5178268 0 106
5179702 0 104
5181115 0 105
5182671 0 105
5184105 0 105
5185559 0 105
5186951 0 105
5188426 0 105
5189901 0 106
5191478 0 104
5192993 0 105
5194468 0 105
5195922 0 105
5197417 0 105
5198891 0 106
5200345 0 104
5201779 0 105
5203233 0 105
5204728 0 105
5206182 0 105
5207677 0 106
5209213 0 104
5210626 0 105
5212100 0 106
5213575 0 104
5215091 0 105
5216504 0 105
5218060 0 105
5219494 0 105
5220907 0 105
5222340 0 106
5223815 0 104
5225269 0 105
5226723 0 106
5228218 0 104
5229733 0 105
5231208 0 106
5232683 0 104
5234219 0 105
5235673 0 105
5237168 0 105
5238622 0 105
5240137 0 105
5241612 0 106
5243148 0 104
5244622 0 105
5246097 0 105
5247551 0 105
5249025 0 105
5250561 0 106
5252097 0 104
5253510 0 105
5255026 0 105
5256541 0 106
5257954 0 104
5259511 0 105
5260985 0 105
5262460 0 105
5263975 0 105
5265409 0 105
5266822 0 105
5268297 0 106
5269710 0 104
5271164 0 105
5272638 0 105
5274092 0 105
5275526 0 105
5276939 0 105
5278352 0 106
5279847 0 104
5281363 0 105
5282837 0 106
5284291 0 104
5285766 0 105
5287261 0 105
5288817 0 106
5290271 0 104
5291684 0 105
5293200 0 106
5294715 0 104
5296190 0 105
5297603 0 105
5299098 0 105
5300511 0 105
5302006 0 105
5303522 0 105
5305078 0 106
5306491 0 104
5308007 0 105
5309563 0 105
5311058 0 105
5312615 0 105
5314028 0 105
5315564 0 106
5317018 0 104
5318472 0 105
5319946 0 105
5321421 0 105
5322957 0 106
5324349 0 104
5325824 0 105
5327217 0 105
5328712 0 105
5330227 0 105
5331640 0 106
5333156 0 104
5334671 0 105
5336125 0 105
5337620 0 105
5339095 0 105
5340508 0 105
5341962 0 106
5343375 0 104
5344911 0 105
5346345 0 105
5347881 0 105
5349294 0 106
5350809 0 104
5352284 0 105
5353676 0 105
5355192 0 105
5356707 0 106
5358161 0 104
5359615 0 105
5361151 0 106
5362585 0 104
5363998 0 105
5365473 0 106
5367009 0 104
5368565 0 105
5369978 0 106
5371391 0 104
5372804 0 105
5374217 0 105
5375712 0 106
5377269 0 104
5378723 0 105
5380136 0 106
5381611 0 104
5383003 0 105
5384437 0 106
5385870 0 104
5387427 0 105
5388840 0 105
5390376 0 105
5391871 0 106
5393304 0 104
5394820 0 105
5396315 0 105
5397748 0 106
5399284 0 104
5400677 0 105
5402090 0 105
5403606 0 105
5405080 0 105
5406616 0 105
5408152 0 105
5409688 0 106
5411142 0 104
5412699 0 105
5414091 0 105
5415484 0 105
5416979 0 106
5418392 0 104
5419805 0 105
5421321 0 105
5422816 0 106
5424229 0 104
5425765 0 105
5427280 0 105
5428775 0 106
5430270 0 104
5431745 0 105
5433219 0 105
5434735 0 105
5436250 0 105
5437725 0 105
5439199 0 106
5440612 0 104
5442046 0 105
5443541 0 105
5445056 0 106
5446490 0 104
5447985 0 105
5449460 0 105
5450996 0 105
5452470 0 105
5453965 0 106
5455522 0 104
5456935 0 105
5458491 0 105
5460027 0 106
5461481 0 104
5462935 0 105
5464328 0 105
5465843 0 105
5467277 0 105
5468751 0 106
5470226 0 104
5471659 0 105
5473114 0 105
5474650 0 105
5476083 0 105
5477517 0 105
5478950 0 106
5480363 0 104
5481776 0 105
5483312 0 106
5484807 0 104
5486241 0 105
5487756 0 105
5489292 0 105
5490685 0 105
5492180 0 106
5493593 0 104
5495006 0 105
5496399 0 106
5497894 0 104
5499389 0 105
5500945 0 106
5502502 0 104
5503956 0 105
5505492 0 106
5506925 0 104
5508461 0 105
5509977 0 105
5511492 0 106
5513028 0 104
5514523 0 105
5515916 0 105
5517370 0 105
5518906 0 106
5520401 0 104
5521855 0 105
5523350 0 106
5524886 0 104
5526422 0 105
5527897 0 105
5529371 0 105
5530825 0 105
5532320 0 105
5533856 0 105
5535249 0 106
5536744 0 104
5538218 0 105
5539672 0 105
5541085 0 106
5542499 0 104
5544014 0 105
5545509 0 105
5546984 0 105
5548479 0 105
5549933 0 106
5551407 0 104
5552882 0 105
5554315 0 106
5555728 0 104
5557142 0 105
5558555 0 106
5560050 0 104
5561545 0 105
5563101 0 105
5564576 0 105
5565989 0 105
5567443 0 105
5568999 0 106
5570453 0 104
5571928 0 105
5573423 0 105
5574836 0 106
5576249 0 104
5577642 0 105
5579116 0 105
5580632 0 105
5582127 0 105
5583683 0 105
5585117 0 105
5586612 0 105
5588025 0 106
5589499 0 104
5590912 0 105
5592428 0 106
5593943 0 104
5595377 0 105
5596934 0 106
5598449 0 104
5599862 0 105
5601275 0 106
5602729 0 104
5604204 0 105
5605617 0 105
5607153 0 105
5608668 0 105
5610184 0 105
5611638 0 106
5613051 0 104
5614566 0 105
5616000 0 106
5617516 0 104
5618970 0 105
5620506 0 105
5622001 0 105
5623557 0 105
5625011 0 105
5626424 0 105
5627981 0 106
5629537 0 104
5631012 0 105
5632548 0 105
5633961 0 105
5635415 0 105
5636951 0 105
5638487 0 105
5640002 0 106
5641497 0 104
5642972 0 105
5644385 0 105
5645798 0 105
5647211 0 106
5648624 0 104
5650140 0 105
5651614 0 105
5653089 0 106
5654645 0 104
5656161 0 105
5657594 0 105
5659048 0 105
5660543 0 106
5662079 0 104
5663574 0 105
5665090 0 105
5666626 0 105
5668039 0 106
5669472 0 104
5670947 0 105
5672340 0 105
5673814 0 105
5675370 0 106
5676825 0 104
5678340 0 105
5679753 0 106
5681310 0 104
5682805 0 105
5684300 0 105
5685856 0 105
5687351 0 105
5688887 0 105
5690300 0 105
5691775 0 105
5693229 0 106
5694642 0 104
5696034 0 105
5697468 0 105
5698902 0 105
5700335 0 105
5701769 0 106
5703202 0 104
5704697 0 105
5706110 0 105
5707626 0 105
5709039 0 106
5710534 0 104
5712009 0 105
5713504 0 106
5714958 0 104
5716473 0 105
5718009 0 105
5719402 0 105
5720876 0 105
5722351 0 105
5723846 0 105
5725361 0 106
5726815 0 104
5728269 0 105
5729785 0 105
5731219 0 105
5732652 0 105
5734106 0 105
5735642 0 106
5737137 0 104
5738632 0 105
5740189 0 105
5741725 0 106
5743158 0 104
5744653 0 105
5746107 0 105
5747602 0 105
5749015 0 105
5750531 0 105
5751944 0 105
5753459 0 105
5754954 0 106
5756367 0 104
5757842 0 105
5759337 0 106
5760873 0 104
5762429 0 105
5763883 0 105
5765317 0 105
5766833 0 105
5768369 0 105
5769782 0 105
5771236 0 106
5772731 0 104
5774267 0 105
5775680 0 105
5777113 0 106
5778670 0 104
