49559 0 4
50992 0 11
52487 0 8
54003 0 9
55518 0 2
56993 0 7
58447 0 12
59963 0 4
61335 0 3
62830 0 8
64345 0 15
65758 0 18
67335 0 16
68830 0 18
70366 0 18
71902 0 13
73356 0 30
74851 0 4
76326 0 24
77821 0 13
79336 0 18
80893 0 23
82449 0 14
83944 0 24
85439 0 31
86996 0 11
88450 0 16
89883 0 30
91296 0 7
92792 0 21
94225 0 20
95720 0 27
97195 0 11
98710 0 18
100226 0 13
101659 0 28
103093 0 2
104465 0 22
105960 0 19
107414 0 18
108970 0 31
110424 0 6
111960 0 24
113353 0 34
114889 0 3
116323 0 13
117838 0 23
119313 0 19
120767 0 26
122180 0 10
123695 0 17
125088 0 22
126521 0 19
128057 0 14
129552 0 24
131006 0 23
132522 0 26
133976 0 6
135410 0 17
136802 0 20
138318 0 21
139854 0 29
141328 0 2
142741 0 24
144175 0 36
145629 0 11
147144 0 13
148558 0 34
150012 0 8
151568 0 24
153043 0 25
154579 0 12
156114 0 21
157630 0 24
159104 0 23
160640 0 13
162176 0 30
163590 0 4
165044 0 17
166580 0 19
168013 0 18
169570 0 34
170962 0 7
172375 0 22
173891 0 29
175386 0 8
176901 0 24
178294 0 13
179687 0 14
181120 0 35
182513 0 3
183946 0 16
185421 0 14
186854 0 18
188349 0 16
189742 0 30
191217 0 1
192753 0 16
194207 0 23
195620 0 24
197115 0 32
198610 0 11
200105 0 14
201600 0 35
203033 0 2
204549 0 19
206085 0 25
207539 0 12
209054 0 14
210549 0 24
211942 0 31
213519 0 8
215075 0 16
216468 0 14
217881 0 29
219417 0 2
220789 0 21
222264 0 19
223677 0 22
225172 0 22
226749 0 30
228100 0 12
229493 0 24
230968 0 15
232381 0 31
233835 0 2
235268 0 19
236722 0 19
238176 0 18
239733 0 14
241166 0 17
242682 0 36
244136 0 9
245611 0 23
247003 0 20
248580 0 32
250014 0 1
251468 0 24
252881 0 34
254314 0 9
255727 0 18
257202 0 14
258595 0 18
260151 0 14
261626 0 16
263100 0 21
264575 0 34
266008 0 11
267524 0 19
268957 0 36
270493 0 1
271968 0 13
273422 0 23
274958 0 16
276412 0 33
277886 0 10
279443 0 16
280836 0 32
282331 0 11
283805 0 20
285259 0 18
286672 0 23
288147 0 22
289601 0 19
291096 0 29
292611 0 11
294024 0 18
295601 0 34
297055 0 2
298571 0 19
300004 0 13
301418 0 14
302954 0 30
304387 0 6
305821 0 16
307234 0 29
308708 0 12
310224 0 18
311657 0 21
313214 0 30
314566 0 10
316122 0 18
317556 0 22
319010 0 21
320464 0 32
321938 0 3
323474 0 22
324928 0 26
326382 0 12
327836 0 19
329331 0 31
330765 0 2
332199 0 24
333693 0 23
335168 0 13
336581 0 20
338097 0 13
339633 0 21
341189 0 13
342643 0 36
344138 0 8
345715 0 16
347087 0 19
348500 0 18
349913 0 14
351367 0 16
352862 0 14
354296 0 19
355832 0 27
357307 0 7
358781 0 23
360215 0 23
361710 0 29
363225 0 4
364618 0 21
366031 0 16
367526 0 32
369041 0 4
370454 0 19
371888 0 26
373363 0 9
374796 0 16
376291 0 16
377704 0 17
379261 0 20
380797 0 23
382353 0 33
383889 0 6
385343 0 14
386818 0 18
388374 0 27
389767 0 3
391282 0 23
392757 0 26
394149 0 8
395726 0 21
397262 0 15
398675 0 18
400211 0 15
401727 0 13
403222 0 15
404635 0 29
406130 0 5
407666 0 15
409222 0 22
410758 0 16
412274 0 18
413728 0 36
415162 0 7
416657 0 16
418131 0 17
419544 0 13
420998 0 16
422493 0 16
423886 0 16
425299 0 35
426855 0 8
428391 0 13
429927 0 14
431340 0 14
432774 0 13
434249 0 35
435764 0 8
437280 0 14
438754 0 14
440290 0 17
441847 0 14
443260 0 20
444693 0 30
446127 0 5
447560 0 20
449035 0 31
450571 0 2
452045 0 24
453520 0 16
454933 0 22
456428 0 17
457862 0 34
459398 0 10
460934 0 19
462510 0 22
464046 0 28
465541 0 3
467057 0 18
468511 0 19
470026 0 19
471542 0 30
472914 0 4
474430 0 15
475863 0 28
477420 0 7
478853 0 17
480389 0 21
481905 0 16
483318 0 34
484772 0 1
486328 0 15
487782 0 30
489195 0 4
490609 0 15
492145 0 25
493578 0 8
495094 0 16
496568 0 30
498084 0 11
499620 0 20
501176 0 13
502569 0 28
504064 0 10
505579 0 14
507033 0 29
508508 0 4
510023 0 23
511580 0 36
513116 0 10
514672 0 21
516188 0 19
517621 0 24
519137 0 16
520570 0 32
521942 0 9
523355 0 24
524769 0 22
526182 0 33
527615 0 3
529131 0 23
530687 0 16
532162 0 15
533616 0 20
535193 0 29
536708 0 3
538224 0 16
539698 0 23
541132 0 35
542688 0 8
544224 0 18
545719 0 24
547153 0 16
548668 0 28
550225 0 12
551617 0 13
553071 0 15
554607 0 20
556041 0 24
557434 0 19
558847 0 31
560301 0 2
561714 0 24
563127 0 19
564642 0 16
566158 0 33
567653 0 5
569128 0 24
570561 0 24
572077 0 21
573572 0 20
575067 0 24
576459 0 21
577954 0 19
579429 0 25
580924 0 10
582357 0 18
583811 0 32
585347 0 7
586842 0 20
588378 0 30
589832 0 9
591389 0 21
592822 0 35
594379 0 9
595853 0 17
597308 0 20
598884 0 16
600338 0 15
601854 0 13
603308 0 20
604824 0 23
606257 0 25
607732 0 4
609104 0 17
610599 0 17
612053 0 17
613507 0 30
614920 0 9
616354 0 22
617849 0 24
619282 0 27
620675 0 1
622211 0 20
623726 0 26
625221 0 10
626757 0 17
628170 0 14
629583 0 13
631140 0 15
632573 0 20
634007 0 23
635461 0 36
636997 0 10
638533 0 21
639946 0 31
641441 0 8
642916 0 24
644390 0 27
645885 0 3
647421 0 14
648937 0 14
650432 0 23
651906 0 15
653401 0 35
654896 0 3
656289 0 15
657722 0 24
659177 0 20
660753 0 16
662248 0 24
663764 0 17
665198 0 36
666672 0 10
668085 0 16
669560 0 24
671096 0 21
672652 0 24
674147 0 24
675581 0 29
677117 0 4
678632 0 22
680066 0 20
681540 0 24
682994 0 13
684448 0 20
685923 0 13
687316 0 14
688831 0 36
690265 0 2
691801 0 16
693316 0 20
694873 0 24
696347 0 17
697781 0 36
699337 0 9
700894 0 14
702430 0 20
703925 0 19
705481 0 17
707017 0 36
708471 0 8
710027 0 15
711482 0 23
712997 0 28
714554 0 7
716089 0 24
717625 0 25
719080 0 2
720615 0 13
722090 0 14
723544 0 20
725141 0 20
726698 0 17
728111 0 13
729647 0 33
731142 0 12
732617 0 24
734091 0 25
735566 0 3
736979 0 20
738453 0 19
739969 0 16
741484 0 13
743020 0 21
744597 0 35
746010 0 5
747423 0 20
748918 0 14
750413 0 27
751847 0 2
753362 0 24
754796 0 23
756271 0 24
757806 0 31
759383 0 1
760858 0 14
762373 0 29
763828 0 10
765323 0 24
766736 0 19
768210 0 22
769726 0 18
771180 0 32
772654 0 10
774088 0 18
775501 0 15
776975 0 18
778450 0 29
779884 0 6
781338 0 17
782874 0 20
784348 0 18
785884 0 23
787297 0 24
788751 0 14
790164 0 27
791700 0 4
793216 0 24
794629 0 23
796124 0 24
797558 0 30
798971 0 2
800486 0 18
801920 0 13
803312 0 18
804725 0 19
806282 0 33
807715 0 11
809210 0 15
810664 0 22
812221 0 18
813654 0 26
815129 0 9
816665 0 18
818099 0 16
819614 0 23
821048 0 22
822604 0 17
824161 0 16
825574 0 29
827007 0 11
828482 0 15
829874 0 13
831328 0 24
832864 0 33
834400 0 4
835834 0 24
837349 0 21
838803 0 28
840360 0 7
841834 0 13
843330 0 14
844865 0 14
846320 0 34
847835 0 6
849289 0 19
850764 0 16
852197 0 24
853651 0 24
855085 0 21
856600 0 21
858136 0 28
859631 0 6
861044 0 23
862560 0 22
864116 0 19
865591 0 36
867106 0 4
868479 0 22
870014 0 19
871469 0 20
873025 0 15
874520 0 24
875954 0 24
877428 0 30
878903 0 5
880336 0 24
881749 0 17
883224 0 21
884780 0 15
886193 0 33
887607 0 6
889040 0 22
890597 0 28
892132 0 11
893689 0 21
895266 0 20
896699 0 33
898194 0 1
899649 0 20
901205 0 17
902598 0 18
904093 0 13
905506 0 19
907042 0 36
908557 0 12
909970 0 19
911527 0 35
912940 0 3
914373 0 18
915848 0 24
917363 0 20
918899 0 22
920456 0 20
921889 0 33
923405 0 4
924818 0 24
926252 0 32
927706 0 11
929119 0 15
930655 0 29
932129 0 4
933645 0 23
935160 0 21
936655 0 23
938212 0 13
939666 0 21
941222 0 25
942738 0 12
944253 0 19
945830 0 25
947387 0 1
948820 0 14
950295 0 13
998758 0 101
1000233 0 101
1001707 0 101
1003100 0 101
1004615 0 101
1006151 0 101
1007585 0 101
1008998 0 101
1010513 0 101
1011967 0 101
1013401 0 102
1014835 0 102
1016227 0 102
1017784 0 102
1019197 0 103
1020753 0 101
1022269 0 102
1023723 0 103
1025259 0 101
1026754 0 102
1028167 0 102
1029600 0 102
1030993 0 102
1032447 0 102
1033860 0 103
1035376 0 101
1036768 0 102
1038181 0 102
1039635 0 102
1041049 0 102
1042503 0 102
1044018 0 103
1045513 0 101
1047008 0 102
1048524 0 102
1049916 0 103
1051411 0 101
1052845 0 102
1054340 0 102
1055794 0 102
1057248 0 102
1058681 0 102
1060217 0 103
1061631 0 101
1063044 0 102
1064477 0 102
1065993 0 102
1067406 0 102
1068839 0 102
1070314 0 103
1071809 0 101
1073324 0 102
1074758 0 103
1076274 0 101
1077666 0 102
1079202 0 102
1080738 0 103
1082172 0 101
1083605 0 102
1084998 0 103
1086493 0 101
1087906 0 102
1089442 0 102
1090957 0 103
1092432 0 101
1093886 0 102
1095279 0 102
1096815 0 102
1098289 0 102
1099723 0 102
1101238 0 103
1102774 0 101
1104269 0 102
1105764 0 102
1107177 0 103
1108713 0 101
1110208 0 102
1111724 0 103
1113219 0 101
1114734 0 102
1116209 0 102
1117704 0 102
1119199 0 102
1120694 0 102
1122086 0 103
1123622 0 101
1125077 0 102
1126612 0 102
1128046 0 102
1129562 0 102
1131016 0 102
1132531 0 102
1133985 0 103
1135398 0 101
1136934 0 102
1138429 0 102
1139822 0 102
1141296 0 102
1142689 0 103
1144205 0 101
1145720 0 102
1147154 0 103
1148567 0 101
1149959 0 102
1151434 0 102
1152970 0 102
1154506 0 103
1156021 0 101
1157455 0 102
1158929 0 102
1160363 0 103
1161817 0 101
1163353 0 102
1164787 0 102
1166261 0 103
1167736 0 101
1169272 0 102
1170746 0 102
1172241 0 103
1173736 0 101
1175293 0 102
1176788 0 102
1178180 0 102
1179655 0 102
1181170 0 102
1182604 0 102
1184078 0 103
1185635 0 101
1187150 0 102
1188666 0 103
1190202 0 101
1191615 0 102
1193048 0 102
1194441 0 102
1195895 0 102
1197431 0 103
1198967 0 101
1200442 0 102
1201875 0 103
1203288 0 101
1204804 0 102
1206299 0 103
1207835 0 101
1209289 0 102
1210784 0 102
1212197 0 102
1213590 0 102
1215003 0 103
1216559 0 101
1218054 0 102
1219508 0 103
1221003 0 101
1222416 0 102
1223932 0 103
1225468 0 101
1226942 0 102
1228376 0 102
1229850 0 102
1231366 0 102
1232799 0 103
1234274 0 101
1235749 0 102
1237223 0 103
1238677 0 101
1240090 0 102
1241483 0 102
1242875 0 102
1244370 0 102
1245825 0 102
1247238 0 102
1248733 0 102
1250187 0 103
1251723 0 101
1253238 0 102
1254733 0 102
1256146 0 102
1257539 0 102
1259054 0 102
1260570 0 102
1261963 0 103
1263376 0 101
1264830 0 102
1266366 0 103
1267799 0 101
1269212 0 102
1270707 0 102
1272202 0 103
1273697 0 101
1275213 0 102
1276606 0 103
1278141 0 101
1279534 0 102
1281070 0 102
1282586 0 103
1284040 0 101
1285473 0 102
1286866 0 103
1288402 0 101
1289876 0 102
1291330 0 102
1292784 0 102
1294259 0 102
1295652 0 102
1297126 0 103
1298683 0 101
1300075 0 102
1301591 0 102
1303045 0 102
1304437 0 103
1305994 0 101
1307468 0 102
1308861 0 102
1310335 0 102
1311830 0 102
1313366 0 103
1314943 0 101
1316500 0 102
1317954 0 102
1319387 0 102
1320903 0 102
1322418 0 103
1323893 0 101
1325327 0 102
1326740 0 102
1328214 0 102
1329689 0 102
1331102 0 102
1332515 0 102
1333969 0 102
1335423 0 103
1336918 0 101
1338393 0 102
1339847 0 102
1341321 0 102
1342857 0 102
1344250 0 102
1345642 0 102
1347178 0 103
1348673 0 101
1350189 0 102
1351704 0 103
1353240 0 101
1354653 0 102
1356128 0 102
1357582 0 102
1358975 0 102
1360408 0 103
1361821 0 101
1363255 0 102
1364688 0 103
1366183 0 101
1367678 0 102
1369194 0 102
1370648 0 102
1372061 0 103
1373577 0 101
1375072 0 102
1376567 0 102
1378021 0 102
1379495 0 102
1381011 0 102
1382485 0 103
1383939 0 101
1385373 0 102
1386765 0 102
1388301 0 103
1389817 0 101
1391312 0 102
1392705 0 102
1394200 0 102
1395715 0 103
1397149 0 101
1398562 0 102
1400016 0 103
1401572 0 101
1402965 0 102
1404501 0 103
1405955 0 101
1407470 0 102
1408945 0 103
1410522 0 101
1411914 0 102
1413348 0 103
1414904 0 101
1416297 0 102
1417833 0 102
1419328 0 102
1420803 0 102
1422339 0 103
1423875 0 101
1425411 0 102
1426803 0 102
1428278 0 102
1429773 0 103
1431329 0 101
1432742 0 102
1434135 0 102
1435630 0 102
1437063 0 102
1438456 0 102
1439972 0 102
1441508 0 103
1443003 0 101
1444498 0 102
1445972 0 102
1447365 0 102
1448839 0 102
1450396 0 103
1451932 0 101
1453406 0 102
1454922 0 103
1456458 0 101
1457850 0 102
1459284 0 102
1460738 0 102
1462192 0 102
1463667 0 102
1465203 0 103
1466616 0 101
1468070 0 102
1469524 0 102
1470957 0 102
1472493 0 103
1473947 0 101
1475401 0 102
1476937 0 102
1478432 0 102
1479866 0 102
1481340 0 102
1482795 0 103
1484310 0 101
1485785 0 102
1487300 0 102
1488857 0 102
1490372 0 102
1491806 0 102
1493219 0 102
1494755 0 103
1496332 0 101
1497745 0 102
1499199 0 102
1500632 0 102
1502086 0 103
1503540 0 101
1504933 0 102
1506408 0 103
1507923 0 101
1509459 0 102
1510913 0 102
1512367 0 102
1513842 0 103
1515398 0 101
1516791 0 102
1518204 0 103
1519781 0 101
1521317 0 102
1522771 0 103
1524307 0 101
1525781 0 102
1527174 0 102
1528608 0 102
1530000 0 102
1531516 0 103
1532970 0 101
1534506 0 102
1535980 0 102
1537393 0 102
1538786 0 103
1540219 0 101
1541714 0 102
1543189 0 102
1544725 0 102
1546179 0 103
1547592 0 101
1549067 0 102
1550582 0 102
1551975 0 102
1553367 0 102
1554862 0 103
1556337 0 101
1557791 0 102
1559245 0 103
1560679 0 101
1562215 0 102
1563607 0 103
1565041 0 101
1566556 0 102
1568072 0 102
1569567 0 103
1571144 0 101
1572557 0 102
1574052 0 102
1575465 0 102
1576878 0 102
1578271 0 102
1579745 0 102
1581261 0 102
1582776 0 103
1584271 0 101
1585766 0 102
1587302 0 102
1588695 0 103
1590231 0 101
1591623 0 102
1593159 0 103
1594634 0 101
1596088 0 102
1597501 0 103
1599057 0 101
1600450 0 102
1601986 0 103
1603543 0 101
1604997 0 102
1606389 0 102
1607884 0 102
1609379 0 102
1610833 0 102
1612226 0 102
1613659 0 103
1615134 0 101
1616568 0 102
1618104 0 103
1619619 0 101
1621073 0 102
1622507 0 103
1623940 0 101
1625374 0 102
1626910 0 102
1628384 0 102
1629900 0 102
1631333 0 103
1632828 0 101
1634364 0 102
1635839 0 102
1637232 0 102
1638706 0 103
1640222 0 101
1641737 0 102
1643232 0 102
1644666 0 102
1646099 0 102
1647512 0 102
1648966 0 103
1650502 0 101
1651956 0 102
1653410 0 102
1654905 0 102
1656441 0 103
1657916 0 101
1659431 0 102
1660845 0 102
1662340 0 102
1663732 0 102
1665166 0 102
1666620 0 102
1668094 0 103
1669507 0 101
1670962 0 102
1672498 0 102
1673931 0 102
1675488 0 102
1677003 0 102
1678457 0 102
1679993 0 103
1681509 0 101
1683045 0 102
1684519 0 102
1686055 0 103
1687530 0 101
1688943 0 102
1690479 0 102
1691994 0 102
1693428 0 102
1694902 0 102
1696418 0 102
1697872 0 103
1699305 0 101
1700780 0 102
1702254 0 103
1703770 0 101
1705285 0 102
1706801 0 102
1708357 0 103
1709852 0 101
1711327 0 102
1712863 0 102
1714276 0 102
1715710 0 102
1717246 0 102
1718781 0 103
1720338 0 101
1721751 0 102
1723226 0 103
1724782 0 101
1726277 0 102
1727793 0 102
1729206 0 103
1730660 0 101
1732175 0 102
1733568 0 102
1734960 0 102
1736353 0 102
1737889 0 102
1739343 0 103
1740756 0 101
1742190 0 102
1743603 0 102
1745036 0 103
1746531 0 101
1748088 0 102
1749583 0 103
1751119 0 101
1752655 0 102
1754109 0 103
1755665 0 101
1757058 0 102
1758471 0 102
1760007 0 102
1761420 0 102
1762936 0 102
1764369 0 103
1765905 0 101
1767339 0 102
1768752 0 103
1770288 0 101
1771824 0 102
1773237 0 102
1774629 0 102
1776125 0 103
1777579 0 101
1779074 0 102
1780610 0 102
1782146 0 103
1783620 0 101
1785136 0 102
1786528 0 102
1788023 0 102
1789457 0 102
1790993 0 102
1792406 0 103
1793819 0 101
1795273 0 102
1796768 0 102
1798304 0 102
1799819 0 102
1801294 0 102
1802810 0 102
1804202 0 102
1805636 0 103
1807192 0 101
1808646 0 102
1810141 0 103
1811698 0 101
1813131 0 102
1814606 0 103
1816060 0 101
1817473 0 102
1818907 0 102
1820463 0 103
1822019 0 101
1823453 0 102
1824866 0 103
1826382 0 101
1827856 0 102
1829269 0 102
1830723 0 103
1832239 0 101
1833775 0 102
1835229 0 102
1836765 0 102
1838260 0 102
1839755 0 102
1841250 0 102
1842683 0 103
1844219 0 101
1845694 0 102
1847230 0 102
1848622 0 102
1850015 0 103
1851551 0 101
1853046 0 102
1854439 0 102
1855913 0 102
1857347 0 103
1858801 0 101
1860316 0 102
1861770 0 102
1863163 0 102
1864597 0 102
1866030 0 102
1867484 0 102
1868918 0 103
1870331 0 101
1871764 0 102
1873178 0 102
1874714 0 102
1876188 0 102
1877663 0 103
1879137 0 101
1880571 0 102
1881984 0 103
1883458 0 101
1884933 0 102
1886407 0 102
1887923 0 102
1889397 0 102
1890831 0 102
1892347 0 103
1893862 0 101
1895357 0 102
1918874 0 46
1920431 0 48
1921844 0 42
1923257 0 37
1924650 0 41
1926165 0 45
1927599 0 41
1929135 0 42
1930548 0 43
1932063 0 42
1933476 0 49
1934971 0 52
1936528 0 65
1937982 0 45
1939436 0 55
1940931 0 59
1942467 0 64
1943880 0 39
1945334 0 53
1946850 0 65
1948304 0 44
1949758 0 59
1951253 0 69
1952830 0 44
1954386 0 56
1955840 0 53
1957233 0 59
1958666 0 72
1960079 0 47
1961574 0 59
1963049 0 60
1964523 0 58
1966080 0 66
1967554 0 43
1969070 0 49
1970483 0 49
1972040 0 55
1973576 0 64
1975009 0 39
1976422 0 51
1977958 0 62
1979453 0 43
1980989 0 52
1982546 0 51
1983959 0 67
1985433 0 37
1986867 0 56
1988362 0 55
1989816 0 49
1991229 0 54
1992785 0 55
1994301 0 55
1995734 0 63
1997270 0 43
1998827 0 57
2000281 0 54
2001694 0 52
2003210 0 52
2004643 0 54
2006200 0 59
2007674 0 60
2009108 0 71
2010500 0 42
2011995 0 57
2013449 0 51
2014985 0 52
2016398 0 67
2017955 0 45
2019511 0 56
2021006 0 50
2022481 0 54
2023894 0 54
2025287 0 52
2026823 0 72
2028277 0 45
2029792 0 55
2031267 0 50
2032782 0 55
2034195 0 62
2035649 0 40
2037103 0 58
2038680 0 63
2040216 0 46
2041629 0 58
2043145 0 56
2044681 0 60
2046114 0 49
2047527 0 58
2048982 0 55
2050436 0 71
2051992 0 47
2053549 0 57
2055084 0 51
2056600 0 71
2058034 0 39
2059488 0 58
2060942 0 56
2062334 0 52
2063829 0 49
2065304 0 50
2066717 0 49
2068212 0 71
2069646 0 39
2071181 0 58
2072615 0 62
2074049 0 46
2075605 0 54
2077121 0 54
2078534 0 56
2079947 0 63
2081483 0 39
2082978 0 59
2084534 0 57
2086050 0 51
2087442 0 54
2088978 0 63
2090453 0 43
2091927 0 58
2093504 0 63
2095040 0 40
2096474 0 53
2098010 0 60
2099546 0 60
2101082 0 68
2102618 0 44
2104174 0 60
2105628 0 52
2107164 0 65
2108659 0 42
2110195 0 53
2111752 0 67
2113308 0 46
2114844 0 58
2116421 0 64
2117937 0 47
2119493 0 49
2120927 0 71
2122340 0 39
2123732 0 58
2125289 0 55
2126743 0 60
2128279 0 54
2129774 0 67
2131187 0 43
2132620 0 52
2134095 0 71
2135631 0 45
2137105 0 54
2138498 0 62
2140034 0 46
2141570 0 55
2143126 0 49
2144642 0 64
2146178 0 38
2147652 0 51
2149066 0 53
2150581 0 59
2152015 0 58
2153571 0 49
2155025 0 51
2156561 0 69
2158015 0 45
2159428 0 59
2160841 0 53
2162357 0 71
2163893 0 43
2165388 0 55
2166903 0 51
2168378 0 60
2169791 0 56
2171204 0 60
2172658 0 68
2174153 0 40
2175669 0 52
2177225 0 55
2178679 0 70
2180133 0 43
2181628 0 51
2183164 0 59
2184721 0 57
2186277 0 56
2187752 0 63
2189206 0 44
2190762 0 53
2192298 0 50
2193752 0 50
2195309 0 70
2196783 0 40
2198299 0 58
2199753 0 59
2201145 0 49
2202558 0 49
2204094 0 50
2205610 0 70
2207003 0 47
2208436 0 56
2209952 0 50
2211508 0 58
2213003 0 65
2214437 0 40
2215911 0 54
2217345 0 51
2218799 0 50
2220232 0 51
2221686 0 60
2223181 0 54
2224717 0 66
2226253 0 41
2227707 0 51
2229161 0 49
2230595 0 65
2232151 0 42
2233667 0 49
2235142 0 50
2236657 0 53
2238132 0 56
2239688 0 49
2241183 0 62
2242739 0 45
2244255 0 54
2245730 0 51
2247245 0 65
2248679 0 46
2250174 0 54
2251607 0 60
2253123 0 69
2254556 0 42
2256031 0 49
2257444 0 50
2258898 0 58
2260352 0 54
2261745 0 67
2263240 0 43
2264796 0 51
2266332 0 49
2267827 0 53
2269281 0 58
2270817 0 55
2272292 0 59
2273705 0 60
2275261 0 70
2276695 0 43
2278272 0 54
2279808 0 52
2281303 0 49
2282695 0 60
2284211 0 59
2285706 0 70
2287221 0 37
2288614 0 58
2290068 0 71
2291522 0 46
2293099 0 60
2294512 0 59
2296048 0 50
2297523 0 69
2298956 0 45
2300492 0 60
2301926 0 54
2303359 0 56
2304793 0 53
2306329 0 62
2307762 0 39
2309216 0 58
2310793 0 67
2312288 0 40
2313722 0 57
2315217 0 53
2316671 0 53
2318207 0 67
2319661 0 43
2321156 0 59
2322590 0 54
2324064 0 72
2325457 0 44
2326890 0 56
2328385 0 57
2329901 0 60
2331437 0 64
2332973 0 44
2334427 0 56
2335922 0 49
2337314 0 55
2338810 0 50
2340345 0 71
2341840 0 45
2343376 0 51
2344831 0 50
2346305 0 56
2347780 0 57
2349234 0 55
2350770 0 63
2352265 0 48
2353698 0 49
2355152 0 58
2356586 0 49
2358081 0 50
2359576 0 65
2361112 0 37
2362525 0 59
2364041 0 57
2365556 0 71
2367051 0 44
2368546 0 60
2370082 0 53
2371597 0 53
2373031 0 62
2374526 0 47
2375939 0 49
2377393 0 68
2378950 0 39
2380342 0 60
2381837 0 59
2383312 0 50
2384766 0 51
2386240 0 49
2387633 0 69
2389128 0 43
2390664 0 53
2392138 0 57
2393695 0 67
2395129 0 43
2396562 0 56
2398037 0 57
2399470 0 64
2400904 0 46
2402481 0 59
2403996 0 60
2405471 0 59
2406884 0 57
2408399 0 72
2409915 0 37
2411430 0 56
2412843 0 58
2414277 0 52
2415772 0 52
2417206 0 72
2418721 0 43
2420278 0 56
2421732 0 59
2423186 0 53
2424681 0 53
2426176 0 53
2427691 0 66
2429248 0 45
2430681 0 58
2432258 0 63
2433774 0 45
2435207 0 49
2436702 0 50
2438115 0 52
2439651 0 62
2441105 0 37
2442600 0 58
2444034 0 49
2445590 0 67
2447003 0 38
2448519 0 54
2450014 0 60
2451489 0 55
2453025 0 56
2454540 0 64
2456076 0 48
2457612 0 57
2459168 0 60
2460704 0 55
2462240 0 54
2463715 0 66
2465210 0 41
2466623 0 58
2468179 0 59
2469674 0 57
2471129 0 65
2472664 0 43
2474119 0 58
2475552 0 68
2477047 0 40
2478501 0 60
2480058 0 53
2481512 0 58
2483007 0 50
2484420 0 62
2485915 0 39
2487410 0 56
2488905 0 66
2490400 0 41
2491895 0 54
2493451 0 58
2494987 0 53
2496523 0 53
2497998 0 59
2499452 0 57
2501029 0 68
2502565 0 39
2504080 0 51
2505555 0 52
2506988 0 59
2508504 0 50
2509999 0 57
2511514 0 61
2513071 0 39
2514627 0 50
2516040 0 50
2517433 0 56
2518948 0 60
2520341 0 56
2521816 0 70
2523249 0 42
2524683 0 50
2526198 0 56
2527714 0 49
2529147 0 70
2530519 0 45
2532015 0 49
2533530 0 68
2535066 0 42
2536520 0 58
2538076 0 58
2539531 0 53
2540985 0 51
2542418 0 70
2543831 0 48
2545265 0 52
2546821 0 65
2548296 0 43
2549770 0 49
2551245 0 51
2552699 0 71
2554214 0 43
2555709 0 53
2557184 0 72
2558659 0 48
2560195 0 58
2561751 0 60
2563307 0 52
2564864 0 60
2566420 0 68
2567977 0 43
2569513 0 51
2570987 0 67
2572400 0 41
2573936 0 53
2575370 0 53
2576844 0 72
2578237 0 47
2579691 0 58
2581248 0 51
2582640 0 62
2584094 0 44
2585589 0 54
2587043 0 58
2588600 0 53
2590033 0 70
2591467 0 37
2592921 0 54
2594334 0 53
2595870 0 55
2597386 0 54
2598901 0 59
2600314 0 64
2601748 0 40
2603243 0 51
2604717 0 68
2606171 0 44
2607646 0 50
2609100 0 66
2610615 0 45
2612172 0 49
2613626 0 71
2615039 0 45
2616473 0 54
2617906 0 57
2619422 0 52
2620896 0 52
2622330 0 53
2623866 0 63
2625381 0 44
2626835 0 50
2628330 0 55
2629805 0 49
2631218 0 49
2632651 0 51
2634187 0 65
2635723 0 41
2637218 0 50
2638713 0 51
2640106 0 56
2641622 0 68
2643035 0 40
2644591 0 50
2646066 0 57
2647561 0 63
2649035 0 44
2650489 0 49
2652005 0 70
2653418 0 41
2654831 0 54
2656367 0 59
2657780 0 59
2659193 0 56
2660668 0 50
2662142 0 54
2663637 0 65
2665132 0 44
2666689 0 60
2668204 0 57
2669699 0 60
2671174 0 52
2672587 0 49
2674102 0 60
2675638 0 72
2677133 0 37
2678669 0 58
2680103 0 63
2681598 0 44
2683154 0 57
2684731 0 65
2686144 0 38
2687660 0 51
2689134 0 56
2690588 0 60
2692022 0 65
2693578 0 46
2695032 0 51
2696507 0 49
2698002 0 49
2699497 0 62
2700931 0 47
2702426 0 49
2703839 0 54
2705231 0 54
2706624 0 57
2708037 0 51
2709573 0 61
2711129 0 42
2712686 0 50
2714222 0 50
2715717 0 54
2717171 0 49
2718646 0 49
2720182 0 54
2721615 0 55
2723151 0 72
2724646 0 40
2726080 0 58
2727575 0 58
2729008 0 54
2730421 0 51
2731834 0 71
2733329 0 46
2734763 0 53
2736238 0 70
2737610 0 45
2739125 0 60
2740620 0 50
2742033 0 55
2743467 0 56
2744900 0 58
2746457 0 65
2747972 0 46
2749488 0 50
2751044 0 63
2752519 0 43
2753932 0 58
2755427 0 52
2756963 0 55
2758540 0 56
2759953 0 56
2761387 0 53
2762882 0 69
2764397 0 45
2765974 0 49
2767510 0 63
2769046 0 40
2770520 0 58
2771995 0 66
2773429 0 46
2774944 0 58
2776419 0 54
2777873 0 72
2779347 0 46
2780781 0 53
2782337 0 62
2783812 0 45
2785266 0 59
2786761 0 72
2788194 0 43
2789751 0 51
2791266 0 56
2792679 0 56
2794195 0 49
2795669 0 49
2797103 0 64
2798557 0 44
2800073 0 51
2801629 0 54
2803145 0 60
2804701 0 71
2806155 0 46
2807650 0 53
2809145 0 59
2810558 0 56
2812012 0 57
2813548 0 69
2815064 0 43
2816538 0 55
2817972 0 69
2819467 0 47
2821003 0 50
2822436 0 55
2870725 0 104
2872179 0 104
2873715 0 104
2875251 0 104
2876787 0 104
2878344 0 104
2879839 0 104
2881231 0 104
2882767 0 104
2884262 0 104
2885716 0 105
2887150 0 105
2888645 0 105
2890181 0 105
2891697 0 106
2893151 0 104
2894666 0 105
2896223 0 106
2897779 0 104
2899274 0 105
2900728 0 105
2902162 0 105
2903657 0 106
2905213 0 104
2906626 0 105
2908080 0 106
2909637 0 104
2911111 0 105
2912627 0 106
2914122 0 104
2915678 0 105
2917235 0 106
2918668 0 104
2920163 0 105
2921658 0 106
2923112 0 104
2924648 0 105
2926041 0 105
2927495 0 106
2929051 0 104
2930546 0 105
2932062 0 105
2933577 0 105
2935113 0 105
2936629 0 105
2938165 0 106
2939660 0 104
2941114 0 105
2942650 0 105
2944206 0 105
2945660 0 105
2947217 0 105
2948773 0 106
2950207 0 104
2951620 0 105
2953094 0 105
2954528 0 105
2956023 0 105
2957457 0 105
2958972 0 106
2960447 0 104
2961839 0 105
2963334 0 105
2964891 0 105
2966406 0 105
2967901 0 105
2969376 0 106
2970789 0 104
2972304 0 105
2973840 0 105
2975376 0 105
2976871 0 106
2978264 0 104
2979759 0 105
2981172 0 106
2982647 0 104
2984039 0 105
2985452 0 106
2987009 0 104
2988504 0 105
2990040 0 106
2991576 0 104
2993071 0 105
2994586 0 105
2996102 0 105
2997597 0 106
2999010 0 104
3000546 0 105
3002082 0 105
3003577 0 106
3005133 0 104
3006669 0 105
3008082 0 105
3009639 0 105
3011134 0 105
3012588 0 105
3013980 0 105
3015475 0 105
3016950 0 106
3018404 0 104
3019858 0 105
3021415 0 105
3022889 0 105
3024364 0 105
3025818 0 105
3027313 0 106
3028869 0 104
3030364 0 105
3031818 0 105
3033231 0 105
3034665 0 106
3036098 0 104
3037532 0 105
3039007 0 105
3040502 0 105
3041956 0 106
3043451 0 104
3045007 0 105
3046543 0 105
3047956 0 105
3049410 0 105
3050905 0 105
3052441 0 105
3053916 0 106
3055308 0 104
3056742 0 105
3058257 0 105
3059712 0 105
3061186 0 106
3062640 0 104
3064115 0 105
3065651 0 105
3067105 0 105
3068559 0 105
3069972 0 105
3071487 0 105
3072962 0 106
3074375 0 104
3075849 0 105
3077406 0 106
3078819 0 104
3080375 0 105
3081932 0 106
3083488 0 104
3084983 0 105
3086417 0 105
3087810 0 106
3089366 0 104
3090800 0 105
3092233 0 105
3093728 0 105
3095223 0 105
3096657 0 106
3098152 0 104
3099565 0 105
3100999 0 105
3102493 0 105
3103927 0 105
3105484 0 105
3106897 0 105
3108392 0 106
3109825 0 104
3111238 0 105
3112672 0 106
3114167 0 104
3115703 0 105
3117177 0 105
3118713 0 105
3120167 0 105
3121621 0 106
3123117 0 104
3124591 0 105
3126086 0 105
3127602 0 106
3129035 0 104
3130510 0 105
3131943 0 105
3133438 0 105
3134851 0 105
3136326 0 106
3137759 0 104
3139214 0 105
3140729 0 105
3142204 0 105
3143637 0 106
3145153 0 104
3146627 0 105
3148143 0 106
3149576 0 104
3150989 0 105
3152443 0 106
3153897 0 104
3155454 0 105
3156928 0 106
3158382 0 104
3159796 0 105
3161229 0 106
3162724 0 104
3164178 0 105
3165632 0 106
3167189 0 104
3168745 0 105
3170158 0 105
3171612 0 105
3173148 0 105
3174664 0 105
3176159 0 105
3177633 0 106
3179149 0 104
3180562 0 105
3182057 0 105
3183572 0 105
3184986 0 106
3186460 0 104
3187976 0 105
3189389 0 105
3190904 0 105
3192440 0 105
3193853 0 105
3195369 0 105
3196802 0 105
3198297 0 106
3199854 0 104
3201308 0 105
3202741 0 105
3204154 0 105
3205690 0 106
3207247 0 104
3208803 0 105
3210298 0 105
3211834 0 105
3213370 0 106
3214804 0 104
3216237 0 105
3217651 0 105
3219105 0 105
3220641 0 105
3222074 0 105
3223487 0 105
3224962 0 105
3226477 0 106
3227972 0 104
3229386 0 105
3230860 0 105
3232334 0 105
3233789 0 105
3235263 0 106
3236738 0 104
3238192 0 105
3239707 0 105
3241243 0 105
3242718 0 106
3244131 0 104
3245564 0 105
3247018 0 106
3248472 0 104
3250008 0 105
3251442 0 105
3252937 0 105
3254391 0 105
3255927 0 105
3257443 0 106
3258856 0 104
3260289 0 105
3261682 0 105
3263136 0 105
3264672 0 105
3266126 0 105
3267621 0 106
3269095 0 104
3270590 0 105
3272065 0 105
3273580 0 105
3274994 0 105
3276489 0 105
3278025 0 106
3279581 0 104
3281117 0 105
3282551 0 105
3284046 0 105
3285561 0 106
3287036 0 104
3288449 0 105
3289923 0 106
3291459 0 104
3292893 0 105
3294347 0 105
3295883 0 105
3297398 0 105
3298893 0 105
3300429 0 105
3301863 0 105
3303296 0 106
3304771 0 104
3306286 0 105
3307700 0 106
3309133 0 104
3310669 0 105
3312164 0 106
3313680 0 104
3315175 0 105
3316690 0 105
3318165 0 105
3319598 0 105
3321032 0 105
3322527 0 106
3323940 0 104
3325333 0 105
3326787 0 105
3328200 0 105
3329736 0 105
3331272 0 105
3332705 0 106
3334221 0 104
3335736 0 105
3337170 0 105
3338583 0 105
3340016 0 106
3341573 0 104
3342986 0 105
3344440 0 105
3345853 0 106
3347410 0 104
3348843 0 105
3350277 0 105
3351751 0 106
3353205 0 104
3354639 0 105
3356113 0 105
3357588 0 105
3359001 0 106
3360476 0 104
3361889 0 105
3363322 0 105
3364858 0 105
3366415 0 105
3367889 0 105
3369364 0 105
3370900 0 105
3372456 0 106
3373931 0 104
3375487 0 105
3376962 0 106
3378498 0 104
3380034 0 105
3381426 0 105
3382880 0 105
3384335 0 105
3385809 0 105
3387345 0 105
3388819 0 106
3390355 0 104
3391891 0 105
3393427 0 105
3394922 0 105
3396417 0 106
3397953 0 104
3399510 0 105
3400964 0 105
3402479 0 105
3403913 0 105
3405326 0 105
3406842 0 106
3408378 0 104
3409811 0 105
3411306 0 105
3412740 0 105
3414194 0 105
3415709 0 105
3417225 0 106
3418638 0 104
3420153 0 105
3421566 0 105
3422959 0 105
3424372 0 106
3425888 0 104
3427424 0 105
3428878 0 106
3430352 0 104
3431806 0 105
3433219 0 105
3434755 0 106
3436291 0 104
3437807 0 105
3439261 0 106
3440797 0 104
3442292 0 105
3443705 0 105
3445159 0 105
3446572 0 105
3448108 0 105
3449521 0 105
3450975 0 106
3452429 0 104
3453883 0 105
3455317 0 106
3456812 0 104
3458307 0 105
3459802 0 105
3461215 0 105
3462669 0 106
3464103 0 104
3465536 0 105
3467031 0 105
3468424 0 105
3469857 0 105
3471270 0 106
3472725 0 104
3474240 0 105
3475674 0 105
3477189 0 105
3478664 0 105
3480138 0 105
3481674 0 105
3483231 0 106
3484767 0 104
3486282 0 105
3487777 0 106
3489334 0 104
3490829 0 105
3492324 0 105
3493798 0 106
3495211 0 104
3496747 0 105
3498263 0 105
3499717 0 105
3501171 0 105
3502707 0 105
3504263 0 106
3505697 0 104
3507171 0 105
3508707 0 106
3510161 0 104
3511718 0 105
3513131 0 106
3514646 0 104
3516121 0 105
3517534 0 106
3519090 0 104
3520606 0 105
3522142 0 106
3523616 0 104
3525050 0 105
3526484 0 105
3527958 0 105
3529453 0 105
3530989 0 105
3532525 0 106
3534082 0 104
3535556 0 105
3537072 0 106
3538546 0 104
3539980 0 105
3541454 0 105
3542908 0 106
3544424 0 104
3545980 0 105
3547393 0 105
3548909 0 105
3550363 0 105
3551878 0 106
3553394 0 104
3554868 0 105
3556343 0 105
3557756 0 105
3559210 0 106
3560705 0 104
3562221 0 105
3563757 0 105
3565149 0 105
3566685 0 105
3568160 0 105
3569634 0 105
3571047 0 105
3572583 0 106
3574119 0 104
3575655 0 105
3577089 0 106
3578563 0 104
3580038 0 105
3581574 0 106
3583069 0 104
3584482 0 105
3585957 0 105
3587431 0 105
3588967 0 105
3590483 0 106
3591937 0 104
3593432 0 105
3594845 0 105
3596401 0 105
3597794 0 105
3599330 0 106
3600763 0 104
3602238 0 105
3603774 0 106
3605289 0 104
3606723 0 105
3608279 0 105
3609692 0 105
3611167 0 105
3612703 0 105
3614137 0 106
3615591 0 104
3617004 0 105
3618396 0 105
3619932 0 105
3621448 0 105
3622943 0 106
3624376 0 104
3625912 0 105
3627305 0 105
3628800 0 105
3630193 0 105
3631667 0 105
3633142 0 106
3634637 0 104
3636050 0 105
3637504 0 106
3639040 0 104
3640432 0 105
3641948 0 105
3643361 0 105
3644835 0 105
3646290 0 105
3647846 0 106
3649341 0 104
3650795 0 105
3652352 0 105
3653826 0 105
3655260 0 105
3656714 0 105
3658270 0 106
3659786 0 104
3661260 0 105
3662714 0 105
3664250 0 106
3665684 0 104
3667220 0 105
3668633 0 105
3670128 0 106
3671602 0 104
3673056 0 105
3674592 0 106
3676108 0 104
3677542 0 105
3678975 0 105
3680511 0 106
3681924 0 104
3683481 0 105
3684894 0 105
3686430 0 106
3687843 0 104
3689297 0 105
3690690 0 105
3692225 0 105
3693618 0 106
3695134 0 104
3696588 0 105
3698001 0 105
3699557 0 106
3700970 0 104
3702465 0 105
3704022 0 106
3705496 0 104
3707012 0 105
3708425 0 105
3709838 0 105
3711333 0 105
3712848 0 106
3714282 0 104
3715695 0 105
3717129 0 105
3718624 0 105
3720119 0 106
3721573 0 104
3723006 0 105
3724542 0 106
3726017 0 104
3727532 0 105
3728966 0 106
3730502 0 104
3731956 0 105
3733471 0 105
3734864 0 105
3736318 0 105
3737772 0 105
3739288 0 106
3740844 0 104
3742380 0 105
3743855 0 105
3745391 0 105
3746906 0 106
3748442 0 104
3749978 0 105
3751391 0 106
3752927 0 104
3754340 0 105
3755753 0 106
3757228 0 104
3758702 0 105
3760095 0 105
3761488 0 105
3762983 0 105
3764375 0 106
3765809 0 104
3767345 0 105
3768799 0 106
3770355 0 104
3771871 0 105
