32872 0 2
34388 0 11
35862 0 3
37255 0 5
38688 0 5
40224 0 3
41658 0 3
43174 0 1
44669 0 10
46245 0 7
47679 0 21
49113 0 21
50669 0 13
52205 0 20
53721 0 21
55216 0 15
56629 0 21
58124 0 13
59557 0 31
61032 0 3
62588 0 18
64104 0 21
65537 0 14
67032 0 18
68466 0 13
69899 0 36
71456 0 3
72869 0 21
74303 0 13
75736 0 15
77231 0 29
78767 0 12
80242 0 15
81696 0 34
83109 0 3
84645 0 18
86099 0 23
87655 0 32
89048 0 10
90625 0 15
92099 0 16
93574 0 36
95151 0 2
96666 0 20
98202 0 23
99636 0 16
101029 0 17
102524 0 26
103937 0 9
105411 0 19
106927 0 18
108463 0 20
109896 0 34
111289 0 6
112784 0 16
114238 0 19
115794 0 15
117330 0 14
118764 0 21
120341 0 17
121815 0 35
123290 0 7
124744 0 15
126178 0 31
127591 0 12
129106 0 17
130601 0 22
132178 0 20
133632 0 14
135045 0 23
136540 0 34
137974 0 11
139510 0 17
140902 0 31
142418 0 2
143913 0 13
145346 0 28
146780 0 10
148357 0 19
149913 0 34
151327 0 12
152842 0 20
154337 0 20
155873 0 18
157409 0 14
158863 0 21
160297 0 26
161771 0 2
163225 0 20
164741 0 20
166195 0 17
167649 0 17
169103 0 20
170577 0 31
172154 0 10
173629 0 17
175021 0 24
176455 0 17
177930 0 19
179445 0 21
180899 0 16
182394 0 32
183848 0 3
185261 0 21
186674 0 35
188067 0 6
189623 0 21
191118 0 26
192552 0 11
194027 0 13
195460 0 28
196996 0 4
198450 0 24
199884 0 21
201317 0 19
202894 0 19
204348 0 27
205802 0 6
207338 0 21
208895 0 15
210308 0 24
211864 0 16
213318 0 14
214834 0 22
216390 0 36
217865 0 11
219380 0 18
220855 0 18
222391 0 16
223845 0 32
225319 0 4
226712 0 14
228228 0 22
229661 0 17
231115 0 13
232631 0 29
234085 0 11
235518 0 20
236972 0 28
238385 0 1
239901 0 19
241416 0 34
242932 0 2
244386 0 23
245922 0 26
247294 0 12
248810 0 22
250243 0 22
251779 0 17
253315 0 21
254790 0 21
256264 0 20
257759 0 32
259193 0 10
260688 0 20
262265 0 32
263739 0 12
265173 0 22
266688 0 18
268163 0 24
269678 0 18
271153 0 21
272709 0 30
274102 0 1
275597 0 22
277031 0 31
278546 0 6
280103 0 19
281577 0 34
283031 0 10
284547 0 23
285980 0 30
287414 0 11
288888 0 14
290301 0 13
291755 0 24
293230 0 35
294664 0 8
296097 0 14
297572 0 34
299087 0 5
300521 0 14
302036 0 27
303531 0 3
304944 0 19
306378 0 23
307832 0 28
309266 0 10
310842 0 19
312276 0 20
313771 0 20
315328 0 14
316782 0 14
318297 0 16
319751 0 18
321205 0 31
322762 0 11
324298 0 20
325813 0 22
327308 0 17
328762 0 22
330298 0 17
331773 0 32
333227 0 12
334742 0 21
336299 0 15
337712 0 27
339207 0 2
340640 0 13
342115 0 36
343528 0 8
344982 0 22
346559 0 15
347952 0 18
349385 0 16
350860 0 21
352334 0 15
353870 0 23
355427 0 35
356819 0 1
358273 0 23
359727 0 22
361202 0 21
362676 0 14
364151 0 16
365585 0 14
367039 0 31
368472 0 7
370008 0 14
371401 0 29
372875 0 12
374391 0 23
375947 0 17
377442 0 20
379019 0 14
380473 0 24
381968 0 35
383484 0 12
385040 0 20
386576 0 23
388092 0 13
389566 0 24
391041 0 21
392556 0 32
393969 0 11
395444 0 21
396877 0 20
398332 0 16
399765 0 15
401240 0 20
402837 0 17
404291 0 30
405807 0 5
407322 0 15
408756 0 16
410271 0 15
411684 0 21
413138 0 16
414551 0 17
416046 0 26
417480 0 10
419036 0 20
420593 0 20
422170 0 28
423726 0 12
425262 0 19
426778 0 14
428293 0 16
429665 0 14
431099 0 15
432553 0 23
433966 0 27
435502 0 10
436915 0 24
438451 0 24
440008 0 25
441503 0 1
442998 0 13
444452 0 24
445885 0 24
447298 0 13
448732 0 29
450206 0 12
451722 0 16
453094 0 32
454528 0 10
455961 0 24
457395 0 31
458869 0 5
460344 0 21
461880 0 26
463375 0 4
464911 0 17
466324 0 20
467798 0 26
469294 0 9
470768 0 14
472222 0 17
473697 0 23
475212 0 14
476584 0 34
478100 0 8
479574 0 24
481069 0 16
482462 0 14
483855 0 33
485350 0 1
486865 0 19
488319 0 15
489814 0 23
491350 0 13
492743 0 26
494156 0 9
495671 0 24
497125 0 24
498538 0 15
500013 0 33
501447 0 6
502942 0 19
504478 0 30
505891 0 4
507324 0 22
508860 0 20
510335 0 27
511748 0 12
513263 0 20
514799 0 21
516233 0 23
517728 0 21
519182 0 16
520616 0 23
522111 0 20
523708 0 27
525121 0 10
526678 0 20
528172 0 16
529708 0 27
531142 0 1
532596 0 23
534050 0 20
535484 0 20
537020 0 13
538412 0 32
539846 0 8
541361 0 20
542938 0 33
544474 0 2
546010 0 22
547505 0 22
549021 0 23
550475 0 15
551908 0 22
553403 0 17
554919 0 34
556414 0 8
557991 0 18
559547 0 27
560940 0 4
562415 0 13
563807 0 19
565302 0 24
566777 0 20
568231 0 34
569746 0 7
571262 0 22
572736 0 30
574108 0 10
575583 0 22
577016 0 16
578389 0 16
579904 0 19
581317 0 30
582792 0 9
584369 0 22
585884 0 15
587379 0 20
588956 0 36
590390 0 1
591782 0 14
593216 0 30
594608 0 10
596083 0 24
597598 0 13
599012 0 14
600507 0 29
602002 0 3
603435 0 23
604971 0 23
606466 0 13
607900 0 29
609415 0 10
610992 0 24
612528 0 35
614044 0 11
615600 0 15
616993 0 24
618508 0 14
620024 0 23
621416 0 22
622911 0 22
624468 0 35
625963 0 11
627417 0 18
628871 0 27
630284 0 11
631759 0 19
633335 0 17
634728 0 23
636162 0 24
637636 0 27
639070 0 9
640503 0 13
642039 0 18
643452 0 19
645009 0 18
646422 0 19
647937 0 36
649391 0 9
650907 0 19
652382 0 30
653733 0 4
655167 0 24
656703 0 24
658157 0 17
659590 0 20
661106 0 18
662683 0 18
664137 0 20
665570 0 31
667127 0 6
668540 0 22
670014 0 22
671489 0 20
673066 0 13
674561 0 24
676076 0 13
677510 0 28
678964 0 7
680500 0 19
681934 0 25
683511 0 8
685006 0 24
686460 0 17
687914 0 21
689429 0 31
690986 0 10
692419 0 20
694017 0 20
695471 0 20
697007 0 17
698461 0 19
699997 0 36
701451 0 2
702987 0 14
704523 0 36
705956 0 12
707451 0 21
709028 0 19
710564 0 36
712039 0 3
713575 0 19
715008 0 14
716401 0 28
717794 0 10
719329 0 20
720804 0 16
722299 0 15
723835 0 14
725289 0 22
726723 0 18
728218 0 24
729774 0 27
731310 0 4
732785 0 19
734259 0 23
735713 0 32
737167 0 4
738601 0 13
740137 0 13
741652 0 16
743168 0 24
744642 0 33
746137 0 5
747550 0 15
749066 0 32
750459 0 2
751954 0 22
753490 0 14
754985 0 22
756480 0 30
757831 0 9
759306 0 17
760821 0 35
762357 0 3
763750 0 13
765265 0 35
766678 0 3
768132 0 18
769546 0 23
771082 0 23
772638 0 13
774113 0 14
775505 0 21
777021 0 30
778372 0 1
779908 0 19
781362 0 35
782775 0 3
784291 0 22
785847 0 24
787383 0 14
788858 0 34
790332 0 10
791868 0 17
793343 0 15
794797 0 24
796292 0 18
797787 0 26
799200 0 2
800695 0 13
802129 0 24
803562 0 15
804975 0 16
806368 0 25
807802 0 5
809215 0 16
810648 0 29
812164 0 4
813659 0 24
815154 0 34
816628 0 4
818021 0 16
819557 0 17
821031 0 32
822526 0 4
823940 0 20
825435 0 35
826930 0 8
828363 0 21
829797 0 31
831353 0 6
832787 0 16
834159 0 16
835654 0 19
837231 0 17
838705 0 19
840139 0 20
841593 0 21
843088 0 36
844563 0 4
845996 0 15
847491 0 21
849048 0 21
850624 0 32
852079 0 9
853574 0 18
855007 0 17
856543 0 24
857997 0 16
859451 0 19
860967 0 34
862339 0 3
863731 0 18
865288 0 33
866721 0 4
868135 0 22
869671 0 21
871125 0 20
872640 0 16
874135 0 24
875569 0 32
876961 0 6
878374 0 13
879849 0 19
881344 0 32
882778 0 8
884252 0 19
885788 0 14
887324 0 35
888737 0 6
890191 0 15
891645 0 28
893079 0 6
894492 0 18
895926 0 33
897359 0 2
898834 0 21
900288 0 15
901721 0 15
903175 0 36
904588 0 5
906104 0 19
907619 0 18
909073 0 16
910486 0 15
911900 0 36
913477 0 11
914931 0 16
916426 0 24
917818 0 27
919354 0 1
920829 0 18
922242 0 35
923716 0 8
925252 0 22
926768 0 23
928324 0 19
929840 0 34
931232 0 1
932748 0 23
1073164 0 101
1074658 0 101
1076112 0 101
1077526 0 101
1078939 0 101
1080393 0 101
1081806 0 101
1083301 0 101
1084775 0 101
1086168 0 101
1087642 0 102
1089158 0 102
1090632 0 102
1092128 0 102
1093602 0 103
1095118 0 101
1096510 0 102
1098005 0 102
1099521 0 102
1100954 0 102
1102429 0 102
1103883 0 103
1105419 0 101
1106852 0 102
1108388 0 102
1109781 0 103
1111194 0 101
1112648 0 102
1114123 0 102
1115536 0 103
1117031 0 101
1118485 0 102
1119877 0 102
1121332 0 102
1122724 0 102
1124260 0 103
1125673 0 101
1127209 0 102
1128622 0 103
1130158 0 101
1131571 0 102
1133066 0 102
1134541 0 102
1136077 0 102
1137572 0 102
1139108 0 103
1140582 0 101
1142118 0 102
1143634 0 103
1145047 0 101
1146440 0 102
1147935 0 102
1149327 0 102
1150863 0 103
1152379 0 101
1153935 0 102
1155389 0 102
1156802 0 102
1158195 0 103
1159649 0 101
1161164 0 102
1162618 0 103
1164175 0 101
1165711 0 102
1167103 0 102
1168619 0 102
1170134 0 102
1171650 0 102
1173145 0 102
1174640 0 103
1176094 0 101
1177548 0 102
1178961 0 102
1180436 0 102
1181931 0 102
1183385 0 102
1184818 0 102
1186272 0 103
1187727 0 101
1189119 0 102
1190614 0 102
1192007 0 102
1193543 0 102
1194997 0 102
1196430 0 103
1197843 0 101
1199379 0 102
1200813 0 102
1202247 0 102
1203701 0 102
1205196 0 102
1206732 0 103
1208288 0 101
1209763 0 102
1211237 0 103
1212794 0 101
1214268 0 102
1215804 0 102
1217217 0 102
1218733 0 102
1220166 0 102
1221682 0 103
1223238 0 101
1224774 0 102
1226187 0 102
1227723 0 103
1229157 0 101
1230570 0 102
1232106 0 102
1233581 0 102
1235137 0 102
1236550 0 103
1238106 0 101
1239560 0 102
1241096 0 103
1242673 0 101
1244127 0 102
1245582 0 103
1247015 0 101
1248469 0 102
1249985 0 102
1251398 0 103
1252852 0 101
1254244 0 102
1255760 0 102
1257275 0 103
1258750 0 101
1260204 0 102
1261719 0 103
1263255 0 101
1264689 0 102
1266102 0 102
1267556 0 102
1269092 0 102
1270567 0 102
1272021 0 102
1273454 0 102
1274949 0 103
1276383 0 101
1277775 0 102
1279250 0 102
1280766 0 102
1282240 0 102
1283694 0 103
1285169 0 101
1286582 0 102
1288077 0 103
1289633 0 101
1291169 0 102
1292623 0 102
1294036 0 102
1295429 0 102
1296924 0 102
1298358 0 103
1299873 0 101
1301368 0 102
1302761 0 102
1304194 0 103
1305607 0 101
1307102 0 102
1308597 0 102
1310072 0 102
1311567 0 102
1313000 0 103
1314414 0 101
1315929 0 102
1317424 0 103
1318940 0 101
1320435 0 102
1321909 0 102
1323425 0 103
1324899 0 101
1326353 0 102
1327828 0 103
1329261 0 101
1330674 0 102
1332210 0 102
1333746 0 103
1335303 0 101
1336798 0 102
1338231 0 102
1339767 0 102
1341303 0 103
1342819 0 101
1344232 0 102
1345666 0 103
1347120 0 101
1348533 0 102
1350069 0 102
1351584 0 103
1353100 0 101
1354656 0 102
1356110 0 102
1357626 0 102
1359039 0 103
1360575 0 101
1362049 0 102
1363544 0 103
1365019 0 101
1366555 0 102
1367988 0 102
1369422 0 102
1370937 0 103
1372432 0 101
1373948 0 102
1375381 0 102
1376876 0 103
1378412 0 101
1379805 0 102
1381300 0 102
1382795 0 102
1384229 0 103
1385785 0 101
1387260 0 102
1388816 0 102
1390270 0 102
1391704 0 102
1393137 0 102
1394653 0 103
1396148 0 101
1397582 0 102
1399076 0 103
1400551 0 101
1402026 0 102
1403439 0 103
1404934 0 101
1406347 0 102
1407739 0 102
1409214 0 102
1410688 0 103
1412163 0 101
1413556 0 102
1415071 0 102
1416464 0 102
1417897 0 102
1419392 0 102
1420908 0 103
1422321 0 101
1423795 0 102
1425208 0 102
1426703 0 102
1428178 0 102
1429632 0 102
1431148 0 102
1432643 0 103
1434117 0 101
1435530 0 102
1437046 0 102
1438500 0 102
1439954 0 103
1441531 0 101
1442944 0 102
1444336 0 103
1445790 0 101
1447245 0 102
1448781 0 102
1450296 0 103
1451791 0 101
1453286 0 102
1454679 0 102
1456092 0 103
1457566 0 101
1459061 0 102
1460515 0 103
1462010 0 101
1463526 0 102
1464959 0 103
1466413 0 101
1467929 0 102
1469485 0 102
1470940 0 102
1472455 0 102
1473889 0 102
1475302 0 103
1476776 0 101
1478312 0 102
1479766 0 103
1481323 0 101
1482736 0 102
1484149 0 102
1485664 0 102
1487200 0 102
1488593 0 102
1489986 0 103
1491419 0 101
1492894 0 102
1494368 0 103
1495863 0 101
1497338 0 102
1498751 0 102
1500184 0 102
1501577 0 102
1503093 0 103
1504588 0 101
1506083 0 102
1507516 0 103
1509073 0 101
1510588 0 102
1512145 0 102
1513640 0 102
1515196 0 102
1516609 0 103
1518043 0 101
1519558 0 102
1520971 0 103
1522548 0 101
1523941 0 102
1525354 0 102
1526869 0 102
1528405 0 102
1529818 0 103
1531314 0 101
1532809 0 102
1534263 0 102
1535737 0 103
1537150 0 101
1538563 0 102
1539976 0 102
1541410 0 102
1542884 0 102
1544400 0 102
1545834 0 103
1547329 0 101
1548721 0 102
1550216 0 102
1551752 0 102
1553288 0 102
1554845 0 102
1556237 0 103
1557732 0 101
1559227 0 102
1560661 0 103
1562094 0 101
1563528 0 102
1565064 0 102
1566477 0 102
1567972 0 102
1569365 0 102
1570880 0 103
1572314 0 101
1573829 0 102
1575242 0 102
1576799 0 102
1578355 0 102
1579809 0 102
1581325 0 103
1582799 0 101
1584335 0 102
1585748 0 103
1587182 0 101
1588697 0 102
1590192 0 103
1591687 0 101
1593162 0 102
1594678 0 103
1596173 0 101
1597565 0 102
1598999 0 102
1600412 0 103
1601845 0 101
1603279 0 102
1604815 0 103
1606371 0 101
1607887 0 102
1609402 0 102
1610877 0 102
1612290 0 102
1613744 0 102
1615260 0 102
1616673 0 102
1618127 0 103
1619540 0 101
1620973 0 102
1622407 0 103
1623841 0 101
1625356 0 102
1626769 0 103
1628264 0 101
1629800 0 102
1631275 0 102
1632811 0 102
1634306 0 102
1635719 0 103
1637193 0 101
1638647 0 102
1640122 0 102
1641576 0 102
1643030 0 102
1644484 0 102
1645938 0 103
1647495 0 101
1648908 0 102
1650321 0 102
1651816 0 102
1653311 0 102
1654765 0 103
1656260 0 101
1657755 0 102
1659291 0 103
1660806 0 101
1662240 0 102
1663735 0 102
1665271 0 102
1666786 0 103
1668302 0 101
1669838 0 102
1671251 0 103
1672684 0 101
1674220 0 102
1675695 0 102
1677210 0 102
1678685 0 102
1680221 0 103
1681716 0 101
1683211 0 102
1684686 0 102
1686222 0 102
1687614 0 102
1689048 0 102
1690563 0 102
1691956 0 103
1693533 0 101
1695007 0 102
1696502 0 102
1697936 0 102
1699410 0 103
1700905 0 101
1702400 0 102
1703875 0 103
1705350 0 101
1706783 0 102
1708258 0 102
1709753 0 102
1711186 0 102
1712702 0 102
1714176 0 102
1715610 0 103
1717166 0 101
1718682 0 102
1720177 0 102
1721692 0 102
1723208 0 103
1724662 0 101
1726198 0 102
1727631 0 102
1729024 0 102
1730437 0 102
1731912 0 103
1733386 0 101
1734881 0 102
1736417 0 102
1737871 0 102
1739305 0 102
1740820 0 102
1742274 0 102
1743667 0 103
1745162 0 101
1746575 0 102
1748111 0 103
1749565 0 101
1750978 0 102
1752535 0 102
1754050 0 102
1755463 0 102
1756938 0 102
1758371 0 103
1759928 0 101
1761361 0 102
1762795 0 103
1764310 0 101
1765826 0 102
1767280 0 103
1768775 0 101
1770290 0 102
1771765 0 103
1773240 0 101
1774653 0 102
1776107 0 102
1777561 0 102
1779056 0 102
1780530 0 103
1781964 0 101
1783438 0 102
1784954 0 103
1786387 0 101
1787882 0 102
1789357 0 103
1790832 0 101
1792368 0 102
1793801 0 102
1795337 0 103
1796791 0 101
1798225 0 102
1799679 0 102
1801153 0 102
1802566 0 102
1804102 0 102
1805577 0 103
1807113 0 101
1808505 0 102
1809960 0 102
1811373 0 103
1812847 0 101
1814301 0 102
1815776 0 102
1817291 0 102
1818704 0 102
1820199 0 103
1821674 0 101
1823210 0 102
1824643 0 103
1826098 0 101
1827490 0 102
1828924 0 102
1830398 0 102
1831791 0 102
1833306 0 102
1834760 0 102
1836174 0 103
1837730 0 101
1839184 0 102
1840699 0 102
1842195 0 102
1843751 0 102
1845287 0 103
1846802 0 101
1848195 0 102
1849608 0 102
1851124 0 102
1852660 0 102
1854155 0 102
1855650 0 102
1857042 0 103
1858496 0 101
1859889 0 102
1861343 0 102
1862818 0 102
1864251 0 102
1865746 0 102
1867262 0 102
1868736 0 102
1870170 0 103
1871685 0 101
1873078 0 102
1874532 0 102
1875945 0 102
1877379 0 103
1878812 0 101
1880307 0 102
1881720 0 102
1883174 0 102
1884567 0 102
1886041 0 103
1887495 0 101
1888888 0 102
1890424 0 102
1891817 0 102
1893271 0 102
1894684 0 103
1896179 0 101
1897571 0 102
1899046 0 102
1900480 0 102
1901893 0 103
1903306 0 101
1904842 0 102
1906337 0 102
1907729 0 102
1909204 0 102
1910678 0 102
1912194 0 103
1913709 0 101
1915184 0 102
1916720 0 102
1918113 0 103
1919567 0 101
1921000 0 102
1922516 0 102
1924011 0 102
1925444 0 102
1926898 0 102
1928311 0 103
1929786 0 101
1931322 0 102
1932796 0 103
1934291 0 101
1935705 0 102
1937118 0 102
1938510 0 102
1939923 0 102
1941316 0 102
1942750 0 102
1944224 0 103
1945801 0 101
1947194 0 102
1948689 0 102
1950102 0 103
1951658 0 101
1953194 0 102
1954607 0 102
1956102 0 102
1957638 0 102
1959092 0 102
1960526 0 102
1961959 0 103
1963475 0 101
1964990 0 102
1966404 0 103
1967919 0 101
1969373 0 102
2084142 0 42
2085658 0 38
2087153 0 39
2088648 0 38
2090081 0 37
2091535 0 42
2093092 0 45
2094546 0 39
2096082 0 42
2097618 0 42
2099174 0 59
2100608 0 52
2102165 0 61
2103639 0 37
2105154 0 51
2106649 0 50
2108063 0 59
2109558 0 68
2110991 0 38
2112466 0 51
2113961 0 51
2115476 0 50
2116971 0 55
2118487 0 51
2120002 0 69
2121518 0 43
2122992 0 60
2124467 0 65
2125962 0 48
2127416 0 51
2128931 0 50
2130365 0 53
2131798 0 64
2133355 0 44
2134911 0 56
2136406 0 59
2137881 0 65
2139315 0 45
2140850 0 51
2142304 0 53
2143840 0 63
2145315 0 39
2146810 0 49
2148366 0 67
2149882 0 40
2151418 0 53
2152913 0 59
2154367 0 51
2155883 0 52
2157296 0 57
2158791 0 66
2160306 0 44
2161781 0 51
2163296 0 55
2164853 0 50
2166266 0 53
2167781 0 56
2169317 0 56
2170853 0 72
2172389 0 39
2173905 0 58
2175420 0 66
2176874 0 47
2178390 0 54
2179823 0 72
2181257 0 39
2182752 0 49
2184267 0 72
2185721 0 37
2187155 0 54
2188691 0 53
2190145 0 59
2191701 0 55
2193278 0 53
2194835 0 55
2196371 0 72
2197763 0 41
2199299 0 54
2200835 0 50
2202351 0 65
2203764 0 39
2205218 0 56
2206692 0 53
2208249 0 53
2209764 0 59
2211280 0 56
2212714 0 65
2214127 0 46
2215581 0 59
2217055 0 66
2218550 0 43
2220045 0 55
2221520 0 50
2222994 0 60
2224428 0 69
2225902 0 41
2227418 0 56
2228892 0 51
2230326 0 64
2231821 0 43
2233337 0 51
2234811 0 49
2236306 0 62
2237719 0 43
2239153 0 53
2240648 0 52
2242163 0 61
2243658 0 44
2245071 0 59
2246525 0 54
2248020 0 58
2249577 0 68
2251031 0 47
2252567 0 56
2253980 0 59
2255393 0 50
2256827 0 50
2258301 0 65
2259776 0 41
2261332 0 55
2262786 0 58
2264281 0 52
2265817 0 72
2267353 0 43
2268889 0 53
2270425 0 60
2271900 0 65
2273374 0 44
2274787 0 56
2276221 0 59
2277716 0 49
2279170 0 51
2280645 0 55
2282078 0 53
2283471 0 52
2284945 0 69
2286379 0 43
2287874 0 49
2289410 0 54
2290802 0 52
2292318 0 50
2293751 0 51
2295267 0 55
2296803 0 61
2298298 0 45
2299793 0 59
2301329 0 60
2302844 0 55
2304319 0 61
2305753 0 45
2307186 0 56
2308702 0 69
2310238 0 40
2311774 0 57
2313228 0 59
2314661 0 53
2316074 0 60
2317590 0 53
2319064 0 55
2320641 0 61
2322116 0 47
2323549 0 57
2325085 0 66
2326560 0 41
2328096 0 57
2329632 0 50
2331045 0 51
2332499 0 58
2334076 0 70
2335550 0 44
2337025 0 54
2338520 0 52
2339933 0 66
2341387 0 44
2342944 0 59
2344357 0 54
2345893 0 58
2347326 0 67
2348883 0 47
2350378 0 58
2351811 0 71
2353204 0 37
2354740 0 55
2356296 0 62
2357791 0 47
2359348 0 55
2360802 0 51
2362215 0 53
2363751 0 51
2365246 0 63
2366782 0 44
2368215 0 53
2369710 0 70
2371103 0 46
2372619 0 59
2374093 0 61
2375527 0 41
2376960 0 57
2378414 0 59
2379950 0 55
2381384 0 65
2382817 0 45
2384292 0 55
2385807 0 60
2387200 0 51
2388757 0 55
2390211 0 57
2391706 0 49
2393242 0 62
2394737 0 46
2396170 0 59
2397604 0 57
2399058 0 60
2400553 0 72
2401945 0 44
2403379 0 56
2404792 0 55
2406205 0 72
2407700 0 48
2409216 0 51
2410670 0 64
2412165 0 43
2413598 0 50
2415134 0 50
2416650 0 53
2418145 0 68
2419619 0 43
2421073 0 52
2422589 0 52
2424145 0 52
2425640 0 52
2427156 0 64
2428671 0 45
2430084 0 52
2431600 0 51
2433136 0 53
2434590 0 52
2436105 0 49
2437621 0 53
2439136 0 63
2440672 0 39
2442126 0 57
2443621 0 56
2445035 0 49
2446509 0 59
2447943 0 50
2449356 0 53
2450769 0 56
2452284 0 71
2453759 0 37
2455295 0 58
2456851 0 53
2458305 0 70
2459698 0 38
2461152 0 53
2462688 0 58
2464122 0 60
2465637 0 50
2467132 0 49
2468607 0 57
2470184 0 65
2471617 0 46
2473071 0 49
2474607 0 58
2476061 0 58
2477577 0 64
2478990 0 38
2480403 0 53
2481918 0 56
2483393 0 58
2484908 0 55
2486383 0 50
2487878 0 53
2489393 0 50
2490929 0 64
2492465 0 45
2493960 0 57
2495435 0 68
2496889 0 47
2498405 0 60
2499838 0 56
2501333 0 71
2502787 0 40
2504241 0 50
2505695 0 65
2507149 0 42
2508644 0 59
2510119 0 50
2511655 0 59
2513170 0 57
2514645 0 67
2516140 0 47
2517594 0 54
2518987 0 54
2520420 0 49
2521833 0 58
2523410 0 67
2524967 0 43
2526462 0 54
2527977 0 69
2529472 0 43
2530926 0 56
2532339 0 55
2533834 0 56
2535247 0 53
2536804 0 63
2538340 0 45
2539896 0 56
2541391 0 68
2542866 0 43
2544340 0 57
2545794 0 60
2547228 0 68
2548764 0 41
2550320 0 60
2551836 0 49
2553270 0 61
2554744 0 42
2556178 0 59
2557611 0 64
2559147 0 38
2560642 0 56
2562117 0 54
2563653 0 68
2565168 0 44
2566602 0 57
2568076 0 72
2569510 0 48
2570964 0 50
2572520 0 55
2573954 0 66
2575428 0 37
2576883 0 51
2578378 0 57
2579832 0 56
2581327 0 52
2582781 0 56
2584317 0 51
2585853 0 49
2587327 0 64
2588822 0 39
2590235 0 51
2591689 0 69
2593266 0 46
2594843 0 60
2596318 0 53
2597833 0 51
2599328 0 52
2600885 0 55
2602359 0 70
2603875 0 38
2605308 0 52
2606803 0 53
2608339 0 57
2609793 0 59
2611350 0 54
2612886 0 57
2614299 0 59
2615814 0 65
2617371 0 42
2618845 0 49
2620381 0 52
2621835 0 60
2623289 0 69
2624805 0 48
2626361 0 51
2627815 0 55
2629351 0 60
2630765 0 49
2632280 0 67
2633775 0 46
2635209 0 55
2636663 0 60
2638117 0 57
2639632 0 52
2641066 0 50
2642622 0 54
2644138 0 69
2645633 0 37
2647169 0 51
2648684 0 50
2650138 0 49
2651695 0 55
2653149 0 53
2654623 0 61
2656098 0 47
2657572 0 55
2659047 0 71
2660603 0 45
2662119 0 55
2663675 0 53
2665191 0 54
2666604 0 60
2668119 0 59
2669573 0 69
2671007 0 46
2672543 0 56
2673977 0 57
2675451 0 55
2676905 0 51
2678359 0 56
2679916 0 52
2681370 0 70
2682865 0 43
2684401 0 55
2685957 0 56
2687411 0 57
2688927 0 49
2690401 0 56
2691917 0 69
2693473 0 39
2694989 0 50
2696484 0 67
2697958 0 39
2699453 0 60
2700928 0 70
2702300 0 45
2703836 0 50
2705372 0 57
2706826 0 64
2708382 0 43
2709795 0 49
2711311 0 54
2712765 0 57
2714280 0 56
2715816 0 58
2717291 0 63
2718806 0 44
2720220 0 51
2721612 0 52
2723066 0 56
2724500 0 56
2725933 0 56
2727387 0 56
2728841 0 66
2730275 0 39
2731791 0 51
2733245 0 59
2734699 0 72
2736235 0 39
2737709 0 56
2739184 0 67
2740617 0 42
2742133 0 55
2743710 0 51
2745184 0 54
2746618 0 72
2748010 0 37
2749505 0 60
2750960 0 49
2752373 0 51
2753888 0 54
2755404 0 57
2756919 0 61
2758414 0 44
2759868 0 57
2761302 0 69
2762715 0 42
2764230 0 57
2765664 0 69
2767138 0 42
2768592 0 50
2770026 0 57
2771583 0 67
2773118 0 41
2774654 0 57
2776109 0 54
2777583 0 55
2779099 0 64
2780655 0 38
2782109 0 58
2783645 0 52
2785120 0 57
2786696 0 61
2788212 0 40
2789768 0 56
2791182 0 50
2792595 0 58
2794151 0 59
2795708 0 72
2797243 0 46
2798677 0 49
2800111 0 70
2801483 0 44
2802978 0 53
2804452 0 57
2806029 0 58
2807606 0 54
2809142 0 58
2810719 0 52
2812132 0 68
2813627 0 47
2815163 0 59
2816638 0 50
2818174 0 52
2819730 0 58
2821225 0 63
2822741 0 38
2824297 0 50
2825731 0 71
2827205 0 41
2828741 0 57
2830298 0 68
2831834 0 37
2833370 0 50
2834885 0 71
2836298 0 42
2837834 0 50
2839309 0 59
2840865 0 51
2842381 0 65
2843896 0 41
2845391 0 53
2846825 0 68
2848279 0 41
2849815 0 58
2851330 0 60
2852784 0 61
2854197 0 41
2855672 0 57
2857126 0 61
2858682 0 46
2860239 0 53
2861652 0 53
2863188 0 49
2864703 0 50
2866219 0 51
2867714 0 58
2869148 0 54
2870622 0 62
2872056 0 39
2873571 0 52
2875148 0 62
2876602 0 37
2878036 0 51
2879531 0 59
2881087 0 59
2882582 0 53
2884036 0 55
2885449 0 49
2886965 0 56
2888501 0 61
2890057 0 46
2891491 0 56
2893047 0 69
2894481 0 43
2895996 0 60
2897553 0 55
2898986 0 59
2900399 0 70
2901833 0 37
2903246 0 59
2904721 0 61
2906236 0 43
2907813 0 51
2909267 0 51
2910660 0 52
2912134 0 51
2913527 0 51
2915001 0 70
2916394 0 39
2917828 0 50
2919261 0 61
2920736 0 47
2922292 0 54
2923746 0 55
2925282 0 70
2926695 0 41
2928231 0 50
2929665 0 60
2931160 0 56
2932614 0 60
2934068 0 50
2935502 0 70
2937017 0 47
2938512 0 58
2940048 0 68
2941605 0 48
2943079 0 54
2944635 0 56
2946131 0 62
2947646 0 47
2949059 0 58
2950616 0 55
2952090 0 50
2953544 0 59
2954998 0 70
2956452 0 41
2957886 0 55
2959340 0 54
2960814 0 62
2962289 0 40
2963845 0 56
2965299 0 50
2966856 0 49
2968412 0 52
2969948 0 67
2971382 0 46
2972938 0 55
2974433 0 49
2975969 0 49
2977505 0 51
2978959 0 70
2980434 0 45
2981929 0 49
2983445 0 61
2984960 0 46
2986516 0 51
2987929 0 50
2989363 0 56
3004538 0 104
3005930 0 104
3007466 0 104
3008859 0 104
3010313 0 104
3011788 0 104
3013221 0 104
3014655 0 104
3016068 0 104
3017501 0 104
3019037 0 105
3020532 0 105
3022048 0 106
3023461 0 104
3025017 0 105
3026410 0 105
3027803 0 105
3029339 0 106
3030793 0 104
3032185 0 105
3033639 0 106
3035073 0 104
3036486 0 105
3038042 0 105
3039599 0 105
3041012 0 105
3042548 0 105
3044104 0 106
3045640 0 104
3047156 0 105
3048589 0 105
3050105 0 106
3051661 0 104
3053115 0 105
3054528 0 106
3055962 0 104
3057416 0 105
3058911 0 105
3060427 0 106
3061983 0 104
3063478 0 105
3064953 0 105
3066509 0 105
3067943 0 105
3069458 0 105
3070953 0 106
3072407 0 104
3073820 0 105
3075336 0 105
3076892 0 105
3078408 0 105
3079821 0 105
3081336 0 106
3082811 0 104
3084306 0 105
3085719 0 105
3087275 0 105
3088709 0 105
3090163 0 106
3091638 0 104
3093174 0 105
3094607 0 105
3096041 0 105
3097495 0 105
3098990 0 106
3100444 0 104
3101878 0 105
3103270 0 105
3104786 0 105
3106219 0 105
3107632 0 106
3109148 0 104
3110622 0 105
3112056 0 105
3113551 0 105
3115066 0 105
3116479 0 105
3117892 0 105
3119367 0 106
3120780 0 104
3122234 0 105
3123750 0 105
3125286 0 105
3126801 0 105
3128317 0 105
3129771 0 106
3131266 0 104
3132658 0 105
3134092 0 105
3135587 0 105
3137000 0 105
3138536 0 105
3140092 0 106
3141628 0 104
3143021 0 105
3144496 0 106
3146011 0 104
3147424 0 105
3148837 0 105
3150250 0 105
3151663 0 105
3153117 0 105
3154510 0 106
3156067 0 104
3157562 0 105
3159016 0 106
3160470 0 104
3161965 0 105
3163521 0 105
3165078 0 105
3166491 0 105
3167986 0 105
3169378 0 105
3170791 0 105
3172245 0 106
3173700 0 104
3175215 0 105
3176771 0 105
3178205 0 105
3179762 0 105
3181318 0 106
3182813 0 104
3184247 0 105
3185783 0 106
3187216 0 104
3188752 0 105
3190247 0 106
3191804 0 104
3193360 0 105
3194896 0 105
3196309 0 106
3197763 0 104
3199156 0 105
3200610 0 105
3202146 0 105
3203620 0 105
3205177 0 106
3206733 0 104
3208249 0 105
3209785 0 105
3211321 0 105
3212754 0 105
3214208 0 105
3215744 0 106
3217178 0 104
3218591 0 105
3220065 0 106
3221622 0 104
3223117 0 105
3224653 0 106
3226189 0 104
3227622 0 105
3229158 0 106
3230592 0 104
3232005 0 105
3233480 0 106
3234995 0 104
3236511 0 105
3237944 0 106
3239378 0 104
3240893 0 105
3242347 0 106
3243883 0 104
3245378 0 105
3246853 0 105
3248389 0 105
3249822 0 105
3251256 0 105
3252730 0 105
3254164 0 106
3255618 0 104
3257031 0 105
3258485 0 106
3260021 0 104
3261455 0 105
3262868 0 105
3264342 0 105
3265796 0 105
3267251 0 105
3268787 0 106
3270241 0 104
3271715 0 105
3273190 0 106
3274644 0 104
3276200 0 105
3277613 0 105
3279108 0 105
3280501 0 105
3282016 0 105
3283450 0 106
3284986 0 104
3286399 0 105
3287833 0 106
3289246 0 104
3290638 0 105
3292113 0 106
3293546 0 104
3294960 0 105
3296455 0 106
3297888 0 104
3299363 0 105
3300796 0 105
3302271 0 105
3303725 0 105
3305199 0 106
3306653 0 104
3308067 0 105
3309521 0 106
3310995 0 104
3312490 0 105
3313985 0 105
3315378 0 106
3316893 0 104
3318388 0 105
3319904 0 105
3321399 0 105
3322935 0 105
3324450 0 105
3325925 0 105
3327420 0 106
3328853 0 104
3330287 0 105
3331700 0 106
3333236 0 104
3334649 0 105
3336103 0 105
3337578 0 105
3339052 0 105
3340506 0 105
3341940 0 106
3343476 0 104
3344889 0 105
3346384 0 106
3347920 0 104
3349374 0 105
3350910 0 105
3352446 0 105
3353900 0 105
3355415 0 106
3356931 0 104
3358344 0 105
3359757 0 106
3361170 0 104
3362665 0 105
3364140 0 105
3365553 0 105
3367109 0 105
3368645 0 106
3370038 0 104
3371492 0 105
3372966 0 105
3374441 0 105
3375854 0 105
3377349 0 105
3378803 0 106
3380237 0 104
3381732 0 105
3383288 0 105
3384763 0 106
3386258 0 104
3387773 0 105
3389166 0 106
3390722 0 104
3392135 0 105
3393549 0 105
3395044 0 105
3396559 0 105
3397993 0 106
3399467 0 104
3400983 0 105
3402437 0 105
3403952 0 105
3405509 0 105
3406942 0 105
3408396 0 105
3409953 0 106
3411427 0 104
3412922 0 105
3414356 0 105
3415830 0 105
3417305 0 105
3418841 0 106
3420397 0 104
3421913 0 105
3423326 0 105
3424780 0 105
3426193 0 105
3427606 0 105
3429060 0 105
3430555 0 106
3432009 0 104
3433525 0 105
3434999 0 106
3436556 0 104
3438092 0 105
3439566 0 105
3441082 0 105
3442556 0 105
3444092 0 105
3445587 0 105
3447000 0 105
3448495 0 106
3450052 0 104
3451567 0 105
3453062 0 105
3454455 0 105
3455848 0 106
3457363 0 104
3458776 0 105
3460189 0 105
3461643 0 105
3463077 0 106
3464592 0 104
3466067 0 105
3467582 0 106
3469077 0 104
3470572 0 105
3472108 0 106
3473624 0 104
3475139 0 105
3476634 0 106
3478048 0 104
3479461 0 105
3480956 0 105
3482451 0 105
3483987 0 106
3485523 0 104
3486977 0 105
3488513 0 105
3489967 0 105
3491482 0 105
3492895 0 106
3494411 0 104
3495926 0 105
3497401 0 106
3498855 0 104
3500391 0 105
3501804 0 105
3503197 0 105
3504692 0 106
3506105 0 104
3507579 0 105
3509115 0 105
3510590 0 106
3512146 0 104
3513662 0 105
3515095 0 106
3516508 0 104
3517983 0 105
3519416 0 106
3520871 0 104
3522325 0 105
3523799 0 106
3525315 0 104
3526830 0 105
3528386 0 105
3529922 0 105
3531376 0 105
3532851 0 106
3534387 0 104
3535923 0 105
3537336 0 105
3538790 0 105
3540203 0 105
3541739 0 105
3543214 0 106
3544668 0 104
3546142 0 105
3547678 0 105
3549214 0 105
3550627 0 105
3552184 0 105
3553720 0 105
3555133 0 106
3556669 0 104
3558082 0 105
3559475 0 106
3560949 0 104
3562362 0 105
3563775 0 105
3565168 0 106
3566602 0 104
3568015 0 105
3569510 0 105
3571005 0 105
3572541 0 106
3573995 0 104
3575510 0 105
3577026 0 105
3578521 0 105
3579954 0 105
3581367 0 105
3582862 0 106
3584337 0 104
3585770 0 105
3587163 0 105
3588699 0 105
3590235 0 105
3591628 0 105
3593184 0 106
3594700 0 104
3596195 0 105
3597669 0 105
3599123 0 105
3600536 0 105
3601949 0 106
3603485 0 104
3604980 0 105
3606373 0 105
3607929 0 105
3609465 0 105
3610981 0 106
3612455 0 104
3613868 0 105
3615323 0 105
3616756 0 105
3618169 0 106
3619685 0 104
3621098 0 105
3622593 0 106
3624026 0 104
3625501 0 105
3626894 0 106
3628348 0 104
3629822 0 105
3631317 0 106
3632751 0 104
3634266 0 105
3635761 0 105
3637277 0 105
3638690 0 106
3640123 0 104
3641680 0 105
3643093 0 106
3644629 0 104
3646063 0 105
3647476 0 105
3648991 0 105
3650425 0 105
3651981 0 105
3653374 0 105
3654787 0 105
3656302 0 106
3657715 0 104
3659210 0 105
3660705 0 106
3662180 0 104
3663736 0 105
3665190 0 105
3666583 0 106
3668119 0 104
3669594 0 105
3671109 0 105
3672522 0 105
3673915 0 106
3675430 0 104
3676925 0 105
3678400 0 105
3679936 0 105
3681410 0 105
3682803 0 105
3684216 0 106
3685670 0 104
3687083 0 105
3688619 0 105
3690114 0 105
3691671 0 105
3693084 0 105
3694517 0 106
3696053 0 104
3697446 0 105
3699002 0 105
3700477 0 105
3701931 0 105
3703344 0 106
3704757 0 104
3706314 0 105
3707727 0 105
3709181 0 105
3710614 0 106
3712048 0 104
3713584 0 105
3715017 0 106
3716431 0 104
3717905 0 105
3719359 0 106
3720834 0 104
3722308 0 105
3723865 0 105
3725257 0 105
3726752 0 105
3728288 0 105
3729681 0 105
3731094 0 105
3732548 0 106
3734104 0 104
3735559 0 105
3737095 0 105
3738631 0 105
3740146 0 105
3741600 0 105
3743054 0 106
3744570 0 104
3746085 0 105
3747642 0 105
3749198 0 105
3750632 0 105
3752065 0 106
3753622 0 104
3755076 0 105
3756489 0 105
3757922 0 105
3759335 0 105
3760830 0 105
3762366 0 106
3763861 0 104
3765275 0 105
3766708 0 106
3768162 0 104
3769678 0 105
3771173 0 106
3772586 0 104
3774101 0 105
3775535 0 105
3777091 0 106
3778586 0 104
3780061 0 105
3781515 0 106
3783051 0 104
3784505 0 105
3785938 0 105
3787474 0 105
3788990 0 106
3790444 0 104
3791919 0 105
3793352 0 105
3794868 0 105
3796301 0 105
3797755 0 105
3799230 0 106
3800643 0 104
3802179 0 105
3803674 0 106
3805087 0 104
3806541 0 105
3808056 0 105
3809531 0 105
3810985 0 105
3812419 0 105
3813934 0 105
3815327 0 106
3816740 0 104
3818296 0 105
3819750 0 105
3821184 0 106
3822638 0 104
3824072 0 105
3825608 0 105
3827082 0 105
3828557 0 105
3830072 0 105
3831526 0 105
3833042 0 106
3834475 0 104
3835970 0 105
3837404 0 105
3838960 0 105
3840373 0 105
3841786 0 106
3843343 0 104
3844736 0 105
3846190 0 105
3847746 0 105
3849139 0 105
3850675 0 105
3852170 0 106
3853726 0 104
3855119 0 105
3856532 0 106
3858027 0 104
3859522 0 105
3861017 0 105
3862573 0 106
3864089 0 104
3865563 0 105
3866997 0 105
3868471 0 106
3869925 0 104
3871339 0 105
3872834 0 105
3874226 0 106
3875762 0 104
3877278 0 105
3878691 0 106
3880227 0 104
3881660 0 105
3883114 0 106
3884671 0 104
3886125 0 105
3887640 0 105
3889156 0 105
3890651 0 105
3892105 0 105
3893498 0 105
3894972 0 105
3896529 0 106
3897942 0 104
3899437 0 105
3900911 0 105
3902324 0 105
