64707 0 10
66223 0 11
67759 0 1
69172 0 12
70564 0 12
72100 0 5
73575 0 9
75049 0 6
76606 0 10
78121 0 9
79637 0 20
81091 0 16
82606 0 30
84060 0 9
85617 0 22
87091 0 33
88648 0 2
90143 0 20
91597 0 20
93112 0 15
94607 0 14
96000 0 13
97515 0 27
99031 0 2
100526 0 14
101980 0 33
103496 0 5
105032 0 13
106506 0 22
108001 0 14
109414 0 35
110909 0 7
112466 0 17
113858 0 26
115312 0 5
116725 0 21
118159 0 24
119674 0 13
121210 0 17
122664 0 22
124221 0 19
125777 0 25
127334 0 5
128767 0 21
130324 0 28
131757 0 4
133212 0 18
134768 0 27
136161 0 2
137594 0 13
139069 0 18
140605 0 17
142141 0 20
143615 0 13
145151 0 34
146544 0 1
147936 0 23
149472 0 15
150967 0 22
152503 0 35
153937 0 6
155391 0 15
156845 0 21
158401 0 36
159917 0 3
161473 0 24
162886 0 18
164341 0 24
165815 0 27
167331 0 6
168846 0 21
170280 0 17
171795 0 14
173270 0 35
174785 0 8
176239 0 21
177714 0 24
179127 0 25
180601 0 10
182055 0 13
183448 0 18
184984 0 17
186499 0 32
187954 0 1
189428 0 19
190923 0 15
192439 0 34
193954 0 2
195388 0 19
196944 0 21
198419 0 21
199975 0 30
201388 0 3
202781 0 16
204235 0 21
205812 0 14
207266 0 19
208720 0 23
210174 0 28
211567 0 5
213062 0 15
214475 0 27
215929 0 4
217301 0 23
218734 0 19
220270 0 16
221765 0 19
223199 0 16
224633 0 16
226046 0 26
227541 0 4
228933 0 14
230408 0 16
231903 0 21
233357 0 17
234749 0 17
236265 0 36
237760 0 12
239275 0 15
240668 0 15
242184 0 18
243679 0 32
245194 0 2
246587 0 23
248061 0 21
249474 0 17
250887 0 30
252280 0 9
253816 0 17
255373 0 13
256765 0 20
258240 0 28
259776 0 11
261312 0 23
262725 0 19
264281 0 20
265797 0 13
267271 0 27
268664 0 4
270077 0 14
271469 0 29
273005 0 8
274460 0 24
275955 0 17
277450 0 23
279006 0 29
280521 0 1
281955 0 21
283409 0 18
284925 0 33
286420 0 8
287874 0 20
289451 0 27
290884 0 10
292318 0 16
293833 0 17
295369 0 16
296823 0 26
298318 0 5
299793 0 14
301329 0 18
302742 0 20
304339 0 21
305773 0 19
307268 0 33
308681 0 11
310196 0 15
311610 0 35
313125 0 5
314579 0 23
316095 0 22
317590 0 15
319023 0 35
320477 0 8
321911 0 21
323488 0 17
324921 0 14
326416 0 15
327809 0 28
329243 0 7
330758 0 20
332314 0 34
333707 0 10
335202 0 13
336738 0 33
338213 0 6
339626 0 21
341162 0 20
342718 0 14
344254 0 27
345667 0 2
347101 0 22
348678 0 24
350214 0 23
351668 0 15
353101 0 21
354637 0 33
356173 0 12
357709 0 23
359225 0 35
360699 0 4
362133 0 22
363607 0 34
365041 0 9
366515 0 24
368010 0 18
369505 0 17
371041 0 30
372414 0 3
373909 0 20
375363 0 15
376899 0 21
378455 0 22
379889 0 24
381322 0 34
382735 0 1
384251 0 14
385705 0 20
387282 0 18
388818 0 22
390313 0 24
391767 0 23
393282 0 32
394798 0 9
396375 0 19
397849 0 16
399283 0 15
400737 0 16
402109 0 34
403645 0 1
405140 0 15
406676 0 31
408232 0 3
409768 0 21
411182 0 15
412718 0 17
414110 0 22
415646 0 21
417141 0 33
418575 0 11
420090 0 14
421626 0 29
423162 0 6
424698 0 16
426173 0 20
427647 0 22
429142 0 18
430637 0 19
432112 0 15
433566 0 29
435020 0 1
436535 0 15
438071 0 30
439443 0 7
440938 0 21
442515 0 19
444031 0 21
445464 0 25
446980 0 5
448454 0 13
449868 0 21
451322 0 14
452858 0 17
454332 0 19
455807 0 21
457281 0 19
458797 0 32
460189 0 8
461766 0 18
463220 0 29
464736 0 2
466190 0 23
467726 0 35
469160 0 1
470613 0 15
472027 0 14
473542 0 33
475017 0 1
476512 0 20
478048 0 30
479420 0 10
480874 0 13
482369 0 33
483884 0 3
485277 0 23
486710 0 14
488205 0 26
489619 0 5
491032 0 16
492424 0 21
493899 0 14
495291 0 23
496807 0 26
498179 0 10
499735 0 24
501190 0 15
502603 0 32
504139 0 3
505634 0 21
507088 0 24
508603 0 16
510016 0 20
511532 0 30
513047 0 11
514542 0 14
516017 0 26
517471 0 6
518904 0 15
520358 0 14
521894 0 13
523328 0 23
524782 0 23
526195 0 27
527711 0 11
529165 0 18
530639 0 34
532032 0 1
533568 0 20
535022 0 18
536578 0 25
538073 0 6
539609 0 17
541043 0 21
542620 0 18
544053 0 16
545446 0 21
546900 0 24
548354 0 32
549870 0 2
551303 0 23
552860 0 18
554314 0 19
555809 0 24
557345 0 25
558860 0 5
560335 0 14
561871 0 20
563448 0 14
564963 0 16
566397 0 22
567953 0 27
569489 0 5
570964 0 22
572500 0 30
573974 0 5
575490 0 21
577026 0 31
578521 0 5
580057 0 13
581470 0 16
582985 0 16
584439 0 20
585996 0 14
587491 0 26
588883 0 11
590358 0 17
591832 0 24
593368 0 21
594925 0 20
596522 0 23
597956 0 29
599492 0 5
601048 0 13
602502 0 33
603915 0 3
605329 0 21
606824 0 19
608400 0 13
609854 0 27
611329 0 6
612804 0 20
614278 0 30
615753 0 11
617248 0 24
618722 0 25
620156 0 7
621610 0 24
623064 0 14
624518 0 18
626013 0 19
627467 0 18
628901 0 24
630396 0 32
631788 0 1
633304 0 24
634696 0 26
636130 0 2
637604 0 14
638997 0 26
640451 0 11
641885 0 22
643359 0 24
644813 0 33
646226 0 2
647762 0 17
649155 0 18
650670 0 23
652124 0 20
653701 0 23
655217 0 15
656671 0 35
658146 0 7
659661 0 21
661176 0 24
662692 0 17
664105 0 32
665580 0 2
666972 0 17
668488 0 15
669921 0 18
671416 0 28
672952 0 9
674406 0 13
675922 0 21
677478 0 18
678932 0 19
680509 0 18
682025 0 22
683581 0 15
685117 0 27
686592 0 10
688066 0 18
689479 0 26
690995 0 8
692551 0 23
693964 0 18
695398 0 19
696893 0 25
698449 0 10
699985 0 16
701378 0 13
702914 0 17
704388 0 20
705924 0 18
707460 0 20
708996 0 15
710491 0 32
712007 0 12
713543 0 22
715079 0 26
716451 0 4
717864 0 24
719298 0 31
720731 0 2
722226 0 17
723680 0 14
725216 0 14
726711 0 15
728247 0 15
729763 0 32
731278 0 6
732753 0 16
734227 0 20
735681 0 22
737217 0 22
738651 0 17
740125 0 33
741539 0 9
743115 0 17
744631 0 19
746085 0 16
747601 0 17
749055 0 13
750509 0 29
752024 0 11
753499 0 18
754973 0 19
756468 0 18
758004 0 30
759479 0 7
761056 0 22
762571 0 20
764107 0 22
765643 0 14
767056 0 18
768531 0 32
770026 0 4
771541 0 18
773057 0 16
774470 0 30
775903 0 2
777296 0 22
778852 0 21
780347 0 23
781842 0 24
783378 0 35
784914 0 11
786450 0 15
787945 0 27
789461 0 10
790997 0 21
792410 0 15
793823 0 14
795339 0 35
796854 0 11
798267 0 21
799701 0 28
801216 0 5
802670 0 14
804104 0 17
805599 0 23
807053 0 15
808589 0 26
810002 0 4
811415 0 23
812890 0 19
814426 0 16
815941 0 32
817436 0 11
818972 0 24
820467 0 18
821962 0 17
823375 0 16
824809 0 25
826222 0 11
827717 0 18
829273 0 21
830748 0 23
832181 0 18
833656 0 27
835151 0 5
836625 0 14
838039 0 33
839554 0 12
840967 0 17
842360 0 35
843834 0 8
845288 0 23
846742 0 15
848197 0 23
849630 0 20
851146 0 18
852620 0 36
854115 0 11
855528 0 24
856941 0 19
858498 0 23
860013 0 13
861549 0 17
862962 0 16
864375 0 32
865870 0 12
867284 0 16
868717 0 21
870294 0 24
871810 0 22
873223 0 35
874759 0 4
876213 0 24
877687 0 19
879264 0 15
880780 0 23
882193 0 13
883647 0 20
885101 0 20
886678 0 33
888173 0 5
889586 0 17
891101 0 28
892514 0 7
894091 0 23
895525 0 15
897061 0 16
898597 0 21
900133 0 27
901607 0 1
903020 0 24
904577 0 27
906092 0 11
907506 0 14
908898 0 27
910414 0 2
911847 0 23
913404 0 31
914919 0 5
916312 0 22
917827 0 22
919240 0 18
920735 0 16
922148 0 15
923541 0 29
924934 0 3
926388 0 24
927883 0 24
929275 0 14
930729 0 13
932265 0 23
933719 0 22
935276 0 36
936771 0 1
938164 0 13
939679 0 28
941235 0 11
942792 0 16
944307 0 34
945721 0 4
947154 0 16
948608 0 14
950124 0 23
951680 0 24
953134 0 21
954568 0 23
956022 0 21
957476 0 34
958971 0 4
960466 0 13
962002 0 18
963497 0 31
964992 0 1
966487 0 14
1385252 0 101
1386727 0 101
1388222 0 101
1389635 0 101
1391151 0 101
1392686 0 101
1394161 0 101
1395697 0 101
1397151 0 101
1398687 0 101
1400162 0 102
1401677 0 102
1403172 0 102
1404626 0 103
1406101 0 101
1407575 0 102
1409029 0 102
1410422 0 102
1411855 0 102
1413248 0 102
1414764 0 102
1416218 0 103
1417733 0 101
1419187 0 102
1420744 0 102
1422259 0 102
1423734 0 102
1425147 0 102
1426560 0 103
1428137 0 101
1429591 0 102
1430983 0 102
1432478 0 103
1433973 0 101
1435468 0 102
1437004 0 102
1438458 0 102
1439892 0 102
1441346 0 103
1442800 0 101
1444213 0 102
1445749 0 102
1447183 0 102
1448575 0 102
1450070 0 103
1451524 0 101
1452958 0 102
1454371 0 103
1455784 0 101
1457218 0 102
1458672 0 102
1460208 0 102
1461744 0 103
1463321 0 101
1464836 0 102
1466290 0 103
1467703 0 101
1469198 0 102
1470591 0 102
1472066 0 102
1473540 0 102
1475076 0 103
1476632 0 101
1478046 0 102
1479541 0 102
1480954 0 102
1482387 0 102
1483882 0 102
1485398 0 103
1486872 0 101
1488265 0 102
1489821 0 102
1491275 0 102
1492750 0 103
1494286 0 101
1495822 0 102
1497296 0 103
1498730 0 101
1500184 0 102
1501577 0 102
1502990 0 103
1504485 0 101
1506041 0 102
1507475 0 102
1508970 0 102
1510485 0 102
1512001 0 102
1513537 0 102
1515032 0 103
1516486 0 101
1517899 0 102
1519394 0 102
1520889 0 102
1522282 0 102
1523818 0 102
1525354 0 103
1526767 0 101
1528241 0 102
1529675 0 103
1531190 0 101
1532726 0 102
1534262 0 103
1535819 0 101
1537334 0 102
1538809 0 102
1540263 0 102
1541676 0 102
1543068 0 103
1544543 0 101
1546058 0 102
1547492 0 102
1548987 0 103
1550543 0 101
1551957 0 102
1553411 0 102
1554865 0 102
1556257 0 102
1557752 0 103
1559206 0 101
1560660 0 102
1562074 0 102
1563630 0 102
1565125 0 102
1566579 0 102
1567992 0 102
1569446 0 102
1570962 0 103
1572539 0 101
1574013 0 102
1575426 0 103
1576880 0 101
1578334 0 102
1579829 0 103
1581263 0 101
1582819 0 102
1584232 0 103
1585707 0 101
1587100 0 102
1588492 0 103
1590069 0 101
1591605 0 102
1593141 0 103
1594554 0 101
1596049 0 102
1597585 0 103
1599060 0 101
1600514 0 102
1602070 0 103
1603483 0 101
1605040 0 102
1606432 0 102
1607968 0 102
1609402 0 102
1610897 0 102
1612433 0 103
1613969 0 101
1615423 0 102
1616938 0 102
1618331 0 102
1619765 0 103
1621260 0 101
1622652 0 102
1624065 0 103
1625560 0 101
1626973 0 102
1628468 0 102
1629861 0 102
1631254 0 102
1632708 0 102
1634182 0 102
1635657 0 103
1637172 0 101
1638688 0 102
1640121 0 102
1641616 0 102
1643070 0 103
1644484 0 101
1645938 0 102
1647371 0 102
1648784 0 102
1650320 0 102
1651856 0 102
1653331 0 103
1654867 0 101
1656403 0 102
1657816 0 103
1659352 0 101
1660744 0 102
1662260 0 102
1663693 0 102
1665107 0 102
1666561 0 102
1667974 0 103
1669469 0 101
1670923 0 102
1672418 0 103
1673831 0 101
1675223 0 102
1676739 0 103
1678173 0 101
1679688 0 102
1681183 0 102
1682617 0 102
1684030 0 102
1685566 0 102
1686999 0 103
1688433 0 101
1689969 0 102
1691464 0 103
1693000 0 101
1694474 0 102
1695969 0 103
1697403 0 101
1698898 0 102
1700311 0 103
1701745 0 101
1703240 0 102
1704755 0 103
1706209 0 101
1707622 0 102
1709158 0 103
1710571 0 101
1712025 0 102
1713418 0 102
1714831 0 102
1716265 0 102
1717739 0 102
1719173 0 103
1720709 0 101
1722122 0 102
1723678 0 103
1725132 0 101
1726607 0 102
1728061 0 102
1729597 0 103
1731051 0 101
1732526 0 102
1734041 0 102
1735454 0 102
1737011 0 103
1738485 0 101
1739878 0 102
1741311 0 103
1742745 0 101
1744178 0 102
1745694 0 103
1747189 0 101
1748725 0 102
1750179 0 102
1751572 0 102
1753108 0 102
1754603 0 103
1756098 0 101
1757531 0 102
1759067 0 102
1760603 0 102
1762016 0 103
1763470 0 101
1764863 0 102
1766399 0 102
1767832 0 102
1769348 0 102
1770822 0 103
1772379 0 101
1773812 0 102
1775307 0 102
1776782 0 102
1778298 0 102
1779731 0 103
1781247 0 101
1782701 0 102
1784237 0 102
1785773 0 102
1787206 0 102
1788681 0 102
1790176 0 102
1791630 0 103
1793125 0 101
1794558 0 102
1795992 0 102
1797385 0 102
1798798 0 103
1800293 0 101
1801767 0 102
1803221 0 102
1804655 0 103
1806150 0 101
1807542 0 102
1808935 0 103
1810451 0 101
1811884 0 102
1813420 0 103
1814915 0 101
1816431 0 102
1817823 0 103
1819339 0 101
1820834 0 102
1822370 0 102
1823824 0 102
1825319 0 102
1826814 0 103
1828309 0 101
1829742 0 102
1831278 0 102
1832753 0 102
1834166 0 102
1835620 0 102
1837135 0 102
1838671 0 103
1840125 0 101
1841641 0 102
1843116 0 102
1844549 0 102
1846085 0 102
1847478 0 102
1849014 0 102
1850427 0 103
1851963 0 101
1853478 0 102
1854953 0 102
1856489 0 102
1858004 0 102
1859479 0 102
1860933 0 103
1862510 0 101
1863943 0 102
1865438 0 103
1866974 0 101
1868387 0 102
1869841 0 103
1871357 0 101
1872790 0 102
1874224 0 103
1875678 0 101
1877132 0 102
1878586 0 103
1880122 0 101
1881597 0 102
1882989 0 102
1884484 0 102
1885898 0 102
1887392 0 103
1888908 0 101
1890321 0 102
1891734 0 103
1893291 0 101
1894847 0 102
1896240 0 102
1897735 0 102
1899250 0 103
1900766 0 101
1902199 0 102
1903715 0 103
1905251 0 101
1906787 0 102
1908261 0 102
1909654 0 102
1911169 0 102
1912644 0 103
1914118 0 101
1915634 0 102
1917129 0 102
1918522 0 102
1919955 0 102
1921409 0 103
1922884 0 101
1924379 0 102
1925894 0 102
1927307 0 102
1928823 0 102
1930236 0 102
1931669 0 102
1933124 0 103
1934680 0 101
1936236 0 102
1937690 0 102
1939124 0 102
1940578 0 103
1942012 0 101
1943507 0 102
1945043 0 102
1946538 0 102
1947951 0 102
1949405 0 103
1950879 0 101
1952395 0 102
1953951 0 102
1955344 0 102
1956818 0 102
1958232 0 102
1959767 0 103
1961283 0 101
1962758 0 102
1964232 0 102
1965727 0 102
1967222 0 102
1968697 0 102
1970233 0 103
1971666 0 101
1973059 0 102
1974574 0 102
1976069 0 102
1977482 0 102
1979018 0 102
1980452 0 103
1981988 0 101
1983381 0 102
1984896 0 102
1986391 0 102
1987866 0 103
1989279 0 101
1990753 0 102
1992289 0 102
1993805 0 102
1995218 0 102
1996713 0 102
1998105 0 103
1999641 0 101
2001116 0 102
2002652 0 102
2004065 0 102
2005580 0 102
2007096 0 102
2008550 0 103
2010086 0 101
2011499 0 102
2012892 0 103
2014407 0 101
2015882 0 102
2017336 0 102
2018851 0 102
2020264 0 102
2021718 0 103
2023295 0 101
2024852 0 102
2026388 0 103
2027944 0 101
2029378 0 102
2030770 0 103
2032286 0 101
2033781 0 102
2035255 0 102
2036689 0 102
2038164 0 103
2039577 0 101
2041051 0 102
2042567 0 102
2043959 0 102
2045434 0 103
2046970 0 101
2048526 0 102
2049980 0 103
2051455 0 101
2052991 0 102
2054465 0 102
2056001 0 102
2057537 0 102
2059012 0 102
2060548 0 103
2062104 0 101
2063640 0 102
2065135 0 102
2066569 0 102
2067961 0 103
2069538 0 101
2070992 0 102
2072487 0 102
2074023 0 102
2075436 0 102
2076972 0 102
2078427 0 103
2079860 0 101
2081253 0 102
2082748 0 102
2084161 0 102
2085574 0 102
2087089 0 102
2088543 0 103
2090039 0 101
2091452 0 102
2092988 0 102
2094503 0 102
2095896 0 103
2097329 0 101
2098824 0 102
2100217 0 102
2101650 0 102
2103145 0 103
2104599 0 101
2106054 0 102
2107610 0 103
2109064 0 101
2110477 0 102
2111931 0 103
2113447 0 101
2114921 0 102
2116457 0 102
2117870 0 102
2119365 0 102
2120840 0 102
2122355 0 103
2123809 0 101
2125263 0 102
2126656 0 102
2128069 0 102
2129564 0 102
2131039 0 103
2132554 0 101
2133947 0 102
2135421 0 102
2136875 0 102
2138350 0 102
2139804 0 103
2141319 0 101
2142712 0 102
2144187 0 103
2145723 0 101
2147177 0 102
2148590 0 103
2150146 0 101
2151662 0 102
2153116 0 102
2154549 0 102
2155962 0 102
2157416 0 103
2158973 0 101
2160468 0 102
2161984 0 102
2163458 0 103
2164892 0 101
2166407 0 102
2167861 0 102
2169295 0 102
2170708 0 102
2172121 0 102
2173575 0 102
2175111 0 103
2176647 0 101
2178060 0 102
2179473 0 102
2180948 0 102
2182422 0 102
2183815 0 102
2185207 0 102
2186620 0 103
2188115 0 101
2189651 0 102
2191146 0 103
2192703 0 101
2194198 0 102
2195734 0 102
2197290 0 103
2198847 0 101
2200260 0 102
2201673 0 103
2203209 0 101
2204622 0 102
2206015 0 102
2207428 0 102
2208841 0 102
2210315 0 102
2211831 0 103
2213367 0 101
2214862 0 102
2216398 0 102
2217811 0 103
2219265 0 101
2220780 0 102
2222194 0 102
2223586 0 102
2225040 0 102
2226433 0 102
2227948 0 103
2229505 0 101
2230938 0 102
2232331 0 103
2233785 0 101
2235300 0 102
2236714 0 102
2238127 0 102
2239560 0 103
2241055 0 101
2242530 0 102
2244066 0 102
2245520 0 103
2247035 0 101
2248448 0 102
2249964 0 102
2251438 0 102
2252974 0 102
2254490 0 102
2255883 0 103
2257316 0 101
2258832 0 102
2260224 0 102
2261678 0 102
2263194 0 103
2264689 0 101
2266102 0 102
2267576 0 102
2269071 0 102
2270566 0 102
2272082 0 102
2273556 0 102
2274970 0 103
2276526 0 101
2278062 0 102
2279516 0 102
2281011 0 102
2282567 0 102
2411108 0 48
2412644 0 39
2414098 0 37
2415552 0 44
2417047 0 38
2418480 0 46
2420057 0 38
2421573 0 42
2423027 0 44
2424522 0 43
2426078 0 60
2427594 0 60
2429007 0 67
2430502 0 42
2431977 0 55
2433410 0 70
2434782 0 43
2436318 0 54
2437711 0 65
2439206 0 44
2440701 0 57
2442196 0 49
2443691 0 66
2445206 0 42
2446742 0 58
2448299 0 55
2449732 0 59
2451268 0 50
2452784 0 55
2454218 0 54
2455610 0 68
2457044 0 41
2458559 0 56
2460075 0 70
2461467 0 41
2463003 0 51
2464498 0 51
2465952 0 59
2467488 0 50
2468901 0 57
2470458 0 61
2471953 0 42
2473407 0 53
2474943 0 49
2476499 0 55
2478015 0 53
2479469 0 55
2480923 0 70
2482438 0 37
2483954 0 51
2485469 0 70
2486985 0 45
2488480 0 52
2489995 0 57
2491449 0 51
2492985 0 69
2494542 0 42
2496078 0 50
2497491 0 50
2499006 0 50
2500542 0 52
2502078 0 63
2503573 0 40
2505007 0 56
2506481 0 56
2508038 0 57
2509512 0 66
2510987 0 45
2512523 0 52
2513957 0 69
2515493 0 44
2516926 0 51
2518483 0 51
2520019 0 54
2521473 0 51
2522947 0 62
2524463 0 38
2525937 0 60
2527350 0 52
2528866 0 58
2530361 0 60
2531835 0 68
2533289 0 42
2534702 0 55
2536218 0 60
2537692 0 57
2539167 0 58
2540662 0 66
2542157 0 41
2543632 0 57
2545147 0 58
2546663 0 68
2548199 0 44
2549734 0 53
2551270 0 64
2552745 0 40
2554260 0 58
2555755 0 58
2557210 0 68
2558725 0 46
2560241 0 55
2561715 0 52
2563169 0 52
2564582 0 55
2566057 0 56
2567490 0 72
2568944 0 47
2570398 0 56
2571955 0 52
2573491 0 52
2575027 0 52
2576501 0 57
2577935 0 58
2579471 0 53
2580904 0 61
2582440 0 43
2583894 0 57
2585451 0 57
2586966 0 51
2588502 0 55
2589977 0 70
2591349 0 39
2592885 0 57
2594339 0 60
2595773 0 58
2597227 0 54
2598619 0 51
2600155 0 63
2601712 0 47
2603186 0 55
2604743 0 52
2606156 0 51
2607671 0 55
2609084 0 58
2610600 0 72
2612095 0 47
2613529 0 50
2615003 0 62
2616498 0 44
2618075 0 55
2619550 0 54
2620983 0 50
2622519 0 57
2624035 0 49
2625448 0 56
2627004 0 72
2628499 0 44
2630056 0 52
2631469 0 51
2632964 0 56
2634459 0 50
2635974 0 57
2637449 0 50
2638882 0 72
2640418 0 47
2641913 0 58
2643408 0 54
2644965 0 57
2646398 0 58
2647893 0 54
2649327 0 72
2650740 0 47
2652235 0 53
2653751 0 72
2655164 0 42
2656597 0 59
2658133 0 64
2659628 0 43
2661185 0 57
2662639 0 67
2664052 0 39
2665465 0 58
2666960 0 62
2668393 0 43
2669848 0 57
2671404 0 53
2672858 0 50
2674292 0 65
2675725 0 41
2677200 0 57
2678715 0 57
2680210 0 72
2681644 0 47
2683159 0 54
2684654 0 54
2686190 0 59
2687726 0 55
2689283 0 56
2690737 0 61
2692170 0 47
2693583 0 57
2695119 0 70
2696532 0 41
2698027 0 53
2699502 0 61
2701018 0 40
2702451 0 53
2703946 0 70
2705462 0 38
2706916 0 55
2708390 0 62
2709844 0 40
2711360 0 50
2712855 0 66
2714411 0 37
2715886 0 57
2717340 0 64
2718773 0 39
2720186 0 49
2721702 0 53
2723217 0 59
2724774 0 51
2726310 0 65
2727825 0 40
2729320 0 49
2730754 0 68
2732208 0 41
2733785 0 58
2735341 0 64
2736857 0 39
2738331 0 55
2739745 0 72
2741280 0 42
2742755 0 56
2744291 0 72
2745806 0 38
2747322 0 53
2748858 0 60
2750414 0 54
2751930 0 67
2753343 0 42
2754858 0 59
2756353 0 71
2757910 0 48
2759405 0 49
2760920 0 50
2762334 0 60
2763788 0 64
2765303 0 41
2766798 0 52
2768355 0 56
2769850 0 68
2771283 0 47
2772799 0 56
2774253 0 60
2775748 0 58
2777181 0 71
2778615 0 39
2780171 0 57
2781748 0 49
2783161 0 50
2784595 0 55
2786028 0 69
2787483 0 40
2789039 0 49
2790473 0 54
2791968 0 60
2793422 0 62
2794896 0 39
2796453 0 50
2797948 0 57
2799504 0 50
2800958 0 57
2802453 0 66
2803866 0 42
2805341 0 59
2806897 0 72
2808413 0 39
2809908 0 51
2811382 0 53
2812918 0 52
2814372 0 53
2815867 0 58
2817362 0 70
2818714 0 45
2820148 0 53
2821581 0 63
2822994 0 44
2824530 0 50
2825943 0 67
2827336 0 38
2828769 0 54
2830264 0 61
2831780 0 39
2833316 0 50
2834750 0 52
2836224 0 65
2837760 0 47
2839194 0 56
2840750 0 54
2842225 0 66
2843781 0 44
2845194 0 55
2846751 0 57
2848328 0 60
2849884 0 55
2851399 0 63
2852915 0 47
2854369 0 52
2855803 0 51
2857236 0 64
2858793 0 37
2860288 0 52
2861824 0 57
2863237 0 56
2864670 0 56
2866165 0 52
2867619 0 57
2869053 0 53
2870609 0 68
2872125 0 46
2873640 0 51
2875074 0 72
2876589 0 38
2878084 0 50
2879538 0 69
2881095 0 44
2882508 0 56
2883942 0 59
2885437 0 63
2886911 0 38
2888427 0 55
2889942 0 65
2891417 0 46
2892973 0 50
2894386 0 59
2895943 0 49
2897479 0 60
2899015 0 52
2900551 0 59
2902107 0 72
2903500 0 38
2905015 0 57
2906428 0 49
2907964 0 52
2909459 0 52
2910954 0 51
2912470 0 58
2914026 0 52
2915583 0 66
2917016 0 39
2918532 0 53
2919965 0 50
2921399 0 49
2922914 0 62
2924409 0 40
2925863 0 59
2927420 0 70
2928853 0 37
2930307 0 55
2931721 0 50
2933134 0 62
2934608 0 48
2936165 0 59
2937701 0 49
2939175 0 71
2940588 0 48
2942022 0 50
2943476 0 60
2945032 0 57
2946609 0 55
2948186 0 70
2949702 0 38
2951217 0 50
2952712 0 55
2954125 0 59
2955600 0 61
2957054 0 44
2958569 0 55
2960105 0 52
2961518 0 56
2963034 0 65
2964468 0 42
2966003 0 49
2967519 0 57
2968953 0 59
2970448 0 69
2971881 0 47
2973397 0 60
2974912 0 63
2976469 0 44
2977923 0 54
2979336 0 56
2980892 0 51
2982326 0 49
2983800 0 63
2985213 0 47
2986708 0 53
2988244 0 49
2989801 0 55
2991357 0 65
2992811 0 43
2994224 0 55
2995781 0 65
2997235 0 48
2998791 0 57
3000307 0 56
3001802 0 65
3003297 0 42
3004792 0 59
3006348 0 64
3007884 0 42
3009379 0 56
3010854 0 50
3012267 0 58
3013844 0 54
3015318 0 55
3016854 0 58
3018288 0 63
3019763 0 43
3021176 0 60
3022691 0 51
3024125 0 59
3025620 0 57
3027094 0 65
3028548 0 46
3029982 0 59
3031436 0 49
3032890 0 51
3034446 0 60
3035962 0 54
3037498 0 64
3038911 0 37
3040406 0 53
3041860 0 55
3043294 0 53
3044707 0 71
3046222 0 39
3047635 0 55
3049192 0 59
3050666 0 54
3052161 0 58
3053595 0 62
3055028 0 48
3056544 0 52
3058018 0 68
3059432 0 46
3060906 0 54
3062360 0 56
3063814 0 54
3065207 0 49
3066640 0 59
3068053 0 51
3069467 0 67
3071003 0 46
3072436 0 60
3073849 0 65
3075365 0 48
3076839 0 58
3078293 0 55
3079809 0 54
3081201 0 58
3082737 0 59
3084150 0 72
3085584 0 43
3087018 0 57
3088595 0 53
3090110 0 60
3091523 0 49
3093059 0 59
3094595 0 52
3096152 0 49
3097647 0 62
3099142 0 42
3100596 0 57
3102152 0 67
3103606 0 46
3105142 0 51
3106617 0 52
3108050 0 64
3109566 0 42
3111020 0 52
3112535 0 53
3113948 0 60
3115464 0 59
3117000 0 56
3118515 0 54
3120031 0 63
3121505 0 44
3123021 0 58
3124495 0 50
3125990 0 55
3127547 0 55
3129103 0 50
3130557 0 49
3131970 0 61
3133404 0 41
3134858 0 53
3136333 0 52
3137869 0 62
3139282 0 44
3140818 0 58
3142374 0 62
3143787 0 47
3145200 0 51
3146736 0 56
3148170 0 49
3149644 0 53
3151221 0 66
3152696 0 37
3154170 0 59
3155727 0 60
3157222 0 51
3158696 0 56
3160150 0 61
3161625 0 40
3163099 0 55
3164533 0 62
3166028 0 40
3167544 0 56
3169080 0 54
3170534 0 59
3172090 0 57
3173503 0 52
3175060 0 51
3176514 0 57
3177988 0 62
3179442 0 44
3180978 0 49
3182473 0 58
3183948 0 62
3185504 0 37
3186958 0 53
3188433 0 58
3189866 0 55
3191361 0 57
3192877 0 60
3194331 0 57
3195785 0 62
3197239 0 43
3198714 0 51
3200229 0 58
3201663 0 70
3203096 0 44
3204509 0 55
3206025 0 60
3207458 0 49
3208974 0 66
3210489 0 39
3211984 0 58
3213479 0 51
3214954 0 58
3216469 0 54
3217944 0 63
3219398 0 40
3220811 0 54
3222224 0 55
3223740 0 58
3225255 0 56
3226689 0 51
3228163 0 58
3229658 0 64
3231112 0 42
3232525 0 55
3233979 0 66
3235495 0 38
3236949 0 53
3238444 0 62
3239919 0 40
3241434 0 54
3242950 0 60
3244506 0 54
3245940 0 49
3247373 0 59
3248786 0 55
3250343 0 58
3251817 0 67
3253251 0 37
3254807 0 58
3256261 0 50
3257695 0 64
3259190 0 37
3260685 0 50
3262180 0 58
3263634 0 67
3265047 0 37
3266501 0 60
3267914 0 57
3269471 0 56
3271027 0 61
3272522 0 46
3273956 0 60
3275512 0 71
3277028 0 43
3278482 0 49
3279895 0 58
3281328 0 51
3282823 0 57
3284359 0 52
3285834 0 67
3287308 0 37
3288783 0 56
3290196 0 58
3291773 0 50
3293268 0 56
3294804 0 60
3296340 0 61
3297815 0 39
3299289 0 56
3300723 0 49
3302115 0 59
3303590 0 52
3305064 0 55
3306539 0 63
3308034 0 37
3309467 0 50
3310880 0 54
3312396 0 52
3313871 0 57
3315386 0 58
3398936 0 104
3400370 0 104
3401783 0 104
3403176 0 104
3404712 0 104
3406227 0 104
3407743 0 104
3409258 0 104
3410753 0 104
3412289 0 104
3413682 0 105
3415177 0 105
3416713 0 105
3418146 0 106
3419539 0 104
3421034 0 105
3422467 0 105
3423983 0 106
3425539 0 104
3426973 0 105
3428366 0 105
3429840 0 105
3431294 0 105
3432830 0 105
3434366 0 105
3435922 0 105
3437458 0 106
3438913 0 104
3440346 0 105
3441800 0 105
3443234 0 105
3444667 0 106
3446101 0 104
3447596 0 105
3449009 0 106
3450463 0 104
3451938 0 105
3453474 0 105
3455010 0 106
3456545 0 104
3458061 0 105
3459474 0 105
3460990 0 105
3462444 0 105
3463918 0 106
3465311 0 104
3466765 0 105
3468301 0 105
3469693 0 106
3471127 0 104
3472561 0 105
3474056 0 105
3475510 0 105
3476964 0 105
3478397 0 105
3479872 0 106
3481408 0 104
3482841 0 105
3484295 0 105
3485852 0 105
3487326 0 106
3488760 0 104
3490234 0 105
3491648 0 105
3493204 0 105
3494638 0 105
3496071 0 106
3497587 0 104
3499102 0 105
3500536 0 105
3501969 0 105
3503526 0 105
3504959 0 105
3506516 0 106
3508072 0 104
3509629 0 105
3511103 0 106
3512537 0 104
3514073 0 105
3515588 0 105
3517145 0 105
3518681 0 106
3520237 0 104
3521691 0 105
3523248 0 105
3524784 0 105
3526238 0 105
3527651 0 106
3529207 0 104
3530743 0 105
3532218 0 106
3533754 0 104
3535167 0 105
3536580 0 105
3538136 0 106
3539549 0 104
3541044 0 105
3542560 0 105
3544096 0 105
3545611 0 105
3547106 0 105
3548622 0 106
3550035 0 104
3551489 0 105
3552923 0 106
3554459 0 104
3555995 0 105
3557428 0 105
3558923 0 105
3560398 0 106
3561913 0 104
3563306 0 105
3564821 0 105
3566275 0 105
3567811 0 105
3569224 0 105
3570781 0 105
3572276 0 106
3573751 0 104
3575204 0 105
3576638 0 105
3578051 0 105
3579505 0 105
3580918 0 106
3582413 0 104
3583970 0 105
3585383 0 105
3586919 0 105
3588414 0 105
3589888 0 105
3591342 0 106
3592755 0 104
3594292 0 105
3595848 0 105
3597261 0 105
3598797 0 105
3600292 0 105
3601828 0 106
3603282 0 104
3604736 0 105
3606252 0 105
3607767 0 105
3609242 0 105
3610798 0 105
3612334 0 105
3613747 0 106
3615283 0 104
3616696 0 105
3618191 0 105
3619727 0 106
3621202 0 104
3622758 0 105
3624274 0 106
3625830 0 104
3627366 0 105
3628800 0 106
3630356 0 104
3631749 0 105
3633162 0 105
3634595 0 105
3636008 0 105
3637442 0 105
3638917 0 106
3640432 0 104
3641968 0 105
3643361 0 106
3644794 0 104
3646269 0 105
3647784 0 106
3649320 0 104
3650733 0 105
3652208 0 105
3653662 0 106
3655198 0 104
3656652 0 105
3658188 0 106
3659642 0 104
3661198 0 105
3662652 0 105
3664045 0 105
3665479 0 105
3666994 0 105
3668530 0 106
3670066 0 104
3671500 0 105
3672933 0 105
3674469 0 105
3675944 0 105
3677357 0 105
3678893 0 105
3680388 0 106
3681883 0 104
3683296 0 105
3684689 0 105
3686122 0 105
3687638 0 105
3689174 0 105
3690628 0 106
3692164 0 104
3693700 0 105
3695174 0 105
3696710 0 105
3698123 0 105
3699536 0 106
3700949 0 104
3702363 0 105
3703878 0 105
3705373 0 106
3706909 0 104
3708343 0 105
3709899 0 105
3711414 0 105
3712889 0 105
3714405 0 105
3715900 0 105
3717436 0 106
3718951 0 104
3720385 0 105
3721900 0 106
3723436 0 104
3724890 0 105
3726406 0 105
3727901 0 106
3729457 0 104
3730932 0 105
3732345 0 105
3733819 0 105
3735294 0 105
3736727 0 105
3738243 0 105
3739738 0 106
3741171 0 104
3742646 0 105
3744100 0 105
3745636 0 105
3747090 0 105
3748544 0 105
3750101 0 106
3751534 0 104
3752988 0 105
3754381 0 106
3755896 0 104
3757350 0 105
3758866 0 106
3760279 0 104
3761733 0 105
3763187 0 106
3764662 0 104
3766116 0 105
3767570 0 106
3769106 0 104
3770621 0 105
3772075 0 106
3773570 0 104
3775086 0 105
3776478 0 105
3777891 0 105
3779407 0 105
3780840 0 106
3782335 0 104
3783871 0 105
3785346 0 105
3786821 0 106
3788356 0 104
3789811 0 105
3791244 0 106
3792739 0 104
3794173 0 105
3795647 0 105
3797142 0 105
3798576 0 105
3800132 0 105
3801545 0 105
3803020 0 106
3804556 0 104
3806071 0 105
3807505 0 105
3809000 0 105
3810454 0 105
3811990 0 105
3813485 0 106
3815000 0 104
3816414 0 105
3817868 0 105
3819260 0 105
3820735 0 105
3822291 0 106
3823745 0 104
3825261 0 105
3826817 0 106
3828374 0 104
3829930 0 105
3831405 0 105
3832879 0 105
3834292 0 105
3835746 0 105
3837159 0 106
3838614 0 104
3840109 0 105
3841604 0 106
3843139 0 104
3844614 0 105
3846170 0 105
3847666 0 105
3849140 0 105
3850615 0 105
3852110 0 106
3853584 0 104
3855018 0 105
3856492 0 105
3857987 0 106
3859503 0 104
3860916 0 105
3862329 0 105
3863742 0 105
3865278 0 106
3866691 0 104
3868145 0 105
3869599 0 105
3871012 0 105
3872507 0 105
3873982 0 105
3875477 0 105
3876931 0 106
3878426 0 104
3879982 0 105
3881457 0 106
3882993 0 104
3884467 0 105
3885942 0 105
3887335 0 105
3888850 0 105
3890406 0 105
3891901 0 106
3893335 0 104
3894789 0 105
3896325 0 105
3897779 0 105
3899172 0 105
3900626 0 106
3902182 0 104
3903616 0 105
3905172 0 106
3906708 0 104
3908183 0 105
3909596 0 105
3911111 0 105
3912668 0 106
3914081 0 104
3915514 0 105
3917030 0 105
3918505 0 105
3919979 0 106
3921433 0 104
3922949 0 105
3924423 0 106
3925980 0 104
3927434 0 105
3928929 0 105
3930424 0 105
3931878 0 105
3933393 0 105
3934909 0 106
3936404 0 104
3937858 0 105
3939291 0 106
3940807 0 104
3942261 0 105
3943797 0 105
3945230 0 105
3946787 0 106
3948261 0 104
3949797 0 105
3951313 0 106
3952746 0 104
3954139 0 105
3955614 0 105
3957068 0 105
3958542 0 105
3960078 0 106
3961594 0 104
3963048 0 105
3964584 0 105
3966038 0 105
3967574 0 106
3968987 0 104
3970441 0 105
3971915 0 105
3973472 0 105
3975028 0 105
3976462 0 105
3977936 0 105
3979431 0 105
3980906 0 106
3982360 0 104
3983814 0 105
3985268 0 106
3986804 0 104
3988217 0 105
3989671 0 105
3991187 0 105
3992579 0 105
3994054 0 105
3995549 0 106
3997105 0 104
3998621 0 105
4000116 0 106
4001652 0 104
4003126 0 105
4004662 0 106
4006075 0 104
4007632 0 105
4009045 0 105
4010520 0 105
4011953 0 106
4013469 0 104
4015025 0 105
4016561 0 105
4017995 0 106
4019408 0 104
4020821 0 105
4022377 0 106
4023790 0 104
4025224 0 105
4026719 0 105
4028152 0 105
4029709 0 105
4031224 0 105
4032740 0 105
4034153 0 106
4035689 0 104
4037143 0 105
4038618 0 106
4040072 0 104
4041464 0 105
4042857 0 105
4044393 0 105
4045949 0 105
4047444 0 106
4048980 0 104
4050455 0 105
4051868 0 105
4053404 0 106
4054960 0 104
4056496 0 105
4057930 0 106
4059343 0 104
4060736 0 105
4062292 0 105
4063746 0 105
4065180 0 106
4066675 0 104
4068067 0 105
4069562 0 105
4071119 0 105
4072593 0 106
4074088 0 104
4075522 0 105
4077037 0 105
4078573 0 105
4080130 0 105
4081666 0 105
4083202 0 105
4084615 0 105
4086048 0 106
4087584 0 104
4089059 0 105
4090574 0 106
4092028 0 104
4093421 0 105
4094875 0 105
4096329 0 105
4097804 0 106
4099258 0 104
4100671 0 105
4102207 0 106
4103661 0 104
4105074 0 105
4106569 0 105
4108084 0 105
4109539 0 105
4111054 0 106
4112488 0 104
4113901 0 105
4115416 0 105
4116891 0 105
4118304 0 106
4119819 0 104
4121314 0 105
4122768 0 105
4124202 0 106
4125717 0 104
4127233 0 105
4128707 0 105
4130243 0 106
4131677 0 104
4133172 0 105
4134647 0 105
4136039 0 105
4137575 0 105
4139111 0 106
4140524 0 104
4141999 0 105
4143432 0 105
4144886 0 105
4146381 0 105
4147897 0 106
4149351 0 104
4150764 0 105
4152259 0 105
4153693 0 106
4155249 0 104
4156703 0 105
4158178 0 105
4159693 0 105
4161168 0 105
4162622 0 105
4164096 0 105
4165550 0 105
4167004 0 106
4168479 0 104
4169994 0 105
4171489 0 105
4172984 0 105
4174377 0 105
4175893 0 106
4177306 0 104
4178719 0 105
4180111 0 106
4181647 0 104
4183060 0 105
4184576 0 105
4186071 0 105
4187545 0 105
4189061 0 106
4190597 0 104
4192092 0 105
4193525 0 105
4195021 0 106
4196577 0 104
4198113 0 105
4199587 0 106
4201082 0 104
4202537 0 105
4204052 0 106
4205568 0 104
4206981 0 105
4208537 0 105
4209971 0 106
4211527 0 104
4213022 0 105
4214558 0 105
4216012 0 105
4217548 0 106
4219002 0 104
4220497 0 105
4221931 0 106
4223426 0 104
4224859 0 105
4226293 0 106
4227706 0 104
4229181 0 105
4230614 0 105
4232089 0 105
4233522 0 105
4234915 0 106
4236430 0 104
4237843 0 105
4239277 0 106
4240690 0 104
4242226 0 105
4243762 0 105
4245278 0 105
4246834 0 106
4248329 0 104
4249742 0 105
4251299 0 105
4252814 0 105
4254227 0 105
4255702 0 105
4257238 0 105
4258712 0 106
4260166 0 104
4261579 0 105
4263095 0 105
4264549 0 105
4266105 0 105
4267621 0 106
4269075 0 104
4270590 0 105
4272044 0 105
4273539 0 105
4275034 0 106
4276488 0 104
4277963 0 105
4279499 0 106
4281055 0 104
4282469 0 105
4283923 0 105
4285438 0 106
4286851 0 104
4288305 0 105
4289821 0 105
4291275 0 105
4292811 0 105
4294347 0 106
4295883 0 104
4297378 0 105
4298852 0 105
4300368 0 105
