47649 0 6
49225 0 5
50700 0 9
52134 0 6
53670 0 2
55103 0 2
56598 0 4
58093 0 4
59486 0 11
60919 0 1
62394 0 24
63848 0 15
65302 0 23
66715 0 22
68169 0 18
69582 0 22
71118 0 14
72490 0 26
74006 0 2
75521 0 22
77037 0 14
78430 0 19
79863 0 16
81297 0 34
82812 0 5
84225 0 21
85782 0 19
87195 0 19
88669 0 20
90164 0 23
91700 0 18
93257 0 28
94731 0 8
96206 0 18
97721 0 30
99114 0 3
100568 0 16
102063 0 26
103538 0 9
104971 0 22
106487 0 20
107982 0 13
109497 0 14
110972 0 16
112487 0 13
113921 0 25
115416 0 12
116870 0 16
118303 0 22
119778 0 16
121252 0 22
122686 0 18
124222 0 23
125778 0 28
127294 0 11
128850 0 23
130263 0 31
131717 0 3
133212 0 18
134667 0 33
136203 0 12
137698 0 21
139254 0 25
140708 0 2
142101 0 23
143596 0 16
145111 0 19
146565 0 36
148122 0 10
149596 0 24
151091 0 20
152648 0 36
154225 0 3
155761 0 18
157297 0 13
158812 0 30
160205 0 11
161659 0 21
163092 0 36
164567 0 8
166021 0 22
167536 0 14
169031 0 16
170506 0 25
171940 0 7
173414 0 18
174970 0 15
176466 0 20
177920 0 14
179333 0 25
180889 0 6
182343 0 14
183838 0 18
185251 0 20
186746 0 22
188221 0 21
189695 0 36
191190 0 12
192685 0 17
194201 0 22
195778 0 33
197314 0 2
198768 0 17
200160 0 28
201655 0 12
203151 0 13
204686 0 34
206120 0 7
207656 0 24
209090 0 34
210544 0 1
211936 0 23
213411 0 20
214988 0 32
216442 0 7
217957 0 16
219411 0 18
220865 0 24
222319 0 33
223876 0 2
225391 0 23
226886 0 14
228402 0 19
229958 0 15
231392 0 19
232846 0 14
234321 0 22
235877 0 28
237413 0 12
238846 0 14
240321 0 18
241755 0 20
243270 0 32
244663 0 12
246055 0 24
247489 0 17
248943 0 26
250377 0 12
251912 0 15
253346 0 25
254800 0 7
256275 0 23
257770 0 30
259265 0 3
260739 0 17
262173 0 23
263627 0 27
265101 0 7
266637 0 23
268132 0 16
269525 0 19
271102 0 19
272535 0 24
273969 0 33
275505 0 10
277000 0 19
278454 0 14
279826 0 13
281260 0 27
282652 0 8
284127 0 18
285683 0 17
287076 0 21
288632 0 24
290148 0 21
291663 0 30
293077 0 12
294613 0 15
296026 0 27
297541 0 11
299036 0 20
300593 0 14
302088 0 30
303562 0 4
305078 0 22
306593 0 18
308006 0 20
309440 0 21
310873 0 14
312368 0 32
313863 0 10
315276 0 14
316669 0 21
318185 0 22
319741 0 18
321236 0 26
322731 0 10
324247 0 19
325803 0 22
327278 0 14
328691 0 24
330083 0 16
331537 0 33
333094 0 10
334568 0 17
336002 0 28
337497 0 4
338951 0 16
340405 0 21
341941 0 15
343436 0 26
344890 0 11
346303 0 20
347819 0 16
349293 0 23
350850 0 25
352283 0 5
353737 0 15
355130 0 26
356563 0 5
357997 0 17
359431 0 16
360864 0 23
362277 0 21
363731 0 29
365226 0 7
366742 0 14
368155 0 29
369568 0 2
371084 0 19
372558 0 23
374053 0 34
375589 0 10
377166 0 24
378641 0 26
380115 0 4
381631 0 24
383187 0 34
384600 0 7
386095 0 22
387631 0 14
389044 0 23
390560 0 21
391993 0 19
393550 0 31
395086 0 6
396540 0 24
398035 0 28
399550 0 5
401025 0 17
402499 0 24
403933 0 24
405325 0 20
406861 0 32
408315 0 1
409811 0 16
411183 0 22
412678 0 16
414091 0 17
415504 0 31
416937 0 1
418412 0 14
419846 0 23
421279 0 24
422754 0 20
424249 0 18
425764 0 35
427239 0 8
428672 0 19
430208 0 22
431683 0 16
433137 0 18
434591 0 19
436086 0 35
437479 0 8
439055 0 13
440591 0 33
442086 0 4
443500 0 17
444892 0 15
446326 0 24
447841 0 18
449295 0 15
450831 0 15
452265 0 34
453698 0 6
455214 0 15
456627 0 13
458102 0 20
459678 0 23
461092 0 29
462484 0 12
463918 0 18
465433 0 33
466867 0 8
468423 0 24
469877 0 23
471270 0 17
472683 0 13
474199 0 18
475632 0 26
477025 0 10
478520 0 20
479974 0 24
481489 0 18
483046 0 13
484582 0 24
486077 0 27
487510 0 9
489067 0 17
490500 0 31
492077 0 3
493593 0 18
495108 0 21
496562 0 24
497996 0 22
499429 0 18
500863 0 28
502419 0 9
503894 0 21
505307 0 22
506782 0 20
508236 0 15
509772 0 24
511164 0 17
512618 0 27
514031 0 6
515465 0 17
516960 0 15
518394 0 24
519827 0 29
521240 0 1
522776 0 21
524353 0 17
525766 0 18
527302 0 23
528777 0 26
530210 0 4
531685 0 19
533241 0 33
534654 0 1
536129 0 21
537563 0 15
539058 0 20
540553 0 20
542048 0 16
543522 0 21
544935 0 25
546492 0 4
547946 0 17
549338 0 18
550833 0 13
552369 0 18
553926 0 20
555441 0 19
556977 0 16
558411 0 33
559844 0 7
561319 0 19
562875 0 25
564411 0 4
565804 0 23
567238 0 16
568651 0 15
570125 0 29
571620 0 10
573054 0 15
574508 0 32
575941 0 9
577477 0 14
578931 0 24
580426 0 14
581962 0 13
583457 0 18
584870 0 28
586427 0 9
587901 0 18
589417 0 21
590953 0 23
592509 0 26
593943 0 6
595418 0 16
596913 0 21
598469 0 21
599923 0 34
601439 0 5
602872 0 15
604285 0 19
605801 0 22
607357 0 20
608791 0 27
610265 0 3
611781 0 20
613317 0 26
614709 0 8
616184 0 19
617617 0 36
619174 0 3
620607 0 13
622123 0 21
623577 0 20
625031 0 14
626424 0 19
627857 0 22
629291 0 21
630868 0 25
632363 0 9
633858 0 13
635373 0 29
636909 0 8
638404 0 20
639920 0 26
641333 0 6
642746 0 17
644180 0 22
645634 0 30
647047 0 9
648521 0 14
649975 0 31
651409 0 3
652904 0 24
654378 0 34
655873 0 9
657307 0 20
658822 0 36
660338 0 9
661853 0 19
663328 0 36
664905 0 10
666420 0 18
667854 0 13
669267 0 20
670783 0 14
672298 0 19
673793 0 19
675329 0 25
676824 0 4
678258 0 22
679671 0 18
681145 0 21
682681 0 23
684094 0 17
685528 0 32
686921 0 6
688416 0 22
689972 0 23
691508 0 22
693023 0 22
694498 0 18
696013 0 31
697447 0 1
698963 0 13
700417 0 19
701973 0 24
703407 0 13
704902 0 32
706315 0 9
707830 0 23
709366 0 22
710841 0 32
712315 0 1
713851 0 22
715285 0 24
716780 0 20
718254 0 17
719749 0 31
721203 0 1
722719 0 14
724193 0 19
725648 0 19
727081 0 17
728576 0 14
730051 0 25
731628 0 3
733123 0 20
734577 0 22
736113 0 17
737567 0 34
739000 0 8
740475 0 19
741949 0 14
743485 0 14
744919 0 17
746311 0 16
747704 0 35
749097 0 11
750551 0 17
752025 0 33
753541 0 1
755056 0 18
756633 0 17
758026 0 18
759562 0 30
760954 0 12
762449 0 20
763924 0 13
765399 0 18
766832 0 20
768327 0 15
769802 0 13
771235 0 26
772710 0 8
774225 0 21
775720 0 36
777133 0 5
778628 0 21
780144 0 31
781700 0 7
783195 0 19
784608 0 26
786042 0 5
787537 0 22
789053 0 19
790507 0 22
791920 0 16
793415 0 27
794869 0 8
796446 0 17
798002 0 30
799436 0 12
800951 0 23
802405 0 31
803859 0 8
805313 0 18
806890 0 21
808426 0 30
809880 0 6
811355 0 17
812829 0 28
814345 0 5
815799 0 17
817335 0 16
818748 0 26
820161 0 12
821595 0 21
823131 0 35
824585 0 4
825957 0 23
827390 0 19
828967 0 24
830380 0 19
831875 0 22
833350 0 21
834763 0 27
836258 0 4
837774 0 15
839310 0 14
840784 0 27
842259 0 10
843733 0 19
845228 0 27
846703 0 1
848177 0 22
849713 0 36
851126 0 4
852580 0 16
853973 0 20
855570 0 20
857147 0 13
858642 0 23
860158 0 15
861632 0 27
863025 0 6
864500 0 23
866015 0 13
867551 0 22
869066 0 25
870582 0 7
872097 0 23
873613 0 21
875169 0 14
876664 0 22
878159 0 29
879593 0 2
881088 0 19
882501 0 13
883935 0 14
885409 0 13
886945 0 18
888358 0 31
889853 0 3
891246 0 16
892761 0 17
894256 0 20
895792 0 17
897205 0 36
898639 0 1
900052 0 23
901547 0 23
903063 0 18
904558 0 19
905991 0 23
907548 0 35
909084 0 1
910599 0 13
912115 0 34
913507 0 3
914920 0 16
916354 0 24
917808 0 18
919242 0 17
920737 0 18
922314 0 32
923809 0 8
925345 0 17
926819 0 32
928273 0 1
929666 0 16
931120 0 26
932533 0 4
933905 0 22
935400 0 17
936895 0 24
938349 0 17
939865 0 21
941442 0 25
942875 0 11
944370 0 17
945865 0 13
947278 0 18
1920634 0 101
1922109 0 101
1923522 0 101
1924955 0 101
1926389 0 101
1927925 0 101
1929440 0 101
1930853 0 101
1932328 0 101
1933720 0 101
1935195 0 102
1936711 0 102
1938246 0 103
1939782 0 101
1941196 0 102
1942691 0 103
1944165 0 101
1945722 0 102
1947135 0 102
1948527 0 103
1950063 0 101
1951456 0 102
1952889 0 102
1954364 0 102
1955798 0 102
1957293 0 103
1958829 0 101
1960303 0 102
1961798 0 102
1963334 0 103
1964829 0 101
1966345 0 102
1967778 0 102
1969171 0 103
1970645 0 101
1972099 0 102
1973594 0 103
1975069 0 101
1976461 0 102
1977895 0 102
1979431 0 102
1980865 0 102
1982319 0 102
1983752 0 102
1985247 0 102
1986722 0 103
1988217 0 101
1989712 0 102
1991104 0 102
1992579 0 102
1994135 0 102
1995589 0 102
1997064 0 103
1998539 0 101
2000095 0 102
2001610 0 103
2003105 0 101
2004621 0 102
2006116 0 102
2007611 0 102
2009065 0 102
2010478 0 103
2011994 0 101
2013509 0 102
2014902 0 102
2016294 0 103
2017769 0 101
2019223 0 102
2020636 0 102
2022172 0 102
2023606 0 103
2025019 0 101
2026555 0 102
2028070 0 102
2029504 0 102
2030999 0 103
2032535 0 101
2034071 0 102
2035586 0 103
2037163 0 101
2038556 0 102
2040030 0 102
2041505 0 102
2042897 0 103
2044372 0 101
2045765 0 102
2047157 0 102
2048570 0 103
2050024 0 101
2051458 0 102
2052891 0 102
2054427 0 102
2055922 0 103
2057377 0 101
2058892 0 102
2060448 0 102
2061923 0 102
2063357 0 102
2064790 0 102
2066306 0 103
2067842 0 101
2069378 0 102
2070893 0 103
2072409 0 101
2073842 0 102
2075317 0 102
2076730 0 102
2078245 0 103
2079658 0 101
2081112 0 102
2082648 0 102
2084061 0 102
2085495 0 103
2086949 0 101
2088362 0 102
2089796 0 103
2091291 0 101
2092765 0 102
2094301 0 102
2095714 0 102
2097148 0 102
2098663 0 102
2100138 0 103
2101674 0 101
2103169 0 102
2104603 0 102
2106098 0 103
2107552 0 101
2109006 0 102
2110460 0 102
2111975 0 103
2113409 0 101
2114801 0 102
2116317 0 102
2117730 0 102
2119143 0 102
2120618 0 102
2122154 0 102
2123567 0 103
2125082 0 101
2126475 0 102
2127929 0 103
2129485 0 101
2130980 0 102
2132496 0 102
2133909 0 102
2135322 0 103
2136756 0 101
2138230 0 102
2139746 0 102
2141220 0 102
2142736 0 102
2144149 0 102
2145603 0 102
2147118 0 102
2148613 0 103
2150129 0 101
2151603 0 102
2153119 0 102
2154634 0 103
2156109 0 101
2157563 0 102
2159099 0 102
2160614 0 102
2162089 0 102
2163604 0 103
2165038 0 101
2166512 0 102
2167967 0 103
2169462 0 101
2171018 0 102
2172411 0 103
2173844 0 101
2175319 0 102
2176732 0 102
2178247 0 103
2179742 0 101
2181176 0 102
2182671 0 102
2184125 0 102
2185620 0 102
2187115 0 102
2188651 0 102
2190044 0 102
2191436 0 103
2192952 0 101
2194365 0 102
2195778 0 102
2197211 0 102
2198706 0 102
2200242 0 102
2201758 0 102
2203171 0 102
2204584 0 103
2206141 0 101
2207595 0 102
2209090 0 102
2210482 0 102
2211895 0 102
2213411 0 103
2214926 0 101
2216462 0 102
2217896 0 102
2219289 0 102
2220825 0 102
2222360 0 102
2223815 0 102
2225269 0 103
2226723 0 101
2228218 0 102
2229672 0 103
2231085 0 101
2232600 0 102
2234013 0 103
2235488 0 101
2236942 0 102
2238437 0 103
2239850 0 101
2241284 0 102
2242738 0 102
2244171 0 103
2245646 0 101
2247059 0 102
2248574 0 102
2250028 0 102
2251462 0 102
2252978 0 103
2254493 0 101
2255947 0 102
2257504 0 102
2258978 0 102
2260412 0 102
2261845 0 103
2263402 0 101
2264794 0 102
2266248 0 102
2267743 0 102
2269259 0 102
2270733 0 103
2272249 0 101
2273764 0 102
2275198 0 103
2276693 0 101
2278106 0 102
2279499 0 103
2281014 0 101
2282509 0 102
2283943 0 103
2285417 0 101
2286830 0 102
2288264 0 103
2289697 0 101
2291111 0 102
2292524 0 103
2293998 0 101
2295411 0 102
2296906 0 102
2298319 0 103
2299794 0 101
2301289 0 102
2302825 0 103
2304381 0 101
2305917 0 102
2307371 0 103
2308805 0 101
2310218 0 102
2311611 0 102
2313147 0 102
2314703 0 102
2316137 0 102
2317652 0 102
2319147 0 102
2320581 0 103
2322137 0 101
2323530 0 102
2324963 0 102
2326377 0 102
2327913 0 103
2329449 0 101
2330841 0 102
2332336 0 102
2333852 0 103
2335347 0 101
2336801 0 102
2338214 0 103
2339647 0 101
2341204 0 102
2342699 0 102
2344091 0 102
2345525 0 102
2346918 0 102
2348433 0 103
2349887 0 101
2351321 0 102
2352836 0 102
2354270 0 102
2355806 0 102
2357280 0 102
2358775 0 103
2360311 0 101
2361868 0 102
2363281 0 103
2364796 0 101
2366291 0 102
2367827 0 103
2369404 0 101
2370817 0 102
2372210 0 102
2373725 0 102
2375220 0 102
2376675 0 102
2378170 0 102
2379603 0 102
2381057 0 103
2382470 0 101
2383883 0 102
2385419 0 103
2386832 0 101
2388307 0 102
2389802 0 103
2391256 0 101
2392731 0 102
2394267 0 102
2395680 0 103
2397236 0 101
2398772 0 102
2400267 0 103
2401701 0 101
2403175 0 102
2404568 0 102
2406083 0 102
2407558 0 102
2409012 0 103
2410548 0 101
2411981 0 102
2413395 0 102
2414849 0 102
2416323 0 102
2417839 0 102
2419252 0 102
2420644 0 103
2422160 0 101
2423696 0 102
2425150 0 102
2426645 0 102
2428099 0 102
2429532 0 102
2430946 0 102
2432338 0 103
2433792 0 101
2435308 0 102
2436721 0 102
2438257 0 102
2439711 0 103
2441288 0 101
2442701 0 102
2444155 0 102
2445589 0 102
2447043 0 102
2448558 0 102
2449992 0 102
2451425 0 103
2452920 0 101
2454313 0 102
2455849 0 102
2457262 0 102
2458695 0 102
2460170 0 103
2461645 0 101
2463140 0 102
2464532 0 103
2465966 0 101
2467440 0 102
2468833 0 102
2470308 0 102
2471700 0 102
2473175 0 102
2474567 0 102
2475980 0 103
2477393 0 101
2478827 0 102
2480240 0 102
2481694 0 102
2483107 0 102
2484623 0 102
2486036 0 103
2487469 0 101
2488964 0 102
2490459 0 102
2491913 0 102
2493388 0 103
2494842 0 101
2496235 0 102
2497709 0 102
2499204 0 103
2500740 0 101
2502194 0 102
2503587 0 102
2504979 0 102
2506372 0 102
2507765 0 102
2509301 0 103
2510878 0 101
2512414 0 102
2513847 0 102
2515281 0 103
2516858 0 101
2518373 0 102
2519786 0 102
2521179 0 103
2522653 0 101
2524087 0 102
2525602 0 103
2527036 0 101
2528572 0 102
2530108 0 103
2531664 0 101
2533180 0 102
2534675 0 102
2536088 0 102
2537563 0 102
2538996 0 102
2540532 0 103
2542089 0 101
2543543 0 102
2544976 0 103
2546471 0 101
2547987 0 102
2549543 0 102
2550956 0 102
2552410 0 102
2553864 0 102
2555277 0 103
2556691 0 101
2558165 0 102
2559722 0 103
2561196 0 101
2562589 0 102
2564022 0 102
2565517 0 102
2566951 0 103
2568425 0 101
2569900 0 102
2571374 0 102
2572788 0 102
2574201 0 102
2575634 0 103
2577068 0 101
2578542 0 102
2580037 0 102
2581594 0 102
2582986 0 102
2584481 0 102
2585874 0 102
2587410 0 102
2588803 0 103
2590359 0 101
2591752 0 102
2593206 0 102
2594680 0 103
2596134 0 101
2597650 0 102
2599063 0 102
2600456 0 102
2601848 0 102
2603364 0 102
2604879 0 103
2606354 0 101
2607767 0 102
2609241 0 102
2610634 0 102
2612047 0 102
2613583 0 102
2615017 0 103
2616430 0 101
2617843 0 102
2619256 0 102
2620771 0 102
2622287 0 102
2623802 0 102
2625256 0 103
2626690 0 101
2628205 0 102
2629598 0 102
2631011 0 102
2632506 0 102
2633899 0 102
2635332 0 102
2636868 0 102
2638281 0 103
2639715 0 101
2641210 0 102
2642623 0 103
2644180 0 101
2645613 0 102
2647129 0 102
2648644 0 103
2650139 0 101
2651655 0 102
2653068 0 103
2654604 0 101
2656017 0 102
2657430 0 102
2658823 0 102
2660256 0 103
2661751 0 101
2663164 0 102
2664700 0 102
2666195 0 102
2667690 0 102
2669124 0 102
2670516 0 103
2672052 0 101
2673588 0 102
2675022 0 103
2676558 0 101
2678094 0 102
2679630 0 102
2681043 0 102
2682517 0 102
2683992 0 102
2685487 0 103
2687043 0 101
2688477 0 102
2690013 0 103
2691447 0 101
2692921 0 102
2694334 0 103
2695809 0 101
2697201 0 102
2698717 0 103
2700232 0 101
2701727 0 102
2703181 0 102
2704636 0 103
2706171 0 101
2707687 0 102
2709100 0 103
2710656 0 101
2712131 0 102
2713544 0 102
2714998 0 102
2716493 0 102
2717988 0 103
2719504 0 101
2720958 0 102
2722453 0 102
2723866 0 102
2725279 0 102
2726815 0 102
2728330 0 103
2729846 0 101
2731361 0 102
2732877 0 102
2734392 0 102
2735805 0 102
2737280 0 102
2738755 0 102
2740188 0 102
2741622 0 103
2743137 0 101
2744550 0 102
2746086 0 103
2747581 0 101
2749035 0 102
2750448 0 103
2751984 0 101
2753479 0 102
2754933 0 103
2756408 0 101
2757862 0 102
2759378 0 102
2760791 0 102
2762327 0 102
2763719 0 103
2765255 0 101
2766771 0 102
2768245 0 102
2769761 0 102
2771215 0 102
2772751 0 103
2774184 0 101
2775638 0 102
2777092 0 102
2778547 0 102
2780042 0 102
2781557 0 103
2782970 0 101
2784383 0 102
2785878 0 102
2787394 0 102
2788930 0 102
2790322 0 102
2791756 0 102
2793210 0 102
2794623 0 103
2796179 0 101
2797674 0 102
2799210 0 103
2800644 0 101
2802098 0 102
2803511 0 103
2804986 0 101
2806419 0 102
2807873 0 102
2809286 0 102
2810822 0 102
2812276 0 103
2813690 0 101
2815226 0 102
2825300 0 47
2826795 0 42
2828311 0 39
2829867 0 44
2831301 0 48
2832755 0 40
2834291 0 45
2835827 0 45
2837342 0 39
2838796 0 41
2840230 0 55
2841786 0 49
2843281 0 49
2844838 0 57
2846251 0 70
2847644 0 41
2849200 0 58
2850634 0 64
2852129 0 46
2853665 0 58
2855241 0 57
2856798 0 50
2858231 0 56
2859747 0 67
2861242 0 38
2862737 0 56
2864150 0 53
2865666 0 53
2867140 0 63
2868574 0 40
2870007 0 57
2871523 0 54
2872997 0 52
2874492 0 54
2875905 0 50
2877359 0 60
2878875 0 52
2880329 0 64
2881844 0 40
2883258 0 56
2884691 0 67
2886145 0 47
2887661 0 53
2889156 0 55
2890610 0 60
2892105 0 55
2893682 0 53
2895156 0 66
2896549 0 42
2897982 0 57
2899498 0 66
2901054 0 39
2902467 0 57
2904003 0 54
2905519 0 68
2907014 0 40
2908427 0 55
2909861 0 71
2911335 0 41
2912748 0 58
2914325 0 58
2915800 0 51
2917336 0 54
2918851 0 59
2920367 0 53
2921800 0 68
2923336 0 43
2924893 0 55
2926326 0 58
2927801 0 54
2929234 0 60
2930709 0 60
2932142 0 51
2933678 0 66
2935214 0 43
2936628 0 52
2938082 0 50
2939618 0 53
2941154 0 62
2942567 0 38
2944021 0 59
2945475 0 71
2946990 0 43
2948485 0 52
2950001 0 51
2951455 0 72
2952847 0 41
2954363 0 50
2955858 0 71
2957373 0 37
2958848 0 57
2960425 0 53
2961838 0 59
2963312 0 55
2964828 0 50
2966241 0 59
2967654 0 72
2969190 0 45
2970685 0 54
2972221 0 67
2973655 0 44
2975150 0 49
2976686 0 60
2978201 0 54
2979696 0 52
2981150 0 52
2982686 0 57
2984222 0 69
2985758 0 43
2987212 0 55
2988625 0 71
2990100 0 45
2991554 0 53
2993028 0 59
2994483 0 56
2996039 0 54
2997554 0 60
2999070 0 58
3000565 0 61
3002019 0 46
3003555 0 50
3005030 0 60
3006484 0 54
3007897 0 51
3009392 0 58
3010948 0 72
3012423 0 43
3013959 0 58
3015454 0 59
3016949 0 59
3018341 0 68
3019734 0 43
3021290 0 55
3022744 0 62
3024260 0 43
3025755 0 58
3027250 0 59
3028724 0 56
3030281 0 61
3031694 0 47
3033210 0 54
3034643 0 70
3036118 0 42
3037592 0 60
3039128 0 53
3040623 0 60
3042077 0 49
3043531 0 49
3044965 0 61
3046419 0 48
3047812 0 57
3049245 0 58
3050802 0 52
3052215 0 49
3053751 0 59
3055225 0 65
3056741 0 40
3058154 0 53
3059669 0 55
3061082 0 69
3062598 0 43
3064031 0 56
3065526 0 72
3067001 0 38
3068435 0 57
3069991 0 55
3071506 0 50
3073042 0 50
3074476 0 68
3075910 0 48
3077425 0 53
3078920 0 68
3080333 0 37
3081808 0 54
3083282 0 65
3084798 0 38
3086231 0 60
3087747 0 69
3089180 0 43
3090696 0 52
3092129 0 50
3093543 0 53
3094976 0 56
3096533 0 54
3097966 0 54
3099482 0 66
3100997 0 42
3102390 0 59
3103905 0 63
3105318 0 40
3106875 0 58
3108349 0 60
3109906 0 60
3111339 0 51
3112773 0 53
3114309 0 54
3115804 0 55
3117319 0 67
3118773 0 40
3120330 0 60
3121743 0 58
3123177 0 56
3124713 0 53
3126187 0 68
3127641 0 41
3129198 0 52
3130754 0 52
3132290 0 52
3133744 0 49
3135260 0 59
3136734 0 63
3138168 0 47
3139724 0 58
3141260 0 53
3142755 0 49
3144271 0 49
3145807 0 55
3147281 0 70
3148715 0 46
3150169 0 59
3151725 0 49
3153220 0 60
3154633 0 50
3156046 0 53
3157480 0 60
3158893 0 62
3160388 0 43
3161822 0 56
3163317 0 63
3164853 0 44
3166389 0 55
3167945 0 57
3169420 0 61
3170894 0 37
3172287 0 50
3173823 0 52
3175318 0 52
3176751 0 60
3178185 0 58
3179700 0 69
3181175 0 37
3182670 0 49
3184104 0 53
3185537 0 66
3186991 0 38
3188548 0 59
3190002 0 51
3191476 0 69
3193033 0 42
3194569 0 60
3195982 0 49
3197415 0 49
3198931 0 66
3200446 0 37
3201859 0 50
3203293 0 51
3204849 0 62
3206344 0 43
3207757 0 55
3209232 0 57
3210768 0 66
3212181 0 44
3213697 0 50
3215151 0 63
3216728 0 48
3218161 0 49
3219595 0 50
3221131 0 60
3222585 0 51
3223998 0 50
3225513 0 59
3226967 0 54
3228381 0 61
3229773 0 44
3231186 0 52
3232681 0 60
3234176 0 50
3235692 0 54
3237166 0 54
3238661 0 54
3240095 0 61
3241508 0 40
3243044 0 53
3244477 0 63
3246034 0 37
3247549 0 58
3249085 0 50
3250539 0 51
3252034 0 65
3253489 0 48
3254922 0 53
3256438 0 72
3257953 0 38
3259407 0 54
3260943 0 65
3262438 0 37
3263872 0 59
3265264 0 56
3266759 0 60
3268172 0 58
3269667 0 63
3271203 0 37
3272698 0 53
3274173 0 55
3275709 0 51
3277163 0 57
3278699 0 56
3280235 0 56
3281628 0 52
3283123 0 66
3284638 0 48
3286072 0 49
3287567 0 62
3289103 0 40
3290577 0 50
3292113 0 52
3293690 0 49
3295124 0 51
3296619 0 52
3298175 0 60
3299670 0 67
3301063 0 37
3302517 0 55
3303971 0 56
3305527 0 57
3307084 0 58
3308558 0 55
3309971 0 68
3311487 0 48
3312982 0 60
3314456 0 60
3315972 0 50
3317467 0 70
3318900 0 46
3320396 0 58
3321850 0 56
3323406 0 67
3324881 0 39
3326376 0 51
3327850 0 55
3329407 0 67
3330840 0 40
3332253 0 54
3333769 0 67
3335223 0 45
3336779 0 58
3338356 0 57
3339769 0 59
3341305 0 52
3342841 0 57
3344316 0 60
3345852 0 63
3347326 0 46
3348862 0 51
3350419 0 55
3351975 0 50
3353388 0 62
3354883 0 43
3356378 0 49
3357771 0 66
3359204 0 47
3360699 0 56
3362256 0 68
3363751 0 41
3365225 0 58
3366741 0 68
3368216 0 43
3369690 0 55
3371124 0 64
3372660 0 39
3374114 0 55
3375547 0 71
3377042 0 38
3378537 0 49
3380073 0 56
3381548 0 68
3382981 0 42
3384394 0 59
3385848 0 66
3387343 0 43
3388838 0 60
3390313 0 66
3391788 0 48
3393201 0 58
3394716 0 49
3396129 0 50
3397645 0 51
3399058 0 53
3400450 0 70
3401945 0 45
3403481 0 55
3404935 0 58
3406471 0 58
3407966 0 67
3409502 0 41
3411059 0 57
3412615 0 53
3414069 0 52
3415544 0 56
3417059 0 58
3418616 0 55
3420193 0 69
3421708 0 39
3423265 0 59
3424719 0 56
3426173 0 71
3427688 0 42
3429183 0 52
3430699 0 69
3432214 0 46
3433668 0 57
3435184 0 67
3436638 0 45
3438153 0 51
3439628 0 52
3441143 0 59
3442679 0 60
3444093 0 54
3445526 0 72
3447001 0 42
3448557 0 51
3450032 0 49
3451506 0 59
3453001 0 50
3454455 0 71
3455889 0 41
3457302 0 52
3458735 0 52
3460292 0 59
3461848 0 57
3463282 0 64
3464818 0 41
3466374 0 56
3467787 0 53
3469323 0 53
3470859 0 65
3472314 0 43
3473727 0 51
3475140 0 52
3476655 0 53
3478212 0 52
3479666 0 54
3481161 0 67
3482697 0 43
3484130 0 58
3485584 0 71
3487100 0 45
3488533 0 54
3490069 0 65
3491482 0 37
3492936 0 59
3494472 0 49
3495967 0 54
3497524 0 71
3498978 0 46
3500432 0 50
3501845 0 56
3503381 0 54
3504815 0 57
3506248 0 54
3507682 0 56
3509095 0 70
3510528 0 39
3512064 0 51
3513539 0 65
3515054 0 46
3516570 0 49
3518106 0 49
3519601 0 52
3521096 0 55
3522591 0 59
3524066 0 51
3525540 0 64
3526974 0 40
3528428 0 60
3529984 0 68
3531520 0 46
3533077 0 49
3534592 0 57
3536005 0 52
3537500 0 67
3539016 0 42
3540429 0 58
3542006 0 58
3543501 0 65
3544914 0 42
3546368 0 49
3547904 0 49
3549419 0 50
3550935 0 66
3552471 0 41
3554007 0 59
3555461 0 49
3556915 0 72
3558451 0 48
3559987 0 55
3561441 0 60
3562833 0 69
3564288 0 37
3565783 0 55
3567278 0 65
3568793 0 44
3570206 0 50
3571640 0 55
3573176 0 65
3574712 0 38
3576248 0 58
3577825 0 56
3579340 0 51
3580774 0 54
3582310 0 60
3583846 0 53
3585341 0 54
3586795 0 63
3588310 0 42
3589846 0 57
3591300 0 62
3592734 0 47
3594249 0 51
3595703 0 59
3597198 0 49
3598611 0 68
3600168 0 48
3601683 0 55
3603158 0 53
3604632 0 50
3606127 0 57
3607561 0 64
3609118 0 40
3610612 0 55
3612067 0 51
3613623 0 55
3615036 0 58
3616593 0 66
3618129 0 39
3619562 0 49
3620955 0 51
3622429 0 49
3623842 0 50
3625317 0 61
3626853 0 43
3628286 0 59
3629740 0 50
3631174 0 50
3632710 0 54
3634246 0 70
3635741 0 47
3637236 0 59
3638690 0 49
3640165 0 63
3641742 0 45
3643257 0 56
3644813 0 53
3646349 0 52
3647804 0 60
3649319 0 72
3650814 0 42
3652350 0 58
3653927 0 52
3655442 0 57
3656958 0 72
3658351 0 47
3659825 0 57
3661382 0 68
3662918 0 38
3664474 0 49
3665948 0 57
3667382 0 55
3668816 0 57
3670270 0 65
3671744 0 39
3673219 0 58
3674673 0 59
3676106 0 57
3677560 0 52
3678974 0 58
3680530 0 69
3682066 0 41
3683479 0 52
3684995 0 56
3686428 0 50
3687923 0 69
3689418 0 48
3690954 0 58
3692531 0 51
3694047 0 61
3695542 0 40
3697098 0 58
3698634 0 49
3700149 0 68
3701604 0 48
3703017 0 51
3704450 0 68
3705986 0 47
3707481 0 55
3708894 0 58
3710451 0 59
3711905 0 58
3713482 0 58
3714997 0 63
3716410 0 41
3717946 0 56
3719380 0 72
3720793 0 47
3722308 0 58
3723803 0 55
3725298 0 59
3726753 0 67
3728207 0 42
3729702 0 57
3750953 0 104
3752366 0 104
3753800 0 104
3755356 0 104
3756749 0 104
3758306 0 104
3759698 0 104
3761132 0 104
3762545 0 104
3763978 0 104
3765371 0 105
3766805 0 105
3768259 0 106
3769815 0 104
3771331 0 105
3772744 0 105
3774198 0 105
3775652 0 106
3777126 0 104
3778519 0 105
3780055 0 105
3781448 0 105
3782984 0 105
3784417 0 105
3785933 0 105
3787346 0 106
3788759 0 104
3790233 0 105
3791749 0 105
3793264 0 105
3794759 0 105
3796254 0 105
3797667 0 106
3799224 0 104
3800739 0 105
3802193 0 106
3803607 0 104
3805061 0 105
3806576 0 105
3808030 0 105
3809484 0 105
3810979 0 105
3812515 0 105
3814010 0 105
3815444 0 106
3816918 0 104
3818434 0 105
3819908 0 105
3821362 0 106
3822837 0 104
3824291 0 105
3825765 0 105
3827179 0 105
3828694 0 105
3830128 0 105
3831582 0 106
3832995 0 104
3834469 0 105
3835862 0 105
3837377 0 106
3838791 0 104
3840224 0 105
3841637 0 105
3843173 0 105
3844607 0 105
3846102 0 105
3847597 0 105
3849030 0 106
3850566 0 104
3852041 0 105
3853536 0 105
3855092 0 105
3856587 0 106
3857980 0 104
3859495 0 105
3860888 0 105
3862383 0 106
3863919 0 104
3865414 0 105
3866950 0 105
3868445 0 105
3869940 0 105
3871374 0 105
3872787 0 105
3874261 0 106
3875818 0 104
3877354 0 105
3878890 0 106
3880426 0 104
3881941 0 105
3883334 0 106
3884890 0 104
3886365 0 105
3887798 0 105
3889252 0 106
3890788 0 104
3892263 0 105
3893819 0 105
3895273 0 105
3896707 0 105
3898181 0 105
3899574 0 106
3901028 0 104
3902503 0 105
3904039 0 106
3905554 0 104
3907070 0 105
3908483 0 105
3909875 0 105
3911288 0 105
3912763 0 106
3914238 0 104
3915692 0 105
3917207 0 106
3918641 0 104
3920115 0 105
3921508 0 105
3922941 0 105
3924477 0 106
3925952 0 104
3927406 0 105
3928901 0 105
3930376 0 105
3931870 0 105
3933304 0 106
3934820 0 104
3936376 0 105
3937871 0 105
3939387 0 105
3940820 0 105
3942254 0 106
3943749 0 104
3945182 0 105
3946739 0 105
3948295 0 105
3949811 0 106
3951326 0 104
3952842 0 105
3954234 0 105
3955668 0 105
3957101 0 105
3958576 0 106
3959989 0 104
3961525 0 105
3962938 0 105
3964433 0 105
3965887 0 105
3967382 0 105
3968775 0 106
3970311 0 104
3971765 0 105
3973301 0 106
3974755 0 104
3976147 0 105
3977561 0 106
3979117 0 104
3980551 0 105
3982107 0 106
3983664 0 104
3985077 0 105
3986613 0 105
3988026 0 105
3989439 0 105
3990872 0 106
3992306 0 104
3993821 0 105
3995234 0 105
3996750 0 106
3998143 0 104
3999597 0 105
4001030 0 105
4002464 0 106
4003918 0 104
4005454 0 105
4006969 0 105
4008423 0 105
4009837 0 105
4011352 0 105
4012786 0 106
4014260 0 104
4015755 0 105
4017271 0 105
4018725 0 105
4020158 0 105
4021571 0 105
4022964 0 105
4024500 0 106
4025933 0 104
4027449 0 105
4028883 0 105
4030378 0 105
4031873 0 105
4033388 0 106
4034842 0 104
4036276 0 105
4037791 0 105
4039204 0 105
4040720 0 105
4042133 0 105
4043648 0 105
4045184 0 106
4046679 0 104
4048133 0 105
4049608 0 106
4051103 0 104
4052598 0 105
4054011 0 106
4055527 0 104
4056981 0 105
4058476 0 105
4059971 0 105
4061425 0 105
4062940 0 105
4064415 0 106
4065869 0 104
4067343 0 105
4068797 0 105
4070190 0 105
4071747 0 105
4073262 0 105
4074818 0 105
4076252 0 106
4077686 0 104
4079181 0 105
4080717 0 105
4082252 0 106
4083727 0 104
4085222 0 105
4086656 0 106
4088089 0 104
4089482 0 105
4090936 0 106
4092451 0 104
4093885 0 105
4095380 0 106
4096875 0 104
4098390 0 105
4099885 0 106
4101319 0 104
4102835 0 105
4104248 0 105
4105702 0 105
4107176 0 106
4108610 0 104
4110023 0 105
4111477 0 106
4112931 0 104
4114447 0 105
4115962 0 105
4117518 0 105
4118932 0 105
4120447 0 105
4121881 0 105
4123314 0 105
4124789 0 106
4126325 0 104
4127738 0 105
4129151 0 106
4130564 0 104
4131977 0 105
4133390 0 106
4134885 0 104
4136298 0 105
4137793 0 106
4139268 0 104
4140701 0 105
4142135 0 105
4143548 0 105
4144961 0 105
4146436 0 105
4147910 0 105
4149344 0 106
4150757 0 104
4152190 0 105
4153604 0 105
4155140 0 105
4156635 0 105
4158171 0 106
4159604 0 104
4161120 0 105
4162594 0 105
4164069 0 105
4165461 0 105
4167018 0 105
4168513 0 106
4170028 0 104
4171462 0 105
4172936 0 105
4174493 0 105
4175967 0 105
4177401 0 106
4178957 0 104
4180391 0 105
4181886 0 105
4183340 0 105
4184855 0 105
4186310 0 106
4187723 0 104
4189136 0 105
4190672 0 105
4192167 0 106
4193600 0 104
4195075 0 105
4196549 0 106
4198106 0 104
4199498 0 105
4201014 0 106
4202509 0 104
4204045 0 105
4205438 0 105
4206973 0 106
4208428 0 104
4209820 0 105
4211233 0 105
4212626 0 105
4214121 0 105
4215595 0 106
4217131 0 104
4218667 0 105
4220101 0 106
4221555 0 104
4223009 0 105
4224566 0 106
4226020 0 104
4227535 0 105
4229071 0 106
4230607 0 104
4232082 0 105
4233556 0 106
4235051 0 104
4236608 0 105
4238000 0 105
4239413 0 105
4240806 0 105
4242239 0 105
4243775 0 105
4245188 0 105
4246724 0 106
4248158 0 104
4249551 0 105
4250964 0 105
4252356 0 105
4253851 0 105
4255305 0 105
4256800 0 105
4258214 0 105
4259668 0 106
4261224 0 104
4262760 0 105
4264255 0 105
4265709 0 105
4267102 0 105
4268576 0 106
4270051 0 104
4271607 0 105
4273143 0 105
4274679 0 105
4276072 0 106
4277485 0 104
4278898 0 105
4280373 0 105
4281888 0 106
4283424 0 104
4284817 0 105
4286250 0 105
4287807 0 105
4289240 0 106
4290674 0 104
4292148 0 105
4293582 0 106
4295077 0 104
4296613 0 105
4298169 0 106
4299705 0 104
4301262 0 105
4302777 0 105
4304293 0 105
4305788 0 105
4307283 0 105
4308839 0 105
4310334 0 106
4311747 0 104
4313263 0 105
4314676 0 106
4316110 0 104
4317543 0 105
4319100 0 105
4320656 0 105
4322171 0 106
4323687 0 104
4325202 0 105
4326677 0 106
4328233 0 104
4329728 0 105
4331224 0 105
4332698 0 105
4334234 0 105
4335668 0 105
4337060 0 105
4338514 0 105
4340050 0 106
4341463 0 104
4342999 0 105
4344474 0 105
4345989 0 106
4347546 0 104
4349102 0 105
4350618 0 105
4352072 0 105
4353464 0 105
4354898 0 105
4356332 0 105
4357745 0 105
4359178 0 106
4360571 0 104
4361984 0 105
4363397 0 105
4364810 0 105
4366305 0 105
4367800 0 105
4369213 0 105
4370749 0 106
4372203 0 104
4373760 0 105
4375275 0 105
4376729 0 105
4378142 0 105
4379535 0 105
4381050 0 105
4382586 0 105
4384061 0 106
4385556 0 104
4387071 0 105
4388546 0 105
4389939 0 105
4391393 0 105
4392806 0 105
4394239 0 106
4395714 0 104
4397270 0 105
4398745 0 105
4400219 0 105
4401612 0 105
4403046 0 105
4404459 0 106
4405851 0 104
4407264 0 105
4408780 0 105
4410295 0 105
4411770 0 106
4413203 0 104
4414698 0 105
4416173 0 105
4417627 0 106
4419061 0 104
4420474 0 105
4421969 0 105
4423505 0 105
4424959 0 105
4426433 0 105
4427867 0 105
4429403 0 106
4430795 0 104
4432352 0 105
4433765 0 106
4435219 0 104
4436714 0 105
4438148 0 105
4439561 0 105
4441076 0 105
4442551 0 106
4444005 0 104
4445418 0 105
4446954 0 106
4448469 0 104
4449944 0 105
4451439 0 105
4452852 0 105
4454347 0 105
4455801 0 105
4457235 0 106
4458771 0 104
4460225 0 105
4461658 0 105
4463153 0 106
4464669 0 104
4466082 0 105
4467597 0 106
4469052 0 104
4470587 0 105
4472103 0 106
4473659 0 104
4475134 0 105
4476608 0 105
4478001 0 105
4479394 0 105
4480889 0 106
4482425 0 104
4483858 0 105
4485394 0 105
4486889 0 106
4488343 0 104
4489859 0 105
4491354 0 105
4492890 0 105
4494364 0 105
4495900 0 105
4497293 0 106
4498849 0 104
4500324 0 105
4501757 0 105
4503232 0 105
4504666 0 105
4506202 0 106
4507758 0 104
4509151 0 105
4510605 0 105
4512141 0 105
4513656 0 105
4515192 0 105
4516626 0 106
4518100 0 104
4519575 0 105
4521049 0 106
4522462 0 104
4523896 0 105
4525350 0 106
4526804 0 104
4528238 0 105
4529774 0 106
4531187 0 104
4532579 0 105
4533992 0 105
4535487 0 105
4536962 0 105
4538498 0 106
4539952 0 104
4541447 0 105
4542881 0 106
4544396 0 104
4545932 0 105
4547427 0 105
4548881 0 106
4550417 0 104
4551953 0 105
4553469 0 106
4554902 0 104
4556315 0 105
4557769 0 105
4559305 0 105
4560821 0 106
4562377 0 104
4563893 0 105
4565429 0 106
4566924 0 104
4568439 0 105
4569975 0 105
4571511 0 106
4573068 0 104
4574522 0 105
4576017 0 105
4577491 0 106
4578904 0 104
4580317 0 105
4581853 0 105
4583389 0 105
4584925 0 105
4586359 0 105
4587772 0 105
4589206 0 105
4590721 0 106
4592277 0 104
4593691 0 105
4595083 0 106
4596578 0 104
4598114 0 105
4599630 0 105
4601145 0 105
4602681 0 106
4604217 0 104
4605651 0 105
4607207 0 106
4608702 0 104
4610197 0 105
4611631 0 106
4613085 0 104
4614600 0 105
4616116 0 106
4617590 0 104
4619106 0 105
4620560 0 106
4622096 0 104
4623591 0 105
4624983 0 106
4626540 0 104
4628055 0 105
4629530 0 105
4631045 0 105
4632479 0 105
4633913 0 106
4635428 0 104
4636841 0 105
4638316 0 105
4639831 0 105
4641224 0 105
4642657 0 105
4644070 0 106
4645586 0 104
4647122 0 105
4648535 0 105
