114101 0 10
115637 0 12
117050 0 5
118463 0 4
119938 0 3
121412 0 6
122887 0 2
124423 0 2
125877 0 1
127351 0 7
128867 0 14
130382 0 16
131795 0 13
133290 0 15
134785 0 21
136362 0 17
137755 0 28
139189 0 10
140704 0 24
142097 0 22
143571 0 29
145066 0 1
146459 0 23
147954 0 18
149449 0 22
150882 0 31
152295 0 12
153831 0 14
155224 0 17
156658 0 13
158153 0 19
159586 0 14
161102 0 17
162638 0 30
164051 0 1
165607 0 22
167020 0 16
168392 0 23
169928 0 27
171444 0 9
173000 0 24
174414 0 23
175970 0 23
177485 0 15
178899 0 31
180394 0 4
181868 0 24
183425 0 13
184858 0 19
186333 0 20
187889 0 31
189323 0 2
190838 0 20
192415 0 34
193910 0 1
195426 0 20
197023 0 19
198518 0 24
199931 0 18
201365 0 17
202921 0 20
204478 0 35
206034 0 1
207468 0 15
208922 0 16
210376 0 18
211871 0 24
213284 0 15
214717 0 25
216192 0 7
217687 0 24
219141 0 24
220677 0 18
222172 0 24
223606 0 18
225162 0 28
226555 0 10
228091 0 22
229647 0 21
231101 0 18
232535 0 22
233968 0 20
235463 0 18
236897 0 21
238412 0 29
239907 0 10
241341 0 14
242795 0 23
244208 0 17
245621 0 30
247096 0 3
248570 0 19
250065 0 23
251540 0 20
252994 0 20
254571 0 20
256004 0 23
257438 0 26
258933 0 1
260428 0 23
261903 0 17
263377 0 14
264831 0 26
266326 0 8
267801 0 24
269357 0 27
270811 0 9
272347 0 24
273781 0 32
275173 0 9
276750 0 18
278225 0 26
279699 0 7
281174 0 21
282648 0 16
284143 0 23
285700 0 21
287236 0 26
288710 0 9
290144 0 14
291618 0 21
293195 0 23
294711 0 34
296206 0 4
297680 0 24
299093 0 24
300527 0 29
302022 0 2
303415 0 20
304848 0 21
306282 0 18
307859 0 29
309374 0 7
310890 0 24
312426 0 20
313921 0 21
315477 0 25
316993 0 12
318447 0 21
319942 0 22
321355 0 16
322891 0 34
324304 0 10
325819 0 13
327233 0 20
328687 0 21
330182 0 26
331718 0 6
333131 0 13
334667 0 29
336100 0 4
337575 0 22
339008 0 36
340585 0 5
341998 0 13
343432 0 22
344865 0 33
346340 0 11
347815 0 18
349350 0 32
350764 0 1
352218 0 19
353795 0 14
355228 0 15
356621 0 23
358054 0 14
359529 0 25
361085 0 6
362662 0 17
364178 0 15
365591 0 26
367045 0 5
368478 0 24
369953 0 20
371468 0 18
372923 0 30
374397 0 12
375933 0 20
377489 0 18
378903 0 23
380336 0 26
381729 0 2
383142 0 24
384535 0 33
385989 0 11
387443 0 13
388979 0 15
390371 0 17
391887 0 30
393320 0 8
394877 0 18
396392 0 13
397867 0 15
399382 0 19
400959 0 18
402495 0 30
403949 0 6
405444 0 21
406980 0 24
408434 0 24
409950 0 24
411486 0 16
412878 0 26
414291 0 3
415684 0 13
417097 0 13
418592 0 24
420026 0 22
421500 0 33
422995 0 1
424552 0 15
426026 0 28
427480 0 6
429057 0 18
430511 0 13
431986 0 16
433481 0 26
434894 0 5
436327 0 18
437863 0 16
439256 0 33
440751 0 6
442164 0 14
443598 0 19
445031 0 35
446506 0 2
448001 0 21
449475 0 21
450909 0 21
452445 0 32
453919 0 4
455374 0 18
456787 0 21
458364 0 24
459879 0 17
461333 0 31
462849 0 3
464323 0 14
465757 0 31
467190 0 3
468726 0 19
470160 0 30
471552 0 5
472986 0 16
474522 0 34
475976 0 5
477471 0 14
479007 0 23
480543 0 21
481997 0 31
483533 0 5
485049 0 20
486523 0 16
488059 0 15
489595 0 15
491151 0 18
492565 0 35
493998 0 12
495473 0 14
497009 0 24
498483 0 21
499978 0 20
501412 0 25
502866 0 11
504258 0 13
505753 0 31
507248 0 3
508744 0 20
510259 0 14
511774 0 16
513249 0 16
514785 0 14
516300 0 15
517734 0 27
519209 0 9
520642 0 16
522014 0 15
523427 0 22
524881 0 18
526417 0 25
527871 0 9
529448 0 15
530861 0 24
532397 0 33
533933 0 10
535408 0 24
536944 0 23
538418 0 18
539893 0 23
541306 0 28
542822 0 1
544214 0 18
545750 0 13
547225 0 15
548617 0 13
550133 0 34
551546 0 4
553041 0 23
554577 0 18
556051 0 15
557546 0 21
558980 0 29
560414 0 10
561888 0 15
563424 0 19
564837 0 24
566312 0 33
567766 0 5
569302 0 20
570776 0 20
572374 0 25
573889 0 3
575425 0 14
576859 0 16
578374 0 18
579951 0 22
581508 0 24
582900 0 27
584293 0 6
585808 0 17
587324 0 13
588819 0 23
590375 0 13
591788 0 34
593324 0 6
594758 0 13
596171 0 35
597584 0 2
599100 0 21
600554 0 21
602028 0 17
603564 0 32
604998 0 4
606431 0 14
607906 0 19
609339 0 19
610793 0 26
612268 0 11
613804 0 21
615360 0 29
616876 0 12
618330 0 16
619845 0 23
621279 0 31
622754 0 9
624208 0 23
625764 0 19
627198 0 15
628652 0 17
630147 0 34
631580 0 10
633116 0 23
634570 0 15
636004 0 22
637581 0 19
639158 0 16
640673 0 19
642168 0 26
643581 0 8
645056 0 24
646469 0 14
647984 0 18
649418 0 19
650913 0 18
652429 0 20
653924 0 33
655378 0 7
656791 0 20
658224 0 29
659637 0 4
661071 0 21
662648 0 15
664184 0 17
665577 0 25
667133 0 10
668587 0 20
670021 0 30
671393 0 8
672929 0 19
674342 0 28
675734 0 10
677188 0 22
678622 0 14
680076 0 21
681530 0 14
683046 0 26
684459 0 2
685954 0 18
687367 0 30
688862 0 10
690295 0 22
691852 0 20
693429 0 31
694883 0 4
696255 0 20
697729 0 15
699286 0 34
700679 0 2
702133 0 24
703669 0 24
705205 0 26
706577 0 4
708092 0 21
709628 0 32
711103 0 10
712680 0 13
714093 0 30
715547 0 6
716960 0 17
718455 0 14
719970 0 25
721445 0 7
723022 0 24
724496 0 22
726073 0 14
727568 0 24
729104 0 22
730599 0 35
732094 0 6
733528 0 24
734961 0 23
736497 0 23
737931 0 31
739488 0 4
740982 0 14
742437 0 14
743870 0 36
745406 0 10
746942 0 24
748376 0 23
749830 0 23
751366 0 18
752779 0 22
754212 0 21
755728 0 20
757182 0 29
758595 0 1
760151 0 20
761667 0 24
763100 0 18
764575 0 18
766131 0 25
767606 0 11
769040 0 23
770494 0 19
772050 0 17
773566 0 20
775122 0 33
776658 0 9
778214 0 21
779648 0 28
781163 0 5
782638 0 21
784194 0 21
785669 0 17
787205 0 24
788639 0 34
790052 0 7
791567 0 22
793062 0 21
794639 0 31
796155 0 2
797629 0 21
799186 0 25
800599 0 12
802032 0 16
803486 0 17
805002 0 19
806538 0 14
807971 0 14
809364 0 15
810757 0 32
812190 0 2
813624 0 13
815160 0 17
816655 0 13
818150 0 36
819604 0 2
821037 0 17
822471 0 19
823966 0 13
825399 0 19
826935 0 26
828349 0 4
829721 0 19
831277 0 24
832670 0 21
834103 0 23
835516 0 19
836930 0 13
838322 0 33
839817 0 7
841271 0 16
842746 0 20
844241 0 17
845736 0 21
847210 0 27
848685 0 3
850159 0 13
851552 0 35
852965 0 8
854419 0 16
855832 0 32
857368 0 8
858843 0 21
860338 0 21
861751 0 16
863246 0 30
864761 0 4
866133 0 14
867588 0 22
869021 0 23
870496 0 24
872052 0 19
873588 0 13
875104 0 30
876578 0 3
878032 0 18
879589 0 23
881084 0 23
882517 0 18
883992 0 27
885507 0 2
887043 0 22
888559 0 15
890013 0 22
891549 0 20
893126 0 33
894539 0 11
896013 0 19
897508 0 29
899024 0 7
900478 0 17
901932 0 26
903386 0 8
904820 0 19
906294 0 21
907769 0 14
909305 0 18
910779 0 22
912274 0 35
913769 0 8
915264 0 22
916780 0 32
918213 0 4
919729 0 19
921203 0 22
922739 0 36
924173 0 5
925709 0 22
927204 0 18
928760 0 17
930173 0 26
931607 0 2
933102 0 14
934638 0 24
936071 0 22
937525 0 27
938980 0 7
940393 0 22
941908 0 25
943321 0 9
944755 0 23
946209 0 30
947683 0 9
949178 0 14
950612 0 13
952127 0 14
953663 0 13
955158 0 18
956674 0 27
958107 0 7
959603 0 15
961159 0 26
962593 0 2
964128 0 20
965664 0 15
967160 0 32
968675 0 7
970129 0 18
971563 0 25
972976 0 2
974409 0 23
975925 0 35
977379 0 5
978935 0 17
980471 0 19
982048 0 22
983584 0 18
985038 0 35
986533 0 6
988008 0 22
989544 0 33
991080 0 6
992636 0 13
994172 0 22
995708 0 17
997101 0 14
998637 0 22
1000070 0 24
1001483 0 21
1002958 0 33
1004514 0 4
1005989 0 23
1007525 0 17
1008938 0 29
1010351 0 1
1011887 0 21
1013321 0 18
1014857 0 23
1037479 0 101
1039015 0 101
1040490 0 101
1042026 0 101
1043439 0 101
1044852 0 101
1046286 0 101
1047822 0 101
1049255 0 101
1050689 0 101
1052204 0 102
1053597 0 102
1055092 0 102
1056505 0 102
1058020 0 103
1059474 0 101
1060949 0 102
1062485 0 103
1063898 0 101
1065393 0 102
1066786 0 102
1068240 0 102
1069755 0 102
1071291 0 103
1072807 0 101
1074302 0 102
1075776 0 103
1077271 0 101
1078705 0 102
1080097 0 102
1081592 0 102
1083149 0 102
1084603 0 102
1085996 0 102
1087532 0 103
1089068 0 101
1090460 0 102
1091976 0 102
1093512 0 102
1094986 0 102
1096502 0 103
1098058 0 101
1099451 0 102
1100946 0 102
1102441 0 103
1103915 0 101
1105451 0 102
1106864 0 103
1108380 0 101
1109895 0 102
1111411 0 102
1112824 0 102
1114319 0 102
1115773 0 103
1117288 0 101
1118702 0 102
1120115 0 103
1121630 0 101
1123064 0 102
1124579 0 102
1126095 0 103
1127631 0 101
1129023 0 102
1130436 0 103
1131890 0 101
1133344 0 102
1134778 0 103
1136273 0 101
1137707 0 102
1139161 0 102
1140594 0 102
1142130 0 102
1143666 0 102
1145223 0 103
1146759 0 101
1148233 0 102
1149769 0 103
1151223 0 101
1152657 0 102
1154152 0 103
1155688 0 101
1157244 0 102
1158801 0 102
1160193 0 102
1161709 0 102
1163183 0 103
1164617 0 101
1166050 0 102
1167586 0 102
1168979 0 102
1170454 0 102
1171846 0 102
1173300 0 103
1174836 0 101
1176270 0 102
1177765 0 102
1179280 0 102
1180796 0 102
1182311 0 102
1183786 0 103
1185240 0 101
1186632 0 102
1188087 0 102
1189582 0 103
1191118 0 101
1192653 0 102
1194149 0 103
1195623 0 101
1197057 0 102
1198490 0 102
1199924 0 102
1201398 0 103
1202832 0 101
1204245 0 102
1205679 0 102
1207215 0 102
1208689 0 102
1210225 0 102
1211618 0 103
1213051 0 101
1214464 0 102
1215898 0 102
1217393 0 102
1218826 0 102
1220240 0 103
1221796 0 101
1223332 0 102
1224827 0 102
1226302 0 102
1227735 0 102
1229271 0 102
1230787 0 103
1232323 0 101
1233797 0 102
1235333 0 103
1236910 0 101
1238303 0 102
1239859 0 103
1241293 0 101
1242726 0 102
1244119 0 102
1245552 0 102
1247047 0 103
1248461 0 101
1249976 0 102
1251369 0 102
1252782 0 102
1254195 0 102
1255587 0 102
1257123 0 103
1258598 0 101
1260072 0 102
1261608 0 102
1263083 0 102
1264639 0 102
1266114 0 102
1267609 0 103
1269104 0 101
1270517 0 102
1271971 0 102
1273466 0 102
1274900 0 102
1276395 0 102
1277787 0 103
1279303 0 101
1280818 0 102
1282354 0 102
1283829 0 103
1285365 0 101
1286798 0 102
1288211 0 102
1289666 0 103
1291099 0 101
1292594 0 102
1294048 0 102
1295502 0 102
1296977 0 102
1298369 0 102
1299803 0 103
1301277 0 101
1302793 0 102
1304329 0 102
1305783 0 102
1307196 0 103
1308650 0 101
1310166 0 102
1311640 0 102
1313156 0 102
1314651 0 103
1316207 0 101
1317600 0 102
1319074 0 102
1320487 0 103
1322023 0 101
1323539 0 102
1324972 0 102
1326467 0 102
1327983 0 103
1329478 0 101
1330973 0 102
1332447 0 103
1333861 0 101
1335376 0 102
1336871 0 102
1338387 0 103
1339923 0 101
1341397 0 102
1342831 0 102
1344285 0 102
1345759 0 103
1347213 0 101
1348688 0 102
1350080 0 103
1351637 0 101
1353111 0 102
1354586 0 103
1356020 0 101
1357412 0 102
1358907 0 102
1360423 0 102
1361856 0 102
1363269 0 102
1364682 0 102
1366136 0 103
1367550 0 101
1369045 0 102
1370540 0 102
1371953 0 102
1373489 0 102
1374922 0 102
1376438 0 102
1377851 0 103
1379346 0 101
1380882 0 102
1382336 0 102
1383810 0 102
1385285 0 102
1386698 0 102
1388173 0 103
1389729 0 101
1391122 0 102
1392596 0 103
1394132 0 101
1395668 0 102
1397081 0 102
1398535 0 102
1400010 0 103
1401443 0 101
1402856 0 102
1404249 0 102
1405724 0 102
1407137 0 103
1408550 0 101
1409983 0 102
1411499 0 102
1413035 0 102
1414571 0 103
1416127 0 101
1417561 0 102
1419097 0 102
1420571 0 102
1421984 0 103
1423397 0 101
1424831 0 102
1426388 0 103
1427903 0 101
1429398 0 102
1430811 0 102
1432347 0 103
1433822 0 101
1435358 0 102
1436873 0 102
1438286 0 102
1439720 0 103
1441215 0 101
1442710 0 102
1444266 0 103
1445720 0 101
1447133 0 102
1448608 0 102
1450103 0 102
1451659 0 102
1453113 0 102
1454527 0 103
1456001 0 101
1457435 0 102
1458971 0 102
1460507 0 103
1461981 0 101
1463415 0 102
1464869 0 102
1466405 0 103
1467941 0 101
1469374 0 102
1470890 0 102
1472282 0 103
1473839 0 101
1475293 0 102
1476685 0 102
1478181 0 102
1479635 0 102
1481171 0 103
1482706 0 101
1484222 0 102
1485737 0 102
1487253 0 102
1488789 0 103
1490304 0 101
1491799 0 102
1493294 0 103
1494810 0 101
1496244 0 102
1497739 0 103
1499295 0 101
1500770 0 102
1502326 0 103
1503862 0 101
1505255 0 102
1506729 0 103
1508224 0 101
1509740 0 102
1511214 0 102
1512709 0 102
1514163 0 102
1515597 0 102
1517071 0 102
1518484 0 102
1519918 0 103
1521393 0 101
1522888 0 102
1524342 0 102
1525775 0 102
1527270 0 102
1528786 0 102
1530281 0 103
1531817 0 101
1533271 0 102
1534745 0 103
1536220 0 101
1537633 0 102
1539046 0 102
1540480 0 102
1541975 0 102
1543367 0 102
1544883 0 102
1546316 0 102
1547852 0 103
1549347 0 101
1550863 0 102
1552337 0 103
1553812 0 101
1555225 0 102
1556638 0 103
1558092 0 101
1559567 0 102
1561021 0 102
1562454 0 102
1563847 0 102
1565280 0 102
1566816 0 103
1568352 0 101
1569827 0 102
1571281 0 103
1572715 0 101
1574209 0 102
1575725 0 103
1577240 0 101
1578776 0 102
1580271 0 103
1581746 0 101
1583159 0 102
1584654 0 102
1586088 0 102
1587480 0 102
1589016 0 103
1590429 0 101
1591945 0 102
1593440 0 102
1594914 0 102
1596348 0 102
1597761 0 102
1599297 0 102
1600690 0 103
1602123 0 101
1603557 0 102
1604990 0 103
1606444 0 101
1607960 0 102
1609434 0 102
1610991 0 103
1612424 0 101
1613858 0 102
1615312 0 103
1616807 0 101
1618323 0 102
1619756 0 102
1621251 0 102
1622685 0 102
1624180 0 103
1625613 0 101
1627006 0 102
1628501 0 102
1630016 0 102
1631450 0 103
1632863 0 101
1634379 0 102
1635792 0 103
1637348 0 101
1638761 0 102
1640154 0 103
1641710 0 101
1643226 0 102
1644639 0 102
1646113 0 102
1647588 0 102
1649001 0 102
1650496 0 102
1651930 0 103
1653486 0 101
1654961 0 102
1656353 0 102
1657746 0 102
1659282 0 103
1660736 0 101
1662272 0 102
1663726 0 102
1665262 0 103
1666798 0 101
1668231 0 102
1669767 0 103
1671222 0 101
1672737 0 102
1674252 0 102
1675727 0 102
1677202 0 103
1678778 0 101
1680233 0 102
1681728 0 103
1683202 0 101
1684636 0 102
1686049 0 102
1687605 0 102
1689080 0 103
1690534 0 101
1692029 0 102
1693462 0 102
1694875 0 102
1696391 0 102
1697804 0 102
1699217 0 102
1700712 0 102
1702228 0 103
1703764 0 101
1705279 0 102
1706713 0 102
1708167 0 102
1709580 0 102
1711034 0 102
1712467 0 103
1713983 0 101
1715396 0 102
1716912 0 102
1718468 0 102
1719922 0 102
1721397 0 102
1722912 0 103
1724448 0 101
1725841 0 102
1727397 0 102
1728810 0 103
1730285 0 101
1731821 0 102
1733213 0 102
1734688 0 102
1736121 0 102
1737555 0 102
1738989 0 103
1740545 0 101
1742061 0 102
1743576 0 102
1745051 0 103
1746627 0 101
1748163 0 102
1749556 0 102
1751031 0 102
1752505 0 102
1753939 0 102
1755393 0 103
1756826 0 101
1758219 0 102
1759612 0 103
1761066 0 101
1762520 0 102
1763933 0 102
1765469 0 102
1766902 0 102
1768397 0 102
1769872 0 102
1771428 0 102
1772882 0 103
1774316 0 101
1775750 0 102
1777245 0 102
1778637 0 103
1780112 0 101
1781504 0 102
1783040 0 102
1784474 0 103
1785948 0 101
1787341 0 102
1788775 0 102
1790290 0 102
1791785 0 103
1793198 0 101
1794714 0 102
1796127 0 102
1797581 0 103
1799117 0 101
1800653 0 102
1802168 0 102
1803684 0 102
1805220 0 102
1806633 0 102
1808169 0 102
1809623 0 103
1811056 0 101
1812469 0 102
1814026 0 102
1815419 0 102
1816893 0 103
1818409 0 101
1819842 0 102
1821276 0 102
1822791 0 102
1824266 0 103
1825699 0 101
1827235 0 102
1828710 0 102
1830246 0 102
1831700 0 102
1833215 0 102
1834731 0 103
1836246 0 101
1837741 0 102
1839236 0 103
1840793 0 101
1842267 0 102
1843680 0 102
1845073 0 102
1846630 0 102
1848084 0 103
1849640 0 101
1851053 0 102
1852446 0 103
1853879 0 101
1855354 0 102
1856890 0 102
1858282 0 102
1859675 0 102
1861129 0 102
1862645 0 103
1864078 0 101
1865491 0 102
1866966 0 102
1868461 0 102
1869956 0 102
1871389 0 102
1872864 0 103
1874359 0 101
1875772 0 102
1877206 0 102
1878660 0 102
1880093 0 102
1881568 0 102
1883083 0 103
1884599 0 101
1886012 0 102
1887445 0 103
1889002 0 101
1890394 0 102
1891930 0 102
1893344 0 102
1894880 0 102
1896293 0 102
1897829 0 102
1899262 0 103
1900675 0 101
1902088 0 102
1903583 0 102
1904976 0 103
1906532 0 101
1908007 0 102
1909461 0 102
1910977 0 102
1912492 0 102
1914007 0 102
1915462 0 103
1916875 0 101
1918411 0 102
1919885 0 103
1921380 0 101
1922773 0 102
1924309 0 102
1925763 0 102
1927299 0 102
1928732 0 102
1930186 0 102
1931599 0 103
1933115 0 101
1934569 0 102
1953450 0 47
1954986 0 48
1956399 0 48
1957935 0 39
1959327 0 39
1960781 0 41
1962276 0 41
1963792 0 47
1965226 0 39
1966680 0 40
1968154 0 51
1969649 0 54
1971062 0 61
1972455 0 40
1973950 0 54
1975486 0 53
1977001 0 51
1978517 0 58
1980012 0 71
1981466 0 47
1982940 0 49
1984333 0 53
1985787 0 51
1987221 0 68
1988675 0 38
1990088 0 53
1991542 0 54
1993037 0 51
1994593 0 67
1996047 0 41
1997461 0 52
1998956 0 63
2000389 0 46
2001905 0 56
2003338 0 56
2004751 0 58
2006308 0 56
2007823 0 52
2009298 0 66
2010834 0 45
2012288 0 54
2013721 0 68
2015257 0 37
2016691 0 53
2018145 0 55
2019701 0 52
2021237 0 61
2022732 0 37
2024227 0 51
2025620 0 51
2027176 0 56
2028692 0 51
2030187 0 57
2031641 0 70
2033116 0 41
2034570 0 52
2036044 0 70
2037519 0 46
2039075 0 50
2040632 0 50
2042024 0 59
2043519 0 55
2044932 0 63
2046407 0 48
2047840 0 55
2049315 0 69
2050851 0 46
2052407 0 51
2053841 0 56
2055356 0 49
2056851 0 51
2058346 0 71
2059862 0 46
2061336 0 53
2062791 0 55
2064327 0 56
2065781 0 55
2067214 0 55
2068648 0 51
2070040 0 69
2071515 0 48
2072907 0 54
2074464 0 57
2075959 0 50
2077413 0 63
2078826 0 45
2080342 0 54
2081857 0 63
2083311 0 43
2084827 0 59
2086240 0 59
2087776 0 67
2089291 0 45
2090745 0 57
2092261 0 58
2093797 0 67
2095271 0 41
2096828 0 55
2098282 0 52
2099695 0 56
2101128 0 62
2102562 0 40
2104057 0 56
2105613 0 64
2107149 0 44
2108644 0 58
2110221 0 59
2111778 0 59
2113293 0 58
2114747 0 51
2116222 0 67
2117614 0 43
2119048 0 58
2120564 0 68
2121956 0 42
2123369 0 59
2124864 0 57
2126421 0 54
2127957 0 58
2129472 0 67
2130926 0 45
2132401 0 55
2133957 0 69
2135534 0 46
2137009 0 58
2138524 0 51
2139937 0 52
2141473 0 53
2142886 0 60
2144299 0 60
2145835 0 68
2147351 0 44
2148887 0 59
2150382 0 60
2151856 0 57
2153433 0 58
2154887 0 65
2156382 0 44
2157918 0 50
2159413 0 65
2160929 0 42
2162342 0 56
2163858 0 57
2165332 0 50
2166725 0 58
2168261 0 55
2169735 0 55
2171148 0 65
2172684 0 42
2174241 0 56
2175756 0 56
2177231 0 60
2178664 0 60
2180180 0 72
2181613 0 43
2183067 0 53
2184542 0 71
2185955 0 46
2187409 0 59
2188965 0 65
2190501 0 47
2192078 0 49
2193492 0 53
2195007 0 53
2196563 0 55
2198099 0 51
2199615 0 53
2201069 0 62
2202482 0 44
2203936 0 57
2205513 0 58
2207090 0 58
2208544 0 49
2209978 0 57
2211493 0 57
2213050 0 70
2214504 0 45
2216060 0 58
2217555 0 54
2219030 0 51
2220463 0 55
2221938 0 56
2223474 0 58
2224907 0 52
2226341 0 70
2227836 0 38
2229392 0 53
2230949 0 56
2232464 0 53
2234000 0 65
2235516 0 44
2237011 0 58
2238444 0 68
2239980 0 38
2241516 0 52
2242970 0 60
2244404 0 56
2245899 0 50
2247291 0 50
2248746 0 58
2250220 0 61
2251715 0 44
2253231 0 55
2254767 0 63
2256200 0 40
2257736 0 57
2259272 0 67
2260829 0 44
2262303 0 50
2263716 0 63
2265252 0 40
2266809 0 53
2268304 0 72
2269696 0 38
2271253 0 52
2272666 0 51
2274140 0 53
2275615 0 68
2277151 0 45
2278687 0 52
2280141 0 55
2281554 0 67
2283028 0 37
2284462 0 51
2285896 0 50
2287452 0 58
2288968 0 51
2290381 0 61
2291855 0 47
2293289 0 58
2294825 0 59
2296381 0 53
2297897 0 55
2299453 0 49
2300928 0 72
2302361 0 41
2303795 0 60
2305290 0 58
2306785 0 52
2308239 0 54
2309734 0 72
2311270 0 39
2312683 0 50
2314137 0 68
2315632 0 46
2317209 0 54
2318745 0 49
2320158 0 53
2321633 0 56
2323148 0 51
2324684 0 68
2326199 0 37
2327592 0 55
2329128 0 72
2330541 0 47
2332077 0 49
2333634 0 68
2335129 0 39
2336603 0 51
2338078 0 58
2339573 0 51
2341068 0 57
2342542 0 63
2343976 0 45
2345450 0 57
2346884 0 59
2348338 0 57
2349894 0 56
2351389 0 53
2352864 0 64
2354379 0 39
2355874 0 53
2357349 0 57
2358803 0 65
2360339 0 46
2361814 0 57
2363288 0 49
2364681 0 52
2366135 0 60
2367691 0 57
2369227 0 70
2370579 0 45
2372074 0 57
2373507 0 58
2374961 0 72
2376354 0 48
2377808 0 57
2379344 0 51
2380798 0 51
2382314 0 64
2383706 0 48
2385201 0 51
2386676 0 51
2388212 0 52
2389727 0 63
2391304 0 43
2392861 0 53
2394274 0 63
2395728 0 41
2397161 0 56
2398575 0 57
2400110 0 55
2401544 0 53
2403060 0 71
2404596 0 39
2406152 0 57
2407729 0 51
2409265 0 53
2410760 0 52
2412193 0 61
2413668 0 48
2415081 0 55
2416597 0 65
2418153 0 42
2419669 0 56
2421205 0 54
2422659 0 58
2424113 0 51
2425649 0 60
2427062 0 64
2428495 0 44
2430052 0 55
2431526 0 72
2433001 0 42
2434475 0 52
2435929 0 70
2437322 0 48
2438878 0 55
2440373 0 71
2441848 0 42
2443241 0 50
2444715 0 58
2446190 0 68
2447644 0 42
2449077 0 49
2450511 0 52
2452026 0 52
2453439 0 65
2454873 0 42
2456286 0 55
2457843 0 61
2459358 0 37
2460751 0 54
2462287 0 60
2463741 0 52
2465174 0 54
2466587 0 64
2468082 0 42
2469577 0 49
2471011 0 51
2472527 0 52
2474001 0 58
2475557 0 59
2477093 0 53
2478629 0 63
2480186 0 37
2481701 0 58
2483135 0 68
2484568 0 37
2485982 0 52
2487497 0 59
2488951 0 59
2490364 0 72
2491900 0 37
2493457 0 55
2494972 0 56
2496426 0 56
2497962 0 53
2499437 0 62
2500870 0 42
2502283 0 54
2503758 0 52
2505294 0 50
2506809 0 55
2508263 0 67
2509697 0 48
2511253 0 53
2512748 0 68
2514182 0 45
2515739 0 60
2517172 0 52
2518585 0 57
2520101 0 56
2521555 0 55
2522988 0 64
2524483 0 44
2526019 0 60
2527453 0 59
2528989 0 50
2530443 0 56
2531938 0 68
2533371 0 44
2534866 0 55
2536300 0 56
2537713 0 63
2539290 0 40
2540703 0 55
2542198 0 70
2543652 0 40
2545209 0 56
2546745 0 56
2548158 0 57
2549571 0 68
2551025 0 47
2552458 0 55
2553933 0 50
2555408 0 58
2556964 0 62
2558398 0 42
2559893 0 51
2561306 0 49
2562739 0 52
2564296 0 52
2565832 0 69
2567368 0 46
2568822 0 49
2570235 0 49
2571648 0 59
2573122 0 72
2574617 0 41
2576030 0 57
2577505 0 59
2578939 0 72
2580475 0 37
2581970 0 57
2583403 0 72
2584878 0 38
2586291 0 53
2587847 0 63
2589424 0 47
2590940 0 54
2592332 0 70
2593807 0 45
2595302 0 57
2596838 0 65
2598374 0 42
2599910 0 58
2601487 0 50
2602920 0 50
2604354 0 57
2605910 0 59
2607323 0 49
2608757 0 63
2610293 0 45
2611747 0 52
2613201 0 59
2614696 0 58
2616252 0 53
2617768 0 58
2619324 0 62
2620737 0 42
2622273 0 49
2623707 0 62
2625182 0 47
2626738 0 49
2628233 0 66
2629728 0 37
2631264 0 59
2632698 0 58
2634172 0 49
2635565 0 50
2637080 0 69
2638555 0 44
2640111 0 60
2641565 0 50
2643040 0 55
2644555 0 65
2646030 0 41
2647545 0 57
2648999 0 55
2650412 0 71
2651846 0 48
2653341 0 53
2654734 0 55
2656208 0 50
2657724 0 60
2659178 0 64
2660714 0 48
2662270 0 49
2663786 0 68
2665240 0 42
2666796 0 59
2668230 0 68
2669745 0 46
2671322 0 54
2672715 0 61
2674210 0 37
2675623 0 60
2677036 0 50
2678531 0 61
2680006 0 38
2681419 0 50
2682955 0 53
2684470 0 52
2685945 0 59
2687440 0 63
2688914 0 47
2690491 0 51
2691904 0 71
2693461 0 41
2694956 0 60
2696389 0 68
2697925 0 44
2699482 0 55
2700895 0 66
2702390 0 48
2703885 0 55
2705400 0 55
2706936 0 52
2708370 0 60
2709926 0 53
2711360 0 51
2712855 0 64
2714370 0 43
2715927 0 59
2717422 0 51
2718855 0 66
2720268 0 42
2721804 0 60
2723279 0 60
2724692 0 56
2726167 0 57
2727744 0 57
2729198 0 59
2730734 0 72
2732229 0 48
2733765 0 50
2735260 0 59
2736816 0 66
2738270 0 47
2739704 0 57
2741240 0 60
2742735 0 55
2744250 0 54
2745684 0 54
2747158 0 55
2748694 0 64
2750210 0 38
2751623 0 57
2753138 0 53
2754633 0 49
2756149 0 51
2757582 0 54
2758995 0 59
2760450 0 72
2761863 0 40
2763399 0 58
2764955 0 50
2766491 0 53
2768027 0 67
2769440 0 39
2770976 0 49
2772410 0 60
2773966 0 51
2775400 0 56
2776936 0 63
2778451 0 46
2779946 0 59
2781503 0 52
2782998 0 59
2784472 0 57
2785926 0 52
2787380 0 50
2788855 0 49
2790370 0 66
2791783 0 44
2793258 0 52
2794732 0 71
2796125 0 38
2797641 0 54
2799197 0 57
2800733 0 58
2802269 0 64
2803703 0 42
2805136 0 51
2806570 0 50
2808044 0 50
2809580 0 55
2811096 0 53
2812529 0 68
2814024 0 43
2815458 0 53
2816973 0 58
2818448 0 52
2819943 0 51
2821397 0 57
2822953 0 59
2824407 0 61
2825882 0 39
2827397 0 60
2828913 0 57
2830490 0 63
2831985 0 46
2833521 0 60
2834934 0 57
2836429 0 58
2837863 0 54
2839419 0 50
2840832 0 55
2842307 0 55
2843863 0 69
2845338 0 48
2846751 0 56
2848164 0 59
2849638 0 58
2851051 0 58
2852587 0 56
2854041 0 70
2855475 0 47
2856970 0 60
2876383 0 104
2877797 0 104
2879292 0 104
2880807 0 104
2882322 0 104
2883715 0 104
2885128 0 104
2886664 0 104
2888180 0 104
2889675 0 104
2891067 0 105
2892624 0 105
2894057 0 106
2895552 0 104
2897027 0 105
2898419 0 105
2899935 0 106
2901450 0 104
2902925 0 105
2904359 0 105
2905751 0 105
2907164 0 106
2908577 0 104
2910072 0 105
2911547 0 105
2912960 0 105
2914373 0 105
2915909 0 105
2917404 0 105
2918879 0 106
2920353 0 104
2921766 0 105
2923323 0 105
2924879 0 106
2926292 0 104
2927705 0 105
2929118 0 105
2930552 0 105
2931986 0 105
2933522 0 105
2935037 0 106
2936532 0 104
2938068 0 105
2939502 0 105
2941017 0 105
2942471 0 105
2943884 0 105
2945318 0 106
2946772 0 104
2948328 0 105
2949844 0 105
2951318 0 105
2952813 0 105
2954247 0 105
2955783 0 105
2957339 0 105
2958875 0 106
2960288 0 104
2961702 0 105
2963135 0 105
2964569 0 105
2966002 0 105
2967518 0 105
2968972 0 105
2970528 0 106
2972003 0 104
2973457 0 105
2974890 0 105
2976385 0 106
2977942 0 104
2979416 0 105
2980809 0 105
2982365 0 106
2983779 0 104
2985315 0 105
2986871 0 105
2988386 0 105
2989881 0 105
2991376 0 105
2992912 0 106
2994367 0 104
2995821 0 105
2997254 0 105
2998729 0 105
3000142 0 105
3001575 0 106
3003029 0 104
3004524 0 105
3005938 0 106
3007474 0 104
3008907 0 105
3010361 0 105
3011795 0 105
3013208 0 105
3014703 0 105
3016157 0 106
3017611 0 104
3019147 0 105
3020601 0 105
3022075 0 105
3023489 0 105
3025025 0 105
3026438 0 106
3027871 0 104
3029346 0 105
3030738 0 106
3032192 0 104
3033606 0 105
3035101 0 106
3036596 0 104
3038152 0 105
3039688 0 106
3041224 0 104
3042637 0 105
3044173 0 105
3045688 0 105
3047245 0 105
3048658 0 105
3050071 0 105
3051607 0 106
3053164 0 104
3054597 0 105
3056010 0 106
3057464 0 104
3058939 0 105
3060393 0 105
3061929 0 105
3063403 0 106
3064857 0 104
3066332 0 105
3067745 0 105
3069199 0 105
3070653 0 105
3072087 0 105
3073541 0 106
3074974 0 104
3076469 0 105
3078005 0 105
3079480 0 105
3080893 0 105
3082449 0 106
3083944 0 104
3085419 0 105
3086955 0 105
3088368 0 105
3089802 0 105
3091194 0 106
3092730 0 104
3094184 0 105
3095618 0 106
3097072 0 104
3098567 0 105
3100000 0 105
3101434 0 105
3102970 0 105
3104445 0 106
3105899 0 104
3107312 0 105
3108766 0 106
3110322 0 104
3111817 0 105
3113271 0 106
3114787 0 104
3116302 0 105
3117715 0 106
3119190 0 104
3120623 0 105
3122057 0 106
3123470 0 104
3125006 0 105
3126501 0 106
3127935 0 104
3129368 0 105
3130802 0 106
3132215 0 104
3133710 0 105
3135164 0 106
3136659 0 104
3138195 0 105
3139649 0 106
3141083 0 104
3142557 0 105
3144032 0 106
3145506 0 104
3146940 0 105
3148455 0 106
3149971 0 104
3151507 0 105
3153022 0 105
3154476 0 105
3155869 0 105
3157302 0 105
3158838 0 106
3160354 0 104
3161767 0 105
3163160 0 105
3164573 0 105
3166027 0 105
3167542 0 105
3168955 0 105
3170389 0 105
3171843 0 106
3173359 0 104
3174894 0 105
3176308 0 105
3177721 0 106
3179175 0 104
3180670 0 105
3182144 0 105
3183557 0 105
3185011 0 105
3186424 0 105
3187838 0 106
3189230 0 104
3190705 0 105
3192241 0 105
3193715 0 105
3195169 0 105
3196562 0 105
3197995 0 106
3199552 0 104
3200985 0 105
3202542 0 105
3204078 0 105
3205593 0 105
3207109 0 105
3208563 0 106
3210038 0 104
3211430 0 105
3212843 0 105
3214359 0 105
3215772 0 106
3217185 0 104
3218659 0 105
3220134 0 106
3221527 0 104
3222940 0 105
3224496 0 106
3226053 0 104
3227527 0 105
3228981 0 105
3230497 0 105
3231971 0 105
3233446 0 106
3234920 0 104
3236415 0 105
3237931 0 106
3239467 0 104
3240900 0 105
3242416 0 106
3243870 0 104
3245426 0 105
3246860 0 106
3248293 0 104
3249707 0 105
3251202 0 105
3252737 0 106
3254233 0 104
3255646 0 105
3257079 0 105
3258554 0 105
3260049 0 105
3261564 0 105
3262998 0 106
3264534 0 104
3266008 0 105
3267524 0 105
3268957 0 105
3270350 0 105
3271804 0 106
3273299 0 104
3274774 0 105
3276330 0 105
3277743 0 105
3279300 0 105
3280754 0 106
3282310 0 104
3283805 0 105
3285341 0 105
3286734 0 105
3288229 0 106
3289662 0 104
3291055 0 105
3292468 0 105
3293902 0 105
3295294 0 106
3296851 0 104
3298387 0 105
3299902 0 105
3301295 0 106
3302769 0 104
3304182 0 105
3305718 0 105
3307111 0 105
3308504 0 105
3309937 0 105
3311371 0 105
3312763 0 106
3314238 0 104
3315671 0 105
3317146 0 105
3318661 0 105
3320156 0 105
3321590 0 106
3323085 0 104
3324519 0 105
3325993 0 105
3327427 0 105
3328881 0 105
3330335 0 105
3331830 0 106
3333386 0 104
3334902 0 105
3336356 0 105
3337769 0 106
3339305 0 104
3340800 0 105
3342336 0 105
3343749 0 106
3345224 0 104
3346637 0 105
3348132 0 105
3349627 0 105
3351183 0 106
3352617 0 104
3354050 0 105
3355484 0 105
3356979 0 105
3358453 0 106
3359969 0 104
3361525 0 105
3362938 0 105
3364351 0 105
3365908 0 106
3367382 0 104
3368775 0 105
3370209 0 106
3371683 0 104
3373219 0 105
3374612 0 106
3376127 0 104
3377561 0 105
3379056 0 105
3380510 0 105
3382046 0 105
3383479 0 105
3384893 0 106
3386388 0 104
3387903 0 105
3389439 0 105
3390852 0 105
3392347 0 105
3393740 0 106
3395296 0 104
3396750 0 105
3398204 0 106
3399658 0 104
3401194 0 105
3402730 0 106
3404287 0 104
3405843 0 105
3407379 0 105
3408772 0 105
3410246 0 105
3411680 0 105
3413154 0 105
3414649 0 106
3416103 0 104
3417517 0 105
3418930 0 105
3420425 0 105
3421940 0 106
3423435 0 104
3424971 0 105
3426446 0 106
3427900 0 104
3429415 0 105
3430951 0 105
3432446 0 105
3434003 0 105
3435518 0 105
3437013 0 106
3438406 0 104
3439819 0 105
3441355 0 105
3442788 0 105
3444222 0 106
3445758 0 104
3447151 0 105
3448605 0 105
3450100 0 106
3451513 0 104
3452987 0 105
3454421 0 105
3455916 0 106
3457329 0 104
3458742 0 105
3460217 0 105
3461753 0 105
3463227 0 105
3464661 0 105
3466197 0 105
3467671 0 105
3469228 0 106
3470784 0 104
3472259 0 105
3473713 0 106
3475208 0 104
3476600 0 105
3478034 0 105
3479447 0 105
3480860 0 105
3482355 0 105
3483789 0 106
3485263 0 104
3486676 0 105
3488130 0 105
3489605 0 106
3491141 0 104
3492533 0 105
3493988 0 105
3495483 0 105
3496998 0 105
3498473 0 106
3500029 0 104
3501422 0 105
3502896 0 105
3504289 0 105
3505784 0 105
3507238 0 105
3508794 0 105
3510207 0 106
3511620 0 104
3513034 0 105
3514529 0 106
3516003 0 104
3517478 0 105
3518952 0 105
3520468 0 106
3521922 0 104
3523396 0 105
3524932 0 105
3526427 0 105
3527943 0 105
3529356 0 105
3530810 0 105
3532243 0 105
3533677 0 106
3535090 0 104
3536626 0 105
3538101 0 105
3539514 0 105
3541009 0 106
3542463 0 104
3543958 0 105
3545391 0 106
3546805 0 104
3548218 0 105
3549692 0 105
3551105 0 106
3552600 0 104
3554075 0 105
3555529 0 106
3556942 0 104
3558478 0 105
3559952 0 106
3561468 0 104
3562983 0 105
3564458 0 105
3565871 0 105
3567386 0 105
3568943 0 105
3570377 0 106
3571892 0 104
3573448 0 105
3574882 0 105
3576336 0 105
3577831 0 105
3579306 0 105
3580801 0 106
3582275 0 104
3583811 0 105
3585347 0 105
3586883 0 105
3588378 0 105
3589935 0 105
3591491 0 105
3592925 0 106
3594420 0 104
3595874 0 105
3597389 0 105
3598864 0 105
3600318 0 105
3601772 0 106
3603205 0 104
3604741 0 105
3606277 0 105
3607813 0 106
3609267 0 104
3610803 0 105
3612278 0 105
3613773 0 105
3615329 0 105
3616824 0 106
3618340 0 104
3619814 0 105
3621268 0 105
3622681 0 105
3624095 0 106
3625569 0 104
3626982 0 105
3628416 0 105
3629870 0 105
3631262 0 105
3632798 0 105
3634355 0 106
3635891 0 104
3637427 0 105
3638819 0 106
3640355 0 104
3641850 0 105
3643264 0 105
3644759 0 105
3646233 0 105
3647749 0 105
3649285 0 105
3650820 0 105
3652295 0 106
3653770 0 104
3655162 0 105
3656719 0 105
3658193 0 105
3659688 0 105
3661142 0 105
3662596 0 105
3664071 0 105
3665545 0 106
3667061 0 104
3668535 0 105
3670030 0 106
3671587 0 104
3673082 0 105
3674577 0 106
3675990 0 104
3677444 0 105
3679000 0 105
3680414 0 105
3681929 0 105
3683383 0 105
3684940 0 106
3686435 0 104
3687950 0 105
3689466 0 106
3690981 0 104
3692394 0 105
3693910 0 105
3695364 0 105
3696900 0 105
3698313 0 106
3699767 0 104
3701303 0 105
3702777 0 106
3704313 0 104
3705829 0 105
3707344 0 106
3708880 0 104
3710396 0 105
3711829 0 106
3713263 0 104
3714737 0 105
3716150 0 106
3717686 0 104
3719161 0 105
3720574 0 105
3722069 0 105
3723585 0 106
3725141 0 104
3726657 0 105
3728090 0 106
3729585 0 104
3731080 0 105
3732596 0 106
3734152 0 104
3735688 0 105
3737142 0 106
3738535 0 104
3740091 0 105
3741545 0 105
3742979 0 105
3744392 0 105
3745928 0 106
3747382 0 104
3748918 0 105
3750351 0 105
3751806 0 105
3753198 0 105
3754591 0 106
3756065 0 104
3757622 0 105
3759117 0 106
3760591 0 104
3762025 0 105
3763417 0 105
3764872 0 105
3766367 0 105
3767821 0 106
3769234 0 104
3770708 0 105
3772183 0 105
3773739 0 105
