52747 0 8
54201 0 2
55696 0 6
57253 0 8
58686 0 3
60099 0 7
61533 0 5
62966 0 8
64420 0 10
65997 0 7
67533 0 19
68987 0 17
70462 0 18
71916 0 13
73452 0 17
74886 0 28
76381 0 12
77814 0 16
79330 0 36
80784 0 6
82299 0 24
83753 0 13
85146 0 34
86579 0 3
88115 0 24
89651 0 16
91126 0 19
92600 0 22
94013 0 25
95529 0 12
97004 0 20
98580 0 14
99994 0 18
101530 0 15
103045 0 16
104561 0 19
106076 0 34
107510 0 2
108984 0 16
110397 0 26
111872 0 2
113326 0 22
114903 0 32
116295 0 5
117708 0 23
119224 0 28
120698 0 3
122112 0 23
123648 0 25
125081 0 7
126638 0 13
128153 0 31
129730 0 8
131307 0 19
132802 0 17
134215 0 30
135587 0 9
137103 0 24
138536 0 15
140052 0 22
141629 0 16
143144 0 13
144639 0 18
146155 0 26
147670 0 6
149206 0 16
150578 0 21
152032 0 16
153486 0 15
154940 0 17
156435 0 33
157848 0 3
159323 0 24
160818 0 16
162293 0 19
163747 0 22
165262 0 32
166778 0 9
168191 0 14
169604 0 24
170996 0 19
172471 0 15
173884 0 24
175318 0 17
176772 0 29
178287 0 1
179700 0 20
181257 0 34
182711 0 12
184124 0 17
185578 0 22
187134 0 15
188650 0 30
190083 0 9
191640 0 18
193073 0 21
194568 0 25
196023 0 8
197538 0 17
199074 0 14
200467 0 23
202003 0 24
203518 0 23
204952 0 32
206447 0 9
207921 0 16
209437 0 24
2165233 0 12
2166646 0 5
2168059 0 10
2169636 0 4
2171029 0 2
2172503 0 7
2173937 0 5
2175452 0 10
2176906 0 9
2178340 0 5
2179794 0 13
2181289 0 14
2182722 0 14
2184238 0 18
2185712 0 25
2187146 0 1
2188703 0 14
2190238 0 23
2191754 0 23
2193188 0 28
2194621 0 4
2196014 0 19
2197447 0 25
2198942 0 7
2200355 0 19
2201891 0 20
2203345 0 27
2204779 0 7
2206274 0 16
2207667 0 30
2209080 0 2
2210513 0 17
2212029 0 23
2213483 0 18
2214998 0 22
2216493 0 21
2217927 0 30
2219381 0 4
2220794 0 15
2222207 0 13
