34010 0 9
35423 0 9
36877 0 1
38290 0 11
39703 0 7
41239 0 7
42693 0 3
44147 0 6
45642 0 12
47178 0 11
48632 0 22
50086 0 24
51581 0 33
52994 0 1
54448 0 19
55984 0 36
57520 0 7
58974 0 17
60469 0 18
62046 0 15
63459 0 13
64893 0 18
66470 0 25
67965 0 12
69399 0 23
70935 0 18
72430 0 15
73925 0 22
75420 0 36
76894 0 11
78328 0 21
79884 0 21
81461 0 19
82895 0 24
84349 0 32
85885 0 10
87421 0 17
88957 0 23
90452 0 23
91906 0 24
93319 0 20
94814 0 17
96227 0 36
97660 0 5
99053 0 13
100466 0 28
101879 0 9
103395 0 13
104828 0 16
106200 0 14
107695 0 21
109129 0 21
110583 0 29
112099 0 11
113594 0 18
115130 0 20
116707 0 13
118242 0 19
119758 0 17
121233 0 22
122646 0 29
124079 0 4
125554 0 14
127028 0 15
128421 0 15
129916 0 20
131472 0 32
132906 0 1
134401 0 13
135937 0 36
137493 0 11
138968 0 17
140442 0 16
141937 0 16
143391 0 18
144886 0 30
146381 0 1
147836 0 14
149351 0 22
150826 0 32
152259 0 12
153754 0 14
155290 0 23
156724 0 23
158198 0 20
159652 0 18
161229 0 19
162704 0 14
164137 0 29
165673 0 12
167107 0 13
168520 0 26
169995 0 2
171408 0 13
172903 0 33
174316 0 8
175913 0 23
177306 0 35
178842 0 1
180234 0 17
181709 0 15
183224 0 14
184617 0 21
186153 0 18
187587 0 18
189102 0 14
190556 0 32
191949 0 9
193423 0 14
194816 0 14
196352 0 22
197867 0 13
199321 0 18
200755 0 18
202209 0 30
203663 0 2
205076 0 19
206510 0 27
207984 0 4
209377 0 21
210810 0 22
212264 0 34
213800 0 2
215234 0 20
216688 0 19
218122 0 15
219555 0 18
220989 0 20
222545 0 19
224122 0 31
225658 0 6
227194 0 15
228607 0 31
230082 0 4
231515 0 18
232990 0 16
234403 0 34
235898 0 10
237393 0 21
238970 0 32
240485 0 12
241939 0 15
243414 0 18
244971 0 13
246486 0 19
248022 0 21
249537 0 20
251012 0 34
252507 0 10
253982 0 18
255497 0 18
257053 0 20
258487 0 33
259962 0 8
261457 0 20
262952 0 25
264447 0 12
265983 0 19
267539 0 13
269014 0 24
270509 0 31
272045 0 2
273560 0 22
275117 0 29
276632 0 3
278025 0 19
279561 0 15
281035 0 20
282489 0 16
283943 0 23
285459 0 21
287015 0 19
288551 0 26
289944 0 2
291439 0 15
292893 0 27
294429 0 12
295842 0 22
297398 0 23
298873 0 15
300286 0 14
301720 0 21
303174 0 35
304669 0 11
306164 0 21
307618 0 18
309031 0 16
310464 0 15
311980 0 32
313413 0 2
314827 0 15
316362 0 34
317837 0 12
319332 0 14
320868 0 24
322322 0 15
323797 0 17
325230 0 28
326705 0 6
328138 0 23
329551 0 21
330985 0 17
332480 0 21
333975 0 14
335429 0 22
337006 0 32
338501 0 4
340037 0 13
341491 0 17
343027 0 33
344583 0 3
345976 0 17
347533 0 18
348966 0 36
350379 0 7
351792 0 19
353205 0 24
354659 0 20
356093 0 20
357588 0 20
359144 0 31
360599 0 7
362134 0 22
363711 0 28
365145 0 12
366620 0 22
368135 0 24
369651 0 14
371105 0 16
372477 0 16
373890 0 23
375426 0 15
376880 0 27
378416 0 7
379931 0 14
381426 0 14
382901 0 17
384375 0 23
385932 0 25
387468 0 8
388901 0 22
390396 0 25
391953 0 9
393427 0 21
394963 0 21
396540 0 26
397994 0 8
399530 0 20
401005 0 23
402520 0 20
403995 0 25
405490 0 2
406944 0 14
408480 0 23
409893 0 23
411306 0 13
412699 0 29
414132 0 2
415648 0 15
417102 0 28
418535 0 12
419969 0 16
421464 0 36
422898 0 2
424352 0 17
425806 0 27
427198 0 6
428673 0 23
430086 0 34
431581 0 10
433096 0 17
434653 0 18
436086 0 29
437500 0 4
438974 0 15
440510 0 17
441964 0 18
443377 0 20
444852 0 20
446408 0 27
447842 0 12
449275 0 22
450750 0 19
452265 0 36
453699 0 5
455194 0 19
456669 0 32
458061 0 6
459577 0 18
460990 0 34
462362 0 7
463795 0 20
465229 0 16
466724 0 32
468219 0 10
469694 0 23
471127 0 20
472725 0 22
474199 0 14
475592 0 28
477025 0 11
478582 0 23
480118 0 18
481633 0 21
483046 0 21
484500 0 28
485913 0 7
487470 0 22
488985 0 22
490419 0 23
491873 0 33
493307 0 2
494802 0 15
496297 0 22
497874 0 23
499287 0 13
500823 0 20
502359 0 34
503751 0 6
505287 0 22
506762 0 16
508216 0 15
509711 0 16
511165 0 33
512639 0 2
514052 0 13
515527 0 15
517063 0 20
518558 0 32
519951 0 11
521384 0 15
522920 0 27
524313 0 6
525869 0 24
527282 0 18
528757 0 33
530190 0 6
531603 0 15
533037 0 32
534450 0 6
535986 0 21
537543 0 31
539099 0 4
540471 0 13
541966 0 14
543502 0 23
545038 0 18
546533 0 35
548090 0 7
549564 0 18
551080 0 15
552595 0 20
554172 0 18
555667 0 20
557244 0 20
558719 0 31
560152 0 10
561627 0 20
563060 0 29
564535 0 10
566050 0 23
567504 0 27
569020 0 10
570453 0 20
572010 0 23
573464 0 20
574897 0 23
576290 0 17
577785 0 33
579260 0 7
580837 0 20
582393 0 26
583888 0 10
585465 0 18
587021 0 14
588414 0 16
589786 0 24
591261 0 35
592797 0 12
594230 0 24
595623 0 21
597159 0 22
598715 0 13
600128 0 21
601685 0 25
603221 0 1
604613 0 21
606047 0 33
607583 0 10
609017 0 21
610491 0 13
611966 0 17
613399 0 20
614956 0 14
616410 0 21
617946 0 24
619379 0 29
620895 0 1
622287 0 17
623803 0 25
625216 0 1
626731 0 17
628124 0 14
629517 0 36
631094 0 2
632486 0 24
633981 0 22
635476 0 17
636930 0 23
638364 0 20
639818 0 19
641313 0 31
642869 0 7
644364 0 14
645900 0 27
647395 0 12
648911 0 13
650365 0 27
651819 0 10
653375 0 15
654789 0 29
656263 0 7
657799 0 24
659212 0 16
660666 0 32
662141 0 9
663677 0 23
665110 0 21
666667 0 21
668121 0 34
669636 0 1
671049 0 15
672544 0 15
673978 0 20
675555 0 19
676988 0 24
678545 0 24
679938 0 30
681371 0 8
682887 0 17
684382 0 33
685856 0 12
687351 0 21
688887 0 15
690423 0 36
691836 0 3
693290 0 14
694724 0 20
696260 0 16
697755 0 18
699168 0 26
700642 0 6
702199 0 22
703632 0 17
705107 0 22
706561 0 17
707954 0 28
709510 0 4
710944 0 18
712439 0 26
713934 0 12
715470 0 17
716965 0 32
718439 0 9
719873 0 23
721286 0 16
722699 0 17
724194 0 18
725628 0 19
727164 0 26
728577 0 8
730010 0 14
731423 0 19
732980 0 19
734413 0 24
735867 0 20
737342 0 36
738837 0 10
740414 0 18
741991 0 21
743445 0 21
744940 0 13
746353 0 24
747848 0 32
749343 0 10
750899 0 16
752415 0 24
753930 0 25
755344 0 5
756839 0 19
758334 0 25
759808 0 2
761303 0 23
762819 0 23
764334 0 35
765809 0 4
767181 0 15
768717 0 17
770171 0 36
771604 0 10
773058 0 23
774512 0 17
775926 0 25
777380 0 2
778834 0 16
780247 0 14
781762 0 15
783175 0 20
784732 0 16
786247 0 26
787722 0 4
789114 0 14
790650 0 18
792166 0 17
793681 0 14
795156 0 19
796692 0 13
798207 0 22
799702 0 33
801259 0 1
802713 0 18
804147 0 14
805560 0 22
807034 0 17
808447 0 19
809983 0 30
811458 0 4
812830 0 21
814305 0 15
815799 0 14
817213 0 13
818728 0 16
820121 0 31
821677 0 2
823070 0 15
824503 0 20
825998 0 15
827391 0 24
828927 0 34
830320 0 1
831855 0 21
833330 0 20
834927 0 19
836422 0 28
837836 0 1
839269 0 23
840785 0 27
842218 0 2
843590 0 18
845085 0 28
846519 0 12
847912 0 20
849488 0 15
850902 0 19
852397 0 17
853830 0 24
855346 0 16
856820 0 30
858233 0 2
859708 0 22
861285 0 23
862718 0 13
864152 0 19
865688 0 24
867244 0 28
868698 0 12
870193 0 23
871647 0 22
873142 0 18
874719 0 26
876173 0 12
877668 0 19
879102 0 21
880577 0 34
882031 0 12
883567 0 24
885021 0 28
886516 0 3
887929 0 13
889321 0 16
890796 0 19
892332 0 25
893786 0 2
895260 0 18
896735 0 25
898169 0 7
899705 0 24
901179 0 16
902572 0 14
904026 0 17
905480 0 18
907036 0 35
908490 0 3
910026 0 15
911542 0 18
913078 0 34
914491 0 11
916006 0 24
917399 0 26
918894 0 7
920328 0 13
921843 0 25
923297 0 5
924772 0 13
926308 0 15
927782 0 18
929318 0 21
930731 0 35
932165 0 6
933598 0 18
982342 0 101
983857 0 101
985311 0 101
986786 0 101
988322 0 101
989714 0 101
991148 0 101
992602 0 101
994117 0 101
995531 0 101
996944 0 102
998418 0 102
999913 0 102
1001429 0 103
1002842 0 101
1004234 0 102
1005770 0 102
1007286 0 102
1008781 0 102
1010194 0 102
1011709 0 102
1013123 0 103
1014679 0 101
1016092 0 102
1017628 0 103
1019082 0 101
1020475 0 102
1021908 0 102
1023342 0 102
1024775 0 102
1026189 0 102
1027704 0 102
1029199 0 103
1030653 0 101
1032148 0 102
1033602 0 103
1035036 0 101
1036531 0 102
1038005 0 102
1039418 0 102
1040954 0 103
1042490 0 101
1044006 0 102
1045439 0 102
1046832 0 103
1048409 0 101
1049925 0 102
1051379 0 102
1052812 0 102
1054225 0 103
1055659 0 101
1057195 0 102
1058587 0 102
1060021 0 102
1061475 0 102
1062929 0 102
1064383 0 103
1065878 0 101
1067291 0 102
1068766 0 102
1070261 0 102
1071715 0 102
1073230 0 102
1074766 0 102
1076241 0 103
1077756 0 101
1079272 0 102
1080808 0 102
1082303 0 102
1083757 0 103
1085313 0 101
1086849 0 102
1088365 0 102
1089839 0 103
1091355 0 101
1092870 0 102
1094283 0 103
1095840 0 101
1097253 0 102
1098666 0 102
1100141 0 102
1101677 0 102
1103131 0 103
1104626 0 101
1106100 0 102
1107554 0 102
1109049 0 102
1110503 0 102
1111937 0 103
1113493 0 101
1114886 0 102
1116340 0 102
1117896 0 103
1119412 0 101
1120927 0 102
1122361 0 102
1123876 0 103
1125453 0 101
1126928 0 102
1128402 0 103
1129857 0 101
1131311 0 102
1132703 0 102
1134198 0 102
1135591 0 103
1137086 0 101
1138499 0 102
1140035 0 102
1141509 0 102
1143045 0 103
1144581 0 101
1146117 0 102
1147592 0 102
1149046 0 102
1150561 0 102
1151975 0 103
1153531 0 101
1155026 0 102
1156439 0 103
1157893 0 101
1159286 0 102
1160781 0 102
1162276 0 102
1163709 0 103
1165143 0 101
1166658 0 102
1168092 0 102
1169567 0 102
1171082 0 103
1172618 0 101
1174031 0 102
1175567 0 102
1177083 0 102
1178598 0 102
1180032 0 102
1181445 0 102
1182940 0 102
1184414 0 103
1185909 0 101
1187322 0 102
1188817 0 102
1190374 0 102
1191889 0 102
1193425 0 103
1194900 0 101
1196292 0 102
1197726 0 102
1199262 0 102
1200675 0 102
1202150 0 103
1203624 0 101
1205140 0 102
1206676 0 102
1208150 0 102
1209604 0 103
1211017 0 101
1212492 0 102
1213987 0 103
1215400 0 101
1216854 0 102
1218370 0 103
1219926 0 101
1221421 0 102
1222834 0 102
1224309 0 102
1225763 0 102
1227196 0 103
1228773 0 101
1230309 0 102
1231804 0 102
1233217 0 103
1234651 0 101
1236125 0 102
1237538 0 102
1239074 0 102
1240610 0 102
1242146 0 103
1243641 0 101
1245116 0 102
1246549 0 102
1248004 0 102
1249396 0 102
1250871 0 103
1252386 0 101
1253820 0 102
1255315 0 103
1256769 0 101
1258264 0 102
1259718 0 102
1261151 0 102
1262647 0 103
1264121 0 101
1265657 0 102
1267111 0 102
1268606 0 102
1270081 0 102
1271473 0 102
1272907 0 103
1274340 0 101
1275815 0 102
1277228 0 103
1278723 0 101
1280239 0 102
1281713 0 103
1283208 0 101
1284621 0 102
1286116 0 102
1287632 0 102
1289045 0 102
1290458 0 102
1291973 0 103
1293407 0 101
1294902 0 102
1296438 0 102
1297912 0 102
1299346 0 102
1300821 0 103
1302397 0 101
1303872 0 102
1305367 0 102
1306821 0 102
1308357 0 103
1309852 0 101
1311286 0 102
1312842 0 103
1314358 0 101
1315873 0 102
1317286 0 102
1318781 0 102
1320215 0 103
1321710 0 101
1323102 0 102
1324515 0 102
1325949 0 102
1327485 0 102
1328960 0 103
1330414 0 101
1331847 0 102
1333260 0 102
1334673 0 102
1336127 0 103
1337684 0 101
1339138 0 102
1340592 0 102
1342005 0 102
1343541 0 102
1345057 0 102
1346449 0 103
1347924 0 101
1349357 0 102
1350832 0 102
1352224 0 103
1353740 0 101
1355194 0 102
1356587 0 103
1358082 0 101
1359618 0 102
1361092 0 102
1362649 0 103
1364164 0 101
1365577 0 102
1367093 0 103
1368588 0 101
1370062 0 102
1371598 0 102
1373011 0 102
1374404 0 102
1375940 0 103
1377435 0 101
1378848 0 102
1380323 0 102
1381838 0 102
1383333 0 102
1384808 0 102
1386241 0 102
1387736 0 102
1389252 0 103
1390788 0 101
1392180 0 102
1393696 0 103
1395211 0 101
1396727 0 102
1398201 0 102
1399655 0 103
1401130 0 101
1402563 0 102
1403956 0 103
1405390 0 101
1406844 0 102
1408298 0 103
1409875 0 101
1411411 0 102
1412947 0 102
1414339 0 102
1415773 0 102
1417288 0 103
1418701 0 101
1420094 0 102
1421589 0 103
1423043 0 101
1424436 0 102
1425992 0 103
1427487 0 101
1428962 0 102
1430375 0 103
1431890 0 101
1433426 0 102
1434962 0 103
1436519 0 101
1437993 0 102
1439406 0 102
1440819 0 102
1442294 0 102
1443809 0 103
1445284 0 101
1446697 0 102
1448131 0 102
1449667 0 102
1451121 0 102
1452595 0 102
1454008 0 102
1455442 0 103
1456875 0 101
1458370 0 102
1459784 0 102
1461217 0 103
1462630 0 101
1464166 0 102
1465600 0 102
1467095 0 102
1468549 0 102
1470044 0 103
1471539 0 101
1473054 0 102
1474590 0 102
1476024 0 102
1477457 0 102
1478993 0 102
1480407 0 103
1481963 0 101
1483376 0 102
1484892 0 102
1486407 0 102
1487882 0 103
1489397 0 101
1490810 0 102
1492203 0 102
1493698 0 102
1495234 0 102
1496770 0 102
1498203 0 103
1499678 0 101
1501173 0 102
1502565 0 102
1504060 0 103
1505576 0 101
1506969 0 102
1508361 0 103
1509836 0 101
1511269 0 102
1512703 0 102
1514239 0 102
1515775 0 102
1517290 0 102
1518744 0 103
1520178 0 101
1521714 0 102
1523168 0 103
1524602 0 101
1526117 0 102
1527612 0 103
1529046 0 101
1530561 0 102
1532077 0 102
1533531 0 102
1534923 0 102
1536357 0 103
1537852 0 101
1539285 0 102
1540780 0 102
1542275 0 102
1543791 0 102
1545204 0 102
1546699 0 103
1548153 0 101
1549587 0 102
1551041 0 102
1552495 0 102
1553990 0 102
1555403 0 102
1556816 0 103
1558229 0 101
1559622 0 102
1561076 0 103
1562571 0 101
1564004 0 102
1565438 0 103
1566872 0 101
1568305 0 102
1569841 0 103
1571398 0 101
1572872 0 102
1574326 0 102
1575760 0 102
1577275 0 102
1578750 0 102
1580224 0 102
1581637 0 102
1583030 0 103
1584464 0 101
1585959 0 102
1587495 0 102
1588969 0 102
1590485 0 103
1592021 0 101
1593454 0 102
1594847 0 102
1596260 0 102
1597755 0 102
1599250 0 102
1600663 0 102
1602056 0 103
1603530 0 101
1604984 0 102
1606500 0 102
1607974 0 102
1609428 0 102
1610944 0 102
1612439 0 103
1613934 0 101
1615347 0 102
1616862 0 102
1618337 0 103
1619893 0 101
1621368 0 102
1622863 0 103
1624276 0 101
1625710 0 102
1627225 0 102
1628659 0 102
1630154 0 102
1631608 0 102
1633123 0 102
1634618 0 102
1636052 0 103
1637547 0 101
1638980 0 102
1640516 0 103
1641991 0 101
1643404 0 102
1644797 0 103
1646210 0 101
1647766 0 102
1649241 0 102
1650777 0 102
1652210 0 102
1653623 0 102
1655057 0 103
1656613 0 101
1658088 0 102
1659542 0 102
1661016 0 102
1662450 0 102
1663986 0 102
1665379 0 103
1666935 0 101
1668451 0 102
1669966 0 103
1671461 0 101
1672895 0 102
1674349 0 102
1675844 0 102
1677359 0 103
1678834 0 101
1680308 0 102
1681844 0 103
1683278 0 101
1684814 0 102
1686268 0 102
1687660 0 103
1689094 0 101
1690610 0 102
1692002 0 102
1693518 0 102
1695013 0 103
1696569 0 101
1698003 0 102
1699436 0 103
1700993 0 101
1702467 0 102
1703962 0 103
1705539 0 101
1706973 0 102
1708488 0 103
1709901 0 101
1711335 0 102
1712789 0 102
1714182 0 102
1715615 0 103
1717110 0 101
1718646 0 102
1720162 0 103
1721616 0 101
1723008 0 102
1724544 0 102
1726080 0 102
1727514 0 103
1728927 0 101
1730340 0 102
1731856 0 102
1733289 0 103
1734825 0 101
1736361 0 102
1737836 0 102
1739290 0 102
1740744 0 102
1742259 0 103
1743775 0 101
1745270 0 102
1746765 0 103
1748178 0 101
1749611 0 102
1751065 0 102
1752519 0 102
1753974 0 103
1755387 0 101
1756923 0 102
1758336 0 103
1759831 0 101
1761367 0 102
1762759 0 102
1764172 0 102
1765688 0 103
1767142 0 101
1768616 0 102
1770071 0 102
1771607 0 102
1773102 0 102
1774556 0 103
1775989 0 101
1777505 0 102
1778959 0 102
1780495 0 102
1781928 0 102
1783321 0 102
1784734 0 103
1786147 0 101
1787703 0 102
1789199 0 102
1790612 0 102
1792045 0 102
1793520 0 103
1794974 0 101
1796448 0 102
1797964 0 102
1799459 0 102
1800872 0 102
1802305 0 103
1803821 0 101
1805234 0 102
1806791 0 102
1808245 0 102
1809658 0 102
1811194 0 102
1812586 0 103
1814061 0 101
1815453 0 102
1816867 0 102
1818402 0 102
1819918 0 102
1821433 0 103
1822888 0 101
1824280 0 102
1825734 0 102
1827147 0 102
1828560 0 102
1829953 0 102
1831489 0 102
1832923 0 103
1834397 0 101
1835872 0 102
1837367 0 102
1838882 0 103
1840439 0 101
1841913 0 102
1843367 0 102
1844780 0 102
1846255 0 102
1847688 0 103
1849245 0 101
1850637 0 102
1852132 0 102
1853648 0 102
1855184 0 103
1856597 0 101
1858113 0 102
1859669 0 102
1861123 0 102
1862639 0 102
1864174 0 102
1865608 0 102
1867124 0 103
1868578 0 101
1870011 0 102
1871486 0 102
1872960 0 102
1874496 0 103
1875930 0 101
1877322 0 102
1878797 0 102
1970040 0 40
1971515 0 40
1973030 0 47
1974484 0 37
1975938 0 38
1977454 0 42
1978887 0 44
1980382 0 47
1981918 0 41
1983352 0 42
1984867 0 60
1986342 0 57
1987919 0 50
1989475 0 65
1990909 0 39
1992424 0 51
1993858 0 55
1995394 0 56
1996950 0 72
1998425 0 43
1999879 0 55
2001353 0 55
2002828 0 59
2004323 0 71
2005736 0 38
2007231 0 49
2008706 0 67
2010221 0 46
2011655 0 56
2013109 0 69
2014665 0 37
2016058 0 60
2017532 0 58
2019089 0 53
2020563 0 55
2022099 0 65
2023615 0 48
2025171 0 57
2026748 0 60
2028182 0 68
2029718 0 47
2031254 0 51
2032667 0 55
2034162 0 56
2035595 0 49
2037070 0 72
2038463 0 42
2039937 0 60
2041432 0 49
2042886 0 64
2044402 0 45
2045938 0 54
2047412 0 49
2048846 0 50
2050279 0 51
2051754 0 71
2053208 0 39
2054662 0 50
2056136 0 51
2057591 0 51
2059126 0 57
2060683 0 56
2062219 0 65
2063632 0 48
2065168 0 49
2066581 0 68
2068117 0 47
2069653 0 54
2071189 0 49
2072602 0 58
2074015 0 59
2075531 0 70
2077005 0 43
2078480 0 58
2080036 0 50
2081490 0 51
2082965 0 61
2084521 0 37
2085934 0 60
2087347 0 57
2088863 0 53
2090337 0 49
2091832 0 55
2093307 0 70
2094782 0 47
2096256 0 57
2097792 0 60
2099349 0 53
2100762 0 53
2102236 0 54
2103752 0 57
2105206 0 68
2106660 0 39
2108155 0 54
2109568 0 63
2111042 0 46
2112619 0 50
2114053 0 65
2115507 0 43
2117063 0 56
2118620 0 54
2120074 0 65
2121610 0 47
2123043 0 54
2124538 0 57
2125993 0 60
2127426 0 51
2128819 0 49
2130314 0 64
2131850 0 37
2133263 0 60
2134778 0 53
2136335 0 53
2137748 0 53
2139161 0 50
2140717 0 58
2142171 0 65
2143687 0 43
2145141 0 53
2146575 0 71
2148111 0 39
2149585 0 49
2151039 0 63
2152575 0 40
2154132 0 57
2155565 0 49
2157019 0 59
2158555 0 58
2160030 0 72
2161463 0 42
2162897 0 50
2164433 0 58
2165887 0 63
2167443 0 45
2168877 0 54
2170331 0 70
2171826 0 42
2173382 0 53
2174796 0 51
2176311 0 58
2177786 0 55
2179281 0 49
2180714 0 56
2182168 0 54
2183663 0 70
2185158 0 40
2186653 0 55
2188128 0 65
2189582 0 42
2191077 0 54
2192592 0 53
2194149 0 58
2195623 0 50
2197180 0 68
2198613 0 45
2200047 0 60
2201542 0 68
2203057 0 46
2204573 0 50
2206068 0 66
2207583 0 39
2209140 0 58
2210594 0 57
2212007 0 52
2213482 0 59
2214977 0 52
2216513 0 54
2218028 0 57
2219462 0 70
2220875 0 44
2222431 0 49
2223967 0 59
2225442 0 51
2226998 0 50
2228473 0 50
2229927 0 51
2231319 0 70
2232835 0 46
2234289 0 50
2235743 0 66
2237176 0 45
2238671 0 57
2240228 0 56
2241764 0 68
2243259 0 48
2244672 0 56
2246188 0 71
2247621 0 39
2249096 0 58
2250529 0 59
2251963 0 54
2253376 0 51
2254789 0 51
2256304 0 70
2257697 0 39
2259254 0 52
2260769 0 60
2262182 0 51
2263739 0 59
2265193 0 53
2266729 0 51
2268224 0 50
2269719 0 66
2271255 0 46
2272832 0 51
2274367 0 53
2275883 0 54
2277358 0 68
2278873 0 47
2280368 0 55
2281863 0 49
2283420 0 51
2284976 0 60
2286532 0 50
2288048 0 60
2289441 0 51
2290915 0 67
2292410 0 39
2293823 0 58
2295400 0 56
2296834 0 59
2298288 0 65
2299824 0 39
2301237 0 52
2302711 0 52
2304247 0 54
2305763 0 63
2307237 0 40
2308650 0 51
2310186 0 62
2311681 0 37
2313115 0 57
2314549 0 64
2315962 0 45
2317375 0 55
2318829 0 63
2320303 0 45
2321880 0 55
2323375 0 59
2324850 0 57
2326386 0 68
2327819 0 48
2329253 0 54
2330646 0 50
2332120 0 66
2333533 0 44
2335049 0 55
2336585 0 56
2338121 0 66
2339677 0 45
2341131 0 52
2342544 0 49
2343978 0 57
2345473 0 62
2346988 0 38
2348422 0 55
2349876 0 52
2351371 0 53
2352866 0 71
2354300 0 44
2355795 0 57
2357331 0 54
2358764 0 49
2360218 0 60
2361734 0 70
2363147 0 44
2364703 0 57
2366260 0 64
2367734 0 48
2369270 0 50
2370724 0 53
2372117 0 55
2373632 0 51
2375107 0 64
2376643 0 39
2378056 0 59
2379489 0 62
2380882 0 39
2382316 0 51
2383749 0 66
2385183 0 45
2386719 0 49
2388111 0 63
2389586 0 42
2391040 0 55
2392535 0 50
2394091 0 57
2395525 0 53
2396979 0 49
2398495 0 69
2399949 0 46
2401526 0 51
2403000 0 53
2404557 0 54
2406093 0 71
2407629 0 44
2409164 0 56
2410639 0 52
2412052 0 58
2413588 0 68
2415124 0 44
2416681 0 49
2418094 0 58
2419609 0 52
2421145 0 53
2422579 0 62
2424033 0 37
2425466 0 60
2426900 0 59
2428415 0 67
2429849 0 45
2431283 0 56
2432737 0 49
2434293 0 59
2435706 0 66
2437181 0 40
2438614 0 56
2440089 0 72
2441522 0 46
2443099 0 54
2444512 0 52
2446028 0 64
2447441 0 37
2448977 0 50
2450451 0 51
2451946 0 60
2453401 0 49
2454793 0 68
2456350 0 39
2457804 0 54
2459360 0 63
2460876 0 42
2462350 0 58
2463927 0 51
2465381 0 50
2466794 0 66
2468228 0 43
2469764 0 55
2471259 0 72
2472774 0 48
2474187 0 54
2475662 0 52
2477136 0 56
2478631 0 61
2480188 0 38
2481683 0 57
2483178 0 50
2484652 0 65
2486147 0 38
2487663 0 59
2489219 0 72
2490653 0 37
2492066 0 51
2493582 0 52
2495015 0 57
2496428 0 65
2497841 0 39
2499398 0 53
2500811 0 68
2502203 0 45
2503780 0 55
2505276 0 57
2506791 0 52
2508286 0 65
2509760 0 40
2511215 0 59
2512689 0 70
2514123 0 46
2515679 0 59
2517092 0 58
2518669 0 57
2520164 0 55
2521577 0 53
2523072 0 54
2524526 0 61
2525960 0 44
2527373 0 56
2528888 0 50
2530302 0 49
2531735 0 50
2533189 0 50
2534746 0 50
2536200 0 52
2537777 0 63
2539292 0 46
2540787 0 51
2542241 0 58
2543716 0 57
2545293 0 69
2546808 0 43
2548221 0 51
2549778 0 58
2551232 0 67
2552768 0 44
2554242 0 49
2555717 0 50
2557171 0 62
2558666 0 48
2560120 0 56
2561615 0 54
2563110 0 51
2564503 0 54
2565957 0 60
2567370 0 50
2568885 0 67
2570298 0 39
2571834 0 51
2573309 0 53
2574722 0 49
2576258 0 61
2577814 0 39
2579248 0 52
2580763 0 50
2582238 0 53
2583774 0 52
2585228 0 57
2586743 0 63
2588198 0 40
2589754 0 59
2591290 0 55
2592785 0 50
2594300 0 54
2595836 0 64
2597352 0 38
2598785 0 50
2600342 0 54
2601878 0 55
2603434 0 65
2604970 0 42
2606465 0 59
2608001 0 64
2609414 0 38
2610868 0 58
2612445 0 52
2613981 0 57
2615456 0 57
2616971 0 54
2618384 0 56
2619941 0 56
2621375 0 68
2622788 0 47
2624303 0 58
2625737 0 65
2627191 0 47
2628686 0 52
2630119 0 50
2631655 0 57
2633212 0 67
2634686 0 46
2636202 0 51
2637676 0 59
2639233 0 49
2640728 0 53
2642161 0 55
2643636 0 60
2645151 0 64
2646544 0 48
2647998 0 57
2649493 0 64
2650927 0 41
2652442 0 52
2653855 0 63
2655330 0 41
2656825 0 55
2658320 0 66
2659733 0 47
2661166 0 56
2662702 0 58
2664279 0 50
2665815 0 53
2667351 0 72
2668764 0 43
2670177 0 53
2671591 0 66
2673004 0 40
2674499 0 60
2675912 0 54
2677448 0 58
2679004 0 57
2680540 0 72
2681953 0 39
2683448 0 54
2685005 0 53
2686561 0 50
2688036 0 55
2689469 0 53
2690923 0 54
2692439 0 64
2693852 0 46
2695326 0 60
2696760 0 53
2698214 0 49
2699750 0 60
2701184 0 57
2702740 0 59
2704276 0 64
2705689 0 45
2707266 0 54
2708802 0 62
2710195 0 43
2711731 0 59
2713267 0 52
2714803 0 55
2716318 0 58
2717772 0 70
2719165 0 46
2720639 0 59
2722093 0 70
2723486 0 43
2724961 0 58
2726517 0 70
2728012 0 45
2729527 0 55
2730961 0 59
2732436 0 55
2733910 0 55
2735405 0 61
2736962 0 40
2738518 0 55
2740034 0 50
2741529 0 56
2742983 0 72
2744457 0 43
2745891 0 53
2747304 0 59
2748819 0 53
2750314 0 59
2751871 0 53
2753386 0 61
2754902 0 45
2756335 0 56
2757810 0 58
2759325 0 59
2760882 0 55
2762336 0 66
2763892 0 42
2765346 0 60
2766882 0 55
2768377 0 60
2769831 0 56
2771285 0 54
2772719 0 65
2774153 0 44
2775586 0 56
2777143 0 54
2778535 0 66
2780071 0 45
2781628 0 53
2783164 0 56
2784597 0 58
2786174 0 67
2787710 0 37
2789185 0 59
2790721 0 71
2792236 0 38
2793752 0 53
2795185 0 70
2796557 0 40
2797991 0 49
2799486 0 71
2801001 0 38
2802517 0 59
2803991 0 59
2805527 0 49
2807043 0 55
2808558 0 54
2810074 0 51
2811569 0 69
2813044 0 42
2814600 0 50
2816054 0 56
2817590 0 57
2819044 0 50
2820519 0 62
2822055 0 46
2823509 0 49
2825024 0 72
2826519 0 45
2828096 0 53
2829509 0 52
2831025 0 55
2832479 0 72
2833892 0 47
2835305 0 57
2836882 0 55
2838315 0 60
2839831 0 56
2841387 0 51
2842944 0 63
2844398 0 38
2845893 0 57
2847449 0 63
2848903 0 44
2850398 0 56
2851832 0 53
2853347 0 59
2854781 0 68
2856317 0 45
2857894 0 52
2859307 0 57
2860822 0 50
2862338 0 56
2863874 0 66
2865348 0 41
2866884 0 52
2868379 0 49
2869874 0 51
2871267 0 58
2872742 0 53
2874298 0 49
2887322 0 104
2888817 0 104
2890292 0 104
2891787 0 104
2893179 0 104
2894654 0 104
2896149 0 104
2897623 0 104
2899036 0 104
2900450 0 104
2901883 0 105
2903317 0 105
2904771 0 105
2906245 0 105
2907699 0 105
2909235 0 106
2910730 0 104
2912143 0 105
2913618 0 106
2915092 0 104
2916628 0 105
2918021 0 105
2919537 0 106
2920991 0 104
2922404 0 105
2923899 0 105
2925312 0 105
2926807 0 105
2928220 0 105
2929756 0 105
2931230 0 106
2932746 0 104
2934261 0 105
2935695 0 105
2937170 0 106
2938603 0 104
2940119 0 105
2941573 0 105
2943006 0 106
2944440 0 104
2945832 0 105
2947286 0 106
2948720 0 104
2950276 0 105
2951833 0 105
2953348 0 105
2954741 0 105
2956195 0 105
2957608 0 105
2959021 0 106
2960434 0 104
2961970 0 105
2963404 0 105
2964838 0 105
2966333 0 105
2967787 0 105
2969179 0 105
2970695 0 106
2972128 0 104
2973562 0 105
2975036 0 105
2976511 0 105
2977965 0 105
2979480 0 105
2980873 0 105
2982286 0 106
2983720 0 104
2985235 0 105
2986648 0 105
2988102 0 105
2989659 0 106
2991195 0 104
2992751 0 105
2994164 0 105
2995598 0 105
2997134 0 105
2998527 0 105
2999960 0 106
3001435 0 104
3002909 0 105
3004425 0 105
3005838 0 105
3007271 0 106
3008766 0 104
3010241 0 105
3011756 0 105
3013231 0 105
3014726 0 106
3016241 0 104
3017716 0 105
3019252 0 105
3020665 0 105
3022201 0 105
3023676 0 105
3025068 0 105
3026625 0 106
3028120 0 104
3029553 0 105
3031028 0 105
3032502 0 106
3033997 0 104
3035513 0 105
3036946 0 105
3038441 0 105
3039895 0 106
3041308 0 104
3042803 0 105
3044299 0 106
3045814 0 104
3047248 0 105
3048763 0 106
3050279 0 104
3051712 0 105
3053228 0 106
3054661 0 104
3056218 0 105
3057754 0 105
3059146 0 105
3060662 0 105
3062198 0 105
3063652 0 106
3065147 0 104
3066560 0 105
3067993 0 105
3069427 0 105
3070902 0 106
3072438 0 104
3073953 0 105
3075489 0 106
3077045 0 104
3078540 0 105
3079995 0 106
3081469 0 104
3082903 0 105
3084316 0 105
3085811 0 105
3087306 0 105
3088842 0 105
3090296 0 105
3091770 0 105
3093306 0 106
3094699 0 104
3096173 0 105
3097627 0 106
3099122 0 104
3100597 0 105
3102072 0 106
3103567 0 104
3104959 0 105
3106393 0 105
3107806 0 105
3109239 0 106
3110796 0 104
3112229 0 105
3113684 0 105
3115220 0 105
3116612 0 106
3118107 0 104
3119643 0 105
3121077 0 105
3122490 0 105
3123882 0 105
3125357 0 106
3126790 0 104
3128306 0 105
3129801 0 105
3131316 0 105
3132730 0 105
3134245 0 105
3135802 0 105
3137297 0 106
3138792 0 104
3140307 0 105
3141761 0 106
3143195 0 104
3144608 0 105
3146082 0 105
3147495 0 105
3148949 0 106
3150342 0 104
3151858 0 105
3153271 0 105
3154807 0 106
3156343 0 104
3157776 0 105
3159210 0 106
3160766 0 104
3162241 0 105
3163695 0 105
3165190 0 106
3166623 0 104
3168098 0 105
3169654 0 105
3171149 0 105
3172685 0 106
3174098 0 104
3175553 0 105
3177109 0 106
3178645 0 104
3180181 0 105
3181717 0 105
3183109 0 105
3184666 0 105
3186161 0 105
3187717 0 106
3189110 0 104
3190585 0 105
3192100 0 105
3193656 0 105
3195172 0 105
3196687 0 106
3198203 0 104
3199596 0 105
3201009 0 106
3202524 0 104
3204040 0 105
3205473 0 105
3206886 0 105
3208402 0 105
3209835 0 105
3211371 0 106
3212846 0 104
3214280 0 105
3215815 0 105
3217310 0 106
3218744 0 104
3220260 0 105
3221816 0 105
3223332 0 105
3224847 0 105
3226260 0 105
3227735 0 106
3229148 0 104
3230622 0 105
3232056 0 105
3233489 0 105
3234943 0 105
3236398 0 105
3237933 0 105
3239449 0 106
3240924 0 104
3242459 0 105
3243995 0 106
3245552 0 104
3246945 0 105
3248501 0 105
3249935 0 106
3251348 0 104
3252843 0 105
3254235 0 105
3255648 0 105
3257082 0 106
3258536 0 104
3260011 0 105
3261424 0 106
3262980 0 104
3264393 0 105
3265827 0 105
3267342 0 106
3268858 0 104
3270414 0 105
3271827 0 105
3273240 0 105
3274653 0 105
3276169 0 105
3277684 0 106
3279179 0 104
3280736 0 105
3282129 0 105
3283562 0 105
3285078 0 106
3286532 0 104
3288006 0 105
3289501 0 106
3291037 0 104
3292512 0 105
3294027 0 106
3295563 0 104
3297017 0 105
3298512 0 105
3300028 0 106
3301482 0 104
3302997 0 105
3304513 0 105
3305926 0 106
3307421 0 104
3308977 0 105
3310390 0 105
3311865 0 105
3313299 0 105
3314712 0 105
3316248 0 105
3317661 0 106
3319094 0 104
3320630 0 105
3322187 0 105
3323600 0 105
3325156 0 105
3326672 0 105
3328208 0 106
3329662 0 104
3331095 0 105
3332570 0 106
3333983 0 104
3335458 0 105
3336871 0 105
3338325 0 105
3339840 0 105
3341253 0 106
3342646 0 104
3344182 0 105
3345595 0 105
3347110 0 106
3348646 0 104
3350060 0 105
3351575 0 105
3353090 0 106
3354586 0 104
3356142 0 105
3357535 0 106
3359030 0 104
3360566 0 105
3361999 0 105
3363453 0 105
3364887 0 105
3366279 0 105
3367815 0 106
3369208 0 104
3370683 0 105
3372157 0 105
3373591 0 105
3375024 0 105
3376560 0 105
3377994 0 106
3379509 0 104
3380943 0 105
3382356 0 105
3383892 0 105
3385448 0 105
3386964 0 106
3388459 0 104
3389995 0 105
3391510 0 105
3392964 0 105
3394480 0 105
3395872 0 105
3397306 0 106
3398760 0 104
3400214 0 105
3401709 0 105
3403102 0 105
3404577 0 106
3406051 0 104
3407464 0 105
3408877 0 105
3410393 0 106
3411908 0 104
3413403 0 105
3414919 0 105
3416352 0 105
3417847 0 105
3419301 0 105
3420735 0 106
3422250 0 104
3423704 0 105
3425158 0 106
3426653 0 104
3428189 0 105
3429725 0 106
3431200 0 104
3432674 0 105
3434128 0 106
3435583 0 104
3436975 0 105
3438470 0 106
3439945 0 104
3441419 0 105
3442832 0 105
3444286 0 105
3445740 0 105
3447174 0 105
3448648 0 105
3450103 0 106
3451598 0 104
3453072 0 105
3454588 0 105
3456001 0 105
3457496 0 105
3458888 0 105
3460301 0 106
3461796 0 104
3463312 0 105
3464745 0 105
3466159 0 105
3467551 0 106
3469046 0 104
3470562 0 105
3472016 0 105
3473572 0 105
3474985 0 106
3476439 0 104
3477832 0 105
3479286 0 105
3480679 0 105
3482092 0 105
3483484 0 105
3484918 0 105
3486474 0 105
3487969 0 106
3489505 0 104
3490898 0 105
3492393 0 106
3493847 0 104
3495363 0 105
3496899 0 105
3498414 0 105
3499930 0 105
3501404 0 105
3502899 0 106
3504394 0 104
3505910 0 105
3507364 0 106
3508900 0 104
3510292 0 105
3511849 0 105
3513282 0 105
3514675 0 105
3516129 0 105
3517644 0 106
3519057 0 104
3520512 0 105
3522068 0 106
3523583 0 104
3524997 0 105
3526430 0 106
3527925 0 104
3529482 0 105
3530915 0 106
3532328 0 104
3533823 0 105
3535236 0 105
3536649 0 105
3538063 0 105
3539496 0 105
3540930 0 106
3542486 0 104
3544022 0 105
3545579 0 105
3547074 0 105
3548548 0 106
3549961 0 104
3551497 0 105
3552931 0 105
3554323 0 105
3555859 0 106
3557395 0 104
3558931 0 105
3560426 0 105
3561880 0 105
3563375 0 106
3564850 0 104
3566365 0 105
3567901 0 105
3569417 0 106
3570973 0 104
3572427 0 105
3573984 0 105
3575479 0 106
3576974 0 104
3578489 0 105
3579902 0 105
3581438 0 105
3582954 0 106
3584408 0 104
3585842 0 105
3587378 0 105
3588852 0 105
3590306 0 106
3591760 0 104
3593153 0 105
3594607 0 106
3596020 0 104
3597515 0 105
3599010 0 105
3600464 0 105
3602000 0 105
3603495 0 106
3604908 0 104
3606403 0 105
3607898 0 105
3609373 0 105
3610786 0 105
3612342 0 105
3613837 0 106
3615353 0 104
3616807 0 105
3618343 0 106
3619797 0 104
3621271 0 105
3622725 0 105
3624282 0 105
3625736 0 105
3627292 0 105
3628767 0 106
3630262 0 104
3631757 0 105
3633191 0 106
3634624 0 104
3636140 0 105
3637532 0 106
3639089 0 104
3640543 0 105
3641956 0 106
3643430 0 104
3644905 0 105
3646420 0 105
3647956 0 105
3649513 0 105
3651049 0 106
3652503 0 104
3654039 0 105
3655534 0 106
3657049 0 104
3658442 0 105
3659875 0 105
3661350 0 105
3662763 0 105
3664176 0 105
3665692 0 105
3667228 0 106
3668702 0 104
3670136 0 105
3671590 0 105
3673064 0 105
3674518 0 105
3675993 0 105
3677508 0 105
3678983 0 105
3680458 0 106
3681912 0 104
3683325 0 105
3684861 0 105
3686376 0 105
3687912 0 105
3689305 0 106
3690820 0 104
3692213 0 105
3693687 0 106
3695121 0 104
3696575 0 105
3698029 0 106
3699545 0 104
3700958 0 105
3702391 0 105
3703825 0 106
3705238 0 104
3706630 0 105
3708044 0 106
3709580 0 104
3711013 0 105
3712570 0 105
3714024 0 105
3715560 0 106
3716973 0 104
3718447 0 105
3719983 0 105
3721519 0 105
3723076 0 106
3724591 0 104
3726025 0 105
3727581 0 105
3729056 0 105
3730612 0 106
3732025 0 104
3733561 0 105
3735077 0 105
3736469 0 105
3737903 0 105
3739336 0 106
3740893 0 104
3742347 0 105
3743760 0 105
3745173 0 105
3746668 0 105
3748204 0 105
3749740 0 106
3751153 0 104
3752689 0 105
3754143 0 106
3755638 0 104
3757051 0 105
3758464 0 105
3760000 0 105
3761516 0 105
3762929 0 105
3764342 0 106
3765755 0 104
3767230 0 105
3768766 0 106
3770199 0 104
3771674 0 105
3773087 0 105
3774541 0 105
3775954 0 105
3777470 0 105
3778944 0 106
3780480 0 104
3781934 0 105
3783388 0 105
3784822 0 105
