38096 0 2
39509 0 6
40984 0 4
42479 0 4
43994 0 10
45510 0 8
47046 0 9
48520 0 4
49934 0 3
51449 0 6
52924 0 21
54398 0 23
55832 0 23
57368 0 19
58863 0 24
60399 0 34
61873 0 7
63327 0 19
64761 0 13
66174 0 16
67710 0 31
69184 0 7
70700 0 22
72256 0 33
73690 0 5
75144 0 20
76741 0 26
78175 0 11
79649 0 20
81144 0 18
82639 0 14
84114 0 16
85568 0 22
87125 0 23
88538 0 22
90033 0 30
91466 0 8
93023 0 18
94579 0 17
96136 0 36
97651 0 3
99167 0 23
100641 0 23
102075 0 22
103570 0 16
105024 0 20
106478 0 23
108034 0 30
109406 0 1
110799 0 24
112335 0 26
113748 0 12
115284 0 18
116820 0 14
118254 0 16
119749 0 16
121244 0 35
122739 0 12
124295 0 17
125688 0 13
127224 0 21
128678 0 32
130091 0 8
131606 0 13
133040 0 34
134535 0 11
135948 0 24
137484 0 24
138918 0 20
140474 0 19
142010 0 26
143525 0 8
144980 0 24
146454 0 30
147888 0 12
149280 0 22
150755 0 29
152250 0 2
153786 0 19
155219 0 13
156632 0 20
158168 0 14
159602 0 35
161138 0 6
162592 0 16
164087 0 13
165500 0 14
167036 0 29
168429 0 5
169965 0 19
171521 0 26
172996 0 12
174491 0 15
175986 0 13
177440 0 17
178914 0 24
180348 0 36
181904 0 10
183317 0 20
184874 0 17
186266 0 19
187761 0 15
189195 0 32
190588 0 10
192124 0 23
193598 0 26
195114 0 4
196527 0 16
198042 0 29
199455 0 6
200971 0 18
202445 0 21
203920 0 13
205435 0 26
206807 0 4
208180 0 19
209634 0 13
211047 0 23
212501 0 15
213975 0 21
215429 0 17
216965 0 32
218481 0 10
219996 0 20
221471 0 21
223027 0 17
224461 0 13
225894 0 21
227349 0 30
228762 0 8
230277 0 18
231772 0 13
233206 0 23
234680 0 15
236216 0 14
237670 0 22
239227 0 28
240722 0 9
242155 0 14
243568 0 23
245043 0 29
246558 0 3
247951 0 20
249467 0 13
250941 0 19
252436 0 28
253890 0 10
255426 0 18
256839 0 16
258232 0 19
259768 0 15
261222 0 24
262717 0 26
264109 0 6
265523 0 24
266915 0 14
268451 0 20
270028 0 15
271441 0 19
272998 0 33
274534 0 11
276070 0 14
277544 0 16
278957 0 18
280411 0 28
281947 0 3
283401 0 22
284876 0 34
286391 0 6
287968 0 13
289422 0 19
290958 0 36
292371 0 8
293969 0 20
295464 0 36
297020 0 12
298515 0 22
300051 0 20
301546 0 35
303082 0 7
304536 0 13
306052 0 29
307485 0 9
309021 0 13
310434 0 21
311950 0 16
313363 0 22
314919 0 24
316353 0 33
317889 0 7
319384 0 15
320777 0 29
322272 0 8
323808 0 23
325262 0 31
326757 0 10
328293 0 17
329788 0 28
331344 0 12
332798 0 18
334232 0 23
335727 0 19
337181 0 28
338594 0 12
340150 0 23
341686 0 13
343181 0 15
344717 0 15
346253 0 15
347748 0 26
349202 0 8
350677 0 23
352131 0 22
353585 0 33
355141 0 2
356595 0 24
358009 0 13
359524 0 17
360999 0 21
362555 0 23
364030 0 28
365463 0 11
366958 0 15
368474 0 34
369948 0 8
371423 0 15
372877 0 31
374392 0 3
375826 0 20
377259 0 17
378714 0 24
380106 0 24
381642 0 24
383178 0 15
384612 0 33
386025 0 3
387479 0 18
388933 0 14
390387 0 19
391841 0 31
393377 0 10
394954 0 15
396367 0 15
397821 0 13
399214 0 28
400647 0 9
402122 0 22
403637 0 33
405050 0 3
406443 0 18
407856 0 22
409331 0 19
410785 0 19
412218 0 20
413734 0 14
415147 0 19
416560 0 34
417952 0 4
419325 0 20
420840 0 16
422212 0 17
423625 0 34
425120 0 2
426554 0 20
427987 0 35
429523 0 3
430998 0 24
432472 0 17
433927 0 19
435360 0 28
436876 0 10
438350 0 20
439804 0 20
441381 0 15
442856 0 27
444248 0 5
445805 0 19
447259 0 22
448795 0 17
450331 0 28
451744 0 6
453218 0 23
454672 0 18
456085 0 13
457601 0 17
458994 0 17
460509 0 28
461922 0 2
463376 0 24
464912 0 16
466407 0 19
467923 0 19
469397 0 35
470790 0 7
472264 0 17
473698 0 14
475173 0 13
476688 0 18
478163 0 15
479699 0 34
481234 0 5
482770 0 22
484265 0 13
485740 0 34
487174 0 11
488628 0 24
490102 0 15
491659 0 15
493195 0 18
494710 0 21
496287 0 35
497721 0 1
499154 0 19
500649 0 21
502165 0 20
503721 0 13
505114 0 18
506629 0 18
508083 0 23
509640 0 31
511155 0 8
512691 0 21
514227 0 23
515681 0 28
517156 0 12
518671 0 13
520207 0 30
521661 0 3
523197 0 24
524692 0 23
526208 0 29
527703 0 10
529177 0 23
530672 0 14
532147 0 18
533642 0 23
535096 0 35
536570 0 2
538086 0 19
539581 0 33
541035 0 8
542530 0 19
544005 0 14
545520 0 13
547015 0 16
548531 0 14
549964 0 23
551521 0 32
553057 0 2
554511 0 18
556047 0 19
557583 0 28
559098 0 2
560614 0 16
562068 0 15
563522 0 19
565037 0 29
566491 0 7
568048 0 21
569502 0 32
570997 0 10
572451 0 21
573966 0 28
575461 0 6
577018 0 14
578554 0 14
579967 0 17
581482 0 13
582998 0 22
584472 0 15
585906 0 32
587360 0 7
588916 0 17
590452 0 31
592009 0 1
593504 0 16
594978 0 36
596473 0 9
598030 0 13
599525 0 17
600979 0 19
602535 0 32
604051 0 12
605525 0 19
607041 0 18
608515 0 19
610051 0 35
611587 0 5
613103 0 17
614598 0 19
616093 0 18
617567 0 23
619124 0 35
620639 0 11
622155 0 24
623547 0 31
625124 0 2
626537 0 22
628114 0 24
629548 0 21
630961 0 24
632436 0 29
633828 0 11
635262 0 13
636654 0 16
638170 0 18
639603 0 22
641119 0 14
642532 0 30
644007 0 2
645543 0 20
647099 0 28
648614 0 4
650007 0 13
651564 0 34
653018 0 1
654533 0 15
655967 0 35
657503 0 4
659018 0 20
660513 0 25
662070 0 10
663606 0 22
665101 0 24
666575 0 36
668050 0 11
669442 0 13
670917 0 17
672391 0 19
673968 0 24
675484 0 35
676958 0 1
678412 0 17
679907 0 23
681382 0 36
682856 0 3
684392 0 22
685826 0 24
687362 0 24
688775 0 23
690209 0 21
691663 0 31
693219 0 2
694735 0 14
696148 0 19
697561 0 24
699035 0 28
700510 0 12
701984 0 16
703377 0 27
704770 0 2
706162 0 15
707596 0 18
709070 0 13
710606 0 15
712101 0 26
713617 0 9
715050 0 22
716586 0 20
718020 0 18
719474 0 32
720887 0 10
722341 0 16
723775 0 19
725290 0 35
726826 0 11
728362 0 15
729796 0 18
731270 0 14
732786 0 28
734301 0 10
735776 0 20
737209 0 15
738643 0 19
740158 0 19
741653 0 14
743108 0 28
744562 0 10
746016 0 21
747572 0 21
749047 0 24
750583 0 17
752078 0 36
753552 0 8
755129 0 17
756645 0 30
757996 0 3
759450 0 17
760843 0 14
762235 0 25
763690 0 6
765205 0 17
766659 0 32
768195 0 4
769711 0 16
771124 0 31
772578 0 6
774073 0 15
775547 0 35
777001 0 12
778496 0 20
779991 0 18
781425 0 20
782858 0 34
784333 0 11
785889 0 16
787405 0 25
788900 0 7
790313 0 23
791869 0 32
793262 0 6
794798 0 21
796334 0 25
797891 0 9
799324 0 24
800819 0 35
802253 0 3
803645 0 20
805202 0 20
806779 0 24
808335 0 21
809892 0 13
811346 0 26
812800 0 3
814336 0 14
815851 0 16
817326 0 15
818862 0 15
820336 0 29
821872 0 1
823429 0 18
824965 0 21
826480 0 16
827893 0 18
829306 0 23
830740 0 16
832173 0 13
833668 0 29
835122 0 11
836617 0 13
838010 0 24
839526 0 20
841103 0 21
842639 0 23
844154 0 14
845588 0 24
847124 0 27
848639 0 6
850093 0 19
851547 0 15
853083 0 19
854619 0 13
856073 0 28
857527 0 4
858940 0 19
860394 0 21
861951 0 24
863384 0 18
864859 0 25
866374 0 5
867767 0 19
869323 0 22
870859 0 18
872293 0 22
873727 0 21
875242 0 27
876758 0 12
878232 0 13
879666 0 20
881161 0 13
882635 0 32
884171 0 1
885707 0 22
887182 0 16
888697 0 15
890213 0 34
891667 0 8
893203 0 17
894739 0 19
896234 0 22
897729 0 23
899265 0 19
900821 0 22
902275 0 32
903750 0 5
905265 0 24
906658 0 14
908112 0 30
909545 0 1
911061 0 18
912576 0 14
913990 0 19
915485 0 18
916898 0 22
918331 0 14
919867 0 25
921362 0 8
922919 0 17
924414 0 26
925806 0 2
927199 0 18
928653 0 22
930168 0 15
931602 0 22
933036 0 31
934613 0 9
936046 0 14
937459 0 15
938913 0 14
940388 0 20
958423 0 101
959898 0 101
961434 0 101
962908 0 101
964444 0 101
965919 0 101
967332 0 101
968868 0 101
970404 0 101
971960 0 101
973353 0 102
974766 0 102
976282 0 103
977756 0 101
979272 0 102
980746 0 103
982200 0 101
983613 0 102
985067 0 103
986501 0 101
987975 0 102
989409 0 103
990884 0 101
992379 0 102
993915 0 103
995451 0 101
996966 0 102
998400 0 102
999936 0 102
1001492 0 102
1002905 0 102
1004339 0 102
1005752 0 103
1007247 0 101
1008701 0 102
1010216 0 103
1011752 0 101
1013186 0 102
1014599 0 102
1016033 0 102
1017446 0 102
1018879 0 103
1020354 0 101
1021910 0 102
1023364 0 103
1024798 0 101
1026334 0 102
1027829 0 103
1029344 0 101
1030839 0 102
1032232 0 102
1033727 0 102
1035242 0 102
1036656 0 102
1038151 0 103
1039584 0 101
1040997 0 102
1042390 0 102
1043905 0 102
1045400 0 103
1046916 0 101
1048472 0 102
1049865 0 102
1051319 0 102
1052814 0 103
1054350 0 101
1055845 0 102
1057381 0 102
1058876 0 102
1060371 0 102
1061886 0 102
1063300 0 103
1064877 0 101
1066331 0 102
1067785 0 102
1069300 0 102
1070734 0 102
1072249 0 103
1073662 0 101
1075198 0 102
1076734 0 102
1078127 0 102
1079663 0 102
1081055 0 102
1082469 0 103
1083882 0 101
1085315 0 102
1086831 0 102
1088264 0 102
1089718 0 102
1091193 0 103
1092749 0 101
1094183 0 102
1095596 0 102
1097030 0 102
1098525 0 103
1100040 0 101
1101576 0 102
1103112 0 102
1104546 0 102
1106041 0 102
1107515 0 102
1108990 0 102
1110464 0 102
1111918 0 103
1113413 0 101
1114888 0 102
1116424 0 103
1117857 0 101
1119393 0 102
1120909 0 102
1122363 0 102
1123837 0 103
1125353 0 101
1126745 0 102
1128281 0 102
1129817 0 103
1131353 0 101
1132787 0 102
1134302 0 102
1135838 0 102
1137231 0 102
1138726 0 102
1140180 0 103
1141737 0 101
1143170 0 102
1144604 0 103
1146140 0 101
1147594 0 102
1149048 0 102
1150543 0 103
1151997 0 101
1153451 0 102
1154966 0 102
1156461 0 102
1157936 0 102
1159472 0 102
1160885 0 102
1162360 0 103
1163896 0 101
1165370 0 102
1166906 0 102
1168401 0 102
1169917 0 102
1171391 0 102
1172804 0 102
1174299 0 103
1175712 0 101
1177269 0 102
1178723 0 102
1180136 0 102
1181549 0 102
1183064 0 102
1184518 0 103
1185952 0 101
1187406 0 102
1188922 0 103
1190458 0 101
1191871 0 102
1193345 0 103
1194758 0 101
1196192 0 102
1197707 0 102
1199243 0 102
1200656 0 102
1202090 0 102
1203585 0 103
1205060 0 101
1206616 0 102
1208132 0 102
1209565 0 102
1211101 0 102
1212596 0 103
1214071 0 101
1215545 0 102
1217020 0 103
1218597 0 101
1220030 0 102
1221423 0 103
1222938 0 101
1224372 0 102
1225826 0 102
1227321 0 102
1228734 0 102
1230270 0 102
1231785 0 102
1233178 0 103
1234612 0 101
1236086 0 102
1237499 0 102
1238974 0 103
1240448 0 101
1241841 0 102
1243295 0 103
1244831 0 101
1246285 0 102
1247719 0 102
1249111 0 103
1250545 0 101
1251978 0 102
1253371 0 102
1254846 0 103
1256402 0 101
1257795 0 102
1259290 0 102
1260723 0 103
1262157 0 101
1263590 0 102
1265003 0 102
1266560 0 102
1268034 0 102
1269468 0 102
1270881 0 103
1272376 0 101
1273769 0 102
1275223 0 102
1276759 0 103
1278274 0 101
1279769 0 102
1281264 0 102
1282677 0 102
1284213 0 103
1285790 0 101
1287244 0 102
1288780 0 103
1290193 0 101
1291668 0 102
1293224 0 103
1294781 0 101
1296194 0 102
1297648 0 102
1299122 0 103
1300556 0 101
1302010 0 102
1303444 0 102
1304898 0 102
1306413 0 102
1307908 0 103
1309465 0 101
1310878 0 102
1312291 0 102
1313806 0 102
1315301 0 103
1316817 0 101
1318250 0 102
1319725 0 102
1321200 0 102
1322715 0 103
1324251 0 101
1325766 0 102
1327241 0 102
1328634 0 102
1330047 0 102
1331439 0 103
1332852 0 101
1334347 0 102
1335802 0 102
1337337 0 103
1338792 0 101
1340184 0 102
1341618 0 102
1343113 0 102
1344608 0 102
1346144 0 102
1347598 0 102
1349052 0 103
1350465 0 101
1351878 0 102
1353373 0 102
1354786 0 102
1356281 0 103
1357756 0 101
1359251 0 102
1360684 0 103
1362241 0 101
1363756 0 102
1365231 0 102
1366726 0 102
1368221 0 102
1369634 0 103
1371067 0 101
1372583 0 102
1373976 0 103
1375389 0 101
1376843 0 102
1378379 0 103
1379853 0 101
1381369 0 102
1382823 0 102
1384215 0 102
1385669 0 102
1387123 0 102
1388639 0 103
1390195 0 101
1391629 0 102
1393165 0 102
1394639 0 103
1396073 0 101
1397589 0 102
1399022 0 103
1400517 0 101
1401992 0 102
1403528 0 102
1405043 0 102
1406559 0 102
1407972 0 102
1409364 0 103
1410818 0 101
1412334 0 102
1413726 0 102
1415242 0 102
1416778 0 102
1418232 0 102
1419645 0 102
1421140 0 103
1422594 0 101
1424028 0 102
1425482 0 103
1426915 0 101
1428451 0 102
1429905 0 102
1431441 0 102
1432977 0 102
1434390 0 102
1435885 0 102
1437401 0 102
1438855 0 103
1440330 0 101
1441784 0 102
1443279 0 102
1444733 0 103
1446228 0 101
1447682 0 102
1449156 0 102
1450590 0 102
1452085 0 103
1453518 0 101
1454993 0 102
1456467 0 102
1457881 0 102
1459417 0 103
1460850 0 101
1462284 0 102
1463820 0 102
1465356 0 103
1466830 0 101
1468284 0 102
1469759 0 102
1471213 0 103
1472687 0 101
1474223 0 102
1475780 0 103
1477193 0 101
1478626 0 102
1480040 0 103
1481453 0 101
1482866 0 102
1484381 0 102
1485815 0 102
1487269 0 102
1488682 0 102
1490177 0 103
1491733 0 101
1493228 0 102
1494703 0 102
1496177 0 102
1497591 0 102
1499147 0 103
1500683 0 101
1502137 0 102
1503673 0 102
1505107 0 102
1506622 0 102
1508056 0 103
1509530 0 101
1511066 0 102
1512459 0 102
1513872 0 103
1515428 0 101
1516923 0 102
1518357 0 102
1519872 0 102
1521347 0 102
1522842 0 103
1524316 0 101
1525791 0 102
1527327 0 103
1528863 0 101
1530378 0 102
1531812 0 102
1533266 0 102
1534720 0 102
1536215 0 102
1537751 0 103
1539287 0 101
1540700 0 102
1542093 0 102
1543485 0 102
1544960 0 102
1546475 0 102
1547991 0 103
1549445 0 101
1550879 0 102
1552312 0 102
1553705 0 102
1555138 0 102
1556674 0 102
1558231 0 102
1559644 0 102
1561077 0 103
1562593 0 101
1563986 0 102
1565501 0 102
1566976 0 102
1568430 0 102
1569884 0 103
1571420 0 101
1572956 0 102
1574389 0 103
1575823 0 101
1577256 0 102
1578669 0 102
1580185 0 102
1581721 0 103
1583154 0 101
1584670 0 102
1586144 0 103
1587619 0 101
1589012 0 102
1590507 0 103
1592084 0 101
1593476 0 102
1594869 0 102
1596405 0 102
1597941 0 102
1599436 0 102
1600931 0 102
1602426 0 102
1603839 0 103
1605375 0 101
1606829 0 102
1608303 0 102
1609737 0 102
1611253 0 102
1612727 0 102
1614202 0 102
1615738 0 103
1617212 0 101
1618687 0 102
1620161 0 102
1621615 0 102
1623069 0 102
1624605 0 102
1625998 0 102
1627431 0 103
1628947 0 101
1630462 0 102
1631978 0 102
1633493 0 103
1634947 0 101
1636381 0 102
1637897 0 103
1639310 0 101
1640784 0 102
1642341 0 103
1643754 0 101
1645187 0 102
1646723 0 102
1648198 0 103
1649611 0 101
1651003 0 102
1652437 0 102
1653994 0 102
1655488 0 102
1656902 0 102
1658335 0 102
1659789 0 103
1661325 0 101
1662738 0 102
1664172 0 102
1665605 0 102
1667019 0 102
1668493 0 103
1669927 0 101
1671360 0 102
1672876 0 103
1674391 0 101
1675866 0 102
1677402 0 102
1678917 0 103
1680474 0 101
1682010 0 102
1683402 0 103
1684815 0 101
1686290 0 102
1687846 0 103
1689382 0 101
1690898 0 102
1692434 0 102
1693867 0 103
1695424 0 101
1696898 0 102
1698414 0 102
1699827 0 102
1701220 0 102
1702674 0 102
1704087 0 103
1705561 0 101
1707118 0 102
1708654 0 102
1710190 0 102
1711603 0 102
1713077 0 102
1714552 0 102
1715944 0 102
1717378 0 103
1718955 0 101
1720429 0 102
1721904 0 103
1723460 0 101
1724996 0 102
1726430 0 102
1727925 0 103
1729481 0 101
1731017 0 102
1732533 0 102
1734048 0 103
1735584 0 101
1737079 0 102
1738533 0 103
1739967 0 101
1741503 0 102
1742998 0 102
1744452 0 103
1745967 0 101
1747381 0 102
1748835 0 103
1750412 0 101
1751948 0 102
1753422 0 102
1754897 0 103
1756433 0 101
1757928 0 102
1759423 0 102
1760897 0 102
1762351 0 102
1763744 0 103
1765259 0 101
1766672 0 102
1768106 0 102
1769540 0 102
1770953 0 103
1772407 0 101
1773922 0 102
1775376 0 102
1776912 0 102
1778428 0 102
1779882 0 102
1781418 0 102
1782892 0 103
1784305 0 101
1785821 0 102
1787357 0 103
1788913 0 101
1790347 0 102
1791760 0 103
1793275 0 101
1794811 0 102
1796204 0 102
1797679 0 102
1799133 0 102
1800669 0 103
1802164 0 101
1803720 0 102
1805133 0 103
1806587 0 101
1808123 0 102
1809516 0 103
1811052 0 101
1812547 0 102
1814001 0 102
1815475 0 102
1816868 0 102
1818322 0 103
1819776 0 101
1821189 0 102
1822664 0 102
1824077 0 102
1825592 0 102
1827067 0 102
1828562 0 102
1829954 0 103
1831409 0 101
1832883 0 102
1834317 0 102
1835791 0 102
1837204 0 102
1838658 0 102
1840051 0 103
1841566 0 101
1842979 0 102
1844434 0 102
1845929 0 102
1847403 0 103
1848919 0 101
1850475 0 102
1851868 0 102
1853281 0 102
1854694 0 102
1856189 0 102
2122834 0 41
2124391 0 44
2125845 0 41
2127299 0 38
2128835 0 38
2130227 0 44
2131640 0 44
2133156 0 46
2134733 0 41
2136146 0 38
2137600 0 49
2139136 0 53
2140672 0 57
2142228 0 56
2143662 0 58
2145157 0 51
2146672 0 70
2148188 0 44
2149642 0 57
2151178 0 67
2152714 0 48
2154107 0 60
2155520 0 51
2157076 0 63
2158510 0 43
2159964 0 56
2161397 0 58
2162974 0 49
2164428 0 50
2165923 0 49
2167316 0 72
2168729 0 46
2170306 0 59
2171760 0 49
2173317 0 54
2174812 0 53
2176225 0 64
2177740 0 41
2179194 0 60
2180607 0 55
2182164 0 57
2183597 0 71
2185051 0 44
2186587 0 57
2188041 0 50
2189516 0 54
2191031 0 57
2192506 0 61
2193960 0 39
2195373 0 49
2196827 0 50
2198384 0 60
2199838 0 51
2201394 0 60
2202869 0 68
2204282 0 40
2205736 0 57
2207251 0 62
2208685 0 47
2210200 0 55
2211716 0 56
2213252 0 55
2214788 0 49
2216201 0 54
2217655 0 57
2219109 0 70
2220624 0 44
2222140 0 57
2223594 0 69
2225028 0 43
2226461 0 58
2227915 0 56
2229451 0 60
2230946 0 50
2232441 0 57
2233936 0 65
2235493 0 43
2236926 0 54
2238462 0 57
2239978 0 50
2241473 0 55
2243029 0 68
2244463 0 41
2245978 0 55
2247555 0 55
2249112 0 64
2250668 0 39
2252102 0 60
2253617 0 61
2255071 0 44
2256525 0 60
2258061 0 57
2259536 0 51
2261010 0 57
2262464 0 53
2263939 0 51
2265393 0 65
2266867 0 45
2268322 0 53
2269776 0 56
2271250 0 70
2272725 0 43
2274240 0 50
2275797 0 58
2277333 0 53
2278807 0 59
2280364 0 72
2281777 0 45
2283354 0 53
2284767 0 49
2286159 0 53
2287634 0 55
2289108 0 70
2290501 0 44
2292037 0 52
2293552 0 49
2295027 0 56
2296440 0 59
2297996 0 49
2299553 0 60
2301109 0 72
2302563 0 37
2304058 0 60
2305492 0 67
2306926 0 44
2308482 0 59
2310018 0 63
2311533 0 47
2313049 0 60
2314483 0 61
2315998 0 37
2317534 0 59
2318988 0 50
2320463 0 56
2321978 0 53
2323494 0 71
2324989 0 48
2326545 0 60
2327958 0 55
2329515 0 51
2331010 0 59
2332505 0 63
2334041 0 46
2335474 0 58
2336928 0 49
2338362 0 51
2339775 0 57
2341290 0 64
2342765 0 38
2344321 0 54
2345816 0 60
2347250 0 56
2348786 0 52
2350260 0 54
2351735 0 67
2353148 0 38
2354705 0 55
2356138 0 55
2357613 0 68
2359026 0 47
2360562 0 57
2362036 0 68
2363490 0 41
2365026 0 56
2366583 0 49
2368119 0 63
2369675 0 44
2371088 0 56
2372542 0 70
2374037 0 45
2375532 0 57
2377068 0 60
2378604 0 52
2380079 0 52
2381635 0 60
2383192 0 70
2384666 0 48
2386182 0 58
2387759 0 51
2389172 0 54
2390626 0 63
2392100 0 48
2393534 0 57
2394968 0 57
2396422 0 56
2397876 0 50
2399330 0 71
2400804 0 42
2402320 0 54
2403794 0 58
2405289 0 58
2406825 0 51
2408382 0 71
2409918 0 43
2411454 0 51
2412969 0 64
2414505 0 40
2416061 0 60
2417618 0 71
2419174 0 42
2420587 0 57
2422144 0 60
2423680 0 53
2425236 0 68
2426629 0 42
2428124 0 51
2429558 0 54
2430971 0 65
2432507 0 37
2433981 0 60
2435456 0 57
2436889 0 65
2438384 0 46
2439859 0 60
2441292 0 70
2442705 0 45
2444180 0 53
2445634 0 63
2447109 0 38
2448624 0 56
2450078 0 60
2451573 0 55
2453007 0 60
2454461 0 70
2455976 0 47
2457492 0 55
2459007 0 57
2460502 0 50
2462059 0 70
2463451 0 43
2464946 0 53
2466482 0 71
2467998 0 47
2469452 0 53
2470906 0 70
2472319 0 39
2473834 0 59
2475289 0 64
2476702 0 39
2478238 0 53
2479712 0 51
2481228 0 59
2482764 0 56
2484197 0 52
2485651 0 71
2487126 0 39
2488600 0 59
2490136 0 57
2491693 0 67
2493147 0 39
2494642 0 59
2496137 0 65
2497632 0 40
2499065 0 58
2500499 0 52
2501994 0 54
2503510 0 59
2504984 0 65
2506459 0 43
2507913 0 52
2509449 0 58
2510985 0 50
2512480 0 57
2513995 0 58
2515490 0 56
2517026 0 64
2518562 0 48
2520057 0 56
2521552 0 56
2522986 0 56
2524440 0 60
2525996 0 65
2527491 0 37
2528966 0 51
2530481 0 53
2531935 0 52
2533369 0 49
2534905 0 62
2536420 0 41
2537833 0 60
2539390 0 54
2540905 0 54
2542339 0 60
2543834 0 55
2545329 0 55
2546742 0 65
2548176 0 47
2549630 0 59
2551063 0 50
2552599 0 58
2554115 0 65
2555630 0 41
2557146 0 54
2558579 0 51
2560013 0 56
2561549 0 62
2563003 0 39
2564477 0 50
2565931 0 62
2567406 0 47
2568819 0 51
2570375 0 65
2571891 0 37
2573325 0 51
2574779 0 64
2576212 0 37
2577769 0 51
2579161 0 58
2580656 0 51
2582213 0 49
2583667 0 61
2585141 0 42
2586616 0 49
2588131 0 60
2589585 0 60
2591080 0 56
2592616 0 59
2594050 0 50
2595606 0 58
2597163 0 70
2598576 0 38
2600091 0 52
2601627 0 59
2603163 0 57
2604699 0 62
2606174 0 46
2607648 0 50
2609143 0 72
2610618 0 37
2612072 0 58
2613628 0 71
2615144 0 47
2616598 0 52
2618011 0 68
2619568 0 45
2621063 0 53
2622537 0 61
2624094 0 42
2625568 0 54
2627022 0 59
2628579 0 59
2630094 0 50
2631548 0 50
2632941 0 68
2634456 0 39
2635910 0 52
2637323 0 54
2638777 0 56
2640334 0 55
2641767 0 55
2643181 0 69
2644614 0 39
2646027 0 60
2647522 0 67
2649038 0 45
2650594 0 58
2652089 0 61
2653502 0 41
2654936 0 52
2656472 0 51
2657987 0 68
2659400 0 44
2660895 0 51
2662329 0 52
2663783 0 54
2665176 0 61
2666609 0 39
2668043 0 59
2669456 0 57
2670910 0 53
2672446 0 55
2673900 0 68
2675395 0 42
2676951 0 54
2678426 0 53
2679880 0 69
2681457 0 41
2682952 0 52
2684386 0 54
2685921 0 57
2687416 0 52
2688871 0 61
2690325 0 37
2691779 0 55
2693315 0 56
2694748 0 58
2696182 0 54
2697718 0 60
2699131 0 56
2700585 0 61
2702059 0 40
2703554 0 59
2705029 0 56
2706545 0 54
2707978 0 65
2709453 0 37
2710866 0 49
2712381 0 53
2713856 0 54
2715392 0 69
2716825 0 40
2718320 0 59
2719856 0 58
2721331 0 54
2722826 0 62
2724218 0 38
2725672 0 53
2727229 0 67
2728744 0 43
2730280 0 49
2731673 0 50
2733168 0 68
2734622 0 37
2736158 0 57
2737714 0 56
2739189 0 51
2740725 0 63
2742240 0 41
2743776 0 55
2745271 0 49
2746746 0 59
2748200 0 70
2749593 0 47
2751088 0 50
2752644 0 54
2754057 0 56
2755470 0 58
2757027 0 59
2758481 0 65
2759914 0 37
2761430 0 54
2762843 0 58
2764277 0 49
2765813 0 60
2767287 0 50
2768843 0 52
2770257 0 66
2771690 0 47
2773206 0 52
2774762 0 68
2776196 0 45
2777711 0 51
2779165 0 54
2780701 0 69
2782155 0 43
2783712 0 60
2785125 0 49
2786579 0 57
2788033 0 69
2789569 0 41
2791023 0 56
2792477 0 67
2793911 0 38
2795447 0 56
2796921 0 53
2798437 0 49
2799993 0 54
2801447 0 52
2802860 0 62
2804273 0 48
2805809 0 54
2807222 0 51
2808717 0 66
2810130 0 48
2811646 0 59
2813161 0 59
2814677 0 61
2816090 0 39
2817585 0 55
2819100 0 60
2820555 0 53
2821988 0 52
2823442 0 72
2824958 0 43
2826514 0 57
2828050 0 56
2829586 0 52
2831081 0 50
2832576 0 54
2834010 0 68
2835464 0 47
2837020 0 49
2838454 0 52
2840010 0 69
2841485 0 44
2843041 0 49
2844454 0 65
2845888 0 39
2847301 0 58
2848857 0 54
2850270 0 54
2851745 0 64
2853158 0 42
2854571 0 57
2856066 0 60
2857582 0 59
2858995 0 67
2860387 0 38
2861821 0 59
2863255 0 53
2864791 0 51
2866204 0 54
2867678 0 62
2869091 0 41
2870586 0 54
2872020 0 50
2873433 0 67
2874907 0 42
2876464 0 55
2877979 0 63
2879495 0 47
2880990 0 59
2882485 0 50
2883919 0 50
2885475 0 49
2886970 0 60
2888404 0 52
2889858 0 72
2891250 0 39
2892786 0 49
2894220 0 57
2895694 0 53
2897107 0 56
2898623 0 62
2900097 0 48
2901572 0 49
2903108 0 69
2904603 0 37
2906098 0 51
2907552 0 55
2908986 0 49
2910460 0 64
2911914 0 39
2913430 0 54
2914884 0 58
2916379 0 55
2917792 0 70
2919246 0 39
2920679 0 54
2922113 0 53
2923608 0 69
2925042 0 43
2926516 0 53
2927929 0 64
2929445 0 44
2930940 0 53
2932414 0 50
2933930 0 56
2935363 0 54
2936920 0 49
2938333 0 64
2939787 0 48
2941221 0 49
2942756 0 57
2944251 0 52
2945726 0 65
2947242 0 39
2948675 0 52
2950088 0 50
2951583 0 62
2953017 0 48
2954450 0 55
2955945 0 69
2957399 0 44
2958956 0 57
2960512 0 51
2962048 0 53
2963482 0 67
2964956 0 44
2966492 0 53
2968049 0 60
2969544 0 60
2970957 0 59
2972472 0 51
2973967 0 58
2975524 0 52
2977039 0 66
2978575 0 38
2980091 0 58
2981647 0 50
2983122 0 50
2984637 0 58
2986194 0 60
2987689 0 52
2989102 0 50
2990556 0 65
2991969 0 44
2993423 0 60
2994918 0 57
2996454 0 57
2998031 0 70
2999424 0 42
3000919 0 56
3002332 0 53
3003765 0 55
3005199 0 56
3006612 0 70
3008087 0 37
3009581 0 58
3011158 0 61
3012715 0 46
3014292 0 56
3015848 0 57
3017405 0 52
3018920 0 57
3020477 0 69
3021951 0 46
3023528 0 53
3025044 0 51
3026518 0 58
3040410 0 104
3041885 0 104
3043401 0 104
3044834 0 104
3046350 0 104
3047824 0 104
3049360 0 104
3050773 0 104
3052207 0 104
3053702 0 104
3055197 0 105
3056753 0 105
3058310 0 105
3059723 0 105
3061177 0 105
3062713 0 106
3064269 0 104
3065764 0 105
3067218 0 106
3068775 0 104
3070311 0 105
3071785 0 105
3073219 0 106
3074755 0 104
3076291 0 105
3077704 0 105
3079219 0 105
3080673 0 105
3082209 0 105
3083643 0 106
3085097 0 104
3086551 0 105
3088005 0 106
3089541 0 104
3091036 0 105
3092531 0 105
3094047 0 105
3095501 0 106
3096996 0 104
3098511 0 105
3100006 0 105
3101501 0 106
3102914 0 104
3104327 0 105
3105863 0 106
3107297 0 104
3108771 0 105
3110266 0 106
3111762 0 104
3113175 0 105
3114588 0 106
3116001 0 104
3117516 0 105
3119052 0 106
3120465 0 104
3121899 0 105
3123312 0 106
3124828 0 104
3126323 0 105
3127777 0 105
3129272 0 105
3130664 0 105
3132057 0 105
3133449 0 105
3134863 0 105
3136419 0 106
3137832 0 104
3139368 0 105
3140822 0 105
3142256 0 105
3143669 0 105
3145184 0 105
3146638 0 105
3148092 0 106
3149628 0 104
3151021 0 105
3152516 0 105
3153991 0 106
3155506 0 104
3157001 0 105
3158455 0 106
3159868 0 104
3161281 0 105
3162756 0 106
3164210 0 104
3165643 0 105
3167159 0 105
3168674 0 105
3170067 0 105
3171562 0 106
3172975 0 104
3174409 0 105
3175822 0 105
3177255 0 105
3178689 0 106
3180184 0 104
3181638 0 105
3183092 0 105
3184546 0 105
3185959 0 105
3187454 0 105
3188867 0 106
3190321 0 104
3191857 0 105
3193291 0 105
3194786 0 105
3196322 0 105
3197735 0 105
3199210 0 105
3200602 0 106
3202077 0 104
3203551 0 105
3204964 0 105
3206459 0 106
3207913 0 104
3209408 0 105
3210862 0 105
3212255 0 106
3213771 0 104
3215286 0 105
3216699 0 105
3218215 0 105
3219730 0 105
3221205 0 105
3222618 0 105
3224072 0 106
3225608 0 104
3227021 0 105
3228434 0 105
3229827 0 105
3231240 0 106
3232796 0 104
3234230 0 105
3235643 0 105
3237179 0 106
3238653 0 104
3240087 0 105
3241520 0 106
3243056 0 104
3244572 0 105
3246067 0 106
3247623 0 104
3249036 0 105
3250490 0 105
3252026 0 105
3253542 0 105
3255078 0 105
3256532 0 106
3258027 0 104
3259502 0 105
3260997 0 106
3262533 0 104
3263966 0 105
3265420 0 105
3266833 0 105
3268246 0 105
3269782 0 105
3271236 0 105
3272752 0 106
3274165 0 104
3275701 0 105
3277114 0 105
3278527 0 105
3280022 0 105
3281497 0 105
3282910 0 105
3284323 0 106
3285736 0 104
3287292 0 105
3288808 0 106
3290241 0 104
3291696 0 105
3293231 0 105
3294767 0 105
3296283 0 106
3297737 0 104
3299252 0 105
3300809 0 105
3302345 0 105
3303778 0 106
3305274 0 104
3306728 0 105
3308141 0 106
3309554 0 104
3310967 0 105
3312421 0 105
3313854 0 105
3315370 0 105
3316783 0 105
3318319 0 106
3319814 0 104
3321350 0 105
3322906 0 105
3324340 0 105
3325733 0 105
3327166 0 105
3328682 0 106
3330238 0 104
3331713 0 105
3333187 0 105
3334723 0 105
3336218 0 105
3337672 0 106
3339126 0 104
3340621 0 105
3342116 0 106
3343529 0 104
3344963 0 105
3346356 0 105
3347851 0 105
3349284 0 105
3350738 0 105
3352172 0 106
3353646 0 104
3355141 0 105
3356575 0 105
3357988 0 105
3359504 0 106
3360978 0 104
3362473 0 105
3363886 0 105
3365422 0 105
3366958 0 105
3368494 0 106
3369969 0 104
3371402 0 105
3372918 0 105
3374433 0 106
3375887 0 104
3377280 0 105
3378693 0 105
3380249 0 106
3381765 0 104
3383219 0 105
3384653 0 106
3386168 0 104
3387663 0 105
3389097 0 105
3390633 0 105
3392148 0 105
3393602 0 105
3395036 0 105
3396551 0 105
3397944 0 106
3399459 0 104
3400872 0 105
3402347 0 105
3403760 0 105
3405214 0 105
3406648 0 105
3408184 0 105
3409720 0 106
3411276 0 104
3412751 0 105
3414266 0 105
3415761 0 105
3417174 0 105
3418587 0 105
3420103 0 106
3421598 0 104
3423052 0 105
3424526 0 105
3426001 0 105
3427516 0 105
3429011 0 106
3430404 0 104
3431817 0 105
3433374 0 105
3434930 0 106
3436486 0 104
3437920 0 105
3439374 0 105
3440869 0 105
3442323 0 106
3443839 0 104
3445272 0 105
3446706 0 105
3448139 0 106
3449614 0 104
3451068 0 105
3452522 0 105
3454078 0 105
3455614 0 105
3457109 0 105
3458645 0 105
3460099 0 106
3461513 0 104
3462926 0 105
3464421 0 105
3465834 0 105
3467390 0 106
3468824 0 104
3470339 0 105
3471773 0 106
3473227 0 104
3474742 0 105
3476299 0 105
3477753 0 106
3479166 0 104
3480620 0 105
3482054 0 105
3483590 0 106
3485003 0 104
3486539 0 105
3487952 0 105
3489365 0 105
3490860 0 105
3492375 0 106
3493891 0 104
3495324 0 105
3496758 0 105
3498253 0 106
3499789 0 104
3501325 0 105
3502718 0 105
3504131 0 105
3505626 0 105
3507100 0 106
3508534 0 104
3509947 0 105
3511503 0 105
3512957 0 105
3514371 0 105
3515825 0 105
3517340 0 106
3518896 0 104
3520432 0 105
3521927 0 106
3523381 0 104
3524917 0 105
3526392 0 106
3527887 0 104
3529341 0 105
3530754 0 106
3532270 0 104
3533744 0 105
3535178 0 105
3536734 0 105
3538168 0 105
3539724 0 106
3541178 0 104
3542653 0 105
3544086 0 105
3545479 0 105
3547015 0 106
3548551 0 104
3549964 0 105
3551418 0 105
3552852 0 105
3554285 0 105
3555698 0 105
3557152 0 105
3558606 0 106
3560142 0 104
3561678 0 105
3563153 0 106
3564668 0 104
3566225 0 105
3567679 0 105
3569174 0 106
3570587 0 104
3572000 0 105
3573536 0 105
3575011 0 105
3576424 0 105
3577857 0 106
3579352 0 104
3580806 0 105
3582199 0 105
3583633 0 106
3585169 0 104
3586684 0 105
3588179 0 106
3589695 0 104
3591149 0 105
3592582 0 106
3594118 0 104
3595552 0 105
3597108 0 105
3598542 0 106
3600057 0 104
3601470 0 105
3602965 0 105
3604419 0 105
3605812 0 106
3607287 0 104
3608843 0 105
3610318 0 105
3611813 0 105
3613287 0 106
3614844 0 104
3616298 0 105
3617854 0 105
3619410 0 106
3620865 0 104
3622380 0 105
3623875 0 105
3625329 0 105
3626783 0 106
3628196 0 104
3629753 0 105
3631248 0 106
3632743 0 104
3634238 0 105
3635692 0 105
3637105 0 105
3638620 0 105
3640054 0 105
3641508 0 105
3643003 0 106
3644498 0 104
3645911 0 105
3647427 0 105
3648819 0 105
3650314 0 106
3651727 0 104
3653284 0 105
3654820 0 106
3656376 0 104
3657871 0 105
3659407 0 105
3660820 0 106
3662356 0 104
3663810 0 105
3665244 0 105
3666739 0 105
3668234 0 106
3669729 0 104
3671162 0 105
3672596 0 105
3674030 0 105
3675525 0 105
3676958 0 106
3678494 0 104
3679969 0 105
3681525 0 105
3683020 0 105
3684536 0 105
3685949 0 106
3687505 0 104
3688959 0 105
3690413 0 106
3691867 0 104
3693403 0 105
3694816 0 105
3696209 0 105
3697766 0 105
3699261 0 105
3700756 0 106
3702291 0 104
3703705 0 105
3705097 0 106
3706551 0 104
3708046 0 105
3709562 0 105
3711077 0 105
3712572 0 105
3713985 0 106
3715439 0 104
3716955 0 105
3718348 0 106
3719883 0 104
3721399 0 105
3722915 0 105
3724471 0 106
3725904 0 104
3727359 0 105
3728833 0 106
3730308 0 104
3731803 0 105
3733277 0 106
3734711 0 104
3736144 0 105
3737578 0 105
3739114 0 105
3740588 0 105
3742022 0 106
3743476 0 104
3744930 0 105
3746364 0 106
3747777 0 104
3749190 0 105
3750685 0 105
3752200 0 106
3753654 0 104
3755068 0 105
3756603 0 105
3758098 0 105
3759573 0 105
3761048 0 106
3762481 0 104
3763997 0 105
3765410 0 106
3766946 0 104
3768379 0 105
3769854 0 105
3771267 0 105
3772721 0 105
3774237 0 105
3775731 0 105
3777206 0 106
3778660 0 104
3780073 0 105
3781486 0 106
3782961 0 104
3784435 0 105
3785848 0 105
3787405 0 105
3788859 0 105
3790313 0 105
3791747 0 105
3793303 0 106
3794737 0 104
3796191 0 105
3797686 0 105
3799140 0 105
3800614 0 105
3802048 0 105
3803522 0 106
3805079 0 104
3806533 0 105
3808069 0 105
3809584 0 106
3811079 0 104
3812533 0 105
3814049 0 106
3815544 0 104
3817059 0 105
3818472 0 105
3819967 0 106
3821381 0 104
3822794 0 105
3824289 0 105
3825743 0 106
3827258 0 104
3828712 0 105
3830248 0 106
3831743 0 104
3833177 0 105
3834672 0 105
3836187 0 105
3837723 0 105
3839177 0 105
3840590 0 106
3842126 0 104
3843580 0 105
3845055 0 106
3846570 0 104
3848004 0 105
3849520 0 105
3851015 0 105
3852448 0 105
3853964 0 105
3855500 0 106
3857056 0 104
3858469 0 105
3859903 0 105
3861439 0 106
3862913 0 104
3864449 0 105
3866006 0 105
3867480 0 105
3868914 0 105
3870368 0 105
3871842 0 105
3873399 0 105
3874935 0 106
3876430 0 104
3877925 0 105
3879440 0 105
3880894 0 105
3882287 0 105
3883741 0 106
3885256 0 104
3886670 0 105
3888144 0 105
3889660 0 105
3891175 0 105
3892588 0 105
3894063 0 106
3895599 0 104
3897094 0 105
3898507 0 105
3899940 0 106
3901435 0 104
3902910 0 105
3904343 0 105
3905798 0 105
3907231 0 105
3908685 0 105
3910221 0 106
3911655 0 104
3913088 0 105
3914604 0 105
3915996 0 105
3917491 0 105
3918884 0 105
3920277 0 106
3921731 0 104
3923185 0 105
3924680 0 105
3926236 0 105
3927711 0 105
3929226 0 105
3930721 0 106
3932216 0 104
3933650 0 105
3935124 0 105
3936681 0 105
3938196 0 105
