40588 0 9
42001 0 7
43537 0 12
45052 0 2
46527 0 7
48063 0 7
49558 0 12
51114 0 8
52691 0 11
54186 0 10
55763 0 15
57176 0 17
58630 0 34
60064 0 10
61497 0 23
62890 0 21
64426 0 17
65921 0 33
67477 0 2
68870 0 15
70385 0 31
71881 0 6
73416 0 15
74891 0 29
76366 0 4
77901 0 14
79417 0 24
80830 0 16
82305 0 34
83738 0 5
85295 0 16
86810 0 33
88244 0 3
89657 0 18
91111 0 13
92606 0 14
94039 0 25
95534 0 3
96948 0 14
98443 0 18
99917 0 22
101494 0 31
103010 0 1
104423 0 14
105856 0 15
107269 0 35
108703 0 8
110239 0 23
111795 0 23
113331 0 32
114847 0 3
116383 0 16
117878 0 18
119373 0 23
120847 0 28
122342 0 10
123755 0 23
125230 0 24
126766 0 19
128199 0 19
129633 0 30
131149 0 4
132664 0 18
134098 0 28
135593 0 12
137108 0 15
138603 0 28
140098 0 7
141634 0 14
143047 0 23
144460 0 28
145873 0 4
147327 0 19
148802 0 14
150297 0 16
151690 0 17
153082 0 15
154495 0 13
155990 0 36
157547 0 8
159021 0 14
160434 0 19
161909 0 35
163445 0 11
165001 0 14
166455 0 23
167889 0 18
169384 0 19
170838 0 31
172395 0 8
173849 0 24
175344 0 26
176736 0 5
178211 0 16
179603 0 19
181057 0 23
182512 0 16
184007 0 14
185502 0 13
186997 0 32
188492 0 6
189987 0 15
191400 0 30
192772 0 2
194246 0 24
195741 0 15
197195 0 22
198772 0 31
200288 0 7
201762 0 20
203216 0 13
204650 0 18
206104 0 22
207599 0 26
208971 0 4
210364 0 16
211777 0 19
213313 0 14
214767 0 22
216262 0 28
217716 0 11
219129 0 15
220563 0 18
222017 0 13
223491 0 27
224986 0 7
226461 0 24
227956 0 16
229389 0 30
230884 0 10
232338 0 19
233874 0 17
235288 0 33
236742 0 9
238196 0 21
239629 0 28
241145 0 5
242681 0 23
244237 0 19
245732 0 18
247309 0 23
248722 0 31
250279 0 12
251794 0 17
253289 0 16
254702 0 18
256177 0 20
257651 0 14
259044 0 28
260437 0 6
261973 0 22
263406 0 15
264942 0 14
266355 0 19
267871 0 20
269366 0 24
270799 0 35
272253 0 1
273769 0 18
275346 0 30
276759 0 9
278192 0 21
279605 0 13
281060 0 26
282452 0 2
283845 0 21
285319 0 24
286794 0 18
288248 0 19
289743 0 31
291156 0 8
292712 0 24
294167 0 25
295743 0 3
297300 0 14
298754 0 15
300208 0 15
301601 0 22
303096 0 15
304570 0 29
306086 0 4
307478 0 19
309055 0 14
310550 0 28
311984 0 10
313520 0 18
315097 0 20
316551 0 20
317984 0 26
319438 0 4
320852 0 20
322326 0 32
323780 0 8
325214 0 19
326668 0 35
328081 0 6
329637 0 13
331030 0 14
332463 0 14
333999 0 22
335494 0 17
336989 0 16
338444 0 31
339898 0 6
341331 0 20
342867 0 15
344260 0 23
345796 0 13
347270 0 28
348745 0 9
350301 0 22
351858 0 33
353353 0 10
354827 0 14
356363 0 13
357797 0 19
359353 0 18
360828 0 20
362302 0 24
363797 0 26
365169 0 2
366685 0 17
368078 0 14
369593 0 23
371088 0 26
372481 0 10
374037 0 14
375553 0 14
376966 0 22
378502 0 24
379915 0 28
381430 0 3
382884 0 13
384359 0 19
385833 0 22
387287 0 30
388721 0 12
390155 0 22
391670 0 26
393042 0 2
394476 0 18
395909 0 15
397425 0 14
398838 0 21
400272 0 22
401787 0 25
403262 0 8
404777 0 13
406170 0 19
407706 0 19
409283 0 18
410778 0 31
412334 0 6
413850 0 13
415365 0 32
416799 0 1
418232 0 22
419789 0 14
421263 0 21
422820 0 15
424212 0 23
425666 0 14
427161 0 26
428656 0 10
430131 0 14
431605 0 22
433080 0 16
434473 0 20
436009 0 15
437524 0 18
439060 0 29
440514 0 3
441907 0 21
443463 0 15
444958 0 27
446474 0 10
447969 0 21
449546 0 21
450979 0 15
452495 0 24
453990 0 36
455505 0 5
457000 0 15
458454 0 13
459929 0 21
461362 0 15
462775 0 18
464311 0 24
465806 0 29
467342 0 10
468858 0 16
470271 0 18
471848 0 17
473363 0 16
474777 0 15
476312 0 21
477807 0 35
479302 0 9
480716 0 20
482313 0 26
483788 0 1
485242 0 19
486798 0 22
488355 0 31
489850 0 11
491324 0 15
492860 0 14
494335 0 20
495768 0 28
497263 0 12
498697 0 17
500212 0 14
501707 0 18
503141 0 18
504595 0 25
506110 0 11
507523 0 22
508957 0 24
510411 0 25
511947 0 5
513442 0 19
514896 0 36
516412 0 12
517866 0 19
519299 0 31
520815 0 11
522248 0 23
523661 0 15
525156 0 35
526631 0 4
528085 0 24
529560 0 14
531055 0 35
532591 0 12
534045 0 23
535499 0 28
536973 0 6
538530 0 13
539922 0 32
541417 0 6
542871 0 13
544366 0 23
545779 0 22
547193 0 14
548565 0 15
549998 0 36
551411 0 1
552886 0 14
554422 0 30
555876 0 5
557330 0 14
558784 0 20
560259 0 35
561795 0 3
563249 0 23
564662 0 23
566157 0 20
567631 0 19
569167 0 34
570703 0 10
572239 0 20
573775 0 20
575291 0 16
576704 0 15
578137 0 19
579571 0 33
581127 0 1
582602 0 18
584158 0 23
585592 0 30
586943 0 10
588418 0 23
589872 0 29
591285 0 11
592698 0 23
594091 0 17
595565 0 14
597060 0 20
598576 0 35
600091 0 1
601505 0 15
602938 0 25
604495 0 4
605908 0 20
607423 0 17
608857 0 19
610372 0 15
611826 0 33
613260 0 7
614714 0 18
616291 0 18
617724 0 17
619219 0 18
620755 0 13
622189 0 17
623704 0 21
625281 0 33
626694 0 2
628190 0 21
629664 0 20
631241 0 19
632756 0 13
634231 0 24
635767 0 28
637303 0 8
638777 0 14
640232 0 20
641747 0 23
643201 0 26
644676 0 10
646232 0 16
647686 0 29
649120 0 4
650574 0 23
652069 0 24
653605 0 17
655120 0 20
656677 0 16
658069 0 20
659544 0 34
661080 0 5
662534 0 20
663968 0 25
665483 0 8
667039 0 15
668534 0 24
669968 0 17
671422 0 20
672958 0 21
674371 0 20
675928 0 36
677402 0 11
678959 0 18
680392 0 24
681887 0 18
683382 0 29
684775 0 3
686167 0 19
687601 0 16
688994 0 15
690427 0 17
691902 0 27
693315 0 1
694769 0 20
696284 0 13
697759 0 36
699233 0 4
700687 0 15
702080 0 13
703473 0 22
705029 0 29
706442 0 7
707896 0 24
709309 0 35
710702 0 7
712217 0 21
713794 0 23
715269 0 14
716703 0 29
718198 0 7
719652 0 14
721044 0 23
722478 0 29
724014 0 4
725406 0 23
726840 0 13
728376 0 17
729809 0 14
731202 0 22
732759 0 28
734213 0 5
735728 0 20
737162 0 30
738554 0 9
740131 0 24
741667 0 15
743224 0 18
744698 0 18
746152 0 34
747524 0 9
748938 0 18
750371 0 31
751907 0 2
753300 0 14
754713 0 29
756228 0 2
757764 0 21
759177 0 13
760590 0 13
762004 0 22
763539 0 32
764994 0 1
766407 0 19
767922 0 16
769397 0 19
770830 0 29
772325 0 5
773800 0 20
775295 0 24
776687 0 14
778182 0 20
779718 0 36
781234 0 2
782749 0 18
784306 0 22
785801 0 23
787316 0 22
788750 0 22
790265 0 24
791719 0 28
793194 0 12
794628 0 16
796143 0 28
797556 0 4
798990 0 24
800444 0 23
801857 0 15
803372 0 14
804786 0 16
806301 0 17
807816 0 19
809291 0 33
810766 0 5
812261 0 20
813735 0 14
815230 0 24
816725 0 13
818261 0 19
819715 0 20
821231 0 18
822726 0 25
824241 0 11
825695 0 22
827170 0 33
828706 0 12
830242 0 16
831716 0 14
833150 0 22
834686 0 14
836181 0 22
837635 0 35
839089 0 10
840604 0 24
842038 0 21
843553 0 19
845007 0 24
846421 0 33
847977 0 5
849390 0 16
850926 0 33
852442 0 11
853998 0 22
855411 0 24
856845 0 15
858278 0 19
859855 0 19
861350 0 28
862784 0 10
864238 0 23
865712 0 13
867105 0 33
868641 0 8
870177 0 22
871611 0 14
873085 0 18
874601 0 15
876137 0 30
877529 0 1
879045 0 16
880437 0 16
881932 0 16
883325 0 13
884759 0 25
886233 0 8
887728 0 20
889305 0 27
890759 0 8
892315 0 13
893831 0 20
895387 0 36
896903 0 11
898316 0 24
899750 0 25
901204 0 5
902617 0 21
904071 0 18
905586 0 14
907020 0 23
908412 0 15
909907 0 31
911423 0 7
912979 0 13
914536 0 36
916092 0 11
917526 0 16
918960 0 23
920393 0 20
921827 0 35
923281 0 9
924837 0 17
926353 0 15
927786 0 22
929302 0 17
930838 0 25
932292 0 5
933705 0 15
935220 0 31
936797 0 9
938292 0 14
939808 0 17
955742 0 101
957196 0 101
958671 0 101
960104 0 101
961599 0 101
963033 0 101
964446 0 101
965859 0 101
967354 0 101
968767 0 101
970283 0 102
971819 0 102
973375 0 102
974809 0 102
976283 0 103
977778 0 101
979314 0 102
980707 0 102
982099 0 103
983533 0 101
984926 0 102
986339 0 103
987793 0 101
989267 0 102
990680 0 102
992073 0 102
993609 0 103
995043 0 101
996517 0 102
997992 0 103
999466 0 101
1000961 0 102
1002374 0 103
1003787 0 101
1005221 0 102
1006736 0 102
1008272 0 103
1009808 0 101
1011283 0 102
1012716 0 103
1014232 0 101
1015706 0 102
1017243 0 103
1018758 0 101
1020253 0 102
1021748 0 103
1023182 0 101
1024615 0 102
1026090 0 103
1027646 0 101
1029141 0 102
1030554 0 102
1032090 0 102
1033606 0 102
1035142 0 103
1036596 0 101
1038009 0 102
1039524 0 102
1040937 0 102
1042412 0 102
1043968 0 102
1045443 0 103
1046897 0 101
1048331 0 102
1049805 0 103
1051321 0 101
1052754 0 102
1054229 0 102
1055621 0 102
1057157 0 102
1058570 0 102
1060086 0 102
1061601 0 103
1063055 0 101
1064448 0 102
1065943 0 103
1067459 0 101
1068974 0 102
1070510 0 102
1072005 0 102
1073500 0 102
1075036 0 102
1076551 0 103
1078006 0 101
1079439 0 102
1080852 0 102
1082286 0 102
1083699 0 102
1085194 0 103
1086648 0 101
1088143 0 102
1089679 0 102
1091194 0 102
1092669 0 102
1094144 0 102
1095679 0 103
1097134 0 101
1098567 0 102
1100103 0 103
1101537 0 101
1102991 0 102
1104465 0 103
1105878 0 101
1107353 0 102
1108827 0 102
1110220 0 102
1111695 0 102
1113210 0 102
1114685 0 103
1116180 0 101
1117593 0 102
1119129 0 102
1120542 0 102
1122016 0 102
1123470 0 103
1125006 0 101
1126522 0 102
1127996 0 103
1129553 0 101
1130945 0 102
1132440 0 102
1133976 0 102
1135430 0 103
1136905 0 101
1138441 0 102
1139875 0 103
1141370 0 101
1142906 0 102
1144360 0 102
1145814 0 102
1147247 0 102
1148701 0 103
1150196 0 101
1151691 0 102
1153166 0 102
1154702 0 102
1156115 0 102
1157508 0 102
1158900 0 102
1160313 0 103
1161726 0 101
1163201 0 102
1164716 0 102
1166170 0 102
1167645 0 102
1169058 0 102
1170451 0 102
1171966 0 103
1173523 0 101
1174997 0 102
1176431 0 102
1177864 0 102
1179400 0 102
1180813 0 102
1182226 0 102
1183762 0 103
1185298 0 101
1186793 0 102
1188309 0 102
1189845 0 102
1191258 0 102
1192733 0 102
1194269 0 102
1195804 0 102
1197320 0 103
1198897 0 101
1200392 0 102
1201887 0 102
1203361 0 103
1204836 0 101
1206270 0 102
1207765 0 102
1209219 0 102
1210673 0 102
1212106 0 103
1213519 0 101
1214932 0 102
1216448 0 102
1217984 0 103
1219438 0 101
1220913 0 102
1222305 0 102
1223698 0 102
1225111 0 103
1226647 0 101
1228121 0 102
1229657 0 102
1231173 0 102
1232627 0 102
1234019 0 103
1235555 0 101
1237091 0 102
1238505 0 102
1239918 0 103
1241392 0 101
1242826 0 102
1244280 0 102
1245734 0 103
1247249 0 101
1248703 0 102
1250157 0 103
1251571 0 101
1253066 0 102
1254520 0 102
1255994 0 102
1257530 0 102
1259025 0 103
1260520 0 101
1261933 0 102
1263408 0 102
1264903 0 102
1266316 0 103
1267770 0 101
1269224 0 102
1270637 0 103
1272112 0 101
1273607 0 102
1274999 0 102
1276433 0 103
1277948 0 101
1279484 0 102
1280877 0 102
1282372 0 102
1283846 0 102
1285321 0 102
1286755 0 102
1288311 0 102
1289724 0 103
1291137 0 101
1292673 0 102
1294189 0 103
1295602 0 101
1297138 0 102
1298633 0 102
1300107 0 102
1301541 0 103
1303015 0 101
1304531 0 102
1306026 0 102
1307562 0 102
1308996 0 103
1310531 0 101
1312026 0 102
1313501 0 102
1314996 0 102
1316512 0 103
1318007 0 101
1319420 0 102
1320915 0 103
1322451 0 101
1323925 0 102
1325400 0 102
1326874 0 102
1328287 0 102
1329762 0 102
1331298 0 102
1332731 0 103
1334247 0 101
1335742 0 102
1337155 0 103
1338732 0 101
1340206 0 102
1341742 0 102
1343156 0 102
1344569 0 103
1346002 0 101
1347415 0 102
1348951 0 102
1350405 0 102
1351798 0 103
1353293 0 101
1354808 0 102
1356221 0 103
1357778 0 101
1359273 0 102
1360748 0 102
1362263 0 102
1363778 0 102
1365192 0 102
1366666 0 103
1368100 0 101
1369656 0 102
1371172 0 102
1372708 0 103
1374182 0 101
1375616 0 102
1377049 0 102
1378585 0 103
1380039 0 101
1381514 0 102
1383009 0 102
1384402 0 102
1385794 0 102
1387187 0 102
1388702 0 102
1390238 0 103
1391713 0 101
1393167 0 102
1394682 0 103
1396218 0 101
1397672 0 102
1399167 0 103
1400601 0 101
1402096 0 102
1403591 0 102
1405065 0 102
1406581 0 102
1407994 0 102
1409489 0 102
1411025 0 103
1412479 0 101
1414015 0 102
1415428 0 103
1416903 0 101
1418336 0 102
1419872 0 102
1421347 0 103
1422780 0 101
1424193 0 102
1425627 0 102
1427081 0 103
1428576 0 101
1430112 0 102
1431607 0 103
1433041 0 101
1434474 0 102
1435928 0 102
1437321 0 102
1438775 0 103
1440290 0 101
1441785 0 102
1443199 0 102
1444632 0 102
1446168 0 103
1447704 0 101
1449138 0 102
1450571 0 103
1452087 0 101
1453479 0 102
1454954 0 102
1456469 0 102
1457985 0 102
1459480 0 102
1460954 0 102
1462368 0 103
1463822 0 101
1465276 0 102
1466812 0 102
1468266 0 102
1469720 0 102
1471133 0 102
1472566 0 102
1474082 0 103
1475536 0 101
1476949 0 102
1478383 0 103
1479857 0 101
1481373 0 102
1482806 0 102
1484219 0 102
1485735 0 102
1487230 0 102
1488745 0 102
1490261 0 103
1491817 0 101
1493333 0 102
1494848 0 102
1496384 0 102
1497879 0 103
1499436 0 101
1500828 0 102
1502385 0 102
1503880 0 102
1505375 0 102
1506767 0 102
1508160 0 103
1509696 0 101
1511109 0 102
1512645 0 102
1514140 0 102
1515635 0 103
1517192 0 101
1518584 0 102
1520120 0 103
1521677 0 101
1523151 0 102
1524626 0 102
1526080 0 102
1527472 0 102
1528947 0 102
1530442 0 102
1531834 0 103
1533248 0 101
1534743 0 102
1536238 0 102
1537733 0 102
1539146 0 102
1540661 0 102
1542197 0 102
1543590 0 103
1545105 0 101
1546580 0 102
1548116 0 102
1549631 0 102
1551147 0 102
1552662 0 102
1554157 0 102
1555550 0 103
1556983 0 101
1558499 0 102
1560014 0 102
1561407 0 102
1562820 0 103
1564274 0 101
1565769 0 102
1567162 0 102
1568595 0 102
1570029 0 102
1571565 0 102
1572958 0 103
1574514 0 101
1576030 0 102
1577443 0 102
1578897 0 102
1580351 0 102
1581846 0 102
1583361 0 103
1584918 0 101
1586351 0 102
1587887 0 102
1589362 0 103
1590795 0 101
1592188 0 102
1593663 0 103
1595137 0 101
1596632 0 102
1598168 0 102
1599622 0 102
1601035 0 102
1602551 0 102
1604005 0 102
1605459 0 103
1606974 0 101
1608387 0 102
1609821 0 102
1611275 0 102
1612791 0 103
1614286 0 101
1615822 0 102
1617337 0 102
1618750 0 102
1620225 0 102
1621699 0 103
1623256 0 101
1624669 0 102
1626164 0 103
1627659 0 101
1629113 0 102
1630608 0 103
1632103 0 101
1633557 0 102
1635011 0 102
1636424 0 102
1637837 0 103
1639332 0 101
1640745 0 102
1642199 0 102
1643756 0 103
1645251 0 101
1646705 0 102
1648138 0 102
1649674 0 102
1651128 0 102
1652623 0 102
1654057 0 102
1655572 0 102
1657068 0 103
1658624 0 101
1660119 0 102
1661593 0 103
1663068 0 101
1664481 0 102
1665976 0 103
1667553 0 101
1669069 0 102
1670523 0 102
1671936 0 102
1673369 0 103
1674885 0 101
1676421 0 102
1677916 0 102
1679329 0 102
1680721 0 103
1682155 0 101
1683568 0 102
1685104 0 103
1686579 0 101
1688033 0 102
1689507 0 103
1691023 0 101
1692436 0 102
1693972 0 103
1695487 0 101
1696982 0 102
1698457 0 102
1699952 0 102
1701385 0 102
1702942 0 102
1704478 0 102
1706014 0 103
1707427 0 101
1708861 0 102
1710274 0 102
1711810 0 102
1713202 0 102
1714595 0 102
1716008 0 103
1717503 0 101
1718916 0 102
1720432 0 102
1721906 0 102
1723401 0 103
1724876 0 101
1726350 0 102
1727825 0 102
1729258 0 102
1730794 0 103
1732228 0 101
1733723 0 102
1735156 0 103
1736569 0 101
1737983 0 102
1739437 0 103
1740911 0 101
1742468 0 102
1743983 0 102
1745478 0 102
1746871 0 102
1748345 0 103
1749840 0 101
1751315 0 102
1752707 0 103
1754243 0 101
1755759 0 102
1757254 0 102
1758647 0 103
1760060 0 101
1761473 0 102
1763029 0 103
1764463 0 101
1765896 0 102
1767391 0 103
1768825 0 101
1770361 0 102
1771856 0 103
1773392 0 101
1774907 0 102
1776341 0 102
1777754 0 103
1779188 0 101
1780621 0 102
1782075 0 102
1783509 0 102
1784922 0 102
1786417 0 102
1787973 0 102
1789427 0 103
1791004 0 101
1792540 0 102
1794056 0 102
1795530 0 103
1796943 0 101
1798377 0 102
1799893 0 103
1801367 0 101
1802760 0 102
1804275 0 102
1805688 0 102
1807163 0 102
1808658 0 102
1810071 0 103
1811627 0 101
1813163 0 102
1814658 0 102
1816133 0 102
1817566 0 102
1819061 0 102
1820556 0 102
1822092 0 103
1823567 0 101
1825021 0 102
1826496 0 102
1827970 0 103
1829445 0 101
1830858 0 102
1832373 0 103
1833909 0 101
1835404 0 102
1836899 0 102
1838374 0 102
1839930 0 102
1841425 0 102
1842859 0 103
1844313 0 101
1845808 0 102
1847303 0 102
1848839 0 102
1850232 0 102
1851747 0 102
1853160 0 102
1867142 0 48
1868699 0 43
1870132 0 46
1871689 0 43
1873184 0 37
1874658 0 46
1876092 0 39
1877566 0 39
1879000 0 37
1880515 0 42
1882031 0 53
1883546 0 57
1885123 0 55
1886639 0 50
1888072 0 51
1889567 0 63
1891062 0 39
1892537 0 59
1894073 0 53
1895629 0 57
1897165 0 54
1898681 0 55
1900217 0 62
1901753 0 44
1903186 0 50
1904722 0 62
1906135 0 38
1907589 0 49
1909125 0 68
1910641 0 40
1912115 0 60
1913569 0 67
1915023 0 42
1916457 0 57
1917932 0 65
1919509 0 39
1921024 0 55
1922580 0 49
1924014 0 54
1925407 0 68
1926902 0 44
1928376 0 60
1929830 0 61
1931387 0 37
1932943 0 49
1934377 0 60
1935769 0 56
1937264 0 50
1938739 0 61
1940234 0 41
1941749 0 59
1943244 0 54
1944698 0 56
1946214 0 67
1947750 0 41
1949183 0 56
1950638 0 59
1952092 0 68
1953566 0 43
1955041 0 60
1956577 0 63
1958133 0 48
1959567 0 57
1961123 0 59
1962618 0 68
1964134 0 37
1965670 0 54
1967083 0 68
1968578 0 38
1970011 0 50
1971486 0 53
1972960 0 51
1974496 0 58
1975950 0 50
1977384 0 64
1978838 0 43
1980333 0 58
1981889 0 50
1983323 0 51
1984880 0 68
1986375 0 39
1987829 0 50
1989344 0 53
1990860 0 50
1992355 0 58
1993809 0 65
1995222 0 42
1996655 0 49
1998212 0 56
1999707 0 58
2001222 0 59
2002635 0 64
2004048 0 45
2005523 0 51
2006916 0 51
2008329 0 55
2009783 0 59
2011237 0 51
2012711 0 54
2014165 0 55
2015701 0 69
2017237 0 45
2018671 0 51
2020125 0 51
2021538 0 57
2022972 0 55
2024487 0 65
2025900 0 41
2027416 0 60
2028849 0 52
2030406 0 56
2031942 0 59
2033375 0 61
2034829 0 40
2036242 0 56
2037697 0 53
2039212 0 68
2040666 0 45
2042223 0 51
2043718 0 60
2045151 0 55
2046564 0 62
2048059 0 44
2049534 0 59
2051070 0 51
2052524 0 60
2053998 0 55
2055555 0 54
2057009 0 56
2058463 0 63
2060019 0 42
2061494 0 55
2063009 0 65
2064463 0 37
2066020 0 59
2067433 0 54
2068867 0 53
2070280 0 59
2071754 0 55
2073208 0 51
2074662 0 58
2076157 0 67
2077673 0 40
2079229 0 57
2080806 0 51
2082363 0 64
2083899 0 43
2085435 0 55
2086848 0 61
2088261 0 43
2089715 0 54
2091210 0 58
2092705 0 55
2094261 0 65
2095777 0 41
2097210 0 51
2098664 0 50
2100118 0 51
2101654 0 53
2103129 0 53
2104644 0 67
2106160 0 47
2107614 0 49
2109068 0 62
2110584 0 46
2112038 0 60
2113451 0 57
2114864 0 54
2116379 0 52
2117895 0 49
2119369 0 57
2120926 0 68
2122339 0 42
2123793 0 54
2125206 0 52
2126762 0 60
2128278 0 50
2129753 0 58
2131248 0 64
2132722 0 45
2134197 0 59
2135692 0 55
2137248 0 55
2138723 0 72
2140156 0 45
2141631 0 60
2143105 0 58
2144539 0 52
2146054 0 60
2147549 0 54
2148983 0 54
2150396 0 69
2151912 0 45
2153427 0 59
2154963 0 52
2156540 0 58
2157994 0 54
2159530 0 64
2160984 0 48
2162459 0 59
2164015 0 55
2165551 0 58
2167066 0 54
2168602 0 52
2170077 0 72
2171490 0 37
2173006 0 60
2174542 0 61
2176098 0 47
2177532 0 55
2179027 0 62
2180460 0 45
2182037 0 53
2183450 0 71
2184986 0 45
2186481 0 51
2188017 0 51
2189430 0 49
2190905 0 53
2192441 0 51
2193956 0 66
2195431 0 41
2196967 0 50
2198462 0 51
2199998 0 58
2201575 0 62
2203131 0 37
2204606 0 49
2206039 0 71
2207452 0 47
2208927 0 58
2210483 0 59
2212019 0 59
2213494 0 70
2214886 0 38
2216381 0 55
2217897 0 61
2219392 0 38
2220866 0 52
2222423 0 59
2223897 0 49
2225311 0 57
2226765 0 64
2228301 0 43
2229857 0 53
2231291 0 61
2232786 0 38
2234301 0 53
2235796 0 59
2237230 0 52
2238766 0 72
2240179 0 44
2241715 0 53
2243251 0 57
2244725 0 52
2246138 0 49
2247572 0 51
2249046 0 61
2250562 0 38
2252077 0 49
2253531 0 51
2254965 0 49
2256419 0 68
2257894 0 46
2259368 0 55
2260781 0 50
2262276 0 59
2263710 0 51
2265266 0 65
2266679 0 39
2268215 0 55
2269792 0 57
2271308 0 49
2272823 0 54
2274339 0 57
2275793 0 72
2277206 0 46
2278680 0 57
2280237 0 59
2281773 0 54
2283247 0 57
2284783 0 51
2286237 0 65
2287651 0 43
2289228 0 53
2290702 0 72
2292115 0 44
2293569 0 53
2295003 0 57
2296498 0 51
2297931 0 61
2299365 0 38
2300778 0 59
2302294 0 51
2303768 0 63
2305284 0 39
2306779 0 58
2308233 0 59
2309728 0 60
2311264 0 49
2312820 0 57
2314397 0 71
2315872 0 40
2317305 0 55
2318862 0 60
2320398 0 59
2321934 0 71
2323469 0 37
2324903 0 52
2326460 0 60
2327934 0 55
2329429 0 60
2330842 0 50
2332276 0 56
2333812 0 61
2335327 0 40
2336863 0 54
2338276 0 58
2339792 0 52
2341307 0 64
2342843 0 48
2344400 0 58
2345874 0 51
2347431 0 57
2348946 0 54
2350441 0 55
2351957 0 61
2353349 0 45
2354783 0 57
2356298 0 57
2357773 0 59
2359247 0 68
2360783 0 43
2362217 0 57
2363732 0 71
2365268 0 40
2366763 0 53
2368279 0 56
2369692 0 59
2371105 0 60
2372662 0 69
2374198 0 48
2375734 0 54
2377188 0 59
2378703 0 49
2380096 0 54
2381570 0 71
2383004 0 44
2384437 0 52
2385871 0 57
2387366 0 55
2388820 0 58
2390274 0 55
2391749 0 70
2393162 0 43
2394636 0 50
2396090 0 56
2397503 0 55
2399080 0 71
2400637 0 40
2402152 0 55
2403565 0 72
2405060 0 44
2406555 0 56
2408071 0 72
2409463 0 41
2410877 0 55
2412454 0 62
2413887 0 40
2415382 0 60
2416877 0 55
2418434 0 50
2419847 0 51
2421342 0 64
2422816 0 45
2424393 0 52
2425950 0 58
2427527 0 71
2428960 0 41
2430476 0 49
2432012 0 49
2433466 0 52
2434981 0 59
2436456 0 65
2437992 0 39
2439507 0 59
2441043 0 70
2442415 0 45
2443931 0 51
2445426 0 52
2446839 0 60
2448334 0 53
2449870 0 52
2451303 0 61
2452757 0 43
2454314 0 49
2455748 0 57
2457181 0 66
2458594 0 48
2460130 0 57
2461625 0 62
2463100 0 43
2464533 0 57
2466008 0 59
2467503 0 67
2468916 0 40
2470411 0 55
2471885 0 52
2473340 0 60
2474896 0 53
2476432 0 66
2477927 0 41
2479340 0 56
2480815 0 51
2482310 0 56
2483764 0 72
2485177 0 37
2486651 0 51
2488167 0 63
2489723 0 43
2491177 0 60
2492734 0 54
2494229 0 59
2495683 0 53
2497219 0 72
2498734 0 43
2500229 0 54
2501724 0 54
2503178 0 58
2504735 0 51
2506271 0 68
2507663 0 47
2509158 0 58
2510715 0 60
2512251 0 58
2513787 0 68
2515261 0 46
2516695 0 53
2518128 0 60
2519685 0 65
2521221 0 43
2522757 0 49
2524293 0 67
2525767 0 39
2527283 0 50
2528716 0 58
2530150 0 58
2531727 0 65
2533202 0 38
2534717 0 58
2536212 0 71
2537605 0 44
2539079 0 53
2540636 0 55
2542131 0 59
2543585 0 49
2545100 0 55
2546554 0 59
2548029 0 64
2549544 0 41
2551080 0 49
2552534 0 71
2553947 0 39
2555361 0 50
2556855 0 53
2558350 0 50
2559886 0 63
2561361 0 40
2562876 0 49
2564290 0 65
2565785 0 40
2567239 0 60
2568754 0 59
2570147 0 60
2571703 0 54
2573178 0 51
2574714 0 51
2576168 0 57
2577683 0 72
2579219 0 42
2580632 0 52
2582168 0 54
2583643 0 63
2585056 0 42
2586592 0 50
2588026 0 60
2589541 0 50
2591036 0 67
2592470 0 47
2593985 0 59
2595542 0 55
2597037 0 58
2598470 0 53
2599986 0 72
2601460 0 37
2602955 0 60
2604450 0 51
2605904 0 49
2607420 0 56
2608935 0 49
2610451 0 54
2611905 0 61
2613461 0 43
2614915 0 53
2616410 0 49
2617905 0 57
2619421 0 54
2620977 0 71
2622390 0 45
2623824 0 55
2625380 0 51
2626916 0 56
2628493 0 51
2629906 0 63
2631340 0 45
2632774 0 58
2634269 0 50
2635702 0 58
2637279 0 63
2638754 0 48
2640249 0 51
2641723 0 58
2643259 0 53
2644795 0 58
2646372 0 68
2647806 0 44
2649362 0 54
2650898 0 64
2652332 0 39
2653765 0 56
2655219 0 53
2656653 0 65
2658086 0 48
2659499 0 52
2660933 0 61
2662367 0 42
2663862 0 57
2665398 0 54
2666913 0 65
2668470 0 45
2670006 0 55
2671460 0 62
2672914 0 46
2674388 0 51
2675883 0 59
2677317 0 60
2678832 0 56
2680286 0 56
2681822 0 52
2683317 0 61
2684751 0 41
2686205 0 56
2687618 0 49
2689113 0 61
2690629 0 39
2692185 0 51
2693619 0 49
2695032 0 50
2696527 0 53
2697940 0 67
2699496 0 44
2700909 0 50
2702404 0 53
2703817 0 62
2705333 0 44
2706889 0 51
2708384 0 59
2709818 0 70
2711211 0 45
2712787 0 60
2714221 0 49
2715778 0 49
2717191 0 51
2718645 0 59
2720181 0 58
2721717 0 67
2723150 0 39
2724666 0 54
2726161 0 70
2727676 0 37
2729130 0 50
2730666 0 72
2732079 0 48
2733574 0 49
2735008 0 64
2736401 0 40
2737875 0 57
2739391 0 52
2740886 0 58
2742401 0 64
2743814 0 47
2745330 0 49
2746825 0 53
2748381 0 53
2749876 0 51
2751330 0 60
2752846 0 56
2754259 0 66
2755713 0 39
2757146 0 59
2758560 0 66
2760014 0 48
2761550 0 53
2763065 0 68
2764519 0 47
2765973 0 50
2767407 0 57
2768984 0 68
2770479 0 44
2772015 0 54
2783769 0 104
2785243 0 104
2786759 0 104
2788233 0 104
2789769 0 104
2791285 0 104
2792841 0 104
2794357 0 104
2795770 0 104
2797326 0 104
2798821 0 105
2800378 0 105
2801852 0 105
2803266 0 105
2804720 0 105
2806174 0 106
2807648 0 104
2809205 0 105
2810679 0 106
2812092 0 104
2813526 0 105
2815021 0 106
2816454 0 104
2817908 0 105
2819424 0 105
2820858 0 105
2822291 0 105
2823848 0 105
2825322 0 105
2826776 0 106
2828271 0 104
2829664 0 105
2831159 0 105
2832654 0 106
2834067 0 104
2835541 0 105
2837077 0 105
2838613 0 106
2840170 0 104
2841665 0 105
2843098 0 105
2844634 0 105
2846150 0 105
2847604 0 106
2849058 0 104
2850594 0 105
2852130 0 106
2853584 0 104
2854977 0 105
2856513 0 105
2858008 0 105
2859441 0 105
2860936 0 106
2862370 0 104
2863824 0 105
2865237 0 105
2866752 0 105
2868166 0 105
2869681 0 105
2871115 0 105
2872610 0 106
2874043 0 104
2875559 0 105
2876992 0 106
2878528 0 104
2879921 0 105
2881395 0 106
2882870 0 104
2884426 0 105
2885839 0 106
2887314 0 104
2888809 0 105
2890324 0 105
2891758 0 106
2893274 0 104
2894748 0 105
2896141 0 106
2897574 0 104
2899008 0 105
2900503 0 105
2901916 0 105
2903411 0 105
2904926 0 105
2906381 0 105
2907794 0 105
2909186 0 106
2910640 0 104
2912156 0 105
2913610 0 106
2915023 0 104
2916538 0 105
2918054 0 105
2919549 0 105
2921003 0 106
2922416 0 104
2923932 0 105
2925488 0 105
2926963 0 105
2928519 0 105
2929973 0 106
2931468 0 104
2932922 0 105
2934417 0 105
2935933 0 106
2937489 0 104
2939025 0 105
2940561 0 105
2942056 0 106
2943572 0 104
2945067 0 105
2946521 0 105
2948036 0 105
2949552 0 105
2951108 0 105
2952603 0 106
2954037 0 104
2955511 0 105
2956904 0 105
2958399 0 105
2959914 0 106
2961450 0 104
2962945 0 105
2964481 0 105
2965935 0 105
2967471 0 105
2969028 0 105
2970523 0 105
2972079 0 106
2973533 0 104
2975069 0 105
2976585 0 105
2977998 0 105
2979472 0 106
2980967 0 104
2982524 0 105
2983957 0 105
2985514 0 105
2987070 0 105
2988483 0 105
2989876 0 105
2991371 0 106
2992927 0 104
2994382 0 105
2995815 0 105
2997249 0 105
2998764 0 105
3000177 0 105
3001693 0 106
3003229 0 104
3004621 0 105
3006014 0 105
3007407 0 105
3008861 0 105
3010417 0 105
3011810 0 106
3013305 0 104
3014738 0 105
3016213 0 106
3017749 0 104
3019141 0 105
3020534 0 105
3022050 0 105
3023565 0 106
3024999 0 104
3026473 0 105
3027886 0 105
3029320 0 105
3030733 0 105
3032187 0 106
3033682 0 104
3035095 0 105
3036652 0 105
3038187 0 106
3039703 0 104
3041137 0 105
3042591 0 105
3044086 0 105
3045622 0 105
3047096 0 106
3048571 0 104
3049984 0 105
3051499 0 105
3052994 0 105
3054489 0 105
3055902 0 106
3057357 0 104
3058851 0 105
3060326 0 106
3061760 0 104
3063296 0 105
3064709 0 105
3066204 0 105
3067678 0 105
3069173 0 105
3070586 0 105
3072020 0 106
3073556 0 104
3075010 0 105
3076444 0 105
3077857 0 106
3079311 0 104
3080785 0 105
3082260 0 105
3083693 0 105
3085086 0 105
3086581 0 105
3087973 0 105
3089448 0 106
3090984 0 104
3092418 0 105
3093851 0 106
3095408 0 104
3096882 0 105
3098377 0 105
3099913 0 105
3101449 0 105
3102842 0 105
3104337 0 106
3105811 0 104
3107245 0 105
3108719 0 106
3110276 0 104
3111709 0 105
3113204 0 105
3114597 0 105
3116133 0 105
3117648 0 106
3119184 0 104
3120639 0 105
3122072 0 105
3123567 0 105
3125021 0 105
3126475 0 105
3127991 0 106
3129527 0 104
3130940 0 105
3132414 0 105
3133930 0 105
3135466 0 105
3137002 0 105
3138435 0 106
3139992 0 104
3141466 0 105
3142879 0 105
3144354 0 105
3145788 0 105
3147221 0 105
3148716 0 105
3150150 0 105
3151563 0 106
3153078 0 104
3154471 0 105
3155904 0 106
3157399 0 104
3158854 0 105
3160369 0 106
3161925 0 104
3163441 0 105
3164854 0 106
3166308 0 104
3167783 0 105
3169298 0 105
3170691 0 105
3172145 0 106
3173681 0 104
3175196 0 105
3176732 0 105
3178268 0 105
3179661 0 106
3181156 0 104
3182671 0 105
3184207 0 106
3185600 0 104
3187034 0 105
3188467 0 105
3189962 0 105
3191416 0 106
3192829 0 104
3194304 0 105
3195737 0 105
3197171 0 106
3198727 0 104
3200181 0 105
3201615 0 105
3203110 0 105
3204605 0 105
3206100 0 105
3207534 0 105
3208967 0 105
3210421 0 106
3211834 0 104
3213370 0 105
3214783 0 105
3216340 0 105
3217896 0 105
3219330 0 105
3220804 0 105
3222279 0 106
3223733 0 104
3225208 0 105
3226703 0 105
3228177 0 105
3229631 0 105
3231065 0 106
3232478 0 104
3233993 0 105
3235550 0 105
3237065 0 105
3238560 0 105
3240096 0 106
3241591 0 104
3243025 0 105
3244520 0 105
3245933 0 106
3247448 0 104
3248984 0 105
3250439 0 105
3251995 0 105
3253449 0 105
3254903 0 106
3256378 0 104
3257811 0 105
3259368 0 106
3260883 0 104
3262419 0 105
3263894 0 106
3265389 0 104
3266884 0 105
3268297 0 106
3269751 0 104
3271266 0 105
3272823 0 106
3274297 0 104
3275792 0 105
3277287 0 105
3278700 0 105
3280114 0 105
3281670 0 105
3283104 0 105
3284660 0 106
3286073 0 104
3287568 0 105
3289125 0 105
3290681 0 105
3292176 0 105
3293712 0 105
3295146 0 105
3296559 0 106
3298095 0 104
3299651 0 105
3301167 0 105
3302723 0 105
3304279 0 105
3305815 0 105
3307290 0 106
3308744 0 104
3310157 0 105
3311673 0 105
3313086 0 106
3314519 0 104
3315994 0 105
3317407 0 105
3318943 0 105
3320458 0 105
3321933 0 106
3323448 0 104
3324902 0 105
3326418 0 105
3327954 0 105
3329510 0 106
3330964 0 104
3332500 0 105
3334016 0 106
3335490 0 104
3336924 0 105
3338440 0 105
3339996 0 105
3341471 0 105
3342945 0 106
3344440 0 104
3345997 0 105
3347553 0 105
3348946 0 105
3350441 0 105
3351936 0 106
3353390 0 104
3354864 0 105
3356421 0 105
3357834 0 106
3359390 0 104
3360803 0 105
3362257 0 106
3363711 0 104
3365206 0 105
3366681 0 106
3368135 0 104
3369610 0 105
3371002 0 106
3372497 0 104
3374033 0 105
3375446 0 105
3376982 0 105
3378416 0 105
3379931 0 106
3381365 0 104
3382860 0 105
3384314 0 106
3385829 0 104
3387304 0 105
3388799 0 105
3390253 0 105
3391707 0 105
3393141 0 106
3394697 0 104
3396192 0 105
3397646 0 106
3399080 0 104
3400616 0 105
3402152 0 105
3403565 0 105
3405019 0 106
3406575 0 104
3408050 0 105
3409565 0 106
3411122 0 104
3412576 0 105
3414071 0 105
3415525 0 105
3416999 0 105
3418392 0 105
3419887 0 106
3421444 0 104
3422918 0 105
3424413 0 105
3425806 0 105
3427280 0 106
3428734 0 104
3430270 0 105
3431745 0 105
3433240 0 105
3434776 0 105
3436230 0 105
3437622 0 105
3439036 0 106
3440592 0 104
3442026 0 105
3443418 0 105
3444893 0 105
3446367 0 105
3447821 0 105
3449378 0 105
3450770 0 106
3452327 0 104
3453883 0 105
3455378 0 106
3456853 0 104
3458348 0 105
3459822 0 106
3461379 0 104
3462915 0 105
3464389 0 106
3465782 0 104
3467277 0 105
3468833 0 105
3470287 0 106
3471844 0 104
3473380 0 105
3474813 0 106
3476268 0 104
3477681 0 105
3479135 0 106
3480630 0 104
3482125 0 105
3483538 0 106
3484971 0 104
3486466 0 105
3487982 0 106
3489518 0 104
3491013 0 105
3492487 0 105
3493921 0 105
3495334 0 105
3496829 0 105
3498263 0 106
3499778 0 104
3501191 0 105
3502666 0 105
3504120 0 105
3505615 0 106
3507089 0 104
3508605 0 105
3510141 0 106
3511656 0 104
3513192 0 105
3514708 0 106
3516141 0 104
3517677 0 105
3519131 0 105
3520524 0 105
3522040 0 105
3523473 0 105
3524927 0 105
3526422 0 106
3527876 0 104
3529330 0 105
3530743 0 105
3532279 0 105
3533774 0 106
3535187 0 104
3536682 0 105
3538157 0 105
3539632 0 105
3541127 0 105
3542683 0 105
3544219 0 106
3545775 0 104
3547291 0 105
3548725 0 106
3550179 0 104
3551715 0 105
3553271 0 105
3554807 0 105
3556343 0 105
3557879 0 105
3559435 0 106
3560930 0 104
3562425 0 105
3563879 0 105
3565334 0 106
3566767 0 104
3568303 0 105
3569778 0 106
3571252 0 104
3572727 0 105
3574263 0 105
3575737 0 105
3577212 0 105
3578604 0 105
3580079 0 105
3581533 0 106
3582946 0 104
3584421 0 105
3585875 0 106
3587390 0 104
3588844 0 105
3590237 0 105
3591650 0 105
3593186 0 105
3594599 0 105
3596094 0 106
3597528 0 104
3599002 0 105
3600395 0 105
3601849 0 105
3603364 0 105
3604859 0 106
3606272 0 104
3607829 0 105
3609303 0 106
3610716 0 104
3612170 0 105
3613624 0 106
3615079 0 104
3616594 0 105
3618048 0 105
3619461 0 105
3620854 0 105
3622267 0 106
3623741 0 104
3625236 0 105
3626691 0 105
3628124 0 105
3629660 0 105
3631135 0 105
3632671 0 105
3634104 0 106
3635599 0 104
3637135 0 105
3638548 0 105
3639961 0 105
3641477 0 105
3642992 0 106
3644487 0 104
3646003 0 105
3647518 0 106
3648952 0 104
3650426 0 105
3651983 0 106
3653457 0 104
3654850 0 105
3656263 0 106
3657738 0 104
3659212 0 105
3660646 0 105
3662038 0 105
3663451 0 106
3664865 0 104
3666421 0 105
3667834 0 105
3669268 0 105
3670763 0 105
3672217 0 105
3673671 0 106
3675125 0 104
3676579 0 105
3678074 0 106
3679589 0 104
3681043 0 105
3682579 0 105
3684034 0 105
