89221 0 12
90737 0 5
92129 0 4
93522 0 7
94996 0 2
96409 0 9
97884 0 9
99358 0 4
100751 0 12
102205 0 4
103618 0 17
105093 0 21
106567 0 15
108103 0 17
109598 0 14
111032 0 24
112527 0 32
114042 0 12
115455 0 24
116991 0 27
118527 0 3
120022 0 23
121558 0 34
122951 0 3
124446 0 18
125859 0 28
127334 0 3
128767 0 16
130180 0 25
131634 0 3
133047 0 19
134522 0 21
135997 0 23
137553 0 25
139028 0 6
140564 0 14
142038 0 13
143472 0 36
145028 0 12
146564 0 13
147977 0 15
149534 0 24
150926 0 34
152339 0 1
153752 0 22
155227 0 17
156681 0 34
158217 0 5
159753 0 18
161289 0 22
162763 0 20
164299 0 23
165733 0 13
167126 0 36
168600 0 7
170054 0 17
171590 0 15
172983 0 35
174416 0 12
175911 0 22
177427 0 13
178840 0 14
180273 0 17
181707 0 17
183120 0 19
184677 0 31
186131 0 1
187523 0 14
189039 0 24
190452 0 14
191947 0 32
193401 0 9
194896 0 24
196452 0 17
197865 0 24
199340 0 21
200917 0 36
202432 0 3
203825 0 21
205320 0 35
206856 0 1
208290 0 20
209785 0 22
211259 0 15
212754 0 33
214208 0 9
215744 0 21
217198 0 36
218693 0 9
220147 0 15
221663 0 29
223117 0 1
224509 0 22
226045 0 14
227561 0 13
229035 0 14
230428 0 22
231964 0 16
233377 0 35
234811 0 10
236265 0 24
237821 0 18
239316 0 17
240709 0 16
242204 0 26
243637 0 2
245071 0 18
246566 0 14
247959 0 17
249351 0 16
250785 0 32
252218 0 6
253693 0 20
255167 0 35
256581 0 2
257973 0 24
259468 0 13
260984 0 24
262458 0 16
263892 0 31
265469 0 8
267046 0 19
268561 0 20
270118 0 30
271510 0 4
272964 0 16
274377 0 16
275913 0 16
277306 0 26
278699 0 5
280214 0 22
281730 0 34
283163 0 10
284638 0 21
286071 0 20
287505 0 20
288979 0 22
290495 0 35
292051 0 4
293464 0 20
295021 0 17
296475 0 34
297929 0 11
299403 0 19
300960 0 18
302455 0 22
303929 0 28
305404 0 11
306899 0 14
308374 0 18
309828 0 13
311241 0 27
312674 0 11
314128 0 20
315582 0 23
317036 0 16
318449 0 36
319924 0 10
321460 0 15
322996 0 25
324471 0 1
326006 0 21
327542 0 17
328935 0 13
330369 0 16
331741 0 17
333154 0 22
334731 0 36
336185 0 7
337680 0 13
339175 0 19
340731 0 20
342206 0 19
343742 0 14
345216 0 25
346711 0 8
348247 0 13
349783 0 32
351319 0 3
352835 0 15
354330 0 20
355784 0 22
357340 0 21
358815 0 23
360289 0 19
361805 0 30
363238 0 12
364652 0 21
366106 0 19
367601 0 21
369034 0 27
370550 0 9
372024 0 19
373519 0 29
374912 0 2
376325 0 15
377861 0 24
379397 0 30
380810 0 10
382305 0 23
383739 0 35
385193 0 5
386708 0 18
388244 0 29
389616 0 1
391009 0 23
392483 0 19
394060 0 22
395555 0 23
397050 0 24
398586 0 13
400040 0 29
401576 0 11
403071 0 22
404587 0 16
406123 0 30
407495 0 6
409031 0 20
410587 0 18
412123 0 18
413639 0 21
415216 0 24
416752 0 19
418206 0 26
419639 0 11
421114 0 24
422527 0 16
424042 0 21
425517 0 27
426910 0 1
428343 0 22
429777 0 14
431313 0 30
432705 0 8
434262 0 17
435757 0 33
437231 0 12
438726 0 14
440242 0 23
441655 0 19
443068 0 14
444522 0 29
445956 0 8
447471 0 18
448884 0 33
450441 0 2
451936 0 21
453369 0 20
454946 0 36
456441 0 7
457854 0 15
459288 0 24
460742 0 13
462196 0 17
463589 0 32
465084 0 11
466517 0 17
467930 0 19
469364 0 32
470879 0 12
472272 0 21
473787 0 18
475221 0 18
476675 0 24
478191 0 27
479706 0 2
481181 0 14
482594 0 25
484048 0 5
485584 0 15
487099 0 24
488512 0 17
489946 0 15
491400 0 17
492874 0 24
494308 0 33
495864 0 2
497339 0 20
498875 0 13
500390 0 18
501906 0 14
503340 0 13
504814 0 24
506309 0 28
507866 0 5
509361 0 19
510794 0 25
512371 0 4
513866 0 14
515320 0 20
516815 0 22
518249 0 16
519641 0 13
521177 0 20
522631 0 32
524126 0 5
525601 0 15
526994 0 15
528509 0 35
529984 0 12
531417 0 22
532851 0 29
534243 0 10
535718 0 13
537192 0 18
538728 0 19
540203 0 19
541677 0 16
543152 0 21
544565 0 30
546040 0 8
547596 0 13
549071 0 21
550627 0 24
552081 0 34
553494 0 7
555051 0 15
556505 0 18
557959 0 23
559372 0 19
560805 0 21
562362 0 36
563816 0 1
565290 0 16
566663 0 21
568219 0 17
569734 0 36
571250 0 10
572806 0 19
574301 0 30
575653 0 4
577128 0 24
578582 0 32
579974 0 12
581367 0 15
582882 0 32
584398 0 9
585954 0 24
587470 0 30
588883 0 7
590378 0 15
591893 0 17
593347 0 18
594904 0 16
596399 0 19
597976 0 20
599532 0 27
600986 0 1
602461 0 17
603997 0 34
605451 0 5
606987 0 17
608441 0 36
609956 0 4
611370 0 17
612926 0 13
614462 0 21
615896 0 13
617350 0 14
618845 0 19
620340 0 28
621814 0 6
623289 0 13
624784 0 17
626320 0 21
627897 0 24
629289 0 18
630723 0 13
632218 0 35
633610 0 9
635105 0 23
636662 0 23
638157 0 16
639611 0 19
641167 0 20
642601 0 16
644137 0 23
645652 0 32
647188 0 5
648704 0 16
650117 0 18
651633 0 21
653107 0 29
654602 0 7
656118 0 13
657613 0 15
659046 0 34
660439 0 4
661934 0 20
663511 0 16
665026 0 17
666480 0 24
667996 0 23
669409 0 36
670965 0 8
672501 0 21
673935 0 14
675348 0 17
676781 0 22
678317 0 20
679853 0 21
681410 0 24
682946 0 36
684461 0 11
685915 0 14
687390 0 30
688742 0 2
690216 0 20
691793 0 22
693288 0 21
694804 0 33
696340 0 1
697732 0 22
699227 0 15
700620 0 26
702156 0 1
703610 0 19
705043 0 32
706579 0 3
707972 0 14
709365 0 35
710819 0 6
712314 0 17
713727 0 20
715263 0 14
716799 0 24
718232 0 18
719789 0 30
721284 0 1
722676 0 22
724130 0 32
725543 0 2
726998 0 15
728411 0 24
729926 0 15
731442 0 30
732814 0 8
734370 0 15
735763 0 26
737217 0 6
738712 0 22
740125 0 17
741641 0 14
743115 0 19
744528 0 16
745941 0 34
747334 0 7
748849 0 21
750385 0 20
751819 0 13
753293 0 29
754768 0 2
756181 0 13
757696 0 34
759110 0 1
760625 0 22
762100 0 34
763533 0 3
765090 0 22
766585 0 26
767977 0 11
769513 0 16
770947 0 22
772462 0 22
773978 0 17
775370 0 17
776804 0 20
778381 0 30
779814 0 9
781309 0 18
782743 0 18
784320 0 20
785917 0 21
787453 0 20
788928 0 31
790402 0 10
791877 0 15
793331 0 30
794744 0 10
796239 0 16
797632 0 35
799024 0 12
800560 0 23
802014 0 19
803489 0 14
804943 0 14
806336 0 20
807892 0 16
809326 0 35
810821 0 11
812254 0 19
813770 0 32
815162 0 9
816637 0 13
818132 0 25
819586 0 6
820999 0 23
822412 0 19
823948 0 23
825443 0 17
826918 0 13
828372 0 15
829908 0 18
831403 0 35
832836 0 5
834229 0 18
835785 0 26
837301 0 2
838693 0 16
840127 0 19
841561 0 18
842994 0 21
844530 0 19
846087 0 33
847582 0 10
849036 0 17
850572 0 19
852005 0 14
853439 0 21
854913 0 26
856429 0 7
857944 0 24
859419 0 13
860914 0 14
862347 0 16
863740 0 23
865153 0 31
866710 0 3
868123 0 16
869515 0 15
870969 0 15
872485 0 34
874021 0 7
875557 0 18
877093 0 16
878485 0 33
879898 0 11
881455 0 16
882929 0 17
884424 0 23
885878 0 14
887353 0 15
888848 0 21
890384 0 29
891899 0 11
893313 0 18
894767 0 29
896180 0 4
897675 0 21
899108 0 22
900542 0 24
901996 0 21
903429 0 13
904904 0 35
906297 0 4
907751 0 15
909205 0 14
910659 0 15
912072 0 20
913567 0 34
914980 0 8
916434 0 22
917868 0 23
919363 0 32
920776 0 6
922271 0 19
923745 0 16
925179 0 13
926633 0 33
928046 0 4
929418 0 20
930913 0 32
932326 0 1
933739 0 13
935255 0 26
936709 0 3
938163 0 13
939678 0 14
941153 0 24
942689 0 26
944102 0 10
945577 0 23
947031 0 31
948587 0 7
950103 0 24
951536 0 18
953031 0 22
954588 0 25
956083 0 5
957557 0 23
959032 0 24
960588 0 17
962063 0 16
963578 0 21
965073 0 28
966609 0 5
968125 0 18
969661 0 33
971197 0 10
972712 0 20
974146 0 16
975661 0 16
977197 0 19
978733 0 34
980126 0 5
981600 0 23
983136 0 14
984652 0 16
986147 0 22
987560 0 18
1008424 0 101
1009878 0 101
1011291 0 101
1012704 0 101
1014220 0 101
1015674 0 101
1017210 0 101
1018602 0 101
1019995 0 101
1021428 0 101
1022964 0 102
1024480 0 102
1025954 0 102
1027429 0 102
1028903 0 102
1030439 0 102
1031893 0 103
1033409 0 101
1034863 0 102
1036276 0 103
1037771 0 101
1039266 0 102
1040659 0 103
1042072 0 101
1043567 0 102
1045062 0 102
1046618 0 103
1048093 0 101
1049506 0 102
1050899 0 102
1052373 0 102
1053766 0 102
1055261 0 102
1056715 0 103
1058169 0 101
1059582 0 102
1060975 0 102
1062510 0 102
1064005 0 103
1065419 0 101
1066975 0 102
1068511 0 102
1070006 0 102
1071419 0 102
1072935 0 103
1074512 0 101
1076007 0 102
1077481 0 102
1079038 0 102
1080533 0 102
1081966 0 103
1083523 0 101
1084977 0 102
1086369 0 102
1087803 0 102
1089195 0 102
1090629 0 103
1092063 0 101
1093517 0 102
1095032 0 102
1096425 0 102
1097961 0 102
1099415 0 103
1100889 0 101
1102425 0 102
1103879 0 102
1105292 0 102
1106705 0 102
1108180 0 102
1109634 0 102
1111191 0 102
1112665 0 103
1114160 0 101
1115717 0 102
1117130 0 102
1118666 0 102
1120099 0 102
1121533 0 102
1123007 0 102
1124420 0 103
1125936 0 101
1127431 0 102
1128905 0 102
1130380 0 102
1131814 0 102
1133329 0 102
1134804 0 102
1136319 0 103
1137855 0 101
1139268 0 102
1140763 0 103
1142238 0 101
1143651 0 102
1145146 0 103
1146682 0 101
1148197 0 102
1149610 0 102
1151003 0 103
1152416 0 101
1153932 0 102
1155467 0 103
1157024 0 101
1158519 0 102
1160034 0 102
1161488 0 103
1163024 0 101
1164519 0 102
1165994 0 102
1167407 0 102
1168902 0 102
1170377 0 103
1171933 0 101
1173469 0 102
1174882 0 102
1176398 0 103
1177893 0 101
1179367 0 102
1180801 0 102
1182275 0 102
1183791 0 103
1185224 0 101
1186658 0 102
1188214 0 102
1189730 0 102
1191286 0 102
1192802 0 102
1194215 0 102
1195751 0 103
1197184 0 101
1198679 0 102
1200175 0 103
1201649 0 101
1203083 0 102
1204639 0 102
1206073 0 102
1207486 0 103
1208940 0 101
1210476 0 102
1211950 0 102
1213425 0 103
1214961 0 101
1216497 0 102
1217910 0 102
1219384 0 102
1220900 0 102
1222436 0 103
1223951 0 101
1225364 0 102
1226819 0 102
1228232 0 102
1229665 0 102
1231078 0 103
1232553 0 101
1233945 0 102
1235461 0 102
1236915 0 102
1238390 0 102
1239782 0 102
1241257 0 102
1242670 0 103
1244103 0 101
1245619 0 102
1247093 0 102
1248547 0 102
1250083 0 102
1251619 0 102
1253155 0 103
1254609 0 101
1256063 0 102
1257477 0 102
1258890 0 102
1260282 0 102
1261736 0 103
1263231 0 101
1264665 0 102
1266160 0 103
1267573 0 101
1269088 0 102
1270624 0 102
1272058 0 102
1273471 0 103
1275048 0 101
1276502 0 102
1277915 0 102
1279349 0 102
1280803 0 102
1282236 0 102
1283670 0 102
1285063 0 102
1286455 0 103
1288012 0 101
1289548 0 102
1290981 0 103
1292435 0 101
1293889 0 102
1295323 0 102
1296818 0 103
1298292 0 101
1299726 0 102
1301262 0 102
1302655 0 102
1304088 0 103
1305665 0 101
1307119 0 102
1308614 0 103
1310089 0 101
1311584 0 102
1313017 0 103
1314471 0 101
1315905 0 102
1317400 0 102
1318936 0 103
1320492 0 101
1321905 0 102
1323359 0 103
1324854 0 101
1326329 0 102
1327804 0 102
1329299 0 102
1330691 0 102
1332186 0 103
1333640 0 101
1335115 0 102
1336548 0 102
1337941 0 103
1339497 0 101
1340951 0 102
1342467 0 102
1343941 0 102
1345355 0 102
1346829 0 103
1348386 0 101
1349901 0 102
1351314 0 103
1352727 0 101
1354222 0 102
1355676 0 103
1357171 0 101
1358564 0 102
1360079 0 103
1361534 0 101
1363028 0 102
1364442 0 103
1365978 0 101
1367493 0 102
1369050 0 102
1370585 0 102
1371978 0 102
1373473 0 103
1374948 0 101
1376484 0 102
1377979 0 103
1379556 0 101
1381071 0 102
1382464 0 103
1383918 0 101
1385413 0 102
1386887 0 102
1388300 0 102
1389816 0 102
1391352 0 102
1392847 0 102
1394383 0 103
1395837 0 101
1397352 0 102
1398786 0 103
1400260 0 101
1401653 0 102
1403107 0 102
1404500 0 103
1405995 0 101
1407449 0 102
1408862 0 102
1410398 0 102
1411811 0 102
1413204 0 103
1414658 0 101
1416050 0 102
1417484 0 102
1418938 0 102
1420412 0 103
1421887 0 101
1423402 0 102
1424856 0 103
1426372 0 101
1427908 0 102
1429423 0 102
1430898 0 102
1432332 0 103
1433847 0 101
1435383 0 102
1436817 0 103
1438332 0 101
1439807 0 102
1441199 0 102
1442694 0 102
1444251 0 102
1445725 0 102
1447241 0 103
1448674 0 101
1450067 0 102
1451541 0 102
1452934 0 103
1454450 0 101
1455924 0 102
1457378 0 103
1458853 0 101
1460409 0 102
1461843 0 102
1463379 0 102
1464915 0 102
1466348 0 102
1467761 0 102
1469256 0 103
1470751 0 101
1472287 0 102
1473700 0 102
1475257 0 102
1476670 0 102
1478124 0 103
1479578 0 101
1481032 0 102
1482466 0 102
1483920 0 102
1485333 0 102
1486807 0 103
1488323 0 101
1489859 0 102
1491272 0 103
1492726 0 101
1494221 0 102
1495736 0 102
1497231 0 102
1498665 0 103
1500099 0 101
1501512 0 102
1503048 0 102
1504502 0 102
1506017 0 102
1507430 0 103
1508966 0 101
1510482 0 102
1511997 0 102
1513513 0 103
1514987 0 101
1516503 0 102
1517936 0 102
1519329 0 102
1520722 0 103
1522258 0 101
1523712 0 102
1525145 0 103
1526681 0 101
1528176 0 102
1529692 0 102
1531228 0 102
1532682 0 102
1534074 0 102
1535467 0 102
1536901 0 102
1538396 0 103
1539850 0 101
1541242 0 102
1542778 0 102
1544253 0 102
1545645 0 102
1547038 0 102
1548574 0 103
1550089 0 101
1551605 0 102
1553059 0 102
1554574 0 102
1556110 0 102
1557544 0 102
1558957 0 102
1560493 0 103
1561988 0 101
1563463 0 102
1564917 0 102
1566330 0 102
1567743 0 103
1569197 0 101
1570651 0 102
1572064 0 103
1573580 0 101
1574972 0 102
1576447 0 102
1577901 0 103
1579334 0 101
1580727 0 102
1582120 0 102
1583635 0 102
1585110 0 102
1586605 0 102
1588038 0 102
1589513 0 103
1591008 0 101
1592503 0 102
1593916 0 102
1595390 0 102
1596803 0 102
1598298 0 102
1599691 0 103
1601186 0 101
1602722 0 102
1604176 0 102
1605692 0 103
1607187 0 101
1608641 0 102
1610177 0 103
1611610 0 101
1613105 0 102
1614580 0 103
1616013 0 101
1617508 0 102
1618901 0 103
1620437 0 101
1621850 0 102
1623365 0 102
1624820 0 102
1626233 0 103
1627769 0 101
1629182 0 102
1630595 0 102
1632090 0 102
1633523 0 102
1634916 0 103
1636329 0 101
1637783 0 102
1639237 0 102
1640630 0 103
1642084 0 101
1643538 0 102
1644992 0 102
1646466 0 103
1647962 0 101
1649354 0 102
1650747 0 102
1652139 0 102
1653675 0 102
1655150 0 102
1656624 0 103
1658160 0 101
1659635 0 102
1661089 0 102
1662645 0 102
1664140 0 102
1665676 0 103
1667171 0 101
1668666 0 102
1670059 0 103
1671472 0 101
1672885 0 102
1674319 0 102
1675752 0 103
1677329 0 101
1678804 0 102
1680278 0 103
1681814 0 101
1683248 0 102
1684640 0 103
1686054 0 101
1687590 0 102
1689023 0 102
1690518 0 102
1691952 0 103
1693406 0 101
1694942 0 102
1696416 0 102
1697829 0 103
1699283 0 101
1700819 0 102
1702335 0 102
1703850 0 102
1705386 0 102
1706799 0 102
1708315 0 102
1709830 0 102
1711325 0 103
1712739 0 101
1714131 0 102
1715585 0 103
1717039 0 101
1718493 0 102
1720009 0 103
1721422 0 101
1722835 0 102
1724228 0 102
1725661 0 102
1727095 0 103
1728508 0 101
1729941 0 102
1731395 0 102
1732870 0 102
1734345 0 102
1735819 0 103
1737253 0 101
1738686 0 102
1740222 0 102
1741758 0 102
1743171 0 103
1744646 0 101
1746182 0 102
1747595 0 102
1749131 0 102
1750564 0 102
1751998 0 102
1753513 0 102
1754947 0 103
1756504 0 101
1757896 0 102
1759371 0 103
1760825 0 101
1762258 0 102
1763794 0 103
1765289 0 101
1766764 0 102
1768218 0 102
1769754 0 102
1771167 0 102
1772580 0 102
1774034 0 102
1775468 0 103
1776881 0 101
1778376 0 102
1779850 0 102
1781325 0 102
1782738 0 103
1784294 0 101
1785707 0 102
1787141 0 102
1788616 0 102
1790090 0 103
1791667 0 101
1793183 0 102
1794739 0 103
1796173 0 101
1797606 0 102
1798999 0 103
1800453 0 101
1801968 0 102
1803422 0 102
1804876 0 103
1806371 0 101
1807866 0 102
1809341 0 102
1810856 0 102
1812290 0 103
1813867 0 101
1815321 0 102
1816796 0 102
1818270 0 102
1819765 0 102
1821219 0 102
1822612 0 102
1824086 0 103
1825499 0 101
1827015 0 102
1828428 0 102
1829841 0 102
1831316 0 103
1832872 0 101
1834408 0 102
1835944 0 102
1837357 0 103
1838893 0 101
1840306 0 102
1841781 0 102
1843194 0 102
1844730 0 102
1846184 0 102
1847638 0 103
1849071 0 101
1850484 0 102
1852020 0 102
1853577 0 102
1855072 0 102
1856526 0 102
1857919 0 102
1859373 0 103
1860868 0 101
1862281 0 102
1863776 0 102
1865271 0 102
1866684 0 103
1868240 0 101
1869694 0 102
1871087 0 102
1872480 0 102
1873872 0 102
1875347 0 103
1876780 0 101
1878316 0 102
1879811 0 102
1881224 0 102
1882740 0 102
1884194 0 103
1885689 0 101
1887102 0 102
1888556 0 103
1890072 0 101
1891587 0 102
1893082 0 102
1894557 0 103
1896052 0 101
1897485 0 102
1899021 0 102
1900496 0 102
1901888 0 102
1903281 0 102
1916269 0 48
1917723 0 39
1919115 0 39
1920508 0 47
1921982 0 43
1923436 0 47
1924849 0 45
1926303 0 37
1927717 0 44
1929150 0 38
1930707 0 50
1932243 0 55
1933799 0 57
1935315 0 54
1936810 0 55
1938243 0 49
1939738 0 56
1941151 0 64
1942626 0 37
1944018 0 58
1945595 0 56
1947111 0 55
1948585 0 54
1950019 0 58
1951432 0 51
1952927 0 56
1954402 0 68
1955876 0 46
1957351 0 57
1958764 0 60
1960259 0 60
1961692 0 50
1963208 0 67
1964621 0 46
1966075 0 54
1967590 0 72
1969065 0 43
1970580 0 59
1972034 0 68
1973550 0 42
1974984 0 52
1976458 0 60
1977912 0 54
1979387 0 55
1980923 0 72
1982418 0 38
1983913 0 50
1985387 0 55
1986821 0 54
1988295 0 50
1989729 0 59
1991224 0 51
1992719 0 50
1994214 0 69
1995647 0 48
1997183 0 52
1998617 0 51
2000051 0 56
2001505 0 72
2003020 0 48
2004536 0 50
2006072 0 49
2007567 0 53
2009123 0 55
2010536 0 60
2012052 0 60
2013608 0 71
2015042 0 38
2016496 0 55
2018052 0 55
2019629 0 69
2021165 0 41
2022619 0 60
2024012 0 53
2025507 0 60
2026899 0 58
2028374 0 58
2029910 0 68
2031384 0 45
2032941 0 54
2034436 0 70
2035808 0 46
2037262 0 53
2038716 0 53
2040170 0 63
2041624 0 39
2043078 0 51
2044594 0 54
2046068 0 60
2047481 0 64
2048915 0 46
2050369 0 55
2051823 0 59
2053380 0 50
2054854 0 58
2056370 0 69
2057844 0 43
2059401 0 53
2060916 0 63
2062350 0 40
2063783 0 51
2065237 0 56
2066712 0 55
2068186 0 57
2069722 0 49
2071279 0 72
2072794 0 39
2074310 0 55
2075866 0 63
2077300 0 47
2078815 0 50
2080310 0 55
2081764 0 59
2083218 0 59
2084754 0 62
2086147 0 47
2087662 0 49
2089076 0 63
2090530 0 40
2092107 0 58
2093622 0 62
2095056 0 48
2096592 0 50
2098066 0 71
2099541 0 48
2100954 0 52
2102449 0 59
2103882 0 58
2105398 0 54
2106934 0 60
2108408 0 68
2109883 0 38
2111296 0 57
2112791 0 72
2114225 0 44
2115720 0 59
2117276 0 49
2118832 0 49
2120327 0 68
2121761 0 38
2123317 0 59
2124833 0 56
2126328 0 65
2127782 0 43
2129195 0 59
2130731 0 70
2132103 0 37
2133619 0 54
2135175 0 53
2136691 0 51
2138104 0 57
2139599 0 53
2141155 0 51
2142589 0 70
2143961 0 43
2145435 0 52
2146910 0 60
2148405 0 65
2149920 0 46
2151375 0 54
2152788 0 63
2154324 0 46
2155839 0 59
2157314 0 50
2158809 0 53
2160263 0 59
2161778 0 63
2163314 0 40
2164830 0 54
2166386 0 63
2167922 0 37
2169458 0 49
2170912 0 54
2172305 0 56
2173738 0 51
2175295 0 68
2176708 0 46
2178203 0 54
2179698 0 52
2181234 0 52
2182749 0 65
2184183 0 43
2185596 0 55
2187071 0 70
2188525 0 47
2190081 0 52
2191637 0 67
2193173 0 42
2194587 0 54
2196020 0 54
2197454 0 59
2198969 0 63
2200505 0 44
2202021 0 55
2203516 0 60
2205011 0 57
2206567 0 59
2208062 0 70
2209455 0 44
2211011 0 52
2212445 0 68
2214001 0 39
2215435 0 55
2216971 0 61
2218507 0 45
2219920 0 52
2221435 0 62
2222848 0 42
2224364 0 55
2225920 0 51
2227333 0 57
2228849 0 62
2230364 0 37
2231778 0 60
2233191 0 49
2234624 0 52
2236119 0 59
2237655 0 53
2239171 0 66
2240645 0 39
2242161 0 57
2243656 0 70
2245069 0 39
2246584 0 59
2248079 0 57
2249656 0 52
2251090 0 49
2252544 0 69
2254080 0 41
2255616 0 60
2257049 0 55
2258524 0 59
2259978 0 56
2261514 0 69
2263070 0 39
2264524 0 57
2266060 0 54
2267617 0 50
2269010 0 56
2270443 0 49
2271938 0 66
2273474 0 48
2274969 0 52
2276505 0 54
2277980 0 49
2279516 0 56
2280970 0 60
2282465 0 66
2283898 0 38
2285352 0 53
2286786 0 49
2288219 0 68
2289714 0 45
2291291 0 54
2292725 0 61
2294281 0 45
2295797 0 58
2297353 0 49
2298787 0 64
2300220 0 44
2301695 0 51
2303129 0 55
2304542 0 51
2305934 0 53
2307429 0 55
2308863 0 53
2310317 0 65
2311832 0 41
2313389 0 60
2314802 0 57
2316358 0 59
2317874 0 59
2319410 0 49
2320864 0 65
2322379 0 43
2323915 0 55
2325390 0 49
2326803 0 50
2328339 0 55
2329793 0 70
2331288 0 45
2332763 0 54
2334196 0 60
2335712 0 50
2337248 0 59
2338763 0 72
2340299 0 43
2341712 0 53
2343248 0 66
2344702 0 37
2346136 0 52
2347569 0 71
2349003 0 44
2350559 0 54
2352013 0 56
2353447 0 63
2354922 0 47
2356437 0 49
2357912 0 69
2359366 0 41
2360861 0 57
2362397 0 63
2363830 0 43
2365366 0 58
2366800 0 67
2368315 0 45
2369851 0 57
2371305 0 61
2372862 0 48
2374377 0 50
2375790 0 53
2377244 0 67
2378780 0 45
2380275 0 53
2381729 0 49
2383163 0 56
2384596 0 58
2386132 0 53
2387607 0 69
2389184 0 37
2390618 0 53
2392092 0 72
2393546 0 40
2395062 0 55
2396557 0 59
2398052 0 55
2399567 0 49
2400960 0 54
2402393 0 59
2403950 0 67
2405506 0 42
2407042 0 50
2408435 0 60
2409950 0 52
2411507 0 60
2412920 0 53
2414394 0 72
2415848 0 45
2417323 0 51
2418838 0 49
2420374 0 54
2421787 0 59
2423201 0 57
2424634 0 57
2426150 0 67
2427665 0 44
2429201 0 51
2430676 0 65
2432232 0 45
2433666 0 56
2435099 0 49
2436656 0 68
2438151 0 41
2439666 0 56
2441202 0 49
2442677 0 50
2444233 0 53
2445646 0 51
2447100 0 69
2448595 0 42
2450090 0 53
2451585 0 54
2453080 0 54
2454514 0 63
2455968 0 48
2457422 0 55
2458958 0 52
2460514 0 70
2461989 0 44
2463443 0 60
2464877 0 71
2466392 0 46
2467887 0 55
2469444 0 67
2470918 0 48
2472475 0 51
2473888 0 55
2475321 0 60
2476775 0 51
2478270 0 49
2479704 0 63
2481240 0 37
2482673 0 53
2484168 0 57
2485623 0 55
2487138 0 70
2488510 0 46
2490087 0 51
2491603 0 52
2493016 0 58
2494552 0 66
2495965 0 37
2497378 0 54
2498811 0 62
2500225 0 48
2501658 0 52
2503071 0 65
2504607 0 39
2506061 0 49
2507536 0 69
2509010 0 43
2510526 0 57
2512062 0 57
2513598 0 53
2515052 0 70
2516526 0 47
2518083 0 51
2519537 0 49
2521011 0 62
2522486 0 47
2524022 0 60
2525435 0 57
2526930 0 56
2528384 0 55
2529838 0 62
2531313 0 45
2532848 0 60
2534384 0 62
2535798 0 41
2537211 0 54
2538685 0 51
2540119 0 57
2541573 0 69
2543109 0 47
2544583 0 55
2546058 0 53
2547573 0 51
2549007 0 52
2550584 0 71
2552038 0 37
2553553 0 54
2555048 0 53
2556523 0 56
2557936 0 52
2559492 0 60
2561008 0 53
2562544 0 70
2563998 0 43
2565534 0 56
2566947 0 53
2568422 0 52
2569978 0 56
2571391 0 49
2572886 0 67
2574402 0 45
2575856 0 57
2577433 0 49
2578907 0 50
2580361 0 63
2581938 0 45
2583351 0 49
2584785 0 63
2586321 0 41
2587734 0 60
2589229 0 60
2590724 0 61
2592157 0 42
2593653 0 51
2595086 0 67
2596561 0 39
2597974 0 54
2599530 0 56
2600943 0 72
2602418 0 40
2603913 0 60
2605387 0 70
2606759 0 45
2608214 0 57
2609647 0 59
2611142 0 55
2612617 0 51
2614112 0 51
2615668 0 52
2617122 0 50
2618638 0 65
2620153 0 44
2621689 0 51
2623225 0 66
2624679 0 38
2626154 0 50
2627669 0 69
2629185 0 37
2630598 0 50
2632134 0 50
2633649 0 65
2635124 0 39
2636598 0 59
2638032 0 51
2639506 0 62
2641063 0 45
2642496 0 54
2643909 0 52
2645425 0 60
2646879 0 62
2648313 0 37
2649787 0 49
2651200 0 65
2652675 0 39
2654088 0 49
2655624 0 51
2657057 0 55
2658573 0 58
2660027 0 51
2661440 0 66
2662956 0 45
2664410 0 57
2665905 0 54
2667318 0 52
2668772 0 55
2670287 0 54
2671741 0 49
2673195 0 71
2674690 0 44
2676226 0 59
2677742 0 55
2679237 0 56
2680650 0 49
2682104 0 55
2683640 0 51
2685196 0 64
2686671 0 39
2688207 0 53
2689743 0 52
2691217 0 55
2692774 0 59
2694248 0 57
2695682 0 57
2697116 0 54
2698652 0 71
2700187 0 46
2701744 0 59
2703178 0 58
2704713 0 52
2706249 0 52
2707704 0 59
2709158 0 70
2710632 0 44
2712148 0 51
2713663 0 59
2715117 0 55
2716612 0 55
2718107 0 57
2719582 0 71
2721118 0 42
2722613 0 59
2724046 0 71
2725582 0 44
2727036 0 56
2728511 0 65
2729944 0 37
2731460 0 50
2732996 0 66
2734409 0 41
2735843 0 53
2737338 0 53
2738812 0 65
2740348 0 37
2741884 0 52
2743420 0 59
2744895 0 60
2746390 0 60
2747925 0 62
2749359 0 38
2750813 0 55
2752329 0 71
2753844 0 37
2755278 0 55
2756793 0 54
2758288 0 66
2759722 0 44
2761155 0 57
2762650 0 53
2764207 0 52
2765661 0 65
2767217 0 47
2768712 0 60
2770269 0 57
2771784 0 51
2773218 0 59
2774774 0 51
2776290 0 72
2777805 0 45
2779239 0 52
2780795 0 51
2782352 0 53
2783888 0 50
2785342 0 58
2786837 0 66
2788393 0 45
2789847 0 60
2791383 0 56
2792858 0 60
2794291 0 50
2795766 0 51
2797199 0 57
2798694 0 64
2800190 0 46
2801746 0 56
2803302 0 53
2804736 0 56
2806170 0 54
2807603 0 59
2809057 0 59
2810470 0 63
2811883 0 46
2813460 0 50
2814935 0 51
2816450 0 54
2817986 0 51
2819399 0 58
2833664 0 104
2835077 0 104
2836490 0 104
2838026 0 104
2839521 0 104
2841016 0 104
2842429 0 104
2843924 0 104
2845440 0 104
2846976 0 104
2848409 0 105
2849863 0 105
2851399 0 106
2852874 0 104
2854389 0 105
2855782 0 105
2857215 0 105
2858731 0 106
2860144 0 104
2861659 0 105
2863154 0 105
2864568 0 106
2866042 0 104
2867476 0 105
2869012 0 105
2870548 0 105
2871961 0 105
2873497 0 106
2875033 0 104
2876487 0 105
2877961 0 105
2879354 0 105
2880787 0 106
2882303 0 104
2883736 0 105
2885170 0 105
2886706 0 105
2888242 0 105
2889778 0 105
2891293 0 106
2892727 0 104
2894263 0 105
2895697 0 105
2897151 0 105
2898707 0 105
2900141 0 105
2901636 0 105
2903131 0 106
2904605 0 104
2906059 0 105
2907554 0 105
2909029 0 106
2910565 0 104
2911978 0 105
2913493 0 106
2914968 0 104
2916422 0 105
2917815 0 105
2919289 0 105
2920702 0 105
2922136 0 106
2923692 0 104
2925208 0 105
2926682 0 106
2928136 0 104
2929590 0 105
2931085 0 105
2932621 0 105
2934055 0 106
2935550 0 104
2936983 0 105
2938499 0 105
2939973 0 106
2941428 0 104
2942882 0 105
2944315 0 106
2945728 0 104
2947223 0 105
2948759 0 105
2950275 0 105
2951811 0 105
2953285 0 105
2954821 0 106
2956316 0 104
2957750 0 105
2959204 0 105
2960637 0 105
2962091 0 105
2963525 0 105
2965020 0 105
2966454 0 106
2967908 0 104
2969444 0 105
2970939 0 106
2972352 0 104
2973826 0 105
2975301 0 105
2976775 0 105
2978311 0 106
2979745 0 104
2981199 0 105
2982735 0 105
2984271 0 105
2985766 0 105
2987199 0 106
2988735 0 104
2990169 0 105
2991705 0 105
2993221 0 106
2994716 0 104
2996252 0 105
2997747 0 105
2999262 0 105
3000675 0 106
3002170 0 104
3003665 0 105
3005078 0 106
3006594 0 104
3008109 0 105
3009502 0 105
3010935 0 105
3012328 0 105
3013843 0 106
3015257 0 104
3016670 0 105
3018165 0 106
3019598 0 104
3021073 0 105
3022486 0 106
3023899 0 104
3025394 0 105
3026828 0 105
3028343 0 106
3029838 0 104
3031354 0 105
3032787 0 105
3034262 0 105
3035695 0 106
3037149 0 104
3038644 0 105
3040139 0 105
3041573 0 105
3043047 0 105
3044522 0 105
3046037 0 106
3047451 0 104
3048864 0 105
3050256 0 105
3051690 0 106
3053123 0 104
3054639 0 105
3056032 0 105
3057547 0 105
3059042 0 105
3060455 0 105
3061909 0 106
3063425 0 104
3064961 0 105
3066394 0 105
3067910 0 105
3069405 0 105
3070879 0 106
3072354 0 104
3073767 0 105
3075241 0 106
3076736 0 104
3078129 0 105
3079522 0 105
3080914 0 105
3082409 0 106
3083966 0 104
3085461 0 105
3087017 0 105
3088492 0 106
3089946 0 104
3091482 0 105
3092977 0 105
3094513 0 105
3095967 0 106
3097380 0 104
3098854 0 105
3100247 0 105
3101701 0 106
3103237 0 104
3104650 0 105
3106063 0 105
3107599 0 106
3109094 0 104
3110487 0 105
3111961 0 105
3113456 0 105
3114869 0 105
3116303 0 105
3117737 0 106
3119252 0 104
3120706 0 105
3122140 0 106
3123553 0 104
3125089 0 105
3126543 0 105
3128058 0 105
3129451 0 105
3131007 0 105
3132461 0 105
3133977 0 105
3135452 0 106
3136967 0 104
3138523 0 105
3139916 0 105
3141350 0 105
3142906 0 106
3144401 0 104
3145958 0 105
3147473 0 105
3148866 0 105
3150299 0 105
3151815 0 106
3153269 0 104
3154743 0 105
3156136 0 106
3157590 0 104
3159024 0 105
3160437 0 105
3161911 0 105
3163447 0 105
3165004 0 106
3166560 0 104
3167994 0 105
3169427 0 105
3170943 0 105
3172458 0 106
3173994 0 104
3175448 0 105
3176861 0 105
3178336 0 105
3179851 0 105
3181387 0 106
3182841 0 104
3184316 0 105
3185729 0 105
3187244 0 105
3188658 0 105
3190153 0 105
3191586 0 106
3193061 0 104
3194556 0 105
3196071 0 105
3197525 0 105
3199082 0 105
3200495 0 106
3201887 0 104
3203362 0 105
3204816 0 105
3206311 0 105
3207867 0 105
3209281 0 105
3210837 0 105
3212373 0 106
3213786 0 104
3215302 0 105
3216694 0 105
3218230 0 105
3219664 0 105
3221138 0 106
3222592 0 104
3224046 0 105
3225459 0 105
3226893 0 105
3228306 0 105
3229740 0 105
3231296 0 105
3232750 0 106
3234266 0 104
3235740 0 105
3237153 0 105
3238689 0 106
3240205 0 104
3241659 0 105
3243072 0 105
3244608 0 105
3246164 0 105
3247557 0 105
3249113 0 105
3250526 0 106
3251981 0 104
3253476 0 105
3254909 0 106
3256425 0 104
3257920 0 105
3259333 0 106
3260746 0 104
3262220 0 105
3263715 0 106
3265272 0 104
3266726 0 105
3268221 0 105
3269654 0 106
3271129 0 104
3272583 0 105
3274119 0 106
3275553 0 104
3276945 0 105
3278358 0 106
3279833 0 104
3281266 0 105
3282659 0 105
3284052 0 105
3285567 0 105
3287083 0 105
3288598 0 105
3290052 0 106
3291527 0 104
3292960 0 105
3294394 0 105
3295868 0 106
3297384 0 104
3298899 0 105
3300374 0 106
3301930 0 104
3303446 0 105
3304982 0 105
3306497 0 105
3307890 0 105
3309446 0 106
3310941 0 104
3312477 0 105
3313911 0 105
3315406 0 106
3316921 0 104
3318376 0 105
3319830 0 106
3321345 0 104
3322881 0 105
3324417 0 106
3325851 0 104
3327284 0 105
3328718 0 105
3330233 0 106
3331769 0 104
3333182 0 105
3334595 0 106
3336049 0 104
3337585 0 105
3339060 0 105
3340534 0 105
3341948 0 105
3343443 0 106
3344958 0 104
3346412 0 105
3347846 0 105
3349361 0 105
3350856 0 105
3352290 0 106
3353703 0 104
3355177 0 105
3356652 0 105
3358188 0 106
3359601 0 104
3361096 0 105
3362489 0 106
3363922 0 104
3365458 0 105
3366994 0 106
3368510 0 104
3369964 0 105
3371479 0 105
3372913 0 105
3374347 0 105
3375862 0 105
3377357 0 106
3378872 0 104
3380367 0 105
3381780 0 106
3383296 0 104
3384750 0 105
3386143 0 105
3387576 0 105
3389112 0 106
3390607 0 104
3392020 0 105
3393556 0 105
3395031 0 105
3396567 0 105
3398041 0 105
3399495 0 106
3400949 0 104
3402465 0 105
3403919 0 105
3405332 0 105
3406847 0 105
3408342 0 105
3409899 0 105
3411332 0 105
3412807 0 106
3414200 0 104
3415613 0 105
3417108 0 106
3418521 0 104
3419975 0 105
3421511 0 105
3423067 0 105
3424562 0 106
3426037 0 104
3427532 0 105
3428986 0 106
3430460 0 104
3431894 0 105
3433328 0 106
3434884 0 104
3436297 0 105
3437690 0 105
3439164 0 105
3440557 0 106
3442072 0 104
3443588 0 105
3445124 0 106
3446598 0 104
3448011 0 105
3449506 0 105
3451002 0 106
3452415 0 104
3453807 0 105
3455241 0 105
3456695 0 105
3458231 0 105
3459705 0 105
3461118 0 106
3462532 0 104
3464027 0 105
3465563 0 105
3467078 0 105
3468532 0 105
3470089 0 106
3471584 0 104
3473079 0 105
3474615 0 105
3476007 0 105
3477441 0 105
3478895 0 106
3480431 0 104
3481885 0 105
3483339 0 105
3484813 0 105
3486267 0 105
3487721 0 105
3489237 0 106
3490793 0 104
3492227 0 105
3493620 0 106
3495074 0 104
3496487 0 105
3497900 0 105
3499292 0 105
3500726 0 105
3502221 0 105
3503696 0 105
3505170 0 106
3506727 0 104
3508181 0 105
3509573 0 105
3511007 0 106
3512543 0 104
3514038 0 105
3515512 0 105
3517028 0 105
3518584 0 105
3520018 0 105
3521554 0 105
3523008 0 106
3524421 0 104
3525977 0 105
3527391 0 105
3528865 0 105
3530360 0 105
3531876 0 106
3533309 0 104
3534845 0 105
3536320 0 105
3537794 0 106
3539269 0 104
3540702 0 105
3542115 0 105
3543528 0 105
3544921 0 105
3546416 0 105
3547911 0 105
3549304 0 106
3550778 0 104
3552191 0 105
3553748 0 105
3555263 0 105
3556758 0 106
3558192 0 104
3559605 0 105
3561161 0 105
3562656 0 105
3564151 0 105
3565605 0 105
3567080 0 106
3568636 0 104
3570111 0 105
3571647 0 105
3573203 0 105
3574637 0 106
3576050 0 104
3577607 0 105
3579143 0 106
3580678 0 104
3582133 0 105
3583607 0 105
3585164 0 105
3586577 0 105
3588031 0 105
3589505 0 106
3590918 0 104
3592393 0 105
3593949 0 105
3595485 0 105
3596939 0 105
3598434 0 106
3599970 0 104
3601465 0 105
3603001 0 105
3604476 0 105
3606032 0 106
3607486 0 104
3608920 0 105
3610415 0 105
3611828 0 105
3613364 0 105
3614839 0 105
3616272 0 106
3617829 0 104
3619303 0 105
3620757 0 105
3622252 0 105
3623645 0 105
3625140 0 105
3626553 0 106
3627986 0 104
3629379 0 105
3630874 0 105
3632369 0 105
3633885 0 105
3635339 0 106
3636752 0 104
3638247 0 105
3639803 0 105
3641360 0 105
3642773 0 105
3644309 0 106
3645742 0 104
3647217 0 105
3648712 0 106
3650166 0 104
3651702 0 105
3653094 0 106
3654610 0 104
3656146 0 105
3657620 0 106
3659034 0 104
3660426 0 105
3661839 0 105
3663273 0 105
3664747 0 106
3666283 0 104
3667799 0 105
3669232 0 105
3670686 0 105
3672222 0 105
3673676 0 105
3675090 0 105
3676626 0 106
3678141 0 104
3679595 0 105
3681090 0 105
3682626 0 105
3684121 0 105
3685637 0 106
3687193 0 104
3688749 0 105
3690163 0 105
3691637 0 105
3693050 0 105
3694566 0 105
3696102 0 106
3697658 0 104
3699133 0 105
3700669 0 105
3702082 0 106
3703556 0 104
3705072 0 105
3706587 0 106
3708000 0 104
3709536 0 105
3711011 0 106
3712506 0 104
3714001 0 105
3715393 0 106
3716848 0 104
3718322 0 105
3719756 0 106
3721230 0 104
3722766 0 105
3724282 0 105
3725818 0 106
3727313 0 104
3728726 0 105
3730241 0 105
3731654 0 105
