25519 0 1
27055 0 12
28468 0 9
30045 0 11
31561 0 9
33076 0 2
34510 0 10
36046 0 8
37561 0 11
39016 0 5
40470 0 20
41985 0 19
43521 0 35
45057 0 5
46470 0 17
48006 0 21
49440 0 22
50914 0 15
52327 0 30
53761 0 4
55276 0 17
56689 0 18
58225 0 22
59741 0 15
61154 0 18
62669 0 26
64144 0 12
65537 0 13
66929 0 30
68342 0 11
69858 0 22
71414 0 13
72930 0 14
74466 0 15
75940 0 18
77497 0 14
79033 0 31
80446 0 1
81879 0 19
83395 0 30
84849 0 8
86385 0 20
87900 0 20
89334 0 24
90870 0 26
92344 0 4
93819 0 16
95273 0 27
96768 0 9
98284 0 14
99697 0 31
101151 0 6
102666 0 15
104059 0 14
105492 0 24
106987 0 23
108442 0 26
109875 0 8
111432 0 23
112865 0 23
114360 0 17
115794 0 30
117207 0 1
118763 0 16
120238 0 22
121712 0 27
123125 0 11
124682 0 17
126095 0 17
127529 0 16
128942 0 29
130416 0 3
131809 0 23
133263 0 29
134799 0 6
136335 0 18
137850 0 14
139386 0 16
140861 0 15
142417 0 27
143830 0 9
145305 0 24
146697 0 32
148111 0 7
149544 0 17
150957 0 16
152329 0 34
153845 0 10
155319 0 19
156876 0 19
158391 0 16
159804 0 14
161320 0 15
162794 0 20
164371 0 25
165805 0 5
167218 0 15
168754 0 23
170167 0 27
171683 0 8
173260 0 15
174693 0 29
176147 0 11
177601 0 13
179035 0 24
180468 0 15
181963 0 24
183397 0 17
184851 0 24
186326 0 32
187862 0 2
189336 0 14
190749 0 13
192265 0 23
193698 0 20
195255 0 15
196688 0 20
198265 0 33
199760 0 11
201194 0 24
202648 0 27
204122 0 3
205658 0 20
207153 0 24
208546 0 23
210082 0 18
211516 0 28
212990 0 11
214465 0 15
215857 0 13
217250 0 22
218765 0 15
220219 0 23
221735 0 16
223168 0 33
224725 0 8
226240 0 17
227653 0 36
229067 0 12
230500 0 16
231954 0 33
233367 0 8
234842 0 16
236234 0 35
237709 0 8
239163 0 18
240597 0 35
242112 0 5
243546 0 17
245061 0 31
246515 0 10
248031 0 21
249587 0 23
251041 0 20
252536 0 17
253990 0 24
255465 0 15
257001 0 25
258496 0 5
259950 0 22
261486 0 22
263042 0 22
264599 0 15
266032 0 15
267589 0 26
269084 0 3
270497 0 24
271910 0 31
273364 0 6
274818 0 20
276375 0 24
277829 0 35
279365 0 6
280798 0 20
282355 0 30
283809 0 3
285242 0 15
286717 0 13
288232 0 30
289666 0 12
291181 0 14
292717 0 31
294233 0 8
295728 0 18
297223 0 25
298738 0 9
300213 0 23
301769 0 15
303223 0 16
304636 0 21
306131 0 22
307586 0 13
309060 0 26
310555 0 8
311989 0 15
313443 0 17
314999 0 13
316453 0 15
318010 0 23
319546 0 18
320959 0 26
322392 0 3
323785 0 18
325218 0 22
326652 0 30
328045 0 8
329601 0 17
331117 0 22
332612 0 21
334066 0 22
335520 0 13
336933 0 28
338469 0 6
340025 0 14
341520 0 33
342933 0 11
344367 0 19
345882 0 20
347439 0 24
348975 0 24
350429 0 28
351883 0 1
353317 0 13
354730 0 23
356122 0 13
357597 0 36
359153 0 12
360607 0 19
362164 0 22
363618 0 13
365113 0 25
366587 0 5
367980 0 20
369475 0 16
370888 0 14
372301 0 22
373714 0 16
375209 0 14
376643 0 22
378179 0 25
379715 0 3
381230 0 14
382623 0 33
384159 0 6
385613 0 14
387128 0 31
388603 0 5
390139 0 16
391634 0 13
393027 0 14
394460 0 19
395955 0 13
397491 0 35
398966 0 10
400399 0 18
401853 0 23
403307 0 17
404700 0 33
406236 0 4
407731 0 20
409185 0 21
410639 0 20
412134 0 15
413568 0 19
415001 0 25
416537 0 6
418032 0 19
419589 0 17
421022 0 29
422538 0 12
424033 0 22
425466 0 17
426920 0 22
428497 0 19
429931 0 21
431364 0 22
432900 0 15
434436 0 36
436013 0 3
437549 0 20
438983 0 20
440539 0 34
442055 0 6
443591 0 19
445065 0 33
446622 0 3
448055 0 13
449571 0 16
451066 0 21
452561 0 19
454035 0 15
455428 0 23
456964 0 18
458398 0 33
459954 0 3
461388 0 14
462842 0 21
464316 0 22
465811 0 15
467286 0 32
468801 0 11
470255 0 19
471791 0 24
473225 0 15
474679 0 17
476112 0 13
477526 0 14
479000 0 26
480372 0 5
481765 0 20
483219 0 13
484714 0 23
486270 0 22
487765 0 36
489322 0 9
490899 0 15
492373 0 36
493909 0 2
495404 0 17
496961 0 21
498456 0 18
499869 0 25
501425 0 8
502961 0 20
504436 0 19
505869 0 13
507385 0 23
508859 0 19
510314 0 25
511768 0 11
513181 0 17
514676 0 27
516232 0 3
517686 0 21
519202 0 22
520779 0 14
522315 0 16
523851 0 28
525366 0 1
526861 0 18
528377 0 17
529851 0 29
531244 0 6
532759 0 16
534131 0 25
535688 0 11
537203 0 22
538657 0 17
540132 0 22
541688 0 15
543122 0 15
544535 0 36
546009 0 4
547484 0 21
549061 0 19
550515 0 24
552010 0 29
553485 0 3
554898 0 22
556454 0 20
557949 0 16
559342 0 14
560734 0 18
562229 0 31
563745 0 4
565158 0 21
566592 0 16
568107 0 13
569561 0 13
571015 0 22
572428 0 33
573862 0 11
575336 0 13
576872 0 22
578367 0 16
579842 0 35
581378 0 10
582832 0 18
584327 0 19
585883 0 19
587399 0 15
588873 0 17
590368 0 21
591802 0 28
593338 0 5
594792 0 24
596246 0 20
597700 0 13
599195 0 16
600567 0 18
602083 0 34
603516 0 12
604950 0 20
606465 0 30
607919 0 12
609374 0 24
610807 0 17
612200 0 15
613756 0 28
615190 0 3
616603 0 24
618036 0 27
619490 0 2
620965 0 20
622460 0 21
623934 0 32
625409 0 7
626822 0 18
628317 0 25
629751 0 12
631143 0 24
632700 0 13
634174 0 21
635608 0 20
637103 0 15
638557 0 23
640011 0 36
641486 0 7
642960 0 19
644394 0 14
645889 0 23
647363 0 25
648797 0 4
650169 0 19
651725 0 20
653241 0 19
654715 0 20
656272 0 28
657726 0 4
659221 0 24
660757 0 14
662190 0 22
663747 0 15
665242 0 32
666757 0 6
668293 0 23
669829 0 18
671365 0 36
672860 0 8
674294 0 17
675748 0 34
677243 0 2
678677 0 18
680151 0 22
681626 0 24
683141 0 21
684616 0 35
686070 0 5
687524 0 16
688978 0 22
690452 0 15
691927 0 32
693320 0 11
694855 0 21
696432 0 13
697948 0 25
699504 0 11
701020 0 14
702535 0 13
703989 0 16
705505 0 14
706939 0 14
708454 0 23
709970 0 21
711465 0 31
713041 0 10
714495 0 22
715929 0 31
717363 0 8
718878 0 14
720414 0 28
721909 0 12
723445 0 18
724879 0 34
726312 0 10
727787 0 21
729261 0 36
730756 0 12
732169 0 21
733726 0 15
735180 0 15
736716 0 35
738252 0 9
739726 0 24
741201 0 20
742675 0 28
744130 0 5
745543 0 19
747058 0 18
748492 0 16
750028 0 21
751605 0 29
753079 0 5
754513 0 24
756049 0 33
757585 0 3
759039 0 19
760534 0 15
761988 0 23
763503 0 14
764875 0 18
766309 0 18
767743 0 23
769197 0 26
770712 0 10
772207 0 18
773702 0 35
775197 0 5
776631 0 15
778023 0 13
779457 0 25
780890 0 5
782385 0 15
783778 0 30
785253 0 7
786707 0 17
788202 0 20
789738 0 18
791253 0 16
792666 0 33
794141 0 1
795554 0 19
797008 0 35
798483 0 7
799937 0 22
801411 0 32
802906 0 5
804340 0 15
805753 0 33
807309 0 10
808845 0 14
810258 0 35
811794 0 11
813330 0 18
814846 0 24
816402 0 21
817918 0 21
819454 0 19
820949 0 32
822403 0 10
823836 0 13
825249 0 13
826642 0 14
828117 0 18
829673 0 24
831168 0 15
832704 0 21
834199 0 27
835674 0 2
837169 0 14
838602 0 17
840118 0 13
841613 0 19
843169 0 14
844685 0 28
846118 0 8
847552 0 16
849006 0 26
850501 0 1
851996 0 17
853388 0 14
854842 0 22
856399 0 23
857812 0 26
859246 0 11
860782 0 24
862318 0 19
863833 0 23
865308 0 16
866803 0 14
868216 0 14
869752 0 25
871165 0 5
872680 0 20
874237 0 20
875773 0 21
877206 0 19
878783 0 19
880299 0 25
881732 0 5
883186 0 24
884661 0 30
886115 0 12
887569 0 13
888962 0 27
890457 0 9
891993 0 17
893406 0 18
894983 0 24
896416 0 30
897809 0 11
899283 0 13
900676 0 34
902130 0 4
903625 0 15
905120 0 22
906656 0 28
908212 0 7
909666 0 20
911264 0 17
912759 0 15
914295 0 14
915749 0 34
917244 0 3
918739 0 21
920213 0 22
921770 0 17
923224 0 34
924678 0 10
926153 0 18
1542130 0 101
1543666 0 101
1545100 0 101
1546656 0 101
1548090 0 101
1549483 0 101
1550916 0 101
1552452 0 101
1553947 0 101
1555483 0 101
1556978 0 102
1558371 0 102
1559907 0 102
1561320 0 102
1562753 0 102
1564187 0 102
1565641 0 102
1567177 0 103
1568611 0 101
1570106 0 102
1571580 0 102
1573014 0 102
1574447 0 102
1575881 0 102
1577294 0 102
1578727 0 103
1580182 0 101
1581574 0 102
1583069 0 102
1584503 0 103
1585977 0 101
1587452 0 102
1588865 0 102
1590421 0 102
1591855 0 102
1593289 0 102
1594824 0 102
1596238 0 103
1597753 0 101
1599207 0 102
1600682 0 103
1602218 0 101
1603672 0 102
1605105 0 102
1606559 0 102
1607972 0 102
1609447 0 103
1610942 0 101
1612396 0 102
1613912 0 102
1615366 0 102
1616820 0 103
1618376 0 101
1619892 0 102
1621284 0 103
1622697 0 101
1624233 0 102
1625667 0 102
1627100 0 102
1628575 0 102
1630049 0 102
1631544 0 103
1632978 0 101
1634412 0 102
1635845 0 102
1637258 0 102
1638651 0 103
1640166 0 101
1641620 0 102
1643177 0 103
1644631 0 101
1646167 0 102
1647621 0 103
1649116 0 101
1650509 0 102
1652065 0 103
1653642 0 101
1655055 0 102
1656591 0 102
1658004 0 103
1659417 0 101
1660830 0 102
1662243 0 103
1663657 0 101
1665213 0 102
1666749 0 102
1668244 0 103
1669800 0 101
1671214 0 102
1672709 0 103
1674224 0 101
1675678 0 102
1677153 0 102
1678689 0 103
1680143 0 101
1681617 0 102
1683030 0 102
1684484 0 103
1686020 0 101
1687495 0 102
1688990 0 102
1690505 0 102
1692041 0 102
1693475 0 102
1695011 0 103
1696506 0 101
1697939 0 102
1699475 0 103
1700889 0 101
1702281 0 102
1703715 0 102
1705210 0 102
1706746 0 102
1708241 0 102
1709715 0 102
1711231 0 102
1712726 0 103
1714241 0 101
1715757 0 102
1717293 0 102
1718726 0 103
1720262 0 101
1721737 0 102
1723170 0 102
1724645 0 103
1726078 0 101
1727594 0 102
1729089 0 102
1730604 0 102
1732161 0 102
1733676 0 102
1735130 0 102
1736646 0 102
1738059 0 103
1739554 0 101
1740967 0 102
1742360 0 103
1743896 0 101
1745329 0 102
1746722 0 103
1748278 0 101
1749814 0 102
1751289 0 102
1752702 0 102
1754136 0 103
1755590 0 101
1757003 0 102
1758457 0 102
1760013 0 102
1761529 0 102
1762962 0 102
1764478 0 102
1765891 0 102
1767283 0 103
1768738 0 101
1770233 0 102
1771769 0 103
1773325 0 101
1774779 0 102
1776192 0 102
1777667 0 102
1779203 0 102
1780616 0 103
1782029 0 101
1783544 0 102
1785019 0 102
1786514 0 102
1787947 0 102
1789422 0 102
1790856 0 102
1792371 0 103
1793805 0 101
1795279 0 102
1796713 0 102
1798208 0 102
1799662 0 103
1801136 0 101
1802611 0 102
1804044 0 102
1805560 0 102
1806973 0 103
1808468 0 101
1809984 0 102
1811376 0 103
1812830 0 101
1814284 0 102
1815800 0 103
1817274 0 101
1818728 0 102
1820203 0 102
1821595 0 102
1823009 0 103
1824422 0 101
1825937 0 102
1827432 0 102
1828825 0 102
1830299 0 103
1831753 0 101
1833166 0 102
1834641 0 102
1836177 0 102
1837631 0 103
1839085 0 101
1840539 0 102
1842034 0 103
1843550 0 101
1845086 0 102
1846622 0 102
1848076 0 103
1849550 0 101
1850943 0 102
1852335 0 102
1853830 0 102
1855223 0 102
1856616 0 102
1858152 0 102
1859606 0 102
1861080 0 103
1862616 0 101
1864009 0 102
1865483 0 102
1866917 0 102
1868391 0 102
1869907 0 102
1871402 0 102
1872836 0 103
1874371 0 101
1875867 0 102
1877362 0 102
1878775 0 102
1880208 0 102
1881744 0 103
1883280 0 101
1884714 0 102
1886188 0 102
1887601 0 102
1889137 0 102
1890591 0 102
1892127 0 103
1893581 0 101
1894994 0 102
1896551 0 103
1897964 0 101
1899418 0 102
1900831 0 103
1902367 0 101
1903883 0 102
1905419 0 102
1906832 0 102
1908265 0 102
1909740 0 102
1911276 0 103
1912791 0 101
1914245 0 102
1915679 0 103
1917133 0 101
1918546 0 102
1920062 0 102
1921557 0 102
1923052 0 102
1924444 0 102
1925837 0 102
1927311 0 103
1928724 0 101
1930179 0 102
1931592 0 103
1933025 0 101
1934541 0 102
1935954 0 102
1937346 0 102
1938800 0 102
1940214 0 102
1941709 0 103
1943204 0 101
1944596 0 102
1946009 0 102
1947484 0 102
1948958 0 102
1950433 0 102
1951907 0 103
1953423 0 101
1954938 0 102
1956413 0 103
1957908 0 101
1959362 0 102
1960796 0 103
1962229 0 101
1963765 0 102
1965158 0 103
1966714 0 101
1968107 0 102
1969581 0 102
1971097 0 103
1972551 0 101
1974107 0 102
1975561 0 102
1976954 0 102
1978510 0 102
1980005 0 102
1981439 0 102
1982955 0 102
1984347 0 103
1985924 0 101
1987358 0 102
1988832 0 102
1990307 0 102
1991822 0 102
1993235 0 103
1994669 0 101
1996205 0 102
1997700 0 103
1999154 0 101
2000608 0 102
2002001 0 102
2003414 0 102
2004929 0 102
2006363 0 102
2007919 0 102
2009312 0 102
2010807 0 103
2012261 0 101
2013674 0 102
2015108 0 103
2016603 0 101
2018036 0 102
2019490 0 102
2020903 0 102
2022419 0 103
2023852 0 101
2025388 0 102
2026801 0 103
2028358 0 101
2029771 0 102
2031286 0 102
2032679 0 102
2034215 0 103
2035649 0 101
2037123 0 102
2038639 0 102
2040072 0 102
2041608 0 102
2043103 0 102
2044619 0 103
2046073 0 101
2047568 0 102
2049083 0 102
2050558 0 102
2052094 0 103
2053609 0 101
2055104 0 102
2056497 0 102
2057951 0 103
2059385 0 101
2060900 0 102
2062293 0 102
2063747 0 102
2065201 0 102
2066614 0 102
2068047 0 102
2069542 0 103
2071058 0 101
2072451 0 102
2073987 0 103
2075441 0 101
2076895 0 102
2078349 0 102
2079823 0 102
2081277 0 102
2082670 0 102
2084144 0 103
2085578 0 101
2086971 0 102
2088445 0 102
2089961 0 102
2091415 0 102
2092807 0 102
2094200 0 102
2095695 0 103
2097190 0 101
2098726 0 102
2100200 0 103
2101675 0 101
2103129 0 102
2104563 0 103
2105996 0 101
2107471 0 102
2108986 0 103
2110502 0 101
2111935 0 102
2113430 0 102
2114843 0 102
2116236 0 102
2117752 0 102
2119226 0 103
2120782 0 101
2122216 0 102
2123752 0 102
2125227 0 103
2126742 0 101
2128155 0 102
2129568 0 102
2131002 0 102
2132394 0 102
2133889 0 103
2135384 0 101
2136818 0 102
2138272 0 102
2139808 0 102
2141221 0 102
2142716 0 103
2144273 0 101
2145788 0 102
2147181 0 103
2148758 0 101
2150294 0 102
2151809 0 102
2153263 0 102
2154717 0 102
2156212 0 103
2157728 0 101
2159223 0 102
2160697 0 102
2162110 0 102
2163564 0 103
2164978 0 101
2166452 0 102
2167845 0 103
2169340 0 101
2170753 0 102
2172227 0 103
2173763 0 101
2175217 0 102
2176610 0 102
2178125 0 102
2179559 0 103
2181095 0 101
2182570 0 102
2183962 0 102
2185498 0 102
2186973 0 102
2188488 0 103
2190045 0 101
2191540 0 102
2193076 0 102
2194612 0 102
2196025 0 102
2197458 0 103
2198871 0 101
2200366 0 102
2201861 0 102
2203274 0 102
2204769 0 102
2206224 0 103
2207698 0 101
2209173 0 102
2210688 0 102
2212183 0 102
2213637 0 102
2215091 0 102
2216566 0 103
2218102 0 101
2219638 0 102
2221030 0 102
2222443 0 102
2223857 0 102
2225311 0 102
2226724 0 103
2228157 0 101
2229673 0 102
2231086 0 102
2232478 0 103
2233973 0 101
2235387 0 102
2236779 0 102
2238192 0 102
2239626 0 102
2241100 0 103
2242595 0 101
2244131 0 102
2245606 0 103
2247101 0 101
2248494 0 102
