74133 0 8
75710 0 5
77205 0 6
78741 0 7
80215 0 5
81731 0 10
83164 0 5
84659 0 4
86031 0 12
87465 0 4
88939 0 23
90455 0 16
91929 0 15
93465 0 14
94899 0 13
96414 0 32
97869 0 5
99323 0 22
100900 0 29
102415 0 11
103869 0 20
105344 0 24
106798 0 13
108252 0 24
109665 0 21
111242 0 25
112778 0 4
114273 0 21
115686 0 13
117222 0 19
118737 0 16
120150 0 18
121645 0 33
123140 0 8
124676 0 22
126192 0 13
127646 0 16
129161 0 25
130575 0 11
131988 0 20
133565 0 14
134998 0 31
136473 0 3
138009 0 15
139442 0 23
140937 0 20
142514 0 24
143907 0 22
145402 0 24
146794 0 33
148207 0 6
149743 0 20
151218 0 14
152693 0 18
154147 0 16
155519 0 19
157096 0 24
158529 0 36
160045 0 6
161622 0 19
163055 0 31
164571 0 4
166066 0 16
167479 0 34
168974 0 9
170489 0 17
171964 0 22
173397 0 23
174892 0 13
176306 0 18
177862 0 13
179357 0 23
180791 0 26
182163 0 12
183658 0 23
185091 0 15
186566 0 30
187958 0 9
189494 0 24
190887 0 25
192403 0 9
193857 0 20
195372 0 34
196908 0 3
198342 0 22
199775 0 22
201209 0 21
202745 0 25
204281 0 3
205755 0 17
207189 0 23
208725 0 20
210281 0 21
211735 0 15
213230 0 36
214787 0 8
216364 0 17
217859 0 21
219313 0 17
220767 0 22
222221 0 15
223675 0 30
225129 0 9
226685 0 21
228140 0 21
229614 0 24
231130 0 14
232645 0 33
234120 0 12
235533 0 13
236966 0 16
238338 0 36
239772 0 3
241308 0 17
242721 0 16
244155 0 24
245670 0 13
247186 0 30
248640 0 1
250073 0 17
251630 0 15
253166 0 17
254558 0 31
256012 0 11
257548 0 17
258982 0 27
260518 0 8
262054 0 14
263467 0 30
264880 0 4
266334 0 14
267850 0 23
269324 0 18
270778 0 29
272273 0 7
273727 0 18
275202 0 13
276656 0 21
278130 0 14
279584 0 21
281120 0 23
282574 0 19
284028 0 36
285503 0 4
286937 0 15
288329 0 20
289824 0 17
291217 0 16
292589 0 19
294084 0 27
295477 0 5
296931 0 17
298446 0 17
299982 0 17
301375 0 24
302870 0 18
304324 0 15
305860 0 35
307334 0 3
308768 0 17
310242 0 16
311717 0 17
313130 0 18
314625 0 24
316079 0 19
317554 0 19
319008 0 36
320564 0 8
322121 0 18
323697 0 23
325131 0 18
326667 0 29
328142 0 4
329637 0 20
331214 0 32
332688 0 6
334122 0 14
335617 0 20
337071 0 13
338545 0 15
340081 0 13
341597 0 25
343112 0 11
344648 0 16
346143 0 21
347679 0 20
349154 0 32
350669 0 9
352226 0 18
353700 0 18
355175 0 34
356670 0 6
358124 0 16
359557 0 22
360991 0 21
362527 0 26
363960 0 2
365455 0 24
366951 0 13
368364 0 14
369879 0 17
371415 0 13
372972 0 36
374507 0 6
375962 0 23
377354 0 20
378931 0 20
380365 0 21
381921 0 26
383314 0 12
384747 0 16
386263 0 20
387799 0 19
389273 0 14
390789 0 26
392263 0 2
393717 0 14
395130 0 22
396687 0 20
398161 0 22
399575 0 23
401070 0 25
402626 0 8
404182 0 13
405677 0 23
407173 0 35
408708 0 6
410183 0 24
411658 0 21
413071 0 19
414566 0 18
416040 0 19
417453 0 16
418989 0 35
420546 0 2
421938 0 18
423495 0 31
425072 0 4
426546 0 16
428062 0 32
429454 0 11
430867 0 16
432281 0 24
433837 0 14
435271 0 18
436807 0 29
438281 0 1
439756 0 14
441148 0 32
442664 0 11
444200 0 22
445674 0 24
447210 0 13
448705 0 25
450139 0 8
451716 0 17
453211 0 32
454603 0 6
456160 0 20
457614 0 23
459088 0 21
460542 0 17
461956 0 25
463410 0 12
464884 0 21
466297 0 32
467772 0 5
469328 0 22
470741 0 32
472257 0 3
473752 0 19
475288 0 24
476701 0 17
478175 0 30
479589 0 9
481125 0 13
482558 0 15
483971 0 16
485405 0 17
486941 0 19
488415 0 34
489787 0 6
491262 0 13
492716 0 21
494231 0 19
495665 0 22
497099 0 17
498553 0 32
499945 0 2
501379 0 13
502915 0 15
504410 0 15
505946 0 31
507359 0 11
508833 0 14
510226 0 17
511680 0 23
513196 0 16
514588 0 36
516083 0 9
517640 0 19
519094 0 26
520486 0 10
521961 0 17
523456 0 35
525012 0 12
526425 0 13
527961 0 29
529477 0 8
530931 0 20
532487 0 13
534003 0 29
535518 0 7
537095 0 14
538488 0 16
539860 0 24
541355 0 24
542850 0 34
544345 0 12
545840 0 21
547417 0 22
548994 0 24
550509 0 19
552045 0 13
553520 0 25
555056 0 4
556592 0 24
558005 0 30
559500 0 4
560893 0 22
562408 0 29
563821 0 4
565193 0 18
566607 0 22
568122 0 22
569576 0 18
571071 0 22
572566 0 13
574061 0 31
575556 0 6
577072 0 20
578628 0 17
580144 0 14
581659 0 24
583134 0 23
584629 0 17
586021 0 17
587516 0 33
589052 0 7
590465 0 16
591878 0 25
593394 0 4
594827 0 15
596363 0 19
597920 0 16
599333 0 15
600746 0 23
602159 0 26
603675 0 9
605129 0 24
606542 0 26
607934 0 9
609450 0 16
610965 0 19
612481 0 14
613935 0 17
615348 0 20
616925 0 25
618502 0 5
619895 0 19
621430 0 33
622946 0 11
624421 0 20
625875 0 28
627329 0 8
628844 0 23
630339 0 18
631814 0 17
633350 0 28
634763 0 11
636299 0 22
637855 0 33
639412 0 7
640968 0 23
642504 0 27
644020 0 9
645494 0 22
647030 0 35
648586 0 10
650041 0 14
651454 0 30
652867 0 7
654300 0 19
655795 0 31
657352 0 3
658826 0 24
660362 0 22
661898 0 21
663352 0 16
664827 0 14
666363 0 22
667919 0 16
669312 0 32
670725 0 5
672281 0 21
673736 0 34
675128 0 1
676644 0 15
678180 0 29
679675 0 10
681170 0 15
682624 0 22
684180 0 25
685737 0 5
687211 0 20
688706 0 26
690078 0 2
691512 0 16
692945 0 31
694502 0 2
695915 0 23
697349 0 27
698803 0 3
700318 0 23
701752 0 32
703165 0 2
704701 0 22
706216 0 15
707691 0 14
709124 0 23
710517 0 13
712012 0 17
713425 0 33
714981 0 8
716538 0 17
718094 0 17
719548 0 30
721003 0 12
722416 0 23
723972 0 19
725528 0 16
727064 0 18
728519 0 34
729932 0 6
731488 0 23
732901 0 33
734437 0 7
735891 0 19
737407 0 21
738861 0 36
740438 0 7
741871 0 13
743346 0 34
744738 0 2
746233 0 14
747626 0 29
749162 0 10
750657 0 23
752152 0 14
753688 0 16
755183 0 20
756699 0 26
758194 0 7
759729 0 18
761143 0 17
762679 0 18
764174 0 13
765648 0 20
767082 0 36
768597 0 4
769990 0 23
771546 0 17
773000 0 18
774557 0 21
776134 0 26
777649 0 7
779165 0 15
780639 0 14
782114 0 35
783609 0 3
785001 0 15
786496 0 19
788032 0 13
789466 0 36
791043 0 9
792456 0 23
793869 0 16
795303 0 15
796859 0 16
798293 0 20
799788 0 22
801283 0 13
802716 0 33
804129 0 4
805522 0 22
807037 0 23
808532 0 16
809905 0 27
811441 0 6
812977 0 13
814431 0 21
815926 0 23
817421 0 25
818936 0 11
820452 0 15
821885 0 33
823319 0 12
824752 0 22
826288 0 23
827824 0 20
829360 0 25
830896 0 3
832289 0 20
833866 0 22
835361 0 14
836876 0 15
838289 0 33
839702 0 5
841157 0 21
842611 0 25
844065 0 11
845580 0 13
847034 0 21
848488 0 18
849983 0 17
851519 0 24
852994 0 20
854591 0 27
856086 0 12
857581 0 13
859117 0 17
860571 0 27
861964 0 1
863377 0 22
864811 0 13
866326 0 21
867760 0 23
869255 0 33
870770 0 1
872183 0 23
873637 0 23
875050 0 16
876525 0 16
877979 0 22
879494 0 30
880867 0 7
882341 0 18
883816 0 27
885270 0 10
886703 0 24
888157 0 18
889673 0 16
891065 0 28
892601 0 11
894014 0 22
895428 0 18
896923 0 21
898356 0 35
899851 0 5
901387 0 17
902841 0 18
904377 0 13
905893 0 18
907388 0 15
908883 0 18
910439 0 18
911955 0 26
913470 0 8
914945 0 18
916440 0 24
917914 0 22
919409 0 22
920863 0 15
922276 0 24
923690 0 27
925164 0 1
926680 0 22
928236 0 34
929772 0 5
931287 0 17
932721 0 16
934114 0 21
935588 0 22
937022 0 29
938558 0 1
939991 0 17
941527 0 34
942920 0 10
944353 0 22
945889 0 15
947323 0 13
948839 0 16
950354 0 15
951788 0 28
953303 0 8
954839 0 23
956252 0 16
957727 0 36
959201 0 1
960635 0 20
962150 0 29
963543 0 8
965099 0 16
966553 0 25
968089 0 4
969482 0 15
970936 0 36
972370 0 7
973906 0 20
975360 0 13
1231070 0 101
1232525 0 101
1233958 0 101
1235351 0 101
1236805 0 101
1238300 0 101
1239754 0 101
1241208 0 101
1242642 0 101
1244055 0 101
1245570 0 102
1247004 0 102
1248458 0 103
1249912 0 101
1251366 0 102
1252861 0 102
1254335 0 102
1255810 0 102
1257366 0 102
1258902 0 102
1260356 0 102
1261770 0 103
1263265 0 101
1264678 0 102
1266152 0 102
1267647 0 102
1269142 0 103
1270617 0 101
1272030 0 102
1273566 0 102
1275040 0 103
1276556 0 101
1278112 0 102
1279587 0 103
1281123 0 101
1282577 0 102
1284113 0 102
1285505 0 103
1286939 0 101
1288434 0 102
1289949 0 102
1291444 0 103
1292980 0 101
1294394 0 102
1295827 0 102
1297302 0 102
1298694 0 103
1300230 0 101
1301766 0 102
1303179 0 103
1304674 0 101
1306210 0 102
1307685 0 102
1309139 0 102
1310532 0 102
1311965 0 103
1313522 0 101
1315017 0 102
1316553 0 103
1318089 0 101
1319604 0 102
1321017 0 102
1322512 0 102
1323946 0 103
1325482 0 101
1326956 0 102
1328431 0 103
1329926 0 101
1331380 0 102
1332772 0 102
1334267 0 102
1335803 0 102
1337278 0 102
1338752 0 102
1340145 0 103
1341681 0 101
1343217 0 102
1344733 0 103
1346207 0 101
1347743 0 102
1349279 0 102
1350774 0 102
1352249 0 102
1353641 0 103
1355198 0 101
1356754 0 102
1358167 0 103
1359580 0 101
1360973 0 102
1362488 0 102
1363963 0 102
1365396 0 102
1366871 0 103
1368366 0 101
1369882 0 102
1371418 0 102
1372953 0 102
1374449 0 102
1375903 0 102
1377439 0 102
1378893 0 102
1380429 0 103
1381985 0 101
1383500 0 102
1385036 0 102
1386572 0 103
1387986 0 101
1389460 0 102
1390955 0 103
1392409 0 101
1393863 0 102
1395358 0 103
1396792 0 101
1398328 0 102
1399802 0 102
1401338 0 102
1402792 0 102
1404205 0 103
1405659 0 101
1407154 0 102
1408568 0 102
1410022 0 102
1411455 0 102
1412950 0 102
1414466 0 102
1415981 0 102
1417517 0 103
1419074 0 101
1420528 0 102
1422064 0 102
1423538 0 102
1424931 0 102
1426323 0 102
1427839 0 103
1429272 0 101
1430706 0 102
1432160 0 102
1433696 0 102
1435130 0 103
1436666 0 101
1438058 0 102
1439471 0 102
1440905 0 103
1442441 0 101
1443874 0 102
1445308 0 102
1446844 0 102
1448298 0 102
1449732 0 102
1451145 0 103
1452619 0 101
1454012 0 102
1455548 0 102
1457022 0 102
1458476 0 102
1460012 0 102
1461425 0 102
1462859 0 102
1464313 0 103
1465870 0 101
1467365 0 102
1468819 0 103
1470314 0 101
1471829 0 102
1473365 0 102
1474758 0 102
1476212 0 102
1477727 0 103
1479243 0 101
1480656 0 102
1482089 0 103
1483564 0 101
1485120 0 102
1486554 0 103
1488029 0 101
1489524 0 102
1491060 0 102
1492575 0 102
1494009 0 102
1495442 0 103
1496958 0 101
1498432 0 102
1499866 0 102
1501361 0 102
1502753 0 102
1504146 0 103
1505559 0 101
1507095 0 102
1508508 0 102
1509921 0 102
1511375 0 103
1512809 0 101
1514263 0 102
1515697 0 102
1517089 0 102
1518543 0 102
1519997 0 102
1521410 0 102
1522946 0 103
1524359 0 101
1525752 0 102
1527247 0 102
1528640 0 103
1530155 0 101
1531548 0 102
1532981 0 103
1534456 0 101
1535930 0 102
1537426 0 102
1538900 0 102
1540436 0 102
1541951 0 103
1543426 0 101
1544962 0 102
1546457 0 102
1547891 0 102
1549304 0 102
1550799 0 103
1552355 0 101
1553871 0 102
1555263 0 103
1556758 0 101
1558171 0 102
1559687 0 102
1561182 0 102
1562677 0 102
1564151 0 102
1565585 0 103
1567059 0 101
1568575 0 102
1570070 0 103
1571545 0 101
1573080 0 102
1574555 0 102
1576071 0 102
1577566 0 102
1578999 0 102
1580515 0 102
1581969 0 103
1583402 0 101
1584918 0 102
1586454 0 103
1588010 0 101
1589423 0 102
1590816 0 103
1592311 0 101
1593785 0 102
1595219 0 102
1596632 0 102
1598107 0 102
1599643 0 102
1601097 0 102
1602571 0 102
1604046 0 103
1605500 0 101
1607015 0 102
1608551 0 103
1610067 0 101
1611459 0 102
1613016 0 102
1614531 0 102
1616026 0 102
1617419 0 102
1618852 0 102
1620327 0 103
1621781 0 101
1623215 0 102
1624689 0 103
1626246 0 101
1627700 0 102
1629113 0 102
1630649 0 102
1632123 0 102
1633659 0 102
1635134 0 102
1636547 0 103
1638021 0 101
1639414 0 102
1640807 0 103
1642281 0 101
1643715 0 102
1645107 0 102
1646500 0 102
1647954 0 103
1649470 0 101
1650883 0 102
1652357 0 103
1653893 0 101
1655306 0 102
1656740 0 102
1658296 0 103
1659873 0 101
1661368 0 102
1662781 0 102
1664297 0 102
1665730 0 102
1667266 0 103
1668741 0 101
1670236 0 102
1671649 0 102
1673144 0 102
1674659 0 103
1676236 0 101
1677650 0 102
1679185 0 103
1680721 0 101
1682216 0 102
1683711 0 102
1685104 0 103
1686620 0 101
1688094 0 102
1689589 0 102
1691023 0 102
1692538 0 102
1694033 0 102
1695487 0 103
1697044 0 101
1698580 0 102
1699993 0 102
1701467 0 102
1702901 0 103
1704314 0 101
1705789 0 102
1707202 0 102
1708635 0 102
1710171 0 103
1711605 0 101
1712997 0 102
1714492 0 102
1716049 0 102
1717503 0 102
1718977 0 103
1720411 0 101
1721947 0 102
1723381 0 102
1724835 0 102
1726268 0 102
1727825 0 102
1729279 0 103
1730712 0 101
1732228 0 102
1733743 0 102
1735259 0 102
1736754 0 103
1738167 0 101
1739703 0 102
1741218 0 103
1742754 0 101
1744270 0 102
1745662 0 103
1747219 0 101
1748673 0 102
1750188 0 103
1751724 0 101
1753137 0 102
1754571 0 102
1756025 0 102
1757500 0 102
1758954 0 102
1760367 0 102
1761882 0 103
1763336 0 101
1764831 0 102
1766244 0 102
1767739 0 102
1769173 0 102
1770627 0 102
1772143 0 103
1773576 0 101
1775112 0 102
1776546 0 102
1778082 0 102
1779536 0 102
1781031 0 103
1782464 0 101
1783918 0 102
1785434 0 102
1786847 0 102
1788301 0 103
1789857 0 101
1791352 0 102
1792868 0 103
1794383 0 101
1795878 0 102
1797353 0 102
1798807 0 102
1800282 0 102
1801818 0 103
1803292 0 101
1804828 0 102
1806303 0 103
1807818 0 101
1809354 0 102
1810870 0 102
1812365 0 102
1813798 0 102
1815252 0 103
1816788 0 101
1818222 0 102
1819696 0 102
1821232 0 102
1822727 0 102
1824181 0 102
1825635 0 103
1827089 0 101
1828503 0 102
1830059 0 102
1831452 0 102
1832906 0 102
1834401 0 102
1835793 0 102
1837268 0 103
1838701 0 101
1840196 0 102
1841732 0 103
1843248 0 101
1844681 0 102
1846135 0 103
1847671 0 101
1849166 0 102
1850580 0 102
1852034 0 102
1853570 0 103
1855003 0 101
1856396 0 102
1857788 0 102
1859304 0 102
1860696 0 103
1862212 0 101
1863625 0 102
1865161 0 103
1866718 0 101
1868233 0 102
1869748 0 102
1871162 0 102
1872616 0 103
1874029 0 101
1875503 0 102
1876978 0 102
1878473 0 102
1879886 0 102
1881401 0 102
1882794 0 103
1884269 0 101
1885661 0 102
1887115 0 102
1888549 0 102
1889941 0 102
1891375 0 102
1892829 0 102
1894283 0 103
1895840 0 101
1897335 0 102
1898809 0 102
1900243 0 102
1901717 0 102
1903110 0 102
1904646 0 102
1906059 0 103
1907492 0 101
1909028 0 102
1910503 0 103
1911998 0 101
1913432 0 102
1914968 0 102
1916504 0 103
1917978 0 101
1919391 0 102
1920866 0 103
1922381 0 101
1923835 0 102
1925351 0 102
1926784 0 102
1928300 0 102
1929836 0 102
1931331 0 103
1932826 0 101
1934218 0 102
1935734 0 102
1937249 0 102
1938683 0 102
1940096 0 102
1941530 0 102
1943045 0 103
1944602 0 101
1946015 0 102
1947469 0 103
1948943 0 101
1950397 0 102
1951933 0 103
1953408 0 101
1954800 0 102
1956214 0 103
1957770 0 101
1959183 0 102
1960637 0 102
1962091 0 103
1963607 0 101
1965020 0 102
1966474 0 102
1967866 0 103
1969382 0 101
1970856 0 102
1972270 0 103
1973826 0 101
1975321 0 102
1976775 0 102
1978188 0 102
1979663 0 103
1981076 0 101
1982571 0 102
1984045 0 103
1985581 0 101
1987076 0 102
1988612 0 102
1990128 0 102
1991520 0 102
1992974 0 102
1994367 0 102
1995862 0 103
1997296 0 101
1998791 0 102
2000306 0 102
2001699 0 102
2003214 0 102
2004648 0 103
2006163 0 101
2007617 0 102
2009153 0 102
2010546 0 102
2012000 0 102
2013413 0 103
2014970 0 101
2016485 0 102
2017939 0 102
2019393 0 102
2020909 0 102
2022322 0 102
2023858 0 103
2025271 0 101
2026704 0 102
2028240 0 102
2029735 0 103
2031230 0 101
2032644 0 102
2034077 0 102
2035572 0 103
2037088 0 101
2038542 0 102
2040037 0 102
2041552 0 102
2043068 0 102
2044481 0 102
2046017 0 103
2047512 0 101
2049027 0 102
2050543 0 103
2052038 0 101
2053471 0 102
2054864 0 102
2056277 0 102
2057752 0 102
2059267 0 103
2060762 0 101
2062278 0 102
2063814 0 102
2065350 0 102
2066804 0 103
2068299 0 101
2069753 0 102
2071227 0 103
2072763 0 101
2074217 0 102
2075753 0 103
2077289 0 101
2078764 0 102
2080300 0 103
2081795 0 101
2083208 0 102
2084723 0 102
2086116 0 103
2087611 0 101
2089003 0 102
2090478 0 103
2092055 0 101
2093468 0 102
2094902 0 102
2096438 0 102
2097871 0 102
2099346 0 102
2100820 0 102
2102233 0 103
2103749 0 101
2105223 0 102
2106739 0 102
2108295 0 103
2109811 0 101
2111265 0 102
2112780 0 102
2114255 0 102
2115668 0 102
2117204 0 103
2118617 0 101
2120092 0 102
2121484 0 102
2122877 0 102
2124331 0 103
2125785 0 101
2127341 0 102
2128775 0 102
2303029 0 42
2304504 0 39
2306040 0 37
2307494 0 42
2309009 0 41
2310545 0 39
2312081 0 40
2313556 0 48
2314969 0 37
2316464 0 45
2317897 0 50
2319310 0 51
2320744 0 56
2322259 0 50
2323816 0 53
2325352 0 53
2326847 0 49
2328383 0 69
2329816 0 46
2331291 0 52
2332827 0 52
2334240 0 50
2335796 0 62
2337291 0 47
2338746 0 54
2340179 0 50
2341633 0 72
2343149 0 43
2344603 0 53
2346118 0 64
2347675 0 41
2349170 0 51
2350603 0 59
2352160 0 53
2353614 0 59
2355150 0 55
2356563 0 70
2357955 0 44
2359450 0 54
2360884 0 49
2362440 0 57
2363915 0 71
2365430 0 43
2366844 0 50
2368318 0 72
2369752 0 42
2371308 0 56
2372824 0 63
2374319 0 43
2375855 0 53
2377309 0 70
2378824 0 46
2380360 0 52
2381896 0 54
2383412 0 69
2384907 0 42
2386443 0 49
2387999 0 64
2389515 0 42
2391071 0 55
2392566 0 50
2394000 0 51
2395495 0 54
2396887 0 50
2398444 0 69
2399898 0 47
2401331 0 50
2402867 0 61
2404424 0 43
2405878 0 50
2407414 0 72
2408868 0 44
2410301 0 58
2411817 0 50
2413332 0 64
2414827 0 47
2416343 0 51
2417899 0 52
2419353 0 50
2420910 0 57
2422466 0 50
2423879 0 67
2425272 0 38
2426767 0 49
2428221 0 64
2429634 0 37
2431150 0 51
2432706 0 55
2434283 0 51
2435778 0 63
2437232 0 48
2438686 0 60
2440120 0 61
2441533 0 37
2442925 0 49
2444339 0 51
2445813 0 57
2447267 0 49
2448701 0 50
2450196 0 61
2451670 0 39
2453227 0 58
2454804 0 53
2456360 0 70
2457835 0 47
2459248 0 51
2460804 0 59
2462299 0 72
2463835 0 42
2465371 0 50
2466846 0 49
2468300 0 59
2469713 0 60
2471269 0 54
2472826 0 67
2474280 0 43
2475693 0 60
2477188 0 55
2478744 0 54
2480239 0 71
2481714 0 47
2483270 0 60
2484806 0 63
2486363 0 45
2487899 0 53
2489414 0 57
2490868 0 49
2492281 0 61
2493735 0 48
2495251 0 55
2496705 0 69
2498261 0 40
2499777 0 49
2501333 0 62
2502869 0 40
2504303 0 55
2505818 0 51
2507231 0 50
2508788 0 59
2510222 0 59
2511655 0 72
2513191 0 37
2514666 0 49
2516222 0 53
2517758 0 55
2519212 0 50
2520625 0 56
2522141 0 61
2523574 0 41
2525008 0 60
2526503 0 56
2527916 0 57
2529452 0 71
2530988 0 46
2532565 0 54
2533998 0 51
2535473 0 57
2537029 0 56
2538463 0 60
2539937 0 62
2541432 0 40
2542989 0 60
2544525 0 66
2545999 0 44
2547556 0 49
2549112 0 52
2550525 0 54
2552061 0 49
2553495 0 66
2554990 0 39
2556465 0 50
2557939 0 63
2559352 0 45
2560786 0 55
2562281 0 61
2563714 0 40
2565127 0 57
2566704 0 51
2568240 0 52
2569715 0 70
2571148 0 45
2572603 0 58
2574077 0 49
2575490 0 49
2576965 0 66
2578439 0 39
2579975 0 54
2581450 0 53
2583006 0 53
2584522 0 54
2585955 0 55
2587409 0 54
2588925 0 60
2590440 0 72
2591874 0 44
2593266 0 52
2594720 0 62
2596216 0 45
2597731 0 54
2599246 0 60
2600660 0 59
2602093 0 70
2603527 0 41
2604981 0 53
2606537 0 58
2608114 0 50
2609548 0 68
2611002 0 40
2612476 0 58
2614074 0 55
2615630 0 57
2617146 0 67
2618559 0 46
2619992 0 52
2621508 0 53
2622941 0 51
2624498 0 61
2625890 0 37
2627345 0 55
2628901 0 61
2630335 0 42
2631789 0 59
2633345 0 50
2634758 0 59
2636253 0 60
2637687 0 49
2639243 0 71
2640779 0 41
2642254 0 51
2643708 0 56
2645141 0 69
2646595 0 42
2647988 0 51
2649504 0 63
2650978 0 44
2652535 0 49
2654030 0 63
2655443 0 39
2656876 0 56
2658433 0 52
2659948 0 51
2661505 0 58
2662959 0 52
2664413 0 72
2665949 0 39
2667464 0 55
2669000 0 64
2670516 0 46
2672072 0 58
2673526 0 59
2675062 0 50
2676557 0 55
2678032 0 49
2679465 0 60
2680960 0 72
2682496 0 46
2683991 0 52
2685466 0 54
2686940 0 58
2688374 0 50
2689889 0 63
2691343 0 48
2692736 0 53
2694252 0 56
2695706 0 55
2697180 0 59
2698614 0 50
2700027 0 60
2701501 0 70
2702935 0 47
2704491 0 52
2706027 0 66
2707563 0 42
2709099 0 52
2710656 0 61
2712089 0 48
2713502 0 57
2714936 0 71
2716472 0 43
2718008 0 56
2719462 0 56
2721018 0 69
2722472 0 38
2723927 0 55
2725442 0 54
2726998 0 58
2728575 0 50
2730132 0 55
2731688 0 63
2733204 0 45
2734678 0 60
2736091 0 50
2737607 0 51
2739040 0 65
2740515 0 43
2742092 0 58
2743648 0 57
2745184 0 58
2746638 0 57
2748215 0 53
2749731 0 61
2751267 0 42
2752762 0 52
2754298 0 67
2755793 0 45
2757267 0 57
2758844 0 58
2760298 0 61
2761855 0 42
2763309 0 49
2764845 0 54
2766381 0 72
2767876 0 48
2769391 0 59
2770866 0 59
2772320 0 51
2773733 0 59
2775228 0 49
2776682 0 58
2778259 0 72
2779734 0 44
2781147 0 60
2782560 0 67
2784055 0 40
2785468 0 56
2786963 0 67
2788499 0 47
2789953 0 56
2791366 0 67
2792759 0 43
2794213 0 55
2795728 0 49
2797264 0 56
2798759 0 50
2800254 0 55
2801811 0 72
2803183 0 42
2804657 0 57
2806234 0 65
2807647 0 44
2809183 0 56
2810699 0 52
2812235 0 51
2813791 0 51
2815327 0 72
2816720 0 44
2818276 0 56
2819751 0 70
2821164 0 38
2822597 0 55
2824133 0 54
2825669 0 57
2827226 0 66
2828700 0 42
2830195 0 59
2831752 0 59
2833226 0 54
2834762 0 69
2836257 0 46
2837773 0 57
2839268 0 65
2840722 0 37
2842176 0 50
2843630 0 51
2845084 0 56
2846559 0 49
2847972 0 70
2849405 0 37
2850839 0 59
2852395 0 60
2853931 0 64
2855344 0 43
2856798 0 55
2858293 0 55
2859707 0 57
2861161 0 49
2862615 0 56
2864110 0 55
2865584 0 68
2867038 0 46
2868595 0 50
2870008 0 54
2871503 0 54
2872977 0 57
2874534 0 50
2876070 0 67
2877524 0 46
2878957 0 60
2880452 0 54
2881927 0 72
2883340 0 37
2884753 0 51
2886187 0 49
2887620 0 50
2889095 0 69
2890590 0 39
2892105 0 57
2893580 0 60
2895034 0 65
2896549 0 42
2897942 0 57
2899417 0 70
2900891 0 46
2902468 0 58
2903902 0 58
2905397 0 50
2906851 0 66
2908346 0 47
2909882 0 60
2911418 0 66
2912954 0 45
2914510 0 53
2916066 0 50
2917521 0 54
2919016 0 71
2920449 0 39
2921862 0 55
2923378 0 49
2924852 0 55
2926327 0 72
2927822 0 44
2929255 0 49
2930791 0 56
2932286 0 69
2933720 0 43
2935194 0 60
2936730 0 53
2938164 0 64
2939598 0 40
2941113 0 55
2942629 0 60
2944185 0 65
2945639 0 45
2947155 0 50
2948691 0 69
2950165 0 40
2951578 0 52
2953032 0 57
2954589 0 59
2956043 0 49
2957517 0 67
2958951 0 38
2960405 0 60
2961879 0 60
2963436 0 57
2964972 0 70
2966467 0 47
2967941 0 54
2969457 0 55
2970952 0 58
2972508 0 52
2974065 0 70
2975457 0 39
2977014 0 51
2978509 0 50
2979963 0 50
2981499 0 51
2983035 0 62
2984468 0 47
2985943 0 51
2987479 0 58
2989035 0 49
2990571 0 59
2992005 0 55
2993561 0 66
2994995 0 40
2996470 0 53
2998005 0 50
2999521 0 69
3001077 0 40
3002613 0 55
3004108 0 55
3005685 0 52
3007139 0 70
3008573 0 40
3010007 0 52
3011481 0 55
3012956 0 51
3014430 0 57
3015884 0 67
3017338 0 37
3018874 0 57
3020431 0 51
3021905 0 52
3023359 0 55
3024793 0 72
3026206 0 37
3027721 0 54
3029196 0 60
3030691 0 53
3032206 0 49
3033620 0 60
3035135 0 58
3036651 0 56
3038166 0 63
3039661 0 37
3041074 0 58
3042651 0 49
3044126 0 49
3045539 0 58
3047116 0 54
3048529 0 71
3050065 0 48
3051580 0 56
3053137 0 51
3054570 0 54
3056004 0 67
3057519 0 37
3058994 0 54
3060530 0 58
3062025 0 54
3063417 0 72
3064851 0 46
3066305 0 57
3067882 0 57
3069336 0 55
3070790 0 50
3072326 0 61
3073883 0 39
3075357 0 49
3076770 0 50
3078204 0 54
3079699 0 53
3081173 0 69
3082709 0 44
3084266 0 56
3085699 0 53
3087256 0 72
3088669 0 44
3090102 0 49
3091515 0 61
3092949 0 43
3094403 0 53
3095919 0 63
3097393 0 48
3098888 0 57
3100322 0 60
3101858 0 50
3103353 0 51
3104786 0 55
3106199 0 60
3107674 0 61
3109230 0 47
3110705 0 50
3112118 0 55
3113572 0 49
3115129 0 54
3116583 0 59
3118098 0 53
3119511 0 56
3121068 0 64
3122583 0 47
3124119 0 56
3125573 0 52
3127048 0 49
3128522 0 53
3130079 0 58
3131533 0 70
3133007 0 41
3134543 0 54
3135936 0 55
3137492 0 57
3138946 0 49
3140339 0 53
3141895 0 57
3143431 0 51
3144824 0 70
3146217 0 45
3147630 0 57
3149186 0 55
3150661 0 53
3152197 0 64
3153733 0 44
3155228 0 57
3156764 0 55
3158197 0 52
3159733 0 59
3161208 0 56
3162723 0 60
3164259 0 60
3165775 0 65
3167208 0 38
3168683 0 50
3170239 0 53
3171652 0 71
3173147 0 44
3174601 0 50
3175994 0 51
3177469 0 51
3178923 0 63
3180377 0 47
3181790 0 52
3183203 0 52
3184759 0 72
3186295 0 45
3187852 0 60
3189306 0 50
3190739 0 49
3192275 0 50
3193729 0 57
3195183 0 63
3196740 0 42
3198255 0 54
3199709 0 50
3201225 0 50
3202638 0 55
3204174 0 54
3205669 0 71
3207103 0 43
3208639 0 56
3226700 0 104
3228174 0 104
3229608 0 104
3231144 0 104
3232680 0 104
3234114 0 104
3235547 0 104
3237001 0 104
3238394 0 104
3239868 0 104
3241404 0 105
3242920 0 105
3244333 0 105
3245787 0 105
3247343 0 105
3248879 0 106
3250436 0 104
3251869 0 105
3253323 0 106
3254880 0 104
3256334 0 105
3257768 0 106
3259181 0 104
3260594 0 105
3262109 0 106
3263522 0 104
3264956 0 105
3266410 0 106
3267844 0 104
3269318 0 105
3270834 0 105
3272329 0 105
3273783 0 105
3275196 0 105
3276752 0 106
3278268 0 104
3279701 0 105
3281155 0 105
3282650 0 105
3284104 0 105
3285538 0 105
3286951 0 106
3288487 0 104
3289921 0 105
3291416 0 105
3292911 0 106
3294324 0 104
3295778 0 105
3297314 0 105
3298850 0 105
3300386 0 106
3301942 0 104
3303335 0 105
3304809 0 105
3306263 0 105
3307799 0 105
3309212 0 105
3310769 0 105
3312223 0 106
3313718 0 104
3315213 0 105
3316749 0 105
3318162 0 106
3319677 0 104
3321172 0 105
3322586 0 105
3324019 0 106
3325555 0 104
3327009 0 105
3328484 0 105
3330040 0 105
3331494 0 105
3332928 0 105
3334341 0 106
3335815 0 104
3337290 0 105
3338805 0 105
3340280 0 105
3341754 0 105
3343270 0 105
3344826 0 105
3346301 0 105
3347816 0 106
3349311 0 104
3350745 0 105
3352179 0 105
3353715 0 106
3355210 0 104
3356602 0 105
3358097 0 106
3359551 0 104
3360964 0 105
3362480 0 105
3363975 0 105
3365429 0 105
3366944 0 106
3368358 0 104
3369853 0 105
3371327 0 105
3372761 0 105
3374215 0 106
3375730 0 104
3377184 0 105
3378679 0 106
3380092 0 104
3381526 0 105
3383041 0 105
3384536 0 105
3385929 0 105
3387363 0 105
3388755 0 105
3390271 0 106
3391766 0 104
3393158 0 105
3394592 0 105
3396026 0 105
3397459 0 106
3398975 0 104
3400470 0 105
3401985 0 105
3403480 0 105
3404934 0 105
3406429 0 105
3407863 0 106
3409317 0 104
3410832 0 105
3412389 0 106
3413904 0 104
3415440 0 105
3416915 0 105
3418307 0 105
3419843 0 105
3421359 0 105
3422874 0 106
3424431 0 104
3425905 0 105
3427318 0 105
3428752 0 106
3430186 0 104
3431681 0 105
3433196 0 106
3434650 0 104
3436063 0 105
3437497 0 105
3438992 0 105
3440507 0 106
3442043 0 104
3443559 0 105
3445054 0 106
3446610 0 104
3448023 0 105
3449477 0 106
3450952 0 104
3452385 0 105
3453901 0 105
3455314 0 106
3456789 0 104
3458181 0 105
3459615 0 105
3461048 0 105
3462462 0 105
3463916 0 106
3465411 0 104
3466926 0 105
3468360 0 105
3469855 0 105
3471411 0 105
3472824 0 105
3474319 0 105
3475794 0 105
3477248 0 106
3478722 0 104
3480115 0 105
3481528 0 105
3483044 0 105
3484539 0 105
3485993 0 105
3487488 0 105
3488942 0 105
3490355 0 106
3491850 0 104
3493304 0 105
3494758 0 106
3496273 0 104
3497748 0 105
3499161 0 106
3500697 0 104
3502151 0 105
3503585 0 105
3505039 0 106
3506452 0 104
3507926 0 105
3509442 0 105
3510957 0 105
3512514 0 106
3513968 0 104
3515524 0 105
3517060 0 106
3518555 0 104
3519968 0 105
3521381 0 105
3522917 0 105
3524433 0 106
3525928 0 104
3527464 0 105
3528918 0 105
3530331 0 105
3531846 0 105
3533342 0 105
3534796 0 105
3536352 0 106
3537827 0 104
3539383 0 105
3540858 0 106
3542414 0 104
3543848 0 105
3545404 0 106
3546940 0 104
3548353 0 105
3549787 0 106
3551302 0 104
3552818 0 105
3554231 0 105
3555787 0 105
3557262 0 105
3558654 0 106
3560170 0 104
3561706 0 105
3563180 0 105
3564634 0 106
3566047 0 104
3567461 0 105
3569017 0 105
3570512 0 105
3571905 0 106
3573441 0 104
3574936 0 105
3576431 0 105
3577905 0 105
3579359 0 105
3580875 0 105
3582349 0 105
3583906 0 105
3585339 0 106
3586793 0 104
3588227 0 105
3589660 0 105
3591115 0 105
3592589 0 105
3594002 0 105
3595436 0 106
3596931 0 104
3598467 0 105
3599982 0 105
3601395 0 105
3602911 0 105
3604426 0 105
3605983 0 105
3607437 0 105
3608911 0 106
3610345 0 104
3611779 0 105
3613314 0 106
3614789 0 104
3616243 0 105
3617738 0 105
3619254 0 105
3620749 0 105
3622182 0 106
3623718 0 104
3625152 0 105
3626606 0 106
3628121 0 104
3629657 0 105
3631173 0 106
3632647 0 104
3634204 0 105
3635637 0 105
3637194 0 106
3638750 0 104
3640266 0 105
3641679 0 105
3643174 0 105
3644648 0 106
3646205 0 104
3647597 0 105
3649113 0 105
3650628 0 105
3652062 0 106
3653537 0 104
3654970 0 105
3656506 0 105
3658001 0 105
3659557 0 106
3661012 0 104
3662466 0 105
3663981 0 106
3665538 0 104
3667012 0 105
3668425 0 106
3669941 0 104
3671477 0 105
3672869 0 105
3674262 0 106
3675675 0 104
3677088 0 105
3678624 0 106
3680140 0 104
3681614 0 105
3683150 0 106
3684666 0 104
3686181 0 105
3687717 0 105
3689233 0 105
3690646 0 105
3692059 0 105
3693595 0 105
3695131 0 106
3696564 0 104
3698080 0 105
3699575 0 106
3701090 0 104
3702647 0 105
3704101 0 105
3705555 0 105
3707029 0 106
3708524 0 104
3709937 0 105
3711391 0 106
3712886 0 104
3714300 0 105
3715754 0 105
3717249 0 105
3718682 0 105
3720218 0 105
3721775 0 105
3723188 0 106
3724683 0 104
3726116 0 105
3727591 0 106
3729106 0 104
3730601 0 105
3731994 0 105
3733407 0 105
3734882 0 105
3736377 0 105
3737851 0 105
3739408 0 105
3740944 0 106
3742480 0 104
3743995 0 105
3745408 0 105
3746883 0 105
3748357 0 105
3749852 0 106
3751368 0 104
3752883 0 105
3754378 0 105
3755771 0 106
3757327 0 104
3758822 0 105
3760276 0 105
3761792 0 105
3763328 0 105
3764843 0 106
3766400 0 104
3767936 0 105
3769451 0 106
3770987 0 104
3772400 0 105
3773895 0 105
3775288 0 106
3776762 0 104
3778278 0 105
3779814 0 105
3781247 0 106
3782804 0 104
3784217 0 105
3785773 0 105
3787248 0 105
3788682 0 105
3790238 0 106
3791754 0 104
3793249 0 105
3794682 0 105
3796239 0 105
3797734 0 105
3799270 0 106
3800744 0 104
3802137 0 105
3803693 0 105
3805229 0 105
3806704 0 105
3808240 0 106
3809694 0 104
3811148 0 105
3812684 0 106
3814220 0 104
3815633 0 105
3817087 0 105
3818541 0 105
3820077 0 105
3821531 0 106
3823046 0 104
3824541 0 105
3825934 0 105
3827388 0 105
3828842 0 105
3830296 0 106
3831853 0 104
3833389 0 105
3834843 0 105
3836358 0 105
3837812 0 105
3839348 0 106
3840864 0 104
3842318 0 105
3843854 0 105
3845308 0 105
3846803 0 106
3848236 0 104
3849711 0 105
3851185 0 105
3852578 0 105
3854094 0 105
3855548 0 105
3856981 0 106
3858394 0 104
3859828 0 105
3861302 0 105
3862777 0 105
3864313 0 105
3865787 0 105
3867201 0 106
3868696 0 104
3870211 0 105
3871727 0 105
3873201 0 105
3874594 0 105
3876130 0 105
3877563 0 106
3878997 0 104
3880553 0 105
3882028 0 105
3883543 0 106
3885059 0 104
3886595 0 105
3888049 0 106
3889482 0 104
3890998 0 105
3892493 0 105
3893947 0 105
3895380 0 105
3896876 0 105
3898391 0 105
3899906 0 105
3901381 0 106
3902876 0 104
3904330 0 105
3905764 0 105
3907279 0 105
3908733 0 105
3910167 0 106
3911621 0 104
3913177 0 105
3914631 0 105
3916147 0 105
3917580 0 106
3919116 0 104
3920529 0 105
3921963 0 105
3923417 0 105
3924871 0 105
3926428 0 105
3927964 0 106
3929479 0 104
3930872 0 105
3932367 0 105
3933903 0 105
3935336 0 105
3936811 0 106
3938306 0 104
3939780 0 105
3941193 0 105
3942586 0 105
3944040 0 105
3945535 0 105
3947010 0 105
3948423 0 105
3949897 0 106
3951454 0 104
3952969 0 105
3954485 0 105
3955959 0 105
3957495 0 105
3958990 0 105
3960424 0 105
3961960 0 106
3963516 0 104
3965011 0 105
3966527 0 105
3968001 0 105
3969414 0 105
3970848 0 105
3972343 0 106
3973777 0 104
3975210 0 105
3976685 0 105
3978077 0 106
3979490 0 104
3981026 0 105
3982439 0 105
3983955 0 105
3985368 0 105
3986924 0 105
3988440 0 105
3989996 0 106
3991430 0 104
3992864 0 105
3994297 0 105
3995710 0 106
3997205 0 104
3998618 0 105
4000031 0 105
4001465 0 105
4002919 0 105
4004455 0 106
4005868 0 104
4007363 0 105
4008858 0 105
4010333 0 106
4011828 0 104
4013364 0 105
4014777 0 105
4016190 0 105
4017644 0 105
4019159 0 106
4020654 0 104
4022108 0 105
4023583 0 106
4025099 0 104
4026655 0 105
4028109 0 106
4029625 0 104
4031079 0 105
4032512 0 106
4034028 0 104
4035523 0 105
4037079 0 106
4038513 0 104
4040049 0 105
4041462 0 105
4042895 0 105
4044452 0 105
4045947 0 105
4047339 0 106
4048834 0 104
4050329 0 105
4051865 0 106
4053340 0 104
4054753 0 105
4056187 0 106
4057661 0 104
4059197 0 105
4060713 0 106
4062126 0 104
4063580 0 105
4065095 0 105
4066549 0 105
4068024 0 106
4069498 0 104
4070911 0 105
4072447 0 106
4073983 0 104
4075458 0 105
4076973 0 106
4078387 0 104
4079922 0 105
4081356 0 106
4082892 0 104
4084387 0 105
4085943 0 106
4087377 0 104
4088893 0 105
4090306 0 105
4091719 0 105
4093173 0 105
4094688 0 105
4096142 0 105
4097596 0 105
4099030 0 106
4100586 0 104
4102102 0 105
4103556 0 105
4105031 0 106
4106464 0 104
4107918 0 105
4109475 0 105
4111031 0 105
4112424 0 105
4113939 0 106
4115373 0 104
4116888 0 105
4118445 0 105
4119899 0 106
4121455 0 104
4122991 0 105
4124466 0 106
4125961 0 104
4127476 0 105
