46528 0 2
48002 0 1
49395 0 8
50910 0 12
52385 0 10
53859 0 7
55395 0 5
56890 0 12
58304 0 3
59819 0 11
61232 0 14
62625 0 21
64120 0 25
65533 0 5
67007 0 21
68502 0 14
69916 0 14
71308 0 29
72803 0 5
74360 0 18
75855 0 36
77309 0 1
78783 0 15
80237 0 15
81732 0 15
83125 0 16
84579 0 25
86013 0 7
87487 0 23
89003 0 16
90375 0 17
91829 0 16
93262 0 22
94696 0 22
96211 0 28
97686 0 7
99119 0 15
100512 0 13
102028 0 17
103543 0 21
105038 0 36
106595 0 12
108028 0 21
109585 0 36
111059 0 6
112616 0 15
114152 0 13
115544 0 20
117060 0 17
118493 0 31
119927 0 11
121340 0 14
122794 0 26
124268 0 12
125805 0 22
127320 0 13
128794 0 19
130269 0 16
131805 0 14
133320 0 23
134734 0 25
136290 0 4
137683 0 23
139116 0 15
140652 0 21
142147 0 20
143601 0 19
145055 0 29
146489 0 8
147984 0 14
149377 0 16
150831 0 21
152367 0 17
153882 0 35
155295 0 12
156831 0 14
158326 0 14
159842 0 22
161378 0 19
162893 0 19
164409 0 29
165904 0 10
167440 0 20
168955 0 18
170368 0 23
171802 0 34
173317 0 1
174792 0 13
176246 0 30
177659 0 10
179113 0 15
180628 0 17
182062 0 33
183496 0 8
184991 0 17
186445 0 24
187981 0 23
189394 0 16
190766 0 29
192220 0 5
193612 0 22
195046 0 24
196603 0 24
198098 0 23
199593 0 17
200985 0 24
202501 0 27
203975 0 7
205470 0 22
207006 0 15
208542 0 19
210078 0 26
211573 0 4
213068 0 24
214502 0 24
215997 0 14
217512 0 33
219007 0 7
220482 0 21
221997 0 17
223472 0 17
224947 0 14
226339 0 28
227854 0 3
229288 0 22
230722 0 20
232155 0 14
233671 0 22
235186 0 29
236579 0 8
238053 0 19
239487 0 18
240961 0 20
242477 0 21
243890 0 35
245324 0 8
246901 0 18
248416 0 35
249972 0 3
251488 0 19
252962 0 13
254417 0 19
255871 0 18
257427 0 21
258922 0 19
260479 0 32
262015 0 7
263530 0 14
264943 0 16
266315 0 18
267851 0 18
269326 0 15
270841 0 28
272316 0 1
273749 0 20
275347 0 24
276862 0 16
278255 0 18
279688 0 28
281224 0 7
282740 0 14
284153 0 13
285648 0 19
287102 0 24
288618 0 31
290154 0 2
291546 0 15
293021 0 16
294393 0 14
295806 0 23
297280 0 17
298734 0 23
300250 0 26
301725 0 5
303138 0 20
304612 0 22
306066 0 25
307623 0 6
309179 0 17
310674 0 19
312190 0 35
313582 0 12
314975 0 17
316429 0 17
317965 0 17
319521 0 26
321016 0 5
322450 0 18
323945 0 23
325460 0 22
326935 0 15
328348 0 13
329843 0 17
331236 0 14
332669 0 30
334082 0 2
335618 0 16
337072 0 20
338649 0 21
340144 0 15
341578 0 32
343114 0 4
344486 0 18
346002 0 26
347497 0 4
349033 0 19
350609 0 30
352002 0 5
353415 0 14
354931 0 14
356323 0 30
357818 0 8
359375 0 15
360890 0 24
362324 0 20
363819 0 18
365293 0 19
366768 0 29
368242 0 2
369635 0 16
371069 0 24
372461 0 17
373854 0 34
375267 0 1
376782 0 18
378277 0 22
379813 0 15
381267 0 23
382660 0 32
384135 0 1
385671 0 18
387145 0 24
388579 0 15
390115 0 19
391548 0 36
393002 0 9
394518 0 24
395931 0 18
397426 0 17
398941 0 22
400375 0 18
401890 0 30
403386 0 9
404962 0 19
406519 0 21
408075 0 23
409632 0 21
411106 0 15
412622 0 18
414158 0 33
415694 0 1
417230 0 24
418745 0 15
420220 0 35
421735 0 2
423210 0 21
424623 0 17
426015 0 22
427551 0 24
429087 0 20
430562 0 20
431996 0 17
433511 0 29
434965 0 10
436522 0 15
438017 0 16
439389 0 34
440761 0 4
442153 0 20
443730 0 28
445246 0 10
446782 0 18
448277 0 20
449874 0 30
451349 0 7
452844 0 19
454298 0 35
455711 0 10
457226 0 23
458640 0 31
460114 0 2
461609 0 22
463043 0 23
464476 0 20
465910 0 31
467446 0 8
469023 0 23
470497 0 17
472033 0 21
473487 0 24
474982 0 16
476436 0 27
477911 0 11
479324 0 24
480717 0 14
482150 0 29
483666 0 1
485120 0 16
486512 0 15
488007 0 15
489420 0 29
490793 0 11
492288 0 24
493680 0 24
495175 0 23
496691 0 19
498268 0 31
499845 0 5
501299 0 14
502732 0 16
504104 0 30
505538 0 7
506992 0 21
508487 0 15
510002 0 14
511436 0 14
512952 0 13
514467 0 27
515880 0 6
517457 0 24
518973 0 14
520427 0 13
521860 0 13
523253 0 18
524789 0 20
526263 0 18
527779 0 28
529233 0 2
530666 0 13
532161 0 25
533656 0 3
535049 0 16
536462 0 31
537896 0 5
539432 0 24
540906 0 29
542381 0 2
543876 0 18
545412 0 35
546907 0 5
548422 0 21
549979 0 30
551351 0 5
552784 0 13
554218 0 17
555713 0 20
557167 0 20
558724 0 15
560157 0 23
561714 0 29
563209 0 2
564683 0 15
566199 0 29
567591 0 11
569148 0 13
570643 0 18
572117 0 19
573592 0 15
575025 0 32
576479 0 11
577933 0 17
579408 0 25
580842 0 11
582255 0 15
583729 0 19
585245 0 16
586740 0 33
588255 0 12
589791 0 19
591225 0 19
592720 0 22
594215 0 31
595751 0 10
597164 0 24
598577 0 20
600092 0 17
601506 0 19
602980 0 31
604393 0 9
605909 0 19
607342 0 28
608837 0 1
610250 0 23
611725 0 21
613281 0 36
614817 0 6
616271 0 13
617746 0 26
619200 0 12
620613 0 15
622108 0 28
623664 0 9
625160 0 17
626675 0 19
628088 0 21
629542 0 31
630976 0 9
632409 0 18
633884 0 17
635276 0 18
636751 0 13
638185 0 29
639659 0 4
641175 0 16
642588 0 17
644103 0 36
645557 0 11
647073 0 14
648506 0 29
649940 0 9
651394 0 23
652868 0 28
654343 0 11
655818 0 13
657210 0 16
658664 0 22
660200 0 33
661757 0 8
663334 0 20
664808 0 13
666324 0 24
667798 0 13
669293 0 28
670686 0 11
672140 0 14
673655 0 32
675048 0 4
676420 0 15
677936 0 22
679390 0 34
680844 0 1
682257 0 16
683731 0 14
685124 0 25
686639 0 1
688052 0 24
689486 0 35
691022 0 11
692456 0 14
693848 0 22
695302 0 27
696695 0 8
698169 0 19
699583 0 22
701139 0 19
702655 0 16
704150 0 16
705645 0 34
707037 0 8
708553 0 15
710007 0 20
711461 0 18
713017 0 15
714512 0 17
715925 0 32
717461 0 10
718936 0 23
720349 0 23
721762 0 18
723237 0 25
724752 0 6
726206 0 20
727742 0 14
729155 0 13
730650 0 17
732104 0 36
733620 0 1
735115 0 20
736651 0 23
738125 0 30
739477 0 6
740951 0 16
742487 0 25
743962 0 5
745477 0 13
746870 0 25
748365 0 5
749881 0 14
751273 0 22
752748 0 17
754181 0 23
755615 0 18
757028 0 26
758441 0 11
759875 0 23
761308 0 29
762844 0 12
764319 0 18
765814 0 23
767247 0 18
768783 0 30
770176 0 3
771589 0 20
773023 0 29
774477 0 10
775951 0 21
777487 0 18
779044 0 22
780498 0 16
781952 0 23
783406 0 16
784880 0 13
786293 0 29
787788 0 9
789242 0 23
790799 0 27
792273 0 8
793850 0 22
795366 0 16
796861 0 20
798438 0 21
799974 0 14
801407 0 30
802861 0 2
804356 0 19
805933 0 25
807469 0 4
808964 0 19
810398 0 33
811811 0 1
813286 0 19
814719 0 25
816214 0 6
817771 0 18
819266 0 17
820658 0 20
822153 0 23
823669 0 18
825164 0 15
826638 0 25
828195 0 11
829751 0 20
831267 0 36
832721 0 7
834154 0 22
835588 0 32
837062 0 2
838537 0 18
840011 0 20
841466 0 21
842899 0 17
844312 0 13
845725 0 29
847159 0 10
848654 0 19
850190 0 26
851685 0 11
853200 0 15
854654 0 15
856088 0 13
857481 0 26
858935 0 3
860368 0 24
861781 0 20
863215 0 16
864649 0 36
866082 0 4
867516 0 21
868929 0 28
870403 0 11
871919 0 16
873373 0 24
874847 0 13
876281 0 18
877694 0 35
879169 0 1
880582 0 14
882077 0 19
883510 0 18
884923 0 18
886336 0 13
887790 0 34
889306 0 1
890760 0 17
892173 0 24
893627 0 29
895020 0 8
896494 0 15
898010 0 35
899566 0 3
901102 0 23
902659 0 18
904113 0 31
905690 0 7
907226 0 18
908782 0 15
910236 0 20
911711 0 25
913185 0 10
914619 0 14
916155 0 21
917629 0 18
919063 0 30
920496 0 10
921951 0 16
923323 0 14
924859 0 14
926395 0 15
927849 0 19
929303 0 15
930818 0 27
932231 0 10
933747 0 18
935242 0 14
936716 0 13
938170 0 23
939624 0 15
941099 0 36
942655 0 7
944109 0 18
1302915 0 101
1304328 0 101
1305803 0 101
1307339 0 101
1308773 0 101
1310247 0 101
1311742 0 101
1313258 0 101
1314732 0 101
1316125 0 101
1317599 0 102
1319074 0 102
1320569 0 102
1322064 0 102
1323477 0 102
1324951 0 103
1326385 0 101
1327880 0 102
1329437 0 103
1330952 0 101
1332427 0 102
1333860 0 102
1335355 0 102
1336850 0 102
1338366 0 103
1339820 0 101
1341335 0 102
1342769 0 103
1344264 0 101
1345697 0 102
1347090 0 103
1348544 0 101
1349978 0 102
1351473 0 103
1352988 0 101
1354524 0 102
1355999 0 102
1357473 0 102
1358968 0 102
1360443 0 102
1361938 0 102
1363412 0 102
1364887 0 103
1366443 0 101
1367938 0 102
1369392 0 102
1370887 0 102
1372321 0 103
1373754 0 101
1375147 0 102
1376622 0 103
1378158 0 101
1379673 0 102
1381209 0 102
1382684 0 102
1384179 0 103
1385612 0 101
1387148 0 102
1388664 0 102
1390200 0 102
1391654 0 102
1393087 0 102
1394541 0 103
1396057 0 101
1397552 0 102
1399047 0 102
1400542 0 102
1401975 0 102
1403470 0 102
1404965 0 102
1406379 0 102
1407874 0 103
1409287 0 101
1410823 0 102
1412359 0 102
1413772 0 102
1415226 0 102
1416680 0 102
1418175 0 103
1419752 0 101
1421267 0 102
1422824 0 102
1424360 0 102
1425855 0 103
1427288 0 101
1428722 0 102
1430196 0 103
1431732 0 101
1433207 0 102
1434702 0 103
1436279 0 101
1437774 0 102
1439310 0 102
1440846 0 102
1442259 0 102
1443733 0 102
1445187 0 103
1446682 0 101
1448198 0 102
1449693 0 102
1451127 0 102
1452642 0 102
1454117 0 102
1455509 0 102
1456902 0 103
1458417 0 101
1459830 0 102
1461325 0 103
1462841 0 101
1464274 0 102
1465667 0 102
1467203 0 103
1468637 0 101
1470091 0 102
1471504 0 102
1472917 0 102
1474432 0 103
1475968 0 101
1477402 0 102
1478917 0 102
1480371 0 102
1481846 0 103
1483382 0 101
1484897 0 102
1486331 0 103
1487887 0 101
1489321 0 102
1490796 0 102
1492311 0 103
1493868 0 101
1495301 0 102
1496735 0 102
1498250 0 102
1499725 0 102
1501158 0 102
1502592 0 102
1504107 0 102
1505500 0 103
1507056 0 101
1508551 0 102
1509944 0 102
1511460 0 102
1512852 0 102
1514347 0 102
1515760 0 102
1517276 0 103
1518832 0 101
1520225 0 102
1521699 0 102
1523112 0 103
1524587 0 101
1526000 0 102
1527495 0 102
1528888 0 102
1530383 0 103
1531898 0 101
1533414 0 102
1534827 0 102
1536219 0 102
1537633 0 102
1539128 0 102
1540561 0 103
1542056 0 101
1543510 0 102
1545046 0 103
1546582 0 101
1547995 0 102
1549490 0 102
1550944 0 102
1552419 0 102
1553914 0 102
1555388 0 103
1556904 0 101
1558440 0 102
1559832 0 103
1561409 0 101
1562884 0 102
1564297 0 103
1565854 0 101
1567389 0 102
1568803 0 102
1570359 0 102
1571813 0 102
1573349 0 102
1574783 0 102
1576298 0 103
1577773 0 101
1579247 0 102
1580742 0 103
1582278 0 101
1583712 0 102
1585145 0 103
1586681 0 101
1588094 0 102
1589548 0 103
1591105 0 101
1592518 0 102
1594054 0 102
1595590 0 103
1597003 0 101
1598457 0 102
1599952 0 103
1601386 0 101
1602819 0 102
1604294 0 103
1605707 0 101
1607161 0 102
1608594 0 103
1610151 0 101
1611564 0 102
1612998 0 102
1614411 0 102
1615844 0 102
1617380 0 102
1618814 0 102
1620268 0 103
1621681 0 101
1623156 0 102
1624630 0 102
1626043 0 102
1627518 0 102
1628931 0 102
1630385 0 103
1631900 0 101
1633334 0 102
1634747 0 102
1636140 0 103
1637594 0 101
1639130 0 102
1640604 0 102
1641997 0 103
1643512 0 101
1645048 0 102
1646461 0 103
1647997 0 101
1649431 0 102
1650926 0 102
1652400 0 102
1653936 0 102
1655452 0 102
1656967 0 103
1658421 0 101
1659957 0 102
1661493 0 103
1663050 0 101
1664565 0 102
1665978 0 102
1667494 0 103
1668928 0 101
1670361 0 102
1671877 0 102
1673372 0 103
1674928 0 101
1676423 0 102
1677836 0 103
1679372 0 101
1680888 0 102
1682362 0 103
1683796 0 101
1685229 0 102
1686663 0 102
1688076 0 102
1689489 0 102
1690984 0 102
1692438 0 102
1693872 0 103
1695326 0 101
1696862 0 102
1698254 0 103
1699770 0 101
1701265 0 102
1702719 0 103
1704152 0 101
1705586 0 102
1707040 0 102
1708515 0 102
1709969 0 102
1711423 0 102
1712815 0 102
1714331 0 102
1715826 0 103
1717403 0 101
1718795 0 102
1720270 0 102
1721704 0 102
1723096 0 102
1724632 0 102
1726045 0 103
1727499 0 101
1728933 0 102
1730407 0 103
1731964 0 101
1733397 0 102
1734831 0 103
1736306 0 101
1737780 0 102
1739316 0 102
1740709 0 103
1742142 0 101
1743658 0 102
1745214 0 102
1746689 0 102
1748102 0 102
1749576 0 103
1751112 0 101
1752648 0 102
1754164 0 102
1755556 0 102
1756949 0 103
1758424 0 101
1759837 0 102
1761229 0 102
1762663 0 102
1764117 0 102
1765653 0 102
1767066 0 103
1768520 0 101
1769913 0 102
1771428 0 103
1773005 0 101
1774459 0 102
1775852 0 102
1777347 0 102
1778883 0 103
1780398 0 101
1781811 0 102
1783347 0 102
1784842 0 102
1786276 0 102
1787689 0 102
1789123 0 103
1790638 0 101
1792133 0 102
1793567 0 102
1795021 0 102
1796495 0 102
1797908 0 102
1799444 0 103
1800898 0 101
1802332 0 102
1803725 0 102
1805220 0 102
1806755 0 102
1808148 0 102
1809541 0 103
1810995 0 101
1812510 0 102
1814046 0 103
1815459 0 101
1816954 0 102
1818367 0 102
1819822 0 102
1821276 0 102
1822689 0 102
1824143 0 102
1825576 0 102
1827051 0 103
1828607 0 101
1830082 0 102
1831536 0 102
1833010 0 102
1834546 0 102
1836041 0 103
1837557 0 101
1839011 0 102
1840445 0 103
1841960 0 101
1843373 0 102
1844909 0 103
1846343 0 101
1847776 0 102
1849169 0 102
1850582 0 102
1852016 0 102
1853551 0 102
1854944 0 103
1856501 0 101
1857955 0 102
1859347 0 102
1860863 0 102
1862378 0 102
1863812 0 103
1865307 0 101
1866699 0 102
1868113 0 103
1869546 0 101
1871000 0 102
1872475 0 102
1873929 0 102
1875342 0 102
1876775 0 102
1878229 0 103
1879684 0 101
1881199 0 102
1882735 0 102
1884250 0 103
1885807 0 101
1887322 0 102
1888797 0 103
1890231 0 101
1891787 0 102
1893241 0 102
1894777 0 102
1896272 0 102
1897767 0 103
1899242 0 101
1900737 0 102
1902273 0 103
1903808 0 101
1905324 0 102
1906799 0 103
1908314 0 101
1909809 0 102
1911284 0 102
1912779 0 102
1914212 0 103
1915769 0 101
1917223 0 102
1918718 0 102
1920131 0 103
1921585 0 101
1923039 0 102
1924575 0 102
1925988 0 102
1927401 0 102
1928896 0 103
1930330 0 101
1931866 0 102
1933381 0 102
1934917 0 102
1936392 0 102
1937887 0 102
1939402 0 102
1940856 0 103
1942351 0 101
1943826 0 102
1945259 0 102
1946713 0 102
1948229 0 103
1949662 0 101
1951117 0 102
1952591 0 102
1953984 0 103
1955520 0 101
1956933 0 102
1958346 0 103
1959800 0 101
1961315 0 102
1962749 0 103
1964244 0 101
1965718 0 102
1967132 0 103
1968565 0 101
1970101 0 102
1971555 0 102
1972948 0 102
1974402 0 102
1975938 0 102
1977453 0 103
1978866 0 101
1980341 0 102
1981734 0 103
1983270 0 101
1984724 0 102
1986137 0 102
1987611 0 102
1989127 0 103
1990642 0 101
1992096 0 102
1993571 0 102
1995045 0 102
1996438 0 102
1997851 0 102
1999264 0 102
2000657 0 103
2002152 0 101
2003544 0 102
2005080 0 102
2006555 0 102
2008050 0 103
2009586 0 101
2011142 0 102
2012699 0 102
2014214 0 103
2015750 0 101
2017225 0 102
2018638 0 103
2020153 0 101
2021689 0 102
2023205 0 102
2024618 0 102
2026133 0 102
2027628 0 102
2029144 0 102
2030639 0 103
2032114 0 101
2033568 0 102
2035083 0 102
2036537 0 102
2037971 0 103
2039404 0 101
2040858 0 102
2042374 0 102
2043848 0 102
2045323 0 102
2046736 0 102
2048170 0 102
2049726 0 102
2051139 0 103
2052675 0 101
2054088 0 102
2055583 0 102
2057017 0 102
2058430 0 103
2059925 0 101
2061317 0 102
2062751 0 102
2064226 0 102
2065639 0 102
2067031 0 102
2068506 0 102
2070021 0 103
2071496 0 101
2072950 0 102
2074506 0 103
2075940 0 101
2077476 0 102
2078889 0 102
2080343 0 102
2081797 0 102
2083333 0 103
2084787 0 101
2086200 0 102
2087593 0 103
2089088 0 101
2090542 0 102
2092078 0 102
2093511 0 102
2094986 0 102
2096501 0 103
2097956 0 101
2099471 0 102
2100884 0 102
2102400 0 102
2103792 0 102
2105226 0 102
2106639 0 103
2108134 0 101
2109588 0 102
2111103 0 103
2112639 0 101
2114114 0 102
2115629 0 102
2117145 0 102
2118579 0 102
2120053 0 102
2121487 0 103
2122961 0 101
2124497 0 102
2125910 0 102
2127323 0 102
2128818 0 102
2130252 0 102
2131665 0 102
2133078 0 103
2134655 0 101
2136048 0 102
2137502 0 103
2139017 0 101
2140410 0 102
2141905 0 102
2143400 0 103
2144813 0 101
2146226 0 102
2147762 0 102
2149237 0 102
2150670 0 102
2152165 0 102
2153619 0 102
2155073 0 103
2156548 0 101
2158084 0 102
2159620 0 102
2161053 0 103
2162610 0 101
2164064 0 102
2165456 0 102
2166951 0 103
2168385 0 101
2169798 0 102
2171293 0 102
2172747 0 103
2174222 0 101
2175758 0 102
2177273 0 102
2178686 0 102
2180202 0 102
2181656 0 103
2183110 0 101
2184543 0 102
2186018 0 103
2187554 0 101
2189028 0 102
2190483 0 102
2191957 0 102
2193452 0 102
2194886 0 102
2196422 0 103
2197958 0 101
2199412 0 102
2230388 0 46
2231821 0 40
2233255 0 47
2234709 0 48
2236142 0 47
2237638 0 41
2239071 0 42
2240505 0 37
2242000 0 42
2243392 0 45
2244826 0 59
2246382 0 50
2247836 0 59
2249311 0 50
2250765 0 59
2252198 0 59
2253632 0 50
2255148 0 56
2256684 0 63
2258158 0 37
2259571 0 57
2261107 0 56
2262561 0 54
2264036 0 57
2265613 0 64
2267026 0 42
2268439 0 51
2269872 0 65
2271347 0 38
2272801 0 51
2274214 0 56
2275750 0 69
2277184 0 39
2278597 0 54
2280030 0 54
2281566 0 55
2283102 0 52
2284659 0 52
2286133 0 51
2287649 0 65
2289144 0 47
2290598 0 51
2292134 0 54
2293567 0 58
2295124 0 56
2296639 0 61
2298114 0 42
2299609 0 50
2301165 0 65
2302619 0 45
2304073 0 49
2305487 0 71
2306900 0 46
2308415 0 59
2309869 0 55
2311344 0 49
2312880 0 50
2314293 0 64
2315706 0 43
2317262 0 50
2318737 0 52
2320293 0 51
2321788 0 63
2323263 0 42
2324778 0 56
2326253 0 55
2327768 0 58
2329304 0 59
2330758 0 67
2332212 0 38
2333707 0 57
2335141 0 68
2336616 0 39
2338070 0 60
2339565 0 68
2341060 0 38
2342616 0 60
2344152 0 69
2345688 0 41
2347245 0 57
2348780 0 52
2350214 0 65
2351689 0 44
2353245 0 53
2354658 0 71
2356215 0 47
2357751 0 58
2359205 0 58
2360761 0 56
2362318 0 67
2363833 0 38
2365328 0 50
2366762 0 54
2368298 0 56
2369854 0 55
2371308 0 56
2372721 0 67
2374155 0 37
2375609 0 58
2377083 0 54
2378558 0 60
2380073 0 68
2381507 0 42
2383043 0 51
2384579 0 71
2385992 0 40
2387467 0 57
2389003 0 71
2390518 0 44
2391972 0 53
2393406 0 59
2394880 0 56
2396416 0 54
2397870 0 59
2399324 0 52
2400799 0 71
2402212 0 46
2403707 0 56
2405120 0 52
2406635 0 64
2408171 0 42
2409625 0 49
2411039 0 71
2412452 0 41
2413947 0 59
2415360 0 53
2416834 0 52
2418268 0 50
2419783 0 49
2421196 0 56
2422630 0 66
2424146 0 46
2425722 0 53
2427197 0 54
2428610 0 57
2430085 0 71
2431580 0 46
2433157 0 57
2434631 0 52
2436167 0 60
2437601 0 56
2439178 0 57
2440652 0 54
2442209 0 61
2443683 0 43
2445199 0 58
2446776 0 60
2448189 0 60
2449643 0 66
2451097 0 42
2452530 0 58
2454107 0 66
2455582 0 40
2457097 0 57
2458613 0 63
2460108 0 40
2461562 0 56
2463036 0 60
2464490 0 52
2465924 0 69
2467480 0 42
2469037 0 49
2470491 0 52
2472047 0 55
2473481 0 66
2474915 0 46
2476389 0 54
2477884 0 60
2479420 0 62
2480874 0 44
2482410 0 52
2483844 0 59
2485380 0 57
2486916 0 59
2488370 0 54
2489926 0 57
2491462 0 57
2492896 0 71
2494391 0 45
2495886 0 49
2497422 0 55
2498937 0 58
2500494 0 54
2502030 0 68
2503525 0 41
2505040 0 49
2506556 0 53
2508071 0 55
2509505 0 69
2510959 0 43
2512413 0 56
2513949 0 56
2515382 0 69
2516816 0 45
2518250 0 53
2519806 0 59
2521362 0 56
2522775 0 60
2524291 0 70
2525704 0 40
2527138 0 57
2528551 0 55
2530025 0 60
2531459 0 56
2532892 0 55
2534428 0 61
2535944 0 41
2537357 0 58
2538832 0 67
2540245 0 45
2541719 0 50
2543214 0 55
2544627 0 51
2546061 0 56
2547556 0 70
2549030 0 40
2550566 0 57
2552020 0 57
2553577 0 69
2555010 0 47
2556424 0 60
2557919 0 59
2559455 0 52
2560868 0 49
2562383 0 64
2563817 0 45
2565291 0 49
2566827 0 61
2568384 0 44
2569797 0 58
2571230 0 54
2572725 0 52
2574138 0 59
2575633 0 51
2577149 0 60
2578603 0 52
2580037 0 63
2581532 0 46
2583088 0 50
2584583 0 63
2586037 0 37
2587532 0 59
2588945 0 51
2590420 0 57
2591853 0 60
2593328 0 56
2594782 0 62
2596216 0 41
2597629 0 59
2599124 0 49
2600516 0 59
2602052 0 55
2603568 0 59
2605001 0 56
2606435 0 61
2607889 0 48
2609282 0 50
2610777 0 64
2612210 0 43
2613644 0 50
2615200 0 49
2616716 0 55
2618129 0 54
2619685 0 66
2621119 0 39
2622573 0 54
2624006 0 51
2625440 0 70
2626914 0 45
2628410 0 57
2629966 0 67
2631440 0 44
2632854 0 56
2634369 0 53
2635885 0 53
2637441 0 51
2638936 0 68
2640492 0 48
2642028 0 49
2643483 0 65
2645018 0 39
2646554 0 50
2648090 0 51
2649545 0 71
2650978 0 43
2652535 0 56
2653948 0 64
2655484 0 43
2656958 0 49
2658474 0 53
2660030 0 55
2661484 0 63
2662938 0 44
2664495 0 54
2665928 0 54
2667403 0 59
2668816 0 68
2670311 0 41
2671704 0 60
2673178 0 50
2674714 0 69
2676209 0 38
2677643 0 59
2679076 0 69
2680592 0 45
2682025 0 56
2683500 0 54
2684913 0 49
2686387 0 53
2687903 0 59
2689336 0 69
2690831 0 37
2692245 0 57
2693678 0 71
2695132 0 48
2696607 0 49
2698143 0 70
2699576 0 42
2700989 0 52
2702423 0 56
2703897 0 58
2705352 0 59
2706867 0 49
2708342 0 67
2709775 0 43
2711270 0 49
2712765 0 50
2714301 0 50
2715694 0 65
2717230 0 41
2718786 0 54
2720199 0 55
2721612 0 55
2723169 0 53
2724684 0 51
2726118 0 61
2727572 0 39
2729067 0 53
2730562 0 52
2732077 0 66
2733470 0 44
2734986 0 54
2736440 0 58
2737914 0 50
2739409 0 54
2740822 0 64
2742297 0 40
2743710 0 58
2745287 0 55
2746700 0 59
2748215 0 59
2749772 0 52
2751205 0 53
2752639 0 64
2754195 0 44
2755629 0 55
2757185 0 59
2758578 0 64
2759991 0 39
2761486 0 52
2762940 0 53
2764435 0 61
2765848 0 41
2767384 0 58
2768920 0 51
2770436 0 61
2771890 0 39
2773323 0 57
2774778 0 58
2776252 0 58
2777686 0 53
2779140 0 63
2780696 0 39
2782171 0 58
2783727 0 56
2785181 0 56
2786635 0 58
2788151 0 57
2789707 0 59
2791264 0 56
2792738 0 67
2794172 0 38
2795646 0 57
2797121 0 71
2798657 0 41
2800111 0 56
2801544 0 60
2803039 0 72
2804555 0 43
2806111 0 59
2807627 0 54
2809060 0 58
2810535 0 49
2812030 0 52
2813505 0 62
2814918 0 44
2816433 0 54
2817949 0 66
2819362 0 44
2820857 0 60
2822270 0 53
2823703 0 57
2825219 0 49
2826714 0 60
2828188 0 65
2829642 0 48
2831199 0 50
2832653 0 57
2834209 0 57
2835766 0 58
2837343 0 53
2838899 0 52
2840415 0 55
2841869 0 71
2843261 0 47
2844777 0 55
2846251 0 59
2847685 0 57
2849139 0 71
2850634 0 45
2852088 0 52
2853583 0 69
2855160 0 39
2856553 0 54
2857966 0 55
2859502 0 54
2860935 0 68
2862492 0 38
2863905 0 50
2865420 0 57
2866895 0 52
2868329 0 57
2869824 0 60
2871237 0 59
2872650 0 63
2874083 0 41
2875640 0 51
2877053 0 56
2878466 0 70
2879981 0 44
2881435 0 50
2882869 0 57
2884405 0 60
2885941 0 63
2887375 0 42
2888829 0 56
2890324 0 68
2891737 0 46
2893314 0 49
2894768 0 56
2896304 0 53
2897819 0 71
2899294 0 43
2900809 0 51
2902304 0 60
2903758 0 67
2905294 0 40
2906789 0 60
2908182 0 57
2909759 0 57
2911213 0 50
2912728 0 70
2914162 0 48
2915657 0 57
2917111 0 58
2918647 0 60
2920203 0 51
2921719 0 57
2923214 0 62
2924709 0 46
2926224 0 58
2927760 0 49
2929194 0 69
2930730 0 38
2932143 0 54
2933638 0 68
2935154 0 37
2936567 0 50
2938123 0 54
2939516 0 66
2941031 0 40
2942506 0 58
2943960 0 49
2945352 0 52
2946888 0 60
2948445 0 53
2949858 0 55
2951292 0 69
2952725 0 37
2954200 0 52
2955695 0 59
2957149 0 55
2958705 0 49
2960241 0 72
2961757 0 45
2963211 0 56
2964685 0 56
2966201 0 55
2967716 0 66
2969211 0 47
2970604 0 59
2972037 0 59
2973512 0 53
2974946 0 68
2976461 0 37
2977915 0 59
2979431 0 64
2980967 0 40
2982482 0 50
2983916 0 54
2985431 0 53
2986926 0 54
2988442 0 71
2989937 0 48
2991473 0 49
2992906 0 63
2994483 0 46
2995937 0 60
2997350 0 57
2998907 0 66
3000402 0 41
3001938 0 51
3003392 0 63
3004948 0 39
3006382 0 60
3007918 0 67
3009433 0 39
3010990 0 60
3012403 0 65
3013898 0 43
3015454 0 60
3016970 0 54
3018383 0 69
3019878 0 42
3021311 0 54
3022847 0 59
3024261 0 63
3025817 0 44
3027353 0 49
3028868 0 55
3030323 0 56
3031777 0 56
3033231 0 57
3034746 0 72
3036139 0 40
3037654 0 59
3039190 0 49
3040685 0 60
3042221 0 57
3043716 0 50
3045232 0 68
3046768 0 41
3048201 0 50
3049676 0 53
3051089 0 60
3052563 0 51
3053976 0 56
3055512 0 50
3056926 0 64
3058400 0 47
3059813 0 49
3061267 0 67
3062742 0 42
3064216 0 56
3065670 0 55
3067104 0 57
3068660 0 72
3070176 0 45
3071630 0 55
3073104 0 58
3074640 0 54
3076115 0 49
3077528 0 49
3078962 0 68
3080354 0 37
3081829 0 60
3083344 0 64
3084778 0 43
3086211 0 57
3087666 0 61
3089202 0 45
3090758 0 53
3092253 0 54
3093646 0 55
3095202 0 51
3096738 0 50
3098274 0 70
3099667 0 40
3101223 0 50
3102677 0 65
3104152 0 41
3105688 0 53
3107224 0 51
3108739 0 50
3110234 0 53
3111688 0 70
3113183 0 37
3114719 0 54
3116235 0 68
3117730 0 47
3119184 0 60
3120740 0 59
3122256 0 53
3123710 0 58
3125184 0 63
3126700 0 41
3128133 0 56
3129546 0 52
3131082 0 50
3132618 0 49
3225180 0 104
3226696 0 104
3228129 0 104
3229542 0 104
3230955 0 104
3232471 0 104
3233945 0 104
3235358 0 104
3236894 0 104
3238328 0 104
3239762 0 105
3241195 0 105
3242752 0 105
3244267 0 106
3245721 0 104
3247237 0 105
3248732 0 106
3250145 0 104
3251640 0 105
3253073 0 105
3254548 0 105
3256002 0 105
3257517 0 106
3259053 0 104
3260548 0 105
3261982 0 106
3263518 0 104
3264931 0 105
3266447 0 105
3267942 0 105
3269375 0 106
3270891 0 104
3272345 0 105
3273758 0 106
3275191 0 104
3276707 0 105
3278181 0 105
3279717 0 105
3281192 0 106
3282605 0 104
3284080 0 105
3285534 0 105
3286947 0 106
3288380 0 104
3289814 0 105
3291309 0 105
3292763 0 105
3294319 0 106
3295773 0 104
3297330 0 105
3298845 0 105
3300258 0 105
3301692 0 105
3303146 0 105
3304600 0 105
3306157 0 106
3307631 0 104
3309188 0 105
3310662 0 105
3312178 0 106
3313734 0 104
3315127 0 105
3316683 0 105
3318219 0 105
3319612 0 106
3321045 0 104
3322458 0 105
3323912 0 105
3325428 0 105
3326964 0 105
3328500 0 106
3329995 0 104
3331551 0 105
3332944 0 105
3334378 0 106
3335811 0 104
3337347 0 105
3338781 0 105
3340235 0 105
3341750 0 105
3343307 0 106
3344761 0 104
3346194 0 105
3347669 0 105
3349143 0 105
3350659 0 105
3352092 0 105
3353587 0 106
3355041 0 104
3356557 0 105
3358052 0 105
3359588 0 105
3361001 0 105
3362558 0 106
3364053 0 104
3365548 0 105
3367043 0 105
3368456 0 105
3369930 0 106
3371425 0 104
3372920 0 105
3374415 0 105
3375828 0 105
3377241 0 106
3378757 0 104
3380293 0 105
3381849 0 106
3383242 0 104
3384778 0 105
3386314 0 105
3387788 0 105
3389202 0 105
3390676 0 105
3392151 0 106
3393564 0 104
3395038 0 105
3396554 0 106
3398049 0 104
3399503 0 105
3400998 0 105
3402390 0 105
3403926 0 105
3405319 0 105
3406773 0 105
3408268 0 106
3409763 0 104
3411176 0 105
3412733 0 105
3414228 0 105
3415764 0 105
3417218 0 106
3418672 0 104
3420126 0 105
3421559 0 105
3423116 0 105
3424590 0 105
3426065 0 105
3427601 0 106
3429034 0 104
3430468 0 105
3431861 0 105
3433335 0 105
3434748 0 105
3436141 0 106
3437697 0 104
3439213 0 105
3440687 0 105
3442121 0 105
3443514 0 105
3445070 0 105
3446524 0 105
3447937 0 106
3449432 0 104
3450968 0 105
3452402 0 105
3453938 0 105
3455392 0 105
3456948 0 105
3458505 0 105
3459938 0 106
3461351 0 104
3462805 0 105
3464321 0 105
3465734 0 105
3467127 0 105
3468642 0 106
3470178 0 104
3471591 0 105
3473086 0 106
3474622 0 104
3476158 0 105
3477674 0 105
3479169 0 106
3480582 0 104
3482015 0 105
3483428 0 105
3484882 0 106
3486316 0 104
3487729 0 105
3489142 0 106
3490555 0 104
3492050 0 105
3493607 0 105
3495143 0 105
3496556 0 105
3498071 0 105
3499566 0 105
3501020 0 106
3502495 0 104
3503949 0 105
3505444 0 105
3506878 0 105
3508291 0 105
3509745 0 105
3511281 0 105
3512817 0 106
3514332 0 104
3515725 0 105
3517179 0 105
3518674 0 105
3520087 0 105
3521602 0 105
3523138 0 105
3524674 0 106
3526149 0 104
3527644 0 105
3529180 0 105
3530675 0 105
3532088 0 105
3533644 0 106
3535180 0 104
3536655 0 105
3538191 0 105
3539706 0 105
3541201 0 106
3542635 0 104
3544069 0 105
3545523 0 105
3547059 0 105
3548472 0 105
3549987 0 106
3551400 0 104
3552916 0 105
3554329 0 105
3555824 0 106
3557339 0 104
3558834 0 105
3560248 0 106
3561743 0 104
3563278 0 105
3564753 0 106
3566310 0 104
3567845 0 105
3569279 0 106
3570754 0 104
3572208 0 105
3573662 0 105
3575075 0 105
3576529 0 105
3578024 0 106
3579478 0 104
3580952 0 105
3582406 0 105
3583942 0 105
3585478 0 105
3586871 0 105
3588284 0 105
3589738 0 106
3591254 0 104
3592790 0 105
3594326 0 106
3595841 0 104
3597275 0 105
3598729 0 106
3600285 0 104
3601821 0 105
3603357 0 105
3604791 0 105
3606245 0 105
3607781 0 106
3609194 0 104
3610607 0 105
3612081 0 105
3613515 0 105
3615031 0 106
3616444 0 104
3617918 0 105
3619372 0 105
3620888 0 105
3622403 0 105
3623919 0 106
3625434 0 104
3626888 0 105
3628424 0 106
3629858 0 104
3631373 0 105
3632868 0 106
3634302 0 104
3635797 0 105
3637353 0 106
3638766 0 104
3640241 0 105
3641675 0 106
3643108 0 104
3644542 0 105
3645975 0 105
3647388 0 105
3648883 0 106
3650276 0 104
3651812 0 105
3653327 0 105
3654802 0 105
3656215 0 105
3657731 0 105
3659185 0 105
3660598 0 106
3662011 0 104
3663526 0 105
3664960 0 106
3666475 0 104
3667950 0 105
3669465 0 106
3670879 0 104
3672415 0 105
3673889 0 105
3675323 0 105
3676736 0 105
3678231 0 105
3679746 0 105
3681200 0 106
3682654 0 104
3684108 0 105
3685624 0 106
3687078 0 104
3688491 0 105
3689986 0 105
3691481 0 105
3692976 0 106
3694471 0 104
3696007 0 105
3697400 0 105
3698813 0 105
3700267 0 106
3701823 0 104
3703277 0 105
3704793 0 105
3706288 0 105
3707701 0 105
3709155 0 105
3710568 0 106
3712063 0 104
3713538 0 105
3714951 0 106
3716384 0 104
3717777 0 105
3719211 0 106
3720726 0 104
3722139 0 105
3723552 0 106
3724965 0 104
3726460 0 105
3727976 0 106
3729409 0 104
3730802 0 105
3732358 0 105
3733874 0 105
3735307 0 106
3736782 0 104
3738318 0 105
3739711 0 105
3741206 0 106
3742660 0 104
3744216 0 105
3745691 0 106
3747206 0 104
3748640 0 105
3750114 0 105
3751630 0 105
3753166 0 105
3754599 0 105
3756074 0 106
3757507 0 104
3758941 0 105
3760395 0 106
3761829 0 104
3763283 0 105
3764819 0 105
3766232 0 105
3767624 0 105
3769181 0 105
3770655 0 105
3772089 0 106
3773563 0 104
3775099 0 105
3776492 0 105
3777926 0 105
3779339 0 105
3780854 0 105
3782329 0 105
3783762 0 106
3785237 0 104
3786732 0 105
3788145 0 105
3789640 0 105
3791115 0 105
3792569 0 106
3794105 0 104
3795579 0 105
3797054 0 105
3798508 0 105
3799900 0 106
3801395 0 104
3802829 0 105
3804262 0 105
3805737 0 105
3807171 0 106
3808625 0 104
3810120 0 105
3811594 0 105
3813028 0 105
3814502 0 106
3815936 0 104
3817390 0 105
3818783 0 106
3820318 0 104
3821732 0 105
3823268 0 106
3824783 0 104
3826340 0 105
3827753 0 105
3829207 0 105
3830722 0 105
3832238 0 105
3833712 0 106
3835248 0 104
3836784 0 105
3838279 0 106
3839754 0 104
3841310 0 105
3842744 0 105
3844218 0 106
3845754 0 104
3847167 0 105
3848703 0 105
3850219 0 106
3851734 0 104
3853127 0 105
3854581 0 106
3856096 0 104
3857551 0 105
3858984 0 106
3860541 0 104
3861974 0 105
3863387 0 106
3864944 0 104
3866500 0 105
3868016 0 106
3869511 0 104
3871006 0 105
3872419 0 105
3873873 0 105
3875409 0 106
3876883 0 104
3878378 0 105
3879812 0 105
3881225 0 105
3882740 0 105
3884154 0 105
3885608 0 106
3887082 0 104
3888618 0 105
3890052 0 106
3891608 0 104
3893144 0 105
3894619 0 105
3896134 0 105
3897670 0 105
3899186 0 105
3900681 0 106
3902135 0 104
3903650 0 105
3905186 0 105
3906640 0 105
3908033 0 105
3909487 0 106
3911023 0 104
3912456 0 105
3913972 0 105
3915385 0 105
3916880 0 105
3918355 0 105
3919747 0 105
3921304 0 106
3922819 0 104
3924355 0 105
3925789 0 106
3927202 0 104
3928717 0 105
3930212 0 106
3931748 0 104
3933202 0 105
3934656 0 105
3936110 0 105
3937646 0 105
3939100 0 105
3940534 0 106
3941988 0 104
3943504 0 105
3944917 0 106
3946371 0 104
3947845 0 105
3949402 0 106
3950958 0 104
3952351 0 105
3953866 0 106
3955361 0 104
3956877 0 105
3958310 0 106
3959805 0 104
3961321 0 105
3962877 0 106
3964372 0 104
3965888 0 105
3967424 0 105
3968898 0 105
3970373 0 106
3971806 0 104
3973322 0 105
3974796 0 105
3976291 0 105
3977766 0 105
3979281 0 105
3980736 0 106
3982210 0 104
3983664 0 105
3985200 0 105
3986634 0 105
3988149 0 106
3989603 0 104
3991119 0 105
3992573 0 105
3994109 0 105
3995604 0 105
3997160 0 105
3998635 0 105
4000109 0 105
4001625 0 106
4003181 0 104
4004635 0 105
4006171 0 105
4007687 0 105
4009120 0 106
4010636 0 104
4012028 0 105
4013462 0 105
4014998 0 105
4016473 0 105
4018008 0 105
4019401 0 106
4020835 0 104
4022371 0 105
4023825 0 106
4025361 0 104
4026876 0 105
4028269 0 105
4029784 0 105
4031259 0 106
4032713 0 104
4034146 0 105
4035539 0 105
4036973 0 105
4038386 0 105
4039860 0 105
4041355 0 105
4042789 0 106
4044345 0 104
4045861 0 105
4047274 0 105
4048748 0 105
4050141 0 105
4051534 0 106
4052988 0 104
4054442 0 105
4055916 0 105
4057309 0 105
4058845 0 105
4060340 0 105
4061876 0 106
4063432 0 104
4064948 0 105
4066463 0 106
4067938 0 104
4069392 0 105
4070785 0 105
4072259 0 105
4073713 0 105
4075249 0 105
4076662 0 106
4078178 0 104
4079714 0 105
4081168 0 105
4082724 0 105
4084158 0 105
4085591 0 105
4087086 0 105
4088540 0 106
4090015 0 104
4091510 0 105
4093005 0 106
4094479 0 104
4096036 0 105
4097551 0 106
4099006 0 104
4100480 0 105
4101914 0 105
4103368 0 105
4104904 0 105
4106317 0 105
4107730 0 106
4109225 0 104
4110658 0 105
4112174 0 105
4113607 0 105
4115021 0 105
4116434 0 106
4117929 0 104
4119403 0 105
4120939 0 105
4122373 0 105
4123847 0 105
