56092 0 12
57590 0 11
59089 0 5
60489 0 2
62012 0 8
63486 0 4
64862 0 7
66287 0 12
67736 0 3
69210 0 11
70659 0 14
72158 0 17
73583 0 27
75130 0 3
76580 0 14
78103 0 21
79675 0 16
81100 0 19
82549 0 30
83925 0 5
85448 0 19
86898 0 24
88421 0 20
89870 0 30
91393 0 5
92794 0 22
94268 0 24
95741 0 19
97314 0 31
98886 0 4
100385 0 20
101932 0 20
103504 0 19
105028 0 17
106551 0 36
108000 0 5
109548 0 23
110997 0 14
112422 0 26
113798 0 6
115296 0 24
116697 0 36
118220 0 2
119743 0 18
121217 0 26
122592 0 10
124091 0 16
125589 0 18
127088 0 20
128636 0 13
130085 0 13
131485 0 14
132935 0 35
134458 0 6
135932 0 19
137381 0 29
138806 0 2
140231 0 21
141705 0 24
143253 0 14
144678 0 21
146176 0 16
147625 0 17
149099 0 21
150623 0 26
152072 0 1
153472 0 19
155044 0 29
156518 0 7
158066 0 14
159589 0 33
161063 0 8
162611 0 16
164085 0 19
165559 0 17
167107 0 19
168630 0 31
170177 0 2
171725 0 17
173199 0 28
174771 0 10
176221 0 14
177621 0 13
179169 0 14
180618 0 29
182092 0 2
183541 0 17
185040 0 17
186514 0 17
188062 0 20
189658 0 22
191132 0 33
192631 0 12
194129 0 18
195603 0 16
197127 0 14
198527 0 36
200074 0 3
201598 0 18
203022 0 21
204595 0 19
206167 0 16
207665 0 14
209213 0 21
210638 0 26
212014 0 10
213537 0 15
215060 0 21
216583 0 24
218008 0 21
219531 0 13
221029 0 23
222479 0 28
223904 0 10
225476 0 18
226901 0 25
228326 0 11
229800 0 13
231200 0 19
232649 0 19
234099 0 18
235573 0 19
237047 0 21
238545 0 13
240093 0 30
241542 0 11
243090 0 19
244662 0 13
246161 0 19
247684 0 14
249207 0 30
250656 0 10
252204 0 15
253703 0 17
255250 0 23
256798 0 14
258321 0 24
259746 0 28
261146 0 8
262669 0 16
264119 0 19
265617 0 32
267067 0 1
268541 0 16
269965 0 16
271341 0 24
272864 0 32
274412 0 1
275935 0 18
277409 0 16
278809 0 30
280259 0 12
281684 0 18
283182 0 36
284705 0 10
286179 0 13
287702 0 17
289250 0 21
290724 0 23
292198 0 18
293647 0 18
295146 0 28
296595 0 8
298168 0 24
299715 0 18
301214 0 20
302737 0 16
304137 0 25
305587 0 2
306987 0 23
308485 0 20
310033 0 13
311556 0 16
313006 0 24
314455 0 33
315929 0 6
317354 0 13
318901 0 23
320425 0 23
321899 0 15
323323 0 23
324896 0 18
326320 0 26
327721 0 4
329146 0 23
330620 0 33
332167 0 6
333592 0 19
335017 0 14
336466 0 24
337891 0 33
339365 0 4
340815 0 22
342387 0 20
343836 0 14
345261 0 20
346858 0 19
348430 0 32
349855 0 4
351378 0 19
352877 0 13
354400 0 19
355947 0 28
357348 0 2
358871 0 23
360443 0 34
361892 0 11
363317 0 16
364816 0 24
366339 0 20
367936 0 18
369434 0 31
370859 0 5
372382 0 18
373832 0 18
375330 0 20
376780 0 22
378278 0 32
379801 0 9
381373 0 16
382872 0 34
384395 0 1
385894 0 14
387294 0 20
388719 0 13
390168 0 36
391667 0 9
393165 0 23
394590 0 27
395990 0 6
397440 0 14
398840 0 20
400363 0 19
401862 0 31
403287 0 11
404711 0 14
406210 0 14
407733 0 14
409256 0 14
410779 0 29
412180 0 9
413727 0 22
415177 0 33
416700 0 3
418100 0 22
419550 0 35
420974 0 10
422497 0 20
424094 0 20
425691 0 22
427165 0 23
428639 0 13
430187 0 14
431636 0 25
433085 0 5
434633 0 16
436156 0 24
437581 0 18
439031 0 14
440529 0 35
442028 0 2
443551 0 20
445123 0 26
446646 0 9
448145 0 18
449619 0 33
451166 0 11
452665 0 14
454090 0 13
455564 0 22
457013 0 36
458462 0 9
460035 0 13
461533 0 23
462958 0 16
464481 0 15
465931 0 24
467331 0 14
468731 0 28
470205 0 2
471605 0 13
473079 0 29
474529 0 3
476027 0 17
477526 0 34
478975 0 7
480474 0 21
481948 0 20
483446 0 19
484994 0 36
486493 0 7
488065 0 24
489563 0 22
491111 0 31
492659 0 4
494034 0 17
495508 0 19
497081 0 13
498579 0 26
500053 0 9
501527 0 19
503001 0 20
504573 0 30
505924 0 2
507472 0 19
508922 0 19
510494 0 31
512091 0 2
513614 0 17
515063 0 25
516635 0 6
518208 0 24
519657 0 23
521057 0 22
522580 0 36
524030 0 5
525528 0 17
527002 0 20
528525 0 18
530098 0 16
531547 0 16
532997 0 21
534446 0 25
535944 0 7
537468 0 17
538991 0 21
540440 0 23
541865 0 13
543290 0 34
544764 0 12
546287 0 15
547687 0 21
549210 0 22
550733 0 26
552256 0 11
553657 0 19
555106 0 27
556531 0 7
558005 0 20
559528 0 29
561027 0 5
562525 0 19
564097 0 18
565522 0 15
566947 0 29
568372 0 4
569846 0 16
571369 0 16
572794 0 15
574243 0 30
575693 0 1
577118 0 18
578690 0 23
580164 0 23
581687 0 21
583235 0 21
584708 0 19
586158 0 29
587607 0 10
589106 0 24
590531 0 26
592054 0 1
593577 0 17
595075 0 33
596525 0 11
597974 0 18
599497 0 16
600996 0 36
602470 0 2
603870 0 18
605295 0 22
606843 0 24
608292 0 19
609791 0 26
611265 0 8
612763 0 19
614237 0 19
615809 0 22
617283 0 21
618782 0 16
620158 0 16
621558 0 21
623081 0 28
624506 0 11
626054 0 13
627601 0 14
629124 0 36
630697 0 5
632195 0 18
633718 0 36
635192 0 4
636568 0 17
638066 0 21
639639 0 25
641113 0 1
642513 0 22
644036 0 18
645535 0 15
647082 0 24
648630 0 22
650153 0 30
651652 0 12
653199 0 22
654673 0 33
656123 0 1
657597 0 16
659120 0 24
660594 0 25
662019 0 8
663517 0 14
664917 0 17
666440 0 36
667939 0 8
669388 0 19
670887 0 19
672386 0 23
673884 0 30
675260 0 10
676685 0 22
678257 0 25
679829 0 9
681352 0 24
682802 0 19
684349 0 14
685823 0 15
687346 0 13
688796 0 34
690270 0 12
691719 0 16
693144 0 25
694667 0 2
696190 0 19
697640 0 15
699089 0 20
700661 0 20
702184 0 20
703658 0 35
705108 0 12
706655 0 17
708203 0 23
709775 0 13
711249 0 22
712748 0 24
714173 0 24
715720 0 29
717170 0 9
718619 0 16
720142 0 27
721567 0 9
723139 0 24
724589 0 33
726087 0 3
727537 0 21
729060 0 21
730583 0 13
731983 0 14
733384 0 18
734931 0 24
736381 0 25
737830 0 4
739230 0 19
740655 0 13
742055 0 20
743628 0 14
745077 0 17
746600 0 23
748025 0 30
749524 0 12
750998 0 21
752422 0 16
753847 0 23
755297 0 31
756746 0 3
758294 0 22
759841 0 23
761242 0 13
762789 0 34
764190 0 1
765664 0 14
767089 0 29
768464 0 11
769987 0 20
771584 0 14
773107 0 33
774655 0 8
776203 0 21
777652 0 33
779077 0 11
780502 0 14
781976 0 18
783425 0 15
784850 0 19
786324 0 16
787773 0 34
789174 0 2
790574 0 18
792122 0 29
793571 0 6
795143 0 14
796691 0 19
798214 0 23
799712 0 34
801236 0 4
802710 0 23
804184 0 22
805707 0 29
807230 0 12
808777 0 24
810325 0 34
811873 0 10
813396 0 18
814968 0 31
816418 0 9
817941 0 18
819488 0 33
820913 0 3
822363 0 15
823861 0 13
825311 0 15
826735 0 14
828258 0 32
829782 0 9
831231 0 24
832779 0 30
834179 0 2
835579 0 18
837102 0 29
838503 0 11
839927 0 23
841475 0 17
842925 0 17
844448 0 16
845971 0 17
847371 0 19
848943 0 15
850417 0 29
851891 0 10
853463 0 13
854864 0 26
856239 0 5
857787 0 21
859359 0 23
860833 0 33
862258 0 10
863830 0 17
865329 0 15
866828 0 15
868326 0 19
869825 0 23
871274 0 35
872822 0 12
874247 0 13
875647 0 25
877195 0 3
878693 0 13
880192 0 23
881715 0 20
883262 0 30
884761 0 8
886358 0 24
887881 0 14
889281 0 15
890755 0 18
892229 0 27
893728 0 7
895275 0 23
896676 0 13
898174 0 21
899648 0 17
901196 0 24
902645 0 30
904045 0 8
905618 0 19
907190 0 13
908590 0 13
910089 0 22
911514 0 14
913061 0 19
914633 0 35
916132 0 4
917532 0 21
919055 0 21
920505 0 20
922028 0 14
923477 0 21
924951 0 29
926352 0 9
927826 0 13
929373 0 16
930774 0 18
932248 0 19
933820 0 17
935367 0 16
936792 0 29
938242 0 9
939765 0 20
941288 0 30
942713 0 12
944187 0 23
945734 0 18
947184 0 20
948707 0 16
950181 0 29
951606 0 4
953153 0 14
954652 0 33
956126 0 7
957600 0 16
959123 0 20
960572 0 21
1166441 0 101
1167988 0 101
1169413 0 101
1170936 0 101
1172435 0 101
1173884 0 101
1175407 0 101
1176930 0 101
1178331 0 101
1179731 0 101
1181229 0 102
1182728 0 102
1184251 0 102
1185750 0 102
1187199 0 102
1188722 0 102
1190172 0 103
1191695 0 101
1193095 0 102
1194520 0 102
1196067 0 102
1197517 0 103
1198966 0 101
1200416 0 102
1201914 0 102
1203364 0 102
1204887 0 102
1206410 0 102
1207884 0 102
1209333 0 103
1210905 0 101
1212330 0 102
1213804 0 102
1215327 0 102
1216851 0 102
1218374 0 102
1219897 0 102
1221420 0 103
1222968 0 101
1224466 0 102
1225965 0 103
1227537 0 101
1228986 0 102
1230460 0 102
1231959 0 102
1233359 0 102
1234759 0 102
1236258 0 102
1237757 0 103
1239206 0 101
1240704 0 102
1242227 0 103
1243800 0 101
1245225 0 102
1246699 0 102
1248099 0 102
1249499 0 102
1251022 0 102
1252521 0 102
1253995 0 103
1255469 0 101
1256918 0 102
1258343 0 102
1259768 0 102
1261168 0 103
1262740 0 101
1264165 0 102
1265590 0 103
1267162 0 101
1268587 0 102
1270086 0 102
1271609 0 102
1273107 0 103
1274630 0 101
1276154 0 102
1277677 0 103
1279224 0 101
1280649 0 102
1282172 0 102
1283597 0 103
1285071 0 101
1286471 0 102
1287921 0 103
1289493 0 101
1290967 0 102
1292392 0 102
1293792 0 102
1295315 0 103
1296740 0 101
1298239 0 102
1299786 0 102
1301211 0 103
1302661 0 101
1304208 0 102
1305731 0 102
1307132 0 103
1308630 0 101
1310030 0 102
1311455 0 102
1312856 0 102
1314280 0 102
1315705 0 102
1317130 0 103
1318555 0 101
1320103 0 102
1321650 0 102
1323075 0 102
1324623 0 103
1326170 0 101
1327571 0 102
1329069 0 102
1330470 0 102
1331993 0 102
1333442 0 103
1334941 0 101
1336439 0 102
1337938 0 102
1339436 0 102
1340836 0 103
1342261 0 101
1343784 0 102
1345209 0 102
1346732 0 102
1348255 0 102
1349803 0 103
1351351 0 101
1352800 0 102
1354299 0 102
1355773 0 102
1357173 0 102
1358573 0 103
1360072 0 101
1361570 0 102
1363118 0 102
1364568 0 102
1365968 0 102
1367417 0 102
1368940 0 103
1370463 0 101
1372011 0 102
1373436 0 102
1374984 0 102
1376384 0 102
1377932 0 103
1379406 0 101
1380855 0 102
1382255 0 102
1383680 0 102
1385203 0 102
1386603 0 102
1388053 0 103
1389601 0 101
1391075 0 102
1392524 0 102
1393998 0 102
1395496 0 103
1397020 0 101
1398518 0 102
1400041 0 102
1401466 0 102
1402866 0 102
1404389 0 102
1405863 0 102
1407387 0 102
1408910 0 103
1410457 0 101
1411980 0 102
1413504 0 103
1414953 0 101
1416353 0 102
1417852 0 102
1419301 0 102
1420726 0 102
1422274 0 102
1423699 0 102
1425246 0 103
1426745 0 101
1428170 0 102
1429693 0 102
1431191 0 102
1432616 0 103
1434090 0 101
1435613 0 102
1437087 0 103
1438659 0 101
1440182 0 102
1441681 0 102
1443155 0 102
1444678 0 102
1446226 0 102
1447700 0 102
1449174 0 103
1450672 0 101
1452220 0 102
1453669 0 103
1455143 0 101
1456666 0 102
1458140 0 102
1459664 0 102
1461187 0 102
1462636 0 102
1464184 0 102
1465658 0 102
1467156 0 103
1468630 0 101
1470055 0 102
1471578 0 103
1473077 0 101
1474575 0 102
1475976 0 103
1477499 0 101
1479046 0 102
1480594 0 102
1482117 0 102
1483640 0 102
1485090 0 102
1486539 0 103
1488111 0 101
1489561 0 102
1491108 0 102
1492607 0 102
1494007 0 102
1495407 0 103
1496857 0 101
1498331 0 102
1499731 0 103
1501230 0 101
1502753 0 102
1504202 0 102
1505750 0 102
1507224 0 102
1508771 0 103
1510319 0 101
1511867 0 102
1513267 0 102
1514667 0 102
1516117 0 103
1517689 0 101
1519114 0 102
1520588 0 103
1522086 0 101
1523610 0 102
1525059 0 103
1526484 0 101
1527958 0 102
1529432 0 102
1530881 0 103
1532306 0 101
1533731 0 102
1535254 0 102
1536777 0 102
1538276 0 102
1539799 0 102
1541297 0 103
1542796 0 101
1544221 0 102
1545621 0 102
1547169 0 103
1548667 0 101
1550190 0 102
1551640 0 103
1553114 0 101
1554514 0 102
1555988 0 102
1557388 0 102
1558788 0 103
1560213 0 101
1561761 0 102
1563235 0 103
1564684 0 101
1566183 0 102
1567706 0 103
1569180 0 101
1570605 0 102
1572054 0 102
1573577 0 102
1575100 0 102
1576501 0 102
1578048 0 102
1579522 0 102
1581070 0 103
1582495 0 101
1583969 0 102
1585418 0 102
1586892 0 102
1588415 0 103
1589914 0 101
1591437 0 102
1592911 0 102
1594311 0 102
1595761 0 103
1597308 0 101
1598807 0 102
1600355 0 103
1601779 0 101
1603229 0 102
1604776 0 102
1606300 0 103
1607774 0 101
1609248 0 102
1610795 0 102
1612294 0 102
1613841 0 103
1615340 0 101
1616740 0 102
1618141 0 102
1619541 0 102
1621088 0 102
1622513 0 103
1624061 0 101
1625486 0 102
1626911 0 102
1628385 0 102
1629834 0 102
1631333 0 102
1632757 0 103
1634305 0 101
1635730 0 102
1637228 0 102
1638629 0 102
1640078 0 102
1641552 0 102
1643051 0 102
1644574 0 102
1645974 0 103
1647522 0 101
1649045 0 102
1650593 0 102
1652067 0 102
1653565 0 102
1655015 0 103
1656488 0 101
1657889 0 102
1659412 0 102
1660861 0 102
1662360 0 103
1663883 0 101
1665381 0 102
1666782 0 102
1668305 0 103
1669877 0 101
1671277 0 102
1672678 0 102
1674078 0 102
1675503 0 102
1677026 0 102
1678500 0 103
1680048 0 101
1681472 0 102
1682873 0 102
1684322 0 102
1685722 0 102
1687196 0 102
1688670 0 102
1690120 0 103
1691667 0 101
1693166 0 102
1694640 0 102
1696138 0 102
1697612 0 103
1699135 0 101
1700585 0 102
1702108 0 102
1703557 0 103
1705130 0 101
1706677 0 102
1708176 0 102
1709601 0 103
1711075 0 101
1712524 0 102
1713924 0 102
1715448 0 102
1716921 0 102
1718469 0 103
1719919 0 101
1721417 0 102
1722916 0 103
1724341 0 101
1725888 0 102
1727411 0 102
1728959 0 102
1730457 0 102
1731956 0 102
1733430 0 103
1734855 0 101
1736329 0 102
1737852 0 102
1739252 0 102
1740677 0 102
1742151 0 103
1743600 0 101
1745124 0 102
1746647 0 102
1748145 0 102
1749668 0 102
1751118 0 102
1752567 0 103
1754041 0 101
1755466 0 102
1756964 0 102
1758389 0 102
1759912 0 103
1761460 0 101
1763008 0 102
1764408 0 102
1765833 0 102
1767233 0 102
1768683 0 103
1770157 0 101
1771655 0 102
1773080 0 102
1774603 0 102
1776052 0 103
1777526 0 101
1778951 0 102
1780376 0 102
1781875 0 103
1783349 0 101
1784823 0 102
1786223 0 102
1787648 0 103
1789097 0 101
1790620 0 102
1792045 0 102
1793568 0 102
1795042 0 102
1796565 0 102
1798088 0 102
1799562 0 102
1801085 0 103
1802535 0 101
1804009 0 102
1805434 0 102
1806859 0 103
1808406 0 101
1809856 0 102
1811379 0 103
1812804 0 101
1814204 0 102
1815752 0 103
1817324 0 101
1818822 0 102
1820370 0 102
1821893 0 102
1823392 0 103
1824890 0 101
1826438 0 102
1827936 0 102
1829460 0 102
1830860 0 102
1832358 0 102
1833832 0 103
1835282 0 101
1836780 0 102
1838328 0 103
1839777 0 101
1841251 0 102
1842774 0 102
1844248 0 103
1845796 0 101
1847270 0 102
1848670 0 103
1850193 0 101
1851667 0 102
1853141 0 103
1854689 0 101
1856163 0 102
1857637 0 102
1859160 0 102
1860659 0 103
1862157 0 101
1863656 0 102
1865081 0 102
1866579 0 102
1868053 0 102
1869478 0 103
1870952 0 101
1872401 0 102
1873900 0 102
1875423 0 102
1876872 0 102
1878297 0 103
1879845 0 101
1881319 0 102
1882744 0 103
1884193 0 101
1885643 0 102
1887190 0 102
1888713 0 102
1890138 0 102
1891661 0 102
1893135 0 103
1894708 0 101
1896231 0 102
1897729 0 102
1899277 0 103
1900751 0 101
1902274 0 102
1903699 0 103
1905246 0 101
1906745 0 102
1908219 0 102
1909644 0 102
1911118 0 103
1912567 0 101
1914115 0 102
1915564 0 102
1917014 0 102
1918439 0 102
1919888 0 102
1921436 0 102
1922861 0 103
1924310 0 101
1925735 0 102
1927258 0 102
1928707 0 102
1930181 0 103
1931631 0 101
1933055 0 102
1934603 0 103
1936028 0 101
1937453 0 102
1938878 0 102
1940327 0 103
1941752 0 101
1943275 0 102
1944675 0 102
1946149 0 102
1947672 0 102
1949171 0 102
1950596 0 103
1952094 0 101
1953495 0 102
1955018 0 103
1956443 0 101
1957990 0 102
1959489 0 103
1960938 0 101
1962338 0 102
1963837 0 102
1965237 0 102
1966785 0 102
1968185 0 103
1969733 0 101
1971231 0 102
1972779 0 103
1974327 0 101
1975875 0 102
1977398 0 102
1978847 0 102
1980346 0 103
1981820 0 101
1983367 0 102
1984817 0 103
1986241 0 101
1987715 0 102
1989165 0 103
1990663 0 101
1992162 0 102
1993587 0 103
1995134 0 101
1996559 0 102
1998009 0 103
1999434 0 101
2000858 0 102
2002332 0 102
2003831 0 102
2005231 0 102
2006754 0 102
2008228 0 103
2009653 0 101
2011201 0 102
2012748 0 103
2014272 0 101
2015721 0 102
2017220 0 102
2018669 0 102
2020143 0 103
2021617 0 101
2023042 0 102
2024589 0 102
2026014 0 102
2027415 0 102
2028913 0 102
2030363 0 102
2031910 0 103
2033458 0 101
2034981 0 102
2036430 0 103
2037880 0 101
2039378 0 102
2040877 0 103
2042425 0 101
2043972 0 102
2045520 0 102
2047018 0 102
2048542 0 102
2049991 0 103
2051465 0 101
2052939 0 102
2054388 0 102
2055838 0 103
2057336 0 101
2058786 0 102
2060284 0 103
2061783 0 101
2063208 0 102
2064731 0 103
2066156 0 101
2067630 0 102
2085426 0 48
2086974 0 39
2088448 0 48
2090020 0 48
2091568 0 38
2093017 0 40
2094516 0 48
2096063 0 37
2097488 0 43
2098913 0 48
2100387 0 60
2101935 0 54
2103409 0 61
2104809 0 37
2106307 0 53
2107855 0 57
2109403 0 59
2110852 0 49
2112400 0 53
2113800 0 64
2115299 0 42
2116822 0 53
2118394 0 72
2119917 0 44
2121440 0 55
2122939 0 61
2124388 0 44
2125936 0 59
2127361 0 64
2128786 0 44
2130284 0 50
2131758 0 50
2133208 0 50
2134657 0 58
2136131 0 62
2137629 0 48
2139103 0 54
2140553 0 56
2142002 0 55
2143575 0 54
2145024 0 58
2146473 0 66
2147898 0 41
2149470 0 50
2150944 0 57
2152517 0 59
2154015 0 49
2155440 0 53
2156963 0 66
2158486 0 46
2160009 0 57
2161582 0 57
2163080 0 51
2164530 0 66
2165930 0 45
2167428 0 53
2168951 0 53
2170499 0 55
2171998 0 56
2173472 0 60
2174970 0 53
2176444 0 54
2177967 0 62
2179441 0 42
2180989 0 50
2182438 0 61
2183961 0 48
2185386 0 58
2186860 0 56
2188359 0 57
2189784 0 54
2191233 0 65
2192682 0 45
2194181 0 52
2195704 0 52
2197129 0 52
2198652 0 66
2200151 0 43
2201674 0 56
2203099 0 68
2204622 0 37
2206169 0 54
2207692 0 53
2209142 0 55
2210616 0 63
2212065 0 38
2213588 0 53
2215087 0 63
2216585 0 46
2218059 0 55
2219484 0 60
2221007 0 58
2222432 0 50
2223882 0 54
2225331 0 68
2226854 0 37
2228377 0 58
2229876 0 53
2231399 0 50
2232824 0 50
2234322 0 69
2235821 0 38
2237270 0 53
2238818 0 59
2240390 0 64
2241790 0 42
2243289 0 49
2244861 0 56
2246335 0 67
2247785 0 47
2249209 0 59
2250757 0 55
2252231 0 56
2253730 0 67
2255277 0 48
2256825 0 53
2258250 0 49
2259699 0 68
2261247 0 45
2262745 0 58
2264219 0 55
2265693 0 59
2267167 0 57
2268641 0 55
2270091 0 61
2271638 0 45
2273162 0 57
2274660 0 52
2276085 0 59
2277608 0 60
2279107 0 70
2280605 0 47
2282177 0 56
2283602 0 59
2285052 0 58
2286550 0 55
2288122 0 62
2289646 0 38
2291218 0 57
2292667 0 67
2294166 0 44
2295713 0 57
2297286 0 53
2298784 0 58
2300332 0 52
2301855 0 58
2303329 0 62
2304754 0 40
2306277 0 57
2307775 0 67
2309200 0 41
2310650 0 51
2312148 0 64
2313671 0 38
2315072 0 59
2316521 0 54
2317946 0 50
2319420 0 58
2320869 0 63
2322294 0 37
2323793 0 53
2325340 0 71
2326863 0 37
2328313 0 51
2329713 0 56
2331163 0 53
2332710 0 58
2334184 0 70
2335609 0 48
2337058 0 50
2338606 0 57
2340031 0 50
2341529 0 62
2343028 0 42
2344576 0 50
2346001 0 61
2347425 0 41
2348850 0 53
2350422 0 59
2351896 0 67
2353420 0 39
2354918 0 53
2356318 0 59
2357841 0 51
2359315 0 49
2360888 0 64
2362411 0 38
2363934 0 49
2365383 0 57
2366956 0 58
2368528 0 54
2370026 0 50
2371599 0 63
2373122 0 37
2374547 0 50
2376094 0 61
2377593 0 46
2379116 0 50
2380614 0 72
2382138 0 44
2383636 0 49
2385135 0 69
2386609 0 41
2388083 0 60
2389532 0 69
2390957 0 43
2392406 0 55
2393880 0 52
2395354 0 49
2396804 0 68
2398327 0 37
2399825 0 60
2401348 0 66
2402773 0 48
2404247 0 55
2405795 0 69
2407367 0 42
2408816 0 59
2410364 0 60
2411789 0 72
2413288 0 42
2414835 0 50
2416309 0 51
2417881 0 53
2419429 0 52
2420952 0 52
2422377 0 51
2423826 0 62
2425325 0 47
2426848 0 60
2428347 0 62
2429772 0 48
2431196 0 58
2432670 0 53
2434144 0 51
2435594 0 71
2437043 0 43
2438542 0 50
2440089 0 59
2441514 0 64
2443062 0 37
2444511 0 57
2445961 0 64
2447410 0 39
2448958 0 58
2450407 0 56
2451979 0 51
2453453 0 58
2454952 0 72
2456352 0 41
2457826 0 60
2459251 0 61
2460774 0 41
2462224 0 56
2463771 0 50
2465245 0 56
2466719 0 49
2468267 0 69
2469741 0 43
2471289 0 59
2472787 0 51
2474286 0 57
2475760 0 69
2477307 0 40
2478880 0 58
2480304 0 53
2481705 0 51
2483228 0 64
2484677 0 39
2486077 0 58
2487527 0 54
2489001 0 50
2490426 0 62
2491875 0 38
2493324 0 59
2494823 0 58
2496297 0 52
2497796 0 51
2499220 0 49
2500743 0 54
2502217 0 57
2503765 0 67
2505288 0 37
2506713 0 52
2508163 0 55
2509636 0 69
2511135 0 38
2512634 0 55
2514108 0 57
2515631 0 58
2517178 0 49
2518603 0 54
2520151 0 60
2521698 0 65
2523197 0 40
2524745 0 55
2526243 0 55
2527668 0 50
2529068 0 57
2530518 0 49
2531918 0 60
2533466 0 59
2535013 0 62
2536512 0 41
2537986 0 57
2539435 0 66
2540934 0 41
2542334 0 51
2543808 0 72
2545208 0 46
2546707 0 53
2548255 0 60
2549778 0 55
2551227 0 59
2552750 0 56
2554322 0 69
2555772 0 48
2557320 0 60
2558794 0 69
2560366 0 41
2561840 0 53
2563387 0 59
2564861 0 63
2566311 0 45
2567760 0 53
2569283 0 67
2570782 0 44
2572256 0 57
2573779 0 52
2575278 0 52
2576702 0 49
2578127 0 50
2579626 0 68
2581124 0 45
2582549 0 57
2583999 0 58
2585423 0 60
2586873 0 51
2588396 0 68
2589845 0 46
2591393 0 59
2592965 0 59
2594513 0 56
2595962 0 52
2597461 0 52
2598984 0 65
2600458 0 38
2601932 0 50
2603357 0 59
2604831 0 50
2606329 0 58
2607877 0 58
2609376 0 50
2610948 0 63
2612496 0 43
2614019 0 55
2615517 0 68
2616942 0 43
2618391 0 49
2619914 0 66
2621364 0 42
2622912 0 55
2624336 0 58
2625884 0 58
2627358 0 51
2628807 0 58
2630355 0 52
2631927 0 50
2633426 0 64
2634826 0 43
2636300 0 56
2637750 0 57
2639248 0 52
2640697 0 53
2642196 0 63
2643596 0 44
2645169 0 56
2646741 0 51
2648288 0 49
2649738 0 52
2651212 0 53
2652686 0 57
2654233 0 71
2655683 0 48
2657181 0 60
2658680 0 60
2660228 0 52
2661775 0 53
2663176 0 66
2664650 0 40
2666074 0 57
2667499 0 54
2668900 0 50
2670374 0 70
2671798 0 40
2673248 0 55
2674771 0 49
2676196 0 55
2677694 0 53
2679267 0 59
2680839 0 67
2682337 0 47
2683885 0 50
2685408 0 57
2686857 0 70
2688332 0 48
2689805 0 54
2691230 0 63
2692753 0 37
2694252 0 54
2695652 0 60
2697225 0 58
2698723 0 58
2700197 0 62
2701646 0 46
2703194 0 59
2704594 0 51
2706019 0 52
2707567 0 71
2708992 0 48
2710417 0 54
2711817 0 57
2713340 0 67
2714863 0 37
2716288 0 50
2717860 0 71
2719408 0 41
2720931 0 58
2722429 0 71
2723854 0 38
2725402 0 50
2726827 0 60
2728375 0 60
2729848 0 58
2731421 0 57
2732919 0 71
2734442 0 44
2735990 0 58
2737489 0 54
2738963 0 57
2740486 0 58
2742058 0 67
2743532 0 42
2745006 0 49
2746529 0 68
2747978 0 40
2749428 0 58
2751000 0 52
2752572 0 52
2754046 0 62
2755520 0 47
2756994 0 60
2758517 0 71
2760065 0 44
2761514 0 55
2763062 0 55
2764536 0 68
2766010 0 43
2767435 0 52
2768860 0 50
2770407 0 58
2771980 0 60
2773454 0 55
2775026 0 54
2776451 0 51
2777900 0 71
2779374 0 46
2780897 0 49
2782371 0 53
2783919 0 68
2785368 0 46
2786940 0 56
2788365 0 60
2789790 0 67
2791313 0 41
2792787 0 57
2794360 0 51
2795858 0 52
2797406 0 70
2798880 0 38
2800280 0 56
2801705 0 50
2803203 0 67
2804677 0 37
2806200 0 58
2807724 0 57
2809296 0 64
2810745 0 40
2812195 0 59
2813767 0 54
2815192 0 52
2816739 0 65
2818263 0 47
2819761 0 59
2821210 0 53
2822684 0 50
2824207 0 54
2825731 0 67
2827278 0 46
2828777 0 50
2830202 0 57
2831749 0 52
2833297 0 55
2834869 0 60
2836417 0 69
2837965 0 39
2839463 0 54
2840863 0 59
2842387 0 58
2843836 0 57
2845285 0 52
2846710 0 68
2848282 0 41
2849707 0 60
2851132 0 59
2852606 0 51
2854154 0 50
2855677 0 63
2857225 0 44
2858748 0 59
2860197 0 49
2861720 0 68
2863243 0 38
2864668 0 60
2866191 0 59
2867665 0 58
2869188 0 55
2870711 0 55
2872136 0 64
2873635 0 46
2875084 0 56
2876657 0 49
2878057 0 63
2879506 0 39
2881005 0 60
2882577 0 53
2884026 0 52
2885451 0 54
2886950 0 52
2888424 0 59
2889947 0 55
2891470 0 64
2892870 0 46
2894393 0 59
2895892 0 69
2897415 0 39
2898963 0 57
2900412 0 51
2901837 0 50
2903335 0 70
2904785 0 42
2906357 0 60
2907782 0 64
2909305 0 39
2910779 0 52
2912253 0 61
2913727 0 46
2915275 0 52
2916822 0 55
2918321 0 53
2919893 0 53
2921318 0 60
2922767 0 59
2924315 0 52
2925814 0 72
2927361 0 37
2928786 0 59
2930309 0 72
2931857 0 40
2933405 0 56
2934952 0 56
2936451 0 56
2937974 0 69
2939522 0 48
2940971 0 58
2942445 0 69
2943943 0 45
2945393 0 55
2946916 0 60
2948390 0 59
2949913 0 50
2951313 0 52
2952763 0 71
2954261 0 47
2955760 0 51
2957258 0 49
2958732 0 54
2960255 0 57
2961828 0 61
2963375 0 42
2964899 0 50
2966422 0 55
2967945 0 66
2969419 0 47
2970917 0 49
2972440 0 65
2973914 0 47
2975364 0 53
2976813 0 58
2978263 0 63
2979761 0 39
2981260 0 51
2982684 0 60
2984158 0 53
2985657 0 55
2987180 0 50
2988703 0 61
2990104 0 39
2991553 0 54
2993027 0 60
3353905 0 104
3355452 0 104
3357000 0 104
3358474 0 104
3360021 0 104
3361520 0 104
3363043 0 104
3364443 0 104
3365967 0 104
3367465 0 104
3368988 0 105
3370438 0 105
3371887 0 105
3373337 0 105
3374884 0 105
3376333 0 106
3377881 0 104
3379355 0 105
3380829 0 105
3382352 0 105
3383777 0 105
3385325 0 105
3386774 0 106
3388322 0 104
3389796 0 105
3391294 0 106
3392842 0 104
3394341 0 105
3395888 0 105
3397313 0 105
3398762 0 105
3400310 0 106
3401760 0 104
3403234 0 105
3404683 0 105
3406083 0 105
3407606 0 105
3409080 0 105
3410530 0 106
3412077 0 104
3413551 0 105
3415074 0 105
3416524 0 105
3418072 0 106
3419570 0 104
3421069 0 105
3422493 0 106
3424041 0 104
3425540 0 105
3426965 0 106
3428365 0 104
3429765 0 105
3431239 0 105
3432787 0 105
3434310 0 105
3435759 0 105
3437282 0 105
3438805 0 106
3440279 0 104
3441803 0 105
3443350 0 105
3444898 0 105
3446323 0 105
3447748 0 105
3449222 0 105
3450671 0 106
3452071 0 104
3453496 0 105
3455044 0 105
3456542 0 105
3458090 0 105
3459539 0 105
3461062 0 105
3462536 0 105
3463937 0 106
3465362 0 104
3466786 0 105
3468211 0 105
3469685 0 105
3471159 0 105
3472707 0 106
3474255 0 104
3475778 0 105
3477325 0 105
3478726 0 105
3480224 0 105
3481698 0 105
3483246 0 105
3484769 0 106
3486218 0 104
3487619 0 105
3489166 0 105
3490714 0 105
3492213 0 105
3493760 0 105
3495210 0 105
3496757 0 106
3498182 0 104
3499656 0 105
3501106 0 105
3502604 0 105
3504127 0 106
3505650 0 104
3507198 0 105
3508598 0 106
3510072 0 104
3511522 0 105
3513020 0 106
3514445 0 104
3515894 0 105
3517295 0 105
3518818 0 105
3520341 0 105
3521839 0 105
3523264 0 106
3524837 0 104
3526384 0 105
3527883 0 105
3529308 0 105
3530782 0 106
3532280 0 104
3533803 0 105
3535253 0 105
3536800 0 105
3538250 0 105
3539699 0 105
3541173 0 105
3542721 0 105
3544195 0 106
3545620 0 104
3547069 0 105
3548494 0 105
3549919 0 105
3551442 0 105
3552867 0 106
3554365 0 104
3555839 0 105
3557338 0 105
3558763 0 106
3560187 0 104
3561735 0 105
3563258 0 106
3564683 0 104
3566132 0 105
3567631 0 105
3569105 0 106
3570505 0 104
3572004 0 105
3573502 0 105
3575075 0 105
3576475 0 105
3577900 0 105
3579423 0 106
3580848 0 104
3582272 0 105
3583820 0 106
3585294 0 104
3586743 0 105
3588168 0 105
3589691 0 105
3591141 0 105
3592566 0 105
3594040 0 105
3595465 0 106
3596963 0 104
3598462 0 105
3599936 0 105
3601360 0 105
3602785 0 106
3604259 0 104
3605709 0 105
3607133 0 106
3608657 0 104
3610081 0 105
3611605 0 105
3613128 0 106
3614626 0 104
3616174 0 105
3617599 0 105
3619024 0 105
3620498 0 105
3622045 0 105
3623568 0 106
3625042 0 104
3626492 0 105
3627892 0 106
3629366 0 104
3630766 0 105
3632240 0 106
3633665 0 104
3635188 0 105
3636760 0 105
3638308 0 105
3639807 0 105
3641354 0 105
3642804 0 105
3644253 0 106
3645678 0 104
3647226 0 105
3648650 0 105
3650075 0 106
3651574 0 104
3653097 0 105
3654497 0 106
3656045 0 104
3657593 0 105
3659042 0 105
3660516 0 105
3662039 0 106
3663439 0 104
3664938 0 105
3666486 0 105
3667886 0 105
3669434 0 106
3670932 0 104
3672480 0 105
3673954 0 105
3675379 0 105
3676902 0 105
3678351 0 106
3679923 0 104
3681348 0 105
3682896 0 105
3684370 0 105
3685868 0 105
3687391 0 106
3688915 0 104
3690364 0 105
3691838 0 106
3693263 0 104
3694761 0 105
3696211 0 105
3697734 0 106
3699306 0 104
3700805 0 105
3702205 0 105
3703630 0 106
3705153 0 104
3706553 0 105
3707953 0 106
3709477 0 104
3710975 0 105
3712400 0 105
3713849 0 106
3715372 0 104
3716846 0 105
3718370 0 106
3719917 0 104
3721367 0 105
3722816 0 105
3724364 0 105
3725838 0 105
3727263 0 105
3728786 0 106
3730210 0 104
3731635 0 105
3733158 0 105
3734706 0 105
3736131 0 105
3737654 0 106
3739177 0 104
3740577 0 105
3742076 0 106
3743599 0 104
3745147 0 105
3746572 0 105
3748070 0 106
3749593 0 104
3750994 0 105
3752541 0 106
3754040 0 104
3755465 0 105
3757012 0 105
3758560 0 105
3760058 0 105
3761557 0 106
3763056 0 104
3764505 0 105
3765930 0 106
3767404 0 104
3768878 0 105
3770352 0 105
3771899 0 105
3773324 0 105
3774725 0 105
3776149 0 106
3777648 0 104
3779146 0 105
3780596 0 105
3782070 0 105
3783495 0 105
3784993 0 105
3786394 0 106
3787843 0 104
3789292 0 105
3790840 0 106
3792339 0 104
3793886 0 105
3795336 0 105
3796834 0 106
3798382 0 104
3799782 0 105
3801330 0 105
3802804 0 105
3804229 0 105
3805703 0 105
3807152 0 106
3808700 0 104
3810125 0 105
3811672 0 105
3813122 0 105
3814571 0 106
3815996 0 104
3817519 0 105
3818944 0 105
3820369 0 106
3821916 0 104
3823464 0 105
3824987 0 105
3826535 0 105
3828082 0 105
3829556 0 106
3831030 0 104
3832455 0 105
3833905 0 106
3835452 0 104
3836902 0 105
3838400 0 105
3839973 0 105
3841422 0 106
3842945 0 104
3844419 0 105
3845918 0 105
3847441 0 105
3848939 0 105
3850413 0 106
3851838 0 104
3853337 0 105
3854909 0 105
3856407 0 105
3857906 0 105
3859404 0 105
3860928 0 105
3862328 0 105
3863777 0 106
3865202 0 104
3866725 0 105
3868199 0 106
3869624 0 104
3871073 0 105
3872547 0 105
3874095 0 105
3875544 0 105
3877117 0 106
3878664 0 104
3880138 0 105
3881612 0 105
3883160 0 105
3884708 0 105
3886157 0 106
3887729 0 104
3889302 0 105
3890751 0 105
3892176 0 106
3893699 0 104
3895099 0 105
3896549 0 105
3897998 0 105
3899570 0 105
3901069 0 106
3902567 0 104
3903992 0 105
3905540 0 105
3907088 0 105
3908512 0 106
3910011 0 104
3911559 0 105
3913131 0 106
3914629 0 104
3916153 0 105
3917577 0 106
3919002 0 104
3920525 0 105
3921975 0 105
3923522 0 105
3924972 0 106
3926519 0 104
3928043 0 105
3929590 0 106
3931040 0 104
3932465 0 105
3933914 0 105
3935462 0 106
3936886 0 104
3938360 0 105
3939785 0 105
3941259 0 105
3942782 0 105
3944256 0 105
3945730 0 106
3947180 0 104
3948629 0 105
3950128 0 105
3951528 0 105
3952953 0 105
3954353 0 105
3955753 0 106
3957301 0 104
3958726 0 105
3960200 0 105
3961625 0 105
3963050 0 105
3964597 0 106
3966096 0 104
3967521 0 105
3968945 0 105
3970419 0 105
3971869 0 105
3973318 0 106
3974792 0 104
3976291 0 105
3977740 0 106
3979263 0 104
3980713 0 105
3982162 0 105
3983710 0 105
3985257 0 105
3986707 0 105
3988156 0 105
3989630 0 106
3991178 0 104
3992627 0 105
3994150 0 106
3995674 0 104
3997221 0 105
3998646 0 105
4000169 0 106
4001741 0 104
4003265 0 105
4004738 0 105
4006139 0 105
4007588 0 105
4009160 0 105
4010561 0 105
4012059 0 105
4013582 0 106
4015155 0 104
4016653 0 105
4018201 0 105
4019724 0 105
4021198 0 105
4022721 0 106
4024220 0 104
4025693 0 105
4027217 0 106
4028740 0 104
4030263 0 105
4031811 0 106
4033211 0 104
4034709 0 105
4036134 0 105
4037633 0 105
4039058 0 106
4040630 0 104
4042079 0 105
4043529 0 106
4044953 0 104
4046452 0 105
4047877 0 105
4049425 0 105
4050997 0 105
4052397 0 106
4053871 0 104
4055443 0 105
4056966 0 105
4058391 0 105
4059939 0 105
4061437 0 105
4062911 0 105
4064410 0 106
4065884 0 104
4067309 0 105
4068856 0 106
4070355 0 104
4071854 0 105
4073327 0 105
4074777 0 105
4076202 0 105
4077676 0 105
4079199 0 106
4080697 0 104
4082245 0 105
4083719 0 105
4085193 0 105
4086642 0 105
4088043 0 106
4089566 0 104
4091089 0 105
4092637 0 106
4094111 0 104
4095658 0 105
4097132 0 105
4098680 0 105
4100105 0 106
4101530 0 104
4102930 0 105
4104330 0 106
4105878 0 104
4107303 0 105
4108777 0 106
4110349 0 104
4111897 0 105
4113321 0 106
4114771 0 104
4116343 0 105
4117866 0 106
4119365 0 104
4120937 0 105
4122460 0 106
4123934 0 104
4125457 0 105
4127005 0 106
4128430 0 104
4129879 0 105
4131427 0 105
4132827 0 105
4134252 0 105
4135750 0 105
4137175 0 106
4138649 0 104
4140197 0 105
4141720 0 106
4143268 0 104
4144791 0 105
4146314 0 105
4147862 0 106
4149336 0 104
4150834 0 105
4152234 0 105
4153659 0 105
4155133 0 105
4156681 0 106
4158204 0 104
4159629 0 105
4161176 0 106
4162626 0 104
4164124 0 105
4165598 0 105
4167146 0 105
4168620 0 105
4170045 0 105
4171568 0 106
4173042 0 104
4174491 0 105
4175916 0 106
4177390 0 104
4178815 0 105
4180314 0 105
4181886 0 106
4183409 0 104
4184932 0 105
4186455 0 105
4187954 0 105
4189501 0 105
4191024 0 105
4192523 0 106
4194071 0 104
4195545 0 105
4197092 0 105
4198640 0 106
4200188 0 104
4201637 0 105
4203136 0 105
4204683 0 106
4206133 0 104
4207680 0 105
4209081 0 106
4210653 0 104
4212127 0 105
4213675 0 105
4215198 0 105
4216623 0 105
4218096 0 105
4219570 0 106
4221020 0 104
4222469 0 105
4223943 0 105
4225344 0 106
4226768 0 104
4228193 0 105
4229667 0 106
4231117 0 104
4232541 0 105
4233991 0 105
4235465 0 105
4236939 0 105
4238413 0 105
4239911 0 106
4241434 0 104
4242958 0 105
4244481 0 105
4246053 0 105
4247576 0 106
4249124 0 104
4250598 0 105
4252072 0 105
4253619 0 105
4255167 0 105
4256715 0 105
4258262 0 105
