52885 0 6
54408 0 1
55906 0 10
57454 0 12
58904 0 10
60427 0 12
61876 0 12
63350 0 5
64799 0 1
66298 0 2
67797 0 18
69271 0 15
70695 0 32
72120 0 11
73545 0 14
75068 0 14
76542 0 15
78041 0 36
79515 0 10
81062 0 21
82487 0 23
83937 0 22
85386 0 13
86786 0 14
88309 0 28
89783 0 9
91233 0 16
92609 0 30
94058 0 5
95581 0 14
97080 0 27
98603 0 3
100052 0 23
101477 0 35
102877 0 5
104376 0 15
105874 0 18
107397 0 24
108798 0 28
110321 0 11
111844 0 19
113367 0 14
114866 0 19
116315 0 14
117715 0 34
119091 0 6
120614 0 21
122088 0 20
123587 0 17
124987 0 26
126510 0 4
127959 0 17
129482 0 36
131006 0 9
132553 0 13
133978 0 19
135501 0 21
136975 0 16
138449 0 35
139923 0 2
141348 0 22
142822 0 20
144394 0 20
145917 0 29
147440 0 11
148890 0 18
150339 0 13
151838 0 15
153238 0 23
154786 0 27
156284 0 12
157807 0 23
159355 0 25
160878 0 9
162303 0 20
163900 0 32
165300 0 2
166848 0 20
168420 0 23
169943 0 36
171393 0 6
172891 0 19
174365 0 17
175765 0 32
177239 0 3
178713 0 24
180261 0 19
181735 0 32
183209 0 10
184781 0 19
186280 0 16
187729 0 26
189228 0 9
190702 0 20
192225 0 22
193723 0 17
195222 0 36
196769 0 10
198268 0 14
199791 0 14
201191 0 24
202641 0 21
204066 0 29
205441 0 2
206940 0 16
208340 0 17
209740 0 13
211239 0 19
212713 0 32
214187 0 5
215686 0 21
217135 0 25
218683 0 1
220083 0 16
221459 0 15
222933 0 24
224407 0 16
225831 0 28
227355 0 7
228853 0 16
230376 0 19
231850 0 18
233300 0 15
234724 0 14
236198 0 32
237746 0 7
239294 0 17
240694 0 32
242094 0 3
243544 0 15
244944 0 34
246393 0 12
247917 0 22
249415 0 16
250791 0 24
252265 0 26
253665 0 3
255188 0 24
256711 0 14
258234 0 32
259757 0 9
261231 0 17
262632 0 18
264204 0 19
265727 0 28
267127 0 8
268577 0 16
270100 0 23
271574 0 20
273048 0 25
274595 0 12
275996 0 14
277519 0 23
279091 0 15
280614 0 16
282137 0 33
283710 0 3
285184 0 21
286731 0 27
288279 0 3
289753 0 20
291202 0 25
292725 0 3
294150 0 17
295550 0 28
297000 0 3
298400 0 18
299972 0 17
301422 0 33
302994 0 3
304443 0 23
305917 0 34
307416 0 8
308915 0 16
310438 0 14
311838 0 14
313263 0 22
314835 0 36
316407 0 8
317906 0 14
319380 0 16
320829 0 21
322328 0 20
323826 0 22
325349 0 19
326872 0 14
328273 0 34
329796 0 5
331196 0 19
332670 0 14
334169 0 33
335692 0 6
337190 0 24
338713 0 15
340163 0 21
341637 0 34
343135 0 10
344585 0 21
346083 0 15
347533 0 18
349080 0 36
350554 0 7
352127 0 15
353576 0 14
354976 0 21
356549 0 22
358023 0 23
359570 0 22
361093 0 34
362616 0 9
364041 0 17
365564 0 16
367014 0 13
368561 0 14
370085 0 33
371485 0 11
372983 0 17
374506 0 21
376030 0 19
377528 0 17
379076 0 13
380599 0 27
382147 0 7
383670 0 15
385168 0 21
386642 0 17
388165 0 24
389615 0 32
391040 0 4
392563 0 13
394061 0 22
395584 0 19
397083 0 17
398606 0 26
400080 0 3
401628 0 17
403053 0 15
404551 0 24
406099 0 34
407548 0 9
409047 0 19
410594 0 17
412117 0 22
413641 0 22
415139 0 22
416687 0 32
418112 0 9
419635 0 19
421109 0 20
422656 0 14
424155 0 20
425703 0 23
427250 0 13
428798 0 15
430247 0 32
431721 0 11
433220 0 24
434768 0 26
436143 0 4
437593 0 21
439018 0 16
440442 0 13
441843 0 13
443317 0 29
444791 0 8
446338 0 16
447714 0 21
449213 0 25
450662 0 10
452160 0 16
453684 0 25
455256 0 7
456804 0 20
458351 0 28
459776 0 10
461299 0 16
462798 0 14
464345 0 16
465844 0 23
467367 0 19
468841 0 31
470389 0 11
471789 0 17
473337 0 27
474835 0 8
476407 0 19
477980 0 24
479527 0 21
480952 0 16
482451 0 28
483974 0 4
485497 0 16
486971 0 24
488519 0 34
489993 0 12
491417 0 21
492990 0 15
494488 0 22
495987 0 19
497461 0 31
498935 0 12
500360 0 19
501809 0 25
503234 0 4
504683 0 24
506182 0 25
507607 0 8
509154 0 18
510604 0 13
512102 0 13
513502 0 20
515050 0 24
516573 0 30
518047 0 4
519497 0 23
520971 0 16
522395 0 27
523894 0 6
525368 0 22
526817 0 29
528340 0 10
529864 0 19
531387 0 27
532861 0 1
534335 0 20
535784 0 13
537209 0 16
538757 0 33
540181 0 1
541705 0 16
543105 0 17
544628 0 20
546176 0 34
547625 0 7
549173 0 21
550671 0 33
552194 0 9
553668 0 20
555142 0 15
556616 0 18
558090 0 20
559589 0 23
561063 0 20
562512 0 29
564011 0 3
565558 0 24
567057 0 14
568457 0 19
569956 0 22
571528 0 19
573076 0 18
574648 0 34
576097 0 7
577571 0 13
579119 0 26
580642 0 11
582165 0 14
583688 0 24
585236 0 15
586636 0 13
588184 0 28
589633 0 7
591132 0 13
592655 0 35
594104 0 2
595628 0 18
597052 0 19
598526 0 22
599976 0 24
601499 0 30
602924 0 1
604471 0 15
605872 0 24
607395 0 23
608942 0 21
610466 0 31
612013 0 6
613463 0 16
614863 0 21
616386 0 13
617811 0 21
619359 0 20
620906 0 26
622331 0 8
623780 0 14
625205 0 14
626630 0 18
628104 0 20
629603 0 13
631101 0 15
632551 0 28
634000 0 2
635425 0 18
636850 0 23
638373 0 17
639871 0 27
641345 0 6
642795 0 13
644269 0 13
645694 0 27
647168 0 2
648666 0 15
650066 0 19
651565 0 19
653137 0 15
654537 0 31
656110 0 6
657535 0 16
658935 0 19
660409 0 16
661932 0 20
663504 0 16
665027 0 19
666526 0 28
667926 0 5
669376 0 24
670800 0 34
672225 0 12
673748 0 15
675198 0 34
676745 0 11
678244 0 21
679693 0 13
681241 0 16
682690 0 13
684091 0 20
685540 0 16
686940 0 22
688390 0 29
689888 0 3
691387 0 19
692885 0 18
694359 0 15
695858 0 20
697356 0 13
698855 0 25
700304 0 4
701680 0 17
703154 0 35
704726 0 8
706249 0 19
707822 0 27
709271 0 2
710721 0 20
712219 0 15
713693 0 16
715192 0 32
716641 0 11
718090 0 15
719540 0 27
720940 0 1
722414 0 22
723913 0 30
725313 0 6
726787 0 15
728310 0 17
729858 0 23
731381 0 20
732904 0 30
734329 0 5
735778 0 14
737228 0 15
738652 0 20
740249 0 36
741797 0 3
743197 0 24
744671 0 21
746219 0 16
747668 0 21
749167 0 27
750665 0 8
752213 0 24
753662 0 29
755185 0 9
756684 0 24
758109 0 19
759681 0 23
761131 0 16
762555 0 15
763980 0 36
765528 0 7
767076 0 16
768500 0 22
769925 0 35
771448 0 4
772849 0 14
774396 0 23
775919 0 35
777418 0 8
778966 0 18
780440 0 28
781840 0 12
783265 0 20
784812 0 28
786237 0 11
787785 0 16
789210 0 16
790708 0 24
792158 0 14
793632 0 36
795081 0 10
796629 0 14
798103 0 19
799552 0 27
801075 0 4
802476 0 13
803876 0 20
805399 0 24
806873 0 16
808273 0 36
809845 0 1
811344 0 22
812892 0 15
814316 0 32
815766 0 4
817191 0 20
818738 0 23
820286 0 15
821760 0 19
823332 0 18
824831 0 28
826379 0 9
827853 0 24
829400 0 21
830923 0 21
832373 0 16
833871 0 18
835345 0 15
836795 0 32
838342 0 11
839841 0 13
841364 0 19
842887 0 31
844459 0 10
846007 0 16
847383 0 31
848955 0 5
850404 0 15
851927 0 30
853303 0 6
854728 0 16
856128 0 26
857602 0 4
859076 0 18
860599 0 25
862000 0 3
863547 0 17
865070 0 16
866544 0 26
867969 0 1
869394 0 24
870868 0 14
872317 0 20
873816 0 22
875339 0 16
876862 0 33
878361 0 12
879810 0 19
881358 0 20
882881 0 25
884355 0 12
885780 0 18
887229 0 15
888777 0 14
890177 0 14
891676 0 21
893248 0 32
894648 0 8
896098 0 16
897498 0 18
898947 0 15
900372 0 18
901797 0 13
903296 0 25
904868 0 5
906293 0 22
907791 0 23
909241 0 16
910739 0 15
912164 0 24
913663 0 18
915087 0 19
916610 0 25
918060 0 10
919558 0 13
921057 0 22
922605 0 17
924030 0 14
925528 0 21
927051 0 25
928623 0 6
930171 0 21
931670 0 16
933119 0 14
934667 0 14
936141 0 23
937664 0 21
939138 0 30
940587 0 2
942135 0 20
943683 0 16
945132 0 18
946680 0 24
948080 0 30
949505 0 11
951052 0 18
952551 0 23
953976 0 21
955401 0 18
956924 0 19
1197802 0 101
1199301 0 101
1200701 0 101
1202249 0 101
1203649 0 101
1205123 0 101
1206523 0 101
1208046 0 101
1209594 0 101
1211019 0 101
1212542 0 102
1213942 0 102
1215416 0 102
1216866 0 102
1218290 0 102
1219789 0 102
1221337 0 102
1222860 0 103
1224407 0 101
1225930 0 102
1227380 0 102
1228829 0 103
1230377 0 101
1231777 0 102
1233300 0 102
1234848 0 102
1236297 0 103
1237821 0 101
1239344 0 102
1240867 0 102
1242365 0 102
1243888 0 102
1245338 0 103
1246910 0 101
1248335 0 102
1249833 0 103
1251307 0 101
1252708 0 102
1254133 0 102
1255607 0 103
1257031 0 101
1258481 0 102
1259906 0 102
1261453 0 102
1262952 0 103
1264401 0 101
1265900 0 102
1267423 0 102
1268971 0 102
1270371 0 102
1271845 0 103
1273294 0 101
1274768 0 102
1276218 0 102
1277618 0 102
1279141 0 102
1280615 0 102
1282138 0 102
1283588 0 103
1285160 0 101
1286609 0 102
1288059 0 102
1289533 0 102
1290957 0 103
1292505 0 101
1293930 0 102
1295453 0 102
1296976 0 103
1298401 0 101
1299801 0 102
1301251 0 102
1302749 0 102
1304199 0 102
1305673 0 102
1307147 0 103
1308571 0 101
1310095 0 102
1311544 0 102
1312993 0 102
1314394 0 102
1315819 0 102
1317292 0 102
1318791 0 103
1320339 0 101
1321837 0 102
1323336 0 102
1324859 0 102
1326308 0 102
1327709 0 102
1329133 0 102
1330657 0 103
1332229 0 101
1333727 0 102
1335128 0 102
1336626 0 103
1338125 0 101
1339623 0 102
1341146 0 102
1342571 0 102
1344094 0 103
1345667 0 101
1347067 0 102
1348565 0 102
1349966 0 103
1351390 0 101
1352914 0 102
1354412 0 102
1355886 0 102
1357385 0 102
1358834 0 103
1360333 0 101
1361782 0 102
1363330 0 102
1364804 0 103
1366278 0 101
1367702 0 102
1369201 0 103
1370774 0 101
1372247 0 102
1373647 0 102
1375171 0 102
1376620 0 102
1378045 0 102
1379543 0 102
1380993 0 103
1382418 0 101
1383843 0 102
1385366 0 103
1386840 0 101
1388264 0 102
1389788 0 103
1391360 0 101
1392785 0 102
1394283 0 102
1395831 0 103
1397379 0 101
1398902 0 102
1400449 0 103
1401997 0 101
1403496 0 102
1405043 0 102
1406517 0 102
1407917 0 102
1409416 0 102
1410816 0 102
1412290 0 103
1413838 0 101
1415263 0 102
1416810 0 103
1418284 0 101
1419808 0 102
1421257 0 103
1422706 0 101
1424254 0 102
1425679 0 103
1427227 0 101
1428627 0 102
1430076 0 102
1431526 0 102
1433024 0 102
1434572 0 102
1436046 0 102
1437593 0 103
1439166 0 101
1440591 0 102
1442015 0 102
1443539 0 102
1445037 0 102
1446560 0 103
1448108 0 101
1449557 0 102
1451056 0 102
1452554 0 102
1454004 0 102
1455502 0 102
1456927 0 103
1458475 0 101
1460022 0 102
1461447 0 102
1462970 0 102
1464518 0 102
1465918 0 102
1467368 0 103
1468793 0 101
1470193 0 102
1471618 0 102
1473043 0 102
1474492 0 102
1475941 0 102
1477489 0 103
1479037 0 101
1480462 0 102
1481936 0 103
1483483 0 101
1484933 0 102
1486382 0 102
1487807 0 102
1489306 0 102
1490779 0 102
1492303 0 103
1493850 0 101
1495275 0 102
1496798 0 102
1498297 0 102
1499820 0 102
1501294 0 103
1502866 0 101
1504414 0 102
1505839 0 102
1507362 0 102
1508909 0 102
1510310 0 103
1511784 0 101
1513282 0 102
1514805 0 102
1516304 0 102
1517827 0 102
1519252 0 103
1520799 0 101
1522224 0 102
1523649 0 102
1525099 0 103
1526548 0 101
1528096 0 102
1529570 0 103
1531117 0 101
1532665 0 102
1534114 0 102
1535662 0 103
1537087 0 101
1538487 0 102
1539912 0 102
1541386 0 102
1542860 0 102
1544359 0 103
1545832 0 101
1547331 0 102
1548756 0 103
1550205 0 101
1551679 0 102
1553129 0 103
1554676 0 101
1556101 0 102
1557575 0 103
1559074 0 101
1560499 0 102
1561923 0 102
1563471 0 102
1564920 0 102
1566468 0 103
1568016 0 101
1569465 0 102
1570988 0 102
1572462 0 102
1573887 0 103
1575312 0 101
1576737 0 102
1578235 0 102
1579685 0 102
1581110 0 102
1582534 0 102
1583959 0 102
1585507 0 103
1587079 0 101
1588553 0 102
1590052 0 102
1591526 0 102
1593073 0 102
1594523 0 103
1595972 0 101
1597397 0 102
1598797 0 103
1600345 0 101
1601819 0 102
1603219 0 102
1604669 0 102
1606143 0 103
1607592 0 101
1609115 0 102
1610614 0 102
1612014 0 102
1613562 0 102
1615011 0 102
1616510 0 102
1618033 0 103
1619556 0 101
1621104 0 102
1622528 0 102
1623953 0 103
1625452 0 101
1626901 0 102
1628424 0 103
1629947 0 101
1631372 0 102
1632773 0 103
1634296 0 101
1635794 0 102
1637244 0 102
1638693 0 103
1640167 0 101
1641666 0 102
1643164 0 103
1644613 0 101
1646063 0 102
1647537 0 102
1648986 0 103
1650485 0 101
1651934 0 102
1653384 0 103
1654858 0 101
1656356 0 102
1657904 0 102
1659427 0 103
1660901 0 101
1662350 0 102
1663873 0 102
1665347 0 102
1666871 0 103
1668320 0 101
1669745 0 102
1671268 0 103
1672840 0 101
1674314 0 102
1675739 0 102
1677139 0 102
1678638 0 102
1680161 0 102
1681709 0 103
1683281 0 101
1684779 0 102
1686229 0 103
1687776 0 101
1689250 0 102
1690773 0 102
1692321 0 103
1693869 0 101
1695343 0 102
1696890 0 102
1698389 0 102
1699863 0 102
1701362 0 103
1702786 0 101
1704211 0 102
1705636 0 103
1707086 0 101
1708584 0 102
1710083 0 102
1711532 0 102
1713031 0 103
1714554 0 101
1716003 0 102
1717502 0 102
1719025 0 102
1720474 0 102
1721948 0 103
1723471 0 101
1724871 0 102
1726321 0 102
1727721 0 103
1729146 0 101
1730620 0 102
1732069 0 102
1733470 0 102
1734919 0 103
1736491 0 101
1737990 0 102
1739538 0 102
1740938 0 102
1742461 0 103
1743935 0 101
1745483 0 102
1747006 0 103
1748578 0 101
1750052 0 102
1751550 0 102
1753024 0 102
1754498 0 102
1756046 0 102
1757495 0 102
1758969 0 103
1760394 0 101
1761868 0 102
1763318 0 103
1764841 0 101
1766364 0 102
1767764 0 102
1769312 0 102
1770761 0 102
1772309 0 102
1773808 0 102
1775257 0 103
1776829 0 101
1778377 0 102
1779851 0 103
1781374 0 101
1782799 0 102
1784224 0 102
1785771 0 103
1787221 0 101
1788744 0 102
1790242 0 102
1791790 0 102
1793289 0 102
1794812 0 102
1796261 0 102
1797710 0 103
1799160 0 101
1800585 0 102
1801985 0 102
1803533 0 103
1804958 0 101
1806481 0 102
1807955 0 102
1809429 0 102
1810878 0 102
1812278 0 102
1813752 0 103
1815226 0 101
1816700 0 102
1818248 0 102
1819673 0 102
1821098 0 102
1822547 0 103
1824070 0 101
1825470 0 102
1826895 0 103
1828443 0 101
1829991 0 102
1831391 0 102
1832865 0 103
1834339 0 101
1835788 0 102
1837336 0 102
1838736 0 102
1840259 0 102
1841782 0 102
1843232 0 103
1844681 0 101
1846155 0 102
1847605 0 102
1849103 0 102
1850602 0 102
1852002 0 102
1853451 0 102
1854876 0 103
1856301 0 101
1857775 0 102
1859249 0 102
1860797 0 102
1862246 0 102
1863769 0 102
1865194 0 103
1866693 0 101
1868240 0 102
1869690 0 103
1871213 0 101
1872760 0 102
1874185 0 102
1875586 0 102
1877060 0 102
1878484 0 102
1879934 0 103
1881408 0 101
1882857 0 102
1884405 0 102
1885879 0 103
1887328 0 101
1888729 0 102
1890276 0 102
1891750 0 102
1893150 0 102
1894600 0 103
1896049 0 101
1897450 0 102
1898997 0 102
1900471 0 103
1901896 0 101
1903321 0 102
1904869 0 102
1906416 0 102
1907890 0 102
1909389 0 103
1910863 0 101
1912361 0 102
1913762 0 103
1915285 0 101
1916759 0 102
1918159 0 102
1919707 0 102
1921131 0 102
1922655 0 103
1924153 0 101
1925627 0 102
1927126 0 102
1928600 0 102
1930147 0 102
1931695 0 102
1933120 0 102
1934618 0 103
1936068 0 101
1937468 0 102
1938942 0 102
1940342 0 102
1941816 0 103
1943364 0 101
1944764 0 102
1946312 0 102
1947835 0 102
1949358 0 102
1950881 0 103
1952404 0 101
1953903 0 102
1955303 0 103
1956802 0 101
1958202 0 102
1959701 0 103
1961199 0 101
1962599 0 102
1964049 0 102
1965498 0 102
1966972 0 102
1968446 0 103
1969895 0 101
1971394 0 102
1972917 0 103
1974391 0 101
1975841 0 102
1977339 0 103
1978813 0 101
1980213 0 102
1981761 0 103
1983260 0 101
1984783 0 102
1986306 0 103
1987755 0 101
1989155 0 102
1990556 0 103
1992128 0 101
1993577 0 102
1995002 0 102
1996476 0 103
1997999 0 101
1999547 0 102
2001046 0 102
2002519 0 102
2004018 0 102
2005566 0 102
2007089 0 102
2008636 0 103
2010061 0 101
2011535 0 102
2013034 0 102
2014459 0 102
2015933 0 102
2017480 0 103
2018930 0 101
2020379 0 102
2021780 0 102
2023327 0 103
2024850 0 101
2026251 0 102
2027774 0 102
2029321 0 102
2030771 0 103
2032343 0 101
2033743 0 102
2035168 0 103
2036691 0 101
2038116 0 102
2039664 0 103
2041138 0 101
2042636 0 102
2044135 0 102
2045535 0 102
2047034 0 102
2048532 0 102
2049982 0 102
2051456 0 102
2052880 0 103
2054428 0 101
2055976 0 102
2057474 0 102
2058997 0 102
2060447 0 102
2061970 0 102
2063468 0 102
2065016 0 102
2066466 0 103
2067964 0 101
2069463 0 102
2070937 0 102
2072435 0 103
2073983 0 101
2075383 0 102
2076857 0 102
2078380 0 103
2079830 0 101
2081304 0 102
2082778 0 102
2084276 0 103
2085824 0 101
2087224 0 102
2088673 0 102
2090221 0 102
2091720 0 102
2093194 0 102
2094618 0 102
2096043 0 103
2097566 0 101
2098967 0 102
2116002 0 48
2117550 0 45
2118974 0 38
2120448 0 46
2121972 0 42
2123445 0 46
2124969 0 42
2126443 0 39
2127966 0 42
2129513 0 42
2130963 0 53
2132412 0 57
2133911 0 64
2135434 0 42
2136908 0 49
2138406 0 65
2139880 0 37
2141428 0 50
2142902 0 69
2144327 0 45
2145874 0 51
2147373 0 64
2148872 0 38
2150321 0 50
2151746 0 54
2153244 0 57
2154718 0 64
2156192 0 42
2157715 0 59
2159239 0 67
2160786 0 45
2162285 0 49
2163759 0 69
2165306 0 37
2166756 0 53
2168328 0 52
2169851 0 55
2171374 0 58
2172873 0 57
2174372 0 53
2175796 0 66
2177344 0 43
2178793 0 57
2180292 0 69
2181840 0 38
2183363 0 60
2184812 0 49
2186335 0 55
2187907 0 53
2189455 0 53
2191027 0 50
2192452 0 67
2193926 0 37
2195425 0 49
2196997 0 66
2198495 0 45
2199969 0 60
2201542 0 54
2203016 0 52
2204539 0 59
2206062 0 55
2207536 0 53
2208961 0 66
2210484 0 46
2212031 0 50
2213481 0 53
2214906 0 53
2216404 0 49
2217829 0 71
2219278 0 43
2220703 0 51
2222226 0 70
2223627 0 43
2225174 0 49
2226599 0 64
2228049 0 44
2229572 0 58
2231095 0 50
2232593 0 57
2234166 0 57
2235689 0 59
2237212 0 64
2238710 0 39
2240258 0 55
2241781 0 54
2243280 0 60
2244827 0 51
2246326 0 53
2247849 0 51
2249348 0 68
2250748 0 45
2252246 0 58
2253696 0 60
2255219 0 58
2256693 0 58
2258241 0 50
2259715 0 70
2261090 0 39
2262663 0 53
2264186 0 64
2265635 0 39
2267060 0 50
2268485 0 65
2269934 0 45
2271433 0 58
2272980 0 59
2274430 0 52
2275904 0 54
2277378 0 51
2278827 0 63
2280399 0 45
2281898 0 53
2283421 0 52
2284969 0 67
2286492 0 44
2287966 0 58
2289514 0 55
2291037 0 71
2292511 0 38
2293960 0 53
2295385 0 55
2296810 0 50
2298284 0 67
2299807 0 46
2301330 0 49
2302755 0 60
2304278 0 54
2305825 0 55
2307250 0 54
2308773 0 58
2310321 0 68
2311820 0 37
2313220 0 57
2314669 0 63
2316168 0 44
2317740 0 50
2319263 0 52
2320737 0 62
2322162 0 45
2323685 0 58
2325184 0 50
2326633 0 50
2328058 0 50
2329507 0 56
2330957 0 68
2332382 0 45
2333831 0 56
2335354 0 63
2336779 0 37
2338179 0 52
2339629 0 63
2341078 0 40
2342650 0 51
2344075 0 55
2345500 0 55
2346999 0 54
2348448 0 55
2349873 0 51
2351298 0 63
2352796 0 43
2354368 0 57
2355941 0 59
2357415 0 58
2358889 0 55
2360461 0 62
2361886 0 46
2363458 0 59
2365030 0 55
2366529 0 51
2367978 0 50
2369501 0 50
2371049 0 71
2372523 0 44
2373948 0 59
2375373 0 65
2376871 0 42
2378370 0 57
2379893 0 51
2381416 0 52
2382890 0 68
2384438 0 48
2385936 0 54
2387435 0 51
2388933 0 56
2390456 0 64
2391979 0 42
2393552 0 58
2395075 0 54
2396524 0 65
2398023 0 41
2399472 0 49
2400897 0 69
2402445 0 38
2403968 0 56
2405393 0 54
2406891 0 60
2408390 0 49
2409815 0 50
2411338 0 53
2412861 0 56
2414359 0 69
2415932 0 39
2417479 0 57
2418978 0 69
2420501 0 44
2421926 0 50
2423498 0 50
2424972 0 52
2426421 0 54
2427871 0 69
2429443 0 40
2430942 0 53
2432391 0 55
2433865 0 49
2435314 0 57
2436911 0 59
2438459 0 64
2439908 0 41
2441382 0 52
2442930 0 53
2444478 0 53
2445902 0 51
2447376 0 59
2448900 0 65
2450447 0 46
2451970 0 52
2453395 0 64
2454869 0 37
2456441 0 56
2457891 0 57
2459365 0 55
2460814 0 50
2462362 0 52
2463836 0 61
2465261 0 43
2466685 0 52
2468233 0 49
2469781 0 54
2471255 0 50
2472680 0 49
2474129 0 65
2475628 0 46
2477126 0 52
2478600 0 56
2480074 0 53
2481646 0 60
2483047 0 59
2484545 0 54
2485945 0 66
2487469 0 46
2488918 0 59
2490490 0 56
2491940 0 50
2493364 0 59
2494863 0 52
2496312 0 58
2497786 0 63
2499187 0 41
2500734 0 60
2502233 0 49
2503658 0 52
2505156 0 65
2506679 0 40
2508202 0 60
2509652 0 54
2511052 0 54
2512600 0 51
2514148 0 65
2515621 0 48
2517046 0 56
2518594 0 60
2520093 0 54
2521591 0 64
2523114 0 37
2524588 0 50
2526062 0 55
2527610 0 58
2529108 0 63
2530558 0 46
2532007 0 51
2533579 0 70
2535029 0 47
2536576 0 59
2538026 0 57
2539598 0 53
2541097 0 60
2542522 0 57
2544045 0 55
2545519 0 70
2546993 0 47
2548467 0 57
2549941 0 72
2551390 0 37
2552938 0 49
2554412 0 53
2555836 0 53
2557360 0 68
2558809 0 47
2560381 0 59
2561806 0 58
2563378 0 70
2564852 0 46
2566400 0 59
2567874 0 60
2569372 0 58
2570920 0 58
2572419 0 56
2573966 0 72
2575514 0 43
2577037 0 57
2578536 0 70
2580059 0 47
2581459 0 57
2583031 0 69
2584481 0 37
2585930 0 50
2587478 0 64
2588976 0 46
2590450 0 49
2591900 0 55
2593423 0 57
2594872 0 52
2596395 0 70
2597918 0 44
2599466 0 51
2600916 0 68
2602316 0 44
2603716 0 56
2605166 0 49
2606590 0 50
2608113 0 51
2609661 0 57
2611209 0 69
2612707 0 38
2614132 0 56
2615631 0 69
2617105 0 44
2618554 0 53
2620126 0 55
2621674 0 69
2623173 0 42
2624597 0 52
2626047 0 60
2627545 0 54
2628970 0 51
2630518 0 62
2632066 0 39
2633540 0 49
2634964 0 49
2636389 0 56
2637937 0 60
2639411 0 71
2640836 0 45
2642359 0 51
2643857 0 72
2645258 0 45
2646805 0 57
2648230 0 66
2649778 0 40
2651252 0 53
2652726 0 55
2654249 0 57
2655674 0 63
2657221 0 43
2658695 0 51
2660096 0 55
2661643 0 63
2663093 0 37
2664518 0 54
2665942 0 57
2667392 0 50
2668915 0 58
2670512 0 52
2671961 0 59
2673509 0 65
2675007 0 42
2676408 0 60
2677906 0 57
2679331 0 49
2680830 0 52
2682304 0 61
2683827 0 41
2685252 0 50
2686799 0 49
2688273 0 54
2689796 0 57
2691344 0 55
2692793 0 57
2694317 0 52
2695815 0 66
2697338 0 40
2698861 0 53
2700409 0 60
2701883 0 62
2703283 0 42
2704806 0 53
2706329 0 53
2707853 0 56
2709327 0 53
2710776 0 70
2712274 0 45
2713822 0 54
2715345 0 50
2716893 0 51
2718416 0 61
2719865 0 47
2721266 0 52
2722838 0 68
2724287 0 43
2725811 0 50
2727334 0 53
2728758 0 69
2730232 0 42
2731756 0 50
2733205 0 53
2734704 0 50
2736153 0 65
2737725 0 43
2739199 0 53
2740673 0 67
2742123 0 40
2743621 0 58
2745095 0 72
2746495 0 37
2747920 0 51
2749419 0 57
2750893 0 56
2752342 0 60
2753816 0 60
2755388 0 50
2756936 0 52
2758434 0 71
2759933 0 37
2761432 0 53
2762906 0 65
2764453 0 46
2765927 0 55
2767450 0 64
2768998 0 41
2770497 0 50
2772020 0 56
2773543 0 51
2774992 0 67
2776540 0 41
2778014 0 55
2779463 0 72
2780888 0 41
2782387 0 57
2783959 0 60
2785359 0 56
2786931 0 58
2788479 0 63
2790002 0 42
2791501 0 58
2792950 0 54
2794375 0 70
2795751 0 45
2797323 0 49
2798821 0 59
2800394 0 58
2801868 0 49
2803391 0 69
2804938 0 39
2806388 0 54
2807837 0 58
2809262 0 59
2810810 0 70
2812308 0 45
2813733 0 54
2815207 0 59
2816779 0 50
2818229 0 58
2819703 0 50
2821226 0 69
2822798 0 48
2824346 0 50
2825869 0 53
2827343 0 51
2828891 0 50
2830438 0 60
2831986 0 66
2833484 0 48
2834885 0 55
2836432 0 49
2837882 0 68
2839331 0 41
2840781 0 56
2842206 0 65
2843778 0 42
2845178 0 54
2846701 0 55
2848224 0 60
2849723 0 51
2851172 0 71
2852646 0 42
2854194 0 55
2855717 0 56
2857142 0 55
2858616 0 61
2860041 0 43
2861564 0 54
2863013 0 56
2864487 0 65
2865986 0 41
2867435 0 59
2868860 0 53
2870408 0 50
2871906 0 64
2873380 0 44
2874952 0 50
2876500 0 52
2877925 0 56
2879423 0 54
2880971 0 64
2882445 0 42
2883894 0 60
2885442 0 58
2886965 0 51
2888390 0 64
2889840 0 38
2891313 0 50
2892738 0 68
2894212 0 44
2895686 0 55
2897209 0 58
2898806 0 60
2900256 0 58
2901754 0 69
2903228 0 40
2904702 0 58
2906250 0 54
2907675 0 53
2909222 0 52
2910672 0 60
2912097 0 64
2913571 0 47
2915094 0 56
2916592 0 60
2918115 0 60
2919638 0 56
2921186 0 50
2922611 0 64
2924134 0 41
2925583 0 57
2927008 0 55
2928507 0 56
2930054 0 58
2931528 0 71
2933076 0 44
2934526 0 50
2936024 0 68
2937449 0 43
2938948 0 53
2940372 0 52
2941871 0 55
2943394 0 55
2944819 0 63
2946268 0 37
2947791 0 57
2949216 0 51
2950715 0 60
2952238 0 54
2953736 0 68
2955161 0 40
2956635 0 53
2958207 0 53
2959755 0 67
2961254 0 44
2962752 0 56
2964251 0 71
2965749 0 44
2967223 0 51
2968771 0 60
2970220 0 56
2971768 0 59
2973267 0 65
2974741 0 37
2976264 0 54
2977836 0 70
2979212 0 46
2980735 0 50
2982160 0 50
2983584 0 59
2985009 0 70
2986508 0 39
2988055 0 53
2989480 0 52
2991003 0 70
2992502 0 48
2994074 0 55
2995548 0 51
2997071 0 55
2998570 0 60
3000118 0 68
3001542 0 39
3002992 0 52
3004490 0 69
3005915 0 40
3007438 0 55
3008912 0 54
3010460 0 59
3011909 0 56
3013432 0 64
3014833 0 46
3016282 0 51
3017756 0 68
3019328 0 40
3020778 0 49
3022301 0 55
3023849 0 55
3041851 0 104
3043276 0 104
3044725 0 104
3046273 0 104
3047697 0 104
3049171 0 104
3050572 0 104
3052021 0 104
3053446 0 104
3054969 0 104
3056492 0 105
3058040 0 105
3059489 0 106
3060963 0 104
3062511 0 105
3064010 0 106
3065483 0 104
3066908 0 105
3068407 0 105
3069955 0 105
3071404 0 105
3072927 0 106
3074376 0 104
3075924 0 105
3077472 0 105
3079019 0 105
3080493 0 106
3081918 0 104
3083343 0 105
3084891 0 105
3086316 0 106
3087863 0 104
3089411 0 105
3090811 0 105
3092334 0 105
3093857 0 105
3095356 0 106
3096904 0 104
3098353 0 105
3099901 0 106
3101473 0 104
3102947 0 105
3104347 0 105
3105797 0 105
3107222 0 105
3108646 0 105
3110071 0 106
3111570 0 104
3113142 0 105
3114591 0 105
3116041 0 105
3117515 0 105
3118964 0 106
3120414 0 104
3121863 0 105
3123411 0 106
3124836 0 104
3126260 0 105
3127734 0 106
3129233 0 104
3130707 0 105
3132205 0 105
3133655 0 106
3135129 0 104
3136627 0 105
3138101 0 106
3139624 0 104
3141098 0 105
3142499 0 106
3143997 0 104
3145471 0 105
3146945 0 106
3148444 0 104
3149967 0 105
3151490 0 105
3152915 0 105
3154438 0 106
3155936 0 104
3157361 0 105
3158884 0 106
3160432 0 104
3161980 0 105
3163527 0 105
3164928 0 105
3166377 0 105
3167802 0 105
3169301 0 106
3170750 0 104
3172224 0 105
3173673 0 105
3175147 0 105
3176695 0 106
3178218 0 104
3179717 0 105
3181240 0 105
3182787 0 105
3184237 0 105
3185784 0 106
3187308 0 104
3188708 0 105
3190133 0 105
3191558 0 105
3193056 0 106
3194604 0 104
3196029 0 105
3197453 0 106
3198977 0 104
3200451 0 105
3201875 0 105
3203399 0 106
3204946 0 104
3206494 0 105
3207919 0 106
3209442 0 104
3210965 0 105
3212537 0 105
3214060 0 105
3215485 0 105
3217057 0 105
3218580 0 105
3220079 0 106
3221578 0 104
3223052 0 105
3224599 0 105
3226049 0 105
3227523 0 105
3228947 0 105
3230372 0 105
3231871 0 105
3233394 0 106
3234868 0 104
3236366 0 105
3237816 0 105
3239216 0 105
3240788 0 105
3242287 0 105
3243835 0 106
3245333 0 104
3246856 0 105
3248306 0 106
3249853 0 104
3251327 0 105
3252850 0 105
3254349 0 105
3255798 0 105
3257272 0 106
3258746 0 104
3260269 0 105
3261793 0 106
3263291 0 104
3264740 0 105
3266165 0 106
3267615 0 104
3269040 0 105
3270563 0 106
3272086 0 104
3273633 0 105
3275058 0 105
3276508 0 105
3277957 0 106
3279456 0 104
3281003 0 105
3282576 0 106
3284074 0 104
3285573 0 105
3287022 0 106
3288594 0 104
3290019 0 105
3291419 0 105
3292820 0 105
3294294 0 105
3295768 0 105
3297193 0 105
3298667 0 106
3300067 0 104
3301492 0 105
3302941 0 105
3304440 0 105
3305938 0 105
3307388 0 106
3308935 0 104
3310360 0 105
3311859 0 105
3313333 0 105
3314856 0 105
3316428 0 105
3317926 0 105
3319450 0 106
3320948 0 104
3322348 0 105
3323896 0 105
3325345 0 105
3326819 0 105
3328220 0 105
3329718 0 106
3331291 0 104
3332740 0 105
3334140 0 105
3335565 0 105
3337088 0 105
3338538 0 106
3339962 0 104
3341461 0 105
3342984 0 105
3344483 0 105
3345932 0 105
3347357 0 106
3348880 0 104
3350280 0 105
3351803 0 105
3353228 0 105
3354653 0 106
3356102 0 104
3357503 0 105
3358903 0 106
3360352 0 104
3361900 0 105
3363399 0 105
3364946 0 105
3366371 0 105
3367894 0 106
3369442 0 104
3370940 0 105
3372439 0 106
3373987 0 104
3375387 0 105
3376886 0 105
3378335 0 105
3379883 0 105
3381332 0 106
3382781 0 104
3384280 0 105
3385729 0 105
3387203 0 105
3388702 0 105
3390151 0 105
3391674 0 106
3393247 0 104
3394794 0 105
3396317 0 105
3397767 0 105
3399192 0 105
3400641 0 105
3402066 0 106
3403614 0 104
3405161 0 105
3406734 0 105
3408257 0 105
3409657 0 105
3411131 0 106
3412654 0 104
3414128 0 105
3415528 0 105
3417051 0 105
3418501 0 105
3419975 0 105
3421375 0 105
3422923 0 106
3424397 0 104
3425871 0 105
3427394 0 105
3428941 0 105
3430440 0 105
3431889 0 105
3433339 0 106
3434788 0 104
3436213 0 105
3437663 0 105
3439136 0 105
3440561 0 105
3442084 0 105
3443583 0 105
3444983 0 105
3446457 0 106
3447882 0 104
3449331 0 105
3450879 0 105
3452353 0 105
3453827 0 106
3455301 0 104
3456726 0 105
3458274 0 105
3459821 0 105
3461271 0 105
3462794 0 105
3464317 0 106
3465742 0 104
3467289 0 105
3468813 0 105
3470360 0 105
3471932 0 105
3473456 0 105
3474954 0 105
3476502 0 106
3478025 0 104
3479499 0 105
3481047 0 105
3482471 0 105
3483921 0 105
3485395 0 106
3486795 0 104
3488294 0 105
3489694 0 105
3491168 0 105
3492666 0 105
3494140 0 105
3495639 0 106
3497187 0 104
3498636 0 105
3500085 0 105
3501535 0 105
3503009 0 105
3504507 0 105
3505957 0 106
3507455 0 104
3508978 0 105
3510428 0 106
3511951 0 104
3513425 0 105
3514923 0 106
3516496 0 104
3518019 0 105
3519517 0 105
3520967 0 106
3522416 0 104
3523964 0 105
3525487 0 105
3526912 0 106
3528337 0 104
3529835 0 105
3531235 0 105
3532759 0 105
3534208 0 105
3535706 0 106
3537107 0 104
3538556 0 105
3540055 0 105
3541455 0 106
3542954 0 104
3544378 0 105
3545901 0 105
3547449 0 105
3548972 0 105
3550397 0 105
3551969 0 106
3553443 0 104
3554917 0 105
3556416 0 105
3557914 0 105
3559487 0 106
3560936 0 104
3562435 0 105
3563859 0 105
3565407 0 105
3566955 0 106
3568429 0 104
3569927 0 105
3571426 0 105
3572924 0 105
3574423 0 105
3575897 0 106
3577469 0 104
3578992 0 105
3580466 0 105
3581891 0 105
3583291 0 105
3584839 0 106
3586411 0 104
3587959 0 105
3589457 0 105
3590907 0 105
3592405 0 105
3593879 0 105
3595304 0 106
3596827 0 104
3598375 0 105
3599898 0 105
3601372 0 105
3602822 0 105
3604296 0 105
3605843 0 105
3607415 0 106
3608889 0 104
3610363 0 105
3611788 0 106
3613262 0 104
3614810 0 105
3616235 0 106
3617709 0 104
3619134 0 105
3620583 0 106
3622008 0 104
3623433 0 105
3624980 0 105
3626528 0 106
3628051 0 104
3629500 0 105
3630925 0 106
3632375 0 104
3633923 0 105
3635470 0 106
3637042 0 104
3638565 0 105
3640113 0 105
3641612 0 106
3643012 0 104
3644412 0 105
3645812 0 105
3647336 0 105
3648736 0 105
3650161 0 105
3651708 0 106
3653182 0 104
3654583 0 105
3656106 0 106
3657604 0 104
3659029 0 105
3660528 0 105
3662026 0 105
3663476 0 105
3664974 0 106
3666497 0 104
3668020 0 105
3669568 0 105
3671140 0 105
3672663 0 105
3674113 0 105
3675636 0 106
3677134 0 104
3678707 0 105
3680254 0 106
3681679 0 104
3683104 0 105
3684627 0 105
3686175 0 105
3687698 0 105
3689197 0 105
3690695 0 105
3692169 0 105
3693692 0 106
3695264 0 104
3696665 0 105
3698114 0 105
3699514 0 105
3701037 0 105
3702462 0 105
3703985 0 105
3705484 0 106
3707032 0 104
3708530 0 105
3710053 0 105
3711454 0 105
3712928 0 105
3714451 0 105
3715875 0 105
3717423 0 106
3718971 0 104
3720445 0 105
3721919 0 106
3723442 0 104
3724990 0 105
3726414 0 106
3727888 0 104
3729387 0 105
3730861 0 106
3732359 0 104
3733809 0 105
3735307 0 105
3736732 0 105
3738206 0 105
3739680 0 105
3741228 0 105
3742677 0 106
3744127 0 104
3745674 0 105
3747197 0 105
3748770 0 105
3750317 0 106
3751816 0 104
3753216 0 105
3754666 0 105
3756066 0 105
3757491 0 106
3759038 0 104
3760488 0 105
3761986 0 105
3763436 0 105
3764861 0 105
3766384 0 106
3767809 0 104
3769356 0 105
3770781 0 105
3772231 0 106
3773704 0 104
3775129 0 105
3776652 0 106
3778126 0 104
3779551 0 105
3781025 0 106
3782573 0 104
3784145 0 105
3785595 0 106
3787167 0 104
3788592 0 105
3790041 0 105
3791589 0 105
3793112 0 105
3794610 0 105
3796109 0 106
3797583 0 104
3799032 0 105
3800580 0 105
3802054 0 105
3803528 0 106
3804928 0 104
3806500 0 105
3807999 0 106
3809399 0 104
3810800 0 105
3812298 0 105
3813748 0 105
3815197 0 106
3816646 0 104
3818169 0 105
3819643 0 106
3821216 0 104
3822641 0 105
3824188 0 105
3825613 0 106
3827087 0 104
3828635 0 105
3830109 0 105
3831632 0 105
3833130 0 105
3834703 0 105
3836152 0 106
3837650 0 104
3839149 0 105
3840598 0 105
3842048 0 105
3843571 0 106
3845094 0 104
3846519 0 105
3848042 0 105
3849541 0 105
3851015 0 105
3852562 0 105
3854036 0 106
3855486 0 104
3856886 0 105
3858384 0 106
3859908 0 104
3861431 0 105
3862880 0 105
3864428 0 105
3865902 0 105
3867449 0 105
3868874 0 106
3870422 0 104
3871945 0 105
3873345 0 105
3874893 0 106
3876318 0 104
3877767 0 105
3879217 0 105
3880740 0 106
3882189 0 104
3883639 0 105
3885211 0 105
3886783 0 106
3888257 0 104
3889780 0 105
3891279 0 106
3892753 0 104
3894227 0 105
3895676 0 105
3897224 0 105
3898698 0 106
3900196 0 104
3901695 0 105
3903144 0 105
3904667 0 106
3906190 0 104
3907591 0 105
3909040 0 105
3910588 0 105
3912086 0 106
3913536 0 104
3915034 0 105
3916557 0 106
3918056 0 104
3919579 0 105
3921028 0 105
3922502 0 105
3924050 0 106
3925622 0 104
3927121 0 105
3928669 0 105
3930093 0 105
3931543 0 105
3933041 0 105
3934515 0 106
3935965 0 104
3937488 0 105
3938986 0 106
3940485 0 104
3942008 0 105
3943507 0 106
3945054 0 104
3946528 0 105
