15308 0 10
16884 0 6
18441 0 6
19895 0 12
21390 0 6
22885 0 1
24339 0 3
25773 0 10
27288 0 6
28722 0 10
30196 0 19
31650 0 18
33227 0 24
34661 0 22
36115 0 33
37569 0 8
39166 0 15
40579 0 22
42034 0 21
43549 0 14
45024 0 20
46457 0 24
47932 0 26
49447 0 9
50881 0 23
52437 0 15
53850 0 26
55366 0 4
56779 0 13
58233 0 34
59626 0 10
61203 0 14
62636 0 20
64131 0 18
65565 0 17
66978 0 22
68473 0 24
69886 0 36
71319 0 3
72773 0 24
74309 0 26
75825 0 6
77259 0 13
78753 0 34
80269 0 5
81784 0 21
83300 0 20
84734 0 22
86188 0 26
87703 0 4
89239 0 18
90734 0 33
92168 0 11
93724 0 17
95219 0 35
96755 0 1
98291 0 24
99786 0 24
101261 0 22
102817 0 23
104312 0 22
105787 0 17
107220 0 15
108736 0 28
110169 0 3
111705 0 14
113118 0 31
114593 0 10
116047 0 13
117440 0 23
118955 0 33
120389 0 8
121925 0 21
123440 0 21
124976 0 19
126451 0 17
127966 0 27
129359 0 6
130813 0 22
132246 0 25
133659 0 8
135093 0 22
136629 0 25
138185 0 11
139742 0 13
141134 0 22
142650 0 35
144043 0 8
145579 0 20
147115 0 22
148651 0 16
150105 0 33
151518 0 12
152951 0 16
154405 0 21
155941 0 19
157498 0 22
158972 0 23
160508 0 23
162065 0 32
163498 0 10
165014 0 23
166468 0 21
168004 0 24
169540 0 19
170994 0 19
172427 0 27
173902 0 8
175397 0 15
176892 0 15
178325 0 22
179861 0 21
181336 0 34
182749 0 6
184224 0 20
185760 0 16
187152 0 17
188627 0 34
190163 0 7
191617 0 19
193194 0 25
194648 0 4
196102 0 18
197597 0 19
199112 0 16
200505 0 32
201938 0 11
203454 0 17
205010 0 26
206505 0 8
207939 0 18
209475 0 20
211011 0 15
212424 0 24
213919 0 24
215414 0 24
216868 0 21
218445 0 35
219879 0 3
221415 0 14
222951 0 20
224405 0 28
225941 0 7
227497 0 13
228951 0 24
230467 0 15
231880 0 17
233436 0 24
234890 0 16
236283 0 28
237716 0 10
239232 0 18
240747 0 29
242160 0 9
243594 0 13
245110 0 34
246625 0 7
248141 0 20
249574 0 32
251110 0 5
252626 0 21
254162 0 13
255636 0 14
257090 0 17
258606 0 22
260101 0 14
261575 0 26
262947 0 4
264422 0 23
265896 0 20
267453 0 22
268989 0 16
270422 0 17
271917 0 28
273433 0 3
274846 0 14
276280 0 13
277713 0 29
279208 0 1
280642 0 23
282075 0 30
283427 0 2
284963 0 19
286376 0 32
287769 0 5
289202 0 16
290718 0 20
292192 0 23
293667 0 17
295182 0 26
296677 0 4
298111 0 19
299606 0 17
300998 0 22
302493 0 31
304050 0 10
305565 0 23
306979 0 15
308433 0 20
309866 0 21
311423 0 35
312856 0 12
314269 0 15
315682 0 26
317136 0 3
318631 0 16
320127 0 15
321560 0 33
323116 0 7
324632 0 23
326086 0 15
327479 0 20
328974 0 36
330510 0 1
331984 0 23
333541 0 15
335077 0 28
336613 0 6
338149 0 20
339664 0 23
341077 0 29
342470 0 3
344006 0 23
345460 0 18
347016 0 18
348511 0 34
349924 0 12
351337 0 20
352873 0 20
354409 0 22
355884 0 36
357420 0 11
358853 0 19
360307 0 18
361864 0 18
363441 0 23
364854 0 19
366267 0 18
367701 0 15
369175 0 36
370588 0 1
372104 0 23
373517 0 17
374991 0 19
376404 0 18
377920 0 27
379456 0 12
380971 0 14
382405 0 36
383921 0 7
385456 0 20
386890 0 24
388365 0 19
389798 0 23
391314 0 13
392727 0 21
394181 0 31
395696 0 6
397109 0 23
398645 0 23
400120 0 23
401615 0 26
403130 0 3
404646 0 16
406161 0 34
407554 0 2
409049 0 22
410483 0 30
411937 0 10
413411 0 15
414865 0 19
416360 0 35
417814 0 1
419248 0 13
420763 0 25
422258 0 3
423651 0 15
425105 0 19
426539 0 22
428013 0 16
429426 0 19
430921 0 34
432437 0 11
433870 0 20
435324 0 24
436778 0 20
438335 0 21
439871 0 32
441386 0 2
442861 0 17
444335 0 34
445810 0 7
447284 0 23
448718 0 36
450152 0 8
451729 0 13
453203 0 34
454739 0 10
456275 0 19
457709 0 13
459101 0 24
460535 0 19
462112 0 36
463668 0 7
465225 0 24
466658 0 23
468133 0 16
469607 0 20
471082 0 21
472515 0 19
474072 0 22
475628 0 36
477164 0 2
478700 0 18
480154 0 17
481629 0 31
483062 0 9
484516 0 20
486032 0 16
487547 0 14
488920 0 16
490353 0 34
491746 0 2
493220 0 16
494633 0 34
496087 0 9
497664 0 23
499077 0 18
500593 0 17
502129 0 19
503686 0 20
505180 0 25
506675 0 7
508191 0 21
509625 0 27
511038 0 7
512594 0 21
514110 0 29
515625 0 7
517059 0 24
518533 0 30
519946 0 12
521421 0 23
522977 0 19
524411 0 14
525926 0 19
527339 0 18
528896 0 19
530473 0 24
531968 0 25
533524 0 4
534917 0 16
536412 0 32
537927 0 6
539340 0 24
540856 0 16
542351 0 13
543764 0 23
545259 0 20
546795 0 32
548290 0 12
549846 0 15
551301 0 33
552837 0 10
554332 0 21
555847 0 32
557281 0 8
558858 0 13
560271 0 34
561704 0 9
563199 0 13
564674 0 29
566066 0 9
567479 0 13
568913 0 24
570449 0 23
571862 0 22
573378 0 14
574770 0 19
576265 0 34
577801 0 5
579317 0 17
580750 0 18
582327 0 22
583781 0 17
585256 0 25
586751 0 10
588225 0 20
589802 0 18
591297 0 22
592772 0 14
594185 0 17
595659 0 18
597154 0 31
598629 0 6
600124 0 22
601640 0 19
603114 0 35
604650 0 7
606186 0 23
607620 0 33
609033 0 3
610507 0 15
611920 0 30
613313 0 7
614767 0 13
616221 0 32
617696 0 2
619088 0 21
620645 0 19
622140 0 17
623676 0 22
625232 0 30
626666 0 2
628181 0 16
629635 0 17
631069 0 18
632502 0 27
633997 0 3
635533 0 24
636967 0 13
638380 0 19
639855 0 18
641329 0 33
642865 0 9
644360 0 19
645896 0 16
647411 0 14
648907 0 13
650442 0 22
651876 0 23
653289 0 33
654805 0 8
656238 0 15
657651 0 31
659126 0 10
660600 0 22
662013 0 33
663427 0 6
664840 0 14
666273 0 34
667666 0 9
669140 0 14
670553 0 24
672028 0 18
673523 0 20
675120 0 20
676697 0 25
678131 0 3
679687 0 14
681203 0 26
682677 0 5
684152 0 21
685708 0 16
687162 0 23
688698 0 33
690132 0 9
691586 0 17
693020 0 20
694556 0 28
695948 0 4
697382 0 21
698897 0 24
700351 0 15
701764 0 16
703178 0 33
704734 0 4
706168 0 16
707601 0 22
709055 0 30
710448 0 5
711943 0 17
713356 0 32
714810 0 4
716346 0 17
717861 0 15
719418 0 20
720851 0 16
722285 0 26
723780 0 1
725316 0 23
726709 0 22
728265 0 14
729781 0 13
731235 0 31
732730 0 2
734122 0 21
735576 0 25
737092 0 8
738669 0 21
740123 0 20
741700 0 17
743174 0 23
744710 0 15
746103 0 13
747618 0 35
749093 0 5
750547 0 21
752021 0 16
753394 0 14
754786 0 18
756281 0 36
757756 0 1
759189 0 17
760582 0 21
762138 0 19
763592 0 23
765026 0 17
766521 0 36
767955 0 12
769450 0 16
770986 0 20
772522 0 16
773894 0 14
775389 0 18
776802 0 25
778235 0 2
779648 0 13
781123 0 24
782618 0 16
784011 0 20
785547 0 23
787042 0 14
788496 0 32
789970 0 10
791527 0 19
793063 0 14
794476 0 18
795909 0 16
797404 0 20
798961 0 28
800374 0 6
801869 0 14
803405 0 24
804879 0 13
806374 0 21
807849 0 17
809283 0 16
810675 0 15
812211 0 26
813624 0 8
815099 0 20
816553 0 27
817966 0 10
819481 0 23
821038 0 26
822574 0 7
824130 0 16
825584 0 20
827018 0 19
828451 0 32
829946 0 12
831339 0 18
832896 0 13
834329 0 13
835742 0 13
837278 0 16
838773 0 21
840289 0 32
841681 0 2
843053 0 15
844569 0 33
846084 0 9
847620 0 13
849013 0 22
850488 0 20
851962 0 32
853416 0 9
854911 0 20
856406 0 33
857942 0 4
859355 0 14
860789 0 15
862325 0 19
863840 0 23
865397 0 14
866871 0 14
868305 0 33
869738 0 2
871213 0 16
872646 0 33
874080 0 6
875616 0 20
877050 0 15
878483 0 21
879937 0 32
881350 0 5
882845 0 22
884361 0 19
885774 0 16
887269 0 22
888825 0 20
890382 0 17
891815 0 31
893372 0 3
894867 0 15
896301 0 32
897795 0 3
899332 0 20
900847 0 22
902383 0 21
903898 0 22
905393 0 14
906909 0 17
908363 0 29
909797 0 3
911230 0 22
912787 0 17
914282 0 13
915715 0 21
933539 0 101
934952 0 101
936468 0 101
937922 0 101
939417 0 101
940933 0 101
942448 0 101
943923 0 101
945336 0 101
946810 0 101
948223 0 102
949739 0 102
951172 0 102
952626 0 102
954060 0 102
955514 0 102
956927 0 103
958381 0 101
959794 0 102
961248 0 102
962641 0 103
964054 0 101
965529 0 102
967003 0 102
968416 0 103
969932 0 101
971365 0 102
972860 0 103
974417 0 101
975953 0 102
977427 0 103
978881 0 101
980438 0 102
981851 0 103
983366 0 101
984861 0 102
986356 0 102
987810 0 102
989346 0 102
990882 0 102
992336 0 103
993750 0 101
995245 0 102
996740 0 103
998194 0 101
999607 0 102
1001102 0 103
1002535 0 101
1003969 0 102
1005423 0 103
1006979 0 101
1008474 0 102
1009990 0 102
1011485 0 102
1013021 0 103
1014495 0 101
1015929 0 102
1017485 0 102
1018919 0 102
1020475 0 103
1021950 0 101
1023424 0 102
1024920 0 103
1026455 0 101
1027930 0 102
1029323 0 102
1030838 0 102
1032231 0 102
1033685 0 102
1035200 0 102
1036716 0 103
1038252 0 101
1039726 0 102
1041242 0 103
1042737 0 101
1044129 0 102
1045645 0 102
1047099 0 102
1048553 0 103
1050028 0 101
1051482 0 102
1052936 0 102
1054431 0 102
1055844 0 102
1057236 0 102
1058629 0 102
1060165 0 103
1061640 0 101
1063032 0 102
1064527 0 102
1066022 0 102
1067415 0 103
1068910 0 101
1070323 0 102
1071736 0 103
1073170 0 101
1074603 0 102
1076119 0 102
1077655 0 102
1079170 0 102
1080665 0 102
1082160 0 102
1083553 0 103
1085027 0 101
1086440 0 102
1087874 0 102
1089328 0 103
1090884 0 101
1092400 0 102
1093874 0 102
1095328 0 102
1096762 0 102
1098298 0 103
1099834 0 101
1101288 0 102
1102681 0 102
1104217 0 102
1105691 0 103
1107125 0 101
1108640 0 102
1110176 0 103
1111733 0 101
1113248 0 102
1114702 0 103
1116156 0 101
1117672 0 102
1119126 0 102
1120518 0 102
1121952 0 103
1123406 0 101
1124799 0 102
1126335 0 103
1127748 0 101
1129222 0 102
1130758 0 102
1132151 0 102
1133585 0 103
1135100 0 101
1136595 0 102
1138049 0 102
1139585 0 102
1140978 0 102
1142370 0 102
1143865 0 102
1145258 0 102
1146732 0 103
1148289 0 101
1149804 0 102
1151238 0 102
1152712 0 102
1154248 0 102
1155784 0 102
1157238 0 103
1158692 0 101
1160228 0 102
1161642 0 102
1163096 0 102
1164570 0 103
1166086 0 101
1167560 0 102
1169076 0 103
1170653 0 101
1172045 0 102
1173581 0 102
1174994 0 102
1176489 0 103
1178025 0 101
1179520 0 102
1180954 0 102
1182408 0 103
1183903 0 101
1185439 0 102
1186954 0 102
1188490 0 103
1190006 0 101
1191439 0 102
1192893 0 103
1194450 0 101
1195945 0 102
1197358 0 102
1198792 0 102
1200307 0 103
1201823 0 101
1203215 0 102
1204690 0 102
1206144 0 102
1207577 0 102
1209113 0 103
1210670 0 101
1212124 0 102
1213639 0 102
1215175 0 103
1216588 0 101
1218083 0 102
1219497 0 102
1220992 0 103
1222487 0 101
1224002 0 102
1225497 0 103
1226951 0 101
1228487 0 102
1229962 0 102
1231375 0 102
1232808 0 102
1234242 0 103
1235716 0 101
1237150 0 102
1238686 0 103
1240201 0 101
1241615 0 102
1243150 0 102
1244543 0 102
1246059 0 102
1247574 0 102
1249110 0 103
1250544 0 101
1252018 0 102
1253411 0 103
1254967 0 101
1256462 0 102
1257896 0 102
1259411 0 102
1260845 0 103
1262278 0 101
1263692 0 102
1265187 0 102
1266600 0 103
1268136 0 101
1269610 0 102
1271085 0 102
1272559 0 102
1273972 0 102
1275467 0 103
1276942 0 101
1278478 0 102
1279871 0 102
1281325 0 102
1282861 0 102
1284294 0 102
1285707 0 102
1287223 0 103
1288636 0 101
1290069 0 102
1291585 0 103
1293059 0 101
1294513 0 102
1295988 0 102
1297442 0 102
1298957 0 103
1300453 0 101
1301845 0 102
1303258 0 102
1304712 0 102
1306228 0 102
1307723 0 103
1309177 0 101
1310651 0 102
1312105 0 103
1313539 0 101
1314973 0 102
1316468 0 102
1317942 0 102
1319355 0 102
1320748 0 102
1322263 0 103
1323779 0 101
1325192 0 102
1326646 0 102
1328059 0 103
1329554 0 101
1330947 0 102
1332401 0 102
1333875 0 103
1335329 0 101
1336783 0 102
1338237 0 102
1339712 0 102
1341207 0 103
1342641 0 101
1344074 0 102
1345549 0 102
1347044 0 102
1348580 0 102
1350034 0 102
1351447 0 102
1352901 0 102
1354355 0 103
1355788 0 101
1357263 0 102
1358779 0 102
1360233 0 102
1361789 0 102
1363202 0 102
1364677 0 103
1366213 0 101
1367708 0 102
1369244 0 102
1370657 0 103
1372090 0 101
1373483 0 102
1375039 0 103
1376555 0 101
1378009 0 102
1379524 0 103
1380937 0 101
1382433 0 102
1383968 0 103
1385382 0 101
1386795 0 102
1388310 0 103
1389785 0 101
1391300 0 102
1392734 0 102
1394188 0 102
1395703 0 103
1397280 0 101
1398816 0 102
1400209 0 102
1401642 0 102
1403199 0 102
1404591 0 102
1406066 0 103
1407500 0 101
1408995 0 102
1410469 0 103
1411944 0 101
1413336 0 102
1414872 0 102
1416326 0 102
1417862 0 102
1419316 0 102
1420811 0 102
1422204 0 102
1423720 0 103
1425296 0 101
1426689 0 102
1428123 0 102
1429638 0 102
1431154 0 102
1432608 0 103
1434082 0 101
1435577 0 102
1437113 0 102
1438547 0 102
1440062 0 102
1441578 0 103
1443032 0 101
1444424 0 102
1445919 0 102
1447353 0 102
1448848 0 102
1450241 0 102
1451777 0 102
1453169 0 103
1454685 0 101
1456200 0 102
1457675 0 102
1459170 0 102
1460603 0 102
1462037 0 102
1463593 0 103
1465068 0 101
1466481 0 102
1467935 0 102
1469369 0 102
1470843 0 102
1472379 0 102
1473854 0 103
1475267 0 101
1476659 0 102
1478093 0 102
1479649 0 102
1481144 0 102
1482701 0 102
1484155 0 102
1485650 0 103
1487083 0 101
1488599 0 102
1490135 0 102
1491691 0 102
1493125 0 102
1494640 0 102
1496115 0 103
1497589 0 101
1499003 0 102
1500518 0 103
1502054 0 101
1503529 0 102
1505044 0 102
1506580 0 102
1508116 0 102
1509652 0 102
1511065 0 102
1512458 0 103
1513973 0 101
1515468 0 102
1516922 0 102
1518335 0 102
1519830 0 102
1521223 0 102
1522657 0 102
1524070 0 103
1525544 0 101
1527019 0 102
1528432 0 102
1529824 0 102
1531217 0 102
1532630 0 103
1534125 0 101
1535538 0 102
1536931 0 102
1538344 0 102
1539859 0 102
1541416 0 102
1542809 0 103
1544222 0 101
1545696 0 102
1547089 0 102
1548522 0 103
1550038 0 101
1551471 0 102
1552946 0 102
1554482 0 102
1555936 0 103
1557492 0 101
1559028 0 102
1560544 0 103
1561977 0 101
1563493 0 102
1564926 0 102
1566381 0 102
1567917 0 103
1569350 0 101
1570743 0 102
1572176 0 103
1573630 0 101
1575166 0 102
1576600 0 102
1578013 0 102
1579447 0 103
1580880 0 101
1582273 0 102
1583686 0 102
1585160 0 102
1586553 0 103
1588109 0 101
1589523 0 102
1591018 0 102
1592492 0 102
1594008 0 102
1595400 0 103
1596854 0 101
1598329 0 102
1599721 0 102
1601196 0 102
1602609 0 102
1604002 0 102
1605456 0 102
1606869 0 103
1608343 0 101
1609879 0 102
1611374 0 102
1612808 0 103
1614282 0 101
1615757 0 102
1617170 0 102
1618645 0 102
1620140 0 102
1621676 0 103
1623109 0 101
1624645 0 102
1626079 0 102
1627533 0 102
1629089 0 103
1630605 0 101
1632141 0 102
1633574 0 102
1635131 0 103
1636687 0 101
1638100 0 102
1639534 0 102
1640947 0 102
1642442 0 103
1643937 0 101
1645452 0 102
1646947 0 102
1648442 0 103
1649876 0 101
1651269 0 102
1652784 0 102
1654218 0 102
1655713 0 103
1657146 0 101
1658682 0 102
1660157 0 102
1661631 0 103
1663044 0 101
1664580 0 102
1666034 0 103
1667570 0 101
1669045 0 102
1670540 0 102
1672035 0 102
1673489 0 102
1674984 0 103
1676397 0 101
1677852 0 102
1679264 0 103
1680780 0 101
1682193 0 102
1683626 0 103
1685081 0 101
1686555 0 102
1687948 0 102
1689381 0 102
1690876 0 102
1692310 0 102
1693723 0 103
1695197 0 101
1696672 0 102
1698167 0 102
1699642 0 102
1701178 0 102
1702714 0 103
1704188 0 101
1705683 0 102
1707178 0 102
1708632 0 103
1710086 0 101
1711561 0 102
1713035 0 102
1714510 0 102
1715902 0 102
1717397 0 102
1718872 0 103
1720449 0 101
1721882 0 102
1723275 0 103
1724791 0 101
1726245 0 102
1727637 0 102
1729112 0 102
1730648 0 102
1732163 0 102
1733597 0 103
1735051 0 101
1736505 0 102
1738000 0 102
1739433 0 102
1740908 0 102
1742444 0 102
1743959 0 102
1745373 0 103
1746806 0 101
1748260 0 102
1749776 0 102
1751250 0 102
1752725 0 102
1754138 0 102
1755530 0 103
1757046 0 101
1758520 0 102
1759995 0 102
1761531 0 103
1763046 0 101
1764582 0 102
1766098 0 102
1767613 0 103
1769068 0 101
1770542 0 102
1772037 0 102
1773512 0 102
1774986 0 103
1776543 0 101
1778017 0 102
1779512 0 102
1780925 0 102
1782359 0 103
1783792 0 101
1785349 0 102
1786864 0 103
1788298 0 101
1789813 0 102
1791247 0 102
1792701 0 102
1794114 0 103
1795630 0 101
1797104 0 102
1798538 0 103
1800074 0 101
1801507 0 102
1802961 0 102
1804497 0 102
1806013 0 103
1807467 0 101
1809003 0 102
1810457 0 103
1811972 0 101
1813447 0 102
1814983 0 102
1816457 0 102
1817911 0 103
1819427 0 101
1820963 0 102
1822458 0 103
1823994 0 101
1825468 0 102
1826902 0 102
1828295 0 102
1829728 0 102
1845038 0 44
1846512 0 45
1848028 0 43
1849584 0 42
1850997 0 41
1852533 0 47
1854049 0 37
1855605 0 47
1857059 0 42
1858493 0 46
1860049 0 49
1861462 0 55
1862896 0 50
1864411 0 55
1865947 0 51
1867340 0 55
1868794 0 64
1870227 0 43
1871682 0 55
1873177 0 58
1874610 0 51
1876146 0 56
1877600 0 69
1879136 0 41
1880590 0 60
1882126 0 71
1883580 0 45
1885096 0 56
1886570 0 55
1888086 0 50
1889499 0 51
1890953 0 54
1892386 0 60
1893902 0 67
1895397 0 46
1896892 0 53
1898366 0 59
1899841 0 55
1901357 0 69
1902852 0 47
1904367 0 54
1905883 0 58
1907357 0 57
1908811 0 50
1910347 0 53
1911740 0 65
1913173 0 45
1914648 0 53
1916204 0 57
1917679 0 57
1919235 0 65
1920730 0 37
1922266 0 57
1923823 0 63
1925318 0 45
1926854 0 59
1928410 0 53
1929926 0 66
1931400 0 44
1932916 0 56
1934411 0 54
1935967 0 54
1937462 0 71
1938998 0 42
1940493 0 50
1941927 0 67
1943360 0 40
1944835 0 57
1946268 0 63
1947825 0 46
1949279 0 58
1950856 0 54
1952310 0 62
1953825 0 42
1955218 0 53
1956754 0 52
1958290 0 58
1959785 0 56
1961259 0 56
1962673 0 52
1964127 0 67
1965642 0 45
1967178 0 59
1968694 0 53
1970189 0 57
1971643 0 70
1972994 0 39
1974407 0 59
1975882 0 63
1977438 0 47
1978974 0 49
1980469 0 50
1981944 0 53
1983480 0 57
1985016 0 61
1986511 0 38
1987924 0 60
1989357 0 55
1990914 0 65
1992450 0 40
1993945 0 49
1995419 0 59
1996874 0 57
1998450 0 50
2000007 0 59
2001481 0 70
2002915 0 40
2004328 0 50
2005823 0 52
2007318 0 58
2008854 0 54
2010247 0 54
2011639 0 66
2013093 0 44
2014506 0 59
2016002 0 65
2017456 0 40
2018869 0 50
2020302 0 51
2021715 0 62
2023128 0 46
2024685 0 58
2026180 0 55
2027757 0 64
2029272 0 47
2030747 0 60
2032303 0 65
2033737 0 45
2035150 0 57
2036563 0 52
2038099 0 59
2039533 0 67
2040946 0 44
2042482 0 60
2044018 0 67
2045492 0 41
2046946 0 60
2048400 0 59
2049834 0 49
2051370 0 58
2052803 0 59
2054257 0 58
2055691 0 66
2057247 0 43
2058661 0 49
2060176 0 69
2061671 0 45
2063125 0 52
2064641 0 50
2066136 0 60
2067672 0 53
2069146 0 64
2070539 0 48
2072095 0 59
2073590 0 58
2075024 0 52
2076539 0 56
2077993 0 67
2079427 0 46
2080881 0 55
2082396 0 50
2083830 0 54
2085264 0 58
2086718 0 61
2088131 0 44
2089626 0 59
2091100 0 60
2092534 0 56
2094029 0 54
2095442 0 70
2096937 0 48
2098330 0 51
2099804 0 61
2101238 0 43
2102794 0 51
2104310 0 59
2105846 0 56
2107279 0 51
2108733 0 71
2110208 0 38
2111641 0 49
2113095 0 55
2114550 0 55
2116004 0 66
2117396 0 45
2118850 0 51
2120366 0 51
2121840 0 58
2123315 0 54
2124769 0 58
2126264 0 62
2127800 0 38
2129254 0 59
2130728 0 57
2132162 0 57
2133739 0 49
2135214 0 67
2136688 0 43
2138101 0 60
2139514 0 69
2141050 0 38
2142463 0 59
2143958 0 66
2145412 0 39
2146948 0 58
2148484 0 53
2149979 0 60
2151536 0 52
2152969 0 54
2154464 0 49
2155939 0 71
2157495 0 38
2158970 0 55
2160485 0 58
2162042 0 56
2163578 0 49
2165052 0 50
2166465 0 65
2167940 0 45
2169435 0 59
2170848 0 54
2172364 0 65
2173777 0 41
2175313 0 56
2176849 0 67
2178385 0 43
2179900 0 49
2181456 0 67
2182951 0 45
2184406 0 55
2185962 0 50
2187478 0 69
2188891 0 38
2190447 0 55
2192003 0 55
2193478 0 58
2194912 0 64
2196386 0 37
2197840 0 55
2199253 0 60
2200728 0 54
2202141 0 53
2203677 0 61
2205131 0 48
2206565 0 52
2208100 0 55
2209657 0 52
2211131 0 64
2212647 0 39
2214203 0 50
2215739 0 57
2217275 0 55
2218791 0 67
2220224 0 41
2221740 0 58
2223276 0 49
2224750 0 58
2226266 0 59
2227679 0 64
2229215 0 39
2230710 0 56
2232205 0 55
2233761 0 56
2235256 0 50
2236792 0 65
2238349 0 48
2239905 0 58
2241380 0 58
2242875 0 52
2244370 0 56
2245906 0 59
2247462 0 66
2249019 0 41
2250432 0 58
2251865 0 61
2253401 0 48
2254917 0 59
2256350 0 57
2257927 0 53
2259443 0 60
2260958 0 50
2262433 0 54
2263969 0 50
2265382 0 64
2266836 0 39
2268270 0 53
2269826 0 55
2271260 0 50
2272755 0 68
2274188 0 44
2275724 0 58
2277281 0 51
2278776 0 50
2280332 0 70
2281725 0 39
2283138 0 53
2284694 0 62
2286128 0 48
2287602 0 55
2289077 0 59
2290531 0 60
2291965 0 59
2293378 0 57
2294832 0 68
2296265 0 41
2297781 0 54
2299214 0 52
2300730 0 49
2302163 0 61
2303597 0 37
2305092 0 60
2306608 0 71
2308123 0 40
2309659 0 56
2311113 0 57
2312608 0 55
2314021 0 53
2315516 0 59
2317011 0 52
2318547 0 70
2319960 0 47
2321435 0 60
2322971 0 57
2324404 0 49
2325899 0 52
2327333 0 59
2328889 0 54
2330405 0 62
2331838 0 44
2333272 0 57
2334726 0 56
2336160 0 55
2337593 0 72
2339047 0 42
2340440 0 59
2341853 0 51
2343368 0 57
2344884 0 57
2346358 0 55
2347792 0 62
2349205 0 38
2350659 0 52
2352216 0 50
2353629 0 68
2355103 0 41
2356537 0 49
2357970 0 55
2359486 0 59
2360879 0 67
2362353 0 41
2363910 0 52
2365466 0 53
2366900 0 52
2368313 0 54
2369849 0 51
2371364 0 52
2372818 0 63
2374354 0 44
2375870 0 58
2377385 0 72
2378921 0 42
2380334 0 58
2381788 0 66
2383263 0 39
2384758 0 54
2386314 0 56
2387727 0 50
2389161 0 52
2390656 0 52
2392212 0 66
2393748 0 46
2395284 0 54
2396738 0 50
2398192 0 59
2399687 0 54
2401223 0 59
2402657 0 51
2404152 0 60
2405668 0 62
2407142 0 48
2408637 0 58
2410132 0 72
2411648 0 47
2413163 0 49
2414556 0 57
2416112 0 53
2417546 0 52
2419061 0 54
2420536 0 50
2422031 0 66
2423587 0 47
2425144 0 59
2426680 0 51
2428093 0 51
2429506 0 50
2431021 0 54
2432496 0 51
2433970 0 49
2435383 0 72
2436899 0 40
2438414 0 50
2439828 0 55
2441384 0 55
2442859 0 65
2444395 0 43
2445808 0 53
2447364 0 72
2448777 0 44
2450252 0 49
2451644 0 59
2453180 0 58
2454737 0 59
2456211 0 51
2457645 0 58
2459119 0 72
2460573 0 43
2462048 0 59
2463482 0 56
2464895 0 63
2466328 0 46
2467823 0 53
2469298 0 63
2470793 0 40
2472247 0 51
2473701 0 49
2475216 0 65
2476609 0 45
2478043 0 56
2479476 0 58
2480992 0 58
2482487 0 59
2483900 0 68
2485395 0 38
2486890 0 60
2488426 0 55
2489859 0 60
2491375 0 60
2492931 0 68
2494426 0 46
2495962 0 50
2497416 0 68
2498850 0 44
2500345 0 56
2501758 0 52
2503212 0 52
2504748 0 57
2506284 0 66
2507697 0 47
2509233 0 49
2510708 0 70
2512203 0 48
2513636 0 58
2515152 0 56
2516647 0 50
2518203 0 55
2519739 0 66
2521255 0 47
2522770 0 58
2524347 0 69
2525842 0 45
2527357 0 57
2528914 0 66
2530409 0 42
2531802 0 55
2533215 0 66
2534730 0 38
2536143 0 51
2537577 0 61
2539031 0 37
2540567 0 54
2541980 0 54
2543495 0 62
2544909 0 39
2546322 0 56
2547837 0 49
2549271 0 53
2550684 0 53
2552220 0 68
2553735 0 42
2555148 0 51
2556623 0 69
2558056 0 45
2559531 0 57
2561087 0 68
2562623 0 47
2564098 0 53
2565654 0 52
2567149 0 51
2568563 0 56
2570017 0 60
2571491 0 69
2572945 0 44
2574399 0 49
2575812 0 71
2577246 0 37
2578720 0 49
2580236 0 50
2581649 0 61
2583144 0 47
2584680 0 53
2586175 0 52
2587690 0 55
2589145 0 49
2590640 0 51
2592135 0 68
2593609 0 41
2595125 0 55
2596558 0 49
2597971 0 68
2599425 0 41
2600900 0 51
2602415 0 57
2603849 0 60
2605344 0 53
2606818 0 67
2608334 0 46
2609829 0 57
2611365 0 58
2612819 0 53
2614253 0 65
2615727 0 40
2617243 0 49
2618758 0 56
2620192 0 54
2621646 0 67
2623141 0 45
2624574 0 56
2626049 0 64
2627523 0 44
2629018 0 50
2630431 0 61
2631845 0 44
2633381 0 51
2634794 0 72
2636309 0 40
2637845 0 50
2639279 0 64
2640753 0 42
2642289 0 55
2643846 0 70
2645218 0 44
2646651 0 51
2648126 0 58
2649580 0 49
2651014 0 56
2652468 0 69
2653983 0 47
2655478 0 59
2656912 0 71
2658304 0 46
2659717 0 50
2661274 0 63
2662748 0 41
2664161 0 56
2665636 0 71
2667029 0 47
2668483 0 50
2669998 0 52
2671534 0 53
2672927 0 54
2674381 0 68
2675835 0 37
2677330 0 59
2678866 0 66
2680340 0 43
2681753 0 58
2683289 0 53
2684703 0 55
2686279 0 52
2687836 0 52
2689372 0 68
2690867 0 47
2692300 0 56
2693836 0 51
2695331 0 51
2696786 0 62
2698240 0 42
2699673 0 56
2701127 0 49
2702602 0 56
2704035 0 49
2705469 0 51
2706984 0 72
2708397 0 39
2709831 0 50
2711367 0 68
2712862 0 42
2714398 0 49
2715811 0 49
2717265 0 59
2718678 0 71
2720132 0 45
2721668 0 51
2723163 0 59
2724699 0 59
2726256 0 51
2727751 0 58
2729266 0 58
2730823 0 69
2732256 0 43
2733669 0 50
2735144 0 59
2736598 0 51
2738113 0 51
2739629 0 53
2741083 0 59
2742598 0 54
2744032 0 71
2745425 0 44
2746879 0 51
2763712 0 104
2765186 0 104
2766661 0 104
2768053 0 104
2769548 0 104
2771023 0 104
2772457 0 104
2773993 0 104
2775385 0 104
2776860 0 104
2778355 0 105
2779768 0 105
2781181 0 106
2782635 0 104
2784089 0 105
2785543 0 106
2786977 0 104
2788390 0 105
2789926 0 105
2791339 0 106
2792895 0 104
2794308 0 105
2795701 0 105
2797216 0 106
2798752 0 104
2800288 0 105
2801701 0 105
2803115 0 105
2804569 0 105
2806125 0 105
2807518 0 105
2809054 0 106
2810528 0 104
2812044 0 105
2813498 0 105
2814952 0 105
2816406 0 105
2817942 0 105
2819416 0 106
2820891 0 104
2822386 0 105
2823799 0 105
2825355 0 105
2826850 0 106
2828305 0 104
2829861 0 105
2831315 0 105
2832790 0 106
2834305 0 104
2835698 0 105
2837152 0 105
2838667 0 106
2840121 0 104
2841575 0 105
2843091 0 106
2844606 0 104
2846060 0 105
2847596 0 106
2849091 0 104
2850627 0 105
2852061 0 105
2853597 0 105
2855071 0 106
2856628 0 104
2858164 0 105
2859556 0 105
2860990 0 105
2862546 0 105
2864062 0 106
2865516 0 104
2867011 0 105
2868486 0 105
2869919 0 105
2871332 0 105
2872786 0 106
2874240 0 104
2875776 0 105
2877189 0 105
2878705 0 105
2880261 0 105
2881736 0 105
2883169 0 105
2884583 0 105
2886119 0 106
2887634 0 104
2889047 0 105
2890604 0 105
2892119 0 106
2893614 0 104
2895068 0 105
2896563 0 105
2898079 0 105
2899594 0 105
2901130 0 105
2902543 0 106
2904059 0 104
2905554 0 105
2907069 0 105
2908503 0 106
2910018 0 104
2911534 0 105
2913070 0 105
2914483 0 105
2915998 0 105
2917473 0 105
2918927 0 106
2920422 0 104
2921876 0 105
2923371 0 105
2924907 0 105
2926320 0 105
2927795 0 105
2929208 0 106
2930682 0 104
2932095 0 105
2933590 0 106
2935106 0 104
2936621 0 105
2938137 0 105
2939652 0 105
2941065 0 105
2942499 0 105
2943973 0 105
2945428 0 106
2946902 0 104
2948377 0 105
2949790 0 106
2951285 0 104
2952698 0 105
2954131 0 106
2955585 0 104
2956978 0 105
2958391 0 105
2959927 0 105
2961402 0 105
2962876 0 105
2964412 0 105
2965887 0 106
2967382 0 104
2968795 0 105
2970228 0 105
2971621 0 105
2973116 0 105
2974611 0 105
2976147 0 106
2977642 0 104
2979178 0 105
2980673 0 105
2982168 0 105
2983581 0 106
2985117 0 104
2986530 0 105
2988025 0 105
2989520 0 105
2990933 0 106
2992408 0 104
2993944 0 105
2995398 0 105
2996913 0 106
2998429 0 104
2999821 0 105
3001275 0 106
3002770 0 104
3004184 0 105
3005658 0 105
3007112 0 106
3008607 0 104
3010164 0 105
3011556 0 105
3012969 0 105
3014423 0 106
3015918 0 104
3017454 0 105
3018888 0 106
3020301 0 104
3021694 0 105
3023189 0 105
3024643 0 105
3026117 0 106
3027653 0 104
3029128 0 105
3030643 0 106
3032077 0 104
3033551 0 105
3034985 0 105
3036521 0 106
3038036 0 104
3039531 0 105
3040986 0 105
3042440 0 105
3043976 0 105
3045450 0 105
3046884 0 106
3048338 0 104
3049771 0 105
3051225 0 105
3052700 0 105
3054236 0 106
3055649 0 104
3057082 0 105
3058496 0 105
3060052 0 105
3061568 0 105
3063042 0 106
3064517 0 104
3065991 0 105
3067384 0 105
3068776 0 105
3070230 0 106
3071746 0 104
3073241 0 105
3074777 0 105
3076292 0 106
3077726 0 104
3079180 0 105
3080675 0 106
3082211 0 104
3083624 0 105
3085078 0 105
3086614 0 105
3088027 0 105
3089543 0 106
3091038 0 104
3092512 0 105
3093905 0 106
3095379 0 104
3096854 0 105
3098410 0 106
3099885 0 104
3101359 0 105
3102875 0 106
3104431 0 104
3105967 0 105
3107503 0 105
3109019 0 105
3110473 0 105
3111886 0 105
3113320 0 105
3114835 0 105
3116392 0 106
3117907 0 104
3119443 0 105
3120897 0 105
3122413 0 106
3123908 0 104
3125382 0 105
3126898 0 105
3128434 0 105
3129847 0 106
3131403 0 104
3132816 0 105
3134291 0 106
3135806 0 104
3137281 0 105
3138673 0 105
3140086 0 105
3141500 0 105
3142954 0 106
3144510 0 104
3146026 0 105
3147500 0 105
3148995 0 105
3150449 0 105
3151862 0 105
3153296 0 105
3154709 0 106
3156204 0 104
3157678 0 105
3159153 0 105
3160648 0 105
3162123 0 105
3163597 0 106
3165031 0 104
3166526 0 105
3168041 0 105
3169557 0 105
3171052 0 105
3172465 0 105
3173898 0 106
3175373 0 104
3176786 0 105
3178281 0 105
3179715 0 105
3181148 0 105
3182582 0 105
3184036 0 106
3185592 0 104
3187149 0 105
3188562 0 106
3189995 0 104
3191449 0 105
3192985 0 105
3194521 0 105
3195955 0 106
3197368 0 104
3198822 0 105
3200276 0 105
3201751 0 105
3203266 0 105
3204679 0 106
3206133 0 104
3207567 0 105
3209103 0 105
3210598 0 105
3211990 0 105
3213404 0 105
3214939 0 106
3216455 0 104
3217991 0 105
3219486 0 105
3220960 0 106
3222496 0 104
3223910 0 105
3225425 0 106
3226961 0 104
3228456 0 105
3229931 0 106
3231446 0 104
3232982 0 105
3234416 0 105
3235911 0 106
3237447 0 104
3238880 0 105
3240273 0 105
3241686 0 105
3243201 0 105
3244676 0 106
3246130 0 104
3247645 0 105
3249181 0 105
3250676 0 105
3252233 0 105
3253728 0 106
3255202 0 104
3256677 0 105
3258131 0 106
3259647 0 104
3261101 0 105
3262555 0 105
3264050 0 105
3265606 0 105
3267142 0 105
3268699 0 105
3270153 0 105
3271648 0 106
3273184 0 104
3274720 0 105
3276215 0 105
3277771 0 106
3279225 0 104
3280782 0 105
3282317 0 105
3283792 0 105
3285185 0 105
3286618 0 105
3288093 0 105
3289547 0 106
3291021 0 104
3292414 0 105
3293868 0 105
3295281 0 105
3296817 0 106
3298333 0 104
3299746 0 105
3301220 0 105
3302695 0 106
3304210 0 104
3305685 0 105
3307221 0 105
3308634 0 105
3310170 0 106
3311603 0 104
3313057 0 105
3314491 0 106
3315966 0 104
3317481 0 105
3319017 0 105
3320492 0 106
3322027 0 104
3323461 0 105
3324977 0 105
3326410 0 106
3327905 0 104
3329339 0 105
3330813 0 106
3332288 0 104
3333742 0 105
3335257 0 105
3336670 0 105
3338104 0 106
3339579 0 104
3341115 0 105
3342650 0 105
3344186 0 105
3345682 0 106
3347095 0 104
3348610 0 105
3350023 0 105
3351559 0 105
3352952 0 105
3354365 0 106
3355921 0 104
3357334 0 105
3358788 0 105
3360202 0 106
3361717 0 104
3363212 0 105
3364748 0 106
3366284 0 104
3367738 0 105
3369233 0 106
3370626 0 104
3372162 0 105
3373616 0 105
3375090 0 105
3376524 0 105
3377978 0 105
3379493 0 106
3380906 0 104
3382361 0 105
3383835 0 105
3385391 0 106
3386927 0 104
3388443 0 105
3389979 0 106
3391494 0 104
3392969 0 105
3394382 0 106
3395775 0 104
3397270 0 105
3398683 0 106
3400116 0 104
3401529 0 105
3403045 0 105
3404499 0 105
3405953 0 106
3407489 0 104
3408943 0 105
3410500 0 105
3411954 0 105
3413490 0 105
3415026 0 106
3416521 0 104
3417913 0 105
3419429 0 105
3420903 0 105
3422296 0 105
3423832 0 105
3425245 0 105
3426719 0 106
3428132 0 104
3429587 0 105
3430979 0 105
3432392 0 106
3433826 0 104
3435300 0 105
3436795 0 105
3438229 0 105
3439744 0 105
3441280 0 105
3442693 0 106
3444107 0 104
3445622 0 105
3447035 0 106
3448530 0 104
3449964 0 105
3451459 0 105
3452872 0 105
3454367 0 105
3455903 0 105
3457316 0 106
3458811 0 104
3460286 0 105
3461678 0 105
3463173 0 105
3464586 0 105
3466020 0 105
3467535 0 105
3468989 0 105
3470546 0 106
3472000 0 104
3473413 0 105
3474887 0 105
3476342 0 105
3477775 0 106
3479229 0 104
3480683 0 105
3482117 0 105
3483530 0 105
3484984 0 105
3486499 0 105
3487892 0 106
3489408 0 104
3490903 0 105
3492336 0 105
3493893 0 105
3495429 0 105
3496944 0 105
3498378 0 106
3499852 0 104
3501409 0 105
3502904 0 106
3504317 0 104
3505709 0 105
3507225 0 106
3508658 0 104
3510174 0 105
3511689 0 106
3513246 0 104
3514720 0 105
3516236 0 106
3517751 0 104
3519226 0 105
3520700 0 105
3522093 0 105
3523629 0 105
3525083 0 105
3526476 0 105
3527930 0 105
3529466 0 106
3530920 0 104
3532394 0 105
3533787 0 105
3535200 0 105
3536756 0 106
3538272 0 104
3539726 0 105
3541241 0 105
3542716 0 105
3544232 0 105
3545788 0 105
3547181 0 105
3548594 0 106
3550007 0 104
3551440 0 105
3552894 0 105
3554389 0 106
3555823 0 104
3557338 0 105
3558874 0 106
3560288 0 104
3561762 0 105
3563237 0 106
3564691 0 104
3566145 0 105
3567599 0 105
3569114 0 105
3570548 0 105
3571981 0 106
3573374 0 104
3574849 0 105
3576344 0 106
3577736 0 104
3579252 0 105
3580665 0 105
3582057 0 105
3583614 0 106
3585150 0 104
3586624 0 105
3588017 0 105
3589430 0 105
3590946 0 105
3592502 0 106
3593936 0 104
3595349 0 105
3596864 0 106
3598257 0 104
3599793 0 105
3601267 0 105
3602742 0 105
3604196 0 105
3605650 0 106
3607104 0 104
3608619 0 105
3610135 0 105
3611630 0 105
3613084 0 105
3614579 0 105
3616033 0 106
3617446 0 104
3618982 0 105
3620518 0 105
3621931 0 105
3623385 0 106
3624901 0 104
3626375 0 105
3627870 0 106
3629406 0 104
3630901 0 105
3632396 0 105
3633850 0 105
3635345 0 105
3636779 0 106
3638213 0 104
3639728 0 105
3641264 0 105
3642759 0 105
3644193 0 105
3645647 0 106
3647162 0 104
3648637 0 105
3650173 0 105
3651729 0 105
3653204 0 106
3654678 0 104
3656091 0 105
3657566 0 105
3659020 0 105
3660433 0 105
3661887 0 105
