38897 0 5
40392 0 9
41887 0 10
43423 0 5
44816 0 8
46270 0 1
47786 0 3
49240 0 1
50694 0 4
52107 0 11
53520 0 21
54974 0 18
56469 0 24
57902 0 22
59479 0 30
60913 0 10
62347 0 20
63862 0 14
65378 0 21
66832 0 14
68327 0 21
69801 0 29
71214 0 10
72689 0 15
74163 0 17
75617 0 16
77051 0 16
78444 0 30
79877 0 1
81311 0 21
82867 0 32
84321 0 4
85714 0 19
87250 0 24
88745 0 13
90137 0 15
91673 0 15
93087 0 17
94561 0 19
96097 0 32
97572 0 5
99087 0 19
100541 0 35
102077 0 8
103593 0 14
105067 0 19
106521 0 18
107975 0 35
109470 0 5
110986 0 23
112542 0 18
114037 0 15
115450 0 24
116863 0 35
118358 0 1
119874 0 18
121451 0 21
122925 0 15
124359 0 19
125854 0 18
127308 0 31
128844 0 3
130298 0 22
131834 0 17
133268 0 16
134660 0 16
136094 0 30
137548 0 6
139084 0 19
140661 0 14
142197 0 22
143753 0 30
145146 0 2
146559 0 22
148074 0 15
149590 0 23
151085 0 33
152498 0 7
153932 0 16
155447 0 21
156860 0 25
158396 0 7
159912 0 17
161468 0 25
162984 0 3
164438 0 21
165851 0 36
167305 0 11
168759 0 21
170295 0 24
171790 0 31
173223 0 4
174616 0 15
176029 0 29
177401 0 9
178876 0 22
180330 0 20
181763 0 31
183217 0 5
184712 0 18
186146 0 16
187580 0 19
189013 0 24
190426 0 25
191921 0 8
193375 0 14
194788 0 18
196324 0 34
197778 0 2
199314 0 20
200789 0 26
202243 0 2
203779 0 13
205192 0 16
206626 0 33
208100 0 3
209513 0 23
211070 0 14
212565 0 16
214080 0 20
215596 0 15
217132 0 21
218545 0 14
220040 0 34
221514 0 3
222927 0 23
224443 0 36
225958 0 11
227494 0 22
229071 0 15
230607 0 22
232143 0 27
233536 0 10
234990 0 24
236526 0 27
237959 0 6
239475 0 21
241011 0 35
242445 0 5
243899 0 19
245353 0 34
246889 0 7
248322 0 16
249694 0 19
251148 0 20
252684 0 30
254077 0 3
255613 0 23
257169 0 27
258685 0 1
260098 0 20
261572 0 29
262986 0 12
264522 0 18
265996 0 21
267450 0 17
268986 0 17
270379 0 28
271915 0 11
273328 0 13
274782 0 21
276277 0 15
277669 0 14
279103 0 23
280619 0 15
282114 0 29
283588 0 8
285104 0 23
286660 0 24
288114 0 18
289589 0 16
291063 0 15
292579 0 32
293971 0 1
295425 0 24
296941 0 34
298456 0 6
300013 0 16
301405 0 18
302859 0 27
304354 0 1
305747 0 19
307160 0 17
308655 0 30
310150 0 8
311584 0 17
313017 0 17
314410 0 24
315864 0 24
317400 0 29
318834 0 10
320247 0 24
321762 0 25
323257 0 4
324711 0 23
326247 0 24
327783 0 24
329176 0 22
330650 0 33
332063 0 8
333640 0 23
335074 0 14
336467 0 22
337962 0 24
339354 0 24
340890 0 21
342344 0 31
343860 0 10
345334 0 16
346850 0 19
348386 0 17
349901 0 35
351396 0 2
352891 0 21
354448 0 26
355943 0 3
357356 0 23
358789 0 14
360264 0 17
361759 0 36
363336 0 11
364892 0 23
366387 0 20
367862 0 17
369254 0 21
370688 0 27
372203 0 10
373760 0 23
375173 0 16
376689 0 15
378081 0 15
379515 0 19
381051 0 25
382566 0 1
384000 0 15
385454 0 22
386949 0 20
388526 0 24
389939 0 28
391352 0 4
392765 0 18
394240 0 24
395755 0 18
397230 0 32
398745 0 11
400281 0 17
401694 0 15
403169 0 22
404602 0 32
406097 0 11
407613 0 23
409067 0 34
410562 0 7
411995 0 15
413449 0 29
414924 0 3
416358 0 18
417914 0 30
419348 0 11
420863 0 16
422235 0 30
423710 0 11
425164 0 22
426700 0 28
428113 0 6
429669 0 21
431205 0 27
432659 0 5
434175 0 20
435629 0 22
437206 0 15
438742 0 20
440196 0 33
441629 0 11
443084 0 21
444660 0 36
446155 0 7
447671 0 16
449186 0 32
450620 0 4
452136 0 15
453672 0 35
455085 0 7
456539 0 24
457952 0 24
459488 0 17
460880 0 24
462396 0 24
463870 0 30
465263 0 3
466738 0 14
468192 0 24
469748 0 23
471243 0 14
472779 0 14
474213 0 25
475667 0 5
477100 0 19
478616 0 20
480213 0 24
481708 0 23
483203 0 15
484657 0 24
486152 0 17
487565 0 34
488958 0 8
490453 0 22
491989 0 25
493443 0 10
494958 0 13
496453 0 22
497908 0 15
499362 0 35
500795 0 6
502311 0 16
503765 0 15
505239 0 24
506796 0 22
508291 0 31
509745 0 8
511199 0 16
512591 0 21
514066 0 32
515459 0 4
516933 0 24
518469 0 23
519944 0 24
521459 0 23
522954 0 15
524388 0 33
525883 0 6
527439 0 18
528934 0 20
530491 0 20
532068 0 31
533583 0 6
535017 0 17
536512 0 17
538027 0 24
539522 0 14
540915 0 35
542307 0 9
543761 0 18
545297 0 23
546792 0 30
548247 0 7
549742 0 20
551196 0 35
552588 0 1
554001 0 23
555496 0 35
557012 0 5
558466 0 13
560002 0 13
561456 0 19
562869 0 14
564343 0 22
565920 0 27
567436 0 6
568910 0 24
570303 0 19
571860 0 17
573395 0 28
574788 0 12
576242 0 23
577696 0 15
579150 0 22
580666 0 14
582202 0 32
583615 0 11
585151 0 19
586584 0 19
588141 0 21
589574 0 14
591028 0 27
592421 0 7
593855 0 16
595370 0 22
596947 0 19
598360 0 25
599814 0 5
601289 0 19
602722 0 18
604279 0 20
605815 0 16
607228 0 28
608764 0 3
610279 0 17
611713 0 22
613187 0 28
614723 0 9
616239 0 19
617795 0 31
619331 0 2
620785 0 17
622280 0 16
623693 0 22
625107 0 23
626581 0 21
628035 0 34
629489 0 6
631046 0 14
632520 0 14
633974 0 20
635531 0 14
637046 0 16
638500 0 14
639954 0 28
641429 0 3
642924 0 16
644460 0 13
645955 0 24
647470 0 35
648965 0 9
650460 0 23
651955 0 16
653409 0 31
654884 0 1
656277 0 19
657813 0 20
659349 0 18
660905 0 20
662380 0 13
663813 0 18
665370 0 28
666824 0 5
668319 0 16
669691 0 19
671124 0 29
672558 0 4
673950 0 18
675425 0 15
676920 0 34
678395 0 5
679869 0 22
681303 0 15
682736 0 24
684252 0 21
685788 0 18
687221 0 15
688614 0 31
690170 0 2
691645 0 14
693160 0 18
694717 0 19
696273 0 34
697789 0 11
699263 0 16
700676 0 20
702233 0 19
703666 0 24
705161 0 33
706575 0 6
708008 0 13
709401 0 14
710793 0 18
712206 0 28
713763 0 5
715156 0 15
716569 0 18
718125 0 16
719641 0 20
721156 0 24
722610 0 22
724044 0 17
725539 0 25
727095 0 5
728488 0 23
730003 0 18
731560 0 19
733055 0 15
734570 0 16
736065 0 14
737519 0 26
738953 0 10
740448 0 22
741861 0 14
743356 0 18
744810 0 32
746244 0 11
747759 0 19
749213 0 35
750606 0 1
752019 0 13
753534 0 26
755050 0 10
756606 0 24
758142 0 16
759617 0 15
761112 0 20
762545 0 19
763999 0 27
765433 0 6
766928 0 20
768444 0 36
769857 0 12
771393 0 13
772888 0 23
774321 0 13
775755 0 17
777250 0 18
778683 0 33
780117 0 10
781530 0 14
783046 0 17
784561 0 33
785995 0 6
787551 0 23
789067 0 19
790562 0 23
792098 0 21
793634 0 23
795170 0 30
796562 0 9
798098 0 20
799675 0 19
801211 0 15
802665 0 24
804201 0 19
805758 0 16
807232 0 35
808747 0 12
810181 0 19
811676 0 29
813212 0 1
814646 0 15
816202 0 16
817636 0 15
819090 0 27
820605 0 7
822059 0 23
823472 0 17
824947 0 16
826421 0 35
827855 0 3
829370 0 14
830784 0 20
832238 0 16
833671 0 20
835125 0 13
836620 0 16
838156 0 33
839713 0 2
841146 0 22
842641 0 33
844157 0 10
845631 0 20
847106 0 17
848519 0 35
849953 0 1
851345 0 23
852861 0 14
854253 0 30
855605 0 5
857018 0 22
858554 0 22
860090 0 20
861646 0 23
863141 0 21
864677 0 24
866172 0 36
867749 0 9
869183 0 17
870657 0 28
872152 0 9
873586 0 16
875020 0 17
876474 0 24
878030 0 19
879587 0 22
881061 0 21
882577 0 23
884031 0 35
885444 0 1
886898 0 16
888434 0 33
889990 0 12
891444 0 17
892878 0 23
894393 0 30
895745 0 8
897281 0 21
898755 0 32
900148 0 9
901684 0 19
903138 0 15
904551 0 21
905985 0 30
907459 0 7
908913 0 18
910470 0 17
911862 0 18
913337 0 26
914750 0 10
916266 0 16
917740 0 15
919215 0 17
920607 0 30
922061 0 2
923536 0 21
924949 0 27
926464 0 10
928021 0 19
929475 0 34
930970 0 6
932444 0 21
933878 0 14
935332 0 18
936827 0 18
938240 0 22
1064231 0 101
1065665 0 101
1067201 0 101
1068696 0 101
1070150 0 101
1071686 0 101
1073160 0 101
1074594 0 101
1076089 0 101
1077584 0 101
1079038 0 102
1080492 0 102
1081885 0 103
1083421 0 101
1084813 0 102
1086206 0 102
1087701 0 103
1089175 0 101
1090650 0 102
1092063 0 102
1093599 0 102
1095053 0 102
1096528 0 102
1098002 0 102
1099456 0 103
1100869 0 101
1102282 0 102
1103757 0 102
1105190 0 102
1106726 0 102
1108119 0 102
1109594 0 102
1111048 0 102
1112502 0 103
1113935 0 101
1115410 0 102
1116946 0 102
1118482 0 102
1119936 0 102
1121349 0 103
1122926 0 101
1124441 0 102
1125834 0 103
1127267 0 101
1128762 0 102
1130278 0 103
1131834 0 101
1133268 0 102
1134722 0 102
1136115 0 102
1137569 0 102
1139002 0 102
1140415 0 103
1141890 0 101
1143385 0 102
1144941 0 102
1146416 0 102
1147829 0 102
1149304 0 102
1150758 0 102
1152253 0 102
1153727 0 103
1155140 0 101
1156635 0 102
1158069 0 102
1159502 0 102
1160915 0 102
1162370 0 102
1163783 0 102
1165319 0 103
1166793 0 101
1168206 0 102
1169701 0 102
1171176 0 103
1172691 0 101
1174186 0 102
1175620 0 103
1177135 0 101
1178630 0 102
1180166 0 102
1181579 0 102
1183034 0 102
1184447 0 103
1185921 0 101
1187416 0 102
1188891 0 102
1190283 0 103
1191758 0 101
1193273 0 102
1194707 0 102
1196100 0 102
1197533 0 102
1199028 0 102
1200564 0 102
1202080 0 103
1203575 0 101
1204967 0 102
1206503 0 102
1208039 0 102
1209596 0 102
1211009 0 103
1212422 0 101
1213917 0 102
1215453 0 102
1216948 0 102
1218402 0 102
1219958 0 102
1221515 0 103
1223051 0 101
1224464 0 102
1225979 0 102
1227433 0 102
1228887 0 102
1230301 0 102
1231714 0 102
1233127 0 103
1234622 0 101
1236014 0 102
1237550 0 102
1238963 0 102
1240376 0 102
1241831 0 102
1243305 0 102
1244841 0 103
1246336 0 101
1247790 0 102
1249224 0 103
1250719 0 101
1252214 0 102
1253606 0 102
1255101 0 102
1256535 0 102
1258050 0 103
1259504 0 101
1260938 0 102
1262392 0 102
1263785 0 102
1265177 0 103
1266672 0 101
1268167 0 102
1269703 0 103
1271137 0 101
1272673 0 102
1274086 0 103
1275622 0 101
1277158 0 102
1278694 0 102
1280168 0 102
1281602 0 103
1283138 0 101
1284572 0 102
1286067 0 102
1287582 0 102
1289057 0 102
1290552 0 102
1291985 0 102
1293419 0 102
1294873 0 103
1296429 0 101
1297904 0 102
1299317 0 102
1300710 0 102
1302184 0 102
1303638 0 102
1305154 0 102
1306608 0 103
1308144 0 101
1309618 0 102
1311031 0 103
1312485 0 101
1313919 0 102
1315373 0 102
1316807 0 102
1318261 0 102
1319756 0 102
1321148 0 102
1322643 0 103
1324138 0 101
1325551 0 102
1327108 0 102
1328582 0 102
1330057 0 102
1331593 0 102
1333047 0 102
1334521 0 102
1335996 0 103
1337491 0 101
1338925 0 102
1340461 0 102
1341956 0 103
1343430 0 101
1344925 0 102
1346461 0 102
1347895 0 103
1349390 0 101
1350823 0 102
1352236 0 102
1353629 0 102
1355144 0 102
1356558 0 102
1358073 0 103
1359507 0 101
1360920 0 102
1362312 0 102
1363848 0 102
1365261 0 103
1366756 0 101
1368190 0 102
1369726 0 102
1371180 0 102
1372573 0 102
1373965 0 102
1375419 0 102
1376853 0 103
1378368 0 101
1379904 0 102
1381399 0 102
1382935 0 102
1384471 0 103
1385987 0 101
1387379 0 102
1388874 0 103
1390287 0 101
1391803 0 102
1393298 0 103
1394854 0 101
1396349 0 102
1397824 0 103
1399339 0 101
1400855 0 102
1402329 0 102
1403763 0 103
1405258 0 101
1406733 0 102
1408228 0 102
1409641 0 103
1411115 0 101
1412672 0 102
1414064 0 103
1415600 0 101
1416993 0 102
1418488 0 102
1420024 0 103
1421560 0 101
1422993 0 102
1424529 0 103
1425943 0 101
1427458 0 102
1428851 0 102
1430243 0 102
1431759 0 102
1433254 0 103
1434769 0 101
1436182 0 102
1437677 0 102
1439111 0 102
1440626 0 103
1442121 0 101
1443575 0 102
1445111 0 103
1446566 0 101
1448101 0 102
1449637 0 102
1451091 0 103
1452648 0 101
1454143 0 102
1455536 0 103
1456990 0 101
1458485 0 102
1459980 0 102
1461434 0 103
1462888 0 101
1464362 0 102
1465796 0 103
1467270 0 101
1468663 0 102
1470056 0 102
1471510 0 102
1473005 0 102
1474479 0 103
1475913 0 101
1477387 0 102
1478882 0 102
1480377 0 102
1481872 0 103
1483326 0 101
1484760 0 102
1486276 0 102
1487730 0 102
1489143 0 102
1490535 0 102
1491989 0 102
1493423 0 103
1494959 0 101
1496454 0 102
1497908 0 103
1499403 0 101
1500877 0 102
1502393 0 102
1503888 0 103
1505403 0 101
1506939 0 102
1508373 0 102
1509766 0 102
1511179 0 103
1512715 0 101
1514230 0 102
1515705 0 103
1517261 0 101
1518797 0 102
1520272 0 103
1521767 0 101
1523159 0 102
1524634 0 102
1526067 0 102
1527521 0 103
1529037 0 101
1530573 0 102
1532048 0 102
1533481 0 102
1534976 0 102
1536533 0 102
1538048 0 103
1539482 0 101
1540895 0 102
1542328 0 103
1543782 0 101
1545195 0 102
1546649 0 103
1548165 0 101
1549558 0 102
1551094 0 103
1552630 0 101
1554104 0 102
1555517 0 102
1557012 0 102
1558466 0 103
1559982 0 101
1561497 0 102
1563013 0 102
1564446 0 103
1565941 0 101
1567436 0 102
1568829 0 102
1570222 0 103
1571778 0 101
1573191 0 102
1574727 0 102
1576202 0 102
1577656 0 102
1579048 0 102
1580523 0 103
1581956 0 101
1583472 0 102
1584905 0 103
1586400 0 101
1587834 0 102
1589329 0 103
1590865 0 101
1592381 0 102
1593794 0 102
1595309 0 102
1596743 0 102
1598217 0 103
1599630 0 101
1601043 0 102
1602436 0 102
1603829 0 103
1605365 0 101
1606901 0 102
1608293 0 102
1609829 0 102
1611345 0 102
1612758 0 102
1614232 0 102
1615666 0 102
1617202 0 103
1618656 0 101
1620069 0 102
1621503 0 103
1622936 0 101
1624431 0 102
1625967 0 102
1627380 0 102
1628916 0 102
1630411 0 102
1631906 0 102
1633442 0 103
1634917 0 101
1636309 0 102
1637804 0 102
1639299 0 103
1640753 0 101
1642187 0 102
1643723 0 102
1645157 0 103
1646672 0 101
1648167 0 102
1649580 0 103
1651014 0 101
1652570 0 102
1654106 0 102
1655560 0 102
1656994 0 102
1658530 0 102
1660025 0 102
1661438 0 103
1662974 0 101
1664448 0 102
1665984 0 103
1667397 0 101
1668892 0 102
1670428 0 102
1671842 0 102
1673275 0 102
1674729 0 102
1676265 0 103
1677699 0 101
1679235 0 102
1680730 0 102
1682245 0 102
1683720 0 103
1685153 0 101
1686566 0 102
1687979 0 103
1689434 0 101
1690847 0 102
1692383 0 102
1693898 0 102
1695373 0 102
1696786 0 103
1698363 0 101
1699755 0 102
1701291 0 102
1702766 0 102
1704179 0 103
1705612 0 101
1707087 0 102
1708500 0 102
1709954 0 102
1711388 0 103
1712883 0 101
1714419 0 102
1715914 0 102
1717368 0 102
1718760 0 102
1720153 0 102
1721648 0 102
1723041 0 103
1724495 0 101
1725928 0 102
1727444 0 102
1728898 0 102
1730413 0 102
1731847 0 102
1733362 0 102
1734796 0 103
1736209 0 101
1737684 0 102
1739097 0 102
1740612 0 102
1742025 0 102
1743418 0 102
1744851 0 102
1746244 0 103
1747739 0 101
1749275 0 102
1750750 0 102
1752286 0 102
1753719 0 102
1755112 0 102
1756627 0 103
1758081 0 101
1759535 0 102
1761071 0 103
1762566 0 101
1764020 0 102
1765474 0 103
1766908 0 101
1768444 0 102
1769837 0 102
1771352 0 102
1772745 0 102
1774281 0 102
1775817 0 103
1777230 0 101
1778766 0 102
1780302 0 103
1781715 0 101
1783107 0 102
1784500 0 102
1785913 0 102
1787408 0 102
1788862 0 103
1790398 0 101
1791811 0 102
1793204 0 103
1794678 0 101
1796214 0 102
1797709 0 102
1799184 0 102
1800577 0 102
1802051 0 102
1803505 0 103
1805041 0 101
1806536 0 102
1807970 0 102
1809444 0 102
1810898 0 103
1812332 0 101
1813724 0 102
1815158 0 102
1816633 0 102
1818148 0 103
1819704 0 101
1821097 0 102
1822531 0 102
1824046 0 102
1825459 0 102
1826995 0 102
1828470 0 103
1829924 0 101
1831460 0 102
1832975 0 102
1834429 0 103
1835842 0 101
1837297 0 102
1838812 0 102
1840287 0 102
1841782 0 102
1843297 0 102
1844772 0 102
1846267 0 103
1847803 0 101
1849298 0 102
1850834 0 103
1852411 0 101
1853967 0 102
1855360 0 103
1856855 0 101
1858309 0 102
1859845 0 103
1861299 0 101
1862753 0 102
1864227 0 103
1865661 0 101
1867094 0 102
1868507 0 102
1869941 0 102
1871477 0 103
1872993 0 101
1874528 0 102
1876064 0 102
1877478 0 102
1878891 0 102
1880304 0 103
1881758 0 101
1883232 0 102
1884768 0 103
1886263 0 101
1887717 0 102
1889171 0 102
1890666 0 102
1892059 0 103
1893616 0 101
1895090 0 102
1896585 0 102
1898060 0 102
1899534 0 102
1900927 0 103
1902442 0 101
1903999 0 102
1905453 0 102
1906845 0 102
1908361 0 103
1909835 0 101
1911371 0 102
1912887 0 103
1914341 0 101
1915734 0 102
1917229 0 103
1918662 0 101
1920198 0 102
1921632 0 103
1923168 0 101
1924704 0 102
1926199 0 103
1927612 0 101
1929148 0 102
1930581 0 102
1931974 0 103
1933428 0 101
1934923 0 102
1936479 0 102
1937913 0 103
1939428 0 101
1940883 0 102
1942316 0 102
1943811 0 102
1945204 0 102
1946678 0 103
1948214 0 101
1949648 0 102
1951102 0 102
1952638 0 102
1954071 0 102
1955505 0 102
1957020 0 103
1958556 0 101
1960092 0 102
1975582 0 47
1977118 0 42
1978572 0 40
1980067 0 45
1981623 0 48
1983057 0 39
1984573 0 38
1985986 0 43
1987542 0 46
1988996 0 46
1990532 0 59
1992068 0 53
1993624 0 54
1995160 0 53
1996717 0 61
1998171 0 40
1999727 0 49
2001222 0 59
2002676 0 52
2004090 0 54
2005626 0 59
2007059 0 61
2008534 0 46
2010008 0 57
2011585 0 57
2013060 0 58
2014514 0 59
2015927 0 71
2017401 0 44
2018814 0 56
2020227 0 58
2021784 0 50
2023279 0 60
2024835 0 70
2026351 0 40
2027846 0 57
2029382 0 53
2030877 0 51
2032310 0 50
2033785 0 52
2035260 0 63
2036816 0 37
2038270 0 59
2039786 0 50
2041281 0 49
2042735 0 59
2044168 0 58
2045643 0 69
2047220 0 38
2048756 0 52
2050251 0 60
2051746 0 50
2053261 0 62
2054777 0 41
2056292 0 57
2057849 0 54
2059323 0 52
2060818 0 58
2062293 0 63
2063726 0 37
2065160 0 59
2066696 0 65
2068109 0 37
2069563 0 49
2071058 0 56
2072614 0 53
2074171 0 60
2075625 0 68
2077099 0 41
2078635 0 51
2080151 0 62
2081687 0 47
2083243 0 49
2084718 0 62
2086110 0 48
2087626 0 50
2089142 0 60
2090636 0 63
2092193 0 45
2093627 0 50
2095162 0 53
2096637 0 52
2098112 0 56
2099566 0 57
2101020 0 53
2102515 0 71
2104010 0 40
2105505 0 50
2106979 0 58
2108495 0 60
2110031 0 50
2111567 0 54
2113103 0 68
2114516 0 37
2115949 0 60
2117444 0 70
2118837 0 42
2120352 0 56
2121766 0 56
2123322 0 56
2124776 0 64
2126169 0 38
2127582 0 49
2129036 0 49
2130490 0 55
2131923 0 58
2133439 0 51
2134852 0 68
2136286 0 47
2137719 0 60
2139255 0 60
2140812 0 61
2142307 0 42
2143781 0 56
2145215 0 68
2146710 0 47
2148143 0 59
2149700 0 57
2151236 0 60
2152690 0 55
2154226 0 70
2155700 0 42
2157175 0 54
2158629 0 55
2160103 0 61
2161639 0 40
2163052 0 56
2164568 0 66
2166124 0 44
2167619 0 50
2169114 0 69
2170650 0 42
2172125 0 54
2173600 0 61
2175033 0 40
2176467 0 54
2177880 0 65
2179334 0 47
2180808 0 49
2182221 0 51
2183757 0 58
2185334 0 59
2186788 0 59
2188283 0 60
2189778 0 72
2191273 0 41
2192768 0 54
2194263 0 60
2195718 0 60
2197172 0 58
2198646 0 57
2200182 0 72
2201698 0 43
2203172 0 53
2204667 0 55
2206121 0 60
2207637 0 64
2209173 0 47
2210627 0 49
2212122 0 61
2213637 0 39
2215132 0 54
2216648 0 58
2218184 0 71
2219597 0 46
2221051 0 53
2222505 0 61
2223918 0 38
2225352 0 57
2226826 0 70
2228198 0 41
2229673 0 56
2231168 0 58
2232683 0 49
2234117 0 61
2235571 0 39
2237107 0 59
2238561 0 64
2240056 0 47
2241469 0 56
2242964 0 55
2244500 0 54
2246056 0 50
2247470 0 51
2249026 0 59
2250501 0 54
2251955 0 70
2253368 0 47
2254801 0 49
2256296 0 52
2257791 0 52
2259225 0 56
2260740 0 57
2262317 0 66
2263730 0 37
2265123 0 59
2266577 0 59
2267990 0 60
2269547 0 50
2270939 0 51
2272496 0 58
2273929 0 72
2275424 0 45
2276837 0 50
2278250 0 64
2279725 0 37
2281240 0 51
2282756 0 65
2284169 0 45
2285644 0 55
2287139 0 57
2288613 0 66
2290149 0 40
2291583 0 56
2293016 0 58
2294573 0 50
2295986 0 60
2297419 0 56
2298935 0 66
2300471 0 39
2302007 0 51
2303420 0 67
2304976 0 43
2306471 0 59
2308028 0 50
2309482 0 66
2311038 0 45
2312615 0 59
2314069 0 58
2315564 0 53
2317018 0 49
2318452 0 61
2319906 0 38
2321422 0 58
2322876 0 50
2324350 0 50
2325804 0 54
2327299 0 66
2328753 0 46
2330187 0 52
2331702 0 56
2333115 0 71
2334549 0 38
2335942 0 50
2337498 0 62
2338993 0 38
2340406 0 58
2341963 0 57
2343396 0 57
2344953 0 60
2346386 0 60
2347922 0 54
2349417 0 63
2350871 0 41
2352325 0 51
2353820 0 54
2355336 0 58
2356831 0 52
2358387 0 53
2359882 0 69
2361316 0 48
2362831 0 56
2364306 0 71
2365862 0 39
2367337 0 51
2368770 0 60
2370225 0 56
2371699 0 51
2373153 0 54
2374689 0 66
2376205 0 44
2377659 0 56
2379215 0 63
2380649 0 46
2382082 0 53
2383495 0 53
2384929 0 71
2386424 0 40
2387980 0 57
2389516 0 69
2390970 0 38
2392465 0 50
2394022 0 57
2395578 0 54
2397094 0 51
2398630 0 68
2400125 0 45
2401661 0 55
2403135 0 51
2404671 0 54
2406207 0 67
2407661 0 38
2409095 0 50
2410590 0 61
2412064 0 47
2413498 0 53
2414973 0 56
2416488 0 55
2417901 0 57
2419478 0 62
2420932 0 45
2422407 0 49
2423922 0 49
2425417 0 68
2426871 0 38
2428346 0 60
2429820 0 57
2431295 0 68
2432769 0 37
2434285 0 55
2435780 0 51
2437213 0 60
2438667 0 67
2440060 0 39
2441514 0 52
2443071 0 50
2444463 0 51
2445938 0 59
2447392 0 59
2448887 0 65
2450402 0 41
2451877 0 57
2453331 0 52
2454846 0 49
2456259 0 70
2457673 0 39
2459188 0 57
2460744 0 50
2462260 0 59
2463735 0 56
2465148 0 50
2466561 0 59
2467994 0 66
2469510 0 44
2470984 0 50
2472479 0 57
2474036 0 51
2475551 0 55
2477128 0 56
2478644 0 56
2480098 0 70
2481552 0 38
2482985 0 50
2484521 0 69
2486057 0 39
2487470 0 55
2488884 0 59
2490379 0 54
2491792 0 63
2493328 0 40
2494864 0 55
2496338 0 52
2497772 0 58
2499226 0 53
2500700 0 62
2502195 0 45
2503711 0 54
2505226 0 63
2506742 0 44
2508155 0 58
2509732 0 55
2511145 0 49
2512578 0 54
2514012 0 51
2515548 0 54
2516941 0 64
2518436 0 37
2519992 0 51
2521446 0 56
2522962 0 59
2524375 0 56
2525829 0 58
2527283 0 53
2528798 0 72
2530252 0 39
2531706 0 52
2533161 0 54
2534696 0 54
2536253 0 53
2537727 0 56
2539243 0 65
2540677 0 40
2542233 0 60
2543687 0 50
2545203 0 58
2546677 0 67
2548172 0 44
2549667 0 59
2551224 0 66
2552780 0 48
2554234 0 54
2555750 0 63
2557224 0 37
2558617 0 50
2560173 0 66
2561730 0 41
2563266 0 52
2564699 0 55
2566133 0 58
2567607 0 60
2569082 0 64
2570474 0 38
2571949 0 58
2573505 0 52
2575000 0 58
2576475 0 69
2577990 0 37
2579485 0 50
2580980 0 68
2582475 0 48
2584032 0 57
2585465 0 70
2586920 0 42
2588435 0 54
2589910 0 65
2591343 0 41
2592777 0 54
2594190 0 71
2595705 0 47
2597221 0 58
2598777 0 68
2600190 0 48
2601624 0 60
2603037 0 69
2604593 0 45
2606129 0 59
2607563 0 52
2609079 0 54
2610553 0 62
2612089 0 41
2613625 0 57
2615038 0 50
2616533 0 49
2618028 0 59
2619585 0 70
2620957 0 37
2622390 0 57
2623824 0 58
2625319 0 68
2626793 0 38
2628309 0 60
2629763 0 56
2631299 0 70
2632692 0 47
2634125 0 55
2635661 0 49
2637095 0 54
2638590 0 49
2640003 0 53
2641539 0 69
2642993 0 40
2644406 0 55
2645942 0 51
2647416 0 72
2648829 0 45
2650406 0 52
2651942 0 55
2653478 0 58
2654932 0 49
2656448 0 55
2657963 0 53
2659499 0 63
2660953 0 47
2662489 0 54
2663923 0 59
2665418 0 60
2666954 0 57
2668469 0 58
2669924 0 63
2671398 0 37
2672893 0 51
2674306 0 49
2675781 0 53
2677214 0 52
2678771 0 71
2680204 0 41
2681658 0 51
2683153 0 67
2684607 0 40
2686143 0 49
2687679 0 62
2689154 0 41
2690608 0 60
2692021 0 54
2693475 0 54
2694950 0 62
2696363 0 44
2697796 0 49
2699250 0 49
2700684 0 61
2702138 0 42
2703613 0 56
2705067 0 49
2706541 0 63
2707975 0 45
2709490 0 52
2710985 0 51
2712419 0 56
2713873 0 58
2715388 0 58
2716924 0 58
2718501 0 65
2719996 0 47
2721450 0 60
2722945 0 69
2724399 0 41
2725935 0 59
2727348 0 61
2728762 0 39
2730195 0 53
2731690 0 58
2733144 0 53
2734660 0 53
2736134 0 56
2737670 0 65
2739145 0 47
2740660 0 57
2742073 0 60
2743589 0 50
2745002 0 54
2746517 0 51
2748033 0 67
2749446 0 39
2750961 0 59
2752395 0 70
2753911 0 44
2755365 0 56
2756798 0 70
2758273 0 44
2759809 0 50
2761304 0 65
2762758 0 45
2764273 0 54
2765768 0 56
2767263 0 56
2768820 0 51
2770233 0 49
2771769 0 72
2773202 0 44
2774615 0 56
2776172 0 49
2777667 0 52
2779121 0 57
2780677 0 71
2782070 0 44
2783586 0 58
2785142 0 58
2786596 0 62
2788132 0 45
2789586 0 51
2790999 0 53
2792556 0 59
2794030 0 68
2795587 0 38
2797143 0 52
2798618 0 66
2800154 0 40
2801669 0 51
2803082 0 49
2804577 0 56
2806134 0 67
2807649 0 45
2809226 0 56
2810639 0 52
2812155 0 70
2813588 0 41
2815022 0 50
2816537 0 53
2817991 0 55
2819445 0 55
2820961 0 60
2822517 0 65
2823930 0 48
2825323 0 54
2826818 0 59
2828231 0 54
2829665 0 55
2831139 0 60
2832696 0 54
2834191 0 61
2835645 0 46
2837201 0 57
2838717 0 52
2840150 0 49
2841543 0 59
2842956 0 57
2844471 0 59
2845966 0 61
2847523 0 42
2849038 0 56
2850595 0 49
2852110 0 57
2853585 0 56
2855080 0 49
2856616 0 62
2858111 0 45
2859626 0 56
2861183 0 55
2862719 0 63
2864193 0 46
2865709 0 50
2867245 0 60
2868740 0 52
2870296 0 56
2871730 0 57
2873204 0 49
2874761 0 59
2876194 0 66
2877751 0 47
2879266 0 59
2896993 0 104
2898529 0 104
2900065 0 104
2901478 0 104
2903014 0 104
2904488 0 104
2905983 0 104
2907499 0 104
2908953 0 104
2910468 0 104
2911902 0 105
2913417 0 105
2914912 0 106
2916407 0 104
2917923 0 105
2919377 0 105
2920851 0 105
2922346 0 105
2923841 0 106
2925316 0 104
2926791 0 105
2928224 0 106
2929658 0 104
2931194 0 105
2932750 0 105
2934225 0 106
2935679 0 104
2937153 0 105
2938648 0 105
2940164 0 106
2941720 0 104
2943133 0 105
2944690 0 105
2946144 0 105
2947598 0 105
2949134 0 105
2950690 0 106
2952165 0 104
2953701 0 105
2955216 0 105
2956670 0 105
2958186 0 106
2959619 0 104
2961176 0 105
2962650 0 105
2964104 0 105
2965558 0 105
2967013 0 105
2968405 0 105
2969859 0 106
2971334 0 104
2972747 0 105
2974242 0 105
2975778 0 106
2977334 0 104
2978747 0 105
2980201 0 105
2981635 0 105
2983130 0 106
2984666 0 104
2986079 0 105
2987595 0 106
2989008 0 104
2990421 0 105
2991977 0 106
2993472 0 104
2995008 0 105
2996503 0 105
2998039 0 106
2999575 0 104
3001091 0 105
3002565 0 105
3004040 0 105
3005473 0 106
3006907 0 104
3008299 0 105
3009794 0 106
3011310 0 104
3012785 0 105
3014320 0 105
3015734 0 106
3017290 0 104
3018744 0 105
3020157 0 105
3021611 0 105
3023024 0 105
3024560 0 105
3026055 0 105
3027571 0 106
3029066 0 104
3030561 0 105
3032097 0 105
3033571 0 105
3035046 0 105
3036479 0 105
3037893 0 106
3039408 0 104
3040903 0 105
3042398 0 105
3043934 0 105
3045450 0 105
3046842 0 105
3048276 0 105
3049771 0 105
3051245 0 106
3052740 0 104
3054153 0 105
3055546 0 105
3057041 0 105
3058556 0 105
3060052 0 105
3061587 0 106
3063042 0 104
3064516 0 105
3065970 0 105
3067506 0 106
3068919 0 104
3070394 0 105
3071889 0 105
3073384 0 105
3074899 0 106
3076435 0 104
3077889 0 105
3079425 0 105
3080941 0 105
3082436 0 105
3083890 0 105
3085385 0 105
3086880 0 106
3088272 0 104
3089727 0 105
3091283 0 106
3092696 0 104
3094150 0 105
3095584 0 105
3097038 0 106
3098574 0 104
3100048 0 105
3101482 0 105
3102936 0 105
3104492 0 105
3105967 0 105
3107400 0 105
3108875 0 106
3110349 0 104
3111865 0 105
3113360 0 105
3114794 0 105
3116227 0 105
3117722 0 105
3119176 0 105
3120630 0 106
3122064 0 104
3123579 0 105
3125054 0 105
3126487 0 105
3127942 0 106
3129437 0 104
3130829 0 105
3132304 0 105
3133799 0 105
3135314 0 105
3136871 0 105
3138386 0 105
3139902 0 105
3141417 0 106
3142953 0 104
3144387 0 105
3145882 0 106
3147377 0 104
3148790 0 105
3150326 0 106
3151862 0 104
3153377 0 105
3154913 0 105
3156326 0 105
3157719 0 105
3159193 0 105
3160647 0 106
3162163 0 104
3163678 0 105
3165092 0 105
3166628 0 106
3168123 0 104
3169659 0 105
3171215 0 105
3172731 0 105
3174144 0 105
3175680 0 106
3177093 0 104
3178649 0 105
3180083 0 105
3181578 0 105
3183052 0 106
3184486 0 104
3186001 0 105
3187496 0 105
3188930 0 105
3190404 0 106
3191858 0 104
3193272 0 105
3194746 0 105
3196282 0 105
3197818 0 105
3199293 0 106
3200767 0 104
3202180 0 105
3203634 0 105
3205027 0 105
3206481 0 105
3207915 0 105
3209410 0 105
3210864 0 106
3212297 0 104
3213731 0 105
3215185 0 106
3216721 0 104
3218257 0 105
3219690 0 105
3221124 0 105
3222598 0 106
3224134 0 104
3225609 0 105
3227104 0 105
3228599 0 105
3230114 0 105
3231568 0 106
3233023 0 104
3234497 0 105
3235951 0 105
3237467 0 105
3238962 0 106
3240395 0 104
3241890 0 105
3243344 0 105
3244819 0 105
3246211 0 105
3247665 0 105
3249058 0 105
3250594 0 106
3252028 0 104
3253543 0 105
3255018 0 106
3256492 0 104
3258028 0 105
3259482 0 105
3260895 0 105
3262390 0 105
3263844 0 105
3265237 0 106
3266691 0 104
3268186 0 105
3269599 0 105
3271012 0 105
3272446 0 105
3274002 0 105
3275497 0 105
3276972 0 105
3278405 0 106
3279819 0 104
3281334 0 105
3282727 0 105
3284283 0 105
3285717 0 105
3287191 0 106
3288748 0 104
3290304 0 105
3291717 0 106
3293192 0 104
3294687 0 105
3296223 0 105
3297738 0 106
3299274 0 104
3300728 0 105
3302203 0 105
3303636 0 105
3305049 0 105
3306585 0 105
3308039 0 105
3309534 0 105
3311009 0 106
3312565 0 104
3314081 0 105
3315535 0 105
3316989 0 105
3318423 0 106
3319979 0 104
3321454 0 105
3322990 0 106
3324403 0 104
3325877 0 105
3327352 0 105
3328765 0 106
3330239 0 104
3331796 0 105
3333270 0 105
3334745 0 105
3336301 0 105
3337694 0 106
3339107 0 104
3340623 0 105
3342056 0 105
3343592 0 105
3345108 0 105
3346603 0 106
3348098 0 104
3349531 0 105
3350965 0 105
3352501 0 105
3354037 0 105
3355532 0 105
3357006 0 105
3358563 0 106
3359996 0 104
3361471 0 105
3362904 0 105
3364379 0 105
3365915 0 106
3367369 0 104
3368782 0 105
3370318 0 105
3371834 0 105
3373369 0 106
3374824 0 104
3376339 0 105
3377875 0 105
3379390 0 105
3380885 0 105
3382360 0 106
3383794 0 104
3385289 0 105
3386763 0 105
3388197 0 105
3389692 0 106
3391187 0 104
3392702 0 105
3394177 0 105
3395610 0 105
3397023 0 105
3398539 0 105
3400095 0 105
3401652 0 106
3403065 0 104
3404539 0 105
3406055 0 106
3407591 0 104
3409045 0 105
3410520 0 105
3411974 0 105
3413469 0 106
3415005 0 104
3416438 0 105
3417954 0 105
3419428 0 105
3420985 0 105
3422398 0 106
3423811 0 104
3425326 0 105
3426801 0 105
3428214 0 106
3429607 0 104
3431081 0 105
3432617 0 105
3434030 0 105
3435566 0 106
3437102 0 104
3438597 0 105
3440092 0 106
3441608 0 104
3443144 0 105
3444639 0 105
3446175 0 105
3447608 0 105
3449042 0 105
3450455 0 105
3451929 0 105
3453363 0 106
3454919 0 104
3456435 0 105
3457971 0 105
3459507 0 106
3460981 0 104
3462517 0 105
3463951 0 106
3465405 0 104
3466839 0 105
3468354 0 106
3469788 0 104
3471242 0 105
3472798 0 105
3474232 0 105
3475747 0 105
3477181 0 105
3478696 0 105
3480171 0 106
3481604 0 104
3483161 0 105
3484594 0 105
3486151 0 105
3487687 0 105
3489100 0 105
3490533 0 106
3492090 0 104
3493646 0 105
3495100 0 105
3496514 0 106
3498070 0 104
3499463 0 105
3500958 0 105
3502473 0 106
3503948 0 104
3505443 0 105
3506958 0 105
3508515 0 105
3509948 0 105
3511423 0 105
3512938 0 106
3514392 0 104
3515805 0 105
3517321 0 105
3518734 0 105
3520147 0 105
3521642 0 105
3523076 0 106
3524509 0 104
3526004 0 105
3527438 0 106
3528892 0 104
3530346 0 105
3531882 0 105
3533438 0 105
3534913 0 105
3536387 0 106
3537862 0 104
3539377 0 105
3540831 0 105
3542286 0 105
3543760 0 106
3545194 0 104
3546586 0 105
3548122 0 106
3549597 0 104
3551133 0 105
3552669 0 105
3554143 0 105
3555659 0 106
3557092 0 104
3558505 0 105
3559980 0 105
3561475 0 105
3563011 0 105
3564465 0 105
3565939 0 106
3567414 0 104
3568970 0 105
3570384 0 105
3571817 0 105
3573251 0 105
3574807 0 105
3576323 0 106
3577797 0 104
3579190 0 105
3580644 0 106
3582077 0 104
3583593 0 105
3585108 0 105
3586644 0 105
3588078 0 105
3589573 0 106
3591048 0 104
3592461 0 105
3594017 0 106
3595574 0 104
3597109 0 105
3598666 0 105
3600059 0 105
3601595 0 105
3603008 0 106
3604482 0 104
3605895 0 105
3607370 0 106
3608824 0 104
3610380 0 105
3611896 0 105
3613309 0 106
3614783 0 104
3616299 0 105
3617814 0 105
3619289 0 105
3620825 0 105
3622381 0 106
3623876 0 104
3625433 0 105
3626887 0 106
3628423 0 104
3629938 0 105
3631351 0 105
3632765 0 105
3634280 0 106
3635816 0 104
3637250 0 105
3638704 0 106
3640240 0 104
3641694 0 105
3643148 0 106
3644684 0 104
3646240 0 105
3647653 0 105
3649189 0 106
3650705 0 104
3652118 0 105
3653592 0 105
3655149 0 105
3656705 0 105
3658221 0 106
3659736 0 104
3661149 0 105
3662562 0 106
3664098 0 104
3665573 0 105
3667068 0 106
3668583 0 104
3670017 0 105
3671430 0 106
3672946 0 104
3674420 0 105
3675956 0 105
3677369 0 105
3678823 0 105
3680236 0 105
3681690 0 106
3683185 0 104
3684599 0 105
3686053 0 105
3687486 0 105
3689043 0 105
3690579 0 105
3692074 0 106
3693630 0 104
3695186 0 105
3696722 0 105
3698258 0 105
3699733 0 105
3701269 0 106
3702723 0 104
3704279 0 105
3705795 0 106
3707269 0 104
3708826 0 105
3710219 0 106
3711632 0 104
3713045 0 105
3714519 0 105
3716035 0 105
3717489 0 106
3719045 0 104
3720438 0 105
3721953 0 105
3723510 0 105
3724943 0 106
3726356 0 104
3727913 0 105
3729347 0 105
3730780 0 105
3732173 0 105
3733688 0 105
3735163 0 106
3736658 0 104
3738214 0 105
3739689 0 106
3741163 0 104
3742556 0 105
3744092 0 106
3745505 0 104
3747061 0 105
3748454 0 105
3749949 0 106
3751383 0 104
3752837 0 105
3754311 0 106
3755827 0 104
3757240 0 105
3758673 0 106
3760107 0 104
3761520 0 105
3763056 0 105
3764571 0 106
3766107 0 104
3767521 0 105
3769016 0 106
3770531 0 104
3771965 0 105
3773480 0 105
3774955 0 106
3776429 0 104
3777842 0 105
3779378 0 106
3780853 0 104
3782409 0 105
3783863 0 105
3785358 0 106
3786833 0 104
3788287 0 105
3789843 0 105
3791379 0 106
3792874 0 104
3794328 0 105
3795823 0 106
3797380 0 104
3798895 0 105
