35388 0 12
36838 0 2
38336 0 4
39737 0 8
41260 0 4
42660 0 4
44183 0 5
45657 0 4
47107 0 11
48605 0 8
50104 0 22
51627 0 19
53076 0 28
54526 0 1
56073 0 16
57547 0 23
58972 0 16
60421 0 36
61846 0 12
63271 0 17
64696 0 34
66145 0 11
67668 0 18
69241 0 19
70715 0 13
72189 0 20
73761 0 19
75210 0 35
76611 0 10
78134 0 13
79681 0 21
81229 0 13
82752 0 26
84275 0 8
85774 0 14
87272 0 24
88771 0 32
90269 0 4
91768 0 20
93316 0 24
94814 0 17
96239 0 13
97787 0 15
99285 0 29
100710 0 7
102233 0 14
103732 0 30
105255 0 10
106827 0 18
108252 0 20
109701 0 31
111249 0 2
112723 0 24
114148 0 18
115671 0 21
117120 0 16
118521 0 34
120044 0 5
121567 0 16
122992 0 33
124441 0 9
126013 0 21
127487 0 19
129060 0 14
130558 0 16
132057 0 20
133506 0 16
135029 0 14
136503 0 36
138051 0 10
139574 0 14
140974 0 27
142473 0 9
143922 0 19
145421 0 24
146944 0 28
148369 0 1
149892 0 16
151292 0 26
152791 0 2
154338 0 17
155788 0 16
157286 0 19
158834 0 16
160259 0 19
161757 0 14
163207 0 36
164681 0 3
166106 0 23
167530 0 29
169053 0 6
170626 0 16
172100 0 23
173574 0 17
175121 0 15
176620 0 16
178143 0 22
179617 0 22
181066 0 34
182491 0 5
183965 0 19
185537 0 23
186987 0 32
188436 0 4
189935 0 16
191384 0 18
192858 0 18
194308 0 29
195757 0 2
197157 0 21
198607 0 27
200130 0 8
201579 0 24
202980 0 23
204429 0 26
205829 0 2
207352 0 17
208826 0 18
210325 0 13
211873 0 22
213445 0 20
214992 0 21
216442 0 35
217989 0 8
219562 0 14
220962 0 24
222362 0 26
223885 0 9
225335 0 23
226882 0 16
228283 0 30
229781 0 7
231206 0 13
232606 0 24
234056 0 19
235505 0 29
236930 0 2
238380 0 23
239829 0 23
241278 0 31
242728 0 4
244128 0 15
245602 0 13
247150 0 27
248648 0 6
250171 0 21
251719 0 19
253218 0 20
254667 0 14
256092 0 34
257615 0 2
259064 0 18
260538 0 16
261963 0 21
263413 0 29
264837 0 9
266410 0 14
267933 0 21
269407 0 20
270905 0 17
272330 0 24
273779 0 18
275229 0 21
276678 0 34
278128 0 11
279528 0 20
281125 0 21
282673 0 15
284196 0 16
285694 0 34
287094 0 7
288667 0 17
290116 0 19
291639 0 20
293113 0 33
294661 0 12
296159 0 15
297633 0 33
299157 0 11
300704 0 21
302252 0 21
303799 0 23
305224 0 13
306649 0 28
308148 0 4
309548 0 19
310973 0 15
312471 0 24
313921 0 22
315370 0 17
316893 0 14
318441 0 32
319915 0 4
321413 0 24
322912 0 21
324411 0 15
325934 0 15
327481 0 34
329004 0 10
330528 0 23
331928 0 16
333353 0 22
334851 0 13
336301 0 16
337701 0 13
339126 0 18
340551 0 26
341926 0 10
343499 0 24
344973 0 28
346496 0 3
347896 0 14
349370 0 15
350918 0 21
352490 0 23
353988 0 14
355487 0 25
356936 0 7
358459 0 13
359958 0 22
361457 0 17
362955 0 30
364355 0 9
365829 0 24
367279 0 34
368753 0 8
370276 0 21
371799 0 18
373273 0 17
374722 0 22
376270 0 15
377793 0 18
379365 0 36
380864 0 4
382387 0 22
383836 0 13
385310 0 22
386809 0 21
388357 0 20
389831 0 17
391255 0 14
392779 0 33
394228 0 4
395653 0 17
397053 0 16
398552 0 36
400124 0 8
401549 0 14
402998 0 30
404497 0 10
405995 0 24
407395 0 35
408943 0 12
410491 0 24
411916 0 35
413390 0 5
414864 0 14
416313 0 24
417762 0 15
419310 0 20
420833 0 22
422258 0 30
423683 0 4
425181 0 23
426655 0 21
428129 0 22
429579 0 24
431102 0 31
432625 0 11
434025 0 18
435573 0 36
437145 0 4
438545 0 22
440118 0 36
441690 0 4
443213 0 22
444761 0 36
446210 0 12
447635 0 18
449183 0 31
450681 0 4
452131 0 18
453703 0 23
455152 0 14
456626 0 21
458149 0 22
459599 0 26
460999 0 9
462498 0 17
463996 0 20
465470 0 25
466944 0 8
468467 0 21
470039 0 20
471612 0 27
473061 0 1
474584 0 24
476107 0 19
477680 0 19
479252 0 26
480701 0 1
482126 0 24
483551 0 17
485025 0 23
486548 0 22
488120 0 33
489545 0 1
490970 0 16
492444 0 17
493992 0 14
495441 0 24
496964 0 14
498413 0 30
499814 0 5
501361 0 22
502786 0 13
504236 0 14
505661 0 20
507135 0 27
508633 0 2
510033 0 23
511483 0 35
512932 0 9
514480 0 24
516003 0 18
517551 0 33
519049 0 9
520523 0 24
521973 0 17
523397 0 18
524945 0 23
526394 0 24
527795 0 18
529318 0 31
530792 0 5
532192 0 21
533666 0 16
535165 0 23
536639 0 27
538113 0 2
539587 0 18
541011 0 30
542461 0 5
543984 0 23
545409 0 18
546858 0 19
548308 0 14
549757 0 14
551256 0 28
552779 0 7
554204 0 13
555751 0 36
557225 0 7
558650 0 19
560124 0 14
561598 0 17
563121 0 21
564644 0 35
566069 0 5
567469 0 22
568943 0 27
570368 0 5
571768 0 21
573267 0 32
574741 0 5
576239 0 17
577664 0 15
579114 0 22
580588 0 23
582160 0 13
583560 0 36
585108 0 2
586508 0 18
588080 0 24
589628 0 20
591127 0 20
592601 0 17
594148 0 29
595573 0 9
597096 0 15
598521 0 29
599897 0 2
601346 0 24
602820 0 18
604294 0 14
605768 0 23
607218 0 22
608741 0 27
610239 0 4
611664 0 24
613113 0 20
614710 0 14
616258 0 24
617732 0 24
619157 0 32
620582 0 6
622129 0 15
623652 0 21
625225 0 16
626748 0 16
628123 0 36
629671 0 7
631194 0 22
632644 0 23
634068 0 23
635542 0 15
636967 0 23
638540 0 21
639989 0 16
641414 0 28
642888 0 11
644411 0 16
645934 0 16
647457 0 14
648906 0 27
650405 0 2
651953 0 13
653451 0 20
654999 0 30
656522 0 5
658070 0 22
659544 0 20
660969 0 23
662492 0 29
663941 0 8
665440 0 18
667012 0 19
668486 0 13
670033 0 13
671458 0 18
672932 0 22
674357 0 26
675856 0 10
677403 0 18
678976 0 23
680499 0 24
682046 0 20
683520 0 24
684994 0 15
686542 0 32
688065 0 5
689588 0 20
691087 0 17
692512 0 20
694035 0 24
695509 0 21
697056 0 19
698481 0 29
699955 0 10
701478 0 21
703026 0 15
704475 0 15
705876 0 13
707423 0 16
708799 0 19
710298 0 29
711722 0 4
713196 0 20
714695 0 33
716169 0 10
717717 0 20
719215 0 27
720714 0 7
722261 0 15
723735 0 26
725111 0 2
726585 0 22
728157 0 23
729656 0 18
731154 0 19
732727 0 16
734151 0 30
735552 0 11
737026 0 17
738426 0 20
739900 0 21
741349 0 22
742897 0 33
744445 0 12
745894 0 21
747393 0 17
748916 0 24
750463 0 22
752011 0 35
753510 0 6
755008 0 18
756580 0 26
758079 0 8
759528 0 17
761002 0 29
762525 0 5
764073 0 13
765547 0 34
766997 0 10
768544 0 14
770018 0 36
771443 0 7
772892 0 23
774342 0 17
775840 0 33
777241 0 1
778666 0 17
780140 0 14
781589 0 20
783161 0 17
784635 0 13
786060 0 35
787608 0 7
789106 0 13
790654 0 34
792030 0 8
793504 0 15
795002 0 21
796452 0 19
797975 0 13
799399 0 31
800849 0 9
802323 0 18
803871 0 35
805369 0 10
806868 0 15
808342 0 21
809766 0 28
811240 0 12
812714 0 23
814164 0 20
815687 0 14
817235 0 36
818807 0 6
820305 0 21
821804 0 33
823352 0 1
824801 0 22
826275 0 29
827700 0 6
829149 0 21
830672 0 13
832122 0 20
833669 0 28
835143 0 12
836593 0 21
838116 0 22
839541 0 24
840990 0 22
842562 0 36
844061 0 2
845609 0 18
847033 0 27
848532 0 2
849957 0 21
851431 0 31
852880 0 3
854305 0 18
855755 0 31
857253 0 11
858727 0 23
860275 0 13
861773 0 20
863223 0 15
864721 0 23
866195 0 33
867645 0 3
869143 0 24
870617 0 19
872165 0 25
873639 0 6
875211 0 22
876734 0 25
878208 0 2
879682 0 20
881230 0 13
882753 0 18
884178 0 26
885676 0 3
887126 0 15
888673 0 18
890221 0 24
891670 0 13
893218 0 26
894692 0 10
896191 0 22
897640 0 16
899016 0 14
900465 0 20
902037 0 13
903462 0 15
904887 0 17
906361 0 32
907884 0 5
909407 0 19
911004 0 27
912453 0 7
913977 0 15
915524 0 17
916949 0 21
918521 0 29
920020 0 6
921469 0 16
922870 0 30
924294 0 12
925842 0 23
927316 0 21
928815 0 35
930362 0 6
931836 0 16
933359 0 31
934784 0 5
936258 0 23
937658 0 20
939157 0 22
955378 0 101
956901 0 101
958326 0 101
959849 0 101
961274 0 101
962723 0 101
964246 0 101
965696 0 101
967194 0 101
968668 0 101
970118 0 102
971592 0 102
973041 0 102
974589 0 102
976087 0 102
977586 0 102
979134 0 102
980681 0 103
982106 0 101
983507 0 102
984907 0 102
986307 0 102
987830 0 103
989279 0 101
990729 0 102
992129 0 103
993579 0 101
995077 0 102
996600 0 102
998001 0 102
999548 0 102
1001071 0 103
1002619 0 101
1004167 0 102
1005714 0 102
1007262 0 102
1008761 0 102
1010161 0 102
1011635 0 103
1013109 0 101
1014558 0 102
1015983 0 103
1017555 0 101
1019103 0 102
1020651 0 102
1022100 0 102
1023648 0 102
1025097 0 103
1026596 0 101
1028020 0 102
1029568 0 102
1031042 0 102
1032590 0 102
1034039 0 102
1035587 0 103
1037110 0 101
1038535 0 102
1039960 0 103
1041483 0 101
1043006 0 102
1044504 0 103
1046003 0 101
1047526 0 102
1049074 0 102
1050572 0 102
1052022 0 103
1053447 0 101
1054921 0 102
1056370 0 102
1057770 0 102
1059220 0 102
1060694 0 102
1062118 0 102
1063617 0 103
1065165 0 101
1066712 0 102
1068235 0 102
1069685 0 103
1071159 0 101
1072707 0 102
1074230 0 103
1075655 0 101
1077104 0 102
1078627 0 102
1080027 0 102
1081501 0 102
1082926 0 102
1084400 0 102
1085874 0 102
1087422 0 103
1088969 0 101
1090468 0 102
1091917 0 102
1093367 0 102
1094841 0 103
1096413 0 101
1097838 0 102
1099238 0 103
1100810 0 101
1102260 0 102
1103758 0 102
1105183 0 103
1106633 0 101
1108180 0 102
1109605 0 103
1111153 0 101
1112651 0 102
1114101 0 102
1115575 0 102
1117073 0 102
1118547 0 102
1120070 0 102
1121544 0 103
1122994 0 101
1124394 0 102
1125917 0 102
1127391 0 102
1128890 0 102
1130413 0 102
1131862 0 102
1133312 0 103
1134736 0 101
1136235 0 102
1137635 0 102
1139134 0 103
1140583 0 101
1142131 0 102
1143654 0 102
1145128 0 102
1146528 0 103
1147978 0 101
1149378 0 102
1150778 0 102
1152178 0 102
1153652 0 102
1155126 0 103
1156576 0 101
1158025 0 102
1159499 0 103
1161071 0 101
1162545 0 102
1164044 0 102
1165518 0 103
1167066 0 101
1168589 0 102
1169989 0 103
1171488 0 101
1173011 0 102
1174435 0 102
1175836 0 102
1177261 0 102
1178710 0 102
1180110 0 102
1181560 0 103
1183132 0 101
1184581 0 102
1186006 0 103
1187456 0 101
1188881 0 102
1190428 0 102
1191902 0 102
1193327 0 102
1194850 0 102
1196324 0 102
1197749 0 103
1199223 0 101
1200648 0 102
1202171 0 102
1203718 0 102
1205143 0 103
1206666 0 101
1208214 0 102
1209713 0 102
1211236 0 103
1212759 0 101
1214257 0 102
1215682 0 103
1217181 0 101
1218679 0 102
1220178 0 103
1221627 0 101
1223052 0 102
1224452 0 103
1225902 0 101
1227400 0 102
1228850 0 102
1230250 0 102
1231773 0 102
1233173 0 103
1234697 0 101
1236171 0 102
1237595 0 102
1238996 0 102
1240420 0 102
1241845 0 103
1243344 0 101
1244842 0 102
1246390 0 103
1247864 0 101
1249363 0 102
1250787 0 102
1252188 0 102
1253637 0 102
1255185 0 102
1256708 0 103
1258157 0 101
1259656 0 102
1261056 0 103
1262530 0 101
1263930 0 102
1265429 0 102
1266977 0 103
1268500 0 101
1269974 0 102
1271374 0 102
1272873 0 102
1274396 0 102
1275870 0 103
1277294 0 101
1278719 0 102
1280169 0 102
1281692 0 102
1283166 0 103
1284566 0 101
1286114 0 102
1287637 0 102
1289062 0 102
1290609 0 103
1292083 0 101
1293606 0 102
1295031 0 103
1296530 0 101
1298028 0 102
1299453 0 102
1300927 0 103
1302450 0 101
1303973 0 102
1305374 0 102
1306872 0 103
1308420 0 101
1309968 0 102
1311491 0 102
1312965 0 103
1314390 0 101
1315937 0 102
1317337 0 103
1318762 0 101
1320285 0 102
1321809 0 102
1323332 0 103
1324830 0 101
1326353 0 102
1327827 0 102
1329351 0 102
1330824 0 102
1332225 0 102
1333748 0 103
1335246 0 101
1336745 0 102
1338170 0 102
1339595 0 102
1341019 0 102
1342469 0 102
1343992 0 102
1345392 0 103
1346891 0 101
1348438 0 102
1349863 0 102
1351411 0 102
1352811 0 102
1354211 0 102
1355759 0 102
1357184 0 103
1358756 0 101
1360255 0 102
1361729 0 102
1363203 0 102
1364628 0 102
1366028 0 103
1367477 0 101
1369000 0 102
1370425 0 103
1371973 0 101
1373373 0 102
1374798 0 103
1376272 0 101
1377721 0 102
1379220 0 102
1380645 0 102
1382168 0 102
1383716 0 102
1385190 0 102
1386664 0 103
1388113 0 101
1389562 0 102
1391036 0 102
1392584 0 103
1394033 0 101
1395507 0 102
1396908 0 102
1398406 0 103
1399880 0 101
1401379 0 102
1402877 0 102
1404278 0 102
1405727 0 102
1407201 0 102
1408650 0 103
1410149 0 101
1411647 0 102
1413072 0 102
1414571 0 102
1415971 0 102
1417519 0 102
1418919 0 103
1420467 0 101
1421941 0 102
1423366 0 103
1424815 0 101
1426338 0 102
1427763 0 102
1429286 0 102
1430809 0 102
1432234 0 103
1433659 0 101
1435182 0 102
1436730 0 103
1438179 0 101
1439678 0 102
1441201 0 102
1442699 0 102
1444173 0 102
1445623 0 102
1447072 0 102
1448620 0 102
1450167 0 103
1451666 0 101
1453214 0 102
1454712 0 103
1456186 0 101
1457660 0 102
1459159 0 103
1460633 0 101
1462033 0 102
1463531 0 103
1464981 0 101
1466455 0 102
1467929 0 102
1469403 0 102
1470926 0 102
1472400 0 103
1473849 0 101
1475372 0 102
1476871 0 102
1478369 0 102
1479819 0 103
1481342 0 101
1482840 0 102
1484314 0 102
1485788 0 102
1487336 0 102
1488761 0 102
1490235 0 102
1491758 0 102
1493183 0 103
1494755 0 101
1496229 0 102
1497777 0 103
1499300 0 101
1500774 0 102
1502223 0 102
1503673 0 102
1505220 0 102
1506670 0 102
1508168 0 103
1509716 0 101
1511239 0 102
1512713 0 103
1514212 0 101
1515661 0 102
1517184 0 102
1518634 0 102
1520157 0 103
1521704 0 101
1523105 0 102
1524603 0 103
1526028 0 101
1527477 0 102
1528878 0 103
1530450 0 101
1531948 0 102
1533373 0 102
1534847 0 102
1536370 0 102
1537918 0 102
1539343 0 102
1540817 0 103
1542365 0 101
1543765 0 102
1545313 0 103
1546762 0 101
1548211 0 102
1549612 0 102
1551110 0 103
1552584 0 101
1554058 0 102
1555483 0 102
1556932 0 102
1558406 0 102
1559954 0 102
1561428 0 102
1562877 0 102
1564376 0 103
1565924 0 101
1567348 0 102
1568872 0 102
1570395 0 102
1571918 0 102
1573318 0 102
1574718 0 103
1576217 0 101
1577715 0 102
1579116 0 102
1580663 0 102
1582113 0 102
1583587 0 102
1585036 0 102
1586584 0 103
1588009 0 101
1589483 0 102
1591006 0 102
1592406 0 102
1593806 0 102
1595305 0 102
1596779 0 103
1598327 0 101
1599825 0 102
1601250 0 103
1602724 0 101
1604198 0 102
1605721 0 103
1607170 0 101
1608669 0 102
1610143 0 102
1611592 0 103
1613066 0 101
1614589 0 102
1616112 0 102
1617611 0 102
1619134 0 102
1620584 0 102
1622033 0 103
1623482 0 101
1624932 0 102
1626430 0 102
1627831 0 103
1629378 0 101
1630803 0 102
1632253 0 102
1633776 0 103
1635274 0 101
1636748 0 102
1638148 0 102
1639647 0 102
1641170 0 102
1642669 0 102
1644192 0 103
1645641 0 101
1647041 0 102
1648565 0 102
1649965 0 102
1651390 0 103
1652913 0 101
1654313 0 102
1655861 0 102
1657286 0 102
1658784 0 102
1660307 0 102
1661806 0 103
1663304 0 101
1664827 0 102
1666326 0 103
1667874 0 101
1669323 0 102
1670723 0 102
1672271 0 102
1673819 0 102
1675244 0 103
1676767 0 101
1678241 0 102
1679739 0 103
1681189 0 101
1682589 0 102
1683989 0 102
1685512 0 103
1686986 0 101
1688534 0 102
1690057 0 102
1691605 0 102
1693005 0 103
1694503 0 101
1696051 0 102
1697550 0 102
1699048 0 102
1700449 0 102
1701873 0 102
1703347 0 103
1704797 0 101
1706295 0 102
1707843 0 102
1709317 0 102
1710717 0 102
1712167 0 102
1713665 0 103
1715164 0 101
1716662 0 102
1718087 0 102
1719487 0 102
1720912 0 103
1722411 0 101
1723885 0 102
1725383 0 103
1726808 0 101
1728258 0 102
1729682 0 103
1731181 0 101
1732606 0 102
1734153 0 102
1735677 0 102
1737077 0 102
1738502 0 103
1739976 0 101
1741474 0 102
1743022 0 102
1744447 0 102
1745872 0 103
1747346 0 101
1748820 0 102
1750318 0 102
1751817 0 103
1753266 0 101
1754814 0 102
1756239 0 103
1757737 0 101
1759285 0 102
1760685 0 103
1762208 0 101
1763633 0 102
1765156 0 103
1766581 0 101
1768006 0 102
1769480 0 103
1770929 0 101
1772379 0 102
1773926 0 102
1775449 0 102
1776850 0 103
1778373 0 101
1779822 0 102
1781296 0 102
1782721 0 102
1784269 0 103
1785718 0 101
1787217 0 102
1788617 0 102
1790140 0 102
1791663 0 102
1793137 0 102
1794685 0 103
1796232 0 101
1797756 0 102
1799254 0 102
1800679 0 102
1802227 0 102
1803774 0 103
1805346 0 101
1806870 0 102
1808417 0 103
1809842 0 101
1811341 0 102
1812864 0 103
1814411 0 101
1815836 0 102
1817310 0 103
1818858 0 101
1820332 0 102
1821806 0 102
1823255 0 102
1824705 0 102
1826105 0 102
1827653 0 103
1829176 0 101
1830674 0 102
1832148 0 102
1833696 0 102
1835145 0 102
1836644 0 102
1838142 0 102
1839567 0 103
1841041 0 101
1842540 0 102
1843965 0 102
1845414 0 102
1846839 0 102
1848264 0 102
1849689 0 103
1851187 0 101
1852587 0 102
1854111 0 102
1855560 0 102
1995355 0 44
1996854 0 40
1998328 0 43
1999826 0 48
2001300 0 47
2002824 0 48
2004273 0 37
2005698 0 43
2007245 0 43
2008818 0 43
2010390 0 58
2011889 0 59
2013461 0 56
2014910 0 56
2016458 0 51
2017981 0 60
2019406 0 59
2020978 0 62
2022403 0 40
2023926 0 49
2025351 0 51
2026776 0 60
2028274 0 57
2029822 0 58
2031296 0 60
2032770 0 58
2034342 0 69
2035890 0 46
2037462 0 56
2038936 0 58
2040410 0 58
2041884 0 57
2043382 0 52
2044930 0 68
2046330 0 41
2047878 0 59
2049377 0 51
2050826 0 56
2052398 0 50
2053848 0 60
2055346 0 54
2056894 0 65
2058368 0 40
2059940 0 54
2061463 0 58
2062986 0 52
2064534 0 70
2065959 0 44
2067457 0 54
2069005 0 64
2070553 0 48
2072051 0 57
2073599 0 72
2074999 0 40
2076547 0 58
2078095 0 70
2079495 0 39
2081043 0 53
2082615 0 67
2084040 0 41
2085514 0 53
2087037 0 53
2088486 0 71
2090009 0 46
2091606 0 52
2093154 0 67
2094579 0 47
2096028 0 57
2097551 0 71
2098976 0 41
2100474 0 53
2101998 0 54
2103545 0 71
2104970 0 39
2106518 0 49
2107992 0 60
2109515 0 57
2111087 0 60
2112537 0 51
2114084 0 60
2115632 0 69
2117155 0 41
2118727 0 55
2120250 0 49
2121773 0 60
2123198 0 53
2124721 0 57
2126146 0 57
2127669 0 63
2129242 0 48
2130740 0 50
2132239 0 49
2133688 0 58
2135236 0 55
2136783 0 49
2138233 0 55
2139731 0 62
2141230 0 37
2142630 0 56
2144153 0 56
2145652 0 63
2147101 0 37
2148624 0 51
2150098 0 55
2151646 0 55
2153169 0 58
2154643 0 57
2156068 0 57
2157640 0 70
2159040 0 45
2160539 0 55
2162013 0 70
2163413 0 44
2164912 0 51
2166410 0 49
2167958 0 53
2169407 0 67
2170881 0 41
2172306 0 54
2173829 0 66
2175402 0 38
2176950 0 60
2178472 0 71
2180020 0 47
2181519 0 49
2182968 0 53
2184467 0 59
2185916 0 71
2187316 0 41
2188815 0 56
2190387 0 65
2191861 0 48
2193286 0 49
2194686 0 56
2196160 0 57
2197634 0 66
2199157 0 45
2200730 0 50
2202179 0 67
2203727 0 43
2205250 0 58
2206748 0 64
2208296 0 45
2209721 0 54
2211170 0 63
2212693 0 42
2214192 0 57
2215690 0 61
2217213 0 45
2218786 0 50
2220284 0 61
2221734 0 44
2223306 0 56
2224755 0 54
2226254 0 52
2227826 0 64
2229251 0 44
2230749 0 49
2232297 0 61
2233771 0 43
2235270 0 55
2236842 0 53
2238340 0 51
2239913 0 60
2241436 0 71
2242885 0 41
2244433 0 59
2245981 0 68
2247454 0 41
2248904 0 54
2250329 0 69
2251827 0 39
2253375 0 52
2254923 0 52
2256347 0 56
2257797 0 67
2259320 0 46
2260769 0 49
2262219 0 59
2263644 0 58
2265118 0 64
2266665 0 44
2268115 0 57
2269638 0 59
2271063 0 55
2272586 0 56
2274060 0 54
2275558 0 53
2277057 0 63
2278506 0 45
2280054 0 51
2281528 0 67
2282977 0 37
2284402 0 58
2285950 0 62
2287399 0 40
2288947 0 51
2290495 0 57
2291993 0 56
2293443 0 60
2295015 0 51
2296489 0 54
2297987 0 65
2299437 0 42
2300862 0 51
2302434 0 52
2304006 0 53
2305480 0 54
2306979 0 66
2308526 0 41
2309976 0 55
2311548 0 70
2312924 0 39
2314422 0 60
2315872 0 58
2317395 0 57
2318893 0 56
2320416 0 60
2321866 0 55
2323315 0 68
2324838 0 43
2326288 0 56
2327811 0 64
2329260 0 41
2330832 0 55
2332306 0 66
2333854 0 44
2335303 0 55
2336827 0 71
2338325 0 39
2339750 0 51
2341273 0 58
2342772 0 55
2344196 0 53
2345720 0 49
2347218 0 63
2348741 0 37
2350264 0 58
2351689 0 54
2353237 0 57
2354735 0 60
2356258 0 51
2357708 0 64
2359133 0 46
2360656 0 60
2362105 0 54
2363530 0 60
2365078 0 58
2366503 0 57
2368075 0 66
2369573 0 37
2371047 0 52
2372570 0 51
2374044 0 59
2375568 0 49
2377115 0 58
2378589 0 64
2380137 0 38
2381635 0 56
2383183 0 51
2384706 0 59
2386131 0 60
2387556 0 53
2389104 0 66
2390553 0 47
2392076 0 60
2393575 0 55
2395147 0 70
2396523 0 45
2398046 0 57
2399569 0 71
2401092 0 40
2402640 0 57
2404064 0 57
2405514 0 56
2407062 0 58
2408609 0 67
2410034 0 42
2411508 0 54
2412982 0 54
2414407 0 69
2415979 0 37
2417404 0 60
2418927 0 50
2420401 0 55
2421801 0 56
2423226 0 71
2424774 0 45
2426297 0 60
2427820 0 55
2429392 0 53
2430891 0 56
2432439 0 54
2433863 0 54
2435362 0 54
2436787 0 62
2438261 0 41
2439833 0 53
2441356 0 55
2442904 0 57
2444501 0 50
2445950 0 72
2447350 0 37
2448824 0 49
2450298 0 61
2451821 0 42
2453320 0 50
2454892 0 56
2456341 0 59
2457865 0 59
2459339 0 61
2460911 0 43
2462385 0 53
2463883 0 56
2465333 0 59
2466807 0 59
2468281 0 50
2469706 0 61
2471179 0 41
2472727 0 52
2474275 0 50
2475749 0 53
2477321 0 66
2478770 0 47
2480195 0 51
2481743 0 55
2483291 0 58
2484814 0 68
2486312 0 46
2487835 0 55
2489309 0 64
2490882 0 41
2492331 0 51
2493781 0 70
2495304 0 46
2496876 0 54
2498325 0 52
2499873 0 52
2501445 0 53
2502968 0 65
2504491 0 47
2505892 0 59
2507439 0 67
2508913 0 43
2510461 0 55
2512033 0 51
2513605 0 54
2515055 0 54
2516578 0 62
2518052 0 39
2519501 0 53
2521000 0 68
2522449 0 43
2523948 0 60
2525471 0 59
2526896 0 51
2528370 0 50
2529868 0 53
2531367 0 53
2532841 0 65
2534266 0 47
2535740 0 55
2537287 0 53
2538761 0 54
2540186 0 51
2541660 0 54
2543085 0 54
2544510 0 65
2546033 0 37
2547433 0 53
2548932 0 49
2550332 0 56
2551904 0 63
2553329 0 48
2554754 0 56
2556302 0 66
2557751 0 39
2559299 0 58
2560748 0 57
2562271 0 65
2563745 0 45
2565244 0 57
2566742 0 54
2568315 0 55
2569862 0 51
2571361 0 59
2572786 0 59
2574333 0 63
2575881 0 42
2577355 0 57
2578804 0 52
2580303 0 55
2581728 0 62
2583226 0 38
2584798 0 60
2586297 0 59
2587869 0 72
2589270 0 38
2590719 0 56
2592218 0 51
2593642 0 54
2595043 0 57
2596590 0 49
2598064 0 71
2599563 0 46
2600988 0 53
2602413 0 61
2603911 0 37
2605311 0 53
2606859 0 49
2608333 0 60
2609856 0 64
2611379 0 47
2612951 0 49
2614524 0 55
2616071 0 60
2617496 0 59
2618995 0 53
2620420 0 67
2621869 0 42
2623368 0 57
2624842 0 53
2626365 0 58
2627863 0 59
2629313 0 51
2630811 0 53
2632383 0 51
2633857 0 64
2635307 0 41
2636830 0 58
2638353 0 62
2639827 0 42
2641276 0 58
2642849 0 60
2644249 0 71
2645723 0 45
2647197 0 54
2648720 0 63
2650218 0 39
2651643 0 56
2653142 0 61
2654542 0 40
2656090 0 49
2657564 0 62
2659111 0 44
2660585 0 56
2662010 0 53
2663533 0 53
2665081 0 60
2666555 0 54
2668054 0 62
2669601 0 44
2671149 0 49
2672648 0 60
2674121 0 49
2675595 0 58
2677143 0 59
2678666 0 71
2680140 0 48
2681540 0 49
2683064 0 67
2684538 0 42
2686061 0 59
2687510 0 56
2688960 0 58
2690507 0 57
2691957 0 58
2693553 0 53
2695101 0 57
2696600 0 67
2698123 0 43
2699695 0 56
2701218 0 72
2702766 0 44
2704264 0 53
2705837 0 57
2707310 0 52
2708834 0 65
2710283 0 40
2711732 0 59
2713157 0 49
2714631 0 54
2716105 0 70
2717604 0 47
2719078 0 53
2720478 0 66
2721927 0 45
2723401 0 49
2724900 0 56
2726325 0 53
2727823 0 68
2729297 0 46
2730796 0 58
2732245 0 52
2733768 0 53
2735218 0 55
2736667 0 54
2738166 0 52
2739640 0 58
2741187 0 66
2742710 0 42
2744258 0 52
2745781 0 62
2747231 0 42
2748705 0 52
2750154 0 55
2751677 0 49
2753102 0 49
2754576 0 49
2756148 0 68
2757696 0 43
2759219 0 57
2760644 0 58
2762142 0 62
2763690 0 42
2765115 0 57
2766613 0 70
2768087 0 47
2769537 0 53
2771011 0 68
2772436 0 41
2773983 0 53
2775556 0 49
2777054 0 55
2778602 0 54
2780150 0 59
2781697 0 64
2783196 0 39
2784645 0 52
2786070 0 49
2787470 0 56
2788895 0 60
2790443 0 58
2792015 0 63
2793440 0 40
2794938 0 59
2796363 0 60
2797935 0 72
2799360 0 44
2800933 0 58
2802505 0 49
2803954 0 55
2805428 0 66
2806951 0 37
2808376 0 55
2809899 0 51
2811349 0 55
2812872 0 55
2814444 0 58
2816016 0 55
2817539 0 65
2819038 0 46
2820487 0 55
2822035 0 67
2823435 0 38
2824909 0 55
2826408 0 49
2827931 0 49
2829454 0 53
2830903 0 51
2832328 0 71
2833827 0 40
2835301 0 55
2836775 0 72
2838224 0 46
2839698 0 55
2841221 0 65
2842695 0 46
2844120 0 51
2845545 0 56
2847043 0 69
2848517 0 37
2849991 0 49
2851416 0 54
2852866 0 67
2854413 0 43
2855863 0 51
2857337 0 50
2858811 0 55
2860285 0 57
2861759 0 60
2863306 0 60
2864756 0 63
2866230 0 42
2867728 0 59
2869227 0 59
2870701 0 66
2872101 0 42
2873526 0 52
2875000 0 61
2876523 0 37
2877948 0 59
2879520 0 67
2881043 0 45
2882591 0 55
2884065 0 51
2885637 0 58
2887160 0 58
2888659 0 49
2890059 0 61
2891607 0 46
2893056 0 60
2894628 0 56
2896176 0 54
2897625 0 50
2899050 0 69
2900573 0 37
2902047 0 49
2903546 0 52
2904946 0 60
3008710 0 104
3010184 0 104
3011658 0 104
3013206 0 104
3014655 0 104
3016104 0 104
3017652 0 104
3019126 0 104
3020674 0 104
3022172 0 104
3023573 0 105
3025046 0 105
3026594 0 105
3028068 0 105
3029616 0 106
3031065 0 104
3032515 0 105
3033915 0 105
3035487 0 105
3037010 0 106
3038533 0 104
3039983 0 105
3041457 0 106
3042882 0 104
3044356 0 105
3045805 0 105
3047230 0 105
3048630 0 105
3050153 0 106
3051676 0 104
3053175 0 105
3054575 0 105
3056098 0 105
3057548 0 106
3059046 0 104
3060520 0 105
3062043 0 105
3063517 0 105
3065065 0 105
3066588 0 106
3068037 0 104
3069511 0 105
3070912 0 106
3072337 0 104
3073884 0 105
3075383 0 105
3076857 0 105
3078380 0 105
3079928 0 105
3081402 0 105
3082974 0 105
3084374 0 106
3085848 0 104
3087297 0 105
3088845 0 105
3090417 0 105
3091867 0 105
3093292 0 105
3094790 0 105
3096215 0 106
3097738 0 104
3099163 0 105
3100661 0 105
3102135 0 105
3103683 0 106
3105182 0 104
3106705 0 105
3108252 0 105
3109726 0 105
3111274 0 105
3112674 0 106
3114148 0 104
3115696 0 105
3117244 0 105
3118669 0 105
3120118 0 105
3121567 0 106
3123115 0 104
3124638 0 105
3126112 0 106
3127537 0 104
3129011 0 105
3130436 0 105
3131934 0 105
3133433 0 105
3134858 0 106
3136258 0 104
3137683 0 105
3139231 0 106
3140778 0 104
3142301 0 105
3143824 0 105
3145225 0 105
3146674 0 106
3148173 0 104
3149597 0 105
3150998 0 105
3152472 0 105
3153921 0 105
3155444 0 106
3156943 0 104
3158392 0 105
3159866 0 105
3161414 0 106
3162962 0 104
3164509 0 105
3165909 0 106
3167433 0 104
3168956 0 105
3170430 0 106
3171953 0 104
3173451 0 105
3174852 0 105
3176276 0 105
3177775 0 105
3179323 0 105
3180846 0 105
3182369 0 106
3183818 0 104
3185317 0 105
3186717 0 105
3188117 0 105
3189518 0 106
3190943 0 104
3192343 0 105
3193915 0 105
3195438 0 105
3196888 0 105
3198386 0 106
3199934 0 104
3201359 0 105
3202783 0 105
3204331 0 106
3205781 0 104
3207328 0 105
3208876 0 105
3210374 0 105
3211898 0 105
3213470 0 105
3214944 0 106
3216442 0 104
3217867 0 105
3219341 0 106
3220864 0 104
3222412 0 105
3223837 0 105
3225262 0 106
3226736 0 104
3228259 0 105
3229659 0 106
3231084 0 104
3232582 0 105
3234056 0 105
3235579 0 105
3237029 0 106
3238503 0 104
3239977 0 105
3241451 0 105
3242998 0 106
3244546 0 104
3245946 0 105
3247371 0 105
3248771 0 105
3250319 0 105
3251818 0 105
3253218 0 106
3254741 0 104
3256215 0 105
3257763 0 106
3259237 0 104
3260809 0 105
3262381 0 106
3263880 0 104
3265354 0 105
3266901 0 106
3268449 0 104
3269898 0 105
3271446 0 105
3272994 0 105
3274517 0 106
3276065 0 104
3277588 0 105
3279086 0 105
3280511 0 105
3282010 0 105
3283459 0 106
3284958 0 104
3286432 0 105
3287881 0 106
3289429 0 104
3290854 0 105
3292401 0 105
3293900 0 105
3295447 0 106
3296921 0 104
3298395 0 105
3299820 0 106
3301368 0 104
3302817 0 105
3304291 0 106
3305692 0 104
3307239 0 105
3308713 0 105
3310236 0 105
3311784 0 105
3313184 0 105
3314609 0 106
3316132 0 104
3317680 0 105
3319154 0 105
3320677 0 105
3322126 0 105
3323527 0 106
3325099 0 104
3326548 0 105
3328071 0 106
3329496 0 104
3331044 0 105
3332542 0 106
3334066 0 104
3335515 0 105
3337038 0 105
3338438 0 105
3339912 0 105
3341313 0 105
3342836 0 106
3344383 0 104
3345857 0 105
3347356 0 105
3348879 0 105
3350427 0 106
3351925 0 104
3353375 0 105
3354800 0 105
3356323 0 105
3357747 0 105
3359246 0 105
3360769 0 105
3362243 0 106
3363766 0 104
3365265 0 105
3366665 0 105
3368139 0 105
3369687 0 105
3371112 0 105
3372635 0 105
3374060 0 106
3375607 0 104
3377130 0 105
3378678 0 106
3380103 0 104
3381626 0 105
3383026 0 106
3384574 0 104
3386048 0 105
3387473 0 105
3388996 0 105
3390445 0 106
3391993 0 104
3393442 0 105
3394941 0 105
3396390 0 105
3397938 0 106
3399510 0 104
3401009 0 105
3402507 0 105
3403932 0 105
3405431 0 105
3406978 0 105
3408428 0 105
3409902 0 106
3411327 0 104
3412874 0 105
3414373 0 106
3415822 0 104
3417222 0 105
3418647 0 105
3420170 0 105
3421595 0 105
3423045 0 106
3424568 0 104
3426042 0 105
3427540 0 106
3429014 0 104
3430439 0 105
3431938 0 106
3433362 0 104
3434763 0 105
3436188 0 105
3437588 0 105
3439013 0 105
3440462 0 105
3441961 0 106
3443435 0 104
3444884 0 105
3446309 0 105
3447807 0 105
3449208 0 106
3450682 0 104
3452131 0 105
3453556 0 106
3455054 0 104
3456602 0 105
3458125 0 105
3459624 0 106
3461049 0 104
3462473 0 105
3464046 0 105
3465618 0 105
3467116 0 105
3468664 0 105
3470187 0 106
3471612 0 104
3473037 0 105
3474585 0 106
3476059 0 104
3477533 0 105
3479080 0 106
3480579 0 104
3482028 0 105
3483428 0 106
3484878 0 104
3486303 0 105
3487728 0 106
3489152 0 104
3490676 0 105
3492125 0 106
3493599 0 104
3495073 0 105
3496498 0 105
3497947 0 106
3499397 0 104
3500944 0 105
3502443 0 105
3503892 0 106
3505440 0 104
3506914 0 105
3508437 0 105
3509936 0 105
3511360 0 106
3512859 0 104
3514358 0 105
3515905 0 105
3517379 0 105
3518878 0 105
3520327 0 105
3521826 0 106
3523275 0 104
3524798 0 105
3526272 0 105
3527820 0 105
3529220 0 105
3530743 0 105
3532266 0 106
3533765 0 104
3535263 0 105
3536737 0 105
3538260 0 105
3539710 0 105
3541159 0 106
3542584 0 104
3544033 0 105
3545483 0 105
3546957 0 105
3548431 0 106
3549856 0 104
3551305 0 105
3552828 0 105
3554228 0 105
3555629 0 105
3557152 0 106
3558626 0 104
3560026 0 105
3561476 0 106
3562974 0 104
3564522 0 105
3565996 0 105
3567494 0 105
3568993 0 106
3570418 0 104
3571941 0 105
3573415 0 106
3574889 0 104
3576314 0 105
3577861 0 105
3579360 0 105
3580834 0 105
3582234 0 105
3583683 0 105
3585256 0 106
3586803 0 104
3588253 0 105
3589702 0 106
3591176 0 104
3592675 0 105
3594222 0 105
3595696 0 105
3597146 0 106
3598669 0 104
3600094 0 105
3601641 0 106
3603115 0 104
3604540 0 105
3606039 0 106
3607488 0 104
3609036 0 105
3610559 0 105
3612033 0 105
3613507 0 105
3614932 0 106
3616479 0 104
3617929 0 105
3619477 0 106
3620975 0 104
3622449 0 105
3623898 0 106
3625323 0 104
3626724 0 105
3628271 0 105
3629745 0 105
3631244 0 105
3632693 0 105
3634167 0 105
3635641 0 106
3637066 0 104
3638515 0 105
3639989 0 105
3641463 0 105
3642986 0 105
3644485 0 106
3646033 0 104
3647458 0 105
3648907 0 105
3650307 0 105
3651781 0 105
3653231 0 105
3654631 0 105
3656154 0 106
3657554 0 104
3658955 0 105
3660453 0 105
3661902 0 105
3663401 0 105
3664826 0 105
3666349 0 106
3667921 0 104
3669395 0 105
3670869 0 105
3672441 0 105
3673891 0 105
3675340 0 105
3676741 0 105
3678288 0 106
3679836 0 104
3681236 0 105
3682710 0 105
3684209 0 105
3685683 0 105
3687181 0 106
3688753 0 104
3690252 0 105
3691677 0 106
3693126 0 104
3694649 0 105
3696148 0 105
3697597 0 105
3699096 0 106
3700594 0 104
3702044 0 105
3703542 0 105
3704967 0 105
3706392 0 105
3707866 0 105
3709389 0 106
3710838 0 104
3712263 0 105
3713664 0 105
3715187 0 106
3716636 0 104
3718061 0 105
3719584 0 105
3720984 0 106
3722532 0 104
3724080 0 105
3725505 0 106
3727028 0 104
3728452 0 105
3729877 0 105
3731400 0 105
3732874 0 105
3734348 0 105
3735871 0 105
3737272 0 106
3738746 0 104
3740220 0 105
3741743 0 106
3743192 0 104
3744740 0 105
3746214 0 105
3747639 0 105
3749186 0 105
3750611 0 105
3752012 0 106
3753559 0 104
3755009 0 105
3756507 0 106
3758055 0 104
3759455 0 105
3760978 0 105
3762501 0 105
3763951 0 105
3765474 0 105
3766874 0 105
3768348 0 106
3769896 0 104
3771370 0 105
3772917 0 105
3774367 0 105
3775792 0 105
3777290 0 106
3778740 0 104
3780263 0 105
3781737 0 105
3783260 0 105
3784758 0 105
3786306 0 105
3787805 0 105
3789279 0 106
3790703 0 104
3792202 0 105
3793725 0 105
3795125 0 105
3796575 0 106
3797975 0 104
3799474 0 105
3800923 0 105
3802397 0 105
3803920 0 105
3805443 0 105
3806942 0 105
3808416 0 106
3809816 0 104
3811241 0 105
3812788 0 105
3814213 0 106
3815663 0 104
3817088 0 105
3818537 0 105
3820011 0 105
3821509 0 105
3823033 0 106
3824580 0 104
3826054 0 105
3827479 0 105
3829027 0 105
3830452 0 106
3831999 0 104
3833498 0 105
3834996 0 105
3836519 0 105
3837993 0 105
3839394 0 106
3840941 0 104
3842366 0 105
3843914 0 105
3845363 0 106
3846886 0 104
3848336 0 105
3849810 0 105
3851308 0 106
3852831 0 104
3854355 0 105
3855755 0 106
3857253 0 104
3858727 0 105
3860201 0 105
3861651 0 105
3863198 0 105
3864672 0 105
3866220 0 105
3867645 0 106
3869070 0 104
3870568 0 105
3871969 0 105
3873443 0 105
3874917 0 105
3876440 0 105
3877938 0 105
3879437 0 105
3880960 0 106
3882385 0 104
3883810 0 105
3885308 0 105
3886782 0 105
3888231 0 105
3889730 0 106
3891253 0 104
3892801 0 105
3894373 0 106
3895872 0 104
3897296 0 105
3898795 0 106
3900269 0 104
3901767 0 105
3903217 0 105
3904691 0 105
3906091 0 106
3907565 0 104
3908965 0 105
3910513 0 105
