31066 0 1
32540 0 4
33940 0 7
35488 0 6
36913 0 12
38313 0 5
39762 0 1
41187 0 12
42686 0 4
44086 0 4
45462 0 16
46887 0 17
48410 0 20
49834 0 14
51358 0 31
52832 0 9
54256 0 14
55730 0 27
57180 0 6
58654 0 14
60152 0 29
61553 0 6
63051 0 22
64501 0 25
65950 0 7
67375 0 13
68922 0 18
70446 0 22
71944 0 18
73443 0 21
74892 0 34
76341 0 7
77791 0 16
79289 0 21
80813 0 14
82237 0 27
83662 0 9
85234 0 15
86659 0 13
88060 0 32
89509 0 9
91057 0 24
92482 0 19
94054 0 13
95528 0 20
97075 0 23
98500 0 25
99974 0 4
101399 0 19
102947 0 17
104494 0 28
106067 0 12
107614 0 21
109064 0 20
110513 0 18
111938 0 18
113461 0 17
114886 0 20
116458 0 27
117908 0 4
119332 0 20
120806 0 17
122305 0 15
123730 0 17
125130 0 22
126653 0 14
128152 0 23
129650 0 36
131100 0 6
132623 0 13
134097 0 21
135546 0 21
137020 0 27
138519 0 10
140091 0 24
141491 0 25
142990 0 12
144488 0 15
145913 0 23
147313 0 13
148738 0 18
150286 0 29
151809 0 4
153234 0 15
154708 0 36
156206 0 7
157680 0 15
159228 0 34
160653 0 5
162102 0 21
163675 0 27
165198 0 1
166696 0 19
168269 0 17
169792 0 18
171315 0 24
172862 0 15
174287 0 25
175810 0 6
177284 0 17
178807 0 23
180281 0 26
181755 0 12
183279 0 14
184777 0 14
186177 0 28
187676 0 7
189101 0 13
190624 0 23
192098 0 34
193596 0 1
194997 0 15
196421 0 20
197945 0 21
199419 0 25
200893 0 6
202342 0 21
203816 0 26
205314 0 11
206838 0 23
208287 0 21
209859 0 13
211259 0 20
212733 0 23
214257 0 27
215804 0 5
217327 0 20
218826 0 16
220202 0 17
221602 0 18
223076 0 15
224501 0 34
225926 0 4
227301 0 22
228726 0 16
230225 0 20
231797 0 13
233320 0 24
234794 0 16
236268 0 36
237717 0 9
239142 0 19
240641 0 21
242188 0 23
243662 0 20
245186 0 27
246586 0 8
248133 0 15
249681 0 29
251180 0 8
252703 0 14
254128 0 20
255577 0 36
257149 0 2
258672 0 15
260146 0 27
261694 0 4
263119 0 16
264495 0 24
265969 0 29
267443 0 11
268892 0 14
270415 0 24
271815 0 15
273240 0 26
274690 0 4
276065 0 15
277490 0 15
279013 0 17
280512 0 22
282060 0 24
283509 0 14
285032 0 28
286555 0 8
288103 0 16
289528 0 19
291026 0 15
292574 0 30
294072 0 8
295645 0 14
297070 0 19
298617 0 14
300116 0 15
301516 0 15
302965 0 20
304464 0 14
305864 0 32
307412 0 11
308886 0 18
310409 0 16
311834 0 21
313283 0 17
314757 0 14
316182 0 18
317631 0 27
319130 0 4
320555 0 24
322103 0 19
323577 0 34
325075 0 12
326549 0 15
327998 0 18
329497 0 22
330996 0 16
332420 0 24
333943 0 30
335319 0 4
336769 0 24
338193 0 19
339692 0 22
341240 0 23
342738 0 27
344261 0 4
345735 0 21
347234 0 18
348683 0 17
350231 0 13
351754 0 25
353253 0 11
354677 0 13
356151 0 14
357625 0 26
359148 0 1
360598 0 21
362023 0 24
363472 0 16
364897 0 22
366420 0 19
367943 0 16
369442 0 19
371014 0 28
372513 0 3
373962 0 21
375387 0 32
376812 0 2
378359 0 13
379760 0 25
381258 0 3
382757 0 23
384206 0 27
385705 0 8
387154 0 22
388603 0 23
390053 0 32
391502 0 11
392952 0 16
394475 0 29
395924 0 6
397374 0 15
398823 0 15
400248 0 29
401697 0 12
403147 0 20
404694 0 18
406242 0 16
407642 0 36
409067 0 8
410639 0 15
412064 0 32
413489 0 1
414988 0 16
416437 0 26
417911 0 6
419483 0 15
420884 0 36
422456 0 10
423979 0 13
425404 0 31
426853 0 10
428425 0 24
429875 0 23
431398 0 15
432798 0 25
434297 0 6
435844 0 13
437368 0 24
438841 0 20
440365 0 18
441912 0 14
443362 0 33
444787 0 4
446236 0 17
447784 0 19
449208 0 25
450756 0 10
452304 0 22
453753 0 18
455227 0 23
456775 0 15
458298 0 24
459797 0 36
461320 0 2
462744 0 24
464145 0 16
465668 0 35
467142 0 7
468616 0 23
470163 0 15
471613 0 21
473111 0 30
474561 0 11
476059 0 20
477509 0 20
478958 0 19
480383 0 13
481882 0 32
483282 0 10
484854 0 17
486353 0 26
487753 0 12
489178 0 23
490627 0 23
492150 0 13
493698 0 18
495270 0 33
496793 0 6
498267 0 19
499790 0 13
501240 0 16
502763 0 30
504261 0 9
505785 0 13
507259 0 33
508708 0 12
510182 0 21
511631 0 23
513130 0 20
514604 0 32
516004 0 9
517552 0 15
519001 0 19
520524 0 19
522047 0 18
523521 0 28
524971 0 10
526396 0 18
527821 0 21
529295 0 17
530818 0 23
532267 0 20
533716 0 30
535190 0 5
536689 0 16
538089 0 22
539563 0 23
541013 0 31
542462 0 1
543887 0 20
545385 0 31
546958 0 9
548505 0 21
549979 0 30
551478 0 7
553050 0 20
554549 0 29
556072 0 9
557570 0 19
559044 0 26
560518 0 10
561968 0 14
563466 0 17
564916 0 16
566316 0 22
567888 0 23
569387 0 16
570762 0 25
572335 0 9
573809 0 16
575233 0 23
576634 0 19
578132 0 20
579557 0 16
581056 0 34
582530 0 11
584077 0 15
585551 0 24
586976 0 23
588524 0 27
590072 0 2
591570 0 14
593093 0 27
594543 0 4
595943 0 17
597368 0 36
598891 0 3
600340 0 15
601741 0 26
603165 0 6
604738 0 17
606236 0 15
607686 0 16
609086 0 14
610535 0 32
612034 0 8
613532 0 17
615055 0 27
616456 0 7
617881 0 13
619330 0 23
620779 0 34
622229 0 6
623752 0 21
625177 0 26
626675 0 7
628248 0 19
629672 0 22
631171 0 19
632620 0 24
634143 0 22
635667 0 19
637190 0 30
638639 0 12
640113 0 20
641636 0 23
643110 0 24
644560 0 15
646083 0 18
647630 0 21
649055 0 18
650603 0 30
652052 0 5
653575 0 19
655098 0 14
656597 0 27
658071 0 4
659594 0 13
661044 0 22
662517 0 20
664041 0 16
665564 0 16
667062 0 19
668610 0 15
670035 0 28
671509 0 7
673032 0 15
674432 0 19
675882 0 35
677331 0 11
678879 0 17
680402 0 21
681876 0 16
683350 0 20
684897 0 19
686347 0 26
687796 0 10
689270 0 23
690720 0 26
692120 0 7
693643 0 20
695191 0 28
696689 0 8
698261 0 17
699686 0 28
701185 0 8
702782 0 13
704329 0 16
705705 0 15
707253 0 14
708678 0 24
710078 0 32
711503 0 3
712927 0 16
714451 0 18
715900 0 14
717423 0 15
718897 0 13
720371 0 26
721870 0 2
723344 0 22
724842 0 22
726292 0 17
727790 0 17
729264 0 13
730664 0 29
732089 0 6
733539 0 15
734988 0 23
736511 0 16
738034 0 32
739435 0 7
740982 0 17
742407 0 35
743906 0 4
745355 0 19
746804 0 35
748352 0 3
749777 0 18
751251 0 18
752823 0 27
754346 0 8
755894 0 16
757368 0 19
758842 0 13
760365 0 32
761913 0 3
763362 0 14
764811 0 17
766310 0 17
767858 0 17
769356 0 17
770879 0 18
772452 0 35
773975 0 7
775547 0 17
776972 0 21
778470 0 16
779920 0 27
781345 0 9
782794 0 23
784194 0 27
785742 0 1
787290 0 21
788813 0 17
790213 0 13
791736 0 14
793259 0 20
794782 0 21
796207 0 35
797681 0 12
799155 0 24
800580 0 23
802078 0 21
803651 0 33
805198 0 12
806648 0 22
808220 0 16
809743 0 23
811291 0 16
812716 0 31
814288 0 3
815836 0 15
817383 0 23
818906 0 24
820356 0 18
821854 0 21
823328 0 27
824802 0 12
826203 0 24
827701 0 26
829077 0 11
830526 0 16
831902 0 23
833327 0 35
834825 0 7
836398 0 16
837847 0 25
839346 0 1
840844 0 20
842392 0 17
843915 0 19
845438 0 21
846887 0 14
848337 0 19
849835 0 19
851358 0 27
852832 0 7
854282 0 23
855805 0 32
857328 0 9
858802 0 16
860350 0 31
861775 0 7
863347 0 21
864919 0 26
866393 0 4
867769 0 24
869292 0 21
870741 0 17
872240 0 19
873763 0 33
875261 0 6
876711 0 22
878234 0 24
879659 0 24
881157 0 18
882631 0 15
884105 0 27
885604 0 8
887201 0 23
888699 0 16
890099 0 14
891573 0 21
892998 0 36
894497 0 10
895995 0 23
897469 0 22
898894 0 14
900368 0 23
901891 0 20
903365 0 25
904888 0 8
906387 0 15
907812 0 36
909237 0 3
910760 0 22
912185 0 16
913634 0 15
915108 0 34
916582 0 11
918056 0 16
919505 0 15
920979 0 18
922404 0 16
923854 0 15
925328 0 30
926777 0 2
928202 0 14
929676 0 23
931150 0 23
932599 0 24
946655 0 101
948105 0 101
949554 0 101
951004 0 101
952453 0 101
953902 0 101
955327 0 101
956850 0 101
958300 0 101
959774 0 101
961199 0 102
962673 0 102
964196 0 102
965621 0 102
967070 0 102
968544 0 102
969944 0 103
971492 0 101
972917 0 102
974342 0 103
975865 0 101
977290 0 102
978764 0 103
980188 0 101
981662 0 102
983161 0 102
984561 0 103
986011 0 101
987558 0 102
989032 0 102
990506 0 102
992054 0 102
993479 0 102
995002 0 103
996451 0 101
997852 0 102
999399 0 102
1000922 0 102
1002470 0 102
1003895 0 103
1005344 0 101
1006794 0 102
1008341 0 103
1009864 0 101
1011314 0 102
1012788 0 103
1014262 0 101
1015662 0 102
1017087 0 102
1018561 0 102
1020035 0 102
1021583 0 103
1023032 0 101
1024555 0 102
1026029 0 102
1027577 0 102
1028977 0 103
1030402 0 101
1031950 0 102
1033448 0 103
1034947 0 101
1036396 0 102
1037870 0 103
1039369 0 101
1040793 0 102
1042292 0 102
1043741 0 103
1045289 0 101
1046738 0 102
1048188 0 102
1049588 0 103
1051062 0 101
1052585 0 102
1053986 0 102
1055410 0 102
1056934 0 102
1058358 0 103
1059881 0 101
1061380 0 102
1062805 0 102
1064279 0 102
1065802 0 103
1067276 0 101
1068701 0 102
1070101 0 103
1071526 0 101
1073049 0 102
1074572 0 102
1075972 0 102
1077495 0 102
1078994 0 102
1080419 0 103
1081942 0 101
1083465 0 102
1084865 0 102
1086388 0 102
1087838 0 102
1089238 0 102
1090712 0 102
1092137 0 102
1093611 0 103
1095183 0 101
1096608 0 102
1098008 0 102
1099433 0 103
1100907 0 101
1102381 0 102
1103929 0 102
1105452 0 102
1106901 0 103
1108424 0 101
1109849 0 102
1111372 0 103
1112846 0 101
1114271 0 102
1115794 0 103
1117293 0 101
1118791 0 102
1120265 0 102
1121739 0 102
1123189 0 102
1124614 0 102
1126063 0 103
1127537 0 101
1129060 0 102
1130608 0 102
1132106 0 102
1133531 0 102
1135079 0 103
1136626 0 101
1138100 0 102
1139624 0 103
1141098 0 101
1142498 0 102
1144045 0 102
1145593 0 103
1147116 0 101
1148517 0 102
1150015 0 102
1151415 0 102
1152865 0 102
1154363 0 102
1155862 0 102
1157385 0 103
1158933 0 101
1160431 0 102
1161856 0 102
1163256 0 102
1164755 0 103
1166229 0 101
1167678 0 102
1169177 0 102
1170651 0 103
1172198 0 101
1173599 0 102
1175122 0 102
1176620 0 102
1178045 0 102
1179445 0 102
1180919 0 102
1182393 0 103
1183966 0 101
1185366 0 102
1186840 0 102
1188314 0 103
1189886 0 101
1191311 0 102
1192736 0 102
1194185 0 102
1195610 0 102
1197133 0 103
1198681 0 101
1200106 0 102
1201653 0 102
1203201 0 102
1204650 0 103
1206198 0 101
1207598 0 102
1209097 0 102
1210596 0 102
1212119 0 102
1213593 0 103
1215067 0 101
1216614 0 102
1218162 0 102
1219710 0 102
1221110 0 103
1222559 0 101
1224058 0 102
1225483 0 102
1226957 0 102
1228382 0 102
1229905 0 102
1231428 0 102
1232926 0 102
1234425 0 103
1235923 0 101
1237373 0 102
1238871 0 102
1240345 0 102
1241868 0 102
1243293 0 102
1244694 0 103
1246118 0 101
1247617 0 102
1249017 0 103
1250589 0 101
1252088 0 102
1253611 0 102
1255060 0 102
1256510 0 102
1258008 0 103
1259532 0 101
1261006 0 102
1262406 0 103
1263978 0 101
1265403 0 102
1266877 0 102
1268326 0 103
1269776 0 101
1271201 0 102
1272625 0 102
1274099 0 102
1275573 0 103
1276998 0 101
1278497 0 102
1279922 0 103
1281396 0 101
1282919 0 102
1284417 0 102
1285965 0 103
1287463 0 101
1288864 0 102
1290362 0 102
1291763 0 102
1293261 0 103
1294833 0 101
1296234 0 102
1297757 0 103
1299182 0 101
1300606 0 102
1302129 0 102
1303579 0 102
1305004 0 102
1306404 0 102
1307853 0 103
1309401 0 101
1310826 0 102
1312374 0 102
1313921 0 102
1315371 0 102
1316771 0 102
1318270 0 102
1319743 0 103
1321291 0 101
1322741 0 102
1324288 0 103
1325787 0 101
1327236 0 102
1328735 0 103
1330209 0 101
1331609 0 102
1333083 0 102
1334631 0 102
1336178 0 103
1337701 0 101
1339151 0 102
1340551 0 102
1342025 0 103
1343548 0 101
1344949 0 102
1346447 0 103
1347921 0 101
1349346 0 102
1350795 0 102
1352294 0 102
1353719 0 102
1355168 0 102
1356691 0 103
1358263 0 101
1359737 0 102
1361162 0 102
1362587 0 102
1363987 0 102
1365535 0 102
1366935 0 102
1368458 0 103
1370031 0 101
1371529 0 102
1372979 0 103
1374428 0 101
1375927 0 102
1377474 0 103
1378899 0 101
1380324 0 102
1381773 0 103
1383247 0 101
1384770 0 102
1386244 0 102
1387768 0 103
1389266 0 101
1390740 0 102
1392288 0 103
1393762 0 101
1395285 0 102
1396759 0 102
1398282 0 103
1399731 0 101
1401205 0 102
1402630 0 102
1404178 0 102
1405578 0 103
1407077 0 101
1408600 0 102
1410147 0 103
1411720 0 101
1413144 0 102
1414618 0 102
1416019 0 103
1417493 0 101
1418942 0 102
1420441 0 103
1421939 0 101
1423487 0 102
1424912 0 102
1426459 0 102
1427884 0 103
1429432 0 101
1430857 0 102
1432282 0 103
1433706 0 101
1435180 0 102
1436728 0 103
1438251 0 101
1439652 0 102
1441199 0 103
1442771 0 101
1444221 0 102
1445744 0 103
1447242 0 101
1448790 0 102
1450313 0 103
1451861 0 101
1453409 0 102
1454907 0 102
1456455 0 102
1457855 0 102
1459354 0 103
1460877 0 101
1462351 0 102
1463800 0 103
1465299 0 101
1466699 0 102
1468173 0 103
1469721 0 101
1471195 0 102
1472742 0 103
1474265 0 101
1475715 0 102
1477238 0 102
1478736 0 102
1480260 0 102
1481660 0 102
1483208 0 102
1484657 0 103
1486131 0 101
1487679 0 102
1489177 0 102
1490676 0 102
1492101 0 102
1493525 0 102
1495048 0 103
1496498 0 101
1497996 0 102
1499544 0 102
1501092 0 102
1502492 0 102
1503917 0 103
1505391 0 101
1506791 0 102
1508241 0 103
1509739 0 101
1511213 0 102
1512736 0 103
1514284 0 101
1515832 0 102
1517256 0 102
1518681 0 102
1520106 0 102
1521506 0 102
1523029 0 103
1524602 0 101
1526125 0 102
1527574 0 102
1529048 0 102
1530547 0 103
1532070 0 101
1533544 0 102
1535067 0 102
1536516 0 102
1538039 0 102
1539538 0 102
1540938 0 102
1542461 0 102
1543862 0 103
1545434 0 101
1546859 0 102
1548357 0 102
1549856 0 103
1551404 0 101
1552877 0 102
1554425 0 102
1555899 0 102
1557398 0 102
1558847 0 102
1560321 0 103
1561746 0 101
1563220 0 102
1564768 0 102
1566217 0 102
1567617 0 102
1569067 0 103
1570516 0 101
1571916 0 102
1573317 0 102
1574815 0 103
1576240 0 101
1577689 0 102
1579139 0 102
1580564 0 102
1582062 0 102
1583561 0 102
1584986 0 103
1586533 0 101
1588007 0 102
1589506 0 102
1591029 0 102
1592552 0 102
1594100 0 102
1595647 0 102
1597146 0 102
1598694 0 103
1600266 0 101
1601740 0 102
1603140 0 102
1604565 0 102
1606039 0 103
1607537 0 101
1609085 0 102
1610485 0 102
1612009 0 102
1613458 0 103
1614883 0 101
1616332 0 102
1617757 0 103
1619280 0 101
1620803 0 102
1622204 0 102
1623751 0 102
1625201 0 102
1626625 0 103
1628075 0 101
1629598 0 102
1631023 0 102
1632472 0 102
1633872 0 102
1635297 0 102
1636771 0 102
1638294 0 102
1639793 0 103
1641365 0 101
1642765 0 102
1644264 0 102
1645738 0 103
1647212 0 101
1648637 0 102
1650037 0 102
1651438 0 102
1652985 0 103
1654484 0 101
1655933 0 102
1657432 0 102
1658979 0 102
1660527 0 102
1662001 0 102
1663549 0 103
1665121 0 101
1666668 0 102
1668142 0 102
1669567 0 102
1671017 0 103
1672442 0 101
1673965 0 102
1675463 0 102
1676986 0 102
1678534 0 102
1680057 0 102
1681507 0 103
1683079 0 101
1684553 0 102
1686100 0 102
1687599 0 102
1689098 0 102
1690547 0 102
1692021 0 103
1693544 0 101
1694944 0 102
1696467 0 102
1697941 0 102
1699489 0 102
1701037 0 102
1702486 0 102
1704009 0 103
1705557 0 101
1707080 0 102
1708480 0 103
1710053 0 101
1711502 0 102
1713050 0 102
1714499 0 102
1715973 0 102
1717496 0 103
1719044 0 101
1720469 0 102
1721869 0 102
1723269 0 102
1724669 0 102
1726168 0 103
1727568 0 101
1729116 0 102
1730664 0 103
1732088 0 101
1733513 0 102
1734938 0 102
1736461 0 102
1737960 0 103
1739458 0 101
1740981 0 102
1742406 0 102
1743807 0 102
1745281 0 102
1746705 0 103
1748204 0 101
1749752 0 102
1751250 0 102
1752700 0 102
1754223 0 103
1755648 0 101
1757122 0 102
1758645 0 102
1760045 0 102
1761445 0 102
1762968 0 102
1764418 0 103
1765965 0 101
1767366 0 102
1768815 0 103
1770314 0 101
1771738 0 102
1773286 0 102
1774711 0 102
1776234 0 103
1777782 0 101
1779305 0 102
1780754 0 103
1782179 0 101
1783629 0 102
1785053 0 102
1786576 0 102
1788124 0 102
1789623 0 102
1791097 0 103
1792546 0 101
1794094 0 102
1795519 0 102
1796968 0 102
1798516 0 102
1800039 0 102
1801488 0 103
1802913 0 101
1804412 0 102
1805886 0 102
1807286 0 103
1808784 0 101
1810185 0 102
1811610 0 102
1813108 0 103
1814582 0 101
1815982 0 102
1817456 0 102
1818979 0 102
1820527 0 102
1821976 0 103
1823401 0 101
1824900 0 102
1826423 0 102
1827848 0 102
1829273 0 102
1830820 0 102
1832245 0 102
1833793 0 103
1835267 0 101
1836790 0 102
1838239 0 102
1839640 0 102
1841064 0 102
1842465 0 102
1843963 0 103
1845437 0 101
1846911 0 102
1968922 0 48
1970396 0 37
1971919 0 41
1973368 0 47
1974867 0 44
1976390 0 41
1977938 0 39
1979485 0 37
1981058 0 45
1982556 0 47
1984104 0 51
1985602 0 55
1987125 0 58
1988575 0 50
1990024 0 61
1991572 0 44
1993046 0 59
1994471 0 65
1995969 0 38
1997394 0 59
1998844 0 59
2000318 0 50
2001792 0 51
2003364 0 61
2004838 0 47
2006287 0 51
2007786 0 50
2009284 0 66
2010709 0 41
2012134 0 60
2013682 0 56
2015106 0 58
2016679 0 52
2018202 0 72
2019602 0 45
2021076 0 60
2022624 0 61
2024098 0 48
2025523 0 51
2027095 0 52
2028593 0 60
2030018 0 51
2031566 0 52
2032991 0 63
2034514 0 45
2036061 0 56
2037535 0 51
2039059 0 49
2040533 0 53
2041933 0 69
2043480 0 39
2044979 0 51
2046428 0 51
2047952 0 56
2049376 0 60
2050850 0 54
2052398 0 72
2053847 0 39
2055346 0 51
2056894 0 63
2058392 0 42
2059817 0 54
2061340 0 49
2062888 0 67
2064337 0 48
2065860 0 58
2067408 0 59
2068907 0 56
2070454 0 51
2072026 0 58
2073623 0 67
2075097 0 39
2076620 0 59
2078168 0 49
2079667 0 52
2081165 0 50
2082639 0 53
2084138 0 54
2085562 0 60
2087036 0 63
2088535 0 38
2089985 0 55
2091532 0 58
2093006 0 67
2094431 0 42
2095954 0 56
2097428 0 60
2098877 0 52
2100401 0 51
2101973 0 54
2103398 0 52
2104847 0 69
2106272 0 39
2107770 0 52
2109269 0 60
2110767 0 64
2112241 0 47
2113666 0 58
2115239 0 57
2116713 0 58
2118162 0 50
2119636 0 52
2121159 0 53
2122682 0 64
2124181 0 42
2125728 0 51
2127251 0 56
2128799 0 70
2130224 0 39
2131747 0 59
2133295 0 50
2134720 0 54
2136144 0 55
2137717 0 49
2139117 0 69
2140665 0 42
2142163 0 55
2143662 0 56
2145185 0 53
2146610 0 57
2148207 0 52
2149656 0 71
2151130 0 41
2152702 0 54
2154152 0 68
2155576 0 37
2157124 0 55
2158696 0 49
2160146 0 64
2161571 0 38
2163045 0 49
2164469 0 53
2165894 0 51
2167442 0 68
2168990 0 38
2170513 0 56
2171962 0 66
2173510 0 41
2175008 0 54
2176458 0 54
2177932 0 51
2179479 0 54
2180929 0 51
2182354 0 70
2183852 0 38
2185277 0 58
2186825 0 66
2188250 0 39
2189822 0 60
2191369 0 61
2192819 0 47
2194317 0 60
2195865 0 52
2197413 0 52
2198936 0 56
2200385 0 56
2201908 0 50
2203382 0 67
2204832 0 46
2206379 0 49
2207780 0 54
2209327 0 65
2210801 0 43
2212275 0 55
2213798 0 55
2215248 0 65
2216673 0 48
2218220 0 51
2219793 0 56
2221267 0 49
2222716 0 50
2224239 0 51
2225787 0 59
2227236 0 61
2228637 0 48
2230086 0 58
2231658 0 57
2233230 0 53
2234704 0 61
2236154 0 48
2237677 0 52
2239126 0 58
2240576 0 68
2242123 0 37
2243573 0 52
2245071 0 63
2246521 0 43
2248019 0 50
2249592 0 65
2251066 0 39
2252466 0 51
2253866 0 50
2255365 0 57
2256937 0 70
2258411 0 41
2259836 0 55
2261261 0 53
2262784 0 69
2264282 0 42
2265707 0 52
2267156 0 62
2268680 0 46
2270227 0 52
2271775 0 59
2273200 0 52
2274747 0 51
2276221 0 52
2277695 0 54
2279194 0 67
2280594 0 42
2282093 0 57
2283591 0 53
2285090 0 64
2286515 0 47
2288013 0 59
2289512 0 64
2290961 0 46
2292558 0 52
2294032 0 52
2295580 0 49
2297004 0 59
2298528 0 53
2299952 0 52
2301402 0 67
2302876 0 48
2304325 0 52
2305824 0 59
2307347 0 68
2308845 0 48
2310344 0 52
2311867 0 51
2313439 0 54
2314987 0 52
2316510 0 57
2317935 0 52
2319433 0 61
2320981 0 41
2322529 0 51
2324052 0 56
2325600 0 68
2327024 0 42
2328474 0 53
2329948 0 63
2331373 0 47
2332871 0 56
2334370 0 54
2335868 0 57
2337391 0 68
2338816 0 37
2340388 0 59
2341813 0 58
2343386 0 59
2344909 0 68
2346432 0 41
2348004 0 56
2349527 0 50
2350952 0 50
2352377 0 57
2353826 0 67
2355374 0 47
2356848 0 52
2358371 0 70
2359796 0 48
2361270 0 57
2362768 0 49
2364218 0 53
2365667 0 63
2367117 0 43
2368640 0 53
2370163 0 49
2371637 0 54
2373111 0 62
2374585 0 38
2376010 0 55
2377533 0 72
2378982 0 44
2380505 0 58
2382004 0 60
2383551 0 63
2385050 0 40
2386549 0 49
2387973 0 51
2389398 0 57
2390921 0 66
2392371 0 38
2393918 0 57
2395417 0 52
2396940 0 52
2398414 0 66
2399839 0 43
2401387 0 56
2402885 0 70
2404310 0 38
2405808 0 50
2407332 0 49
2408732 0 61
2410206 0 40
2411754 0 51
2413178 0 53
2414701 0 55
2416249 0 58
2417772 0 62
2419246 0 45
2420794 0 52
2422268 0 56
2423742 0 62
2425240 0 47
2426714 0 58
2428164 0 63
2429711 0 38
2431210 0 54
2432758 0 52
2434207 0 68
2435607 0 37
2437032 0 54
2438433 0 66
2440005 0 40
2441454 0 55
2442904 0 56
2444427 0 53
2445851 0 57
2447326 0 70
2448701 0 38
2450151 0 58
2451649 0 59
2453172 0 50
2454597 0 54
2456120 0 67
2457668 0 42
2459166 0 59
2460640 0 50
2462213 0 53
2463638 0 60
2465087 0 55
2466585 0 53
2468035 0 65
2469607 0 37
2471155 0 53
2472678 0 51
2474152 0 58
2475650 0 60
2477124 0 52
2478598 0 50
2480146 0 71
2481620 0 45
2483119 0 58
2484568 0 49
2486067 0 58
2487491 0 59
2489014 0 66
2490562 0 47
2492012 0 57
2493559 0 53
2495082 0 58
2496605 0 68
2498153 0 48
2499652 0 49
2501076 0 57
2502624 0 59
2504098 0 61
2505523 0 48
2506948 0 57
2508446 0 62
2509994 0 39
2511419 0 58
2512991 0 71
2514416 0 44
2515841 0 58
2517413 0 54
2518985 0 64
2520386 0 43
2521958 0 60
2523383 0 57
2524906 0 69
2526404 0 47
2527927 0 53
2529401 0 60
2530949 0 61
2532448 0 41
2534020 0 49
2535518 0 59
2537042 0 59
2538516 0 49
2539916 0 69
2541390 0 41
2542815 0 52
2544338 0 52
2545812 0 71
2547237 0 47
2548686 0 58
2550283 0 51
2551830 0 53
2553280 0 65
2554828 0 41
2556400 0 59
2557800 0 72
2559225 0 37
2560748 0 54
2562296 0 64
2563770 0 40
2565342 0 59
2566914 0 70
2568437 0 48
2569960 0 49
2571508 0 60
2573080 0 52
2574505 0 59
2576053 0 59
2577478 0 53
2579050 0 49
2580475 0 68
2582022 0 42
2583521 0 59
2585044 0 72
2586592 0 41
2588041 0 52
2589589 0 58
2591014 0 64
2592463 0 45
2593912 0 50
2595362 0 50
2596860 0 51
2598334 0 66
2599882 0 37
2601381 0 57
2602928 0 58
2604402 0 58
2605950 0 71
2607375 0 37
2608824 0 60
2610347 0 51
2611870 0 56
2613320 0 53
2614794 0 60
2616317 0 52
2617791 0 53
2619314 0 71
2620837 0 38
2622336 0 56
2623760 0 59
2625308 0 52
2626856 0 72
2628330 0 43
2629779 0 51
2631229 0 54
2632703 0 56
2634152 0 55
2635724 0 58
2637272 0 61
2638697 0 48
2640244 0 58
2641669 0 54
2643070 0 53
2644519 0 58
2646042 0 49
2647590 0 53
2649015 0 53
2650464 0 65
2651938 0 47
2653486 0 58
2655033 0 50
2656556 0 58
2658006 0 51
2659529 0 68
2661003 0 37
2662551 0 55
2664074 0 56
2665597 0 55
2667071 0 65
2668496 0 37
2669994 0 53
2671517 0 52
2673016 0 54
2674539 0 64
2675988 0 45
2677487 0 55
2678912 0 49
2680435 0 57
2681958 0 52
2683506 0 63
2685004 0 45
2686576 0 57
2688001 0 51
2689451 0 60
2690876 0 57
2692399 0 61
2693873 0 48
2695298 0 55
2696845 0 59
2698270 0 54
2699818 0 59
2701390 0 52
2702864 0 71
2704412 0 48
2705886 0 49
2707409 0 51
2708809 0 57
2710381 0 58
2711855 0 71
2713305 0 37
2714828 0 54
2716326 0 55
2717776 0 56
2719323 0 53
2720797 0 54
2722320 0 62
2723819 0 40
2725342 0 58
2726865 0 53
2728339 0 49
2729813 0 56
2731312 0 59
2732884 0 64
2734382 0 45
2735955 0 60
2737429 0 62
2738952 0 47
2740475 0 52
2741973 0 69
2743398 0 48
2744872 0 49
2746371 0 70
2747746 0 47
2749196 0 52
2750645 0 51
2752144 0 49
2753544 0 70
2755043 0 43
2756615 0 58
2758040 0 56
2759538 0 52
2761086 0 56
2762535 0 53
2763960 0 55
2765434 0 63
2767006 0 41
2768554 0 60
2770053 0 52
2771600 0 57
2773074 0 54
2774573 0 52
2775973 0 56
2777398 0 58
2778970 0 63
2780518 0 37
2782016 0 59
2783589 0 63
2785063 0 38
2786487 0 60
2788035 0 61
2789534 0 39
2790959 0 50
2792506 0 50
2794054 0 66
2795602 0 37
2797076 0 59
2798550 0 56
2799999 0 53
2801522 0 53
2803070 0 71
2804544 0 46
2805969 0 49
2807369 0 67
2808916 0 46
2810440 0 60
2811938 0 61
2813412 0 39
2814886 0 49
2816385 0 61
2817908 0 40
2819431 0 55
2820979 0 60
2822403 0 55
2823951 0 70
2825474 0 37
2827022 0 52
2828471 0 60
2829872 0 52
2831419 0 57
2832967 0 59
2834465 0 58
2835939 0 70
2837463 0 42
2838961 0 51
2840484 0 54
2841884 0 55
2843334 0 55
2844759 0 56
2846282 0 54
2847829 0 58
2849254 0 61
2850827 0 38
2852301 0 55
2853873 0 68
2855347 0 41
2856870 0 58
2858319 0 67
2859867 0 37
2861390 0 50
2862962 0 58
2864510 0 66
2865935 0 40
2867458 0 58
2868883 0 67
2870381 0 37
2871904 0 50
2873403 0 51
2874951 0 69
2876449 0 42
2877948 0 55
2892938 0 104
2894461 0 104
2895959 0 104
2897482 0 104
2899030 0 104
2900553 0 104
2902076 0 104
2903477 0 104
2904877 0 104
2906277 0 104
2907800 0 105
2909274 0 105
2910724 0 105
2912149 0 105
2913549 0 105
2915096 0 106
2916546 0 104
2918094 0 105
2919568 0 106
2920992 0 104
2922540 0 105
2924039 0 106
2925463 0 104
2926864 0 105
2928264 0 105
2929787 0 105
2931261 0 105
2932735 0 105
2934258 0 105
2935806 0 106
2937354 0 104
2938754 0 105
2940301 0 105
2941849 0 105
2943397 0 105
2944797 0 106
2946247 0 104
2947770 0 105
2949293 0 105
2950767 0 105
2952192 0 106
2953616 0 104
2955115 0 105
2956589 0 105
2958137 0 106
2959709 0 104
2961257 0 105
2962731 0 105
2964180 0 105
2965605 0 105
2967079 0 105
2968577 0 106
2970027 0 104
2971452 0 105
2972975 0 106
2974449 0 104
2975898 0 105
2977372 0 106
2978871 0 104
2980320 0 105
2981868 0 105
2983268 0 105
2984791 0 105
2986314 0 105
2987837 0 105
2989311 0 106
2990859 0 104
2992284 0 105
2993807 0 106
2995379 0 104
2996902 0 105
2998302 0 105
2999752 0 105
3001300 0 105
3002847 0 106
3004346 0 104
3005746 0 105
3007146 0 105
3008571 0 105
3010094 0 106
3011593 0 104
3013140 0 105
3014565 0 106
3016039 0 104
3017562 0 105
3019012 0 105
3020535 0 106
3022058 0 104
3023458 0 105
3024981 0 106
3026480 0 104
3027905 0 105
3029354 0 106
3030902 0 104
3032327 0 105
3033899 0 105
3035373 0 106
3036896 0 104
3038444 0 105
3039967 0 105
3041367 0 106
3042890 0 104
3044438 0 105
3045912 0 105
3047386 0 106
3048860 0 104
3050408 0 105
3051882 0 105
3053380 0 106
3054854 0 104
3056353 0 105
3057900 0 105
3059423 0 105
3060824 0 105
3062248 0 106
3063673 0 104
3065123 0 105
3066523 0 105
3067948 0 105
3069422 0 105
3070920 0 105
3072321 0 106
3073721 0 104
3075219 0 105
3076669 0 105
3078118 0 106
3079568 0 104
3080993 0 105
3082516 0 105
3083916 0 105
3085341 0 105
3086864 0 105
3088412 0 105
3089935 0 105
3091360 0 106
3092833 0 104
3094258 0 105
3095683 0 106
3097157 0 104
3098729 0 105
3100179 0 105
3101653 0 105
3103200 0 105
3104650 0 105
3106173 0 106
3107622 0 104
3109146 0 105
3110693 0 105
3112265 0 105
3113789 0 105
3115213 0 105
3116712 0 105
3118186 0 106
3119611 0 104
3121109 0 105
3122632 0 105
3124082 0 105
3125580 0 105
3127128 0 106
3128676 0 104
3130199 0 105
3131624 0 105
3133098 0 105
3134547 0 105
3136046 0 106
3137495 0 104
3138969 0 105
3140418 0 106
3141991 0 104
3143489 0 105
3145037 0 105
3146609 0 105
3148083 0 105
3149631 0 106
3151154 0 104
3152652 0 105
3154151 0 105
3155600 0 106
3157148 0 104
3158647 0 105
3160121 0 105
3161668 0 105
3163093 0 105
3164641 0 105
3166066 0 106
3167589 0 104
3169136 0 105
3170586 0 106
3172158 0 104
3173632 0 105
3175180 0 105
3176703 0 105
3178103 0 105
3179602 0 105
3181051 0 106
3182574 0 104
3184122 0 105
3185645 0 105
3187119 0 105
3188617 0 106
3190141 0 104
3191614 0 105
3193138 0 106
3194612 0 104
3196036 0 105
3197560 0 105
3198960 0 105
3200360 0 105
3201883 0 106
3203308 0 104
3204807 0 105
3206256 0 106
3207779 0 104
3209204 0 105
3210653 0 105
3212127 0 105
3213601 0 105
3215026 0 105
3216549 0 106
3218023 0 104
3219546 0 105
3221094 0 105
3222617 0 106
3224042 0 104
3225541 0 105
3226941 0 105
3228415 0 106
3229938 0 104
3231363 0 105
3232910 0 106
3234335 0 104
3235760 0 105
3237160 0 105
3238561 0 105
3240084 0 105
3241631 0 105
3243204 0 106
3244629 0 104
3246176 0 105
3247675 0 105
3249100 0 106
3250500 0 104
3252048 0 105
3253497 0 106
3254946 0 104
3256445 0 105
3257870 0 106
3259344 0 104
3260891 0 105
3262415 0 105
3263913 0 105
3265412 0 105
3266959 0 106
3268482 0 104
3269932 0 105
3271332 0 106
3272781 0 104
3274280 0 105
3275779 0 105
3277326 0 105
3278727 0 105
3280176 0 105
3281650 0 106
3283099 0 104
3284598 0 105
3286121 0 105
3287546 0 105
3289093 0 105
3290518 0 106
3291943 0 104
3293466 0 105
3294940 0 106
3296463 0 104
3297913 0 105
3299387 0 106
3300861 0 104
3302335 0 105
3303809 0 105
3305258 0 105
3306658 0 105
3308157 0 105
3309582 0 106
3311007 0 104
3312530 0 105
3313955 0 106
3315379 0 104
3316829 0 105
3318376 0 105
3319801 0 105
3321349 0 105
3322897 0 105
3324297 0 105
3325795 0 106
3327245 0 104
3328694 0 105
3330242 0 106
3331716 0 104
3333264 0 105
3334762 0 105
3336334 0 105
3337808 0 106
3339282 0 104
3340805 0 105
3342279 0 106
3343704 0 104
3345129 0 105
3346529 0 105
3348053 0 105
3349453 0 106
3350878 0 104
3352376 0 105
3353801 0 105
3355300 0 105
3356724 0 105
3358198 0 105
3359697 0 105
3361171 0 106
3362743 0 104
3364266 0 105
3365740 0 105
3367214 0 105
3368614 0 105
3370113 0 105
3371538 0 105
3372963 0 105
3374486 0 106
3375960 0 104
3377508 0 105
3378957 0 105
3380480 0 105
3381880 0 106
3383305 0 104
3384828 0 105
3386253 0 105
3387678 0 105
3389176 0 106
3390700 0 104
3392198 0 105
3393598 0 105
3395072 0 105
3396522 0 105
3398020 0 106
3399470 0 104
3400919 0 105
3402442 0 106
3403941 0 104
3405366 0 105
3406815 0 105
3408264 0 105
3409763 0 106
3411262 0 104
3412686 0 105
3414160 0 105
3415733 0 106
3417157 0 104
3418607 0 105
3420106 0 105
3421629 0 105
3423152 0 105
3424650 0 105
3426100 0 106
3427672 0 104
3429170 0 105
3430669 0 105
3432143 0 105
3433568 0 105
3435017 0 105
3436467 0 105
3437867 0 106
3439415 0 104
3440839 0 105
3442313 0 105
3443787 0 106
3445237 0 104
3446760 0 105
3448307 0 105
3449757 0 105
3451182 0 105
3452705 0 106
3454277 0 104
3455702 0 105
3457225 0 105
3458650 0 106
3460124 0 104
3461549 0 105
3462974 0 105
3464472 0 106
3465922 0 104
3467445 0 105
3468943 0 105
3470466 0 105
3471965 0 105
3473414 0 105
3474913 0 105
3476338 0 106
3477738 0 104
3479286 0 105
3480784 0 106
3482258 0 104
3483806 0 105
3485280 0 105
3486754 0 105
3488179 0 105
3489579 0 106
3491102 0 104
3492527 0 105
3494074 0 106
3495524 0 104
3497096 0 105
3498546 0 106
3500044 0 104
3501469 0 105
3502869 0 105
3504269 0 105
3505793 0 106
3507291 0 104
3508716 0 105
3510239 0 106
3511787 0 104
3513261 0 105
3514710 0 105
3516233 0 105
3517756 0 105
3519230 0 105
3520704 0 105
3522129 0 106
3523701 0 104
3525102 0 105
3526576 0 105
3528123 0 106
3529597 0 104
3531096 0 105
3532545 0 105
3534044 0 105
3535493 0 105
3536943 0 106
3538466 0 104
3539940 0 105
3541487 0 105
3542986 0 106
3544509 0 104
3545909 0 105
3547432 0 105
3548833 0 105
3550282 0 106
3551830 0 104
3553377 0 105
3554851 0 106
3556375 0 104
3557947 0 105
3559470 0 106
3560968 0 104
3562418 0 105
3563818 0 106
3565366 0 104
3566864 0 105
3568289 0 106
3569763 0 104
3571311 0 105
3572859 0 106
3574332 0 104
3575880 0 105
3577379 0 106
3578804 0 104
3580327 0 105
3581874 0 105
3583324 0 105
3584773 0 105
3586296 0 105
3587819 0 106
3589293 0 104
3590767 0 105
3592241 0 105
3593642 0 106
3595140 0 104
3596540 0 105
3598014 0 105
3599513 0 105
3601011 0 105
3602559 0 106
3603984 0 104
3605409 0 105
3606834 0 105
3608332 0 106
3609904 0 104
3611354 0 105
3612877 0 105
3614400 0 105
3615825 0 105
3617274 0 105
3618847 0 105
3620296 0 106
3621770 0 104
3623195 0 105
3624742 0 106
3626241 0 104
3627740 0 105
3629238 0 105
3630737 0 105
3632186 0 105
3633635 0 105
3635060 0 105
3636485 0 106
3637959 0 104
3639507 0 105
3640981 0 105
3642528 0 105
3643953 0 106
3645452 0 104
3646926 0 105
3648351 0 105
3649825 0 105
3651299 0 105
3652699 0 105
3654247 0 105
3655770 0 106
3657293 0 104
3658767 0 105
3660216 0 106
3661616 0 104
3663090 0 105
3664515 0 105
3665989 0 105
3667537 0 105
3669085 0 105
3670608 0 105
3672033 0 105
3673580 0 106
3675152 0 104
3676700 0 105
3678223 0 105
3679771 0 105
3681171 0 105
3682719 0 106
3684193 0 104
3685691 0 105
3687190 0 105
3688615 0 105
3690089 0 106
3691514 0 104
3693061 0 105
3694609 0 105
3696034 0 105
3697508 0 105
3698957 0 105
3700407 0 105
3701807 0 105
3703305 0 106
3704804 0 104
3706327 0 105
3707826 0 106
3709275 0 104
3710749 0 105
3712248 0 105
3713771 0 105
3715245 0 105
3716792 0 105
3718315 0 106
3719740 0 104
3721190 0 105
3722639 0 105
3724162 0 105
3725636 0 105
3727086 0 106
3728486 0 104
3729886 0 105
3731434 0 105
3732957 0 105
3734357 0 105
3735757 0 105
3737305 0 106
3738804 0 104
3740229 0 105
3741752 0 105
3743275 0 106
3744798 0 104
3746346 0 105
3747869 0 106
3749318 0 104
3750767 0 105
3752315 0 106
3753814 0 104
3755361 0 105
3756860 0 105
3758408 0 105
3759980 0 105
3761454 0 106
3763026 0 104
3764549 0 105
3766023 0 105
3767473 0 105
3768971 0 105
3770494 0 106
3771944 0 104
3773418 0 105
3774916 0 106
3776390 0 104
3777889 0 105
3779387 0 105
3780886 0 106
3782409 0 104
3783834 0 105
3785259 0 105
3786708 0 105
3788157 0 105
3789656 0 105
3791105 0 105
3792555 0 106
3794029 0 104
3795576 0 105
