16064 0 9
17518 0 4
18911 0 7
20386 0 7
21922 0 5
23335 0 9
24891 0 3
26366 0 5
27820 0 7
29253 0 1
30789 0 21
32284 0 22
33759 0 22
35315 0 24
36769 0 17
38182 0 14
39657 0 31
41172 0 2
42708 0 17
44142 0 28
45596 0 7
47091 0 23
48607 0 32
50061 0 9
51597 0 19
53112 0 21
54668 0 21
56184 0 23
57638 0 30
59051 0 6
60608 0 17
62123 0 20
63577 0 18
65113 0 23
66506 0 15
67939 0 21
69475 0 35
70991 0 7
72486 0 16
73981 0 16
75455 0 14
76868 0 27
78363 0 11
79817 0 19
81353 0 13
82807 0 14
84303 0 29
85777 0 11
87272 0 16
88706 0 21
90262 0 27
91716 0 7
93170 0 13
94645 0 17
96181 0 22
97655 0 21
99191 0 14
100645 0 17
102099 0 30
103451 0 1
104864 0 15
106277 0 34
107793 0 8
109370 0 20
110947 0 29
112421 0 5
113957 0 13
115391 0 30
116845 0 1
118381 0 18
119876 0 25
121432 0 2
122907 0 19
124422 0 19
125938 0 27
127330 0 9
128825 0 23
130361 0 24
131774 0 18
133249 0 23
134703 0 16
136136 0 30
137550 0 8
139045 0 20
140581 0 25
142035 0 7
143591 0 19
145086 0 22
146581 0 20
148138 0 13
149530 0 19
150964 0 18
152377 0 35
153933 0 2
155469 0 23
156903 0 20
158480 0 23
159934 0 17
161408 0 26
162924 0 10
164378 0 14
165873 0 15
167430 0 14
168801 0 18
170358 0 30
171873 0 4
173287 0 24
174741 0 15
176256 0 24
177710 0 36
179226 0 11
180639 0 18
182134 0 31
183608 0 7
185083 0 15
186537 0 27
188052 0 12
189547 0 20
191063 0 33
192558 0 8
194073 0 13
195609 0 32
197063 0 12
198538 0 16
199971 0 25
201405 0 10
202839 0 20
204395 0 15
205870 0 20
207406 0 19
208880 0 17
210314 0 32
211747 0 9
213222 0 20
214778 0 15
216294 0 13
217830 0 13
219263 0 17
220738 0 22
222253 0 17
223707 0 26
225100 0 3
226534 0 21
227988 0 33
229401 0 7
230937 0 20
232493 0 21
234050 0 16
235422 0 24
236896 0 32
238289 0 3
239682 0 24
241217 0 27
242712 0 10
244126 0 22
245580 0 15
247034 0 14
248488 0 34
249983 0 12
251498 0 24
252973 0 22
254447 0 19
255901 0 24
257417 0 21
258850 0 15
260345 0 24
261840 0 29
263213 0 3
264728 0 21
266264 0 15
267698 0 26
269193 0 8
270667 0 15
272183 0 22
273616 0 17
275152 0 23
276545 0 34
278040 0 8
279555 0 24
281050 0 33
282504 0 4
283979 0 22
285433 0 14
286867 0 32
288362 0 12
289836 0 23
291249 0 16
292724 0 19
294260 0 31
295796 0 4
297168 0 21
298704 0 28
300096 0 7
301632 0 16
303066 0 17
304561 0 23
305995 0 19
307551 0 20
309066 0 33
310602 0 4
311975 0 22
313490 0 16
314944 0 34
316398 0 11
317934 0 21
319429 0 16
320945 0 15
322358 0 20
323812 0 20
325286 0 28
326781 0 11
328338 0 16
329792 0 24
331225 0 13
332720 0 32
334256 0 8
335690 0 21
337165 0 20
338598 0 14
340073 0 27
341547 0 2
342981 0 20
344558 0 26
346012 0 3
347425 0 22
348858 0 21
350374 0 20
351930 0 15
353466 0 16
354961 0 19
356436 0 15
357849 0 31
359344 0 6
360757 0 13
362211 0 23
363706 0 22
365222 0 22
366696 0 18
368109 0 16
369522 0 19
370976 0 30
372349 0 7
373803 0 23
375318 0 20
376854 0 22
378349 0 20
379906 0 13
381360 0 15
382793 0 35
384288 0 5
385701 0 13
387196 0 13
388630 0 18
390084 0 35
391538 0 2
392972 0 22
394508 0 21
396023 0 18
397457 0 32
398890 0 5
400385 0 19
401798 0 35
403314 0 4
404809 0 18
406222 0 25
407676 0 4
409130 0 18
410666 0 14
412100 0 16
413574 0 28
415069 0 7
416564 0 13
418121 0 18
419677 0 22
421233 0 20
422790 0 17
424223 0 25
425780 0 8
427275 0 14
428770 0 34
430224 0 11
431740 0 15
433153 0 19
434648 0 33
436122 0 12
437597 0 22
439092 0 18
440587 0 24
442041 0 14
443495 0 14
444990 0 16
446382 0 18
447918 0 30
449291 0 7
450765 0 14
452178 0 21
453694 0 18
455148 0 31
456663 0 1
458097 0 19
459551 0 26
461025 0 9
462561 0 23
463974 0 33
465490 0 3
467005 0 14
468398 0 20
469934 0 21
471429 0 24
472965 0 31
474399 0 6
475935 0 23
477368 0 20
478904 0 27
480399 0 4
481853 0 14
483369 0 20
484843 0 13
486359 0 26
487895 0 2
489349 0 15
490741 0 23
492277 0 23
493834 0 21
495308 0 36
496742 0 12
498216 0 18
499671 0 25
501227 0 2
502701 0 13
504217 0 31
505794 0 1
507227 0 13
508620 0 15
510156 0 23
511631 0 29
513023 0 1
514539 0 17
516013 0 36
517467 0 6
518880 0 13
520375 0 29
521850 0 9
523427 0 16
524942 0 15
526355 0 30
527830 0 11
529264 0 20
530779 0 14
532315 0 26
533851 0 12
535387 0 23
536821 0 15
538336 0 16
539729 0 23
541142 0 20
542637 0 20
544214 0 36
545750 0 11
547163 0 21
548658 0 34
550153 0 2
551607 0 14
553020 0 27
554535 0 4
555969 0 22
557505 0 19
559082 0 31
560618 0 2
562092 0 24
563485 0 23
564960 0 18
566516 0 19
567950 0 13
569383 0 27
570817 0 6
572271 0 19
573684 0 13
575179 0 22
576633 0 33
578189 0 11
579725 0 16
581159 0 35
582613 0 12
584047 0 17
585562 0 33
587016 0 6
588429 0 19
589986 0 17
591542 0 20
593017 0 27
594430 0 3
595863 0 20
597420 0 23
598915 0 20
600369 0 25
601864 0 2
603338 0 21
604874 0 18
606349 0 19
607782 0 33
609257 0 1
610711 0 19
612145 0 30
613517 0 12
614971 0 19
616466 0 21
617879 0 22
619333 0 17
620746 0 16
622241 0 32
623634 0 11
625170 0 21
626726 0 14
628139 0 15
629532 0 16
630965 0 22
632522 0 23
634037 0 26
635491 0 5
636966 0 15
638502 0 16
639936 0 18
641410 0 17
642966 0 36
644380 0 9
645813 0 18
647267 0 20
648803 0 22
650298 0 28
651752 0 7
653268 0 18
654742 0 19
656217 0 13
657732 0 13
659248 0 32
660640 0 9
662074 0 18
663528 0 26
664921 0 7
666375 0 21
667829 0 15
669344 0 33
670901 0 1
672314 0 22
673829 0 22
675345 0 15
676758 0 23
678212 0 35
679646 0 12
681059 0 17
682533 0 29
683946 0 11
685462 0 14
686957 0 19
688472 0 24
689885 0 14
691278 0 22
692773 0 14
694207 0 28
695661 0 12
697217 0 17
698733 0 17
700228 0 23
701723 0 29
703156 0 10
704692 0 17
706126 0 17
707539 0 16
708952 0 23
710447 0 31
711962 0 7
713498 0 13
715014 0 18
716570 0 27
718065 0 1
719601 0 17
721055 0 16
722509 0 22
723963 0 16
725336 0 15
726831 0 21
728264 0 18
729821 0 36
731336 0 8
732831 0 21
734408 0 36
735903 0 3
737378 0 15
738893 0 23
740450 0 16
741945 0 17
743501 0 23
745057 0 29
746471 0 1
747986 0 14
749399 0 19
750894 0 18
752410 0 14
753802 0 26
755338 0 11
756813 0 21
758308 0 27
759823 0 7
761339 0 15
762752 0 23
764206 0 15
765701 0 19
767257 0 30
768732 0 1
770186 0 20
771681 0 15
773115 0 13
774528 0 18
776002 0 13
777497 0 24
778890 0 26
780323 0 3
781736 0 20
783252 0 18
784767 0 26
786262 0 5
787676 0 18
789253 0 13
790789 0 16
792263 0 29
793635 0 6
795171 0 18
796646 0 23
798182 0 20
799615 0 16
801069 0 13
802503 0 35
803977 0 8
805431 0 16
806885 0 25
808381 0 2
809835 0 22
811289 0 22
812866 0 14
814361 0 15
815794 0 13
817248 0 13
818764 0 35
820197 0 3
821733 0 22
823249 0 24
824744 0 13
826259 0 19
827734 0 24
829249 0 29
830683 0 9
832157 0 16
833611 0 26
835106 0 5
836499 0 19
837953 0 28
839366 0 3
840779 0 17
842172 0 13
843565 0 13
845080 0 22
846575 0 16
847968 0 25
849483 0 6
850937 0 18
852453 0 15
853927 0 36
855484 0 8
856938 0 17
858330 0 22
859907 0 21
861464 0 15
862979 0 16
864372 0 22
865846 0 31
867321 0 8
868898 0 17
870372 0 19
871826 0 18
873321 0 32
874796 0 6
876250 0 17
877766 0 17
879281 0 16
880715 0 22
882148 0 32
883582 0 5
885015 0 16
886428 0 26
887944 0 12
889357 0 23
890893 0 15
892347 0 32
893863 0 5
895255 0 19
896668 0 28
898204 0 6
899740 0 16
901235 0 18
902751 0 13
904225 0 17
905679 0 16
907154 0 14
908669 0 31
910123 0 3
911618 0 20
913134 0 28
914649 0 7
916083 0 18
970509 0 101
972024 0 101
973458 0 101
974912 0 101
976468 0 101
977882 0 101
979274 0 101
980749 0 101
982264 0 101
983780 0 101
985316 0 102
986790 0 102
988326 0 102
989801 0 102
991296 0 102
992709 0 102
994122 0 103
995678 0 101
997112 0 102
998525 0 103
1000020 0 101
1001433 0 102
1002949 0 102
1004423 0 102
1005918 0 102
1007352 0 103
1008765 0 101
1010280 0 102
1011796 0 102
1013311 0 103
1014868 0 101
1016342 0 102
1017735 0 103
1019250 0 101
1020786 0 102
1022261 0 102
1023776 0 102
1025292 0 103
1026828 0 101
1028343 0 102
1029859 0 103
1031272 0 101
1032726 0 102
1034262 0 102
1035757 0 103
1037272 0 101
1038767 0 102
1040160 0 102
1041676 0 103
1043171 0 101
1044666 0 102
1046079 0 103
1047594 0 101
1049007 0 102
1050482 0 102
1051915 0 102
1053328 0 102
1054803 0 103
1056237 0 101
1057691 0 102
1059104 0 103
1060640 0 101
1062155 0 102
1063691 0 102
1065207 0 102
1066620 0 102
1068156 0 102
1069692 0 103
1071105 0 101
1072620 0 102
1074156 0 102
1075631 0 102
1077105 0 102
1078600 0 102
1079993 0 102
1081447 0 103
1082881 0 101
1084294 0 102
1085789 0 102
1087325 0 102
1088758 0 102
1090151 0 103
1091564 0 101
1093100 0 102
1094533 0 103
1096029 0 101
1097503 0 102
1098978 0 103
1100391 0 101
1101865 0 102
1103258 0 102
1104773 0 102
1106268 0 102
1107702 0 102
1109115 0 102
1110630 0 103
1112166 0 101
1113621 0 102
1115075 0 102
1116549 0 102
1117942 0 103
1119416 0 101
1120850 0 102
1122304 0 102
1123840 0 102
1125253 0 102
1126768 0 102
1128243 0 103
1129738 0 101
1131172 0 102
1132564 0 103
1134018 0 101
1135411 0 102
1136803 0 103
1138278 0 101
1139691 0 102
1141227 0 103
1142763 0 101
1144299 0 102
1145794 0 102
1147248 0 102
1148784 0 102
1150238 0 103
1151692 0 101
1153208 0 102
1154723 0 103
1156280 0 101
1157693 0 102
1159208 0 102
1160642 0 102
1162137 0 102
1163591 0 103
1165147 0 101
1166581 0 102
1168096 0 103
1169591 0 101
1170984 0 102
1172438 0 102
1173954 0 102
1175346 0 102
1176780 0 102
1178213 0 103
1179688 0 101
1181101 0 102
1182494 0 102
1183968 0 102
1185484 0 102
1186999 0 102
1188453 0 102
1189846 0 102
1191382 0 103
1192918 0 101
1194372 0 102
1195764 0 103
1197259 0 101
1198693 0 102
1200127 0 102
1201540 0 103
1203035 0 101
1204427 0 102
1205963 0 102
1207438 0 102
1208933 0 103
1210428 0 101
1211943 0 102
1213459 0 102
1214872 0 103
1216326 0 101
1217759 0 102
1219152 0 102
1220586 0 102
1221999 0 102
1223514 0 102
1224989 0 102
1226525 0 102
1228040 0 103
1229453 0 101
1230846 0 102
1232341 0 102
1233856 0 102
1235290 0 102
1236683 0 103
1238096 0 101
1239529 0 102
1240942 0 103
1242356 0 101
1243871 0 102
1245325 0 102
1246738 0 102
1248192 0 102
1249708 0 102
1251203 0 102
1252657 0 103
1254131 0 101
1255626 0 102
1257040 0 102
1258473 0 102
1259907 0 102
1261381 0 103
1262938 0 101
1264330 0 102
1265723 0 103
1267156 0 101
1268631 0 102
1270105 0 102
1271519 0 103
1273075 0 101
1274591 0 102
1275983 0 103
1277519 0 101
1279014 0 102
1280427 0 103
1281840 0 101
1283294 0 102
1284748 0 102
1286161 0 102
1287656 0 102
1289151 0 102
1290646 0 102
1292162 0 103
1293637 0 101
1295070 0 102
1296545 0 102
1297999 0 102
1299494 0 102
1300886 0 102
1302320 0 103
1303815 0 101
1305269 0 102
1306703 0 102
1308177 0 102
1309611 0 103
1311126 0 101
1312539 0 102
1313932 0 102
1315427 0 102
1316840 0 102
1318335 0 102
1319728 0 103
1321284 0 101
1322800 0 102
1324315 0 102
1325728 0 103
1327305 0 101
1328698 0 102
1330111 0 103
1331524 0 101
1332998 0 102
1334493 0 102
1335968 0 102
1337381 0 102
1338815 0 102
1340351 0 103
1341887 0 101
1343320 0 102
1344856 0 102
1346351 0 102
1347785 0 102
1349177 0 102
1350672 0 103
1352229 0 101
1353765 0 102
1355260 0 103
1356693 0 101
1358168 0 102
1359561 0 102
1361076 0 102
1362612 0 103
1364107 0 101
1365520 0 102
1367015 0 102
1368469 0 103
1369923 0 101
1371357 0 102
1372749 0 102
1374204 0 102
1375719 0 103
1377193 0 101
1378607 0 102
1380020 0 103
1381515 0 101
1382948 0 102
1384402 0 103
1385815 0 101
1387269 0 102
1388723 0 102
1390239 0 102
1391673 0 103
1393086 0 101
1394540 0 102
1395973 0 102
1397448 0 102
1398943 0 102
1400397 0 102
1401912 0 102
1403366 0 103
1404943 0 101
1406336 0 102
1407831 0 102
1409265 0 102
1410760 0 102
1412296 0 102
1413832 0 103
1415347 0 101
1416883 0 102
1418378 0 103
1419832 0 101
1421348 0 102
1422781 0 103
1424297 0 101
1425689 0 102
1427102 0 102
1428556 0 102
1429949 0 102
1431362 0 102
1432878 0 103
1434311 0 101
1435765 0 102
1437158 0 103
1438653 0 101
1440107 0 102
1441520 0 102
1442974 0 102
1444510 0 103
1446046 0 101
1447582 0 102
1449118 0 102
1450511 0 103
1452088 0 101
1453501 0 102
1454955 0 102
1456429 0 103
1458006 0 101
1459481 0 102
1460914 0 102
1462450 0 102
1463904 0 102
1465338 0 102
1466812 0 102
1468307 0 102
1469721 0 103
1471277 0 101
1472731 0 102
1474205 0 102
1475762 0 103
1477196 0 101
1478670 0 102
1480063 0 102
1481599 0 102
1482991 0 102
1484466 0 102
1485879 0 103
1487394 0 101
1488787 0 102
1490262 0 102
1491777 0 103
1493231 0 101
1494767 0 102
1496262 0 103
1497716 0 101
1499191 0 102
1500706 0 102
1502201 0 102
1503737 0 102
1505191 0 102
1506584 0 103
1508079 0 101
1509492 0 102
1511028 0 102
1512461 0 102
1513854 0 103
1515349 0 101
1516742 0 102
1518278 0 102
1519732 0 102
1521247 0 103
1522763 0 101
1524176 0 102
1525610 0 103
1527104 0 101
1528661 0 102
1530053 0 103
1531528 0 101
1532982 0 102
1534457 0 102
1535870 0 103
1537385 0 101
1538860 0 102
1540293 0 102
1541829 0 102
1543304 0 103
1544737 0 101
1546151 0 102
1547605 0 102
1549038 0 102
1550554 0 102
1552069 0 102
1553564 0 102
1555100 0 103
1556534 0 101
1558049 0 102
1559565 0 102
1560957 0 103
1562370 0 101
1563824 0 102
1565217 0 102
1566712 0 102
1568166 0 102
1569723 0 102
1571258 0 102
1572794 0 103
1574208 0 101
1575662 0 102
1577157 0 102
1578652 0 103
1580167 0 101
1581560 0 102
1583014 0 102
1584529 0 102
1585922 0 102
1587335 0 102
1588810 0 102
1590202 0 103
1591697 0 101
1593110 0 102
1594523 0 102
1596080 0 102
1597472 0 102
1598886 0 102
1600278 0 102
1601732 0 103
1603207 0 101
1604743 0 102
1606299 0 102
1607733 0 102
1609269 0 102
1610805 0 103
1612361 0 101
1613754 0 102
1615187 0 102
1616723 0 102
1618198 0 103
1619672 0 101
1621208 0 102
1622744 0 103
1624280 0 101
1625714 0 102
1627147 0 102
1628683 0 103
1630137 0 101
1631551 0 102
1633005 0 102
1634418 0 102
1635913 0 103
1637346 0 101
1638759 0 102
1640173 0 102
1641606 0 102
1643142 0 102
1644535 0 103
1646091 0 101
1647545 0 102
1648979 0 103
1650474 0 101
1651887 0 102
1653382 0 103
1654836 0 101
1656331 0 102
1657826 0 103
1659341 0 101
1660755 0 102
1662291 0 102
1663704 0 102
1665219 0 102
1666694 0 102
1668230 0 102
1669745 0 103
1671240 0 101
1672715 0 102
1674230 0 103
1675643 0 101
1677159 0 102
1678613 0 102
1680087 0 103
1681644 0 101
1683139 0 102
1684613 0 103
1686108 0 101
1687583 0 102
1689098 0 102
1690552 0 103
1692006 0 101
1693542 0 102
1695078 0 102
1696594 0 102
1698048 0 102
1699461 0 102
1700936 0 102
1702472 0 103
1703967 0 101
1705441 0 102
1706854 0 102
1708288 0 102
1709824 0 103
1711278 0 101
1712793 0 102
1714186 0 102
1715619 0 102
1717012 0 102
1718528 0 102
1720002 0 103
1721518 0 101
1722931 0 102
1724405 0 102
1725839 0 102
1727272 0 102
1728665 0 102
1730201 0 102
1731655 0 102
1733068 0 103
1734502 0 101
1735976 0 102
1737410 0 102
1738823 0 102
1740297 0 102
1741792 0 103
1743328 0 101
1744782 0 102
1746175 0 102
1747588 0 102
1749124 0 102
1750578 0 103
1752053 0 101
1753466 0 102
1754879 0 102
1756394 0 102
1757889 0 103
1759303 0 101
1760839 0 102
1762374 0 102
1763788 0 102
1765221 0 103
1766716 0 101
1768211 0 102
1769645 0 102
1771160 0 102
1772573 0 102
1774048 0 102
1775481 0 102
1776956 0 103
1778512 0 101
1779967 0 102
1781400 0 103
1782936 0 101
1784349 0 102
1785762 0 102
1787196 0 102
1788711 0 102
1790124 0 102
1791599 0 103
1793073 0 101
1794487 0 102
1795961 0 102
1797415 0 102
1798890 0 102
1800405 0 102
1801818 0 103
1803252 0 101
1804685 0 102
1806180 0 103
1807655 0 101
1809191 0 102
1810584 0 103
1812038 0 101
1813451 0 102
1814864 0 102
1816277 0 103
1817792 0 101
1819308 0 102
1820741 0 102
1822196 0 103
1823732 0 101
1825206 0 102
1826722 0 103
1828135 0 101
1829609 0 102
1831022 0 102
1832538 0 102
1833930 0 102
1835384 0 102
1836818 0 103
1838231 0 101
1839747 0 102
1841242 0 103
1842737 0 101
1844232 0 102
1845686 0 102
1847242 0 102
1848676 0 102
1850212 0 103
1851625 0 101
1853161 0 102
1854635 0 103
1856171 0 101
1857625 0 102
1859018 0 103
1860472 0 101
1861967 0 102
1863462 0 102
1864875 0 102
1882563 0 42
1884120 0 39
1885656 0 37
1887192 0 45
1888625 0 46
1890202 0 40
1891697 0 44
1893254 0 42
1894708 0 48
1896244 0 43
1897780 0 53
1899295 0 55
1900770 0 70
1902224 0 46
1903760 0 54
1905173 0 50
1906688 0 54
1908183 0 51
1909658 0 67
1911091 0 39
1912586 0 49
1914102 0 52
1915638 0 53
1917071 0 55
1918608 0 58
1920061 0 68
1921536 0 39
1922949 0 51
1924403 0 62
1925939 0 48
1927393 0 56
1928909 0 59
1930363 0 63
1931837 0 40
1933394 0 60
1934807 0 50
1936302 0 60
1937817 0 60
1939292 0 67
1940705 0 39
1942220 0 51
1943695 0 54
1945169 0 55
1946705 0 49
1948241 0 70
1949655 0 43
1951150 0 50
1952604 0 56
1954140 0 60
1955614 0 60
1957048 0 52
1958543 0 56
1959997 0 63
1961471 0 46
1962946 0 49
1964338 0 62
1965813 0 39
1967287 0 53
1968803 0 56
1970339 0 54
1971814 0 60
1973370 0 54
1974926 0 55
1976380 0 64
1977773 0 38
1979227 0 57
1980763 0 65
1982299 0 45
1983835 0 53
1985351 0 50
1986866 0 53
1988300 0 71
1989774 0 39
1991208 0 50
1992703 0 51
1994239 0 60
1995713 0 57
1997126 0 55
1998621 0 66
2000178 0 45
2001714 0 60
2003168 0 57
2004622 0 50
2006014 0 57
2007550 0 50
2008964 0 64
2010438 0 44
2011892 0 53
2013428 0 66
2014923 0 37
2016439 0 58
2017954 0 49
2019367 0 54
2020760 0 66
2022214 0 45
2023668 0 55
2025204 0 59
2026658 0 49
2028214 0 70
2029668 0 43
2031225 0 52
2032802 0 50
2034317 0 66
2035792 0 45
2037205 0 60
2038639 0 51
2040154 0 59
2041670 0 57
2043124 0 58
2044598 0 60
2046052 0 71
2047506 0 38
2048940 0 59
2050353 0 52
2051766 0 58
2053281 0 70
2054797 0 38
2056251 0 55
2057767 0 53
2059180 0 59
2060593 0 54
2062108 0 58
2063603 0 58
2065078 0 59
2066511 0 67
2068006 0 46
2069460 0 58
2070955 0 57
2072491 0 49
2073884 0 59
2075420 0 68
2076813 0 42
2078267 0 58
2079721 0 71
2081175 0 48
2082608 0 49
2084021 0 59
2085557 0 58
2087073 0 70
2088486 0 41
2089920 0 58
2091435 0 57
2092930 0 72
2094466 0 43
2096023 0 51
2097579 0 64
2099053 0 46
2100487 0 60
2101962 0 58
2103436 0 49
2104972 0 71
2106488 0 46
2108003 0 57
2109498 0 49
2110952 0 62
2112386 0 38
2113799 0 54
2115212 0 52
2116748 0 49
2118222 0 56
2119758 0 69
2121335 0 38
2122748 0 51
2124264 0 59
2125759 0 58
2127295 0 68
2128769 0 38
2130305 0 58
2131882 0 50
2133295 0 59
2134811 0 53
2136326 0 72
2137862 0 39
2139419 0 60
2140873 0 69
2142450 0 37
2144006 0 51
2145522 0 71
2147058 0 40
2148594 0 59
2150130 0 65
2151645 0 47
2153099 0 51
2154553 0 55
2156028 0 53
2157461 0 58
2158895 0 65
2160308 0 46
2161783 0 58
2163298 0 57
2164793 0 59
2166350 0 68
2167763 0 38
2169196 0 53
2170650 0 68
2172186 0 41
2173722 0 55
2175217 0 71
2176651 0 47
2178105 0 60
2179600 0 64
2181013 0 38
2182508 0 60
2184003 0 68
2185478 0 42
2186891 0 51
2188406 0 72
2189942 0 46
2191478 0 54
2192891 0 62
2194284 0 37
2195758 0 49
2197274 0 55
2198687 0 50
2200223 0 55
2201697 0 51
2203131 0 62
2204606 0 40
2206060 0 60
2207575 0 61
2209132 0 47
2210586 0 49
2212019 0 60
2213535 0 49
2215071 0 51
2216566 0 67
2218040 0 46
2219576 0 52
2221051 0 54
2222464 0 58
2224000 0 52
2225495 0 69
2227031 0 47
2228444 0 54
2229877 0 59
2231393 0 55
2232908 0 56
2234342 0 67
2235776 0 44
2237312 0 54
2238807 0 60
2240322 0 65
2241776 0 47
2243333 0 50
2244746 0 63
2246302 0 48
2247818 0 50
2249292 0 50
2250726 0 60
2252180 0 70
2253695 0 42
2255108 0 50
2256521 0 55
2258057 0 58
2259552 0 56
2261047 0 69
2262501 0 41
2263915 0 54
2265328 0 57
2266864 0 65
2268379 0 42
2269854 0 54
2271308 0 60
2272762 0 50
2274298 0 59
2275731 0 50
2277185 0 54
2278660 0 60
2280073 0 66
2281589 0 46
2283145 0 59
2284701 0 49
2286237 0 56
2287651 0 56
2289105 0 68
2290559 0 46
2292013 0 51
2293569 0 69
2295105 0 41
2296662 0 52
2298075 0 60
2299508 0 67
2301065 0 37
2302478 0 49
2303932 0 60
2305365 0 50
2306778 0 56
2308233 0 60
2309748 0 64
2311182 0 42
2312595 0 52
2314090 0 55
2315503 0 52
2316936 0 69
2318452 0 43
2319885 0 49
2321380 0 69
2322896 0 42
2324370 0 59
2325804 0 49
2327299 0 58
2328856 0 60
2330412 0 55
2331825 0 70
2333300 0 46
2334815 0 50
2336331 0 51
2337764 0 54
2339198 0 56
2340734 0 67
2342208 0 47
2343621 0 49
2345116 0 49
2346673 0 56
2348188 0 56
2349622 0 65
2351096 0 39
2352571 0 52
2354086 0 64
2355479 0 43
2357015 0 59
2358571 0 57
2360128 0 52
2361582 0 55
2363016 0 57
2364470 0 58
2366006 0 71
2367521 0 41
2369078 0 52
2370634 0 60
2372047 0 53
2373501 0 64
2374935 0 38
2376348 0 49
2377884 0 66
2379399 0 40
2380874 0 55
2382410 0 70
2383843 0 37
2385277 0 49
2386772 0 53
2388328 0 57
2389762 0 69
2391257 0 42
2392793 0 59
2394329 0 55
2395803 0 55
2397258 0 53
2398732 0 58
2400227 0 52
2401743 0 65
2403156 0 37
2404610 0 54
2406084 0 56
2407497 0 49
2408890 0 60
2410446 0 52
2411921 0 55
2413416 0 68
2414890 0 40
2416365 0 51
2417819 0 50
2419294 0 57
2420789 0 55
2422325 0 67
2423717 0 39
2425130 0 56
2426625 0 53
2428182 0 57
2429738 0 49
2431151 0 65
2432646 0 39
2434141 0 54
2435657 0 60
2437213 0 59
2438688 0 51
2440142 0 57
2441575 0 72
2442968 0 42
2444361 0 59
2445938 0 64
2447474 0 44
2449030 0 51
2450443 0 53
2451856 0 51
2453372 0 51
2454867 0 57
2456382 0 65
2457857 0 37
2459331 0 49
2460724 0 52
2462239 0 50
2463796 0 69
2465332 0 44
2466765 0 49
2468281 0 54
2469796 0 58
2471312 0 65
2472827 0 39
2474343 0 57
2475776 0 59
2477231 0 60
2478766 0 49
2480241 0 66
2481716 0 40
2483231 0 56
2484685 0 50
2486201 0 55
2487696 0 52
2489211 0 59
2490645 0 68
2492119 0 48
2493573 0 52
2495089 0 69
2496645 0 43
2498202 0 59
2499717 0 72
2501192 0 48
2502707 0 53
2504202 0 70
2505615 0 37
2507008 0 57
2508462 0 71
2509977 0 40
2511411 0 58
2512988 0 64
2514381 0 40
2515896 0 51
2517309 0 56
2518825 0 59
2520238 0 67
2521712 0 47
2523207 0 53
2524661 0 54
2526218 0 59
2527631 0 71
2529064 0 40
2530559 0 50
2532075 0 55
2533488 0 59
2534983 0 59
2536499 0 55
2538055 0 62
2539489 0 40
2541045 0 53
2542520 0 65
2544015 0 47
2545551 0 58
2547005 0 64
2548418 0 39
2549954 0 58
2551531 0 66
2552964 0 39
2554418 0 52
2555893 0 60
2557326 0 70
2558801 0 46
2560275 0 52
2561729 0 67
2563245 0 42
2564781 0 49
2566215 0 49
2567628 0 64
2569102 0 48
2570618 0 50
2572051 0 64
2573505 0 40
2574918 0 56
2576393 0 55
2577949 0 63
2579403 0 47
2580939 0 57
2582496 0 55
2584052 0 56
2585588 0 53
2587001 0 51
2588496 0 51
2589889 0 54
2591364 0 72
2592838 0 38
2594292 0 49
2595828 0 67
2597262 0 47
2598736 0 58
2600272 0 54
2601829 0 57
2603324 0 51
2604757 0 63
2606232 0 48
2607706 0 57
2609222 0 52
2610717 0 49
2612273 0 68
2613768 0 42
2615284 0 57
2616779 0 72
2618274 0 38
2619810 0 56
2621325 0 57
2622902 0 56
2624336 0 60
2625831 0 62
2627326 0 47
2628739 0 53
2630254 0 53
2631688 0 56
2633244 0 58
2634698 0 53
2636152 0 51
2637709 0 67
2639224 0 42
2640740 0 49
2642214 0 65
2643771 0 43
2645307 0 54
2646700 0 64
2648174 0 48
2649587 0 52
2651103 0 50
2652536 0 72
2654031 0 43
2655526 0 57
2656960 0 54
2658475 0 58
2660032 0 60
2661588 0 52
2663063 0 53
2664558 0 67
2665971 0 42
2667486 0 53
2669022 0 51
2670579 0 56
2672053 0 49
2673507 0 55
2674941 0 49
2676395 0 70
2677870 0 45
2679405 0 51
2680942 0 56
2682375 0 59
2683850 0 53
2685345 0 64
2686860 0 44
2688355 0 54
2689912 0 67
2691448 0 45
2692922 0 56
2694376 0 56
2695871 0 52
2697284 0 57
2698697 0 51
2700110 0 49
2701646 0 61
2703080 0 47
2704616 0 52
2706172 0 62
2707667 0 46
2709142 0 60
2710596 0 68
2712132 0 46
2713606 0 60
2715040 0 50
2716433 0 60
2717887 0 52
2719382 0 57
2720815 0 57
2722249 0 61
2723764 0 42
2725177 0 60
2726693 0 59
2728168 0 49
2729683 0 51
2731137 0 52
2732694 0 71
2734209 0 46
2735643 0 55
2737076 0 54
2738571 0 49
2739984 0 68
2741397 0 45
2742974 0 56
2744469 0 57
2745882 0 60
2747336 0 63
2748831 0 45
2750306 0 58
2751781 0 71
2753317 0 40
2754852 0 57
2756368 0 58
2757802 0 54
2759235 0 50
2760648 0 66
2762143 0 40
2763618 0 54
2765072 0 57
2766505 0 52
2768000 0 55
2769557 0 70
2771072 0 47
2772608 0 55
2774062 0 68
2775537 0 46
2776991 0 52
2778547 0 53
2780001 0 53
2781537 0 49
2782991 0 60
2784527 0 58
2786084 0 51
2803531 0 104
2804985 0 104
2806480 0 104
2807914 0 104
2809327 0 104
2810863 0 104
2812317 0 104
2813792 0 104
2815266 0 104
2816802 0 104
2818215 0 105
2819690 0 105
2821103 0 106
2822659 0 104
2824134 0 105
2825567 0 105
2827062 0 106
2828578 0 104
2830114 0 105
2831609 0 105
2833022 0 105
2834456 0 105
2835869 0 106
2837282 0 104
2838756 0 105
2840169 0 105
2841644 0 106
2843118 0 104
2844634 0 105
2846108 0 106
2847583 0 104
2849098 0 105
2850532 0 105
2851925 0 105
2853461 0 105
2854915 0 105
2856410 0 106
2857946 0 104
2859338 0 105
2860751 0 105
2862287 0 105
2863762 0 105
2865236 0 105
2866711 0 106
2868165 0 104
2869619 0 105
2871155 0 105
2872691 0 105
2874227 0 105
2875783 0 106
2877279 0 104
2878753 0 105
2880166 0 105
2881600 0 105
2883095 0 105
2884508 0 105
2885941 0 106
2887375 0 104
2888890 0 105
2890406 0 106
2891942 0 104
2893478 0 105
2894932 0 105
2896386 0 105
2897799 0 105
2899233 0 105
2900748 0 105
2902161 0 106
2903595 0 104
2905110 0 105
2906667 0 106
2908121 0 104
2909534 0 105
2911029 0 105
2912565 0 105
2914121 0 105
2915596 0 105
2917111 0 106
2918668 0 104
2920183 0 105
2921596 0 105
2923112 0 105
2924545 0 105
2925959 0 105
2927372 0 105
2928846 0 105
2930300 0 106
2931754 0 104
2933208 0 105
2934744 0 106
2936198 0 104
2937652 0 105
2939127 0 105
2940642 0 105
2942178 0 105
2943633 0 106
2945107 0 104
2946520 0 105
2948036 0 105
2949469 0 105
2950964 0 105
2952398 0 105
2953790 0 105
2955244 0 105
2956740 0 106
2958153 0 104
2959586 0 105
2960999 0 106
2962412 0 104
2963907 0 105
2965423 0 106
2966979 0 104
2968372 0 105
2969846 0 106
2971300 0 104
2972755 0 105
2974270 0 105
2975745 0 105
2977178 0 105
2978694 0 106
2980250 0 104
2981807 0 105
2983281 0 106
2984797 0 104
2986271 0 105
2987807 0 106
2989261 0 104
2990756 0 105
2992190 0 105
2993685 0 105
2995180 0 105
2996593 0 106
2998006 0 104
2999399 0 105
3000832 0 105
3002245 0 105
3003740 0 106
3005215 0 104
3006771 0 105
3008164 0 105
3009659 0 105
3011154 0 105
3012567 0 106
3014082 0 104
3015496 0 105
3016909 0 106
3018322 0 104
3019776 0 105
3021230 0 105
3022725 0 105
3024179 0 105
3025674 0 105
3027189 0 105
3028582 0 106
3030016 0 104
3031470 0 105
3032924 0 106
3034419 0 104
3035873 0 105
3037409 0 105
3038945 0 105
3040399 0 106
3041812 0 104
3043307 0 105
3044761 0 105
3046297 0 105
3047812 0 105
3049266 0 105
3050782 0 106
3052338 0 104
3053833 0 105
3055390 0 106
3056803 0 104
3058298 0 105
3059691 0 106
3061186 0 104
3062742 0 105
3064217 0 105
3065712 0 105
3067207 0 106
3068640 0 104
3070156 0 105
3071569 0 105
3073064 0 105
3074497 0 105
3076054 0 106
3077487 0 104
3078901 0 105
3080375 0 105
3081891 0 105
3083386 0 105
3084860 0 105
3086417 0 106
3087850 0 104
3089263 0 105
3090779 0 105
3092171 0 105
3093605 0 105
3095059 0 105
3096574 0 106
3097988 0 104
3099421 0 105
3100937 0 105
3102473 0 105
3103886 0 106
3105381 0 104
3106814 0 105
3108268 0 106
3109804 0 104
3111217 0 105
3112630 0 105
3114187 0 105
3115661 0 105
3117116 0 106
3118570 0 104
3120024 0 105
3121478 0 105
3122911 0 105
3124386 0 105
3125840 0 105
3127376 0 105
3128932 0 106
3130448 0 104
3131902 0 105
3133335 0 105
3134871 0 106
3136325 0 104
3137820 0 105
3139295 0 105
3140851 0 105
3142367 0 105
3143882 0 105
3145275 0 106
3146750 0 104
3148265 0 105
3149699 0 105
3151255 0 106
3152668 0 104
3154143 0 105
3155617 0 105
3157174 0 105
3158607 0 105
3160020 0 105
3161434 0 106
3162990 0 104
3164403 0 105
3165857 0 106
3167332 0 104
3168786 0 105
3170260 0 105
3171796 0 105
3173291 0 105
3174725 0 105
3176138 0 106
3177633 0 104
3179046 0 105
3180439 0 106
3181893 0 104
3183367 0 105
3184801 0 105
3186337 0 105
3187770 0 106
3189204 0 104
3190699 0 105
3192214 0 106
3193648 0 104
3195081 0 105
3196536 0 105
3198010 0 105
3199464 0 106
3200939 0 104
3202495 0 105
3203908 0 105
3205321 0 105
3206775 0 106
3208291 0 104
3209847 0 105
3211281 0 106
3212796 0 104
3214332 0 105
3215725 0 105
3217240 0 105
3218776 0 105
3220210 0 106
3221644 0 104
3223098 0 105
3224593 0 106
3226108 0 104
3227583 0 105
3229057 0 106
3230573 0 104
3231965 0 105
3233358 0 106
3234792 0 104
3236286 0 105
3237782 0 105
3239297 0 105
3240833 0 105
3242348 0 105
3243864 0 106
3245420 0 104
3246854 0 105
3248267 0 106
3249701 0 104
3251134 0 105
3252629 0 105
3254063 0 105
3255599 0 106
3257032 0 104
3258507 0 105
3259961 0 105
3261415 0 105
3262869 0 106
3264426 0 104
3265900 0 105
3267334 0 105
3268870 0 106
3270406 0 104
3271839 0 105
3273355 0 105
3274850 0 105
3276283 0 105
3277819 0 106
3279253 0 104
3280686 0 105
3282222 0 105
3283779 0 105
3285192 0 105
3286707 0 105
3288100 0 105
3289595 0 105
3291049 0 106
3292483 0 104
3293998 0 105
3295452 0 106
3296886 0 104
3298340 0 105
3299876 0 106
3301330 0 104
3302886 0 105
3304340 0 106
3305733 0 104
3307269 0 105
3308784 0 106
3310238 0 104
3311734 0 105
3313269 0 105
3314724 0 105
3316260 0 105
3317693 0 106
3319209 0 104
3320724 0 105
3322137 0 106
3323653 0 104
3325148 0 105
3326581 0 105
3328035 0 105
3329428 0 105
3330882 0 106
3332357 0 104
3333811 0 105
3335347 0 106
3336862 0 104
3338337 0 105
3339791 0 106
3341286 0 104
3342760 0 105
3344194 0 106
3345607 0 104
3346999 0 105
3348474 0 105
3349867 0 106
3351300 0 104
3352734 0 105
3354208 0 105
3355703 0 106
3357096 0 104
3358591 0 105
3360045 0 105
3361499 0 105
3362912 0 105
3364469 0 105
3365882 0 105
3367356 0 106
3368790 0 104
3370285 0 105
3371821 0 105
3373377 0 105
3374831 0 106
3376265 0 104
3377719 0 105
3379173 0 105
3380647 0 105
3382102 0 105
3383556 0 106
3384989 0 104
3386402 0 105
3387836 0 105
3389228 0 105
3390662 0 105
3392116 0 105
3393550 0 105
3395004 0 106
3396478 0 104
3397973 0 105
3399468 0 105
3400963 0 105
3402458 0 105
3403871 0 105
3405407 0 105
3406923 0 106
3408356 0 104
3409831 0 105
3411346 0 106
3412760 0 104
3414193 0 105
3415729 0 106
3417163 0 104
3418678 0 105
3420173 0 105
3421586 0 105
3423081 0 105
3424617 0 105
3426153 0 105
3427566 0 105
3429000 0 106
3430413 0 104
3431908 0 105
3433362 0 105
3434878 0 105
3436352 0 105
3437827 0 106
3439301 0 104
3440858 0 105
3442291 0 105
3443766 0 105
3445302 0 106
3446838 0 104
3448271 0 105
3449746 0 105
3451282 0 105
3452777 0 105
3454333 0 105
3455849 0 105
3457282 0 106
3458736 0 104
3460231 0 105
3461644 0 105
3463037 0 105
3464532 0 106
3465986 0 104
3467543 0 105
3469058 0 106
3470533 0 104
3472048 0 105
3473564 0 105
3475079 0 105
3476533 0 105
3478028 0 105
3479462 0 105
3480936 0 106
3482370 0 104
3483844 0 105
3485401 0 106
3486814 0 104
3488247 0 105
3489804 0 105
3491299 0 106
3492733 0 104
3494228 0 105
3495641 0 106
3497177 0 104
3498590 0 105
3500023 0 106
3501518 0 104
3502952 0 105
3504488 0 106
3505983 0 104
3507437 0 105
3508993 0 105
3510529 0 105
3512065 0 105
3513478 0 105
3514994 0 105
3516468 0 105
3517882 0 106
3519336 0 104
3520831 0 105
3522264 0 106
3523698 0 104
3525152 0 105
3526708 0 105
3528203 0 106
3529760 0 104
3531255 0 105
3532668 0 105
3534204 0 105
3535740 0 105
3537255 0 106
3538791 0 104
3540348 0 105
3541802 0 105
3543194 0 105
3544751 0 105
3546287 0 106
3547720 0 104
3549154 0 105
3550710 0 105
3552205 0 106
3553659 0 104
3555154 0 105
3556568 0 106
3557981 0 104
3559435 0 105
3560991 0 105
3562486 0 105
3563981 0 105
3565538 0 105
3567074 0 106
3568487 0 104
3569920 0 105
3571415 0 106
3572972 0 104
3574446 0 105
3576003 0 105
3577539 0 105
3579034 0 105
3580447 0 106
3582003 0 104
3583519 0 105
3584993 0 105
3586550 0 105
3588086 0 105
3589581 0 105
3591096 0 106
3592509 0 104
3593902 0 105
3595356 0 105
3596892 0 105
3598428 0 105
3599964 0 106
3601398 0 104
3602872 0 105
3604306 0 106
3605719 0 104
3607132 0 105
3608565 0 105
3610040 0 105
3611494 0 105
3612907 0 105
3614341 0 105
3615897 0 105
3617290 0 106
3618723 0 104
3620198 0 105
3621652 0 106
3623126 0 104
3624683 0 105
3626157 0 105
3627632 0 105
3629127 0 105
3630622 0 106
3632035 0 104
3633591 0 105
3635107 0 105
3636520 0 105
3638036 0 105
3639449 0 105
3640923 0 106
3642459 0 104
3643954 0 105
3645408 0 105
3646944 0 105
3648378 0 106
3649852 0 104
3651327 0 105
3652740 0 106
3654276 0 104
3655730 0 105
3657204 0 106
3658700 0 104
3660154 0 105
3661628 0 106
3663144 0 104
3664680 0 105
3666154 0 105
3667588 0 106
3669124 0 104
3670598 0 105
3672114 0 106
3673650 0 104
3675124 0 105
3676660 0 105
3678073 0 105
3679527 0 105
3681022 0 105
3682517 0 106
3684012 0 104
3685425 0 105
3686880 0 105
3688334 0 105
3689870 0 105
3691324 0 106
3692819 0 104
3694232 0 105
3695686 0 105
3697181 0 105
3698717 0 105
3700191 0 105
3701727 0 105
