24670 0 2
26193 0 4
27642 0 2
29116 0 5
30615 0 1
32089 0 11
33514 0 11
35061 0 7
36609 0 7
38108 0 9
39655 0 22
41228 0 21
42800 0 13
44347 0 19
45821 0 24
47295 0 18
48769 0 30
50243 0 6
51816 0 22
53388 0 14
54862 0 14
56385 0 35
57834 0 6
59284 0 18
60807 0 31
62404 0 8
63976 0 13
65450 0 17
66998 0 26
68496 0 7
70068 0 18
71542 0 20
73065 0 24
74539 0 23
76038 0 24
77561 0 30
79060 0 4
80484 0 13
82008 0 32
83432 0 9
84980 0 20
86479 0 14
87977 0 22
89451 0 17
90876 0 17
92325 0 28
93824 0 10
95322 0 23
96747 0 21
98246 0 22
99818 0 26
101218 0 3
102668 0 16
104166 0 24
105591 0 19
107163 0 16
108539 0 17
110013 0 29
111438 0 3
112936 0 23
114435 0 16
115934 0 21
117457 0 30
118931 0 6
120454 0 24
121903 0 17
123426 0 17
124827 0 23
126301 0 30
127725 0 1
129273 0 14
130796 0 15
132196 0 16
133572 0 27
135022 0 1
136545 0 13
137969 0 21
139468 0 28
140967 0 3
142391 0 13
143890 0 13
145388 0 20
146936 0 24
148484 0 30
149909 0 4
151358 0 23
152783 0 14
154306 0 21
155731 0 28
157254 0 10
158777 0 13
160300 0 18
161872 0 16
163297 0 19
164870 0 35
166294 0 5
167744 0 23
169218 0 17
170667 0 18
172239 0 33
173664 0 7
175187 0 20
176637 0 24
178062 0 35
179634 0 3
181108 0 16
182533 0 14
183933 0 16
185407 0 20
186955 0 20
188453 0 13
189927 0 18
191475 0 28
192973 0 12
194472 0 21
196044 0 18
197617 0 13
199041 0 32
200491 0 4
202014 0 19
203512 0 36
205060 0 6
206534 0 15
208057 0 13
209482 0 22
210907 0 32
212307 0 3
213855 0 22
215427 0 26
216901 0 3
218424 0 21
219972 0 19
221470 0 20
222920 0 28
224394 0 12
225868 0 15
227342 0 16
228791 0 18
230314 0 23
231739 0 15
233237 0 33
234711 0 8
236185 0 15
237635 0 30
239060 0 6
240632 0 13
242106 0 21
243604 0 23
245029 0 27
246430 0 11
247879 0 14
249353 0 16
250778 0 23
252227 0 36
253677 0 8
255175 0 19
256600 0 35
258123 0 1
259646 0 21
261071 0 31
262643 0 7
264142 0 21
265690 0 27
267090 0 1
268490 0 18
270013 0 34
271536 0 3
273010 0 24
274533 0 17
275983 0 33
277531 0 2
279078 0 16
280503 0 16
281952 0 28
283377 0 1
284900 0 18
286374 0 19
287873 0 21
289421 0 18
290845 0 17
292319 0 14
293793 0 34
295218 0 5
296692 0 15
298191 0 25
299640 0 9
301114 0 19
302686 0 19
304185 0 22
305634 0 19
307182 0 30
308582 0 8
310179 0 22
311751 0 25
313176 0 11
314626 0 23
316173 0 16
317574 0 21
319072 0 24
320497 0 31
321922 0 2
323445 0 21
325017 0 26
326491 0 7
328014 0 16
329488 0 13
330962 0 17
332412 0 24
333959 0 17
335458 0 23
336981 0 30
338381 0 12
339855 0 14
341280 0 13
342705 0 16
344081 0 18
345579 0 13
346979 0 19
348527 0 30
349903 0 5
351328 0 14
352728 0 23
354153 0 36
355676 0 11
357248 0 21
358747 0 20
360319 0 22
361744 0 33
363169 0 11
364716 0 15
366215 0 21
367640 0 23
369138 0 23
370563 0 13
372037 0 22
373535 0 14
375009 0 25
376459 0 1
377957 0 21
379407 0 29
380856 0 7
382281 0 20
383780 0 19
385327 0 24
386752 0 19
388324 0 36
389774 0 8
391297 0 20
392869 0 17
394319 0 18
395768 0 16
397267 0 14
398667 0 29
400214 0 6
401738 0 13
403212 0 13
404612 0 18
406061 0 22
407511 0 17
409034 0 31
410483 0 8
412006 0 24
413505 0 31
414979 0 10
416453 0 14
417878 0 21
419450 0 16
420973 0 19
422472 0 17
423995 0 22
425444 0 31
426918 0 6
428417 0 22
429841 0 28
431291 0 5
432691 0 14
434214 0 22
435737 0 15
437187 0 13
438612 0 21
440110 0 17
441535 0 29
443083 0 1
444557 0 21
446006 0 24
447529 0 36
449003 0 10
450551 0 18
452000 0 19
453548 0 34
454948 0 9
456520 0 22
457970 0 26
459419 0 7
460942 0 16
462465 0 22
463915 0 23
465463 0 14
466887 0 25
468435 0 1
469909 0 14
471309 0 13
472783 0 20
474306 0 13
475854 0 13
477377 0 27
478802 0 5
480325 0 21
481774 0 35
483224 0 10
484698 0 13
486123 0 30
487498 0 2
488923 0 15
490348 0 35
491798 0 1
493345 0 14
494745 0 17
496269 0 22
497816 0 31
499389 0 7
500936 0 17
502484 0 22
503958 0 21
505481 0 20
507053 0 25
508576 0 2
510001 0 14
511475 0 21
512900 0 13
514300 0 22
515848 0 24
517273 0 21
518722 0 35
520147 0 9
521695 0 20
523267 0 15
524667 0 22
526166 0 22
527689 0 17
529212 0 31
530735 0 6
532283 0 18
533855 0 23
535403 0 21
536975 0 18
538473 0 32
539972 0 7
541397 0 21
542895 0 36
544468 0 6
545991 0 14
547391 0 15
548840 0 30
550314 0 4
551788 0 22
553361 0 30
554736 0 3
556186 0 18
557733 0 22
559306 0 21
560730 0 21
562229 0 16
563605 0 20
565177 0 31
566602 0 6
568027 0 23
569574 0 29
570975 0 3
572522 0 20
573996 0 17
575495 0 13
576944 0 24
578394 0 21
579917 0 27
581317 0 3
582742 0 13
584167 0 30
585665 0 10
587115 0 17
588662 0 33
590112 0 2
591512 0 13
592961 0 15
594485 0 20
596081 0 13
597604 0 19
599054 0 14
600479 0 32
601928 0 2
603378 0 22
604876 0 35
606301 0 7
607873 0 19
609445 0 19
610969 0 18
612393 0 20
613990 0 15
615440 0 27
616987 0 11
618461 0 15
619862 0 25
621286 0 8
622809 0 20
624333 0 17
625757 0 14
627256 0 16
628681 0 25
630228 0 6
631678 0 20
633127 0 25
634626 0 9
636124 0 16
637598 0 23
639072 0 24
640546 0 31
641996 0 9
643519 0 13
645017 0 25
646491 0 4
647892 0 22
649415 0 18
650987 0 26
652461 0 11
653960 0 21
655483 0 18
657006 0 20
658603 0 27
660126 0 8
661624 0 15
663074 0 29
664548 0 11
665997 0 15
667520 0 14
668969 0 21
670468 0 23
671967 0 14
673441 0 25
675013 0 8
676560 0 23
678010 0 16
679484 0 15
680933 0 20
682481 0 17
683881 0 13
685331 0 27
686854 0 10
688303 0 18
689802 0 15
691227 0 26
692651 0 4
694052 0 20
695550 0 19
697024 0 17
698449 0 19
699874 0 13
701348 0 32
702724 0 8
704296 0 23
705770 0 16
707293 0 17
708841 0 29
710315 0 11
711789 0 22
713287 0 16
714663 0 21
716112 0 25
717660 0 2
719085 0 24
720632 0 19
722131 0 22
723728 0 13
725177 0 24
726725 0 23
728272 0 30
729624 0 8
731171 0 21
732596 0 21
734046 0 20
735495 0 15
736920 0 35
738394 0 5
739819 0 20
741317 0 16
742717 0 24
744167 0 16
745665 0 16
747041 0 25
748589 0 8
750063 0 23
751488 0 24
752937 0 27
754460 0 5
755959 0 17
757482 0 23
758931 0 20
760503 0 17
761953 0 13
763476 0 36
764925 0 1
766448 0 19
767947 0 14
769446 0 16
770895 0 17
772394 0 17
773892 0 32
775341 0 7
776815 0 17
778363 0 32
779886 0 5
781409 0 13
782883 0 16
784333 0 13
785758 0 28
787158 0 11
788583 0 20
790155 0 17
791629 0 35
793103 0 10
794528 0 14
795928 0 28
797377 0 4
798778 0 18
800252 0 36
801750 0 6
803273 0 21
804846 0 16
806295 0 14
807744 0 14
809194 0 25
810766 0 3
812240 0 21
813689 0 18
815213 0 20
816760 0 24
818234 0 26
819684 0 2
821182 0 22
822607 0 21
824056 0 19
825579 0 36
827078 0 12
828527 0 18
829952 0 32
831353 0 11
832900 0 21
834399 0 36
835897 0 10
837347 0 20
838870 0 18
840442 0 18
841965 0 30
843341 0 7
844790 0 13
846215 0 26
847665 0 9
849089 0 23
850588 0 15
852013 0 17
853511 0 21
854961 0 19
856508 0 15
858032 0 36
859579 0 1
861078 0 16
862576 0 19
864026 0 20
865549 0 21
867023 0 20
868595 0 26
870094 0 4
871494 0 20
872943 0 22
874442 0 27
875916 0 9
877439 0 17
878888 0 22
880338 0 20
881910 0 34
883335 0 2
884809 0 24
886234 0 35
887781 0 11
889304 0 21
890803 0 28
892277 0 11
893677 0 17
895127 0 28
896551 0 5
898075 0 23
899549 0 31
900998 0 12
902423 0 19
903921 0 36
905444 0 6
906968 0 19
908540 0 18
910087 0 13
911512 0 17
912913 0 27
914411 0 12
915861 0 14
917408 0 27
918858 0 10
920332 0 17
921806 0 17
923206 0 16
924680 0 19
926228 0 17
927775 0 15
1023951 0 101
1025449 0 101
1026948 0 101
1028422 0 101
1029896 0 101
1031419 0 101
1032893 0 101
1034391 0 101
1035816 0 101
1037290 0 101
1038740 0 102
1040140 0 102
1041540 0 103
1043063 0 101
1044537 0 102
1046060 0 103
1047510 0 101
1049033 0 102
1050433 0 103
1051883 0 101
1053307 0 102
1054732 0 103
1056182 0 101
1057631 0 102
1059130 0 102
1060579 0 103
1062004 0 101
1063551 0 102
1065025 0 103
1066549 0 101
1068023 0 102
1069472 0 103
1070995 0 101
1072543 0 102
1074090 0 103
1075515 0 101
1077014 0 102
1078512 0 102
1079962 0 102
1081485 0 102
1082910 0 102
1084359 0 102
1085784 0 102
1087258 0 103
1088830 0 101
1090329 0 102
1091803 0 102
1093350 0 103
1094800 0 101
1096274 0 102
1097674 0 103
1099123 0 101
1100597 0 102
1102071 0 102
1103594 0 103
1105142 0 101
1106665 0 102
1108090 0 102
1109539 0 102
1111038 0 103
1112561 0 101
1114011 0 102
1115435 0 102
1116860 0 102
1118334 0 102
1119857 0 103
1121282 0 101
1122732 0 102
1124255 0 102
1125729 0 102
1127276 0 103
1128824 0 101
1130347 0 102
1131772 0 102
1133320 0 102
1134818 0 102
1136219 0 103
1137692 0 101
1139191 0 102
1140616 0 103
1142188 0 101
1143637 0 102
1145038 0 103
1146585 0 101
1148133 0 102
1149632 0 102
1151057 0 102
1152457 0 102
1153955 0 102
1155405 0 102
1156928 0 102
1158476 0 103
1159925 0 101
1161350 0 102
1162824 0 103
1164371 0 101
1165895 0 102
1167319 0 102
1168793 0 102
1170292 0 103
1171766 0 101
1173289 0 102
1174689 0 102
1176163 0 102
1177564 0 103
1179013 0 101
1180511 0 102
1181961 0 102
1183361 0 103
1184933 0 101
1186457 0 102
1187930 0 102
1189404 0 103
1190829 0 101
1192279 0 102
1193802 0 102
1195325 0 102
1196750 0 102
1198175 0 102
1199673 0 103
1201221 0 101
1202621 0 102
1204071 0 102
1205569 0 102
1206994 0 102
1208492 0 103
1210040 0 101
1211588 0 102
1213013 0 103
1214438 0 101
1215887 0 102
1217361 0 103
1218810 0 101
1220260 0 102
1221660 0 102
1223060 0 102
1224608 0 102
1226106 0 102
1227507 0 102
1228956 0 103
1230528 0 101
1232027 0 102
1233550 0 102
1234999 0 102
1236473 0 102
1237948 0 103
1239397 0 101
1240822 0 102
1242247 0 102
1243671 0 102
1245219 0 103
1246742 0 101
1248241 0 102
1249788 0 102
1251262 0 102
1252663 0 102
1254186 0 102
1255733 0 102
1257257 0 102
1258755 0 103
1260204 0 101
1261629 0 102
1263177 0 102
1264602 0 103
1266174 0 101
1267623 0 102
1269122 0 103
1270547 0 101
1271972 0 102
1273397 0 102
1274895 0 102
1276320 0 102
1277769 0 103
1279268 0 101
1280791 0 102
1282216 0 103
1283788 0 101
1285287 0 102
1286711 0 103
1288136 0 101
1289684 0 102
1291207 0 102
1292681 0 102
1294130 0 103
1295580 0 101
1297078 0 102
1298602 0 102
1300026 0 102
1301476 0 102
1302876 0 102
1304399 0 103
1305971 0 101
1307495 0 102
1309042 0 102
1310442 0 102
1311990 0 103
1313415 0 101
1314914 0 102
1316412 0 102
1317935 0 102
1319409 0 102
1320957 0 102
1322382 0 103
1323807 0 101
1325354 0 102
1326754 0 102
1328302 0 102
1329801 0 102
1331275 0 102
1332773 0 102
1334198 0 103
1335672 0 101
1337121 0 102
1338669 0 102
1340168 0 102
1341617 0 102
1343165 0 102
1344565 0 102
1346014 0 103
1347587 0 101
1349110 0 102
1350559 0 102
1352009 0 102
1353409 0 103
1354957 0 101
1356406 0 102
1357905 0 102
1359354 0 102
1360803 0 103
1362277 0 101
1363825 0 102
1365225 0 103
1366675 0 101
1368075 0 102
1369475 0 102
1370949 0 102
1372350 0 102
1373823 0 103
1375396 0 101
1376796 0 102
1378319 0 102
1379719 0 102
1381218 0 102
1382716 0 103
1384289 0 101
1385812 0 102
1387310 0 102
1388760 0 102
1390160 0 102
1391609 0 102
1393059 0 102
1394508 0 103
1396007 0 101
1397432 0 102
1398930 0 102
1400429 0 102
1401952 0 102
1403352 0 103
1404851 0 101
1406374 0 102
1407897 0 103
1409420 0 101
1410894 0 102
1412294 0 102
1413842 0 102
1415316 0 103
1416839 0 101
1418313 0 102
1419812 0 103
1421286 0 101
1422710 0 102
1424233 0 102
1425757 0 102
1427206 0 102
1428729 0 102
1430277 0 103
1431775 0 101
1433323 0 102
1434822 0 102
1436345 0 102
1437868 0 103
1439391 0 101
1440791 0 102
1442339 0 102
1443764 0 102
1445213 0 102
1446712 0 102
1448210 0 103
1449660 0 101
1451109 0 102
1452632 0 102
1454057 0 102
1455457 0 102
1456980 0 103
1458454 0 101
1459928 0 102
1461476 0 102
1463024 0 102
1464571 0 102
1465972 0 102
1467372 0 103
1468870 0 101
1470369 0 102
1471892 0 103
1473317 0 101
1474865 0 102
1476339 0 103
1477788 0 101
1479237 0 102
1480638 0 102
1482087 0 102
1483536 0 103
1485109 0 101
1486534 0 102
1487983 0 103
1489531 0 101
1490931 0 102
1492454 0 102
1493854 0 103
1495304 0 101
1496778 0 102
1498178 0 102
1499652 0 102
1501101 0 102
1502600 0 103
1504074 0 101
1505548 0 102
1507046 0 102
1508545 0 102
1510019 0 102
1511517 0 103
1512918 0 101
1514416 0 102
1515915 0 103
1517462 0 101
1519010 0 102
1520484 0 102
1522032 0 103
1523457 0 101
1524980 0 102
1526478 0 102
1528026 0 102
1529549 0 102
1530998 0 102
1532399 0 102
1533897 0 103
1535470 0 101
1536993 0 102
1538393 0 102
1539867 0 102
1541292 0 102
1542692 0 102
1544166 0 102
1545566 0 102
1547016 0 103
1548563 0 101
1549964 0 102
1551438 0 102
1552912 0 102
1554336 0 102
1555737 0 102
1557284 0 102
1558832 0 102
1560281 0 103
1561755 0 101
1563229 0 102
1564654 0 102
1566153 0 102
1567627 0 102
1569052 0 102
1570477 0 103
1572049 0 101
1573523 0 102
1575021 0 103
1576471 0 101
1577945 0 102
1579468 0 102
1580991 0 102
1582489 0 102
1584013 0 103
1585536 0 101
1586985 0 102
1588385 0 102
1589786 0 102
1591235 0 102
1592709 0 102
1594257 0 102
1595780 0 103
1597303 0 101
1598703 0 102
1600202 0 102
1601651 0 102
1603199 0 102
1604673 0 102
1606122 0 103
1607645 0 101
1609046 0 102
1610470 0 102
1612018 0 103
1613467 0 101
1614892 0 102
1616342 0 103
1617791 0 101
1619290 0 102
1620813 0 102
1622287 0 102
1623810 0 103
1625358 0 101
1626881 0 102
1628428 0 102
1629951 0 102
1631352 0 102
1632801 0 102
1634324 0 103
1635847 0 101
1637370 0 102
1638771 0 102
1640269 0 102
1641817 0 103
1643315 0 101
1644740 0 102
1646190 0 102
1647639 0 102
1649064 0 103
1650513 0 101
1651963 0 102
1653363 0 102
1654862 0 102
1656336 0 102
1657760 0 102
1659185 0 103
1660659 0 101
1662182 0 102
1663583 0 102
1665057 0 102
1666457 0 102
1667906 0 103
1669380 0 101
1670879 0 102
1672377 0 102
1673876 0 102
1675374 0 103
1676873 0 101
1678273 0 102
1679674 0 103
1681221 0 101
1682744 0 102
1684169 0 102
1685619 0 102
1687166 0 102
1688665 0 103
1690213 0 101
1691686 0 102
1693210 0 102
1694757 0 102
1696305 0 102
1697730 0 102
1699179 0 103
1700629 0 101
1702176 0 102
1703601 0 102
1705149 0 103
1706672 0 101
1708097 0 102
1709571 0 103
1711045 0 101
1712445 0 102
1713919 0 103
1715442 0 101
1716916 0 102
1718365 0 103
1719839 0 101
1721338 0 102
1722787 0 102
1724261 0 103
1725711 0 101
1727185 0 102
1728610 0 102
1730034 0 102
1731508 0 102
1733032 0 102
1734481 0 102
1736029 0 103
1737527 0 101
1738927 0 102
1740426 0 103
1741875 0 101
1743374 0 102
1744848 0 102
1746346 0 102
1747870 0 102
1749294 0 103
1750817 0 101
1752365 0 102
1753765 0 102
1755313 0 102
1756836 0 103
1758261 0 101
1759686 0 102
1761160 0 103
1762683 0 101
1764157 0 102
1765582 0 103
1767007 0 101
1768505 0 102
1769930 0 102
1771379 0 103
1772927 0 101
1774475 0 102
1775949 0 102
1777472 0 102
1779020 0 102
1780543 0 102
1782090 0 102
1783613 0 102
1785112 0 103
1786611 0 101
1788035 0 102
1789559 0 102
1791106 0 102
1792629 0 103
1794103 0 101
1795504 0 102
1796953 0 102
1798353 0 102
1799803 0 103
1801301 0 101
1802701 0 102
1804175 0 102
1805699 0 102
1807148 0 103
1808671 0 101
1810219 0 102
1811644 0 102
1813142 0 102
1814665 0 103
1816213 0 101
1817662 0 102
1819136 0 102
1820537 0 102
1821961 0 102
1823460 0 103
1824983 0 101
1826408 0 102
1827833 0 103
1829380 0 101
1830879 0 102
1832353 0 102
1833901 0 102
1835448 0 103
1837021 0 101
1838421 0 102
1839919 0 103
1841467 0 101
1842990 0 102
1844464 0 102
1845938 0 102
1847363 0 102
1848788 0 103
1850237 0 101
1851760 0 102
1853185 0 103
1854708 0 101
1856109 0 102
1857558 0 103
1859106 0 101
1860580 0 102
1862054 0 102
1863552 0 102
1865002 0 102
1866426 0 103
1867974 0 101
1869497 0 102
1870947 0 103
1872421 0 101
1873944 0 102
1875344 0 102
1876793 0 102
1878316 0 102
1879741 0 102
1881166 0 103
1882714 0 101
1884261 0 102
1885711 0 103
1887185 0 101
1888733 0 102
1890182 0 102
1891631 0 103
1893130 0 101
1894579 0 102
1896078 0 102
1897503 0 103
1899001 0 101
1900500 0 102
1902048 0 102
1903497 0 102
1905045 0 102
1906568 0 102
1908066 0 103
1909565 0 101
1911063 0 102
1912513 0 103
1914036 0 101
1915461 0 102
1916910 0 103
1918458 0 101
1919883 0 102
1921332 0 102
1922880 0 102
1924305 0 102
1940642 0 46
1942092 0 48
1943590 0 44
1945113 0 40
1946612 0 43
1948184 0 37
1949683 0 44
1951181 0 45
1952753 0 47
1954154 0 42
1955578 0 57
1957028 0 49
1958576 0 69
1960025 0 42
1961474 0 49
1962948 0 59
1964447 0 58
1965945 0 49
1967395 0 71
1968820 0 38
1970343 0 55
1971792 0 70
1973168 0 46
1974716 0 51
1976190 0 62
1977614 0 43
1979113 0 52
1980611 0 56
1982110 0 55
1983584 0 55
1985083 0 57
1986557 0 49
1987981 0 68
1989480 0 38
1990905 0 55
1992477 0 51
1993902 0 56
1995351 0 60
1996776 0 67
1998250 0 38
1999699 0 55
2001223 0 52
2002697 0 60
2004220 0 50
2005694 0 65
2007241 0 38
2008642 0 57
2010214 0 62
2011688 0 48
2013186 0 55
2014759 0 71
2016257 0 38
2017707 0 50
2019254 0 56
2020679 0 53
2022128 0 58
2023652 0 72
2025150 0 44
2026698 0 57
2028123 0 53
2029670 0 56
2031193 0 57
2032741 0 54
2034215 0 62
2035664 0 45
2037188 0 60
2038711 0 69
2040209 0 38
2041683 0 49
2043157 0 58
2044754 0 50
2046228 0 57
2047800 0 52
2049250 0 50
2050724 0 66
2052148 0 48
2053672 0 53
2055096 0 49
2056546 0 62
2057971 0 40
2059494 0 56
2060919 0 66
2062368 0 47
2063793 0 60
2065193 0 71
2066618 0 46
2068092 0 52
2069664 0 52
2071187 0 57
2072710 0 68
2074160 0 48
2075609 0 53
2077157 0 50
2078680 0 50
2080129 0 56
2081554 0 52
2083127 0 51
2084551 0 58
2086074 0 62
2087622 0 40
2089170 0 58
2090693 0 54
2092241 0 59
2093690 0 50
2095164 0 62
2096712 0 38
2098112 0 55
2099586 0 56
2101109 0 49
2102534 0 51
2103959 0 72
2105433 0 42
2106882 0 54
2108405 0 49
2109805 0 62
2111279 0 47
2112753 0 59
2114178 0 67
2115726 0 47
2117225 0 57
2118772 0 59
2120271 0 54
2121818 0 72
2123342 0 46
2124840 0 56
2126289 0 55
2127788 0 59
2129287 0 69
2130736 0 40
2132210 0 59
2133659 0 58
2135158 0 59
2136607 0 69
2138106 0 43
2139555 0 50
2141054 0 60
2142479 0 58
2144026 0 52
2145500 0 54
2147023 0 71
2148473 0 38
2149898 0 60
2151322 0 66
2152821 0 42
2154270 0 55
2155818 0 70
2157292 0 38
2158840 0 51
2160289 0 56
2161763 0 51
2163237 0 62
2164760 0 47
2166308 0 51
2167856 0 59
2169280 0 56
2170705 0 60
2172204 0 54
2173752 0 53
2175225 0 67
2176724 0 44
2178247 0 53
2179770 0 61
2181293 0 39
2182792 0 50
2184241 0 59
2185691 0 60
2187189 0 60
2188614 0 53
2190186 0 54
2191709 0 72
2193110 0 48
2194657 0 51
2196181 0 54
2197704 0 67
2199104 0 44
2200676 0 54
2202199 0 69
2203771 0 44
2205295 0 54
2206719 0 52
2208169 0 51
2209594 0 53
2211117 0 60
2212689 0 58
2214163 0 68
2215711 0 46
2217283 0 56
2218757 0 53
2220206 0 72
2221705 0 43
2223154 0 49
2224702 0 66
2226127 0 45
2227650 0 53
2229099 0 58
2230598 0 50
2232096 0 55
2233669 0 64
2235241 0 48
2236739 0 58
2238213 0 58
2239786 0 61
2241210 0 38
2242660 0 50
2244134 0 61
2245682 0 45
2247229 0 53
2248752 0 66
2250226 0 38
2251749 0 56
2253199 0 51
2254747 0 51
2256220 0 68
2257645 0 42
2259144 0 51
2260593 0 58
2262018 0 59
2263517 0 59
2265089 0 56
2266637 0 54
2268061 0 59
2269585 0 70
2270960 0 39
2272483 0 58
2274006 0 51
2275554 0 69
2277053 0 45
2278551 0 58
2280123 0 61
2281671 0 47
2283194 0 50
2284668 0 60
2286142 0 53
2287690 0 65
2289115 0 39
2290540 0 60
2291989 0 53
2293463 0 50
2295011 0 58
2296509 0 57
2298008 0 53
2299482 0 66
2300956 0 39
2302356 0 50
2303904 0 49
2305304 0 60
2306753 0 49
2308178 0 58
2309628 0 61
2311052 0 42
2312526 0 59
2313976 0 60
2315450 0 60
2316997 0 52
2318545 0 54
2320044 0 67
2321444 0 48
2322942 0 57
2324416 0 51
2325841 0 53
2327389 0 51
2328814 0 50
2330288 0 61
2331811 0 41
2333359 0 60
2334833 0 49
2336380 0 56
2337854 0 54
2339254 0 66
2340753 0 39
2342301 0 52
2343799 0 51
2345347 0 66
2346772 0 45
2348246 0 53
2349695 0 58
2351218 0 50
2352643 0 68
2354117 0 42
2355665 0 56
2357212 0 69
2358736 0 39
2360259 0 60
2361757 0 57
2363354 0 71
2364877 0 39
2366449 0 59
2367923 0 54
2369397 0 58
2370896 0 49
2372321 0 51
2373721 0 52
2375244 0 65
2376644 0 39
2378167 0 55
2379715 0 51
2381165 0 52
2382614 0 59
2384112 0 53
2385513 0 57
2386962 0 72
2388387 0 41
2389836 0 54
2391286 0 49
2392686 0 64
2394185 0 39
2395585 0 59
2397108 0 60
2398680 0 60
2400203 0 51
2401677 0 67
2403078 0 39
2404552 0 59
2405952 0 67
2407401 0 48
2408949 0 49
2410497 0 56
2411946 0 55
2413420 0 58
2414992 0 53
2416515 0 66
2418014 0 43
2419439 0 55
2420937 0 51
2422510 0 57
2424008 0 52
2425531 0 59
2427005 0 53
2428504 0 58
2430002 0 64
2431501 0 48
2433073 0 54
2434621 0 67
2436168 0 45
2437618 0 57
2439116 0 56
2440590 0 56
2442163 0 60
2443612 0 49
2445012 0 64
2446462 0 45
2448034 0 57
2449532 0 53
2451056 0 65
2452505 0 44
2453930 0 60
2455478 0 58
2457001 0 53
2458425 0 49
2459899 0 56
2461472 0 61
2462921 0 44
2464346 0 59
2465795 0 59
2467220 0 49
2468719 0 54
2470119 0 68
2471519 0 43
2473018 0 56
2474492 0 58
2476064 0 60
2477513 0 57
2478963 0 72
2480437 0 47
2481960 0 60
2483360 0 49
2484810 0 51
2486308 0 53
2487831 0 50
2489379 0 57
2490853 0 53
2492401 0 69
2493924 0 40
2495373 0 50
2496872 0 68
2498297 0 38
2499746 0 60
2501244 0 49
2502792 0 53
2504266 0 59
2505765 0 52
2507337 0 72
2508737 0 44
2510260 0 57
2511759 0 66
2513331 0 38
2514854 0 50
2516279 0 59
2517704 0 50
2519252 0 64
2520701 0 39
2522224 0 55
2523723 0 63
2525221 0 44
2526671 0 49
2528120 0 66
2529594 0 40
2531093 0 59
2532591 0 69
2534163 0 45
2535686 0 60
2537087 0 66
2538659 0 38
2540133 0 59
2541681 0 64
2543204 0 38
2544604 0 58
2546127 0 67
2547650 0 37
2549198 0 60
2550647 0 54
2552146 0 56
2553718 0 60
2555192 0 55
2556740 0 49
2558238 0 63
2559663 0 40
2561137 0 53
2562685 0 72
2564159 0 38
2565682 0 57
2567131 0 55
2568556 0 57
2570005 0 52
2571479 0 68
2573027 0 46
2574526 0 60
2576098 0 55
2577523 0 51
2578948 0 52
2580495 0 65
2581920 0 46
2583517 0 60
2585040 0 60
2586612 0 55
2588184 0 56
2589683 0 60
2591231 0 59
2592778 0 70
2594228 0 38
2595677 0 53
2597102 0 70
2598502 0 37
2599927 0 53
2601377 0 57
2602973 0 68
2604472 0 41
2605897 0 58
2607371 0 63
2608869 0 37
2610368 0 57
2611866 0 53
2613291 0 67
2614716 0 48
2616116 0 59
2617590 0 61
2619040 0 47
2620612 0 60
2622184 0 66
2623732 0 46
2625206 0 56
2626754 0 55
2628301 0 58
2629751 0 53
2631274 0 54
2632797 0 55
2634320 0 64
2635843 0 45
2637366 0 50
2638865 0 57
2640363 0 71
2641813 0 42
2643336 0 52
2644908 0 69
2646407 0 39
2647954 0 54
2649502 0 53
2650927 0 68
2652450 0 45
2654022 0 52
2655545 0 50
2656970 0 70
2658444 0 40
2659992 0 51
2661417 0 53
2662891 0 49
2664438 0 59
2665863 0 57
2667337 0 55
2668786 0 70
2670285 0 48
2671857 0 53
2673356 0 71
2674903 0 37
2676476 0 55
2677999 0 60
2679522 0 60
2681094 0 54
2682494 0 72
2684042 0 45
2685590 0 57
2687088 0 59
2688562 0 57
2690061 0 52
2691559 0 54
2692960 0 62
2694458 0 42
2695981 0 52
2697504 0 65
2699077 0 42
2700551 0 52
2702074 0 49
2703523 0 55
2705046 0 58
2706545 0 64
2707970 0 45
2709493 0 56
2710942 0 55
2712465 0 50
2713964 0 52
2715487 0 69
2716961 0 42
2718435 0 55
2719983 0 58
2721457 0 55
2723004 0 68
2724404 0 37
2725878 0 57
2727328 0 70
2728802 0 44
2730300 0 50
2731823 0 60
2733396 0 55
2734943 0 67
2736442 0 37
2737916 0 53
2739365 0 50
2740913 0 58
2742338 0 56
2743787 0 58
2745286 0 61
2746833 0 43
2748283 0 53
2749708 0 66
2751157 0 37
2752656 0 51
2754154 0 62
2755702 0 48
2757200 0 52
2758650 0 69
2760099 0 46
2761696 0 55
2763121 0 66
2764644 0 41
2766069 0 54
2767543 0 51
2768992 0 52
2770491 0 50
2772014 0 55
2773439 0 61
2774937 0 41
2776460 0 55
2777959 0 52
2779433 0 51
2780882 0 72
2782381 0 46
2783904 0 56
2785353 0 70
2786803 0 41
2788228 0 56
2789726 0 59
2791274 0 57
2792772 0 56
2794197 0 49
2795622 0 64
2797145 0 40
2798644 0 52
2800216 0 54
2801665 0 51
2803115 0 72
2804589 0 45
2806063 0 58
2807537 0 56
2809035 0 50
2810534 0 49
2811983 0 61
2813384 0 37
2814931 0 49
2816405 0 56
2817830 0 55
2819402 0 54
2820901 0 59
2822375 0 65
2823947 0 46
2825470 0 52
2827018 0 51
2828516 0 52
2830015 0 63
2831513 0 47
2833012 0 59
2834584 0 63
2836107 0 47
2837508 0 57
2839080 0 52
2840505 0 60
2842077 0 50
2843551 0 62
2845074 0 48
2846523 0 57
2848096 0 58
2866852 0 104
2868277 0 104
2869751 0 104
2871176 0 104
2872699 0 104
2874173 0 104
2875672 0 104
2877219 0 104
2878742 0 104
2880241 0 104
2881690 0 105
2883140 0 105
2884565 0 106
2886039 0 104
2887562 0 105
2889085 0 106
2890608 0 104
2892156 0 105
2893654 0 105
2895054 0 105
2896504 0 105
2897929 0 105
2899452 0 105
2900901 0 106
2902351 0 104
2903898 0 105
2905323 0 105
2906822 0 106
2908345 0 104
2909819 0 105
2911366 0 105
2912791 0 105
2914241 0 106
2915690 0 104
2917090 0 105
2918491 0 105
2919940 0 105
2921340 0 105
2922839 0 105
2924288 0 105
2925787 0 105
2927335 0 106
2928858 0 104
2930283 0 105
2931708 0 105
2933230 0 105
2934778 0 105
2936301 0 105
2937824 0 105
2939249 0 105
2940797 0 106
2942271 0 104
2943794 0 105
2945268 0 106
2946816 0 104
2948339 0 105
2949862 0 105
2951311 0 105
2952736 0 105
2954186 0 105
2955684 0 106
2957256 0 104
2958681 0 105
2960155 0 106
2961629 0 104
2963177 0 105
2964626 0 106
2966026 0 104
2967574 0 105
2969048 0 105
2970522 0 105
2972070 0 105
2973593 0 105
2975018 0 105
2976467 0 105
2977867 0 106
2979440 0 104
2980938 0 105
2982437 0 105
2983862 0 105
2985311 0 105
2986785 0 105
2988185 0 105
2989610 0 106
2991035 0 104
2992533 0 105
2994032 0 105
2995481 0 105
2997029 0 105
2998577 0 105
3000124 0 106
3001574 0 104
3003048 0 105
3004448 0 106
3005996 0 104
3007445 0 105
3008870 0 106
3010418 0 104
3011965 0 105
3013415 0 105
3014938 0 105
3016412 0 105
3017886 0 106
3019384 0 104
3020883 0 105
3022455 0 105
3023978 0 105
3025403 0 105
3026853 0 106
3028302 0 104
3029850 0 105
3031299 0 105
3032773 0 106
3034247 0 104
3035696 0 105
3037269 0 106
3038792 0 104
3040315 0 105
3041813 0 105
3043361 0 105
3044860 0 105
3046334 0 106
3047832 0 104
3049306 0 105
3050756 0 105
3052279 0 106
3053826 0 104
3055251 0 105
3056676 0 105
3058175 0 105
3059722 0 106
3061147 0 104
3062646 0 105
3064046 0 105
3065569 0 105
3067043 0 105
3068517 0 105
3069966 0 105
3071489 0 106
3072963 0 104
3074511 0 105
3075985 0 105
3077459 0 105
3078908 0 105
3080358 0 105
3081856 0 106
3083330 0 104
3084854 0 105
3086254 0 106
3087728 0 104
3089202 0 105
3090627 0 105
3092174 0 105
3093697 0 106
3095147 0 104
3096694 0 105
3098144 0 105
3099642 0 105
3101067 0 105
3102468 0 106
3104015 0 104
3105415 0 105
3106914 0 105
3108388 0 105
3109862 0 105
3111336 0 106
3112761 0 104
3114284 0 105
3115782 0 105
3117330 0 105
3118755 0 106
3120229 0 104
3121727 0 105
3123251 0 106
3124798 0 104
3126321 0 105
3127746 0 106
3129245 0 104
3130694 0 105
3132217 0 105
3133667 0 105
3135141 0 105
3136639 0 105
3138162 0 105
3139612 0 106
3141135 0 104
3142609 0 105
3144132 0 106
3145630 0 104
3147154 0 105
3148628 0 105
3150102 0 105
3151600 0 105
3153123 0 105
3154622 0 105
3156169 0 106
3157594 0 104
3159068 0 105
3160591 0 106
3162041 0 104
3163588 0 105
3165038 0 105
3166512 0 105
3168059 0 106
3169484 0 104
3170934 0 105
3172457 0 105
3173882 0 105
3175331 0 105
3176756 0 105
3178205 0 106
3179728 0 104
3181252 0 105
3182750 0 105
3184150 0 106
3185649 0 104
3187172 0 105
3188695 0 105
3190267 0 106
3191766 0 104
3193314 0 105
3194861 0 105
3196384 0 105
3197883 0 105
3199381 0 106
3200806 0 104
3202305 0 105
3203828 0 106
3205326 0 104
3206850 0 105
3208299 0 105
3209773 0 105
3211272 0 106
3212721 0 104
3214244 0 105
3215767 0 106
3217167 0 104
3218592 0 105
3220042 0 106
3221565 0 104
3222965 0 105
3224464 0 105
3225987 0 105
3227485 0 105
3228984 0 105
3230532 0 106
3232104 0 104
3233651 0 105
3235076 0 105
3236575 0 105
3238049 0 105
3239572 0 105
3241070 0 105
3242594 0 106
3244043 0 104
3245492 0 105
3247015 0 105
3248563 0 105
3250086 0 105
3251585 0 105
3253010 0 106
3254582 0 104
3256105 0 105
3257530 0 106
3258955 0 104
3260453 0 105
3262001 0 105
3263549 0 105
3265096 0 106
3266644 0 104
3268192 0 105
3269592 0 105
3271140 0 105
3272589 0 106
3274087 0 104
3275512 0 105
3276913 0 105
3278313 0 105
3279836 0 105
3281335 0 105
3282759 0 106
3284332 0 104
3285756 0 105
3287181 0 105
3288704 0 105
3290203 0 105
3291751 0 106
3293249 0 104
3294748 0 105
3296148 0 105
3297647 0 105
3299145 0 105
3300595 0 105
3302068 0 105
3303518 0 106
3305016 0 104
3306441 0 105
3307915 0 105
3309414 0 105
3310961 0 106
3312386 0 104
3313909 0 105
3315433 0 106
3316980 0 104
3318479 0 105
3319977 0 105
3321378 0 105
3322852 0 105
3324276 0 106
3325849 0 104
3327273 0 105
3328747 0 105
3330295 0 106
3331745 0 104
3333243 0 105
3334766 0 105
3336314 0 106
3337862 0 104
3339360 0 105
3340834 0 106
3342283 0 104
3343856 0 105
3345256 0 105
3346755 0 105
3348278 0 105
3349776 0 106
3351348 0 104
3352847 0 105
3354296 0 105
3355746 0 105
3357293 0 105
3358718 0 106
3360143 0 104
3361642 0 105
3363165 0 106
3364565 0 104
3366113 0 105
3367562 0 105
3369036 0 105
3370608 0 106
3372082 0 104
3373532 0 105
3375006 0 105
3376553 0 105
3378101 0 105
3379649 0 106
3381074 0 104
3382474 0 105
3384022 0 105
3385496 0 106
3386920 0 104
3388394 0 105
3389868 0 105
3391416 0 106
3392841 0 104
3394315 0 105
3395813 0 106
3397312 0 104
3398761 0 105
3400211 0 106
3401611 0 104
3403110 0 105
3404608 0 106
3406107 0 104
3407531 0 105
3409030 0 106
3410553 0 104
3411953 0 105
3413354 0 105
3414877 0 105
3416375 0 105
3417923 0 106
3419422 0 104
3420822 0 105
3422345 0 106
3423893 0 104
3425342 0 105
3426816 0 106
3428315 0 104
3429739 0 105
3431213 0 106
3432712 0 104
3434235 0 105
3435734 0 105
3437158 0 105
3438608 0 106
3440155 0 104
3441629 0 105
3443103 0 105
3444504 0 105
3446027 0 106
3447574 0 104
3449048 0 105
3450498 0 105
3451972 0 105
3453470 0 105
3454944 0 106
3456492 0 104
3457917 0 105
3459366 0 105
3460914 0 105
3462437 0 105
3463886 0 105
3465360 0 105
3466810 0 106
3468284 0 104
3469709 0 105
3471134 0 105
3472681 0 105
3474082 0 105
3475605 0 106
3477152 0 104
3478675 0 105
3480223 0 105
3481722 0 105
3483196 0 106
3484719 0 104
3486242 0 105
3487789 0 106
3489239 0 104
3490737 0 105
3492187 0 106
3493636 0 104
3495061 0 105
3496609 0 106
3498083 0 104
3499630 0 105
3501104 0 106
3502554 0 104
3504028 0 105
3505551 0 106
3507123 0 104
3508622 0 105
3510145 0 105
3511692 0 105
3513117 0 105
3514616 0 106
3516188 0 104
3517711 0 105
3519161 0 106
3520659 0 104
3522207 0 105
3523705 0 106
3525179 0 104
3526604 0 105
3528029 0 106
3529601 0 104
3531100 0 105
3532500 0 105
3533925 0 105
3535374 0 105
3536922 0 105
3538396 0 106
3539919 0 104
3541393 0 105
3542867 0 106
3544316 0 104
3545741 0 105
3547215 0 105
3548763 0 106
3550286 0 104
3551834 0 105
3553332 0 105
3554806 0 105
3556231 0 105
3557681 0 105
3559179 0 105
3560702 0 105
3562176 0 106
3563650 0 104
3565124 0 105
3566598 0 105
3568047 0 105
3569472 0 105
3570922 0 105
3572347 0 106
3573845 0 104
3575393 0 105
3576965 0 105
3578439 0 105
3579888 0 105
3581289 0 105
3582812 0 105
3584286 0 106
3585711 0 104
3587135 0 105
3588585 0 106
3590108 0 104
3591631 0 105
3593056 0 105
3594604 0 105
3596004 0 105
3597552 0 105
3598952 0 105
3600426 0 105
3601974 0 106
3603398 0 104
3604872 0 105
3606322 0 106
3607771 0 104
3609319 0 105
3610744 0 106
3612291 0 104
3613741 0 105
3615288 0 105
3616738 0 106
3618187 0 104
3619710 0 105
3621233 0 105
3622757 0 105
3624304 0 105
3625729 0 106
3627252 0 104
3628800 0 105
3630200 0 106
3631625 0 104
3633124 0 105
3634548 0 106
3636022 0 104
3637472 0 105
3639019 0 105
3640518 0 105
3641967 0 106
3643490 0 104
3644940 0 105
3646463 0 105
3647888 0 105
3649436 0 105
3650934 0 106
3652433 0 104
3653956 0 105
3655503 0 105
3656953 0 105
3658476 0 105
3659925 0 105
3661375 0 106
3662800 0 104
3664249 0 105
3665797 0 105
3667222 0 105
3668745 0 105
3670219 0 105
3671742 0 105
3673240 0 106
3674690 0 104
3676164 0 105
3677687 0 106
3679234 0 104
3680733 0 105
3682158 0 106
3683607 0 104
3685106 0 105
3686580 0 105
3688005 0 105
3689405 0 105
3690879 0 106
3692377 0 104
3693778 0 105
3695202 0 105
3696701 0 105
3698249 0 106
3699723 0 104
3701172 0 105
3702572 0 105
3704120 0 105
3705545 0 105
3707019 0 105
3708468 0 105
3709893 0 106
3711343 0 104
3712890 0 105
3714389 0 105
3715814 0 105
3717263 0 105
3718762 0 106
3720334 0 104
3721808 0 105
3723208 0 105
3724657 0 105
3726107 0 105
3727655 0 106
3729202 0 104
3730725 0 105
3732175 0 105
3733649 0 105
3735074 0 105
3736621 0 105
3738071 0 105
3739618 0 106
3741092 0 104
3742493 0 105
3743967 0 105
3745490 0 105
3747037 0 105
3748487 0 105
3750034 0 106
3751508 0 104
3753081 0 105
3754604 0 106
3756102 0 104
3757650 0 105
3759075 0 105
3760500 0 105
3761949 0 106
3763497 0 104
3764971 0 105
3766469 0 105
3767992 0 106
3769442 0 104
3770940 0 105
