31002 0 10
32451 0 3
33999 0 9
35497 0 7
36947 0 6
38371 0 7
39870 0 2
41295 0 12
42695 0 7
44169 0 12
45643 0 22
47117 0 15
48665 0 15
50212 0 22
51711 0 28
53234 0 1
54782 0 15
56329 0 30
57754 0 1
59228 0 16
60653 0 26
62152 0 10
63675 0 19
65247 0 14
66696 0 16
68219 0 16
69669 0 31
71167 0 9
72715 0 17
74238 0 23
75688 0 21
77260 0 28
78709 0 9
80159 0 23
81633 0 20
83180 0 17
84728 0 20
86251 0 21
87700 0 26
89174 0 12
90673 0 17
92073 0 28
93621 0 7
95169 0 16
96692 0 28
98190 0 11
99689 0 19
101261 0 26
102784 0 3
104283 0 16
105683 0 16
107059 0 18
108606 0 18
110031 0 29
111554 0 11
112955 0 23
114527 0 20
115976 0 33
117524 0 8
119072 0 24
120570 0 29
122020 0 4
123494 0 20
125066 0 24
126564 0 22
128112 0 17
129537 0 19
130986 0 36
132509 0 8
133983 0 18
135408 0 25
136907 0 5
138307 0 22
139756 0 22
141329 0 25
142876 0 9
144326 0 13
145849 0 20
147397 0 20
148870 0 22
150369 0 13
151917 0 24
153366 0 36
154889 0 12
156363 0 13
157788 0 19
159262 0 18
160834 0 15
162382 0 22
163807 0 22
165330 0 23
166779 0 34
168253 0 4
169654 0 15
171054 0 30
172552 0 1
174051 0 21
175476 0 24
177023 0 17
178448 0 31
179996 0 2
181445 0 24
182919 0 16
184344 0 14
185867 0 30
187292 0 11
188717 0 17
190240 0 20
191812 0 19
193311 0 30
194760 0 9
196333 0 20
197856 0 32
199330 0 8
200779 0 16
202155 0 24
203580 0 14
205029 0 19
206454 0 18
207977 0 31
209426 0 1
210851 0 22
212423 0 18
213971 0 19
215396 0 20
216870 0 36
218319 0 10
219818 0 17
221243 0 13
222668 0 27
224142 0 11
225714 0 22
227188 0 13
228613 0 15
230087 0 14
231511 0 31
233010 0 8
234582 0 17
236032 0 35
237481 0 9
239004 0 14
240429 0 20
241878 0 18
243402 0 31
244974 0 8
246521 0 20
247995 0 33
249568 0 4
251017 0 18
252565 0 36
254039 0 4
255513 0 22
257060 0 19
258510 0 30
259959 0 9
261482 0 21
262907 0 18
264479 0 16
265929 0 17
267378 0 24
268926 0 33
270474 0 9
271898 0 18
273471 0 22
274895 0 14
276394 0 25
277893 0 8
279342 0 21
280791 0 16
282241 0 17
283764 0 23
285238 0 21
286736 0 36
288186 0 7
289758 0 16
291183 0 22
292731 0 17
294278 0 28
295777 0 12
297226 0 15
298774 0 15
300199 0 18
301722 0 16
303147 0 23
304547 0 35
306045 0 12
307544 0 14
309018 0 20
310541 0 24
311991 0 30
313415 0 9
314865 0 21
316388 0 35
317886 0 2
319287 0 23
320810 0 27
322308 0 12
323758 0 15
325305 0 25
326755 0 9
328303 0 15
329826 0 24
331324 0 19
332823 0 21
334272 0 26
335771 0 5
337294 0 24
338792 0 19
340291 0 24
341691 0 31
343288 0 7
344836 0 17
346334 0 24
347808 0 19
349258 0 18
350830 0 15
352255 0 20
353778 0 24
355301 0 32
356726 0 4
358249 0 14
359796 0 13
361295 0 15
362695 0 16
364071 0 26
365570 0 2
366970 0 21
368493 0 14
369967 0 17
371515 0 17
372989 0 22
374585 0 27
376108 0 3
377509 0 19
379081 0 13
380506 0 14
382054 0 21
383552 0 30
385026 0 10
386500 0 24
388048 0 16
389423 0 34
390824 0 7
392273 0 19
393796 0 22
395221 0 16
396670 0 23
398144 0 15
399569 0 31
401092 0 10
402616 0 24
404089 0 16
405613 0 21
407037 0 34
408462 0 7
409961 0 17
411484 0 25
412958 0 1
414383 0 22
415832 0 15
417282 0 18
418829 0 26
420205 0 2
421753 0 14
423227 0 19
424774 0 29
426175 0 6
427673 0 14
429098 0 17
430523 0 16
431948 0 23
433446 0 26
434846 0 7
436271 0 18
437844 0 35
439268 0 10
440693 0 14
442093 0 18
443592 0 21
445041 0 18
446589 0 24
448063 0 15
449463 0 25
450888 0 5
452338 0 14
453812 0 14
455261 0 16
456686 0 17
458135 0 26
459634 0 1
461108 0 13
462557 0 28
464007 0 5
465530 0 23
466930 0 19
468404 0 24
469829 0 24
471229 0 36
472728 0 8
474177 0 14
475577 0 33
477076 0 12
478550 0 18
480098 0 25
481621 0 12
483045 0 19
484593 0 14
486018 0 22
487517 0 30
488991 0 7
490465 0 13
491963 0 33
493535 0 9
495108 0 20
496557 0 17
497957 0 15
499505 0 13
501003 0 25
502527 0 10
504050 0 16
505425 0 13
506826 0 13
508300 0 19
509724 0 21
511223 0 21
512648 0 27
514122 0 8
515719 0 15
517119 0 20
518642 0 18
520116 0 30
521590 0 3
522990 0 19
524538 0 16
526036 0 22
527560 0 34
529034 0 3
530483 0 24
531908 0 23
533382 0 25
534831 0 7
536403 0 17
537877 0 19
539376 0 21
540924 0 19
542496 0 24
543921 0 16
545370 0 29
546844 0 1
548244 0 13
549743 0 32
551168 0 7
552715 0 18
554263 0 19
555712 0 17
557187 0 25
558611 0 3
560036 0 15
561584 0 36
563107 0 7
564532 0 24
566030 0 19
567553 0 14
568954 0 21
570452 0 26
571975 0 10
573498 0 15
575022 0 15
576422 0 15
577822 0 17
579345 0 33
580770 0 8
582318 0 16
583743 0 22
585266 0 33
586764 0 10
588214 0 14
589639 0 24
591186 0 23
592709 0 19
594183 0 19
595657 0 24
597205 0 16
598703 0 34
600251 0 3
601750 0 17
603199 0 24
604722 0 24
606221 0 32
607646 0 9
609193 0 24
610692 0 32
612166 0 8
613640 0 19
615065 0 17
616612 0 22
618160 0 18
619634 0 33
621132 0 3
622680 0 20
624252 0 33
625726 0 11
627274 0 17
628699 0 19
630173 0 29
631622 0 6
633195 0 18
634619 0 18
636044 0 29
637444 0 3
638894 0 22
640466 0 24
641866 0 22
643390 0 21
644913 0 33
646436 0 10
647959 0 18
649531 0 16
650956 0 17
652381 0 13
653855 0 13
655353 0 23
656778 0 27
658326 0 1
659874 0 16
661274 0 13
662772 0 21
664295 0 20
665819 0 13
667219 0 16
668717 0 26
670191 0 1
671739 0 17
673164 0 23
674638 0 21
676210 0 24
677709 0 23
679281 0 22
680829 0 33
682327 0 3
683752 0 19
685201 0 22
686675 0 29
688076 0 9
689525 0 21
690974 0 29
692399 0 2
693898 0 13
695347 0 18
696821 0 28
698344 0 5
699843 0 15
701317 0 28
702840 0 1
704314 0 15
705739 0 29
707164 0 8
708711 0 17
710161 0 34
711610 0 7
713059 0 16
714460 0 15
715885 0 19
717309 0 17
718808 0 22
720356 0 15
721854 0 20
723377 0 36
724876 0 10
726424 0 17
727922 0 33
729421 0 7
730870 0 21
732442 0 18
733867 0 14
735292 0 19
736766 0 34
738289 0 3
739714 0 21
741139 0 29
742613 0 11
744136 0 14
745536 0 24
747035 0 23
748607 0 20
750081 0 18
751555 0 13
753004 0 25
754527 0 12
755952 0 23
757352 0 34
758777 0 4
760202 0 24
761652 0 32
763052 0 2
764477 0 14
765902 0 13
767425 0 17
768923 0 16
770446 0 18
771871 0 18
773443 0 33
774942 0 7
776490 0 16
777939 0 18
779388 0 20
780887 0 13
782336 0 26
783859 0 4
785333 0 20
786881 0 14
788281 0 20
789805 0 32
791328 0 1
792875 0 23
794325 0 22
795897 0 24
797445 0 23
798919 0 31
800417 0 4
801916 0 16
803414 0 28
804814 0 12
806215 0 16
807664 0 15
809187 0 20
810686 0 36
812135 0 10
813683 0 22
815108 0 28
816533 0 4
817982 0 13
819382 0 17
820783 0 30
822257 0 2
823780 0 23
825303 0 28
826777 0 4
828251 0 14
829798 0 17
831321 0 20
832869 0 15
834343 0 30
835793 0 6
837340 0 17
838741 0 15
840190 0 22
841713 0 17
843113 0 34
844636 0 10
846086 0 23
847633 0 21
849157 0 19
850631 0 20
852080 0 26
853505 0 7
855003 0 21
856453 0 15
857951 0 17
859499 0 26
860899 0 3
862447 0 24
863970 0 33
865493 0 4
866943 0 24
868441 0 14
869964 0 24
871389 0 13
872814 0 32
874337 0 7
875762 0 16
877187 0 33
878636 0 12
880110 0 14
881510 0 17
883033 0 22
884483 0 18
885908 0 32
887455 0 1
888856 0 23
890428 0 23
891976 0 36
893499 0 6
894997 0 20
896545 0 16
898043 0 17
899517 0 21
900967 0 14
902490 0 16
903890 0 21
905340 0 27
906887 0 3
908312 0 22
909884 0 13
911358 0 17
912832 0 17
914306 0 25
915805 0 12
917279 0 20
918851 0 21
920325 0 14
921750 0 17
923249 0 33
924722 0 5
926246 0 13
927769 0 14
929169 0 16
930569 0 36
932043 0 10
933566 0 23
1217238 0 101
1218688 0 101
1220235 0 101
1221783 0 101
1223183 0 101
1224731 0 101
1226180 0 101
1227605 0 101
1229055 0 101
1230578 0 101
1232052 0 102
1233550 0 102
1235000 0 102
1236474 0 102
1238021 0 102
1239446 0 102
1240846 0 103
1242271 0 101
1243721 0 102
1245268 0 102
1246669 0 103
1248142 0 101
1249543 0 102
1251066 0 103
1252589 0 101
1253989 0 102
1255390 0 102
1256888 0 103
1258436 0 101
1259910 0 102
1261359 0 102
1262784 0 102
1264332 0 102
1265781 0 102
1267304 0 102
1268754 0 103
1270178 0 101
1271603 0 102
1273126 0 102
1274650 0 102
1276148 0 102
1277597 0 103
1279145 0 101
1280545 0 102
1281946 0 103
1283395 0 101
1284918 0 102
1286466 0 102
1287891 0 102
1289438 0 103
1290986 0 101
1292386 0 102
1293860 0 102
1295408 0 102
1296931 0 102
1298356 0 103
1299805 0 101
1301230 0 102
1302630 0 103
1304154 0 101
1305652 0 102
1307102 0 103
1308526 0 101
1309927 0 102
1311376 0 103
1312948 0 101
1314471 0 102
1315970 0 103
1317518 0 101
1318918 0 102
1320318 0 103
1321768 0 101
1323242 0 102
1324642 0 102
1326190 0 103
1327688 0 101
1329187 0 102
1330611 0 103
1332110 0 101
1333609 0 102
1335083 0 103
1336581 0 101
1337981 0 102
1339431 0 103
1340856 0 101
1342354 0 102
1343828 0 103
1345278 0 101
1346751 0 102
1348275 0 103
1349822 0 101
1351296 0 102
1352770 0 102
1354269 0 102
1355816 0 102
1357290 0 102
1358715 0 102
1360214 0 102
1361688 0 103
1363235 0 101
1364734 0 102
1366208 0 102
1367682 0 103
1369131 0 101
1370654 0 102
1372055 0 103
1373602 0 101
1375076 0 102
1376575 0 103
1378024 0 101
1379572 0 102
1381046 0 102
1382471 0 102
1383945 0 103
1385492 0 101
1386991 0 102
1388539 0 103
1390086 0 101
1391560 0 102
1392985 0 102
1394410 0 102
1395909 0 102
1397407 0 102
1398857 0 102
1400331 0 103
1401755 0 101
1403278 0 102
1404728 0 103
1406300 0 101
1407700 0 102
1409101 0 103
1410599 0 101
1412000 0 102
1413400 0 103
1414972 0 101
1416520 0 102
1417920 0 102
1419419 0 102
1420966 0 102
1422440 0 103
1424012 0 101
1425462 0 102
1427010 0 102
1428508 0 103
1429933 0 101
1431456 0 102
1432881 0 103
1434330 0 101
1435731 0 102
1437254 0 103
1438826 0 101
1440300 0 102
1441774 0 102
1443272 0 103
1444795 0 101
1446294 0 102
1447793 0 102
1449267 0 102
1450790 0 102
1452313 0 103
1453787 0 101
1455236 0 102
1456784 0 102
1458209 0 102
1459732 0 102
1461279 0 102
1462729 0 103
1464227 0 101
1465726 0 102
1467175 0 102
1468600 0 103
1470025 0 101
1471573 0 102
1472973 0 102
1474472 0 102
1475896 0 102
1477395 0 102
1478943 0 103
1480490 0 101
1481891 0 102
1483365 0 102
1484888 0 103
1486386 0 101
1487885 0 102
1489408 0 103
1490980 0 101
1492429 0 102
1493879 0 103
1495304 0 101
1496851 0 102
1498301 0 102
1499824 0 102
1501372 0 103
1502895 0 101
1504418 0 102
1505966 0 102
1507440 0 103
1508963 0 101
1510363 0 102
1511788 0 102
1513188 0 103
1514613 0 101
1516160 0 102
1517659 0 102
1519108 0 102
1520533 0 103
1522081 0 101
1523604 0 102
1525054 0 103
1526478 0 101
1527903 0 102
1529402 0 102
1530827 0 102
1532350 0 102
1533897 0 102
1535396 0 103
1536845 0 101
1538344 0 102
1539744 0 102
1541218 0 102
1542643 0 103
1544166 0 101
1545665 0 102
1547065 0 102
1548465 0 102
1550013 0 102
1551438 0 102
1552838 0 102
1554336 0 103
1555786 0 101
1557211 0 102
1558758 0 102
1560282 0 102
1561731 0 103
1563279 0 101
1564679 0 102
1566153 0 102
1567701 0 102
1569199 0 102
1570722 0 103
1572270 0 101
1573793 0 102
1575341 0 102
1576765 0 102
1578264 0 103
1579689 0 101
1581114 0 102
1582661 0 102
1584184 0 102
1585585 0 102
1587010 0 102
1588410 0 103
1589958 0 101
1591481 0 102
1593028 0 102
1594453 0 102
1595952 0 103
1597377 0 101
1598875 0 102
1600398 0 102
1601921 0 103
1603420 0 101
1604894 0 102
1606417 0 102
1607916 0 102
1609365 0 102
1610814 0 102
1612337 0 103
1613787 0 101
1615285 0 102
1616686 0 102
1618160 0 102
1619609 0 102
1621083 0 102
1622582 0 102
1624006 0 102
1625505 0 103
1626979 0 101
1628502 0 102
1629976 0 103
1631548 0 101
1633047 0 102
1634570 0 102
1636118 0 102
1637542 0 102
1638992 0 102
1640417 0 102
1641842 0 103
1643266 0 101
1644716 0 102
1646239 0 102
1647688 0 102
1649162 0 102
1650710 0 103
1652135 0 101
1653560 0 102
1655107 0 103
1656630 0 101
1658055 0 102
1659554 0 102
1661077 0 102
1662526 0 102
1663976 0 102
1665499 0 103
1666973 0 101
1668447 0 102
1669921 0 102
1671395 0 102
1672869 0 102
1674294 0 103
1675743 0 101
1677217 0 102
1678765 0 102
1680312 0 102
1681835 0 102
1683334 0 103
1684857 0 101
1686306 0 102
1687731 0 102
1689156 0 103
1690630 0 101
1692055 0 102
1693455 0 103
1694954 0 101
1696379 0 102
1697803 0 102
1699228 0 102
1700776 0 102
1702176 0 103
1703626 0 101
1705075 0 102
1706475 0 102
1707974 0 103
1709399 0 101
1710897 0 102
1712347 0 102
1713821 0 102
1715246 0 102
1716695 0 102
1718095 0 103
1719618 0 101
1721043 0 102
1722468 0 102
1723917 0 102
1725441 0 102
1726915 0 102
1728413 0 103
1729961 0 101
1731484 0 102
1733031 0 102
1734456 0 102
1735906 0 102
1737306 0 103
1738829 0 101
1740352 0 102
1741826 0 102
1743349 0 102
1744897 0 103
1746371 0 101
1747796 0 102
1749196 0 102
1750621 0 103
1752169 0 101
1753618 0 102
1755043 0 102
1756468 0 102
1758015 0 102
1759489 0 102
1761037 0 103
1762462 0 101
1763862 0 102
1765336 0 102
1766786 0 102
1768210 0 102
1769611 0 103
1771060 0 101
1772485 0 102
1773959 0 103
1775457 0 101
1776858 0 102
1778356 0 103
1779855 0 101
1781255 0 102
1782754 0 102
1784228 0 102
1785726 0 103
1787298 0 101
1788797 0 102
1790320 0 102
1791868 0 102
1793268 0 102
1794717 0 103
1796216 0 101
1797616 0 102
1799016 0 102
1800466 0 102
1801989 0 103
1803537 0 101
1804986 0 102
1806509 0 103
1807959 0 101
1809457 0 102
1810907 0 103
1812381 0 101
1813879 0 102
1815329 0 103
1816852 0 101
1818375 0 102
1819898 0 102
1821396 0 102
1822919 0 102
1824443 0 102
1825843 0 103
1827341 0 101
1828791 0 102
1830339 0 103
1831812 0 101
1833336 0 102
1834834 0 102
1836259 0 102
1837684 0 102
1839207 0 102
1840755 0 102
1842204 0 103
1843727 0 101
1845226 0 102
1846724 0 102
1848272 0 102
1849795 0 102
1851269 0 103
1852694 0 101
1854217 0 102
1855691 0 103
1857189 0 101
1858590 0 102
1860064 0 102
1861489 0 102
1863012 0 102
1864412 0 103
1865984 0 101
1867409 0 102
1868834 0 103
1870382 0 101
1871831 0 102
1873256 0 102
1874730 0 102
1876155 0 102
1877604 0 102
1879103 0 103
1880626 0 101
1882075 0 102
1883475 0 103
1884974 0 101
1886522 0 102
1887946 0 102
1889494 0 102
1891017 0 102
1892516 0 102
1894014 0 102
1895513 0 102
1897011 0 103
1898461 0 101
1899984 0 102
1901409 0 102
1902907 0 103
1904406 0 101
1905953 0 102
1907501 0 102
1909000 0 102
1910474 0 102
1911923 0 103
1913348 0 101
1914871 0 102
1916419 0 102
1917942 0 102
1919342 0 102
1920767 0 102
1922290 0 102
1923838 0 103
1925385 0 101
1926810 0 102
1928309 0 103
1929832 0 101
1931257 0 102
1932805 0 103
1934327 0 101
1935728 0 102
1937226 0 102
1938725 0 103
1940223 0 101
1941697 0 102
1943196 0 102
1944744 0 103
1946291 0 101
1947692 0 102
1949166 0 102
1950664 0 102
1952187 0 102
1953637 0 102
1955184 0 102
1956683 0 102
1958206 0 103
1959778 0 101
1961301 0 102
1962751 0 102
1964249 0 102
1965748 0 103
1967271 0 101
1968794 0 102
1970243 0 102
1971767 0 102
1973290 0 102
1974690 0 103
1976188 0 101
1977638 0 102
1979161 0 102
1980659 0 102
1982183 0 102
1983657 0 102
1985131 0 103
1986703 0 101
1988103 0 102
1989602 0 103
1991076 0 101
1992500 0 102
1993901 0 102
1995448 0 102
1996947 0 102
1998372 0 102
1999821 0 102
2001344 0 103
2002818 0 101
2004243 0 102
2005668 0 102
2007142 0 102
2008591 0 102
2010016 0 102
2011416 0 103
2012890 0 101
2014389 0 102
2015789 0 103
2017239 0 101
2018663 0 102
2020064 0 102
2021464 0 102
2023012 0 102
2024437 0 103
2025935 0 101
2027360 0 102
2028908 0 102
2030431 0 102
2031954 0 102
2033403 0 102
2034877 0 103
2036400 0 101
2037948 0 102
2039348 0 102
2040896 0 102
2042370 0 102
2043770 0 102
2045220 0 103
2046694 0 101
2048118 0 102
2049568 0 102
2051017 0 102
2052540 0 103
2054088 0 101
2055562 0 102
2057085 0 102
2058485 0 102
2059910 0 102
2061360 0 103
2062785 0 101
2064209 0 102
2065659 0 102
2067084 0 102
2068508 0 103
2070032 0 101
2071530 0 102
2073053 0 102
2074576 0 102
2076075 0 102
2077598 0 102
2079072 0 102
2080521 0 103
2082020 0 101
2083518 0 102
2085042 0 102
2086589 0 102
2088088 0 102
2089635 0 103
2091060 0 101
2092485 0 102
2093959 0 102
2095409 0 102
2096932 0 102
2098332 0 103
2099830 0 101
2101231 0 102
2102705 0 102
2104179 0 102
2105628 0 102
2107151 0 102
2108699 0 102
2110173 0 103
2111696 0 101
2113145 0 102
2114570 0 103
2116069 0 101
2117469 0 102
2567143 0 46
2568617 0 45
2570067 0 41
2571615 0 40
2573064 0 39
2574562 0 45
2576086 0 39
2577560 0 41
2579034 0 41
2580606 0 37
2582055 0 52
2583554 0 60
2585003 0 56
2586526 0 54
2588025 0 71
2589450 0 46
2590948 0 50
2592422 0 50
2593847 0 60
2595247 0 69
2596746 0 38
2598171 0 49
2599669 0 54
2601069 0 59
2602617 0 63
2604042 0 47
2605565 0 57
2607015 0 57
2608538 0 59
2609962 0 49
2611486 0 69
2613009 0 47
2614483 0 56
2616055 0 59
2617529 0 51
2618954 0 52
2620403 0 52
2621828 0 63
2623302 0 40
2624874 0 54
2626348 0 57
2627798 0 69
2629321 0 42
2630795 0 57
2632342 0 68
2633767 0 46
2635266 0 55
2636740 0 55
2638214 0 60
2639663 0 62
2641211 0 42
2642758 0 54
2644232 0 50
2645682 0 57
2647180 0 69
2648654 0 43
2650153 0 50
2651676 0 59
2653101 0 71
2654624 0 46
2656172 0 55
2657695 0 57
2659267 0 55
2660716 0 54
2662141 0 69
2663591 0 47
2665065 0 53
2666637 0 59
2668185 0 55
2669683 0 51
2671083 0 57
2672606 0 59
2674179 0 68
2675653 0 39
2677176 0 54
2678601 0 50
2680148 0 57
2681671 0 63
2683145 0 47
2684570 0 50
2686069 0 57
2687567 0 52
2689140 0 51
2690687 0 55
2692186 0 55
2693635 0 71
2695085 0 41
2696559 0 59
2697959 0 50
2699408 0 69
2700931 0 48
2702454 0 56
2704027 0 69
2705599 0 45
2707171 0 54
2708621 0 62
2710119 0 38
2711691 0 51
2713116 0 51
2714639 0 56
2716089 0 59
2717514 0 71
2718963 0 38
2720486 0 49
2721960 0 52
2723459 0 54
2724908 0 60
2726456 0 57
2727930 0 59
2729355 0 71
2730804 0 38
2732352 0 60
2733899 0 49
2735300 0 57
2736847 0 59
2738346 0 69
2739795 0 45
2741318 0 60
2742866 0 50
2744340 0 50
2745789 0 66
2747312 0 43
2748786 0 59
2750187 0 58
2751636 0 51
2753184 0 49
2754633 0 50
2756156 0 70
2757655 0 41
2759178 0 54
2760726 0 58
2762150 0 71
2763575 0 48
2765098 0 49
2766548 0 70
2767997 0 41
2769422 0 55
2770921 0 71
2772395 0 41
2773844 0 58
2775293 0 66
2776841 0 43
2778291 0 53
2779814 0 64
2781288 0 42
2782688 0 54
2784211 0 54
2785685 0 54
2787159 0 50
2788657 0 52
2790156 0 60
2791679 0 72
2793178 0 37
2794627 0 52
2796076 0 63
2797649 0 48
2799074 0 51
2800597 0 58
2802169 0 54
2803594 0 68
2805043 0 44
2806493 0 49
2807942 0 61
2809465 0 44
2811037 0 57
2812462 0 61
2813887 0 43
2815435 0 52
2816909 0 49
2818383 0 58
2819832 0 65
2821380 0 40
2822878 0 53
2824352 0 68
2825777 0 48
2827202 0 51
2828651 0 51
2830125 0 53
2831550 0 60
2833000 0 55
2834547 0 51
2835997 0 72
2837446 0 42
2838895 0 59
2840394 0 71
2841868 0 46
2843391 0 54
2844841 0 64
2846388 0 44
2847887 0 59
2849312 0 55
2850786 0 66
2852235 0 48
2853635 0 60
2855109 0 68
2856608 0 42
2858008 0 60
2859556 0 71
2861054 0 40
2862504 0 60
2863929 0 60
2865452 0 51
2866999 0 52
2868522 0 71
2869923 0 42
2871397 0 50
2872821 0 57
2874295 0 51
2875720 0 57
2877293 0 51
2878816 0 60
2880216 0 64
2881739 0 39
2883262 0 58
2884736 0 55
2886235 0 52
2887733 0 57
2889232 0 69
2890804 0 38
2892229 0 54
2893727 0 60
2895250 0 64
2896700 0 38
2898149 0 54
2899672 0 54
2901146 0 61
2902645 0 42
2904193 0 53
2905716 0 50
2907239 0 49
2908713 0 54
2910236 0 54
2911759 0 66
2913307 0 44
2914756 0 52
2916156 0 68
2917557 0 43
2919080 0 57
2920529 0 56
2922052 0 58
2923526 0 71
2925025 0 43
2926572 0 50
2928022 0 52
2929570 0 51
2931068 0 55
2932567 0 65
2934139 0 47
2935564 0 54
2937038 0 50
2938463 0 51
2939912 0 54
2941361 0 65
2942786 0 46
2944334 0 60
2945759 0 59
2947208 0 51
2948633 0 59
2950181 0 53
2951704 0 52
2953251 0 69
2954824 0 43
2956322 0 51
2957821 0 70
2959246 0 48
2960720 0 60
2962194 0 55
2963692 0 58
2965240 0 52
2966665 0 59
2968212 0 52
2969785 0 52
2971308 0 71
2972732 0 46
2974305 0 50
2975828 0 49
2977351 0 53
2978874 0 50
2980323 0 64
2981896 0 44
2983419 0 49
2984893 0 62
2986367 0 48
2987939 0 58
2989487 0 60
2991034 0 57
2992484 0 57
2994031 0 58
2995481 0 50
2996979 0 58
2998502 0 69
3000075 0 47
3001549 0 49
3003096 0 70
3004546 0 41
3005995 0 59
3007420 0 54
3008845 0 51
3010270 0 50
3011744 0 54
3013316 0 69
3014790 0 47
3016215 0 52
3017689 0 50
3019236 0 59
3020735 0 56
3022160 0 72
3023634 0 45
3025059 0 58
3026655 0 67
3028203 0 41
3029653 0 53
3031176 0 60
3032723 0 61
3034271 0 44
3035769 0 51
3037317 0 55
3038889 0 68
3040290 0 44
3041788 0 52
3043287 0 57
3044834 0 51
3046407 0 60
3047807 0 52
3049256 0 68
3050681 0 46
3052278 0 54
3053703 0 58
3055152 0 53
3056725 0 65
3058174 0 40
3059746 0 54
3061146 0 68
3062719 0 43
3064266 0 58
3065814 0 67
3067362 0 44
3068836 0 52
3070285 0 60
3071710 0 58
3073233 0 56
3074707 0 49
3076230 0 59
3077655 0 64
3079104 0 38
3080529 0 57
3082052 0 59
3083477 0 54
3085025 0 59
3086499 0 68
3087973 0 39
3089398 0 51
3090823 0 52
3092272 0 69
3093820 0 48
3095367 0 55
3096890 0 61
3098315 0 41
3099838 0 52
3101361 0 50
3102786 0 58
3104285 0 54
3105783 0 68
3107331 0 41
3108879 0 57
3110402 0 59
3111950 0 61
3113350 0 40
3114848 0 53
3116273 0 53
3117772 0 53
3119270 0 55
3120793 0 56
3122218 0 53
3123643 0 71
3125142 0 45
3126640 0 55
3128139 0 69
3129711 0 48
3131283 0 49
3132733 0 53
3134231 0 67
3135730 0 38
3137204 0 51
3138653 0 52
3140201 0 57
3141626 0 53
3143124 0 57
3144672 0 61
3146195 0 40
3147620 0 54
3149143 0 51
3150690 0 56
3152164 0 53
3153663 0 52
3155211 0 50
3156734 0 70
3158183 0 41
3159731 0 50
3161156 0 56
3162679 0 58
3164251 0 51
3165676 0 64
3167224 0 41
3168722 0 56
3170270 0 60
3171670 0 59
3173193 0 58
3174667 0 57
3176092 0 57
3177591 0 62
3179015 0 46
3180588 0 56
3182111 0 60
3183511 0 58
3184960 0 60
3186410 0 72
3187908 0 39
3189382 0 56
3190856 0 61
3192306 0 48
3193780 0 55
3195352 0 51
3196924 0 51
3198349 0 51
3199848 0 60
3201322 0 72
3202869 0 40
3204294 0 53
3205817 0 71
3207242 0 38
3208790 0 50
3210239 0 57
3211664 0 49
3213187 0 66
3214661 0 43
3216110 0 54
3217584 0 70
3219058 0 37
3220606 0 51
3222080 0 71
3223628 0 40
3225175 0 56
3226600 0 64
3228123 0 39
3229696 0 53
3231170 0 51
3232619 0 56
3234142 0 58
3235616 0 60
3237164 0 67
3238662 0 41
3240136 0 60
3241659 0 64
3243183 0 37
3244681 0 58
3246253 0 54
3247776 0 57
3249349 0 56
3250847 0 51
3252395 0 67
3253820 0 44
3255367 0 51
3256866 0 56
3258315 0 60
3259740 0 54
3261263 0 51
3262664 0 57
3264137 0 61
3265611 0 47
3267184 0 54
3268584 0 71
3270107 0 39
3271532 0 57
3273006 0 50
3274554 0 49
3275978 0 58
3277428 0 54
3278853 0 54
3280278 0 69
3281801 0 45
3283225 0 56
3284675 0 69
3286173 0 47
3287647 0 49
3289048 0 68
3290595 0 40
3292094 0 55
3293519 0 64
3294944 0 48
3296393 0 51
3297867 0 60
3299366 0 49
3300815 0 72
3302338 0 40
3303763 0 55
3305286 0 60
3306785 0 49
3308209 0 49
3309757 0 50
3311305 0 51
3312803 0 58
3314351 0 63
3315849 0 41
3317348 0 54
3318847 0 63
3320345 0 45
3321819 0 51
3323244 0 55
3324718 0 68
3326143 0 42
3327543 0 58
3328992 0 59
3330516 0 55
3332088 0 65
3333660 0 39
3335134 0 49
3336583 0 57
3338033 0 52
3339507 0 68
3341030 0 43
3342528 0 53
3344052 0 68
3345575 0 40
3347147 0 54
3348596 0 68
3349997 0 38
3351421 0 52
3352920 0 54
3354369 0 55
3355794 0 52
3357244 0 60
3358669 0 64
3360167 0 46
3361641 0 59
3363164 0 64
3364663 0 48
3366210 0 51
3367758 0 49
3369232 0 54
3370657 0 69
3372229 0 39
3373678 0 55
3375251 0 52
3376725 0 50
3378150 0 72
3379599 0 44
3381147 0 54
3382645 0 55
3384095 0 61
3385642 0 44
3387165 0 57
3388639 0 54
3390162 0 61
3391636 0 38
3393061 0 51
3394486 0 63
3395886 0 43
3397311 0 52
3398834 0 49
3400284 0 67
3401709 0 37
3403207 0 56
3404779 0 60
3406204 0 60
3407678 0 68
3409128 0 39
3410675 0 55
3412125 0 60
3413648 0 55
3415122 0 54
3416547 0 59
3418045 0 55
3419519 0 52
3421018 0 64
3422492 0 48
3424015 0 59
3425464 0 54
3427012 0 64
3428437 0 46
3429886 0 54
3431434 0 57
3432883 0 54
3434308 0 51
3435807 0 50
3437379 0 66
3438902 0 45
3440376 0 55
3441899 0 50
3443422 0 51
3444945 0 62
3446370 0 46
3447918 0 56
3449441 0 65
3451013 0 38
3452413 0 52
3453961 0 52
3455533 0 59
3457081 0 56
3458530 0 51
3460053 0 69
3461601 0 37
3463124 0 59
3464574 0 66
3466072 0 46
3467571 0 50
3469045 0 54
3470568 0 58
3472042 0 55
3473540 0 55
3641755 0 104
3643279 0 104
3644802 0 104
3646300 0 104
3647701 0 104
3649199 0 104
3650698 0 104
3652147 0 104
3653547 0 104
3655046 0 104
3656569 0 105
3658068 0 105
3659615 0 106
3661163 0 104
3662661 0 105
3664111 0 106
3665560 0 104
3667108 0 105
3668656 0 105
3670203 0 105
3671726 0 105
3673151 0 105
3674699 0 105
3676222 0 105
3677745 0 106
3679195 0 104
3680693 0 105
3682143 0 106
3683617 0 104
3685115 0 105
3686663 0 105
3688112 0 105
3689537 0 105
3691011 0 105
3692534 0 105
3694082 0 106
3695507 0 104
3696981 0 105
3698504 0 105
3699978 0 105
3701427 0 106
3702852 0 104
3704424 0 105
3705898 0 106
3707421 0 104
3708969 0 105
3710418 0 105
3711941 0 105
3713415 0 106
3714988 0 104
3716437 0 105
3717985 0 105
3719410 0 105
3720908 0 106
3722480 0 104
3724003 0 105
3725551 0 105
3727050 0 105
3728475 0 105
3729948 0 105
3731373 0 105
3732896 0 106
3734420 0 104
3735894 0 105
3737417 0 105
3738841 0 106
3740365 0 104
3741839 0 105
3743411 0 105
3744811 0 105
3746334 0 105
3747857 0 105
3749356 0 106
3750904 0 104
3752427 0 105
3753827 0 106
3755276 0 104
3756677 0 105
3758249 0 106
3759747 0 104
3761172 0 105
3762671 0 105
3764169 0 105
3765594 0 106
3767166 0 104
3768714 0 105
3770237 0 105
3771785 0 105
3773210 0 105
3774684 0 105
3776207 0 105
3777754 0 105
3779302 0 106
3780801 0 104
3782348 0 105
3783847 0 106
3785272 0 104
3786697 0 105
3788195 0 105
3789718 0 105
3791266 0 105
3792789 0 105
3794337 0 106
3795835 0 104
3797235 0 105
3798783 0 105
3800257 0 106
3801805 0 104
3803254 0 105
3804777 0 106
3806276 0 104
3807750 0 105
3809224 0 105
3810673 0 105
3812098 0 105
3813646 0 106
3815193 0 104
3816766 0 105
3818166 0 106
3819640 0 104
3821212 0 105
3822711 0 105
3824160 0 105
3825560 0 105
3827059 0 105
3828508 0 106
3830007 0 104
3831505 0 105
3832930 0 106
3834380 0 104
3835805 0 105
3837303 0 106
3838777 0 104
3840300 0 105
3841799 0 106
3843322 0 104
3844747 0 105
3846147 0 105
3847719 0 105
3849169 0 105
3850667 0 106
3852092 0 104
3853615 0 105
3855114 0 105
3856588 0 105
3858135 0 105
3859658 0 105
3861181 0 106
3862754 0 104
3864252 0 105
3865800 0 105
3867200 0 105
3868723 0 106
3870246 0 104
3871720 0 105
3873268 0 106
3874767 0 104
3876265 0 105
3877715 0 105
3879139 0 105
3880564 0 105
3882038 0 105
3883512 0 106
3885011 0 104
3886411 0 105
3887959 0 105
3889408 0 106
3890882 0 104
3892381 0 105
3893928 0 105
3895427 0 105
3896852 0 105
3898375 0 105
3899849 0 105
3901396 0 106
3902944 0 104
3904492 0 105
3905941 0 105
3907489 0 106
3908889 0 104
3910339 0 105
3911739 0 105
3913237 0 106
3914760 0 104
3916259 0 105
3917708 0 105
3919256 0 105
3920755 0 106
3922253 0 104
3923801 0 105
3925299 0 105
3926798 0 105
3928223 0 106
3929770 0 104
3931171 0 105
3932718 0 105
3934192 0 105
3935691 0 105
3937140 0 105
3938639 0 106
3940137 0 104
3941562 0 105
3942987 0 106
3944437 0 104
3945837 0 105
3947286 0 106
3948711 0 104
3950185 0 105
3951708 0 105
3953231 0 105
3954754 0 105
3956204 0 106
3957727 0 104
3959127 0 105
3960650 0 105
3962173 0 105
3963696 0 105
3965121 0 105
3966694 0 106
3968168 0 104
3969592 0 105
3971017 0 105
3972516 0 105
3973990 0 105
3975415 0 106
3976913 0 104
3978313 0 105
3979861 0 105
3981261 0 106
3982784 0 104
3984209 0 105
3985659 0 106
3987206 0 104
3988730 0 105
3990204 0 106
3991751 0 104
3993250 0 105
3994699 0 105
3996099 0 106
3997598 0 104
3999121 0 105
4000669 0 106
4002069 0 104
4003617 0 105
4005042 0 105
4006442 0 105
4007940 0 106
4009341 0 104
4010839 0 105
4012289 0 105
4013689 0 105
4015187 0 105
4016735 0 106
4018258 0 104
4019732 0 105
4021280 0 105
4022680 0 105
4024179 0 106
4025653 0 104
4027176 0 105
4028650 0 105
4030197 0 106
4031647 0 104
4033072 0 105
4034595 0 105
4035995 0 105
4037444 0 106
4038968 0 104
4040491 0 105
4041891 0 105
4043414 0 106
4044863 0 104
4046337 0 105
4047787 0 106
4049261 0 104
4050808 0 105
4052233 0 105
4053658 0 105
4055181 0 106
4056655 0 104
4058178 0 105
4059726 0 105
4061126 0 105
4062625 0 106
4064148 0 104
4065671 0 105
4067219 0 106
4068644 0 104
4070142 0 105
4071665 0 106
4073115 0 104
4074564 0 105
4076038 0 106
4077586 0 104
4079084 0 105
4080558 0 106
4082081 0 104
4083555 0 105
4084980 0 105
4086380 0 105
4087879 0 105
4089378 0 106
4090901 0 104
4092448 0 105
4093996 0 105
4095544 0 105
4096944 0 105
4098393 0 105
4099818 0 106
4101243 0 104
4102791 0 105
4104338 0 105
4105861 0 105
4107385 0 105
4108932 0 106
4110455 0 104
4111954 0 105
4113502 0 106
4115049 0 104
4116548 0 105
4117948 0 105
4119496 0 105
4120994 0 105
4122419 0 106
4123967 0 104
4125392 0 105
4126964 0 105
4128438 0 105
4129887 0 105
4131337 0 106
4132811 0 104
4134285 0 105
4135783 0 105
4137306 0 105
4138756 0 106
4140205 0 104
4141630 0 105
4143202 0 106
4144652 0 104
4146199 0 105
4147698 0 105
4149172 0 105
4150670 0 105
4152218 0 105
4153741 0 105
4155264 0 106
4156787 0 104
4158335 0 105
4159784 0 105
4161258 0 105
4162757 0 106
4164182 0 104
4165607 0 105
4167105 0 105
4168505 0 105
4170053 0 106
4171503 0 104
4173001 0 105
4174426 0 106
4175900 0 104
4177300 0 105
4178725 0 105
4180224 0 105
4181771 0 106
4183294 0 104
4184817 0 105
4186291 0 105
4187815 0 106
4189264 0 104
4190689 0 105
4192114 0 105
4193588 0 105
4195111 0 105
4196536 0 106
4198059 0 104
4199533 0 105
4200957 0 106
4202456 0 104
4203905 0 105
4205355 0 106
4206804 0 104
4208327 0 105
4209875 0 105
4211398 0 106
4212921 0 104
4214395 0 105
4215845 0 105
4217294 0 106
4218793 0 104
4220291 0 105
4221691 0 105
4223116 0 105
4224517 0 105
4226064 0 105
4227587 0 105
4229037 0 106
4230560 0 104
4232034 0 105
4233508 0 106
4235006 0 104
4236480 0 105
4237979 0 106
4239428 0 104
4240853 0 105
4242278 0 105
4243801 0 105
4245250 0 105
4246798 0 106
4248297 0 104
4249844 0 105
4251318 0 106
4252792 0 104
4254217 0 105
4255667 0 105
4257165 0 105
4258713 0 105
4260260 0 105
4261784 0 105
4263233 0 106
4264732 0 104
4266156 0 105
4267581 0 105
4269080 0 105
4270603 0 106
4272052 0 104
4273526 0 105
4275049 0 105
4276499 0 106
4277973 0 104
4279496 0 105
4280970 0 105
4282493 0 105
4284041 0 105
4285539 0 105
4287062 0 106
4288463 0 104
4290010 0 105
4291435 0 106
4293007 0 104
4294506 0 105
4295980 0 105
4297527 0 105
4299075 0 105
4300549 0 106
4302097 0 104
4303497 0 105
4305069 0 105
4306543 0 105
4308017 0 105
4309540 0 106
4311113 0 104
4312636 0 105
4314061 0 105
4315510 0 105
4317058 0 105
4318458 0 105
4319883 0 106
4321381 0 104
4322880 0 105
4324305 0 105
4325754 0 105
4327228 0 106
4328653 0 104
4330127 0 105
4331699 0 105
4333149 0 105
4334598 0 105
4336146 0 106
4337718 0 104
4339216 0 105
4340715 0 105
4342189 0 105
4343687 0 105
4345112 0 105
4346513 0 105
4348011 0 106
4349436 0 104
4350935 0 105
4352335 0 106
4353858 0 104
4355307 0 105
4356757 0 105
4358255 0 105
4359729 0 105
4361154 0 105
4362702 0 105
4364225 0 105
4365723 0 106
4367271 0 104
4368696 0 105
4370121 0 105
4371644 0 105
4373142 0 105
4374592 0 106
4376140 0 104
4377638 0 105
4379161 0 105
4380586 0 105
4382109 0 106
4383657 0 104
4385106 0 105
4386605 0 106
4388030 0 104
4389528 0 105
4390953 0 105
4392452 0 106
4393975 0 104
4395399 0 105
4396947 0 105
4398470 0 105
4399895 0 105
4401320 0 105
4402868 0 105
4404366 0 106
4405914 0 104
4407314 0 105
4408714 0 105
4410139 0 105
4411687 0 105
4413210 0 105
4414733 0 106
4416207 0 104
4417706 0 105
4419229 0 105
4420678 0 106
4422177 0 104
4423700 0 105
4425174 0 105
4426672 0 105
4428146 0 105
4429596 0 105
4431094 0 106
4432568 0 104
4434067 0 105
4435516 0 105
4436941 0 105
4438415 0 105
4439938 0 106
4441486 0 104
4442911 0 105
4444360 0 105
4445908 0 105
4447357 0 106
4448807 0 104
4450231 0 105
4451681 0 105
4453228 0 105
4454678 0 105
4456226 0 105
4457724 0 106
4459149 0 104
4460647 0 105
4462146 0 105
4463595 0 106
4465143 0 104
4466593 0 105
4468140 0 106
4469590 0 104
4470990 0 105
4472488 0 106
4474036 0 104
4475485 0 105
4476910 0 105
4478384 0 105
4479785 0 105
4481308 0 105
4482855 0 105
4484378 0 106
4485877 0 104
4487351 0 105
4488800 0 105
4490250 0 105
4491724 0 106
4493271 0 104
4494672 0 105
4496219 0 105
4497743 0 105
4499266 0 105
4500789 0 105
4502336 0 106
4503810 0 104
4505284 0 105
4506807 0 105
4508257 0 105
4509731 0 106
4511180 0 104
4512728 0 105
4514276 0 105
4515750 0 105
4517174 0 105
4518673 0 105
4520122 0 106
4521621 0 104
4523119 0 105
4524643 0 106
4526043 0 104
4527492 0 105
4528942 0 105
4530489 0 105
4532037 0 105
4533560 0 105
4534960 0 105
4536361 0 106
4537761 0 104
4539186 0 105
4540586 0 105
4542060 0 105
4543559 0 106
4545033 0 104
4546531 0 105
