31858 0 6
33353 0 8
34848 0 8
36343 0 11
37879 0 11
39272 0 8
40828 0 12
42323 0 4
43716 0 3
45272 0 8
46849 0 13
48242 0 14
49757 0 17
51211 0 32
52645 0 8
54181 0 15
55635 0 35
57130 0 8
58707 0 15
60141 0 21
61717 0 23
63233 0 26
64687 0 3
66202 0 14
67738 0 16
69131 0 13
70626 0 22
72121 0 29
73637 0 2
75152 0 22
76606 0 16
77999 0 32
79412 0 6
80886 0 22
82422 0 36
83876 0 7
85433 0 17
86846 0 22
88402 0 15
89959 0 21
91515 0 18
92990 0 13
94526 0 36
96041 0 4
97557 0 14
98990 0 17
100424 0 18
101858 0 16
103250 0 20
104704 0 18
106138 0 23
107592 0 25
109046 0 7
110561 0 14
111995 0 36
113469 0 11
114924 0 15
116337 0 17
117770 0 27
119224 0 2
120699 0 21
122153 0 22
123709 0 19
125225 0 35
126720 0 9
128276 0 19
129730 0 13
131205 0 27
132659 0 9
134236 0 23
135751 0 22
137226 0 23
138741 0 26
140154 0 12
141690 0 21
143165 0 35
144599 0 8
146155 0 19
147589 0 19
149084 0 22
150579 0 17
152074 0 23
153507 0 33
154941 0 12
156374 0 18
157931 0 14
159344 0 20
160818 0 30
162211 0 6
163645 0 18
165221 0 35
166676 0 12
168109 0 14
169584 0 32
171017 0 4
172533 0 23
173966 0 13
175400 0 22
176854 0 13
178267 0 33
179721 0 11
181196 0 18
182773 0 21
184349 0 32
185804 0 12
187299 0 24
188691 0 18
190227 0 26
191681 0 10
193217 0 16
194692 0 21
196146 0 13
197682 0 19
199156 0 23
200590 0 15
202085 0 30
203457 0 11
204931 0 23
206447 0 23
207922 0 20
209355 0 14
210871 0 20
212427 0 31
213963 0 1
215376 0 22
216892 0 26
218387 0 8
219923 0 21
221479 0 13
222974 0 18
224387 0 22
225862 0 28
227275 0 12
228749 0 13
230285 0 14
231739 0 23
233234 0 21
234750 0 33
236183 0 5
237637 0 20
239092 0 32
240607 0 11
242041 0 17
243556 0 23
244990 0 16
246485 0 27
248021 0 6
249516 0 20
251031 0 25
252506 0 8
253939 0 18
255414 0 17
256847 0 15
258383 0 21
259878 0 27
261394 0 3
262786 0 18
264261 0 16
265695 0 21
267251 0 18
268807 0 21
270262 0 29
271736 0 11
273211 0 14
274726 0 25
276201 0 10
277757 0 21
279273 0 13
280747 0 24
282283 0 28
283737 0 1
285171 0 24
286727 0 20
288243 0 16
289635 0 14
291048 0 19
292564 0 14
293997 0 26
295513 0 7
297028 0 16
298462 0 20
299896 0 24
301370 0 20
302865 0 30
304299 0 2
305773 0 20
307227 0 20
308681 0 17
310197 0 17
311692 0 17
313166 0 17
314620 0 22
316197 0 36
317631 0 7
319126 0 14
320580 0 16
321952 0 27
323468 0 12
324983 0 20
326560 0 23
327953 0 33
329366 0 9
330799 0 16
332253 0 13
333748 0 29
335223 0 5
336738 0 20
338192 0 27
339687 0 10
341142 0 22
342657 0 14
344111 0 16
345627 0 28
347081 0 11
348596 0 13
350009 0 20
351463 0 16
352917 0 33
354371 0 3
355805 0 22
357361 0 13
358877 0 23
360351 0 17
361887 0 22
363444 0 19
364918 0 29
366393 0 12
367786 0 21
369342 0 15
370837 0 22
372393 0 19
373909 0 30
375343 0 9
376838 0 23
378312 0 18
379828 0 23
381323 0 22
382818 0 35
384333 0 11
385746 0 21
387303 0 32
388818 0 3
390313 0 24
391726 0 33
393201 0 6
394737 0 14
396129 0 16
397501 0 19
398935 0 24
400348 0 25
401843 0 8
403420 0 17
404936 0 31
406492 0 3
407905 0 18
409400 0 26
410916 0 8
412513 0 21
413926 0 15
415360 0 15
416855 0 34
418268 0 1
419742 0 22
421319 0 24
422794 0 14
424248 0 23
425681 0 28
427217 0 3
428712 0 14
430126 0 14
431559 0 18
432993 0 21
434549 0 15
436106 0 17
437621 0 26
439034 0 3
440468 0 23
441860 0 15
443396 0 27
444789 0 8
446263 0 23
447779 0 32
449254 0 1
450728 0 13
452162 0 19
453636 0 23
455070 0 21
456524 0 30
457978 0 2
459432 0 21
460988 0 17
462442 0 14
463937 0 18
465453 0 16
466927 0 16
468422 0 17
469917 0 34
471392 0 1
472805 0 20
474341 0 18
475877 0 18
477433 0 17
478826 0 22
480260 0 25
481734 0 5
483147 0 24
484642 0 15
486158 0 20
487632 0 24
489148 0 21
490704 0 23
492179 0 35
493735 0 8
495230 0 22
496746 0 27
498159 0 7
499674 0 22
501128 0 31
502603 0 11
504078 0 15
505532 0 15
507067 0 13
508583 0 23
510037 0 33
511593 0 5
513109 0 17
514604 0 21
516058 0 14
517492 0 30
518925 0 6
520379 0 19
521874 0 29
523369 0 3
524885 0 18
526400 0 27
527834 0 6
529390 0 18
530906 0 14
532421 0 18
533896 0 18
535350 0 34
536804 0 5
538258 0 23
539671 0 24
541084 0 17
542518 0 20
544074 0 22
545651 0 26
547064 0 2
548477 0 23
549972 0 21
551406 0 18
552819 0 13
554212 0 31
555686 0 3
557181 0 13
558656 0 23
560212 0 24
561625 0 24
563141 0 16
564656 0 32
566069 0 12
567564 0 24
568957 0 14
570370 0 26
571845 0 1
573258 0 19
574671 0 22
576207 0 18
577640 0 15
579135 0 29
580671 0 1
582125 0 24
583641 0 23
585115 0 18
586549 0 23
587983 0 26
589355 0 5
590829 0 17
592283 0 26
593778 0 2
595314 0 13
596809 0 18
598263 0 23
599717 0 21
601233 0 18
602687 0 15
604182 0 31
605677 0 5
607090 0 22
608524 0 30
609896 0 1
611411 0 16
612865 0 25
614299 0 2
615753 0 13
617166 0 21
618682 0 16
620115 0 18
621610 0 14
623146 0 36
624682 0 10
626218 0 20
627672 0 19
629229 0 19
630662 0 34
632075 0 12
633611 0 16
635127 0 17
636540 0 34
637994 0 6
639550 0 23
640943 0 24
642479 0 21
643912 0 15
645428 0 16
646902 0 29
648377 0 10
649831 0 24
651367 0 27
652821 0 2
654316 0 13
655832 0 15
657388 0 28
658863 0 1
660276 0 23
661832 0 21
663368 0 21
664822 0 26
666215 0 3
667730 0 13
669225 0 19
670679 0 24
672133 0 18
673546 0 18
675062 0 36
676618 0 9
678072 0 21
679567 0 23
681083 0 29
682598 0 8
684073 0 21
685527 0 17
686920 0 13
688435 0 32
689889 0 4
691282 0 23
692695 0 32
694190 0 4
695705 0 13
697221 0 33
698716 0 9
700293 0 23
701849 0 36
703303 0 5
704757 0 21
706293 0 21
707870 0 20
709324 0 17
710778 0 31
712273 0 11
713727 0 23
715120 0 28
716615 0 12
718110 0 21
719564 0 24
721018 0 14
722534 0 16
723988 0 24
725421 0 17
726916 0 25
728370 0 4
729886 0 24
731340 0 13
732753 0 15
734289 0 16
735743 0 23
737300 0 26
738815 0 3
740310 0 17
741785 0 35
743280 0 5
744795 0 19
746208 0 24
747744 0 24
749178 0 19
750755 0 26
752188 0 6
753642 0 22
755178 0 13
756714 0 19
758148 0 18
759602 0 18
761015 0 36
762469 0 4
763862 0 17
765377 0 26
766811 0 9
768244 0 21
769801 0 14
771214 0 30
772606 0 2
774142 0 13
775699 0 28
777132 0 9
778648 0 13
780061 0 32
781495 0 10
783010 0 22
784464 0 22
785877 0 13
787311 0 32
788703 0 10
790178 0 22
791673 0 16
793168 0 15
794663 0 18
796117 0 25
797530 0 2
798923 0 14
800377 0 14
801872 0 13
803346 0 23
804780 0 20
806234 0 13
807627 0 14
809081 0 34
810514 0 1
812050 0 17
813545 0 29
815081 0 7
816535 0 24
817969 0 34
819443 0 2
820979 0 15
822495 0 32
823908 0 11
825321 0 22
826877 0 23
828331 0 28
829867 0 7
831424 0 13
832858 0 20
834414 0 23
835807 0 32
837281 0 4
838756 0 23
840230 0 14
841623 0 23
843036 0 20
844469 0 16
845923 0 18
847378 0 35
848873 0 6
850409 0 14
851842 0 14
853317 0 17
854791 0 16
856245 0 33
857802 0 9
859276 0 21
860812 0 36
862369 0 5
863802 0 21
865297 0 22
866772 0 22
868267 0 24
869803 0 33
871298 0 4
872670 0 23
874103 0 31
875660 0 5
877175 0 20
878629 0 17
880084 0 13
881558 0 20
883135 0 33
884548 0 6
886002 0 13
887477 0 33
889033 0 5
890549 0 18
892044 0 28
893539 0 9
894972 0 17
896406 0 30
897778 0 1
899314 0 15
900829 0 21
902263 0 20
903717 0 13
905233 0 14
906748 0 14
908161 0 28
909656 0 5
911069 0 18
912564 0 22
914121 0 18
915657 0 21
917131 0 24
918565 0 30
919978 0 6
921555 0 17
923029 0 17
924463 0 19
925999 0 17
927412 0 35
928927 0 3
930463 0 17
931897 0 17
1042827 0 101
1044240 0 101
1045694 0 101
1047128 0 101
1048643 0 101
1050118 0 101
1051510 0 101
1052944 0 101
1054459 0 101
1055852 0 101
1057306 0 102
1058801 0 102
1060255 0 102
1061771 0 102
1063163 0 102
1064720 0 103
1066215 0 101
1067689 0 102
1069184 0 102
1070700 0 103
1072277 0 101
1073690 0 102
1075164 0 102
1076557 0 102
1078011 0 103
1079506 0 101
1080960 0 102
1082496 0 102
1083889 0 103
1085384 0 101
1086838 0 102
1088312 0 102
1089848 0 102
1091323 0 102
1092879 0 102
1094333 0 103
1095869 0 101
1097364 0 102
1098757 0 102
1100272 0 102
1101686 0 102
1103078 0 102
1104471 0 103
1105884 0 101
1107420 0 102
1108915 0 102
1110369 0 102
1111823 0 103
1113359 0 101
1114895 0 102
1116288 0 102
1117701 0 102
1119134 0 103
1120547 0 101
1122042 0 102
1123455 0 103
1124868 0 101
1126343 0 102
1127818 0 103
1129251 0 101
1130746 0 102
1132262 0 102
1133654 0 102
1135170 0 102
1136603 0 102
1138016 0 102
1139511 0 102
1141027 0 103
1142460 0 101
1143894 0 102
1145389 0 102
1146864 0 102
1148338 0 102
1149833 0 103
1151369 0 101
1152782 0 102
1154257 0 102
1155731 0 102
1157144 0 102
1158537 0 102
1160032 0 102
1161445 0 102
1162940 0 103
1164353 0 101
1165807 0 102
1167200 0 102
1168674 0 102
1170108 0 102
1171603 0 103
1173139 0 101
1174532 0 102
1176006 0 103
1177522 0 101
1178976 0 102
1180389 0 103
1181884 0 101
1183297 0 102
1184771 0 102
1186287 0 102
1187823 0 102
1189297 0 102
1190813 0 102
1192205 0 103
1193741 0 101
1195134 0 102
1196609 0 102
1198104 0 102
1199619 0 102
1201073 0 102
1202548 0 103
1204043 0 101
1205456 0 102
1206890 0 102
1208425 0 102
1209838 0 102
1211313 0 102
1212788 0 102
1214180 0 103
1215634 0 101
1217109 0 102
1218624 0 102
1220099 0 102
1221614 0 103
1223089 0 101
1224481 0 102
1225915 0 102
1227430 0 102
1228946 0 102
1230359 0 103
1231875 0 101
1233308 0 102
1234762 0 103
1236298 0 101
1237834 0 102
1239370 0 103
1240927 0 101
1242340 0 102
1243855 0 102
1245309 0 102
1246743 0 102
1248238 0 102
1249651 0 102
1251043 0 103
1252477 0 101
1253870 0 102
1255283 0 102
1256778 0 102
1258252 0 102
1259665 0 103
1261222 0 101
1262655 0 102
1264069 0 103
1265584 0 101
1267120 0 102
1268533 0 103
1269967 0 101
1271503 0 102
1272998 0 102
1274411 0 102
1275844 0 102
1277257 0 102
1278752 0 102
1280227 0 103
1281783 0 101
1283278 0 102
1284692 0 102
1286105 0 103
1287538 0 101
1289033 0 102
1290549 0 102
1292064 0 103
1293539 0 101
1294931 0 102
1296385 0 102
1297901 0 102
1299375 0 102
1300891 0 102
1302325 0 102
1303779 0 102
1305192 0 103
1306769 0 101
1308284 0 102
1309738 0 102
1311274 0 103
1312708 0 101
1314182 0 102
1315616 0 102
1317029 0 102
1318524 0 102
1319957 0 103
1321473 0 101
1323009 0 102
1324422 0 103
1325978 0 101
1327473 0 102
1328968 0 103
1330402 0 101
1331836 0 102
1333290 0 102
1334805 0 103
1336362 0 101
1337795 0 102
1339270 0 103
1340847 0 101
1342301 0 102
1343755 0 103
1345291 0 101
1346786 0 102
1348199 0 102
1349591 0 102
1351025 0 103
1352561 0 101
1354097 0 102
1355510 0 103
1356964 0 101
1358439 0 102
1359913 0 103
1361490 0 101
1363006 0 102
1364419 0 102
1365955 0 103
1367532 0 101
1369027 0 102
1370563 0 103
1372017 0 101
1373553 0 102
1375027 0 103
1376461 0 101
1377976 0 102
1379471 0 102
1380987 0 102
1382482 0 103
1383895 0 101
1385328 0 102
1386823 0 103
1388277 0 101
1389752 0 102
1391186 0 103
1392701 0 101
1394135 0 102
1395548 0 103
1397104 0 101
1398497 0 102
1400033 0 103
1401507 0 101
1402920 0 102
1404436 0 102
1405951 0 103
1407405 0 101
1408839 0 102
1410273 0 102
1411788 0 103
1413242 0 101
1414758 0 102
1416212 0 102
1417727 0 103
1419222 0 101
1420676 0 102
1422069 0 102
1423605 0 102
1425079 0 103
1426574 0 101
1427987 0 102
1429462 0 102
1430916 0 102
1432391 0 102
1433783 0 102
1435237 0 102
1436691 0 103
1438248 0 101
1439681 0 102
1441197 0 102
1442692 0 102
1444207 0 102
1445600 0 102
1447136 0 102
1448672 0 103
1450228 0 101
1451723 0 102
1453198 0 102
1454652 0 102
1456045 0 102
1457560 0 102
1459014 0 103
1460530 0 101
1462025 0 102
1463540 0 102
1465076 0 102
1466551 0 102
1467964 0 103
1469479 0 101
1470933 0 102
1472387 0 103
1473964 0 101
1475418 0 102
1476852 0 103
1478265 0 101
1479699 0 102
1481112 0 103
1482545 0 101
1484061 0 102
1485576 0 103
1487112 0 101
1488669 0 102
1490164 0 102
1491618 0 102
1493051 0 102
1494485 0 102
1496021 0 102
1497557 0 102
1499052 0 103
1500547 0 101
1502062 0 102
1503496 0 102
1504909 0 102
1506302 0 102
1507797 0 102
1509251 0 103
1510746 0 101
1512138 0 102
1513572 0 103
1515128 0 101
1516541 0 102
1517975 0 103
1519470 0 101
1520985 0 102
1522480 0 102
1523914 0 102
1525327 0 103
1526761 0 101
1528297 0 102
1529771 0 103
1531328 0 101
1532761 0 102
1534297 0 102
1535833 0 102
1537287 0 102
1538680 0 103
1540195 0 101
1541608 0 102
1543103 0 102
1544558 0 102
1546053 0 102
1547527 0 103
1549022 0 101
1550476 0 102
1551910 0 102
1553425 0 103
1554879 0 101
1556354 0 102
1557890 0 102
1559303 0 102
1560777 0 102
1562252 0 102
1563686 0 103
1565242 0 101
1566716 0 102
1568191 0 102
1569584 0 103
1571140 0 101
1572615 0 102
1574130 0 102
1575564 0 103
1577120 0 101
1578533 0 102
1579967 0 102
1581462 0 102
1582916 0 102
1584308 0 102
1585844 0 103
1587339 0 101
1588732 0 102
1590186 0 102
1591702 0 103
1593258 0 101
1594815 0 102
1596289 0 102
1597723 0 102
1599156 0 102
1600651 0 102
1602208 0 103
1603744 0 101
1605157 0 102
1606549 0 102
1607983 0 102
1609478 0 103
1611014 0 101
1612550 0 102
1613943 0 102
1615397 0 102
1616830 0 103
1618305 0 101
1619697 0 102
1621192 0 102
1622626 0 102
1624141 0 102
1625534 0 102
1627070 0 102
1628565 0 103
1629999 0 101
1631535 0 102
1633009 0 103
1634545 0 101
1635958 0 102
1637351 0 103
1638784 0 101
1640320 0 102
1641856 0 102
1643310 0 102
1644744 0 102
1646259 0 103
1647734 0 101
1649229 0 102
1650683 0 102
1652117 0 102
1653612 0 103
1655168 0 101
1656581 0 102
1657994 0 102
1659448 0 103
1660984 0 101
1662377 0 102
1663872 0 102
1665408 0 102
1666903 0 102
1668459 0 103
1669934 0 101
1671326 0 102
1672862 0 102
1674296 0 103
1675791 0 101
1677266 0 102
1678658 0 103
1680215 0 101
1681648 0 102
1683082 0 102
1684618 0 102
1686154 0 102
1687608 0 103
1689103 0 101
1690516 0 102
1691908 0 102
1693383 0 102
1694796 0 102
1696332 0 102
1697868 0 103
1699384 0 101
1700797 0 102
1702210 0 102
1703643 0 103
1705118 0 101
1706531 0 102
1707965 0 102
1709460 0 102
1710893 0 102
1712327 0 102
1713719 0 103
1715255 0 101
1716791 0 102
1718204 0 102
1719699 0 102
1721194 0 102
1722730 0 102
1724184 0 102
1725659 0 103
1727134 0 101
1728587 0 102
1730123 0 103
1731700 0 101
1733175 0 102
1734609 0 103
1736042 0 101
1737517 0 102
1739012 0 102
1740466 0 102
1742002 0 102
1743476 0 103
1744910 0 101
1746405 0 102
1747941 0 102
1749333 0 102
1750869 0 102
1752364 0 102
1753859 0 103
1755334 0 101
1756890 0 102
1758324 0 102
1759717 0 102
1761253 0 103
1762748 0 101
1764161 0 102
1765553 0 103
1767028 0 101
1768502 0 102
1769936 0 102
1771329 0 102
1772823 0 103
1774278 0 101
1775814 0 102
1777329 0 102
1778742 0 102
1780278 0 102
1781773 0 103
1783268 0 101
1784681 0 102
1786135 0 102
1787610 0 102
1789023 0 102
1790518 0 102
1792033 0 103
1793508 0 101
1794962 0 102
1796416 0 102
1797809 0 102
1799242 0 102
1800676 0 103
1802150 0 101
1803604 0 102
1805079 0 102
1806492 0 102
1807946 0 103
1809441 0 101
1810957 0 102
1812493 0 103
1813947 0 101
1815462 0 102
1816916 0 102
1818350 0 102
1819865 0 102
1821360 0 103
1822896 0 101
1824309 0 102
1825763 0 103
1827176 0 101
1828712 0 102
1830207 0 102
1831702 0 103
1833218 0 101
1834733 0 102
1836167 0 102
1837560 0 102
1838973 0 102
1840488 0 102
1841881 0 102
1843355 0 103
1844809 0 101
1846263 0 102
1847677 0 102
1849151 0 102
1850646 0 102
1852059 0 103
1853636 0 101
1855090 0 102
1856626 0 102
1858060 0 102
1859473 0 102
1861009 0 102
1862504 0 103
1863937 0 101
1865473 0 102
1866907 0 103
1868341 0 101
1869754 0 102
1871269 0 102
1872723 0 102
1874198 0 102
1875693 0 102
1877106 0 102
1878519 0 103
1880055 0 101
1881447 0 102
1882983 0 102
1884499 0 102
1885953 0 102
1887428 0 102
1888923 0 103
1890356 0 101
1891769 0 102
1893223 0 103
1894759 0 101
1896213 0 102
1897667 0 102
1899121 0 103
1900678 0 101
1902193 0 102
1903627 0 102
1905020 0 102
1906412 0 102
1907866 0 103
1909300 0 101
1910774 0 102
1912208 0 102
1913600 0 103
1915055 0 101
1916447 0 102
1917942 0 102
1919437 0 102
1920973 0 102
1922407 0 103
1923943 0 101
1925376 0 102
1926789 0 103
1928264 0 101
1929677 0 102
1931193 0 103
1932667 0 101
1934142 0 102
1935555 0 102
1937009 0 102
1938442 0 102
2478795 0 42
2480229 0 37
2481785 0 38
2483321 0 46
2484877 0 44
2486332 0 40
2487786 0 45
2489240 0 42
2490714 0 37
2492230 0 41
2493786 0 50
2495302 0 58
2496735 0 51
2498251 0 59
2499787 0 52
2501220 0 70
2502674 0 40
2504169 0 50
2505623 0 50
2507057 0 57
2508613 0 55
2510149 0 61
2511624 0 40
2513037 0 51
2514552 0 53
2516027 0 51
2517583 0 49
2519119 0 58
2520676 0 70
2522150 0 41
2523666 0 49
2525100 0 67
2526513 0 40
2527987 0 60
2529462 0 55
2530936 0 69
2532390 0 40
2533906 0 51
2535380 0 50
2536916 0 69
2538473 0 42
2539927 0 53
2541422 0 55
2542835 0 49
2544371 0 54
2545886 0 69
2547340 0 43
2548876 0 50
2550392 0 54
2551825 0 57
2553341 0 55
2554877 0 69
2556311 0 42
2557785 0 55
2559280 0 58
2560714 0 57
2562127 0 62
2563540 0 48
2565055 0 55
2566550 0 52
2568107 0 50
2569622 0 56
2571138 0 50
2572551 0 67
2573964 0 46
2575541 0 49
2577036 0 51
2578592 0 69
2580169 0 40
2581623 0 59
2583098 0 70
2584470 0 48
2585965 0 52
2587439 0 49
2588955 0 60
2590470 0 60
2591986 0 49
2593440 0 71
2594833 0 41
2596307 0 51
2597823 0 58
2599318 0 58
2600813 0 60
2602369 0 63
2603864 0 38
2605339 0 58
2606813 0 62
2608288 0 48
2609844 0 55
2611319 0 72
2612773 0 39
2614227 0 52
2615804 0 67
2617278 0 43
2618814 0 50
2620330 0 68
2621866 0 46
2623402 0 60
2624876 0 49
2626433 0 54
2627989 0 59
2629546 0 56
2631000 0 63
2632454 0 40
2633908 0 49
2635423 0 50
2636836 0 59
2638290 0 63
2639785 0 43
2641321 0 60
2642734 0 49
2644250 0 63
2645745 0 45
2647301 0 51
2648776 0 71
2650291 0 48
2651725 0 56
2653220 0 62
2654633 0 38
2656067 0 57
2657541 0 53
2659057 0 50
2660531 0 50
2662006 0 63
2663439 0 47
2664873 0 55
2666347 0 62
2667904 0 44
2669419 0 50
2670894 0 57
2672368 0 65
2673843 0 43
2675420 0 58
2676956 0 53
2678369 0 51
2679844 0 56
2681339 0 69
2682772 0 43
2684349 0 49
2685906 0 65
2687339 0 47
2688875 0 55
2690329 0 58
2691804 0 53
2693360 0 65
2694876 0 48
2696309 0 57
2697825 0 57
2699381 0 50
2700876 0 58
2702371 0 57
2703866 0 61
2705259 0 42
2706733 0 51
2708187 0 55
2709703 0 55
2711136 0 61
2712570 0 43
2714106 0 54
2715560 0 54
2717014 0 50
2718571 0 59
2720066 0 62
2721520 0 40
2722974 0 54
2724428 0 52
2725882 0 52
2727397 0 60
2728851 0 49
2730367 0 52
2731923 0 61
2733398 0 42
2734872 0 51
2736408 0 49
2737965 0 50
2739439 0 52
2740934 0 49
2742368 0 63
2743904 0 41
2745440 0 56
2746894 0 60
2748409 0 68
2749843 0 39
2751338 0 51
2752751 0 66
2754287 0 48
2755762 0 55
2757338 0 59
2758772 0 57
2760328 0 50
2761864 0 66
2763339 0 39
2764752 0 52
2766186 0 61
2767599 0 47
2769155 0 54
2770609 0 59
2772043 0 57
2773579 0 60
2774992 0 55
2776507 0 62
2777962 0 44
2779436 0 54
2780890 0 53
2782406 0 56
2783839 0 58
2785375 0 67
2786788 0 42
2788324 0 59
2789758 0 70
2791253 0 47
2792686 0 60
2794243 0 72
2795738 0 42
2797151 0 50
2798646 0 50
2800100 0 56
2801656 0 59
2803213 0 65
2804626 0 39
2806141 0 51
2807555 0 63
2808968 0 47
2810401 0 54
2811835 0 52
2813248 0 55
2814743 0 70
2816176 0 45
2817692 0 51
2819166 0 49
2820682 0 50
2822177 0 53
2823713 0 71
2825249 0 44
2826723 0 56
2828177 0 56
2829591 0 50
2831147 0 52
2832581 0 63
2834055 0 37
2835571 0 53
2837025 0 65
2838479 0 44
2839953 0 56
2841366 0 52
2842800 0 55
2844254 0 57
2845749 0 56
2847203 0 59
2848616 0 68
2850111 0 45
2851627 0 50
2853040 0 49
2854596 0 69
2856132 0 39
2857607 0 49
2858999 0 68
2860556 0 40
2862112 0 59
2863628 0 60
2865143 0 62
2866556 0 48
2867969 0 58
2869403 0 49
2870816 0 65
2872229 0 40
2873724 0 51
2875178 0 57
2876612 0 71
2878107 0 37
2879520 0 57
2881015 0 57
2882510 0 58
2883944 0 54
2885357 0 49
2886831 0 61
2888285 0 45
2889821 0 58
2891316 0 49
2892750 0 51
2894163 0 71
2895555 0 38
2897010 0 54
2898566 0 53
2900061 0 71
2901495 0 45
2903031 0 49
2904444 0 57
2905959 0 58
2907434 0 68
2908949 0 40
2910362 0 53
2911796 0 60
2913250 0 53
2914745 0 60
2916178 0 59
2917612 0 54
2919107 0 56
2920643 0 70
2922138 0 48
2923592 0 57
2925046 0 68
2926562 0 47
2928036 0 55
2929572 0 65
2931129 0 44
2932624 0 52
2934037 0 66
2935450 0 42
2936986 0 60
2938460 0 66
2940017 0 38
2941553 0 50
2942966 0 56
2944440 0 54
2945874 0 69
2947410 0 37
2948823 0 54
2950379 0 59
2951874 0 50
2953328 0 60
2954864 0 57
2956380 0 67
2957814 0 46
2959288 0 50
2960824 0 50
2962319 0 64
2963876 0 40
2965412 0 57
2966927 0 53
2968442 0 56
2969999 0 59
2971494 0 50
2972907 0 55
2974341 0 68
2975815 0 44
2977372 0 60
2978887 0 50
2980403 0 52
2981959 0 49
2983454 0 64
2984990 0 38
2986444 0 57
2987960 0 55
2989516 0 55
2991072 0 64
2992567 0 40
2994103 0 59
2995578 0 49
2997073 0 67
2998486 0 39
3000002 0 58
3001456 0 52
3003012 0 60
3004466 0 62
3005982 0 45
3007456 0 53
3008972 0 59
3010405 0 58
3011839 0 56
3013334 0 57
3014747 0 70
3016262 0 44
3017716 0 57
3019232 0 55
3020645 0 49
3022201 0 58
3023697 0 50
3025192 0 50
3026666 0 57
3028141 0 69
3029636 0 43
3031049 0 53
3032544 0 63
3034080 0 46
3035513 0 58
3037090 0 50
3038606 0 55
3040121 0 52
3041678 0 55
3043173 0 71
3044647 0 45
3046101 0 54
3047494 0 69
3049009 0 38
3050463 0 56
3052020 0 70
3053433 0 42
3054866 0 51
3056259 0 54
3057795 0 50
3059229 0 55
3060806 0 55
3062321 0 55
3063857 0 55
3065291 0 67
3066704 0 47
3068178 0 60
3069571 0 49
3071127 0 57
3072581 0 65
3073994 0 38
3075428 0 60
3076985 0 49
3078500 0 69
3080077 0 48
3081490 0 59
3082944 0 58
3084398 0 54
3085832 0 71
3087347 0 42
3088863 0 56
3090399 0 59
3091955 0 55
3093450 0 59
3094863 0 51
3096420 0 68
3097935 0 38
3099471 0 51
3100925 0 62
3102482 0 48
3103915 0 52
3105431 0 65
3106885 0 41
3108359 0 55
3109793 0 59
3111206 0 53
3112762 0 58
3114257 0 57
3115752 0 63
3117268 0 43
3118742 0 49
3120237 0 64
3121732 0 46
3123289 0 58
3124784 0 54
3126258 0 49
3127774 0 58
3129249 0 65
3130764 0 45
3132279 0 57
3133734 0 58
3135229 0 55
3136642 0 52
3138116 0 67
3139632 0 39
3141086 0 59
3142519 0 69
3144014 0 37
3145468 0 55
3147025 0 60
3148581 0 55
3150117 0 51
3151674 0 55
3153107 0 63
3154602 0 38
3156077 0 58
3157551 0 57
3159087 0 49
3160644 0 70
3162139 0 46
3163675 0 53
3165149 0 55
3166624 0 55
3168037 0 49
3169430 0 69
3170966 0 40
3172461 0 58
3174017 0 71
3175512 0 48
3176946 0 55
3178420 0 59
3179895 0 49
3181390 0 58
3182823 0 51
3184380 0 56
3185834 0 66
3187370 0 39
3188824 0 53
3190339 0 53
3191814 0 53
3193309 0 53
3194845 0 68
3196340 0 48
3197814 0 56
3199371 0 58
3200886 0 51
3202299 0 53
3203733 0 50
3205248 0 54
3206784 0 64
3208320 0 43
3209856 0 54
3211290 0 55
3212826 0 60
3214259 0 49
3215775 0 60
3217188 0 68
3218663 0 39
3220096 0 54
3221612 0 69
3223066 0 41
3224622 0 59
3226056 0 53
3227530 0 55
3228964 0 57
3230500 0 53
3231913 0 59
3233469 0 64
3235005 0 37
3236418 0 51
3237893 0 57
3239367 0 56
3240903 0 55
3242337 0 53
3243873 0 52
3245348 0 67
3246843 0 44
3248338 0 60
3249812 0 63
3251225 0 38
3252782 0 49
3254236 0 50
3255690 0 50
3257226 0 66
3258639 0 44
3260195 0 54
3261711 0 57
3263144 0 51
3264578 0 54
3266073 0 71
3267629 0 40
3269186 0 52
3270722 0 69
3272176 0 47
3273609 0 50
3275145 0 54
3276661 0 53
3278156 0 51
3279651 0 62
3281166 0 46
3282661 0 57
3284115 0 65
3285570 0 42
3287085 0 58
3288560 0 60
3289973 0 51
3291468 0 56
3293024 0 60
3294519 0 63
3295994 0 43
3297509 0 57
3299066 0 52
3300622 0 63
3302076 0 37
3303530 0 51
3305025 0 52
3306520 0 53
3308077 0 60
3309531 0 72
3311005 0 38
3312500 0 59
3313954 0 66
3315511 0 43
3317026 0 49
3318439 0 53
3319975 0 68
3321409 0 43
3322904 0 49
3324358 0 71
3325873 0 43
3327430 0 52
3328966 0 60
3330399 0 56
3331956 0 54
3333451 0 72
3334864 0 40
3336420 0 57
3337956 0 55
3339370 0 54
3340865 0 54
3342257 0 70
3343629 0 37
3345104 0 51
3346660 0 59
3348155 0 60
3349691 0 71
3351207 0 40
3352784 0 50
3354340 0 65
3355856 0 47
3357392 0 53
3358846 0 53
3360320 0 60
3361733 0 60
3363290 0 56
3364826 0 62
3366321 0 38
3367877 0 59
3369413 0 63
3370949 0 41
3372444 0 50
3373898 0 63
3375455 0 40
3376950 0 56
3378445 0 70
3379940 0 39
3381435 0 51
3382848 0 49
3384363 0 53
3429941 0 104
3431375 0 104
3432808 0 104
3434201 0 104
3435675 0 104
3437088 0 104
3438481 0 104
3439956 0 104
3441512 0 104
3442946 0 104
3444338 0 105
3445731 0 105
3447185 0 105
3448578 0 105
3450011 0 105
3451424 0 106
3452940 0 104
3454496 0 105
3455991 0 106
3457404 0 104
3458920 0 105
3460435 0 105
3461930 0 106
3463384 0 104
3464797 0 105
3466210 0 105
3467685 0 105
3469139 0 106
3470614 0 104
3472129 0 105
3473645 0 105
3475140 0 105
3476635 0 105
3478068 0 106
3479563 0 104
3481017 0 105
3482471 0 105
3483864 0 105
3485420 0 105
3486874 0 105
3488267 0 106
3489721 0 104
3491175 0 105
3492609 0 105
3494083 0 105
3495640 0 105
3497114 0 105
3498548 0 106
3499961 0 104
3501394 0 105
3502951 0 105
3504405 0 105
3505839 0 105
3507252 0 105
3508788 0 106
3510180 0 104
3511716 0 105
3513232 0 106
3514788 0 104
3516242 0 105
3517758 0 106
3519212 0 104
3520768 0 105
3522284 0 105
3523758 0 106
3525192 0 104
3526625 0 105
3528100 0 106
3529513 0 104
3530967 0 105
3532503 0 106
3534019 0 104
3535452 0 105
3536886 0 105
3538401 0 105
3539876 0 105
3541330 0 105
3542784 0 106
3544258 0 104
3545712 0 105
3547146 0 106
3548580 0 104
3550054 0 105
3551570 0 106
3553044 0 104
3554478 0 105
3555911 0 105
3557324 0 105
3558778 0 105
3560232 0 105
3561686 0 105
3563079 0 105
3564636 0 106
3566172 0 104
3567687 0 105
3569141 0 105
3570554 0 105
3572008 0 105
3573503 0 105
3574957 0 105
3576391 0 105
3577865 0 106
3579319 0 104
3580733 0 105
3582269 0 105
3583784 0 105
3585238 0 105
3586692 0 106
3588146 0 104
3589641 0 105
3591198 0 105
3592713 0 106
3594208 0 104
3595601 0 105
3597014 0 106
3598509 0 104
3599922 0 105
3601397 0 106
3602932 0 104
3604346 0 105
3605820 0 105
3607254 0 105
3608667 0 106
3610059 0 104
3611473 0 105
3612988 0 105
3614381 0 105
3615917 0 105
3617412 0 106
3618907 0 104
3620299 0 105
3621815 0 105
3623310 0 105
3624743 0 105
3626279 0 106
3627815 0 104
3629269 0 105
3630805 0 105
3632280 0 105
3633713 0 106
3635167 0 104
3636560 0 105
3638014 0 106
3639550 0 104
3640984 0 105
3642520 0 106
3644015 0 104
3645448 0 105
3647005 0 106
3648438 0 104
3649913 0 105
3651326 0 106
3652841 0 104
3654275 0 105
3655708 0 105
3657163 0 106
3658678 0 104
3660112 0 105
3661586 0 105
3663040 0 105
3664576 0 105
3666010 0 105
3667484 0 106
3669000 0 104
3670433 0 105
3671846 0 105
3673321 0 105
3674836 0 106
3676331 0 104
3677826 0 105
3679240 0 105
3680694 0 105
3682230 0 105
3683745 0 106
3685281 0 104
3686715 0 105
3688210 0 105
3689664 0 106
3691159 0 104
3692551 0 105
3694046 0 106
3695459 0 104
3696954 0 105
3698470 0 106
3699883 0 104
3701296 0 105
3702771 0 105
3704266 0 105
3705781 0 105
3707194 0 105
3708628 0 105
3710041 0 106
3711475 0 104
3712888 0 105
3714362 0 105
3715816 0 105
3717311 0 105
3718847 0 105
3720301 0 105
3721776 0 106
3723209 0 104
3724745 0 105
3726179 0 106
3727694 0 104
3729169 0 105
3730705 0 105
3732261 0 105
3733715 0 105
3735210 0 105
3736664 0 106
3738221 0 104
3739634 0 105
3741129 0 105
3742604 0 105
3744058 0 106
3745471 0 104
3746884 0 105
3748399 0 106
3749915 0 104
3751430 0 105
3752823 0 105
3754339 0 105
3755895 0 105
3757390 0 106
3758905 0 104
3760359 0 105
3761895 0 105
3763349 0 105
3764885 0 105
3766360 0 105
3767814 0 106
3769350 0 104
3770743 0 105
3772156 0 105
3773589 0 105
3775146 0 105
3776682 0 106
3778115 0 104
3779528 0 105
3780962 0 106
3782457 0 104
3783993 0 105
3785406 0 105
3786962 0 105
3788498 0 105
3790034 0 106
3791488 0 104
3792983 0 105
3794458 0 105
3795892 0 105
3797284 0 106
3798718 0 104
3800131 0 105
3801605 0 105
3803141 0 105
3804575 0 105
3805968 0 106
3807422 0 104
3808835 0 105
3810371 0 105
3811866 0 105
3813381 0 105
3814815 0 106
3816330 0 104
3817764 0 105
3819259 0 105
3820692 0 105
3822126 0 106
3823662 0 104
3825096 0 105
3826652 0 105
3828126 0 105
3829622 0 105
3831157 0 105
3832571 0 105
3834004 0 105
3835540 0 106
3837076 0 104
3838469 0 105
3839902 0 105
3841295 0 105
3842769 0 105
3844264 0 105
3845698 0 106
3847132 0 104
3848565 0 105
3850101 0 106
3851596 0 104
3853132 0 105
3854648 0 106
3856122 0 104
3857556 0 105
3858989 0 105
3860525 0 106
3862041 0 104
3863474 0 105
3864887 0 105
3866301 0 105
3867816 0 105
3869209 0 106
3870601 0 104
3872076 0 105
3873530 0 106
3875025 0 104
3876417 0 105
3877974 0 105
3879510 0 106
3880964 0 104
3882479 0 105
3883974 0 106
3885408 0 104
3886883 0 105
3888419 0 106
3889893 0 104
3891306 0 105
3892719 0 106
3894214 0 104
3895709 0 105
3897143 0 106
3898679 0 104
3900235 0 105
3901648 0 105
3903143 0 106
3904556 0 104
3905990 0 105
3907485 0 105
3909001 0 106
3910516 0 104
3912011 0 105
3913486 0 106
3914899 0 104
3916455 0 105
3917909 0 105
3919384 0 105
3920838 0 105
3922271 0 105
3923828 0 106
3925343 0 104
3926838 0 105
3928231 0 105
3929726 0 105
3931282 0 105
3932716 0 106
3934150 0 104
3935686 0 105
3937201 0 105
3938635 0 105
3940089 0 105
3941584 0 106
3943058 0 104
3944594 0 105
3946028 0 105
3947482 0 106
3948936 0 104
3950431 0 105
3951885 0 105
3953318 0 105
3954752 0 105
3956206 0 106
3957701 0 104
3959217 0 105
3960650 0 105
3962125 0 105
3963640 0 106
3965074 0 104
3966569 0 105
3968002 0 105
3969436 0 105
3970829 0 105
3972262 0 105
3973675 0 105
3975129 0 106
3976665 0 104
3978201 0 105
3979594 0 106
3981048 0 104
3982502 0 105
3984058 0 106
3985492 0 104
3987048 0 105
3988564 0 105
3989977 0 106
3991452 0 104
3992906 0 105
3994462 0 105
3995875 0 105
3997411 0 106
3998886 0 104
4000340 0 105
4001753 0 105
4003268 0 106
4004784 0 104
4006320 0 105
4007753 0 106
4009289 0 104
4010784 0 105
4012341 0 105
4013733 0 105
4015228 0 106
4016785 0 104
4018177 0 105
4019611 0 106
4021106 0 104
4022519 0 105
4024014 0 105
4025489 0 105
4027045 0 105
4028438 0 106
4029974 0 104
4031489 0 105
4032882 0 105
4034397 0 105
4035872 0 105
4037428 0 105
4038964 0 106
4040418 0 104
4041975 0 105
4043511 0 105
4045006 0 106
4046542 0 104
4047996 0 105
4049429 0 106
4050883 0 104
4052419 0 105
4053935 0 106
4055369 0 104
4056863 0 105
4058379 0 105
4059813 0 105
4061267 0 105
4062680 0 105
4064093 0 105
4065526 0 106
4067021 0 104
4068516 0 105
4069929 0 105
4071465 0 105
4072940 0 105
4074496 0 105
4075910 0 106
4077425 0 104
4078961 0 105
4080497 0 105
4081910 0 106
4083323 0 104
4084859 0 105
4086313 0 105
4087808 0 105
4089221 0 105
4090737 0 106
4092232 0 104
4093665 0 105
4095201 0 105
4096614 0 105
4098089 0 105
4099563 0 105
4100997 0 105
4102492 0 106
4104008 0 104
4105462 0 105
4106977 0 106
4108411 0 104
4109947 0 105
4111380 0 105
4112793 0 105
4114247 0 105
4115660 0 106
4117156 0 104
4118569 0 105
4120105 0 105
4121641 0 106
4123156 0 104
4124692 0 105
4126146 0 105
4127641 0 105
4129177 0 106
4130693 0 104
4132188 0 105
4133703 0 105
4135219 0 105
4136611 0 105
4138086 0 105
4139601 0 105
4141035 0 106
4142468 0 104
4143861 0 105
4145335 0 105
4146851 0 106
4148346 0 104
4149841 0 105
4151275 0 106
4152708 0 104
4154142 0 105
4155637 0 105
4157152 0 105
4158647 0 105
4160101 0 105
4161637 0 106
4163132 0 104
4164525 0 105
4165958 0 105
4167351 0 106
4168826 0 104
4170239 0 105
4171775 0 105
4173208 0 106
4174621 0 104
4176157 0 105
4177714 0 105
4179188 0 105
4180581 0 106
4182076 0 104
4183489 0 105
4185025 0 105
4186479 0 105
4188036 0 105
4189551 0 105
4191087 0 105
4192602 0 106
4194036 0 104
4195490 0 105
4197006 0 105
4198562 0 106
4200078 0 104
4201593 0 105
4203047 0 106
4204604 0 104
4206139 0 105
4207594 0 105
4209089 0 105
4210543 0 105
4212079 0 105
4213533 0 106
4215028 0 104
4216543 0 105
4218038 0 105
4219533 0 105
4221028 0 105
4222462 0 105
4223998 0 106
4225554 0 104
4227090 0 105
4228647 0 105
4230203 0 105
4231739 0 105
4233275 0 105
4234770 0 106
4236306 0 104
4237760 0 105
4239153 0 105
4240668 0 105
4242163 0 106
4243617 0 104
4245030 0 105
4246525 0 105
4248000 0 105
4249515 0 106
4251072 0 104
4252464 0 105
4254000 0 105
4255434 0 105
4256888 0 106
4258322 0 104
4259878 0 105
4261332 0 105
4262848 0 105
4264281 0 105
4265735 0 105
4267251 0 105
4268746 0 105
4270159 0 106
4271592 0 104
4273026 0 105
4274500 0 105
4275955 0 105
4277409 0 105
4278863 0 105
4280378 0 105
4281873 0 105
4283389 0 106
4284843 0 104
4286297 0 105
4287792 0 105
4289328 0 105
4290823 0 105
4292236 0 106
4293669 0 104
4295123 0 105
4296578 0 105
4298113 0 105
4299670 0 105
4301165 0 106
4302619 0 104
4304175 0 105
4305609 0 105
4307165 0 106
4308722 0 104
4310196 0 105
4311692 0 105
4313105 0 105
4314579 0 106
4315992 0 104
4317446 0 105
4318962 0 106
4320457 0 104
4321993 0 105
4323406 0 105
4324839 0 106
4326334 0 104
4327891 0 105
