26870 0 5
28393 0 12
29818 0 6
31341 0 12
32815 0 10
34314 0 9
35837 0 5
37360 0 12
38834 0 3
40234 0 11
41708 0 19
43182 0 18
44705 0 22
46204 0 20
47653 0 23
49201 0 20
50798 0 23
52198 0 14
53746 0 31
55171 0 4
56669 0 21
58119 0 18
59544 0 16
60968 0 16
62418 0 20
63990 0 17
65415 0 34
66938 0 11
68412 0 20
69837 0 15
71237 0 27
72736 0 7
74185 0 16
75610 0 15
77010 0 13
78509 0 23
80032 0 20
81555 0 32
83103 0 12
84503 0 20
85952 0 24
87402 0 15
88876 0 21
90448 0 14
91897 0 19
93322 0 32
94821 0 6
96270 0 24
97670 0 20
99218 0 18
100692 0 20
102240 0 20
103812 0 17
105237 0 22
106662 0 25
108185 0 10
109610 0 20
111108 0 31
112557 0 11
114105 0 21
115579 0 14
117053 0 21
118601 0 31
120075 0 8
121524 0 17
122949 0 16
124398 0 16
125922 0 33
127346 0 4
128869 0 23
130417 0 16
131891 0 13
133291 0 19
134815 0 33
136313 0 8
137836 0 15
139384 0 25
140907 0 11
142356 0 18
143904 0 16
145403 0 16
146926 0 14
148375 0 33
149849 0 10
151372 0 15
152822 0 20
154271 0 16
155671 0 17
157219 0 15
158644 0 14
160118 0 36
161592 0 3
163115 0 17
164589 0 20
166038 0 20
167610 0 35
169158 0 9
170632 0 14
172082 0 15
173605 0 14
175030 0 20
176602 0 23
178051 0 20
179599 0 36
181024 0 9
182449 0 13
183972 0 13
185396 0 13
186944 0 21
188467 0 15
189966 0 22
191538 0 22
193061 0 29
194511 0 5
195911 0 13
197459 0 34
198859 0 12
200406 0 20
201954 0 21
203453 0 22
204951 0 29
206450 0 2
207973 0 20
209521 0 26
210970 0 12
212419 0 17
213942 0 22
215392 0 18
216841 0 25
218291 0 12
219814 0 22
221361 0 14
222762 0 20
224309 0 15
225734 0 16
227257 0 15
228731 0 35
230132 0 6
231655 0 15
233129 0 14
234554 0 22
236101 0 18
237624 0 29
239123 0 7
240671 0 23
242169 0 22
243594 0 28
244994 0 1
246468 0 24
247991 0 35
249465 0 7
250890 0 16
252389 0 36
253961 0 2
255386 0 18
256811 0 32
258334 0 11
259881 0 15
261282 0 18
262780 0 31
264230 0 5
265654 0 20
267251 0 32
268750 0 3
270224 0 21
271747 0 23
273172 0 13
274695 0 15
276120 0 16
277569 0 36
279092 0 8
280542 0 20
282114 0 14
283637 0 15
285160 0 18
286708 0 23
288157 0 24
289656 0 20
291253 0 30
292677 0 9
294176 0 18
295625 0 18
297099 0 17
298500 0 16
299974 0 27
301497 0 3
303044 0 18
304494 0 20
305943 0 30
307368 0 9
308867 0 17
310316 0 26
311839 0 11
313313 0 22
314812 0 17
316236 0 32
317661 0 6
319111 0 18
320683 0 14
322181 0 22
323680 0 15
325129 0 24
326530 0 14
327930 0 35
329379 0 6
330853 0 13
332278 0 23
333777 0 13
335202 0 16
336676 0 15
338223 0 35
339795 0 12
341245 0 13
342694 0 26
344095 0 7
345642 0 16
347042 0 31
348541 0 8
350064 0 23
351563 0 16
353037 0 18
354486 0 24
355935 0 19
357409 0 17
358933 0 36
360505 0 9
362028 0 22
363551 0 13
365050 0 19
366499 0 27
368047 0 1
369447 0 16
370970 0 31
372419 0 10
373893 0 16
375367 0 26
376768 0 1
378217 0 20
379666 0 20
381263 0 34
382688 0 7
384162 0 16
385685 0 33
387159 0 1
388633 0 14
390132 0 16
391630 0 23
393055 0 23
394480 0 16
395880 0 14
397281 0 26
398705 0 12
400130 0 17
401629 0 34
403030 0 11
404577 0 17
406026 0 17
407476 0 24
409023 0 17
410522 0 14
411922 0 35
413470 0 5
414870 0 19
416295 0 22
417744 0 13
419218 0 13
420717 0 15
422142 0 32
423542 0 12
424967 0 18
426441 0 18
427964 0 30
429339 0 11
430887 0 17
432287 0 32
433712 0 8
435309 0 24
436783 0 32
438331 0 1
439878 0 23
441377 0 29
442802 0 8
444276 0 21
445750 0 22
447322 0 32
448796 0 12
450221 0 19
451744 0 24
453267 0 19
454766 0 20
456215 0 25
457738 0 4
459138 0 21
460686 0 19
462185 0 35
463732 0 1
465255 0 18
466778 0 18
468203 0 18
469776 0 20
471348 0 22
472797 0 14
474345 0 29
475868 0 1
477268 0 16
478669 0 23
480216 0 32
481666 0 9
483164 0 23
484638 0 19
486161 0 21
487611 0 20
489207 0 15
490632 0 13
492131 0 13
493605 0 30
495030 0 8
496577 0 15
498002 0 15
499525 0 19
501073 0 19
502522 0 26
503947 0 1
505372 0 15
506797 0 21
508296 0 25
509794 0 6
511219 0 15
512693 0 34
514191 0 9
515764 0 20
517311 0 17
518761 0 15
520308 0 14
521831 0 29
523379 0 11
524878 0 21
526450 0 15
527948 0 18
529496 0 15
531019 0 33
532493 0 9
533992 0 18
535466 0 32
536989 0 12
538512 0 23
539937 0 13
541362 0 15
542836 0 34
544359 0 6
545784 0 15
547282 0 36
548830 0 9
550328 0 15
551827 0 18
553350 0 13
554849 0 31
556347 0 3
557821 0 14
559344 0 34
560867 0 12
562292 0 20
563791 0 18
565338 0 14
566812 0 31
568286 0 8
569859 0 13
571308 0 26
572708 0 12
574256 0 20
575705 0 32
577106 0 7
578530 0 19
580053 0 17
581503 0 14
583026 0 18
584574 0 32
585999 0 3
587399 0 22
588873 0 30
590371 0 2
591894 0 13
593418 0 18
594842 0 18
596366 0 22
597938 0 19
599461 0 19
600910 0 17
602458 0 28
604006 0 9
605578 0 17
607052 0 22
608526 0 22
610024 0 23
611523 0 20
613021 0 16
614495 0 31
615945 0 8
617468 0 14
619016 0 29
620391 0 3
621914 0 24
623364 0 28
624789 0 11
626263 0 17
627786 0 31
629235 0 3
630660 0 18
632159 0 24
633657 0 30
635082 0 4
636605 0 19
638054 0 28
639602 0 5
641125 0 21
642624 0 27
644024 0 1
645473 0 24
646923 0 13
648421 0 15
649895 0 29
651369 0 4
652770 0 21
654317 0 27
655816 0 8
657364 0 23
658862 0 24
660336 0 15
661785 0 20
663235 0 31
664758 0 7
666183 0 23
667583 0 30
668983 0 7
670507 0 17
671907 0 14
673332 0 19
674855 0 36
676304 0 2
677704 0 20
679178 0 18
680652 0 13
682200 0 23
683723 0 30
685123 0 8
686597 0 18
688096 0 29
689496 0 8
690970 0 19
692567 0 20
694139 0 23
695687 0 33
697161 0 12
698561 0 20
700158 0 22
701657 0 14
703081 0 14
704605 0 34
706128 0 1
707651 0 18
709076 0 13
710525 0 32
711999 0 9
713424 0 17
714849 0 23
716273 0 24
717698 0 28
719221 0 7
720646 0 17
722071 0 28
723521 0 5
724945 0 20
726493 0 18
727942 0 19
729367 0 16
730768 0 34
732291 0 12
733740 0 16
735140 0 22
736590 0 15
738113 0 34
739661 0 2
741085 0 18
742584 0 29
743984 0 8
745458 0 15
747006 0 20
748455 0 21
749954 0 27
751452 0 5
752951 0 23
754523 0 16
756022 0 19
757447 0 17
758920 0 22
760493 0 25
762065 0 6
763637 0 22
765209 0 14
766683 0 18
768231 0 30
769705 0 4
771130 0 24
772653 0 22
774201 0 13
775748 0 20
777321 0 19
778819 0 17
780244 0 25
781718 0 9
783290 0 14
784715 0 15
786263 0 14
787810 0 31
789383 0 3
790783 0 24
792257 0 36
793829 0 3
795377 0 19
796851 0 29
798276 0 9
799848 0 16
801371 0 20
802845 0 20
804294 0 26
805768 0 10
807316 0 14
808741 0 21
810190 0 13
811615 0 24
813163 0 18
814735 0 32
816209 0 1
817683 0 18
819206 0 24
820631 0 22
822203 0 31
823726 0 1
825176 0 20
826773 0 16
828296 0 32
829794 0 12
831317 0 19
832816 0 16
834192 0 17
835690 0 24
837238 0 34
838761 0 4
840284 0 22
841709 0 20
843158 0 15
844706 0 33
846204 0 12
847678 0 14
849103 0 16
850504 0 21
852076 0 19
853599 0 15
855122 0 28
856621 0 8
858168 0 24
859642 0 26
861141 0 2
862541 0 20
864064 0 26
865440 0 1
866987 0 20
868486 0 21
870009 0 19
871483 0 22
872982 0 34
874407 0 1
875930 0 18
877477 0 28
878902 0 10
880376 0 16
881826 0 23
883373 0 22
884798 0 13
886198 0 32
887697 0 11
889146 0 24
890547 0 15
892045 0 15
893593 0 15
895018 0 19
896442 0 26
897941 0 11
899390 0 17
900889 0 14
902387 0 18
903935 0 28
905483 0 4
906932 0 20
908455 0 20
909905 0 13
911354 0 24
912877 0 23
914400 0 35
915801 0 7
917348 0 15
918896 0 14
920395 0 22
921869 0 18
923416 0 33
924964 0 11
926413 0 19
927838 0 27
929337 0 12
930860 0 23
944452 0 101
945852 0 101
947351 0 101
948874 0 101
950422 0 101
951846 0 101
953370 0 101
954868 0 101
956391 0 101
957816 0 101
959339 0 102
960764 0 102
962312 0 102
963737 0 102
965137 0 103
966611 0 101
968158 0 102
969657 0 103
971205 0 101
972752 0 102
974275 0 103
975823 0 101
977322 0 102
978796 0 102
980196 0 102
981596 0 102
982996 0 102
984495 0 102
985895 0 102
987369 0 103
988819 0 101
990268 0 102
991693 0 102
993191 0 102
994641 0 102
996041 0 103
997540 0 101
998965 0 102
1000439 0 103
1002011 0 101
1003485 0 102
1004934 0 102
1006384 0 102
1007808 0 103
1009381 0 101
1010879 0 102
1012353 0 102
1013753 0 102
1015227 0 103
1016800 0 101
1018274 0 102
1019723 0 102
1021197 0 102
1022671 0 102
1024071 0 103
1025496 0 101
1026995 0 102
1028444 0 102
1029918 0 102
1031367 0 102
1032841 0 102
1034291 0 103
1035789 0 101
1037312 0 102
1038762 0 102
1040260 0 102
1041808 0 102
1043208 0 102
1044609 0 103
1046034 0 101
1047434 0 102
1048859 0 102
1050382 0 102
1051929 0 102
1053403 0 103
1054951 0 101
1056425 0 102
1057948 0 102
1059422 0 102
1060921 0 102
1062419 0 102
1063844 0 102
1065269 0 103
1066743 0 101
1068143 0 102
1069642 0 102
1071042 0 102
1072491 0 102
1074039 0 103
1075587 0 101
1077012 0 102
1078510 0 102
1079984 0 102
1081434 0 102
1082957 0 103
1084480 0 101
1085954 0 102
1087428 0 103
1088877 0 101
1090351 0 102
1091776 0 103
1093348 0 101
1094896 0 102
1096443 0 103
1097893 0 101
1099416 0 102
1100816 0 102
1102241 0 102
1103764 0 102
1105263 0 103
1106786 0 101
1108284 0 102
1109709 0 103
1111282 0 101
1112805 0 102
1114303 0 103
1115728 0 101
1117276 0 102
1118676 0 102
1120125 0 102
1121648 0 103
1123172 0 101
1124572 0 102
1126046 0 103
1127544 0 101
1128945 0 102
1130394 0 102
1131794 0 103
1133244 0 101
1134693 0 102
1136241 0 102
1137715 0 102
1139263 0 103
1140786 0 101
1142260 0 102
1143807 0 102
1145257 0 102
1146682 0 102
1148180 0 102
1149703 0 103
1151251 0 101
1152700 0 102
1154223 0 103
1155746 0 101
1157171 0 102
1158596 0 102
1160070 0 102
1161618 0 102
1163043 0 103
1164517 0 101
1166015 0 102
1167415 0 102
1168963 0 102
1170511 0 102
1171936 0 102
1173360 0 102
1174761 0 103
1176210 0 101
1177758 0 102
1179207 0 102
1180755 0 102
1182278 0 103
1183850 0 101
1185349 0 102
1186847 0 102
1188370 0 102
1189869 0 103
1191294 0 101
1192694 0 102
1194193 0 103
1195642 0 101
1197165 0 102
1198639 0 102
1200113 0 102
1201563 0 102
1203086 0 102
1204560 0 102
1206107 0 103
1207581 0 101
1209031 0 102
1210505 0 102
1211905 0 103
1213453 0 101
1214951 0 102
1216499 0 102
1217997 0 102
1219398 0 102
1220921 0 103
1222444 0 101
1223893 0 102
1225416 0 103
1226915 0 101
1228389 0 102
1229912 0 103
1231361 0 101
1232909 0 102
1234359 0 103
1235882 0 101
1237356 0 102
1238756 0 102
1240205 0 102
1241630 0 102
1243104 0 103
1244529 0 101
1246077 0 102
1247526 0 103
1249049 0 101
1250449 0 102
1251874 0 102
1253348 0 102
1254871 0 102
1256321 0 103
1257844 0 101
1259318 0 102
1260767 0 102
1262290 0 102
1263764 0 102
1265165 0 103
1266712 0 101
1268186 0 102
1269660 0 103
1271183 0 101
1272657 0 102
1274205 0 103
1275654 0 101
1277079 0 102
1278529 0 102
1280027 0 102
1281550 0 102
1283000 0 102
1284498 0 103
1285948 0 101
1287422 0 102
1288871 0 102
1290419 0 102
1291868 0 102
1293391 0 103
1294841 0 101
1296265 0 102
1297739 0 102
1299287 0 102
1300786 0 102
1302309 0 102
1303709 0 102
1305183 0 103
1306755 0 101
1308156 0 102
1309703 0 102
1311226 0 102
1312627 0 102
1314076 0 103
1315599 0 101
1316999 0 102
1318547 0 102
1320046 0 102
1321495 0 102
1322920 0 103
1324418 0 101
1325966 0 102
1327391 0 102
1328914 0 102
1330437 0 103
1331887 0 101
1333336 0 102
1334884 0 102
1336309 0 102
1337758 0 102
1339256 0 102
1340657 0 103
1342204 0 101
1343629 0 102
1345177 0 102
1346700 0 103
1348174 0 101
1349697 0 102
1351171 0 102
1352719 0 102
1354144 0 102
1355642 0 103
1357067 0 101
1358541 0 102
1359966 0 102
1361489 0 102
1362914 0 102
1364461 0 103
1366009 0 101
1367483 0 102
1368933 0 102
1370406 0 102
1371930 0 102
1373453 0 102
1374902 0 103
1376352 0 101
1377850 0 102
1379398 0 103
1380970 0 101
1382469 0 102
1384016 0 102
1385466 0 102
1386989 0 103
1388414 0 101
1389888 0 102
1391435 0 102
1392835 0 102
1394359 0 102
1395759 0 102
1397307 0 102
1398707 0 102
1400107 0 103
1401532 0 101
1403030 0 102
1404554 0 102
1406003 0 102
1407452 0 102
1408926 0 102
1410376 0 103
1411874 0 101
1413397 0 102
1414921 0 102
1416395 0 102
1417918 0 102
1419392 0 102
1420939 0 102
1422487 0 103
1423912 0 101
1425435 0 102
1426835 0 102
1428309 0 102
1429783 0 102
1431282 0 102
1432829 0 102
1434230 0 103
1435777 0 101
1437300 0 102
1438750 0 103
1440175 0 101
1441722 0 102
1443123 0 102
1444646 0 103
1446120 0 101
1447545 0 102
1449043 0 103
1450517 0 101
1451991 0 102
1453391 0 103
1454816 0 101
1456266 0 102
1457789 0 103
1459336 0 101
1460859 0 102
1462284 0 102
1463758 0 102
1465208 0 102
1466731 0 102
1468229 0 102
1469752 0 103
1471276 0 101
1472799 0 102
1474224 0 103
1475648 0 101
1477171 0 102
1478596 0 102
1480144 0 103
1481643 0 101
1483166 0 102
1484591 0 102
1485991 0 102
1487514 0 102
1488914 0 103
1490413 0 101
1491887 0 102
1493361 0 102
1494859 0 103
1496358 0 101
1497856 0 102
1499379 0 102
1500927 0 102
1502376 0 102
1503801 0 102
1505275 0 103
1506798 0 101
1508346 0 102
1509894 0 102
1511417 0 102
1512842 0 102
1514316 0 102
1515765 0 103
1517337 0 101
1518762 0 102
1520261 0 103
1521784 0 101
1523209 0 102
1524658 0 103
1526181 0 101
1527680 0 102
1529178 0 102
1530628 0 102
1532077 0 102
1533625 0 103
1535050 0 101
1536499 0 102
1538022 0 103
1539594 0 101
1541118 0 102
1542616 0 102
1544016 0 102
1545441 0 103
1546964 0 101
1548438 0 102
1549888 0 102
1551386 0 102
1552786 0 102
1554187 0 102
1555685 0 103
1557208 0 101
1558756 0 102
1560205 0 102
1561704 0 102
1563104 0 102
1564652 0 103
1566101 0 101
1567526 0 102
1569025 0 102
1570499 0 102
1571973 0 103
1573520 0 101
1574921 0 102
1576468 0 102
1577893 0 103
1579318 0 101
1580866 0 102
1582266 0 102
1583765 0 102
1585214 0 103
1586688 0 101
1588162 0 102
1589660 0 103
1591159 0 101
1592559 0 102
1594082 0 102
1595630 0 102
1597030 0 102
1598480 0 102
1600027 0 102
1601452 0 102
1602852 0 103
1604376 0 101
1605776 0 102
1607274 0 102
1608748 0 102
1610173 0 102
1611721 0 103
1613269 0 101
1614718 0 102
1616266 0 102
1617715 0 102
1619140 0 103
1620589 0 101
1621990 0 102
1623513 0 102
1624938 0 102
1626436 0 102
1627836 0 103
1629359 0 101
1630784 0 102
1632307 0 103
1633732 0 101
1635255 0 102
1636754 0 103
1638228 0 101
1639726 0 102
1641250 0 102
1642797 0 102
1644296 0 103
1645721 0 101
1647219 0 102
1648718 0 103
1650241 0 101
1651739 0 102
1653287 0 103
1654736 0 101
1656260 0 102
1657734 0 102
1659183 0 102
1660608 0 102
1662033 0 103
1663580 0 101
1665079 0 102
1666504 0 103
1667978 0 101
1669501 0 102
1670999 0 103
1672498 0 101
1673996 0 102
1675397 0 102
1676871 0 102
1678369 0 102
1679868 0 102
1681293 0 102
1682742 0 103
1684241 0 101
1685739 0 102
1687188 0 102
1688613 0 103
1690112 0 101
1691561 0 102
1693060 0 102
1694460 0 103
1696032 0 101
1697482 0 102
1699005 0 103
1700479 0 101
1701928 0 102
1703402 0 102
1704876 0 103
1706326 0 101
1707824 0 102
1709249 0 102
1710772 0 103
1712222 0 101
1713671 0 102
1715096 0 102
1716570 0 103
1718142 0 101
1719690 0 102
1721090 0 102
1722564 0 103
1724136 0 101
1725635 0 102
1727084 0 102
1728632 0 102
1730032 0 102
1731531 0 103
1733005 0 101
1734528 0 102
1735928 0 102
1737328 0 102
1738876 0 102
1740276 0 102
1741676 0 103
1743224 0 101
1744723 0 102
1746197 0 102
1747597 0 103
1749071 0 101
1750594 0 102
1752093 0 103
1753640 0 101
1755188 0 102
1756686 0 102
1758210 0 103
1759634 0 101
1761108 0 102
1762582 0 102
1764081 0 102
1765481 0 102
1767004 0 103
1768429 0 101
1769928 0 102
1771451 0 103
1773023 0 101
1774522 0 102
1775946 0 102
1777371 0 102
1778894 0 103
1780368 0 101
1781842 0 102
1783267 0 102
1784741 0 102
1786240 0 102
1787665 0 102
1789065 0 103
1790612 0 101
1792160 0 102
1793634 0 102
1795034 0 102
1796508 0 102
1797982 0 102
1799407 0 103
1800955 0 101
1802453 0 102
1804001 0 102
1805401 0 102
1806875 0 103
1808398 0 101
1809823 0 102
1811224 0 103
1812648 0 101
1814172 0 102
1815695 0 102
1817242 0 103
1818716 0 101
1820239 0 102
1821738 0 102
1823286 0 102
1824809 0 102
1826283 0 103
1827806 0 101
1829255 0 102
1830803 0 102
1832203 0 103
1833775 0 101
1835299 0 102
1836822 0 103
1838320 0 101
1839720 0 102
1841219 0 102
1842693 0 102
1844118 0 102
1845592 0 102
1859619 0 45
1861068 0 48
1862493 0 43
1863918 0 47
1865392 0 38
1866915 0 41
1868414 0 41
1869937 0 40
1871411 0 46
1872909 0 37
1874383 0 51
1875931 0 49
1877479 0 70
1878928 0 44
1880378 0 56
1881925 0 50
1883375 0 59
1884898 0 55
1886323 0 58
1887747 0 49
1889172 0 69
1890720 0 38
1892218 0 58
1893766 0 55
1895216 0 71
1896640 0 43
1898139 0 52
1899588 0 56
1901087 0 60
1902561 0 54
1904010 0 54
1905509 0 49
1907007 0 52
1908531 0 70
1909980 0 37
1911552 0 52
1913002 0 59
1914451 0 67
1915974 0 39
1917424 0 60
1918922 0 57
1920347 0 70
1921796 0 37
1923221 0 50
1924646 0 52
1926145 0 52
1927569 0 49
1928970 0 63
1930395 0 46
1931918 0 54
1933318 0 63
1934816 0 37
1936241 0 52
1937789 0 53
1939312 0 70
1940786 0 42
1942358 0 60
1943906 0 54
1945454 0 56
1946928 0 51
1948426 0 59
1949876 0 51
1951374 0 65
1952774 0 44
1954199 0 52
1955747 0 58
1957319 0 59
1958793 0 56
1960267 0 56
1961741 0 70
1963215 0 44
1964738 0 59
1966188 0 62
1967612 0 48
1969062 0 50
1970585 0 49
1972133 0 69
1973631 0 43
1975203 0 59
1976677 0 56
1978151 0 51
1979724 0 56
1981173 0 60
1982622 0 60
1984047 0 72
1985546 0 44
1987020 0 57
1988469 0 61
1990041 0 45
1991564 0 49
1992965 0 67
1994463 0 42
1995962 0 57
1997460 0 55
1998885 0 68
2000335 0 42
2001759 0 51
2003283 0 56
2004683 0 72
2006157 0 43
2007729 0 60
2009228 0 65
2010677 0 46
2012126 0 55
2013600 0 69
2015050 0 42
2016450 0 58
2018022 0 60
2019496 0 49
2020995 0 70
2022493 0 42
2023943 0 51
2025417 0 67
2026842 0 42
2028266 0 51
2029740 0 59
2031288 0 66
2032787 0 48
2034334 0 49
2035857 0 64
2037356 0 43
2038855 0 55
2040304 0 50
2041704 0 72
2043104 0 47
2044578 0 56
2046028 0 69
2047502 0 47
2048976 0 51
2050548 0 53
2051998 0 49
2053398 0 57
2054921 0 54
2056346 0 66
2057820 0 37
2059220 0 50
2060768 0 66
2062291 0 43
2063716 0 53
2065140 0 57
2066639 0 50
2068187 0 62
2069734 0 43
2071307 0 52
2072781 0 56
2074304 0 68
2075802 0 48
2077301 0 60
2078824 0 50
2080372 0 53
2081919 0 49
2083319 0 52
2084769 0 53
2086292 0 70
2087791 0 46
2089338 0 56
2090886 0 64
2092311 0 42
2093760 0 56
2095185 0 55
2096634 0 68
2098133 0 39
2099558 0 57
2101081 0 53
2102530 0 53
2103980 0 58
2105405 0 50
2106854 0 61
2108328 0 47
2109900 0 52
2111399 0 57
2112971 0 58
2114543 0 62
2116115 0 38
2117614 0 52
2119186 0 59
2120734 0 65
2122208 0 41
2123682 0 60
2125180 0 55
2126703 0 54
2128177 0 68
2129701 0 46
2131273 0 54
2132796 0 63
2134245 0 38
2135719 0 57
2137218 0 61
2138716 0 46
2140215 0 57
2141664 0 50
2143114 0 59
2144637 0 52
2146111 0 55
2147609 0 51
2149157 0 68
2150557 0 47
2152007 0 60
2153530 0 49
2155028 0 57
2156576 0 61
2158050 0 45
2159499 0 49
2160998 0 55
2162521 0 59
2164044 0 50
2165543 0 50
2166968 0 66
2168417 0 48
2169940 0 57
2171488 0 70
2172962 0 48
2174362 0 60
2175934 0 56
2177433 0 51
2178956 0 56
2180504 0 66
2182027 0 47
2183452 0 51
2184901 0 58
2186449 0 52
2187947 0 53
2189446 0 68
2190895 0 42
2192394 0 58
2193966 0 72
2195366 0 39
2196766 0 50
2198339 0 71
2199788 0 38
2201238 0 51
2202711 0 52
2204136 0 57
2205635 0 57
2207060 0 54
2208583 0 72
2210032 0 45
2211457 0 57
2213005 0 70
2214479 0 40
2216026 0 51
2217525 0 72
2219048 0 38
2220571 0 56
2222021 0 58
2223470 0 53
2224919 0 60
2226443 0 68
2227941 0 41
2229366 0 52
2230938 0 54
2232388 0 57
2233984 0 60
2235409 0 62
2236883 0 44
2238308 0 56
2239757 0 52
2241207 0 60
2242656 0 57
2244228 0 64
2245629 0 45
2247152 0 57
2248650 0 57
2250100 0 60
2251648 0 54
2253171 0 55
2254595 0 61
2256143 0 40
2257617 0 60
2259165 0 49
2260688 0 51
2262137 0 51
2263562 0 63
2264987 0 44
2266387 0 60
2267886 0 52
2269458 0 54
2270957 0 72
2272357 0 41
2273880 0 50
2275329 0 67
2276877 0 39
2278400 0 58
2279923 0 59
2281422 0 64
2282920 0 39
2284370 0 59
2285893 0 52
2287465 0 50
2289037 0 52
2290536 0 50
2291961 0 55
2293459 0 64
2294933 0 44
2296358 0 52
2297881 0 54
2299380 0 57
2300805 0 71
2302303 0 43
2303826 0 56
2305276 0 55
2306799 0 58
2308297 0 54
2309722 0 54
2311245 0 57
2312719 0 55
2314292 0 72
2315741 0 44
2317264 0 57
2318861 0 50
2320408 0 51
2321833 0 66
2323332 0 46
2324855 0 55
2326304 0 62
2327852 0 38
2329277 0 54
2330775 0 52
2332323 0 50
2333748 0 55
2335247 0 67
2336745 0 37
2338170 0 58
2339668 0 67
2341093 0 39
2342567 0 58
2344090 0 64
2345564 0 42
2347087 0 55
2348561 0 72
2350109 0 44
2351632 0 57
2353082 0 53
2354580 0 52
2356005 0 51
2357430 0 68
2358928 0 38
2360353 0 53
2361754 0 52
2363178 0 55
2364701 0 58
2366151 0 54
2367699 0 55
2369148 0 66
2370696 0 37
2372243 0 56
2373668 0 57
2375240 0 67
2376665 0 37
2378213 0 56
2379761 0 67
2381284 0 43
2382733 0 51
2384158 0 56
2385681 0 59
2387081 0 57
2388555 0 55
2389980 0 55
2391552 0 65
2393026 0 39
2394549 0 55
2396122 0 65
2397571 0 39
2399119 0 54
2400666 0 52
2402214 0 53
2403639 0 49
2405064 0 57
2406513 0 53
2407938 0 55
2409461 0 68
2410911 0 39
2412385 0 49
2413932 0 53
2415406 0 52
2416880 0 56
2418305 0 68
2419730 0 45
2421179 0 51
2422702 0 57
2424226 0 58
2425650 0 70
2427051 0 38
2428549 0 60
2429974 0 51
2431399 0 67
2432873 0 44
2434322 0 51
2435772 0 72
2437172 0 46
2438646 0 52
2440218 0 50
2441668 0 59
2443191 0 51
2444714 0 52
2446212 0 61
2447735 0 46
2449259 0 49
2450732 0 70
2452108 0 48
2453533 0 59
2454958 0 50
2456432 0 62
2457930 0 43
2459404 0 58
2460878 0 57
2462303 0 49
2463802 0 64
2465202 0 45
2466750 0 55
2468199 0 51
2469673 0 50
2471122 0 53
2472646 0 49
2474193 0 61
2475643 0 45
2477239 0 60
2478763 0 72
2480163 0 38
2481588 0 53
2483086 0 55
2484511 0 50
2486034 0 60
2487459 0 51
2488908 0 51
2490456 0 49
2491979 0 71
2493502 0 38
2494952 0 50
2496499 0 62
2497973 0 47
2499472 0 53
2500995 0 59
2502543 0 60
2504017 0 52
2505515 0 60
2506989 0 54
2508537 0 61
2510109 0 37
2511657 0 53
2513131 0 58
2514703 0 59
2516152 0 66
2517725 0 45
2519174 0 49
2520697 0 66
2522220 0 37
2523670 0 57
2525168 0 71
2526691 0 39
2528141 0 60
2529566 0 59
2531089 0 56
2532587 0 63
2534135 0 48
2535707 0 53
2537230 0 51
2538778 0 57
2540301 0 58
2541800 0 72
2543323 0 44
2544772 0 51
2546246 0 54
2547646 0 56
2549145 0 52
2550644 0 55
2552167 0 57
2553739 0 60
2555237 0 72
2556662 0 37
2558161 0 51
2559684 0 63
2561109 0 46
2562681 0 50
2564253 0 70
2565678 0 47
2567250 0 49
2568700 0 57
2570149 0 57
2571672 0 56
2573220 0 71
2574645 0 39
2576045 0 59
2577544 0 53
2578993 0 56
2580491 0 53
2581941 0 72
2583390 0 41
2584840 0 55
2586338 0 55
2587812 0 64
2589384 0 45
2590834 0 52
2592332 0 59
2593880 0 55
2595428 0 56
2596926 0 70
2598449 0 40
2599973 0 57
2601520 0 51
2603043 0 71
2604517 0 41
2606065 0 52
2607564 0 57
2609013 0 51
2610536 0 63
2612084 0 47
2613558 0 49
2615007 0 72
2616432 0 38
2617857 0 54
2619380 0 58
2620928 0 59
2622500 0 58
2624072 0 64
2625521 0 42
2626922 0 51
2628445 0 72
2629845 0 44
2631295 0 52
2632842 0 56
2634292 0 62
2635741 0 39
2637166 0 60
2638664 0 51
2640114 0 50
2641637 0 61
2643160 0 41
2644732 0 57
2646182 0 58
2647729 0 56
2649302 0 55
2650849 0 65
2652274 0 39
2653773 0 50
2655198 0 68
2656745 0 47
2658268 0 58
2659816 0 57
2661241 0 60
2662690 0 60
2664213 0 55
2665687 0 63
2667186 0 40
2668684 0 53
2670257 0 63
2671731 0 44
2673229 0 58
2674703 0 50
2676226 0 51
2677676 0 50
2679150 0 49
2680574 0 63
2681999 0 38
2683424 0 59
2684849 0 51
2686372 0 56
2687797 0 49
2689222 0 56
2690794 0 68
2692317 0 44
2693889 0 60
2695412 0 54
2696960 0 59
2698483 0 54
2699933 0 68
2701382 0 39
2702856 0 55
2704330 0 63
2705779 0 42
2707180 0 52
2708629 0 54
2710177 0 58
2711675 0 57
2713100 0 60
2714648 0 50
2716097 0 68
2717596 0 48
2719070 0 58
2720617 0 68
2722091 0 44
2723639 0 51
2725089 0 58
2726563 0 50
2728110 0 60
2729682 0 53
2731206 0 57
2732778 0 66
2734227 0 37
2735750 0 50
2737175 0 54
2738625 0 58
2740123 0 60
2741622 0 61
2743071 0 42
2744570 0 56
2746068 0 56
2747567 0 51
2748967 0 50
2750416 0 68
2751915 0 43
2753389 0 60
2754814 0 62
2756288 0 41
2757688 0 59
2759162 0 56
2760660 0 51
2762159 0 49
2763584 0 52
2765033 0 57
2781128 0 104
2782626 0 104
2784076 0 104
2785623 0 104
2787048 0 104
2788596 0 104
2790070 0 104
2791593 0 104
2793116 0 104
2794664 0 104
2796089 0 105
2797538 0 105
2798938 0 105
2800437 0 105
2801960 0 105
2803434 0 105
2804859 0 106
2806333 0 104
2807733 0 105
2809232 0 105
2810632 0 106
2812130 0 104
2813653 0 105
2815177 0 106
2816675 0 104
2818223 0 105
2819721 0 105
2821195 0 105
2822669 0 105
2824094 0 106
2825568 0 104
2826993 0 105
2828442 0 105
2829916 0 105
2831341 0 105
2832766 0 106
2834215 0 104
2835640 0 105
2837065 0 106
2838588 0 104
2840013 0 105
2841512 0 105
2842936 0 105
2844435 0 105
2845934 0 105
2847334 0 105
2848783 0 106
2850257 0 104
2851707 0 105
2853131 0 105
2854581 0 105
2856055 0 105
2857578 0 105
2859077 0 106
2860600 0 104
2862098 0 105
2863646 0 105
2865169 0 105
2866569 0 105
2868019 0 106
2869591 0 104
2871065 0 105
2872588 0 105
2874062 0 105
2875560 0 105
2877108 0 105
2878558 0 105
2880032 0 106
2881506 0 104
2883004 0 105
2884453 0 105
2886001 0 105
2887451 0 106
2888875 0 104
2890300 0 105
2891799 0 106
2893322 0 104
2894747 0 105
2896245 0 105
2897670 0 105
2899095 0 105
2900667 0 105
2902166 0 105
2903664 0 106
2905163 0 104
2906711 0 105
2908258 0 105
2909732 0 105
2911280 0 105
2912778 0 106
2914277 0 104
2915726 0 105
2917127 0 106
2918601 0 104
2920001 0 105
2921401 0 105
2922949 0 105
2924423 0 105
2925946 0 106
2927395 0 104
2928918 0 105
2930417 0 105
2931817 0 105
2933242 0 105
2934741 0 106
2936165 0 104
2937738 0 105
2939285 0 106
2940784 0 104
2942209 0 105
2943658 0 105
2945083 0 106
2946631 0 104
2948105 0 105
2949529 0 105
2950954 0 105
2952404 0 106
2953951 0 104
2955376 0 105
2956949 0 105
2958349 0 106
2959823 0 104
2961297 0 105
2962795 0 105
2964343 0 106
2965866 0 104
2967291 0 105
2968740 0 105
2970263 0 105
2971762 0 105
2973236 0 105
2974710 0 105
2976184 0 106
2977682 0 104
2979206 0 105
2980630 0 105
2982154 0 105
2983701 0 105
2985224 0 105
2986723 0 106
2988246 0 104
2989720 0 105
2991218 0 105
2992766 0 105
2994314 0 105
2995788 0 106
2997311 0 104
2998711 0 105
3000210 0 105
3001635 0 106
3003084 0 104
3004583 0 105
3005983 0 105
3007555 0 106
3009078 0 104
3010601 0 105
3012051 0 106
3013525 0 104
3014999 0 105
3016546 0 106
3017971 0 104
3019445 0 105
3020894 0 105
3022368 0 105
3023818 0 105
3025390 0 105
3026889 0 105
3028289 0 106
3029787 0 104
3031311 0 105
3032834 0 106
3034283 0 104
3035782 0 105
3037182 0 105
3038680 0 105
3040130 0 105
3041604 0 105
3043152 0 105
3044625 0 105
3046099 0 106
3047672 0 104
3049097 0 105
3050497 0 105
3051995 0 105
3053396 0 105
3054820 0 106
3056393 0 104
3057867 0 105
3059316 0 105
3060864 0 105
3062313 0 106
3063812 0 104
3065286 0 105
3066833 0 105
3068258 0 105
3069757 0 105
3071157 0 106
3072656 0 104
3074056 0 105
3075554 0 105
3077053 0 105
3078601 0 105
3080025 0 106
3081450 0 104
3082973 0 105
3084497 0 105
3086044 0 105
3087444 0 106
3088968 0 104
3090491 0 105
3092038 0 105
3093586 0 105
3095011 0 106
3096534 0 104
3098057 0 105
3099531 0 105
3100981 0 105
3102504 0 106
3103928 0 104
3105476 0 105
3107024 0 106
3108424 0 104
3109898 0 105
3111347 0 105
3112821 0 105
3114320 0 106
3115745 0 104
3117219 0 105
3118693 0 105
3120167 0 105
3121641 0 105
3123115 0 105
3124638 0 106
3126136 0 104
3127586 0 105
3129109 0 105
3130632 0 105
3132057 0 106
3133580 0 104
3135103 0 105
3136626 0 106
3138149 0 104
3139672 0 105
3141195 0 105
3142620 0 105
3144021 0 105
3145544 0 105
3147018 0 106
3148541 0 104
3150039 0 105
3151587 0 105
3153135 0 106
3154707 0 104
3156205 0 105
3157630 0 105
3159178 0 105
3160701 0 105
3162101 0 105
3163674 0 106
3165197 0 104
3166671 0 105
3168096 0 105
3169496 0 105
3170896 0 106
3172321 0 104
3173770 0 105
3175244 0 105
3176718 0 105
3178143 0 105
3179666 0 105
3181067 0 106
3182639 0 104
3184113 0 105
3185636 0 105
3187208 0 105
3188731 0 105
3190156 0 106
3191605 0 104
3193153 0 105
3194676 0 106
3196175 0 104
3197600 0 105
3199172 0 105
3200597 0 105
3202022 0 105
3203569 0 105
3205043 0 105
3206591 0 106
3208139 0 104
3209588 0 105
3211062 0 106
3212610 0 104
3214133 0 105
3215582 0 106
3217105 0 104
3218555 0 105
3220102 0 105
3221650 0 105
3223173 0 106
3224647 0 104
3226096 0 105
3227546 0 105
3228995 0 105
3230494 0 105
3231943 0 106
3233466 0 104
3235014 0 105
3236562 0 105
3237962 0 105
3239362 0 105
3240787 0 105
3242335 0 105
3243833 0 106
3245356 0 104
3246806 0 105
3248329 0 105
3249754 0 106
3251301 0 104
3252775 0 105
3254249 0 105
3255773 0 105
3257222 0 105
3258770 0 106
3260342 0 104
3261816 0 105
3263265 0 106
3264739 0 104
3266139 0 105
3267564 0 106
3269038 0 104
3270488 0 105
3271962 0 105
3273387 0 105
3274910 0 106
3276433 0 104
3277882 0 105
3279307 0 105
3280781 0 105
3282329 0 106
3283778 0 104
3285227 0 105
3286701 0 105
3288200 0 105
3289600 0 106
3291148 0 104
3292622 0 105
3294022 0 106
3295447 0 104
3296872 0 105
3298370 0 105
3299820 0 105
3301245 0 106
3302792 0 104
3304340 0 105
3305863 0 106
3307288 0 104
3308836 0 105
3310310 0 105
3311784 0 105
3313258 0 105
3314707 0 105
3316107 0 106
3317581 0 104
3319104 0 105
3320603 0 106
3322028 0 104
3323551 0 105
3325049 0 105
3326548 0 105
3328022 0 105
3329496 0 105
3330945 0 105
3332493 0 105
3333942 0 106
3335416 0 104
3336866 0 105
3338413 0 105
3339838 0 105
3341263 0 106
3342713 0 104
3344236 0 105
3345759 0 105
3347257 0 105
3348756 0 106
3350230 0 104
3351704 0 105
3353251 0 105
3354775 0 105
3356224 0 105
3357772 0 106
3359196 0 104
3360597 0 105
3362046 0 106
3363496 0 104
3364945 0 105
3366394 0 106
3367942 0 104
3369465 0 105
3371013 0 105
3372462 0 106
3373936 0 104
3375386 0 105
3376810 0 105
3378285 0 105
3379758 0 106
3381282 0 104
3382829 0 105
3384279 0 105
3385728 0 105
3387128 0 105
3388578 0 105
3390003 0 106
3391427 0 104
3392877 0 105
3394375 0 106
3395825 0 104
3397323 0 105
3398773 0 105
3400247 0 105
3401647 0 105
3403146 0 105
3404644 0 105
3406143 0 105
3407567 0 106
3409115 0 104
3410565 0 105
3412063 0 105
3413611 0 105
3415109 0 105
3416632 0 105
3418180 0 105
3419679 0 105
3421103 0 106
3422602 0 104
3424051 0 105
3425476 0 106
3426926 0 104
3428400 0 105
3429849 0 106
3431274 0 104
3432748 0 105
3434246 0 106
3435770 0 104
3437219 0 105
3438742 0 106
3440290 0 104
3441739 0 105
3443139 0 106
3444663 0 104
3446136 0 105
3447561 0 105
3448986 0 105
3450411 0 106
3451860 0 104
3453334 0 105
3454833 0 105
3456331 0 105
3457830 0 105
3459304 0 106
3460778 0 104
3462203 0 105
3463750 0 106
3465225 0 104
3466723 0 105
3468123 0 105
3469671 0 105
3471071 0 105
3472570 0 105
3474117 0 105
3475665 0 106
3477237 0 104
3478711 0 105
3480259 0 105
3481782 0 105
3483330 0 105
3484755 0 105
3486302 0 105
3487703 0 105
3489250 0 106
3490700 0 104
3492247 0 105
3493746 0 106
3495318 0 104
3496768 0 105
3498266 0 105
3499666 0 105
3501214 0 105
3502713 0 106
3504162 0 104
3505636 0 105
3507036 0 106
3508584 0 104
3510107 0 105
3511606 0 106
3513006 0 104
3514554 0 105
3516126 0 106
3517600 0 104
3519000 0 105
3520400 0 106
3521874 0 104
3523324 0 105
3524847 0 105
3526419 0 105
3527918 0 106
3529367 0 104
3530841 0 105
3532340 0 105
3533813 0 105
3535238 0 105
3536786 0 105
3538334 0 106
3539832 0 104
3541380 0 105
3542780 0 105
3544254 0 105
3545679 0 105
3547227 0 105
3548652 0 105
3550150 0 106
3551550 0 104
3553000 0 105
3554425 0 105
3555899 0 106
3557397 0 104
3558871 0 105
3560370 0 106
3561819 0 104
3563244 0 105
3564767 0 105
3566315 0 106
3567862 0 104
3569263 0 105
3570737 0 105
3572235 0 105
3573734 0 106
3575208 0 104
3576657 0 105
3578156 0 105
3579605 0 106
3581079 0 104
3582602 0 105
3584076 0 105
3585501 0 106
3586950 0 104
3588375 0 105
3589775 0 106
3591323 0 104
3592748 0 105
3594197 0 105
3595622 0 106
3597170 0 104
3598668 0 105
3600167 0 105
3601641 0 105
3603139 0 106
3604687 0 104
3606235 0 105
3607635 0 105
3609060 0 105
3610534 0 105
3612032 0 105
3613506 0 106
3614980 0 104
3616430 0 105
3617904 0 105
3619329 0 105
3620876 0 105
3622301 0 105
3623775 0 106
3625225 0 104
3626723 0 105
3628222 0 106
3629794 0 104
3631292 0 105
3632766 0 106
3634339 0 104
3635763 0 105
3637188 0 106
3638662 0 104
3640161 0 105
3641659 0 105
3643109 0 106
3644534 0 104
3646008 0 105
3647432 0 106
3648906 0 104
3650454 0 105
3651977 0 105
3653500 0 105
3654901 0 105
3656448 0 105
3657971 0 105
3659470 0 105
3660968 0 106
3662418 0 104
3663916 0 105
3665341 0 106
3666889 0 104
3668338 0 105
3669788 0 105
3671213 0 105
3672687 0 105
3674185 0 105
3675635 0 106
3677182 0 104
3678730 0 105
3680278 0 106
3681850 0 104
3683324 0 105
