48153 0 2
49607 0 3
51041 0 7
52495 0 5
54031 0 9
55587 0 10
57123 0 3
58659 0 7
60113 0 4
61608 0 4
62980 0 13
64455 0 15
65848 0 23
67384 0 20
68920 0 23
70394 0 34
71910 0 5
73364 0 22
74900 0 22
76395 0 25
77869 0 8
79364 0 14
80880 0 31
82354 0 11
83849 0 18
85283 0 22
86778 0 14
88252 0 30
89645 0 7
91201 0 24
92655 0 18
94212 0 15
95625 0 22
97181 0 36
98615 0 10
100131 0 14
101646 0 19
103182 0 21
104636 0 22
106172 0 22
107667 0 25
109101 0 8
110575 0 15
111988 0 27
113381 0 1
114917 0 18
116412 0 33
117948 0 3
119484 0 15
120958 0 15
122392 0 17
123784 0 29
125157 0 8
126652 0 18
128065 0 16
129457 0 18
130891 0 28
132386 0 3
133799 0 23
135212 0 34
136687 0 5
138120 0 14
139513 0 24
141008 0 23
142421 0 24
143875 0 19
145452 0 25
146885 0 3
148360 0 23
149916 0 22
151452 0 28
152886 0 6
154443 0 16
155917 0 34
157453 0 9
158989 0 23
160402 0 23
161795 0 16
163290 0 16
164805 0 33
166321 0 6
167877 0 17
169331 0 35
170867 0 9
172301 0 19
173714 0 36
175291 0 4
176786 0 21
178322 0 18
179776 0 14
181291 0 19
182704 0 21
184179 0 27
185633 0 7
187108 0 23
188643 0 24
190077 0 13
191552 0 31
193088 0 2
194501 0 14
196016 0 22
197552 0 35
198965 0 9
200399 0 20
201914 0 14
203348 0 22
204781 0 18
206235 0 29
207628 0 2
209164 0 23
210639 0 17
212052 0 24
213506 0 19
214939 0 24
216373 0 31
217929 0 11
219384 0 15
220919 0 27
222435 0 10
223909 0 14
225384 0 14
226756 0 28
228190 0 8
229644 0 23
231077 0 14
232511 0 24
234006 0 19
235460 0 33
236893 0 4
238266 0 16
239699 0 15
241235 0 24
242710 0 13
244123 0 36
245556 0 5
247092 0 22
248628 0 24
250021 0 26
251475 0 11
252970 0 16
254424 0 34
255878 0 2
257312 0 13
258786 0 16
260302 0 20
261899 0 16
263353 0 16
264746 0 30
266118 0 8
267674 0 23
269210 0 16
270582 0 31
272159 0 7
273593 0 13
275108 0 30
276563 0 6
278078 0 24
279512 0 31
281007 0 1
282420 0 17
283915 0 14
285389 0 21
286946 0 16
288359 0 13
289874 0 19
291451 0 24
292987 0 33
294523 0 1
296059 0 24
297595 0 32
299111 0 6
300647 0 15
302183 0 32
303575 0 3
305132 0 18
306688 0 14
308142 0 24
309576 0 25
311009 0 4
312525 0 14
313917 0 30
315371 0 11
316805 0 24
318300 0 26
319795 0 9
321249 0 18
322785 0 24
324321 0 13
325734 0 21
327168 0 18
328581 0 20
330076 0 27
331489 0 5
332943 0 22
334397 0 19
335913 0 15
337367 0 14
338800 0 22
340295 0 29
341688 0 7
343244 0 24
344698 0 20
346193 0 31
347647 0 8
349142 0 17
350637 0 26
352071 0 10
353586 0 15
355081 0 23
356536 0 35
357949 0 7
359464 0 24
360980 0 31
362495 0 9
363990 0 24
365403 0 17
366816 0 22
368352 0 22
369806 0 29
371260 0 1
372776 0 15
374312 0 24
375827 0 15
377363 0 19
378817 0 31
380374 0 1
381766 0 13
383261 0 20
384838 0 19
386395 0 19
387849 0 17
389303 0 19
390798 0 24
392334 0 27
393747 0 9
395262 0 16
396676 0 21
398212 0 22
399768 0 31
401345 0 12
402860 0 20
404315 0 35
405769 0 10
407243 0 24
408759 0 14
410254 0 21
411708 0 32
413162 0 5
414677 0 18
416193 0 22
417708 0 36
419162 0 1
420575 0 23
421988 0 31
423524 0 11
425060 0 22
426514 0 26
427928 0 11
429443 0 15
430958 0 22
432515 0 22
434051 0 18
435484 0 21
436939 0 21
438475 0 15
439949 0 29
441465 0 2
442878 0 19
444393 0 28
445868 0 12
447424 0 18
448960 0 16
450455 0 19
451950 0 16
453425 0 16
454920 0 31
456374 0 5
457787 0 24
459323 0 32
460859 0 3
462354 0 24
463890 0 27
465344 0 4
466798 0 15
468190 0 17
469706 0 18
471262 0 17
472778 0 16
474171 0 25
475584 0 3
477017 0 21
478594 0 14
480028 0 23
481482 0 18
482915 0 16
484288 0 18
485721 0 27
487216 0 12
488609 0 17
490001 0 19
491558 0 13
492971 0 13
494486 0 32
495981 0 4
497374 0 20
498930 0 34
500384 0 6
501900 0 17
503436 0 34
504910 0 5
506364 0 18
507900 0 24
509355 0 13
510829 0 17
512386 0 29
513840 0 4
515294 0 21
516871 0 29
518366 0 7
519902 0 22
521478 0 19
522912 0 30
524325 0 6
525779 0 15
527213 0 14
528605 0 14
529998 0 13
531452 0 22
532927 0 21
534483 0 23
535958 0 35
537432 0 5
538866 0 23
540320 0 33
541835 0 2
543228 0 15
544682 0 18
546136 0 16
547651 0 13
549188 0 31
550723 0 2
552116 0 17
553652 0 25
555167 0 9
556744 0 23
558198 0 21
559652 0 15
561127 0 18
562602 0 22
564076 0 36
565489 0 2
566902 0 23
568377 0 22
569851 0 23
571408 0 34
572944 0 2
574377 0 13
575893 0 14
577408 0 24
578903 0 22
580439 0 16
581873 0 22
583327 0 18
584822 0 28
586358 0 6
587914 0 21
589430 0 25
590966 0 1
592379 0 22
593813 0 21
595287 0 13
596680 0 16
598154 0 21
599670 0 25
601144 0 6
602598 0 14
604011 0 25
605527 0 9
606960 0 17
608496 0 17
610012 0 16
611486 0 19
612920 0 18
614456 0 34
615890 0 5
617446 0 14
618900 0 27
620354 0 5
621767 0 24
623160 0 13
624675 0 13
626150 0 23
627645 0 31
629078 0 4
630512 0 24
631905 0 18
633461 0 22
634956 0 20
636472 0 23
637967 0 16
639503 0 26
640895 0 8
642390 0 16
643762 0 30
645155 0 3
646650 0 23
648125 0 16
649517 0 15
650971 0 17
652364 0 18
653818 0 29
655292 0 10
656746 0 23
658262 0 27
659696 0 11
661129 0 16
662645 0 26
664037 0 3
665491 0 15
666925 0 18
668461 0 24
669935 0 22
671389 0 16
672884 0 19
674298 0 34
675731 0 5
677144 0 14
678537 0 18
680114 0 19
681609 0 25
683022 0 10
684558 0 18
686094 0 17
687589 0 19
689125 0 24
690599 0 20
692197 0 16
693630 0 34
695125 0 11
696538 0 14
697972 0 16
699446 0 15
700921 0 28
702334 0 3
703891 0 17
705365 0 32
706819 0 12
708232 0 13
709686 0 18
711181 0 19
712676 0 13
714151 0 17
715687 0 16
717141 0 15
718615 0 26
720151 0 6
721708 0 17
723244 0 31
724677 0 3
726193 0 19
727688 0 21
729142 0 33
730596 0 11
732152 0 13
733668 0 23
735142 0 21
736699 0 15
738092 0 19
739587 0 25
741061 0 12
742454 0 13
743887 0 16
745341 0 14
746795 0 17
748188 0 29
749622 0 2
751014 0 15
752407 0 24
753881 0 15
755294 0 15
756789 0 19
758325 0 26
759718 0 10
761254 0 16
762647 0 18
764183 0 22
765719 0 31
767173 0 7
768729 0 17
770183 0 36
771760 0 11
773173 0 22
774627 0 28
776061 0 6
777494 0 19
779071 0 33
780484 0 10
781938 0 15
783433 0 28
784867 0 5
786342 0 22
787775 0 20
789352 0 17
790868 0 21
792383 0 26
793899 0 1
795332 0 23
796766 0 22
798220 0 24
799715 0 18
801210 0 23
802623 0 15
804138 0 27
805674 0 6
807231 0 17
808726 0 32
810180 0 4
811695 0 17
813170 0 23
814665 0 32
816078 0 12
817491 0 17
818966 0 30
820440 0 9
821976 0 16
823369 0 17
824884 0 33
826338 0 10
827833 0 16
829328 0 23
830762 0 17
832155 0 17
833609 0 23
835022 0 33
836517 0 11
837930 0 22
839486 0 15
841043 0 13
842538 0 13
844012 0 21
845589 0 33
847105 0 6
848641 0 14
850095 0 36
851528 0 7
853085 0 20
854621 0 14
855993 0 31
857549 0 6
858983 0 23
860498 0 33
862055 0 4
863427 0 17
864963 0 16
866417 0 24
867810 0 15
869346 0 21
870922 0 31
872438 0 12
873851 0 24
875326 0 13
876821 0 13
878377 0 15
879790 0 20
881265 0 15
882739 0 22
884255 0 35
885668 0 12
887081 0 16
888514 0 23
889969 0 19
891443 0 33
892877 0 6
894351 0 17
895846 0 19
897341 0 21
898754 0 19
900229 0 16
901601 0 24
903055 0 21
904570 0 25
906025 0 11
907458 0 14
908974 0 15
910387 0 15
911923 0 17
913418 0 34
914954 0 5
916510 0 23
918067 0 17
919562 0 34
921016 0 12
922511 0 24
923944 0 19
925419 0 26
926934 0 2
928470 0 17
930006 0 21
931522 0 16
932976 0 35
934512 0 2
935945 0 16
937379 0 31
938894 0 12
940369 0 13
941802 0 24
943277 0 19
944793 0 13
946308 0 17
947783 0 14
1024692 0 101
1026105 0 101
1027559 0 101
1029033 0 101
1030487 0 101
1031942 0 101
1033498 0 101
1035034 0 101
1036549 0 101
1038085 0 101
1039601 0 102
1041096 0 102
1042550 0 102
1043963 0 102
1045376 0 102
1046769 0 102
1048223 0 102
1049697 0 103
1051151 0 101
1052626 0 102
1054019 0 103
1055452 0 101
1056968 0 102
1058524 0 103
1060060 0 101
1061535 0 102
1063071 0 103
1064566 0 101
1066061 0 102
1067556 0 102
1068948 0 102
1070361 0 102
1071774 0 103
1073188 0 101
1074662 0 102
1076055 0 103
1077488 0 101
1079045 0 102
1080581 0 102
1082076 0 102
1083571 0 103
1085045 0 101
1086458 0 102
1087871 0 102
1089284 0 102
1090739 0 102
1092193 0 102
1093688 0 102
1095224 0 103
1096780 0 101
1098193 0 102
1099729 0 102
1101183 0 102
1102678 0 102
1104214 0 103
1105750 0 101
1107286 0 102
1108822 0 103
1110317 0 101
1111710 0 102
1113123 0 102
1114659 0 102
1116133 0 103
1117587 0 101
1119041 0 102
1120516 0 103
1122052 0 101
1123445 0 102
1124940 0 103
1126353 0 101
1127807 0 102
1129199 0 102
1130653 0 102
1132107 0 103
1133664 0 101
1135179 0 102
1136572 0 102
1138047 0 102
1139460 0 102
1140893 0 103
1142450 0 101
1143986 0 102
1145481 0 102
1146935 0 102
1148430 0 102
1149925 0 103
1151461 0 101
1152853 0 102
1154410 0 102
1155925 0 103
1157420 0 101
1158874 0 102
1160267 0 102
1161680 0 102
1163073 0 102
1164588 0 102
1166124 0 102
1167599 0 103
1169032 0 101
1170466 0 102
1172022 0 102
1173538 0 102
1174992 0 103
1176446 0 101
1177880 0 102
1179415 0 103
1180910 0 101
1182467 0 102
1183859 0 102
1185293 0 102
1186706 0 103
1188160 0 101
1189635 0 102
1191068 0 102
1192563 0 102
1194058 0 102
1195492 0 102
1197028 0 102
1198482 0 102
1199977 0 103
1201472 0 101
1202967 0 102
1204462 0 102
1205936 0 102
1207411 0 103
1208968 0 101
1210381 0 102
1211855 0 103
1213391 0 101
1214927 0 102
1216340 0 103
1217774 0 101
1219207 0 102
1220661 0 103
1222218 0 101
1223672 0 102
1225208 0 103
1226764 0 101
1228198 0 102
1229672 0 102
1231188 0 102
1232683 0 102
1234198 0 102
1235714 0 103
1237229 0 101
1238642 0 102
1240076 0 102
1241612 0 102
1243128 0 102
1244520 0 102
1245995 0 102
1247408 0 102
1248821 0 103
1250254 0 101
1251790 0 102
1253285 0 102
1254821 0 103
1256296 0 101
1257709 0 102
1259163 0 102
1260576 0 103
1262112 0 101
1263648 0 102
1265061 0 102
1266597 0 102
1267990 0 103
1269444 0 101
1270959 0 102
1272393 0 103
1273826 0 101
1275260 0 102
1276776 0 102
1278291 0 102
1279847 0 102
1281240 0 102
1282735 0 102
1284251 0 102
1285684 0 103
1287200 0 101
1288633 0 102
1290149 0 102
1291705 0 102
1293139 0 103
1294552 0 101
1296006 0 102
1297501 0 102
1298914 0 102
1300389 0 102
1301925 0 102
1303379 0 102
1304812 0 102
1306287 0 103
1307761 0 101
1309277 0 102
1310833 0 103
1312308 0 101
1313803 0 102
1315339 0 102
1316793 0 102
1318267 0 103
1319783 0 101
1321278 0 102
1322793 0 103
1324350 0 101
1325865 0 102
1327319 0 102
1328773 0 102
1330248 0 102
1331784 0 103
1333299 0 101
1334815 0 102
1336248 0 102
1337764 0 103
1339279 0 101
1340672 0 102
1342126 0 102
1343662 0 102
1345198 0 102
1346734 0 102
1348229 0 102
1349622 0 103
1351096 0 101
1352530 0 102
1353963 0 102
1355356 0 102
1356871 0 102
1358305 0 102
1359759 0 102
1361213 0 102
1362667 0 103
1364203 0 101
1365719 0 102
1367152 0 103
1368627 0 101
1370019 0 102
1371535 0 103
1373030 0 101
1374504 0 102
1375958 0 102
1377433 0 102
1378867 0 102
1380341 0 102
1381775 0 103
1383331 0 101
1384867 0 102
1386280 0 103
1387755 0 101
1389168 0 102
1390704 0 102
1392240 0 103
1393694 0 101
1395086 0 102
1396643 0 102
1398056 0 102
1399551 0 103
1401087 0 101
1402500 0 102
1404016 0 102
1405449 0 102
1406883 0 102
1408296 0 103
1409750 0 101
1411183 0 102
1412637 0 102
1414030 0 102
1415587 0 102
1417122 0 102
1418638 0 103
1420072 0 101
1421485 0 102
1423021 0 102
1424516 0 102
1425949 0 102
1427444 0 103
1428960 0 101
1430455 0 102
1431929 0 102
1433445 0 102
1434940 0 102
1436394 0 103
1437848 0 101
1439363 0 102
1440879 0 102
1442271 0 102
1443787 0 102
1445261 0 102
1446757 0 103
1448231 0 101
1449706 0 102
1451201 0 103
1452757 0 101
1454191 0 102
1455583 0 102
1457058 0 102
1458491 0 102
1459925 0 102
1461481 0 102
1462874 0 102
1464390 0 103
1465925 0 101
1467318 0 102
1468711 0 103
1470247 0 101
1471680 0 102
1473175 0 102
1474650 0 102
1476083 0 102
1477476 0 103
1478910 0 101
1480302 0 102
1481736 0 103
1483149 0 101
1484685 0 102
1486077 0 102
1487470 0 102
1488965 0 103
1490542 0 101
1492078 0 102
1493491 0 102
1494966 0 102
1496358 0 102
1497833 0 102
1499307 0 103
1500720 0 101
1502215 0 102
1503608 0 102
1505123 0 102
1506619 0 102
1508134 0 102
1509649 0 102
1511042 0 102
1512558 0 103
1514094 0 101
1515507 0 102
1516961 0 102
1518394 0 102
1519807 0 102
1521323 0 102
1522797 0 103
1524333 0 101
1525787 0 102
1527241 0 103
1528696 0 101
1530191 0 102
1531665 0 103
1533119 0 101
1534553 0 102
1536089 0 103
1537522 0 101
1538997 0 102
1540451 0 103
1541905 0 101
1543379 0 102
1544936 0 102
1546349 0 102
1547762 0 103
1549216 0 101
1550752 0 102
1552288 0 103
1553804 0 101
1555299 0 102
1556773 0 102
1558268 0 103
1559722 0 101
1561279 0 102
1562774 0 102
1564269 0 102
1565743 0 102
1567156 0 102
1568549 0 102
1570003 0 103
1571477 0 101
1572972 0 102
1574488 0 103
1575942 0 101
1577396 0 102
1578912 0 103
1580468 0 101
1581943 0 102
1583458 0 102
1584933 0 102
1586325 0 103
1587779 0 101
1589213 0 102
1590646 0 102
1592141 0 102
1593555 0 103
1595090 0 101
1596606 0 102
1598060 0 102
1599494 0 103
1600989 0 101
1602443 0 102
1603876 0 102
1605289 0 102
1606784 0 103
1608279 0 101
1609774 0 102
1611269 0 102
1612744 0 102
1614157 0 102
1615611 0 102
1617004 0 103
1618437 0 101
1619830 0 102
1621223 0 102
1622615 0 102
1624069 0 103
1625626 0 101
1627100 0 102
1628595 0 102
1630049 0 102
1631442 0 102
1632855 0 102
1634350 0 103
1635865 0 101
1637381 0 102
1638835 0 103
1640310 0 101
1641784 0 102
1643238 0 102
1644733 0 102
1646187 0 102
1647703 0 102
1649095 0 103
1650672 0 101
1652147 0 102
1653601 0 102
1655055 0 103
1656529 0 101
1657922 0 102
1659397 0 102
1660851 0 102
1662325 0 102
1663738 0 102
1665233 0 102
1666728 0 102
1668182 0 103
1669739 0 101
1671213 0 102
1672626 0 102
1674162 0 103
1675739 0 101
1677296 0 102
1678791 0 103
1680306 0 101
1681822 0 102
1683337 0 103
1684791 0 101
1686266 0 102
1687802 0 102
1689338 0 103
1690833 0 101
1692246 0 102
1693679 0 102
1695154 0 102
1696567 0 103
1698144 0 101
1699619 0 102
1701052 0 102
1702547 0 102
1704042 0 103
1705578 0 101
1707094 0 102
1708527 0 102
1709981 0 102
1711415 0 102
1712848 0 102
1714364 0 102
1715838 0 103
1717395 0 101
1718890 0 102
1720426 0 103
1721982 0 101
1723395 0 102
1724911 0 102
1726406 0 102
1727799 0 102
1729314 0 103
1730809 0 101
1732304 0 102
1733779 0 103
1735315 0 101
1736810 0 102
1738223 0 103
1739718 0 101
1741233 0 102
1742646 0 103
1744141 0 101
1745677 0 102
1747152 0 103
1748708 0 101
1750183 0 102
1751637 0 102
1753070 0 102
1754524 0 103
1756040 0 101
1757473 0 102
1758969 0 102
1760484 0 102
1761918 0 102
1763392 0 102
1764785 0 102
1766218 0 103
1767754 0 101
1769290 0 102
1770806 0 103
1772219 0 101
1773673 0 102
1775168 0 102
1776704 0 102
1778178 0 103
1779592 0 101
1781046 0 102
1782479 0 102
1783892 0 102
1785326 0 102
1786841 0 103
1788398 0 101
1789790 0 102
1791203 0 103
1792739 0 101
1794132 0 102
1795566 0 102
1797081 0 102
1798515 0 103
1799969 0 101
1801382 0 102
1802815 0 102
1804310 0 102
1805785 0 102
1807280 0 102
1808775 0 102
1810188 0 103
1811745 0 101
1813260 0 102
1814796 0 102
1816230 0 102
1817684 0 102
1819158 0 103
1820633 0 101
1822107 0 102
1823520 0 103
1825036 0 101
1826469 0 102
1828005 0 103
1829459 0 101
1830913 0 102
1832429 0 102
1833883 0 102
1835399 0 102
1836955 0 103
1838450 0 101
1839986 0 102
1841420 0 102
1842853 0 102
1844287 0 102
1845679 0 103
1847195 0 101
1848649 0 102
1850164 0 102
1851700 0 102
1853175 0 102
1854629 0 102
1856021 0 103
1857476 0 101
1858971 0 102
1860384 0 103
1861817 0 101
1863230 0 102
1864705 0 102
1866159 0 102
1867592 0 103
1869087 0 101
1870480 0 102
1871934 0 102
1873429 0 102
1874863 0 102
1876317 0 102
1877812 0 103
1879327 0 101
1880781 0 102
1882174 0 102
1883649 0 102
1885062 0 103
1886639 0 101
1888175 0 102
1889710 0 103
1891144 0 101
1892660 0 102
1894093 0 103
1895568 0 101
1897001 0 102
1898435 0 103
1899971 0 101
1901486 0 102
1903022 0 102
1904415 0 102
1905848 0 103
1907425 0 101
1908900 0 102
1910354 0 102
1911788 0 102
1913221 0 102
1914778 0 102
1916314 0 102
1917727 0 103
1919181 0 101
1920594 0 102
1922089 0 102
2184498 0 38
2185993 0 37
2187488 0 40
2189045 0 48
2190458 0 44
2191912 0 42
2193366 0 44
2194779 0 48
2196192 0 39
2197626 0 39
2199121 0 53
2200657 0 60
2202131 0 57
2203565 0 61
2204978 0 44
2206514 0 57
2208050 0 49
2209606 0 58
2211040 0 58
2212556 0 56
2214010 0 67
2215505 0 38
2216959 0 52
2218515 0 70
2219928 0 48
2221403 0 58
2222857 0 69
2224393 0 44
2225867 0 53
2227280 0 51
2228714 0 53
2230188 0 56
2231643 0 49
2233097 0 61
2234612 0 48
2236066 0 60
2237459 0 58
2238954 0 62
2240469 0 42
2241944 0 51
2243459 0 54
2244893 0 60
2246367 0 64
2247903 0 42
2249398 0 49
2250832 0 62
2252245 0 38
2253781 0 57
2255276 0 64
2256792 0 45
2258246 0 56
2259679 0 59
2261215 0 52
2262751 0 52
2264185 0 51
2265618 0 71
2267052 0 41
2268588 0 52
2270042 0 68
2271557 0 46
2273032 0 52
2274588 0 51
2276063 0 54
2277496 0 68
2278971 0 47
2280384 0 49
2281859 0 63
2283333 0 46
2284808 0 54
2286344 0 56
2287798 0 49
2289272 0 56
2290685 0 55
2292221 0 63
2293655 0 48
2295191 0 53
2296604 0 58
2298099 0 55
2299614 0 54
2301028 0 50
2302461 0 63
2304018 0 45
2305451 0 54
2306864 0 54
2308359 0 64
2309813 0 44
2311288 0 50
2312783 0 50
2314298 0 51
2315691 0 71
2317227 0 44
2318783 0 49
2320278 0 68
2321835 0 44
2323350 0 60
2324845 0 52
2326422 0 60
2327897 0 61
2329392 0 47
2330907 0 56
2332443 0 49
2333897 0 71
2335413 0 41
2336826 0 57
2338321 0 61
2339816 0 42
2341291 0 55
2342724 0 54
2344219 0 53
2345755 0 53
2347168 0 49
2348622 0 66
2350076 0 37
2351612 0 50
2353025 0 54
2354582 0 52
2356118 0 52
2357531 0 69
2359046 0 47
2360459 0 58
2362016 0 50
2363449 0 51
2364985 0 56
2366542 0 56
2367975 0 50
2369429 0 69
2370986 0 38
2372522 0 57
2373955 0 61
2375512 0 37
2376986 0 54
2378461 0 57
2379895 0 54
2381431 0 59
2382987 0 55
2384421 0 63
2385936 0 48
2387390 0 51
2388844 0 52
2390319 0 52
2391732 0 67
2393227 0 42
2394763 0 55
2396196 0 65
2397732 0 48
2399227 0 60
2400640 0 58
2402074 0 51
2403487 0 56
2405003 0 63
2406559 0 48
2408034 0 54
2409570 0 59
2411126 0 56
2412580 0 67
2414075 0 37
2415591 0 54
2417004 0 60
2418478 0 67
2420035 0 40
2421509 0 52
2422922 0 72
2424458 0 42
2425974 0 52
2427530 0 70
2429025 0 43
2430520 0 51
2432015 0 63
2433572 0 47
2435108 0 49
2436603 0 70
2437975 0 37
2439429 0 53
2440842 0 70
2442317 0 44
2443852 0 51
2445266 0 53
2446822 0 51
2448317 0 60
2449853 0 60
2451307 0 70
2452823 0 38
2454338 0 57
2455894 0 51
2457369 0 53
2458925 0 72
2460359 0 46
2461915 0 58
2463451 0 69
2464946 0 41
2466503 0 52
2467916 0 58
2469350 0 60
2470824 0 49
2472340 0 54
2473855 0 57
2475391 0 66
2476825 0 44
2478361 0 55
2479876 0 57
2481310 0 57
2482743 0 49
2484156 0 69
2485631 0 39
2487085 0 55
2488518 0 59
2490054 0 54
2491488 0 59
2493045 0 54
2494519 0 64
2496076 0 41
2497591 0 52
2499025 0 51
2500499 0 52
2502056 0 63
2503530 0 48
2505087 0 50
2506602 0 49
2508077 0 67
2509613 0 39
2511046 0 52
2512521 0 63
2513995 0 44
2515531 0 56
2517067 0 69
2518603 0 47
2520037 0 52
2521491 0 49
2523006 0 61
2524481 0 42
2525976 0 55
2527450 0 49
2528843 0 51
2530276 0 59
2531751 0 68
2533144 0 43
2534618 0 55
2536113 0 59
2537567 0 52
2539103 0 49
2540639 0 54
2542155 0 58
2543691 0 71
2545186 0 43
2546742 0 50
2548299 0 49
2549732 0 67
2551227 0 44
2552763 0 50
2554197 0 55
2555630 0 61
2557166 0 38
2558600 0 57
2560115 0 56
2561569 0 70
2562982 0 39
2564375 0 56
2565911 0 69
2567324 0 46
2568819 0 52
2570232 0 51
2571768 0 59
2573243 0 51
2574656 0 57
2576192 0 51
2577646 0 64
2579059 0 47
2580493 0 53
2581906 0 59
2583360 0 50
2584834 0 59
2586268 0 57
2587845 0 67
2589278 0 46
2590773 0 55
2592227 0 59
2593722 0 49
2595217 0 57
2596733 0 65
2598187 0 38
2599723 0 57
2601300 0 58
2602856 0 65
2604392 0 38
2605908 0 57
2607341 0 50
2608795 0 52
2610290 0 53
2611765 0 70
2613199 0 45
2614632 0 58
2616107 0 57
2617684 0 53
2619158 0 61
2620571 0 43
2622107 0 50
2623602 0 55
2625118 0 60
2626613 0 58
2628149 0 59
2629705 0 67
2631159 0 39
2632613 0 55
2634108 0 61
2635583 0 46
2637078 0 58
2638634 0 63
2640109 0 44
2641522 0 57
2642955 0 57
2644512 0 58
2646048 0 50
2647522 0 52
2648976 0 67
2650451 0 44
2651925 0 53
2653421 0 54
2654854 0 72
2656288 0 38
2657824 0 52
2659257 0 56
2660752 0 57
2662247 0 49
2663681 0 60
2665135 0 56
2666568 0 61
2668043 0 44
2669517 0 49
2670951 0 59
2672467 0 56
2674023 0 58
2675600 0 55
2677115 0 58
2678631 0 72
2680024 0 38
2681498 0 55
2682952 0 49
2684406 0 67
2685819 0 38
2687253 0 58
2688789 0 72
2690325 0 47
2691840 0 56
2693397 0 58
2694892 0 51
2696387 0 51
2697882 0 63
2699397 0 47
2700933 0 51
2702428 0 69
2703903 0 37
2705418 0 59
2706954 0 51
2708449 0 54
2709944 0 72
2711460 0 43
2712996 0 52
2714470 0 51
2715924 0 59
2717337 0 68
2718832 0 40
2720266 0 52
2721782 0 49
2723256 0 55
2724731 0 50
2726226 0 51
2727741 0 72
2729257 0 44
2730690 0 55
2732247 0 57
2733824 0 60
2735237 0 53
2736650 0 62
2738083 0 43
2739619 0 51
2741155 0 50
2742568 0 50
2743961 0 66
2745354 0 47
2746869 0 51
2748282 0 52
2749777 0 53
2751211 0 52
2752644 0 58
2754201 0 54
2755675 0 49
2757088 0 71
2758542 0 47
2759935 0 60
2761471 0 71
2762987 0 37
2764482 0 52
2766038 0 50
2767594 0 53
2769130 0 59
2770646 0 70
2772161 0 43
2773718 0 60
2775233 0 58
2776769 0 52
2778182 0 58
2779698 0 58
2781254 0 62
2782749 0 41
2784244 0 60
2785658 0 65
2787112 0 41
2788607 0 49
2789999 0 56
2791515 0 58
2793092 0 68
2794525 0 43
2796102 0 52
2797536 0 50
2798969 0 57
2800464 0 58
2802000 0 67
2803434 0 39
2804970 0 56
2806444 0 53
2807960 0 58
2809516 0 54
2810991 0 61
2812527 0 44
2814063 0 51
2815455 0 52
2816909 0 54
2818343 0 61
2819818 0 46
2821313 0 49
2822869 0 51
2824384 0 49
2825839 0 57
2827334 0 67
2828849 0 42
2830324 0 54
2831798 0 70
2833232 0 38
2834665 0 49
2836181 0 60
2837655 0 59
2839212 0 58
2840789 0 72
2842181 0 43
2843697 0 59
2845212 0 53
2846666 0 50
2848223 0 69
2849697 0 44
2851274 0 58
2852831 0 54
2854305 0 58
2855882 0 60
2857336 0 55
2858790 0 57
2860347 0 68
2861760 0 41
2863193 0 54
2864668 0 53
2866101 0 60
2867556 0 54
2868948 0 51
2870423 0 69
2871959 0 42
2873495 0 51
2874908 0 64
2876464 0 41
2877959 0 60
2879393 0 51
2880785 0 59
2882342 0 70
2883755 0 47
2885311 0 59
2886806 0 67
2888219 0 48
2889755 0 60
2891271 0 53
2892684 0 49
2894138 0 59
2895613 0 54
2897108 0 65
2898500 0 45
2899934 0 52
2901490 0 49
2902965 0 53
2904398 0 65
2905914 0 41
2907429 0 50
2908842 0 60
2910256 0 59
2911812 0 56
2913368 0 49
2914782 0 55
2916277 0 69
2917731 0 44
2919226 0 60
2920782 0 61
2922318 0 46
2923895 0 57
2925431 0 62
2926926 0 44
2928339 0 51
2929834 0 52
2931370 0 60
2932824 0 57
2934319 0 72
2935753 0 45
2937207 0 51
2938702 0 51
2940115 0 53
2941610 0 52
2943064 0 50
2944559 0 53
2945972 0 63
2947406 0 37
2948942 0 52
2950457 0 55
2951911 0 58
2953365 0 69
2954819 0 41
2956232 0 60
2957789 0 60
2959325 0 49
2960717 0 63
2962274 0 37
2963830 0 58
2965407 0 51
2966902 0 71
2968418 0 46
2969872 0 59
2971346 0 50
2972862 0 61
2974275 0 38
2975770 0 53
2977285 0 53
2978698 0 50
2980132 0 70
2981627 0 39
2983143 0 56
2984699 0 65
2986194 0 43
2987689 0 58
2989245 0 60
2990720 0 68
2992236 0 46
2993710 0 51
2995246 0 53
2996721 0 60
2998257 0 62
2999752 0 45
3001206 0 59
3002701 0 61
3004196 0 37
3005732 0 50
3007227 0 53
3008681 0 67
3010196 0 44
3011732 0 58
3013268 0 50
3014681 0 69
3016115 0 45
3017569 0 60
3019125 0 53
3020620 0 56
3022156 0 63
3023631 0 42
3025085 0 52
3026518 0 54
3028013 0 65
3029549 0 41
3031106 0 59
3032519 0 57
3034075 0 51
3035488 0 53
3036984 0 53
3038540 0 66
3039953 0 42
3041428 0 49
3042861 0 55
3044377 0 50
3045831 0 55
3047305 0 72
3048841 0 37
3050316 0 50
3051749 0 51
3053162 0 57
3054637 0 49
3056111 0 65
3057525 0 43
3058938 0 50
3060433 0 71
3061887 0 40
3063361 0 55
3064856 0 65
3066413 0 46
3067887 0 57
3069444 0 53
3070959 0 50
3072516 0 66
3073949 0 39
3075424 0 60
3076857 0 54
3078270 0 56
3079745 0 50
3081240 0 54
3082796 0 49
3084312 0 69
3085827 0 38
3087384 0 55
3088920 0 54
3105450 0 104
3106863 0 104
3108399 0 104
3109935 0 104
3111430 0 104
3112925 0 104
3114358 0 104
3115792 0 104
3117287 0 104
3118802 0 104
3120195 0 105
3121711 0 105
3123144 0 106
3124680 0 104
3126114 0 105
3127670 0 105
3129104 0 105
3130496 0 105
3131991 0 105
3133425 0 106
3134920 0 104
3136415 0 105
3137930 0 106
3139384 0 104
3140798 0 105
3142293 0 106
3143849 0 104
3145324 0 105
3146778 0 105
3148273 0 106
3149788 0 104
3151304 0 105
3152737 0 105
3154232 0 105
3155645 0 105
3157181 0 105
3158738 0 106
3160212 0 104
3161748 0 105
3163223 0 105
3164759 0 105
3166315 0 106
3167728 0 104
3169223 0 105
3170698 0 105
3172193 0 105
3173749 0 105
3175244 0 105
3176739 0 106
3178214 0 104
3179668 0 105
3181143 0 105
3182637 0 105
3184132 0 105
3185566 0 105
3187122 0 105
3188638 0 105
3190072 0 106
3191526 0 104
3193062 0 105
3194577 0 105
3196113 0 105
3197608 0 105
3199083 0 105
3200516 0 105
3202073 0 105
3203588 0 106
3205124 0 104
3206660 0 105
3208155 0 105
3209650 0 105
3211186 0 105
3212722 0 105
3214176 0 106
3215733 0 104
3217228 0 105
3218620 0 105
3220095 0 105
3221631 0 105
3223126 0 106
3224559 0 104
3226095 0 105
3227549 0 106
3228983 0 104
3230416 0 105
3231973 0 105
3233488 0 106
3235004 0 104
3236417 0 105
3237851 0 105
3239386 0 105
3240820 0 105
3242295 0 105
3243687 0 106
3245100 0 104
3246513 0 105
3248008 0 105
3249442 0 105
3250876 0 106
3252289 0 104
3253763 0 105
3255238 0 106
3256692 0 104
3258207 0 105
3259641 0 105
3261177 0 105
3262590 0 106
3264024 0 104
3265478 0 105
3266932 0 105
3268427 0 105
3269922 0 105
3271396 0 105
3272912 0 106
3274468 0 104
3275984 0 105
3277438 0 106
3278933 0 104
3280448 0 105
3281902 0 105
3283315 0 105
3284749 0 106
3286203 0 104
3287718 0 105
3289254 0 106
3290790 0 104
3292203 0 105
3293678 0 105
3295132 0 105
3296688 0 105
3298102 0 105
3299494 0 106
3300989 0 104
3302484 0 105
3303897 0 105
3305351 0 105
3306744 0 105
3308178 0 106
3309611 0 104
3311147 0 105
3312642 0 105
3314178 0 105
3315673 0 105
3317230 0 105
3318622 0 106
3320035 0 104
3321448 0 105
3322964 0 106
3324500 0 104
3326015 0 105
3327449 0 105
3328842 0 105
3330398 0 105
3331852 0 106
3333368 0 104
3334903 0 105
3336439 0 105
3337853 0 105
3339348 0 105
3340781 0 106
3342276 0 104
3343792 0 105
3345328 0 105
3346843 0 106
3348256 0 104
3349731 0 105
3351267 0 105
3352700 0 105
3354257 0 105
3355711 0 105
3357103 0 105
3358578 0 106
3360012 0 104
3361568 0 105
3363002 0 106
3364538 0 104
3366012 0 105
3367548 0 106
3369084 0 104
3370518 0 105
3371910 0 105
3373467 0 105
3375023 0 105
3376477 0 106
3377870 0 104
3379385 0 105
3380819 0 105
3382211 0 105
3383665 0 105
3385079 0 106
3386553 0 104
3388028 0 105
3389584 0 105
3390997 0 105
3392410 0 106
3393967 0 104
3395400 0 105
3396936 0 106
3398370 0 104
3399906 0 105
3401319 0 105
3402773 0 105
3404227 0 106
3405722 0 104
3407279 0 105
3408692 0 105
3410105 0 105
3411579 0 106
3413136 0 104
3414549 0 105
3416003 0 105
3417477 0 105
3418993 0 106
3420467 0 104
3421962 0 105
3423437 0 106
3424871 0 104
3426366 0 105
3427799 0 106
3429294 0 104
3430851 0 105
3432305 0 105
3433759 0 105
3435295 0 105
3436728 0 105
3438203 0 106
3439739 0 104
3441213 0 105
3442688 0 106
3444101 0 104
3445596 0 105
3447111 0 106
3448586 0 104
3450122 0 105
3451637 0 105
3453153 0 105
3454586 0 105
3456020 0 105
3457433 0 105
3458990 0 106
3460464 0 104
3461959 0 105
3463393 0 105
3464785 0 105
3466219 0 105
3467714 0 106
3469188 0 104
3470622 0 105
3472097 0 105
3473612 0 105
3475025 0 105
3476438 0 105
3477954 0 105
3479346 0 106
3480841 0 104
3482275 0 105
3483688 0 106
3485101 0 104
3486596 0 105
3488153 0 105
3489586 0 105
3490999 0 105
3492535 0 105
3493948 0 106
3495361 0 104
3496754 0 105
3498290 0 106
3499744 0 104
3501239 0 105
3502673 0 106
3504106 0 104
3505560 0 105
3507014 0 105
3508530 0 105
3509984 0 106
3511417 0 104
3512871 0 105
3514285 0 105
3515800 0 106
3517316 0 104
3518790 0 105
3520244 0 105
3521739 0 106
3523234 0 104
3524709 0 105
3526224 0 105
3527719 0 105
3529173 0 105
3530607 0 106
3532040 0 104
3533454 0 105
3534928 0 105
3536362 0 105
3537898 0 105
3539372 0 105
3540908 0 105
3542403 0 105
3543857 0 106
3545373 0 104
3546786 0 105
3548322 0 105
3549837 0 105
3551332 0 105
3552848 0 106
3554363 0 104
3555776 0 105
3557210 0 105
3558766 0 105
3560179 0 105
3561593 0 105
3563026 0 106
3564583 0 104
3566119 0 105
3567593 0 105
3569088 0 105
3570583 0 105
3572017 0 106
3573450 0 104
3574945 0 105
3576440 0 105
3577874 0 106
3579287 0 104
3580741 0 105
3582175 0 105
3583690 0 106
3585206 0 104
3586762 0 105
3588216 0 105
3589732 0 105
3591206 0 106
3592640 0 104
3594094 0 105
3595568 0 106
3597104 0 104
3598579 0 105
3599992 0 105
3601528 0 105
3603023 0 105
3604415 0 106
3605869 0 104
3607405 0 105
3608900 0 105
3610416 0 105
3611972 0 105
3613426 0 105
3614840 0 106
3616396 0 104
3617789 0 105
3619202 0 105
3620656 0 105
3622069 0 105
3623584 0 106
3625059 0 104
3626574 0 105
3628110 0 106
3629605 0 104
3630998 0 105
3632432 0 105
3633865 0 105
3635340 0 105
3636835 0 105
3638309 0 105
3639722 0 106
3641197 0 104
3642712 0 105
3644146 0 106
3645559 0 104
3647115 0 105
3648631 0 106
3650024 0 104
3651539 0 105
3653075 0 105
3654509 0 105
3656004 0 106
3657499 0 104
3659035 0 105
3660550 0 105
3662107 0 105
3663581 0 105
3665138 0 105
3666592 0 105
3668066 0 106
3669541 0 104
3671015 0 105
3672428 0 106
3673882 0 104
3675357 0 105
3676893 0 105
3678429 0 105
3679862 0 105
3681378 0 105
3682811 0 105
3684286 0 106
3685720 0 104
3687133 0 105
3688587 0 106
3690061 0 104
3691536 0 105
3692990 0 106
3694423 0 104
3695898 0 105
3697413 0 105
3698908 0 105
3700424 0 105
3701960 0 105
3703414 0 105
3704929 0 106
3706343 0 104
3707879 0 105
3709353 0 106
3710869 0 104
3712364 0 105
3713859 0 106
3715313 0 104
3716767 0 105
3718303 0 106
3719757 0 104
3721190 0 105
3722665 0 106
3724160 0 104
3725655 0 105
3727088 0 106
3728645 0 104
3730099 0 105
3731594 0 105
3732987 0 105
3734420 0 105
3735956 0 106
3737431 0 104
3738987 0 105
3740523 0 106
3742039 0 104
3743452 0 105
3744988 0 106
3746483 0 104
3748039 0 105
3749514 0 105
3751050 0 105
3752565 0 105
3753978 0 106
3755473 0 104
3756989 0 105
3758545 0 106
3760081 0 104
3761494 0 105
3762928 0 105
3764423 0 105
3765836 0 105
3767310 0 105
3768703 0 105
3770178 0 106
3771734 0 104
3773229 0 105
3774683 0 105
3776137 0 105
3777591 0 106
3779045 0 104
3780602 0 105
3782015 0 105
3783530 0 105
3784923 0 105
3786459 0 105
3787892 0 106
3789306 0 104
3790841 0 105
3792275 0 106
3793770 0 104
3795163 0 105
3796719 0 105
3798255 0 105
3799668 0 105
3801081 0 105
3802535 0 106
3804071 0 104
3805546 0 105
3807020 0 105
3808495 0 105
3809908 0 105
3811403 0 106
3812837 0 104
3814250 0 105
3815745 0 105
3817260 0 105
3818796 0 106
3820332 0 104
3821766 0 105
3823302 0 105
3824817 0 106
3826312 0 104
3827869 0 105
3829405 0 106
3830900 0 104
3832374 0 105
3833767 0 106
3835303 0 104
3836839 0 105
3838272 0 106
3839726 0 104
3841283 0 105
3842737 0 106
3844170 0 104
3845665 0 105
3847099 0 106
3848635 0 104
3850028 0 105
3851461 0 106
3852915 0 104
3854349 0 105
3855885 0 105
3857441 0 105
3858895 0 105
3860411 0 105
3861844 0 106
3863380 0 104
3864855 0 105
3866391 0 106
3867886 0 104
3869319 0 105
3870733 0 105
3872207 0 105
3873764 0 106
3875238 0 104
3876692 0 105
3878146 0 105
3879641 0 105
3881075 0 105
3882488 0 105
3883901 0 105
3885396 0 106
3886809 0 104
3888345 0 105
3889861 0 105
3891274 0 105
3892789 0 105
3894223 0 105
3895759 0 105
3897274 0 106
3898810 0 104
3900223 0 105
3901718 0 106
3903131 0 104
3904565 0 105
3906080 0 105
3907575 0 105
3909029 0 106
3910463 0 104
3911958 0 105
3913515 0 105
3915050 0 105
3916586 0 105
3918020 0 106
3919556 0 104
3920990 0 105
3922403 0 105
3923836 0 105
3925270 0 105
3926806 0 105
3928219 0 106
3929693 0 104
3931209 0 105
3932622 0 106
3934056 0 104
3935448 0 105
3936923 0 105
3938438 0 105
3939954 0 105
3941510 0 106
3942944 0 104
3944459 0 105
3945954 0 105
3947388 0 105
3948944 0 105
3950357 0 105
3951811 0 106
3953347 0 104
3954760 0 105
3956296 0 106
3957771 0 104
3959266 0 105
3960741 0 106
3962297 0 104
3963710 0 105
3965226 0 106
3966639 0 104
3968093 0 105
3969526 0 105
3971042 0 105
3972496 0 105
3973909 0 105
3975363 0 105
3976776 0 106
3978251 0 104
3979766 0 105
3981179 0 105
3982592 0 105
3984108 0 105
3985521 0 105
3986954 0 105
3988368 0 106
3989781 0 104
3991235 0 105
3992689 0 106
3994143 0 104
3995699 0 105
3997133 0 106
3998689 0 104
4000225 0 105
4001679 0 105
4003195 0 105
4004608 0 105
