32714 0 4
34164 0 8
35662 0 11
37112 0 8
38635 0 4
40035 0 7
41558 0 9
43008 0 3
44457 0 1
45980 0 6
47528 0 18
48953 0 17
50378 0 19
51802 0 15
53203 0 15
54750 0 32
56200 0 7
57698 0 24
59221 0 29
60695 0 8
62292 0 17
63742 0 13
65216 0 28
66665 0 6
68139 0 15
69564 0 24
71062 0 29
72536 0 7
74109 0 23
75656 0 16
77130 0 16
78653 0 23
80103 0 24
81528 0 30
83002 0 9
84574 0 23
86072 0 31
87620 0 3
89168 0 21
90666 0 14
92066 0 15
93516 0 36
95064 0 8
96513 0 15
97962 0 17
99486 0 19
100960 0 14
102360 0 30
103760 0 11
105259 0 21
106683 0 14
108084 0 19
109509 0 31
111056 0 8
112555 0 20
114053 0 29
115576 0 2
117051 0 18
118500 0 26
120023 0 7
121595 0 23
123020 0 14
124420 0 14
125894 0 22
127319 0 14
128744 0 25
130267 0 4
131692 0 17
133166 0 18
134640 0 16
136114 0 23
137539 0 28
138988 0 3
140487 0 24
142034 0 15
143582 0 19
145031 0 16
146530 0 21
148102 0 13
149576 0 23
151124 0 30
152598 0 7
154121 0 17
155546 0 17
156946 0 20
158395 0 16
159796 0 32
161221 0 6
162719 0 14
164218 0 27
165692 0 1
167239 0 18
168787 0 21
170310 0 26
171686 0 4
173135 0 13
174585 0 18
176010 0 24
177508 0 23
179080 0 22
180554 0 32
181955 0 4
183355 0 14
184902 0 22
186426 0 28
187900 0 8
189374 0 22
190946 0 34
192371 0 5
193918 0 13
195319 0 23
196768 0 17
198291 0 24
199716 0 14
201264 0 27
202738 0 1
204285 0 21
205833 0 29
207356 0 6
208904 0 16
210304 0 14
211778 0 21
213301 0 18
214800 0 15
216274 0 34
217723 0 3
219246 0 14
220646 0 19
222194 0 23
223644 0 27
225068 0 3
226493 0 17
227967 0 22
229466 0 19
230989 0 15
232389 0 34
233814 0 8
235313 0 13
236786 0 18
238211 0 20
239784 0 17
241282 0 31
242756 0 10
244230 0 17
245704 0 27
247129 0 7
248578 0 20
250175 0 28
251600 0 8
253074 0 21
254523 0 30
256022 0 7
257471 0 23
258994 0 28
260518 0 9
262065 0 22
263588 0 20
265161 0 33
266561 0 5
268035 0 21
269607 0 18
271106 0 35
272629 0 7
274127 0 22
275650 0 17
277124 0 28
278623 0 10
280171 0 21
281595 0 18
283168 0 15
284642 0 19
286091 0 14
287491 0 17
288916 0 27
290316 0 8
291790 0 17
293289 0 18
294738 0 15
296212 0 20
297785 0 19
299283 0 26
300708 0 5
302182 0 21
303680 0 17
305081 0 16
306530 0 31
308078 0 2
309478 0 13
311026 0 35
312573 0 7
314047 0 20
315521 0 20
316995 0 22
318518 0 18
320042 0 27
321540 0 9
323039 0 15
324439 0 29
325962 0 7
327510 0 14
329033 0 19
330605 0 17
332030 0 33
333553 0 2
334953 0 17
336501 0 17
337950 0 21
339449 0 26
340874 0 10
342372 0 23
343846 0 31
345419 0 1
346942 0 14
348391 0 19
349963 0 22
351388 0 31
352887 0 12
354312 0 16
355712 0 15
357260 0 15
358709 0 14
360207 0 29
361681 0 9
363131 0 17
364531 0 24
365981 0 16
367479 0 13
368879 0 15
370427 0 24
371975 0 13
373498 0 35
375021 0 10
376593 0 15
378116 0 13
379517 0 23
380966 0 29
382391 0 12
383889 0 23
385339 0 33
386813 0 8
388287 0 13
389687 0 17
391235 0 14
392684 0 34
394207 0 9
395632 0 23
397155 0 32
398580 0 12
400029 0 14
401503 0 32
402928 0 6
404500 0 14
405999 0 28
407399 0 10
408972 0 21
410446 0 36
411993 0 10
413565 0 24
415113 0 25
416563 0 9
418037 0 24
419486 0 15
421009 0 23
422557 0 21
424129 0 25
425603 0 9
427175 0 22
428674 0 24
430099 0 14
431622 0 31
433120 0 7
434692 0 16
436093 0 22
437518 0 18
439065 0 17
440613 0 16
442136 0 16
443610 0 29
445133 0 6
446583 0 18
448106 0 20
449604 0 24
451078 0 23
452626 0 24
454100 0 27
455623 0 3
457072 0 17
458571 0 34
459971 0 12
461519 0 13
462944 0 32
464418 0 8
465916 0 20
467513 0 34
468938 0 10
470461 0 13
472009 0 23
473433 0 36
474957 0 7
476381 0 22
477831 0 31
479280 0 4
480754 0 14
482277 0 31
483751 0 5
485176 0 21
486699 0 14
488247 0 29
489672 0 6
491195 0 23
492693 0 14
494217 0 17
495641 0 13
497091 0 33
498565 0 12
499965 0 16
501439 0 13
502839 0 17
504289 0 23
505763 0 19
507310 0 35
508858 0 12
510332 0 19
511831 0 20
513305 0 18
514779 0 18
516252 0 22
517702 0 25
519151 0 4
520576 0 15
522075 0 24
523549 0 18
524974 0 23
526398 0 22
527872 0 30
529248 0 9
530771 0 23
532270 0 19
533768 0 32
535316 0 9
536814 0 16
538313 0 19
539861 0 17
541359 0 13
542882 0 21
544430 0 29
545953 0 2
547353 0 13
548778 0 18
550350 0 22
551898 0 23
553397 0 26
554846 0 3
556246 0 22
557819 0 15
559219 0 16
560595 0 29
562118 0 4
563518 0 19
564967 0 35
566441 0 6
568014 0 21
569438 0 23
570863 0 22
572411 0 24
573885 0 35
575285 0 1
576784 0 15
578233 0 19
579707 0 25
581230 0 8
582778 0 23
584252 0 13
585726 0 19
587151 0 21
588723 0 31
590295 0 4
591794 0 16
593243 0 35
594791 0 8
596314 0 21
597862 0 21
599409 0 24
600834 0 33
602357 0 5
603831 0 13
605281 0 19
606755 0 14
608180 0 15
609654 0 32
611201 0 5
612724 0 14
614223 0 34
615697 0 5
617122 0 22
618694 0 17
620242 0 24
621789 0 21
623361 0 14
624909 0 17
626457 0 16
627906 0 29
629380 0 8
630903 0 21
632353 0 15
633900 0 33
635448 0 9
636898 0 17
638347 0 20
639796 0 14
641246 0 22
642720 0 22
644243 0 28
645791 0 1
647191 0 15
648640 0 33
650212 0 9
651736 0 23
653259 0 26
654684 0 6
656133 0 18
657656 0 15
659179 0 33
660653 0 9
662103 0 19
663527 0 14
664928 0 18
666402 0 19
667900 0 14
669350 0 13
670848 0 24
672322 0 31
673821 0 7
675270 0 22
676719 0 20
678169 0 22
679741 0 18
681264 0 20
682763 0 30
684212 0 9
685735 0 24
687258 0 15
688683 0 20
690255 0 22
691779 0 32
693277 0 9
694727 0 17
696151 0 20
697625 0 31
699148 0 8
700598 0 24
702121 0 18
703644 0 19
705167 0 17
706690 0 16
708140 0 23
709614 0 35
711088 0 8
712537 0 13
713937 0 25
715485 0 9
717033 0 15
718482 0 21
719981 0 25
721406 0 12
722953 0 15
724378 0 20
725901 0 32
727400 0 9
728825 0 18
730348 0 32
731871 0 11
733345 0 19
734819 0 16
736317 0 15
737718 0 24
739216 0 18
740715 0 35
742115 0 7
743663 0 14
745210 0 15
746635 0 22
748109 0 24
749632 0 18
751155 0 17
752703 0 36
754152 0 10
755602 0 23
757149 0 13
758673 0 31
760171 0 9
761743 0 20
763316 0 23
764790 0 14
766165 0 27
767566 0 6
768990 0 17
770464 0 23
772012 0 28
773560 0 4
775083 0 13
776606 0 14
778055 0 21
779603 0 14
781052 0 24
782477 0 17
783902 0 36
785425 0 6
786948 0 24
788471 0 18
789896 0 16
791321 0 15
792746 0 13
794195 0 24
795620 0 29
797119 0 5
798568 0 24
800042 0 19
801467 0 22
802941 0 19
804489 0 20
805987 0 24
807461 0 17
808960 0 25
810532 0 6
812080 0 18
813603 0 15
815150 0 15
816551 0 35
818074 0 10
819622 0 17
821071 0 19
822520 0 30
824019 0 7
825542 0 13
827016 0 18
828539 0 29
830087 0 4
831487 0 19
833035 0 21
834582 0 17
836056 0 14
837604 0 27
839029 0 1
840503 0 20
842001 0 26
843451 0 10
844900 0 18
846399 0 20
847848 0 14
849371 0 13
850821 0 13
852270 0 23
853695 0 35
855095 0 5
856618 0 24
858117 0 19
859591 0 14
861089 0 16
862588 0 16
864087 0 32
865462 0 3
866985 0 23
868508 0 16
870032 0 21
871506 0 13
872930 0 21
874503 0 29
875952 0 11
877475 0 18
878974 0 19
880497 0 25
882020 0 11
883445 0 22
884919 0 32
886319 0 7
887744 0 17
889193 0 16
890716 0 25
892141 0 3
893640 0 15
895163 0 35
896588 0 9
898037 0 18
899462 0 17
901010 0 26
902533 0 7
904031 0 23
905505 0 26
907004 0 8
908502 0 24
909903 0 24
911401 0 20
912900 0 15
914398 0 24
915799 0 36
917346 0 8
918943 0 23
920392 0 21
921817 0 33
923242 0 4
924692 0 17
926215 0 21
927689 0 24
929163 0 24
930612 0 23
932012 0 20
933486 0 27
935034 0 8
936483 0 18
990665 0 101
992065 0 101
993564 0 101
994964 0 101
996364 0 101
997789 0 101
999214 0 101
1000762 0 101
1002236 0 101
1003759 0 101
1005282 0 102
1006731 0 102
1008181 0 102
1009728 0 102
1011129 0 102
1012578 0 102
1013978 0 103
1015452 0 101
1016902 0 102
1018351 0 102
1019825 0 102
1021373 0 102
1022798 0 103
1024345 0 101
1025819 0 102
1027269 0 103
1028767 0 101
1030290 0 102
1031764 0 102
1033214 0 102
1034762 0 102
1036162 0 103
1037660 0 101
1039183 0 102
1040657 0 102
1042181 0 102
1043679 0 102
1045104 0 102
1046504 0 103
1048052 0 101
1049452 0 102
1050877 0 103
1052351 0 101
1053776 0 102
1055324 0 102
1056798 0 102
1058345 0 103
1059819 0 101
1061244 0 102
1062718 0 103
1064241 0 101
1065740 0 102
1067263 0 102
1068712 0 102
1070235 0 102
1071709 0 102
1073232 0 102
1074731 0 103
1076180 0 101
1077605 0 102
1079104 0 102
1080529 0 103
1082052 0 101
1083476 0 102
1084926 0 102
1086474 0 102
1087898 0 102
1089446 0 102
1090871 0 102
1092394 0 102
1093819 0 103
1095293 0 101
1096841 0 102
1098339 0 102
1099789 0 102
1101287 0 102
1102687 0 102
1104186 0 102
1105611 0 103
1107060 0 101
1108534 0 102
1110057 0 102
1111457 0 102
1112981 0 102
1114455 0 102
1115953 0 102
1117353 0 103
1118778 0 101
1120277 0 102
1121726 0 103
1123225 0 101
1124772 0 102
1126197 0 102
1127622 0 102
1129145 0 103
1130570 0 101
1131995 0 102
1133444 0 102
1134869 0 102
1136368 0 102
1137842 0 103
1139365 0 101
1140839 0 102
1142313 0 102
1143811 0 103
1145334 0 101
1146735 0 102
1148282 0 103
1149707 0 101
1151230 0 102
1152631 0 103
1154129 0 101
1155677 0 102
1157126 0 102
1158576 0 102
1160050 0 102
1161573 0 102
1163022 0 103
1164545 0 101
1166019 0 102
1167518 0 103
1168943 0 101
1170441 0 102
1171940 0 103
1173414 0 101
1174814 0 102
1176288 0 102
1177786 0 102
1179187 0 102
1180587 0 102
1182086 0 103
1183584 0 101
1185083 0 102
1186507 0 102
1188031 0 102
1189505 0 103
1191028 0 101
1192428 0 102
1193951 0 103
1195400 0 101
1196825 0 102
1198250 0 102
1199798 0 102
1201321 0 103
1202819 0 101
1204343 0 102
1205817 0 102
1207315 0 102
1208863 0 102
1210288 0 103
1211860 0 101
1213334 0 102
1214808 0 102
1216208 0 103
1217756 0 101
1219230 0 102
1220728 0 103
1222276 0 101
1223701 0 102
1225126 0 102
1226600 0 102
1228098 0 103
1229646 0 101
1231046 0 102
1232545 0 102
1233994 0 102
1235517 0 102
1236967 0 102
1238441 0 103
1239964 0 101
1241487 0 102
1242912 0 102
1244386 0 102
1245835 0 102
1247235 0 102
1248660 0 102
1250183 0 103
1251731 0 101
1253156 0 102
1254679 0 102
1256104 0 102
1257504 0 102
1258953 0 102
1260477 0 102
1262000 0 102
1263547 0 103
1265046 0 101
1266446 0 102
1267945 0 102
1269370 0 103
1270794 0 101
1272268 0 102
1273767 0 103
1275265 0 101
1276666 0 102
1278189 0 102
1279638 0 102
1281112 0 102
1282513 0 103
1284085 0 101
1285583 0 102
1287008 0 102
1288531 0 102
1290005 0 102
1291504 0 102
1292978 0 103
1294525 0 101
1296024 0 102
1297473 0 103
1299046 0 101
1300544 0 102
1301994 0 102
1303443 0 103
1304892 0 101
1306293 0 102
1307791 0 102
1309191 0 102
1310592 0 102
1312041 0 103
1313466 0 101
1314891 0 102
1316316 0 103
1317863 0 101
1319362 0 102
1320787 0 103
1322261 0 101
1323759 0 102
1325184 0 103
1326683 0 101
1328108 0 102
1329606 0 103
1331105 0 101
1332505 0 102
1333979 0 102
1335428 0 102
1336927 0 103
1338474 0 101
1339998 0 102
1341422 0 102
1342946 0 102
1344395 0 102
1345795 0 102
1347318 0 103
1348891 0 101
1350365 0 102
1351814 0 102
1353263 0 102
1354664 0 102
1356138 0 102
1357612 0 102
1359159 0 103
1360658 0 101
1362058 0 102
1363532 0 103
1365104 0 101
1366578 0 102
1368077 0 102
1369477 0 103
1371049 0 101
1372548 0 102
1373948 0 102
1375471 0 102
1376872 0 102
1378321 0 103
1379869 0 101
1381416 0 102
1382817 0 102
1384340 0 102
1385863 0 102
1387361 0 103
1388934 0 101
1390408 0 102
1391808 0 103
1393331 0 101
1394854 0 102
1396377 0 103
1397802 0 101
1399325 0 102
1400799 0 102
1402199 0 103
1403772 0 101
1405270 0 102
1406769 0 102
1408316 0 102
1409864 0 102
1411338 0 102
1412787 0 102
1414261 0 103
1415809 0 101
1417308 0 102
1418733 0 103
1420280 0 101
1421803 0 102
1423253 0 102
1424751 0 103
1426274 0 101
1427822 0 102
1429247 0 102
1430770 0 103
1432170 0 101
1433644 0 102
1435167 0 102
1436641 0 102
1438189 0 103
1439663 0 101
1441186 0 102
1442660 0 102
1444085 0 102
1445608 0 102
1447131 0 102
1448654 0 103
1450128 0 101
1451602 0 102
1453125 0 103
1454624 0 101
1456024 0 102
1457424 0 102
1458948 0 102
1460348 0 102
1461773 0 102
1463296 0 103
1464794 0 101
1466244 0 102
1467742 0 103
1469290 0 101
1470788 0 102
1472262 0 103
1473712 0 101
1475235 0 102
1476684 0 103
1478183 0 101
1479608 0 102
1481008 0 102
1482457 0 102
1483907 0 102
1485430 0 103
1486879 0 101
1488353 0 102
1489852 0 103
1491350 0 101
1492874 0 102
1494274 0 103
1495723 0 101
1497148 0 102
1498573 0 102
1500047 0 103
1501472 0 101
1502995 0 102
1504420 0 102
1505967 0 102
1507392 0 103
1508964 0 101
1510414 0 102
1511839 0 102
1513264 0 102
1514762 0 102
1516187 0 102
1517710 0 103
1519209 0 101
1520633 0 102
1522107 0 103
1523532 0 101
1525006 0 102
1526407 0 102
1527856 0 103
1529281 0 101
1530730 0 102
1532155 0 103
1533580 0 101
1535078 0 102
1536602 0 102
1538051 0 102
1539476 0 103
1541048 0 101
1542497 0 102
1543971 0 102
1545519 0 103
1546944 0 101
1548344 0 102
1549769 0 102
1551268 0 103
1552692 0 101
1554142 0 102
1555567 0 102
1557041 0 102
1558539 0 102
1560087 0 102
1561561 0 102
1563059 0 103
1564509 0 101
1566057 0 102
1567604 0 102
1569029 0 102
1570528 0 102
1571928 0 102
1573377 0 103
1574851 0 101
1576276 0 102
1577750 0 102
1579273 0 102
1580673 0 103
1582098 0 101
1583572 0 102
1585095 0 103
1586569 0 101
1587970 0 102
1589493 0 102
1591041 0 102
1592441 0 102
1593939 0 103
1595364 0 101
1596764 0 102
1598263 0 102
1599786 0 103
1601358 0 101
1602783 0 102
1604257 0 102
1605780 0 102
1607254 0 102
1608679 0 103
1610202 0 101
1611602 0 102
1613076 0 102
1614624 0 102
1616123 0 103
1617646 0 101
1619071 0 102
1620594 0 102
1622092 0 102
1623591 0 102
1625089 0 103
1626514 0 101
1627988 0 102
1629487 0 102
1630961 0 102
1632508 0 102
1633982 0 103
1635432 0 101
1636857 0 102
1638306 0 102
1639731 0 102
1641131 0 102
1642556 0 102
1643956 0 102
1645381 0 103
1646929 0 101
1648329 0 102
1649754 0 102
1651302 0 102
1652751 0 102
1654200 0 103
1655748 0 101
1657148 0 102
1658573 0 103
1660096 0 101
1661521 0 102
1663020 0 103
1664518 0 101
1665992 0 102
1667417 0 102
1668842 0 102
1670365 0 102
1671888 0 103
1673313 0 101
1674861 0 102
1676335 0 103
1677809 0 101
1679233 0 102
1680757 0 102
1682280 0 103
1683778 0 101
1685252 0 102
1686751 0 103
1688274 0 101
1689748 0 102
1691197 0 102
1692696 0 102
1694121 0 102
1695668 0 103
1697142 0 101
1698567 0 102
1700016 0 102
1701466 0 103
1702964 0 101
1704488 0 102
1705912 0 102
1707460 0 102
1708909 0 102
1710334 0 103
1711882 0 101
1713356 0 102
1714830 0 102
1716255 0 102
1717802 0 102
1719227 0 102
1720750 0 103
1722224 0 101
1723772 0 102
1725172 0 102
1726720 0 102
1728219 0 102
1729619 0 102
1731093 0 103
1732640 0 101
1734188 0 102
1735588 0 102
1736989 0 102
1738414 0 103
1739937 0 101
1741411 0 102
1742958 0 102
1744506 0 102
1745980 0 103
1747429 0 101
1748953 0 102
1750402 0 103
1751827 0 101
1753350 0 102
1754750 0 103
1756298 0 101
1757772 0 102
1759270 0 102
1760744 0 103
1762194 0 101
1763594 0 102
1765043 0 102
1766542 0 102
1767991 0 102
1769392 0 102
1770816 0 102
1772290 0 102
1773838 0 103
1775263 0 101
1776811 0 102
1778334 0 102
1779808 0 102
1781257 0 102
1782707 0 103
1784230 0 101
1785728 0 102
1787178 0 102
1788578 0 102
1790076 0 103
1791550 0 101
1793024 0 102
1794548 0 102
1795997 0 103
1797422 0 101
1798969 0 102
1800493 0 102
1801917 0 102
1803441 0 103
1804890 0 101
1806339 0 102
1807789 0 102
1809263 0 102
1810737 0 102
1812260 0 102
1813660 0 103
1815232 0 101
1816755 0 102
1818279 0 102
1819728 0 102
1821202 0 102
1822676 0 102
1824199 0 103
1825771 0 101
1827172 0 102
1828695 0 103
1830242 0 101
1831716 0 102
1833117 0 102
1834591 0 103
1836114 0 101
1837563 0 102
1839037 0 102
1840511 0 102
1842034 0 102
1843484 0 102
1844958 0 102
1846407 0 102
1847832 0 103
1849306 0 101
1850780 0 102
1852205 0 103
1853629 0 101
1855128 0 102
1856602 0 102
1858051 0 103
1859574 0 101
1861122 0 102
1862621 0 103
1864095 0 101
1865495 0 102
1867043 0 102
1868443 0 102
1869868 0 103
1871317 0 101
1872742 0 102
1874265 0 102
1875665 0 102
1877164 0 102
1878638 0 103
1880161 0 101
1881660 0 102
1883207 0 102
1884706 0 102
1886229 0 102
1887703 0 102
1889152 0 102
2015162 0 45
2016734 0 43
2018208 0 44
2019657 0 45
2021156 0 42
2022581 0 38
2024079 0 40
2025553 0 37
2027003 0 39
2028550 0 41
2030000 0 52
2031449 0 52
2032972 0 59
2034495 0 53
2036018 0 65
2037566 0 40
2039015 0 56
2040563 0 59
2042062 0 59
2043536 0 52
2045059 0 52
2046484 0 61
2047958 0 43
2049432 0 59
2050930 0 71
2052355 0 48
2053903 0 55
2055377 0 56
2056826 0 68
2058226 0 37
2059725 0 55
2061273 0 50
2062771 0 60
2064294 0 58
2065793 0 64
2067291 0 44
2068716 0 59
2070166 0 66
2071590 0 39
2073064 0 53
2074514 0 67
2076037 0 40
2077462 0 50
2078911 0 69
2080434 0 42
2082006 0 52
2083431 0 49
2084856 0 49
2086330 0 55
2087780 0 63
2089229 0 41
2090629 0 56
2092128 0 53
2093602 0 59
2095051 0 52
2096501 0 58
2097950 0 58
2099399 0 56
2100923 0 72
2102470 0 43
2104018 0 56
2105566 0 50
2107064 0 56
2108612 0 49
2110135 0 53
2111707 0 61
2113181 0 43
2114704 0 55
2116178 0 54
2117701 0 55
2119151 0 58
2120649 0 54
2122172 0 55
2123745 0 55
2125292 0 66
2126815 0 44
2128265 0 52
2129812 0 59
2131286 0 57
2132785 0 49
2134357 0 64
2135831 0 40
2137256 0 58
2138853 0 52
2140302 0 56
2141703 0 69
2143201 0 40
2144724 0 49
2146174 0 49
2147574 0 65
2149122 0 42
2150522 0 49
2151996 0 68
2153421 0 47
2154993 0 51
2156467 0 70
2157916 0 37
2159366 0 58
2160864 0 55
2162412 0 50
2163861 0 59
2165311 0 52
2166809 0 57
2168234 0 67
2169708 0 47
2171182 0 59
2172607 0 71
2174032 0 43
2175457 0 50
2176955 0 66
2178405 0 44
2179854 0 51
2181353 0 53
2182925 0 57
2184522 0 58
2185971 0 70
2187322 0 40
2188747 0 57
2190270 0 56
2191818 0 49
2193243 0 58
2194815 0 65
2196387 0 48
2197910 0 54
2199335 0 51
2200834 0 53
2202283 0 72
2203757 0 40
2205255 0 54
2206803 0 64
2208302 0 41
2209727 0 52
2211151 0 51
2212675 0 54
2214173 0 57
2215745 0 60
2217195 0 49
2218620 0 65
2220192 0 40
2221690 0 54
2223140 0 70
2224614 0 38
2226161 0 52
2227709 0 70
2229109 0 41
2230559 0 49
2232008 0 52
2233482 0 65
2234932 0 40
2236479 0 54
2238027 0 56
2239575 0 70
2240975 0 46
2242498 0 52
2244046 0 53
2245569 0 52
2246994 0 58
2248418 0 51
2249966 0 58
2251538 0 69
2253061 0 42
2254560 0 52
2255960 0 60
2257361 0 72
2258884 0 42
2260382 0 57
2261905 0 58
2263379 0 71
2264927 0 42
2266475 0 50
2267900 0 52
2269324 0 70
2270725 0 41
2272272 0 56
2273795 0 50
2275294 0 54
2276842 0 59
2278266 0 60
2279765 0 68
2281288 0 38
2282836 0 56
2284334 0 54
2285735 0 70
2287110 0 45
2288634 0 49
2290157 0 60
2291729 0 72
2293276 0 44
2294800 0 60
2296298 0 69
2297846 0 47
2299369 0 58
2300941 0 58
2302366 0 59
2303889 0 58
2305363 0 51
2306812 0 70
2308188 0 37
2309638 0 54
2311062 0 52
2312586 0 49
2314010 0 55
2315583 0 59
2317007 0 61
2318531 0 39
2319980 0 55
2321429 0 57
2322977 0 68
2324500 0 41
2325925 0 52
2327497 0 59
2329070 0 59
2330568 0 55
2332091 0 61
2333663 0 47
2335187 0 55
2336734 0 58
2338306 0 55
2339830 0 58
2341353 0 55
2342900 0 70
2344276 0 42
2345701 0 54
2347101 0 58
2348526 0 50
2350098 0 67
2351523 0 47
2353046 0 57
2354569 0 62
2355994 0 44
2357419 0 52
2358918 0 58
2360342 0 51
2361792 0 59
2363266 0 51
2364789 0 67
2366287 0 42
2367786 0 58
2369285 0 50
2370832 0 57
2372355 0 53
2373878 0 60
2375402 0 67
2376949 0 47
2378448 0 56
2379873 0 66
2381322 0 46
2382821 0 51
2384295 0 66
2385719 0 46
2387193 0 50
2388643 0 61
2390068 0 44
2391517 0 55
2393089 0 54
2394563 0 55
2396111 0 56
2397609 0 52
2399034 0 51
2400582 0 57
2402105 0 62
2403628 0 37
2405176 0 49
2406724 0 57
2408198 0 55
2409696 0 68
2411096 0 44
2412619 0 59
2414069 0 54
2415567 0 52
2417091 0 65
2418540 0 42
2419965 0 55
2421537 0 50
2423036 0 49
2424485 0 50
2425934 0 54
2427359 0 71
2428882 0 37
2430381 0 49
2431830 0 54
2433280 0 54
2434778 0 57
2436326 0 67
2437751 0 46
2439298 0 53
2440748 0 51
2442222 0 50
2443671 0 53
2445096 0 53
2446570 0 63
2448069 0 44
2449616 0 55
2451189 0 62
2452712 0 44
2454235 0 49
2455684 0 66
2457109 0 48
2458583 0 55
2460057 0 53
2461629 0 49
2463201 0 71
2464700 0 47
2466149 0 58
2467722 0 63
2469171 0 42
2470694 0 55
2472217 0 55
2473691 0 54
2475092 0 68
2476639 0 39
2478113 0 55
2479538 0 53
2481037 0 57
2482584 0 57
2484156 0 66
2485680 0 40
2487178 0 56
2488652 0 62
2490052 0 37
2491526 0 50
2492976 0 57
2494548 0 54
2495997 0 54
2497496 0 49
2498921 0 51
2500346 0 55
2501918 0 61
2503466 0 42
2504989 0 60
2506463 0 67
2507937 0 39
2509386 0 60
2510934 0 64
2512432 0 39
2513980 0 52
2515478 0 65
2516928 0 39
2518353 0 54
2519900 0 62
2521424 0 38
2522897 0 58
2524421 0 60
2525993 0 54
2527541 0 68
2529015 0 46
2530587 0 57
2532159 0 60
2533584 0 72
2535009 0 40
2536532 0 50
2538079 0 50
2539504 0 65
2540954 0 42
2542403 0 56
2543853 0 59
2545351 0 55
2546825 0 59
2548299 0 69
2549773 0 48
2551222 0 51
2552696 0 61
2554195 0 39
2555767 0 59
2557290 0 54
2558691 0 57
2560214 0 55
2561639 0 53
2563063 0 58
2564562 0 70
2566011 0 43
2567436 0 55
2568861 0 56
2570335 0 59
2571760 0 65
2573234 0 47
2574683 0 60
2576231 0 57
2577779 0 49
2579253 0 60
2580677 0 59
2582201 0 61
2583748 0 37
2585173 0 55
2586622 0 72
2588121 0 37
2589546 0 54
2591044 0 57
2592518 0 49
2594017 0 66
2595515 0 42
2597039 0 53
2598513 0 62
2599986 0 39
2601411 0 55
2602959 0 71
2604458 0 43
2606030 0 54
2607553 0 54
2608978 0 49
2610501 0 51
2611999 0 71
2613498 0 37
2614947 0 58
2616470 0 57
2617895 0 52
2619418 0 64
2620966 0 38
2622514 0 59
2624037 0 56
2625462 0 53
2626985 0 58
2628434 0 71
2629835 0 41
2631333 0 59
2632758 0 49
2634306 0 56
2635804 0 61
2637327 0 37
2638850 0 53
2640300 0 49
2641700 0 71
2643248 0 48
2644771 0 58
2646245 0 59
2647694 0 54
2649193 0 55
2650740 0 57
2652264 0 59
2653787 0 56
2655236 0 64
2656759 0 48
2658184 0 58
2659658 0 72
2661058 0 46
2662581 0 57
2664129 0 52
2665701 0 49
2667151 0 62
2668698 0 39
2670148 0 59
2671695 0 72
2673120 0 48
2674619 0 57
2676068 0 70
2677542 0 39
2678967 0 56
2680490 0 63
2681915 0 47
2683438 0 53
2684937 0 55
2686484 0 52
2687958 0 58
2689506 0 54
2690931 0 68
2692454 0 47
2693879 0 54
2695279 0 60
2696704 0 59
2698153 0 50
2699676 0 52
2701101 0 53
2702600 0 65
2704074 0 38
2705499 0 58
2707046 0 64
2708496 0 38
2709994 0 49
2711419 0 59
2712991 0 53
2714514 0 51
2715988 0 65
2717487 0 41
2718986 0 55
2720435 0 56
2721860 0 58
2723383 0 60
2724906 0 54
2726454 0 62
2727952 0 40
2729525 0 58
2731048 0 61
2732497 0 48
2733897 0 53
2735347 0 57
2736919 0 56
2738417 0 70
2739867 0 39
2741365 0 49
2742864 0 59
2744363 0 56
2745787 0 52
2747261 0 58
2748760 0 68
2750209 0 46
2751732 0 55
2753256 0 50
2754754 0 65
2756277 0 43
2757825 0 60
2759299 0 65
2760846 0 48
2762345 0 55
2763868 0 59
2765391 0 50
2766865 0 50
2768315 0 62
2769838 0 39
2771336 0 55
2772810 0 57
2774382 0 50
2775906 0 64
2777404 0 43
2778829 0 50
2780254 0 54
2781728 0 69
2783202 0 37
2784627 0 50
2786076 0 68
2787599 0 46
2789147 0 50
2790670 0 51
2792242 0 54
2793716 0 57
2795264 0 63
2796762 0 39
2798163 0 49
2799710 0 55
2801135 0 70
2802609 0 45
2804059 0 58
2805533 0 55
2807080 0 51
2808652 0 54
2810102 0 50
2811551 0 56
2813099 0 69
2814573 0 43
2816096 0 57
2817644 0 50
2819093 0 49
2820641 0 53
2822115 0 55
2823589 0 70
2825038 0 37
2826512 0 52
2827986 0 58
2829485 0 57
2831008 0 50
2832457 0 66
2833907 0 39
2835307 0 58
2836781 0 64
2838230 0 42
2839753 0 57
2841276 0 50
2842824 0 56
2844347 0 59
2845870 0 62
2847369 0 39
2848843 0 49
2850268 0 52
2851717 0 53
2853265 0 50
2854813 0 52
2856262 0 61
2857785 0 43
2859259 0 50
2860758 0 54
2862232 0 62
2863755 0 38
2865278 0 56
2866850 0 51
2868275 0 56
2869724 0 59
2871296 0 52
2872721 0 51
2874122 0 68
2875694 0 41
2877168 0 52
2878617 0 56
2880091 0 58
2881516 0 71
2883015 0 47
2884587 0 49
2886085 0 65
2887559 0 37
2889107 0 60
2890630 0 54
2892153 0 69
2893578 0 44
2895077 0 50
2896649 0 50
2898197 0 52
2899671 0 63
2901194 0 48
2902692 0 53
2904191 0 55
2905763 0 50
2907237 0 50
2908662 0 50
2910136 0 62
2911634 0 39
2913108 0 60
2914533 0 56
2916007 0 50
2917579 0 64
2919078 0 47
2920503 0 52
2921977 0 56
2947868 0 104
2949366 0 104
2950816 0 104
2952314 0 104
2953813 0 104
2955262 0 104
2956736 0 104
2958185 0 104
2959709 0 104
2961207 0 104
2962681 0 105
2964204 0 105
2965752 0 106
2967324 0 104
2968823 0 105
2970247 0 106
2971746 0 104
2973294 0 105
2974694 0 106
2976119 0 104
2977642 0 105
2979140 0 105
2980614 0 105
2982039 0 105
2983513 0 106
2984963 0 104
2986437 0 105
2987886 0 105
2989385 0 105
2990859 0 105
2992357 0 105
2993856 0 105
2995330 0 106
2996804 0 104
2998327 0 105
2999825 0 105
3001299 0 105
3002749 0 105
3004321 0 105
3005869 0 105
3007416 0 105
3008964 0 106
3010487 0 104
3012010 0 105
3013558 0 106
3014983 0 104
3016506 0 105
3018078 0 105
3019626 0 105
3021124 0 105
3022647 0 105
3024072 0 105
3025571 0 105
3027094 0 106
3028642 0 104
3030140 0 105
3031639 0 105
3033063 0 106
3034488 0 104
3035962 0 105
3037461 0 106
3039009 0 104
3040458 0 105
3041981 0 105
3043504 0 105
3045052 0 105
3046477 0 106
3048049 0 104
3049572 0 105
3051021 0 105
3052569 0 105
3054019 0 105
3055419 0 106
3056942 0 104
3058367 0 105
3059841 0 105
3061364 0 106
3062862 0 104
3064435 0 105
3065933 0 106
3067358 0 104
3068857 0 105
3070380 0 105
3071878 0 106
3073426 0 104
3074826 0 105
3076374 0 105
3077897 0 106
3079420 0 104
3080968 0 105
3082417 0 105
3083916 0 106
3085390 0 104
3086864 0 105
3088387 0 106
3089910 0 104
3091335 0 105
3092833 0 105
3094283 0 105
3095830 0 106
3097353 0 104
3098803 0 105
3100228 0 106
3101775 0 104
3103323 0 105
3104773 0 105
3106173 0 106
3107622 0 104
3109170 0 105
3110619 0 106
3112118 0 104
3113641 0 105
3115090 0 105
3116638 0 105
3118038 0 105
3119512 0 106
3121060 0 104
3122509 0 105
3123934 0 105
3125384 0 105
3126833 0 105
3128381 0 106
3129805 0 104
3131255 0 105
3132680 0 106
3134129 0 104
3135603 0 105
3137003 0 106
3138527 0 104
3140074 0 105
3141622 0 106
3143022 0 104
3144472 0 105
3145872 0 105
3147297 0 105
3148722 0 105
3150196 0 105
3151670 0 105
3153119 0 106
3154568 0 104
3156116 0 105
3157639 0 105
3159187 0 105
3160636 0 105
3162110 0 105
3163535 0 105
3164960 0 106
3166508 0 104
3168031 0 105
3169480 0 105
3171003 0 105
3172428 0 105
3173976 0 105
3175425 0 105
3176825 0 106
3178299 0 104
3179847 0 105
3181272 0 106
3182672 0 104
3184122 0 105
3185546 0 105
3186971 0 106
3188445 0 104
3189919 0 105
3191491 0 105
3192941 0 106
3194366 0 104
3195815 0 105
3197240 0 105
3198714 0 105
3200163 0 105
3201637 0 105
3203136 0 105
3204684 0 105
3206207 0 106
3207681 0 104
3209105 0 105
3210604 0 106
3212127 0 104
3213527 0 105
3215026 0 106
3216524 0 104
3217974 0 105
3219522 0 105
3221020 0 105
3222543 0 105
3223968 0 106
3225467 0 104
3227014 0 105
3228562 0 105
3230036 0 106
3231485 0 104
3232910 0 105
3234409 0 106
3235858 0 104
3237258 0 105
3238708 0 105
3240231 0 105
3241779 0 106
3243253 0 104
3244677 0 105
3246151 0 106
3247625 0 104
3249124 0 105
3250549 0 106
3252023 0 104
3253497 0 105
3254971 0 106
3256420 0 104
3257943 0 105
3259466 0 105
3260965 0 106
3262537 0 104
3263987 0 105
3265460 0 105
3266885 0 105
3268335 0 106
3269907 0 104
3271307 0 105
3272708 0 105
3274157 0 105
3275656 0 105
3277056 0 105
3278579 0 106
3280004 0 104
3281502 0 105
3282927 0 106
3284352 0 104
3285875 0 105
3287300 0 105
3288774 0 106
3290272 0 104
3291697 0 105
3293122 0 106
3294694 0 104
3296217 0 105
3297618 0 106
3299116 0 104
3300590 0 105
3302040 0 105
3303563 0 106
3305135 0 104
3306560 0 105
3308108 0 105
3309508 0 105
3310933 0 106
3312407 0 104
3313807 0 105
3315232 0 106
3316681 0 104
3318180 0 105
3319727 0 105
3321201 0 105
3322700 0 105
3324198 0 105
3325746 0 105
3327196 0 105
3328645 0 106
3330217 0 104
3331667 0 105
3333165 0 105
3334737 0 106
3336162 0 104
3337636 0 105
3339184 0 106
3340609 0 104
3342058 0 105
3343458 0 105
3344982 0 105
3346431 0 105
3347954 0 106
3349403 0 104
3350877 0 105
3352376 0 105
3353875 0 105
3355349 0 105
3356896 0 105
3358444 0 105
3359967 0 106
3361515 0 104
3362940 0 105
3364364 0 105
3365789 0 106
3367312 0 104
3368885 0 105
3370408 0 105
3371882 0 105
3373331 0 106
3374879 0 104
3376279 0 105
3377778 0 105
3379325 0 105
3380725 0 105
3382249 0 106
3383772 0 104
3385221 0 105
3386769 0 105
3388292 0 105
3389717 0 105
3391191 0 105
3392738 0 106
3394212 0 104
3395760 0 105
3397283 0 105
3398683 0 105
3400256 0 105
3401754 0 105
3403277 0 105
3404825 0 106
3406324 0 104
3407847 0 105
3409394 0 105
3410917 0 105
3412441 0 105
3413964 0 105
3415413 0 106
3416936 0 104
3418459 0 105
3419884 0 106
3421383 0 104
3422857 0 105
3424404 0 105
3425952 0 105
3427377 0 105
3428851 0 106
3430276 0 104
3431774 0 105
3433199 0 105
3434722 0 106
3436270 0 104
3437719 0 105
3439169 0 106
3440716 0 104
3442239 0 105
3443787 0 105
3445187 0 105
3446711 0 106
3448258 0 104
3449757 0 105
3451182 0 106
3452606 0 104
3454031 0 105
3455456 0 105
3456905 0 105
3458330 0 105
3459878 0 106
3461327 0 104
3462851 0 105
3464251 0 105
3465774 0 105
3467248 0 106
3468722 0 104
3470220 0 105
3471694 0 105
3473242 0 105
3474642 0 106
3476141 0 104
3477664 0 105
3479138 0 106
3480686 0 104
3482160 0 105
3483683 0 105
3485206 0 105
3486729 0 105
3488252 0 105
3489800 0 105
3491249 0 106
3492699 0 104
3494173 0 105
3495720 0 105
3497219 0 105
3498717 0 105
3500216 0 105
3501764 0 106
3503311 0 104
3504761 0 105
3506308 0 105
3507782 0 106
3509281 0 104
3510706 0 105
3512229 0 105
3513776 0 105
3515250 0 106
3516700 0 104
3518149 0 105
3519697 0 105
3521146 0 105
3522694 0 106
3524242 0 104
3525691 0 105
3527091 0 105
3528590 0 105
3530015 0 106
3531562 0 104
3532987 0 105
3534560 0 105
3536132 0 105
3537557 0 105
3539104 0 106
3540677 0 104
3542224 0 105
3543698 0 106
3545123 0 104
3546597 0 105
3548022 0 106
3549545 0 104
3551043 0 105
3552468 0 105
3554016 0 105
3555515 0 105
3557013 0 105
3558438 0 105
3559887 0 106
3561460 0 104
3562909 0 105
3564408 0 105
3565808 0 105
3567233 0 106
3568756 0 104
3570254 0 105
3571679 0 105
3573178 0 105
3574701 0 106
3576175 0 104
3577698 0 105
3579246 0 105
3580646 0 106
3582095 0 104
3583594 0 105
3585068 0 106
3586517 0 104
3588016 0 105
3589539 0 105
3591062 0 105
3592536 0 105
3593985 0 105
3595484 0 105
3596884 0 106
3598407 0 104
3599955 0 105
3601404 0 105
3602952 0 105
3604451 0 105
3605974 0 106
3607521 0 104
3609069 0 105
3610494 0 106
3612066 0 104
3613589 0 105
3615063 0 106
3616562 0 104
3618109 0 105
3619583 0 106
3621008 0 104
3622482 0 105
3623932 0 105
3625356 0 105
3626904 0 105
3628354 0 105
3629926 0 105
3631400 0 106
3632923 0 104
3634446 0 105
3635969 0 105
3637419 0 105
3638868 0 106
3640293 0 104
3641693 0 105
3643241 0 105
3644641 0 105
3646090 0 105
3647589 0 105
3649088 0 105
3650561 0 105
3651986 0 106
3653559 0 104
3655008 0 105
3656408 0 105
3657833 0 106
3659332 0 104
3660781 0 105
3662255 0 105
3663680 0 105
3665203 0 105
3666726 0 105
3668151 0 105
3669649 0 105
3671123 0 106
3672671 0 104
3674121 0 105
3675570 0 105
3677044 0 105
3678493 0 105
3679918 0 105
3681392 0 106
3682842 0 104
3684389 0 105
3685937 0 105
3687386 0 106
3688885 0 104
3690334 0 105
3691735 0 105
3693282 0 105
3694781 0 105
3696230 0 105
3697778 0 106
3699252 0 104
3700775 0 105
3702273 0 105
3703772 0 105
3705197 0 105
3706745 0 105
3708292 0 105
3709766 0 105
3711191 0 106
3712640 0 104
3714114 0 105
3715613 0 106
3717087 0 104
3718635 0 105
3720084 0 105
3721583 0 105
3723032 0 105
3724481 0 105
3726029 0 106
3727552 0 104
3728953 0 105
3730476 0 105
3731974 0 105
3733424 0 105
3734898 0 105
3736421 0 106
3737944 0 104
3739442 0 105
3740941 0 106
3742390 0 104
3743815 0 105
3745314 0 105
3746837 0 105
3748335 0 105
3749760 0 106
3751210 0 104
3752610 0 105
3754084 0 105
3755509 0 106
3757007 0 104
3758481 0 105
3760029 0 105
3761503 0 105
3762952 0 106
3764426 0 104
3765876 0 105
3767423 0 106
3768873 0 104
3770322 0 105
3771821 0 105
3773344 0 105
3774818 0 105
3776267 0 105
3777692 0 106
3779215 0 104
3780738 0 105
3782163 0 105
3783563 0 105
3785037 0 105
3786438 0 105
3787936 0 105
3789484 0 106
3791007 0 104
3792505 0 105
3793979 0 105
3795429 0 105
3796854 0 105
3798328 0 106
3799752 0 104
3801202 0 105
3802602 0 106
3804125 0 104
3805526 0 105
3806926 0 105
3808375 0 105
3809923 0 105
3811495 0 106
3812969 0 104
3814394 0 105
3815794 0 106
3817268 0 104
3818841 0 105
3820388 0 105
3821936 0 106
3823459 0 104
3825007 0 105
3826431 0 106
3827955 0 104
3829478 0 105
3830976 0 105
3832499 0 105
3833924 0 105
3835349 0 105
3836774 0 105
3838297 0 106
3839796 0 104
3841220 0 105
3842645 0 105
3844144 0 106
3845667 0 104
3847215 0 105
3848713 0 105
3850162 0 105
3851612 0 105
