40600 0 10
42157 0 4
43631 0 3
45085 0 12
46621 0 6
48055 0 2
49550 0 5
51024 0 12
52520 0 8
53953 0 12
55346 0 20
56841 0 21
58377 0 15
59831 0 21
61264 0 20
62780 0 14
64316 0 36
65811 0 4
67306 0 23
68760 0 15
70193 0 22
71607 0 15
73142 0 24
74597 0 14
76051 0 18
77505 0 25
79061 0 10
80618 0 23
82113 0 18
83526 0 30
84980 0 10
86413 0 17
87949 0 32
89383 0 5
90837 0 20
92352 0 22
93909 0 13
95363 0 20
96899 0 24
98312 0 17
99786 0 33
101261 0 9
102817 0 23
104231 0 31
105726 0 6
107221 0 14
108613 0 32
110006 0 10
111521 0 24
112996 0 15
114532 0 36
116088 0 8
117645 0 16
119140 0 24
120532 0 18
122007 0 27
123543 0 8
125079 0 15
126492 0 20
128007 0 24
129502 0 19
131059 0 18
132513 0 26
134028 0 1
135503 0 17
136957 0 34
138473 0 12
139988 0 23
141422 0 27
142978 0 4
144514 0 17
145989 0 21
147524 0 15
148958 0 20
150453 0 18
152030 0 17
153484 0 29
154979 0 7
156433 0 22
157990 0 22
159464 0 15
160980 0 17
162516 0 23
163949 0 26
165444 0 2
166898 0 22
168475 0 17
169909 0 21
171363 0 23
172837 0 36
174373 0 5
175868 0 20
177302 0 13
178776 0 27
180230 0 12
181685 0 24
183200 0 14
184695 0 24
186149 0 30
187624 0 4
189037 0 18
190511 0 26
192047 0 1
193481 0 16
195017 0 20
196594 0 17
198027 0 22
199522 0 34
200915 0 6
202451 0 19
204007 0 15
205482 0 23
206895 0 14
208288 0 20
209762 0 31
211278 0 3
212691 0 17
214206 0 25
215742 0 3
217155 0 22
218732 0 13
220268 0 22
221743 0 34
223197 0 1
224733 0 16
226187 0 18
227600 0 22
229177 0 19
230733 0 29
232249 0 11
233682 0 20
235198 0 14
236590 0 16
238085 0 15
239621 0 13
241157 0 34
242550 0 8
243984 0 14
245499 0 24
247035 0 15
248510 0 13
250025 0 19
251500 0 25
253056 0 9
254510 0 18
256046 0 14
257541 0 27
258934 0 6
260367 0 24
261821 0 16
263337 0 23
264811 0 36
266368 0 4
267842 0 17
269358 0 29
270873 0 9
272348 0 17
273884 0 21
275317 0 14
276812 0 33
278225 0 6
279700 0 21
281256 0 21
282710 0 13
284246 0 19
285782 0 28
287216 0 12
288772 0 23
290206 0 33
291660 0 8
293176 0 14
294630 0 30
296104 0 6
297620 0 15
299115 0 25
300651 0 7
302084 0 17
303559 0 24
305074 0 14
306590 0 25
308064 0 11
309559 0 19
311013 0 34
312467 0 10
313962 0 23
315478 0 24
316871 0 21
318345 0 33
319902 0 5
321376 0 23
322871 0 23
324366 0 24
325779 0 24
327336 0 18
328872 0 28
330285 0 11
331780 0 20
333316 0 29
334790 0 6
336285 0 20
337821 0 22
339275 0 28
340770 0 5
342163 0 18
343617 0 15
345030 0 24
346505 0 16
347877 0 14
349372 0 25
350805 0 7
352300 0 17
353795 0 14
355311 0 17
356785 0 13
358280 0 32
359816 0 4
361311 0 19
362847 0 17
364260 0 16
365673 0 29
367107 0 11
368520 0 23
369995 0 14
371469 0 22
372903 0 25
374459 0 2
375975 0 16
377429 0 28
378903 0 12
380337 0 16
381811 0 20
383368 0 19
384924 0 21
386460 0 31
387996 0 9
389512 0 16
390884 0 15
392420 0 20
393915 0 15
395348 0 23
396823 0 14
398298 0 36
399752 0 2
401206 0 22
402783 0 33
404298 0 1
405814 0 23
407309 0 36
408804 0 9
410299 0 21
411732 0 25
413207 0 4
414620 0 19
416115 0 24
417528 0 22
419105 0 14
420559 0 17
421992 0 32
423365 0 1
424860 0 16
426273 0 34
427788 0 10
429324 0 20
430819 0 21
432294 0 24
433809 0 33
435243 0 6
436758 0 13
438294 0 23
439748 0 21
441325 0 19
442759 0 30
444131 0 1
445605 0 18
447039 0 13
448575 0 13
450029 0 15
451463 0 31
452896 0 10
454412 0 24
455907 0 15
457443 0 21
458938 0 20
460371 0 19
461846 0 31
463279 0 3
464733 0 15
466126 0 14
467621 0 19
469075 0 23
470529 0 21
472045 0 36
473622 0 6
475178 0 17
476694 0 16
478086 0 21
479663 0 13
481117 0 24
482510 0 36
484025 0 10
485438 0 22
486933 0 31
488367 0 7
489923 0 13
491336 0 27
492811 0 5
494245 0 23
495801 0 19
497255 0 23
498771 0 21
500204 0 24
501597 0 27
503071 0 5
504587 0 24
506082 0 23
507556 0 16
508969 0 23
510383 0 20
511878 0 23
513434 0 30
514847 0 2
516240 0 13
517755 0 29
519209 0 5
520745 0 20
522220 0 20
523674 0 27
525128 0 12
526520 0 13
528015 0 18
529449 0 31
531005 0 2
532460 0 16
533873 0 28
535409 0 1
536863 0 22
538337 0 31
539853 0 3
541368 0 19
542925 0 19
544440 0 14
545956 0 13
547451 0 23
548884 0 26
550400 0 12
551874 0 21
553349 0 17
554844 0 26
556339 0 2
557752 0 15
559144 0 35
560639 0 2
562012 0 15
563404 0 31
564940 0 10
566497 0 21
567971 0 30
569466 0 5
570961 0 24
572354 0 31
573828 0 8
575364 0 20
576941 0 26
578416 0 8
579890 0 17
581426 0 28
582839 0 8
584375 0 13
585870 0 24
587283 0 32
588799 0 4
590192 0 19
591707 0 15
593161 0 21
594595 0 24
596028 0 24
597482 0 36
598957 0 2
600411 0 17
601885 0 17
603360 0 14
604875 0 22
606370 0 24
607906 0 35
609361 0 1
610794 0 24
612207 0 25
613620 0 9
615156 0 17
616651 0 21
618146 0 16
619559 0 20
621095 0 20
622672 0 17
624126 0 29
625662 0 4
627075 0 23
628468 0 14
630004 0 15
631540 0 29
632933 0 12
634469 0 14
635984 0 21
637479 0 27
638933 0 4
640469 0 24
641964 0 20
643439 0 15
644934 0 15
646326 0 26
647842 0 2
649357 0 22
650852 0 17
652286 0 21
653822 0 18
655358 0 21
656914 0 24
658430 0 36
659925 0 4
661297 0 18
662874 0 30
664266 0 8
665782 0 21
667256 0 25
668792 0 9
670308 0 16
671680 0 31
673134 0 1
674568 0 23
676104 0 24
677599 0 15
679073 0 23
680527 0 35
681961 0 2
683374 0 21
684951 0 30
686425 0 5
687920 0 19
689374 0 26
690767 0 9
692201 0 24
693696 0 17
695170 0 17
696665 0 18
698099 0 18
699532 0 20
701068 0 32
702461 0 5
703894 0 17
705349 0 13
706782 0 21
708318 0 33
709752 0 4
711226 0 16
712598 0 20
714155 0 17
715691 0 18
717124 0 31
718537 0 11
720073 0 21
721507 0 16
722879 0 36
724354 0 5
725767 0 15
727303 0 23
728859 0 22
730395 0 22
731849 0 23
733324 0 19
734798 0 36
736355 0 1
737870 0 14
739386 0 23
740881 0 13
742437 0 19
743850 0 13
745345 0 27
746881 0 9
748335 0 20
749892 0 22
751448 0 23
752943 0 19
754500 0 14
755872 0 27
757387 0 7
758944 0 14
760459 0 36
761954 0 2
763470 0 22
764985 0 17
766460 0 20
767914 0 22
769347 0 28
770863 0 12
772276 0 21
773791 0 14
775245 0 13
776659 0 33
778133 0 7
779546 0 19
781062 0 32
782598 0 4
784031 0 18
785547 0 16
786939 0 13
788414 0 15
789888 0 31
791342 0 6
792756 0 24
794292 0 25
795787 0 3
797282 0 24
798715 0 23
800231 0 23
801685 0 14
803057 0 19
804511 0 19
806047 0 32
807480 0 5
808975 0 16
810389 0 22
811904 0 17
813420 0 23
814935 0 21
816389 0 20
817884 0 18
819297 0 30
820649 0 4
822041 0 18
823598 0 26
825134 0 3
826649 0 21
828083 0 17
829619 0 34
831073 0 2
832548 0 16
834043 0 19
835599 0 27
837094 0 2
838609 0 21
840125 0 32
841640 0 11
843176 0 20
844753 0 25
846208 0 1
847702 0 15
849136 0 17
850529 0 22
851983 0 17
853498 0 13
855034 0 17
856591 0 25
858065 0 12
859601 0 19
861117 0 36
862612 0 2
864045 0 15
865561 0 27
867015 0 11
868551 0 17
870005 0 21
871561 0 18
873015 0 18
874449 0 35
875964 0 10
877541 0 13
878954 0 32
880470 0 8
882047 0 15
883460 0 19
884955 0 23
886409 0 22
887842 0 33
889337 0 5
890894 0 18
892430 0 17
893945 0 15
895481 0 16
896997 0 20
898451 0 36
899925 0 11
901359 0 16
902731 0 21
904288 0 28
905762 0 9
907196 0 23
908711 0 16
910206 0 20
911660 0 14
913196 0 16
914732 0 19
916207 0 33
917640 0 3
919135 0 14
920589 0 21
922146 0 24
923620 0 13
925136 0 16
926508 0 27
927921 0 2
929355 0 19
930891 0 17
932447 0 22
933881 0 20
935417 0 20
936871 0 24
938407 0 25
939820 0 10
941397 0 16
942830 0 15
968420 0 101
969874 0 101
971307 0 101
972761 0 101
974174 0 101
975649 0 101
977042 0 101
978434 0 101
979827 0 101
981301 0 101
982714 0 102
984189 0 102
985643 0 103
987097 0 101
988613 0 102
990067 0 102
991521 0 103
993077 0 101
994490 0 102
995924 0 102
997480 0 102
998934 0 102
1000429 0 102
1001945 0 102
1003460 0 103
1004935 0 101
1006348 0 102
1007781 0 102
1009276 0 102
1010690 0 102
1012226 0 102
1013741 0 102
1015195 0 103
1016670 0 101
1018124 0 102
1019619 0 102
1021032 0 102
1022568 0 102
1024022 0 102
1025496 0 102
1026909 0 103
1028404 0 101
1029797 0 102
1031251 0 103
1032787 0 101
1034200 0 102
1035654 0 102
1037067 0 103
1038644 0 101
1040139 0 102
1041573 0 102
1043027 0 102
1044563 0 102
1046017 0 102
1047471 0 102
1048966 0 102
1050461 0 103
1051895 0 101
1053431 0 102
1054946 0 103
1056482 0 101
1058038 0 102
1059513 0 102
1060926 0 102
1062360 0 103
1063875 0 101
1065288 0 102
1066681 0 102
1068114 0 102
1069650 0 102
1071063 0 102
1072497 0 102
1073910 0 102
1075303 0 103
1076859 0 101
1078375 0 102
1079870 0 102
1081303 0 102
1082839 0 102
1084375 0 103
1085829 0 101
1087263 0 102
1088676 0 102
1090089 0 102
1091646 0 102
1093079 0 102
1094554 0 103
1095987 0 101
1097462 0 102
1098998 0 103
1100493 0 101
1101947 0 102
1103401 0 103
1104834 0 101
1106247 0 102
1107640 0 102
1109053 0 103
1110548 0 101
1111941 0 102
1113477 0 102
1114910 0 102
1116426 0 103
1117962 0 101
1119477 0 102
1120890 0 102
1122304 0 102
1123737 0 102
1125253 0 102
1126666 0 102
1128140 0 103
1129697 0 101
1131192 0 102
1132646 0 103
1134079 0 101
1135513 0 102
1137028 0 102
1138482 0 102
1139957 0 102
1141452 0 103
1142988 0 101
1144422 0 102
1145855 0 102
1147309 0 103
1148784 0 101
1150320 0 102
1151856 0 103
1153289 0 101
1154846 0 102
1156361 0 102
1157815 0 102
1159228 0 102
1160662 0 102
1162054 0 102
1163509 0 103
1164983 0 101
1166478 0 102
1167973 0 102
1169386 0 102
1170799 0 102
1172315 0 102
1173830 0 103
1175366 0 101
1176800 0 102
1178315 0 102
1179851 0 102
1181387 0 102
1182882 0 102
1184418 0 102
1185975 0 103
1187429 0 101
1188883 0 102
1190296 0 103
1191729 0 101
1193184 0 102
1194658 0 102
1196092 0 103
1197607 0 101
1199020 0 102
1200454 0 103
1201990 0 101
1203464 0 102
1204898 0 102
1206434 0 102
1207970 0 103
1209506 0 101
1210980 0 102
1212455 0 102
1213929 0 102
1215424 0 102
1216878 0 102
1218394 0 103
1219807 0 101
1221241 0 102
1222695 0 102
1224251 0 102
1225767 0 102
1227262 0 103
1228736 0 101
1230252 0 102
1231665 0 103
1233242 0 101
1234757 0 102
1236170 0 103
1237604 0 101
1239037 0 102
1240471 0 103
1242027 0 101
1243543 0 102
1244956 0 102
1246390 0 102
1247803 0 103
1249298 0 101
1250813 0 102
1252288 0 102
1253844 0 102
1255237 0 102
1256629 0 102
1258042 0 103
1259619 0 101
1261114 0 102
1262650 0 103
1264166 0 101
1265620 0 102
1267115 0 102
1268569 0 103
1270105 0 101
1271539 0 102
1273013 0 102
1274467 0 103
1276024 0 101
1277560 0 102
1278952 0 103
1280447 0 101
1281881 0 102
1283355 0 103
1284809 0 101
1286284 0 102
1287738 0 102
1289151 0 103
1290564 0 101
1292121 0 102
1293616 0 102
1295090 0 102
1296524 0 102
1297937 0 103
1299432 0 101
1300947 0 102
1302422 0 103
1303855 0 101
1305391 0 102
1306805 0 102
1308340 0 102
1309856 0 103
1311351 0 101
1312744 0 102
1314218 0 102
1315652 0 103
1317208 0 101
1318724 0 102
1320198 0 102
1321714 0 103
1323270 0 101
1324765 0 102
1326301 0 102
1327714 0 102
1329148 0 102
1330643 0 102
1332158 0 102
1333571 0 102
1335005 0 103
1336459 0 101
1337954 0 102
1339388 0 102
1340801 0 103
1342255 0 101
1343668 0 102
1345122 0 102
1346596 0 102
1348132 0 102
1349668 0 103
1351143 0 101
1352617 0 102
1354174 0 103
1355730 0 101
1357123 0 102
1358556 0 102
1360092 0 102
1361628 0 103
1363164 0 101
1364618 0 102
1366154 0 103
1367711 0 101
1369144 0 102
1370639 0 102
1372114 0 102
1373589 0 102
1375145 0 102
1376661 0 103
1378094 0 101
1379569 0 102
1381105 0 102
1382620 0 102
1384115 0 103
1385549 0 101
1387003 0 102
1388416 0 102
1389911 0 102
1391344 0 102
1392737 0 102
1394232 0 103
1395768 0 101
1397202 0 102
1398758 0 102
1400212 0 103
1401748 0 101
1403264 0 102
1404779 0 103
1406315 0 101
1407790 0 102
1409203 0 102
1410636 0 102
1412029 0 102
1413565 0 102
1415060 0 103
1416473 0 101
1417906 0 102
1419442 0 103
1420856 0 101
1422248 0 102
1423682 0 102
1425115 0 102
1426590 0 102
1428085 0 102
1429621 0 103
1431177 0 101
1432631 0 102
1434085 0 102
1435601 0 102
1437116 0 102
1438529 0 103
1439943 0 101
1441458 0 102
1442851 0 102
1444305 0 102
1445718 0 102
1447110 0 102
1448646 0 103
1450059 0 101
1451575 0 102
1453009 0 103
1454565 0 101
1455999 0 102
1457412 0 102
1458804 0 102
1460197 0 102
1461589 0 103
1463105 0 101
1464559 0 102
1465952 0 102
1467467 0 102
1468942 0 103
1470416 0 101
1471952 0 102
1473365 0 102
1474840 0 103
1476396 0 101
1477830 0 102
1479366 0 103
1480943 0 101
1482438 0 102
1483933 0 102
1485489 0 102
1486943 0 102
1488479 0 102
1489995 0 102
1491449 0 103
1492985 0 101
1494500 0 102
1495934 0 103
1497429 0 101
1498821 0 102
1500235 0 102
1501668 0 102
1503143 0 102
1504597 0 102
1506112 0 102
1507648 0 103
1509061 0 101
1510515 0 102
1511969 0 103
1513403 0 101
1514837 0 102
1516270 0 103
1517683 0 101
1519240 0 102
1520714 0 103
1522230 0 101
1523786 0 102
1525261 0 102
1526694 0 102
1528107 0 102
1529602 0 103
1531159 0 101
1532654 0 102
1534190 0 102
1535623 0 102
1537077 0 103
1538613 0 101
1540149 0 102
1541583 0 102
1542976 0 102
1544491 0 103
1545986 0 101
1547481 0 102
1548894 0 102
1550287 0 102
1551741 0 102
1553256 0 102
1554710 0 103
1556185 0 101
1557659 0 102
1559216 0 103
1560711 0 101
1562124 0 102
1563639 0 103
1565094 0 101
1566609 0 102
1568022 0 102
1569558 0 102
1571012 0 103
1572528 0 101
1573961 0 102
1575415 0 103
1576992 0 101
1578528 0 102
1579982 0 102
1581477 0 102
1582993 0 102
1584406 0 102
1585880 0 103
1587314 0 101
1588768 0 102
1590304 0 102
1591758 0 103
1593294 0 101
1594768 0 102
1596264 0 102
1597799 0 102
1599254 0 102
1600687 0 102
1602223 0 102
1603636 0 102
1605029 0 103
1606565 0 101
1608101 0 102
1609534 0 102
1610968 0 102
1612401 0 102
1613855 0 103
1615269 0 101
1616723 0 102
1618238 0 102
1619672 0 102
1621064 0 103
1622559 0 101
1624054 0 102
1625590 0 102
1627085 0 102
1628539 0 102
1629993 0 102
1631407 0 102
1632902 0 103
1634479 0 101
1635871 0 102
1637284 0 103
1638759 0 101
1640192 0 102
1641687 0 103
1643203 0 101
1644718 0 102
1646172 0 102
1647688 0 102
1649080 0 102
1650535 0 102
1652030 0 103
1653463 0 101
1654999 0 102
1656515 0 102
1658030 0 102
1659484 0 102
1660877 0 102
1662290 0 102
1663723 0 103
1665280 0 101
1666693 0 102
1668127 0 103
1669683 0 101
1671137 0 102
1672673 0 102
1674127 0 102
1675520 0 102
1677056 0 103
1678551 0 101
1680005 0 102
1681459 0 103
1682892 0 101
1684408 0 102
1685862 0 102
1687316 0 103
1688872 0 101
1690347 0 102
1691801 0 103
1693276 0 101
1694730 0 102
1696225 0 102
1697761 0 102
1699317 0 103
1700792 0 101
1702327 0 102
1703720 0 102
1705154 0 102
