96229 0 4
97683 0 9
99096 0 10
100510 0 10
102005 0 8
103520 0 8
105097 0 11
106551 0 11
107985 0 5
109459 0 7
110995 0 23
112429 0 22
114006 0 33
115439 0 1
116996 0 24
118388 0 26
119801 0 5
121255 0 20
122689 0 22
124205 0 18
125679 0 22
127194 0 27
128649 0 7
130205 0 16
131700 0 20
133256 0 33
134813 0 10
136226 0 19
137803 0 21
139257 0 26
140670 0 1
142083 0 16
143476 0 16
144909 0 22
146404 0 21
147858 0 21
149312 0 18
150787 0 33
152262 0 7
153736 0 14
155231 0 21
156665 0 16
158098 0 22
159593 0 32
161047 0 4
162522 0 24
163976 0 19
165512 0 19
166986 0 21
168563 0 29
170099 0 8
171553 0 14
172987 0 20
174462 0 16
175875 0 35
177370 0 6
178824 0 17
180278 0 32
181793 0 10
183350 0 24
184783 0 23
186196 0 22
187671 0 35
189125 0 8
190702 0 24
192176 0 21
193692 0 22
195207 0 16
196641 0 13
198177 0 20
199631 0 28
201024 0 11
202457 0 14
203973 0 19
205386 0 14
206881 0 32
208273 0 10
209748 0 14
211161 0 20
212656 0 24
214090 0 18
215544 0 16
216977 0 20
218554 0 32
220029 0 1
221524 0 19
223060 0 33
224534 0 2
225968 0 16
227401 0 20
228978 0 17
230535 0 18
231968 0 24
233504 0 36
235061 0 6
236617 0 18
238092 0 21
239648 0 21
241184 0 13
242577 0 21
244051 0 24
245587 0 36
247164 0 3
248577 0 16
249949 0 33
251444 0 6
252919 0 13
254414 0 27
255929 0 2
257465 0 20
258961 0 19
260415 0 20
261951 0 32
263343 0 10
264859 0 16
266231 0 15
267767 0 28
269241 0 4
270757 0 22
272313 0 36
273849 0 12
275242 0 13
276696 0 15
278109 0 13
279522 0 23
280997 0 33
282451 0 2
283987 0 19
285461 0 13
286956 0 17
288492 0 23
290049 0 13
291564 0 23
292998 0 24
294431 0 33
295926 0 5
297360 0 23
298814 0 18
300288 0 17
301804 0 33
303360 0 11
304835 0 20
306350 0 16
307723 0 13
309156 0 18
310713 0 30
312208 0 10
313641 0 18
315054 0 18
316549 0 27
317942 0 4
319416 0 18
320850 0 19
322304 0 16
323676 0 33
325110 0 4
326605 0 19
328079 0 29
329574 0 11
330987 0 14
332441 0 16
333855 0 18
335350 0 22
336824 0 35
338360 0 7
339814 0 21
341330 0 25
342825 0 2
344279 0 15
345794 0 27
347269 0 5
348682 0 23
350136 0 21
351569 0 20
353003 0 23
354518 0 23
356054 0 36
357631 0 7
359065 0 22
360519 0 13
361994 0 19
363468 0 32
364902 0 1
366356 0 14
367769 0 23
369264 0 19
370841 0 14
372213 0 33
373708 0 2
375101 0 24
376575 0 33
378009 0 1
379545 0 23
381081 0 20
382535 0 18
384030 0 14
385566 0 20
387143 0 26
388515 0 1
390051 0 17
391484 0 13
392897 0 16
394290 0 27
395724 0 9
397137 0 23
398591 0 16
400045 0 16
401437 0 20
402973 0 15
404489 0 19
406045 0 31
407561 0 3
408974 0 16
410428 0 22
411964 0 22
413438 0 15
414954 0 16
416428 0 27
417842 0 10
419275 0 24
420770 0 14
422224 0 24
423740 0 13
425132 0 13
426566 0 28
427999 0 1
429413 0 21
430969 0 27
432505 0 11
434000 0 14
435495 0 24
436990 0 23
438444 0 24
439837 0 19
441250 0 28
442765 0 9
444322 0 20
445837 0 16
447373 0 14
448786 0 13
450302 0 21
451879 0 26
453353 0 4
454848 0 17
456302 0 33
457777 0 12
459210 0 20
460705 0 32
462119 0 5
463593 0 13
465109 0 35
466542 0 3
468037 0 18
469491 0 20
471048 0 14
472440 0 30
473935 0 7
475451 0 14
476966 0 20
478502 0 14
479977 0 18
481513 0 21
483069 0 36
484503 0 3
485916 0 24
487370 0 13
488763 0 13
490299 0 32
491732 0 1
493268 0 20
494865 0 26
496279 0 6
497774 0 23
499330 0 22
500805 0 18
502341 0 33
503918 0 1
505310 0 23
506867 0 30
508259 0 3
509795 0 19
511352 0 18
512908 0 20
514444 0 15
515837 0 24
517352 0 31
518806 0 11
520342 0 24
521796 0 14
523332 0 17
524827 0 20
526425 0 32
527899 0 11
529435 0 24
530910 0 20
532405 0 15
533879 0 23
535354 0 15
536808 0 34
538262 0 7
539757 0 13
541211 0 35
542644 0 9
544201 0 22
545778 0 24
547232 0 14
548747 0 18
550263 0 17
551717 0 30
553151 0 4
554584 0 17
555977 0 32
557492 0 5
558946 0 23
560482 0 20
561936 0 14
563472 0 25
564885 0 8
566462 0 18
567896 0 31
569329 0 7
570825 0 22
572319 0 13
573774 0 20
575350 0 20
576805 0 25
578300 0 12
579835 0 14
581330 0 30
582764 0 1
584239 0 19
585734 0 19
587188 0 24
588683 0 14
590178 0 28
591591 0 5
593004 0 16
594458 0 18
595953 0 15
597387 0 24
598902 0 31
600438 0 2
601872 0 13
603408 0 35
604800 0 6
606254 0 24
607790 0 22
609265 0 36
610780 0 10
612255 0 22
613791 0 16
615163 0 22
616740 0 16
618112 0 28
619668 0 5
621163 0 20
622597 0 16
624112 0 20
625669 0 30
627021 0 11
628495 0 15
629908 0 20
631362 0 17
632775 0 33
634209 0 1
635745 0 20
637199 0 19
638755 0 13
640271 0 36
641725 0 7
643281 0 23
644817 0 23
646230 0 18
647787 0 22
649241 0 27
650716 0 5
652129 0 13
653562 0 33
655119 0 9
656614 0 23
658129 0 17
659563 0 18
661058 0 20
662655 0 31
664232 0 3
665686 0 22
667140 0 23
668656 0 22
670151 0 25
671646 0 7
673059 0 16
674472 0 20
675946 0 16
677339 0 19
678773 0 19
680227 0 28
681640 0 7
683196 0 23
684753 0 31
686248 0 7
687743 0 14
689238 0 30
690712 0 11
692166 0 19
693620 0 31
695054 0 7
696528 0 22
698023 0 21
699457 0 29
700973 0 8
702550 0 16
703963 0 30
705355 0 4
706748 0 20
708202 0 18
709656 0 13
711171 0 15
712646 0 13
714059 0 25
715472 0 2
716844 0 20
718319 0 34
719732 0 3
721145 0 22
722681 0 13
724115 0 16
725569 0 15
727105 0 24
728579 0 33
730033 0 12
731528 0 22
732962 0 22
734395 0 20
735993 0 32
737406 0 10
738962 0 23
740519 0 25
741993 0 2
743488 0 23
744983 0 14
746417 0 15
747953 0 20
749448 0 32
750922 0 11
752417 0 15
753851 0 29
755305 0 1
756698 0 16
758111 0 14
759606 0 24
761121 0 30
762575 0 6
764111 0 21
765647 0 30
767101 0 11
768596 0 16
770112 0 16
771627 0 13
773081 0 16
774576 0 20
776133 0 21
777587 0 17
779123 0 29
780556 0 9
781990 0 21
783424 0 23
784878 0 13
786291 0 13
787724 0 18
789301 0 29
790673 0 8
792230 0 21
793786 0 17
795199 0 22
796674 0 14
798148 0 21
799582 0 28
801036 0 4
802531 0 22
804026 0 20
805460 0 16
806975 0 28
808532 0 5
809924 0 16
811399 0 34
812812 0 7
814307 0 21
815884 0 23
817399 0 17
818894 0 34
820389 0 7
821884 0 19
823359 0 17
824752 0 15
826267 0 24
827803 0 32
829339 0 6
830752 0 21
832206 0 24
833701 0 28
835237 0 9
836794 0 15
838309 0 25
839722 0 2
841115 0 16
842610 0 20
844166 0 23
845579 0 19
847156 0 14
848569 0 27
850044 0 8
851518 0 17
852932 0 33
854365 0 11
855819 0 16
857273 0 33
858830 0 11
860263 0 16
861676 0 21
863233 0 16
864605 0 17
866100 0 22
867656 0 27
869151 0 3
870564 0 15
872080 0 18
873595 0 24
875029 0 26
876442 0 8
877999 0 22
879432 0 15
880968 0 24
882381 0 19
883876 0 17
885392 0 35
886805 0 10
888341 0 24
889856 0 27
891392 0 3
892805 0 21
894239 0 22
895673 0 13
897208 0 19
898765 0 16
900178 0 27
901673 0 11
903127 0 20
904602 0 14
906097 0 27
907633 0 9
909066 0 21
910602 0 13
911995 0 17
913510 0 20
915087 0 18
916562 0 24
918098 0 33
919613 0 3
921149 0 15
922562 0 17
924098 0 23
925532 0 33
927006 0 12
928460 0 21
929996 0 13
931389 0 16
932782 0 22
934318 0 29
935772 0 6
937246 0 21
938803 0 36
940318 0 6
941772 0 17
943206 0 32
944639 0 9
946134 0 13
947527 0 17
948961 0 22
950517 0 14
952053 0 13
953487 0 23
954941 0 33
956354 0 7
957828 0 23
959364 0 35
960818 0 2
962334 0 22
963767 0 32
965160 0 3
966696 0 14
968109 0 19
969543 0 13
970997 0 20
972533 0 30
973987 0 4
975420 0 23
976956 0 19
978472 0 29
979946 0 12
981441 0 23
982916 0 25
984431 0 6
985906 0 24
987442 0 25
988957 0 7
990473 0 13
991988 0 19
993422 0 20
994917 0 17
996330 0 15
1025622 0 101
1027158 0 101
1028612 0 101
1030046 0 101
1031418 0 101
1032893 0 101
1034326 0 101
1035739 0 101
1037214 0 101
1038647 0 101
1040061 0 102
1041494 0 102
1042989 0 102
1044402 0 102
1045897 0 102
1047310 0 102
1048846 0 102
1050341 0 103
1051918 0 101
1053331 0 102
1054847 0 103
1056301 0 101
1057816 0 102
1059270 0 102
1060745 0 102
1062199 0 103
1063715 0 101
1065128 0 102
1066643 0 102
1068138 0 103
1069551 0 101
1071026 0 102
1072541 0 102
1073954 0 102
1075449 0 102
1076903 0 102
1078378 0 102
1079791 0 103
1081327 0 101
1082781 0 102
1084317 0 103
1085874 0 101
1087307 0 102
1088741 0 103
1090297 0 101
1091710 0 102
1093144 0 103
1094598 0 101
1096011 0 102
1097404 0 102
1098817 0 102
1100230 0 102
1101745 0 102
1103240 0 103
1104817 0 101
1106374 0 102
1107828 0 102
1109343 0 102
1110818 0 103
1112292 0 101
1113685 0 102
1115221 0 103
1116777 0 101
1118313 0 102
1119849 0 103
1121262 0 101
1122655 0 102
1124068 0 103
1125563 0 101
1127079 0 102
1128553 0 102
1130048 0 103
1131584 0 101
1133120 0 102
1134533 0 102
1135987 0 102
1137523 0 102
1138957 0 102
1140472 0 103
1141988 0 101
1143524 0 102
1145039 0 102
1146555 0 103
1148009 0 101
1149504 0 102
1150896 0 102
1152432 0 102
1153825 0 103
1155320 0 101
1156835 0 102
1158371 0 103
1159825 0 101
1161361 0 102
1162897 0 102
1164290 0 102
1165724 0 103
1167178 0 101
1168611 0 102
1170127 0 102
1171642 0 102
1173076 0 102
1174591 0 102
1175984 0 103
1177458 0 101
1178933 0 102
1180367 0 103
1181800 0 101
1183234 0 102
1184708 0 102
1186121 0 102
1187637 0 103
1189193 0 101
1190647 0 102
1192122 0 102
1193637 0 103
1195153 0 101
1196586 0 102
1198102 0 102
1199597 0 102
1201051 0 102
1202587 0 103
1204021 0 101
1205434 0 102
1206970 0 102
1208485 0 102
1209919 0 102
1211393 0 102
1212929 0 102
1214424 0 103
1215837 0 101
1217230 0 102
1218725 0 102
1220261 0 103
1221756 0 101
1223210 0 102
1224623 0 102
1226118 0 103
1227572 0 101
1229006 0 102
1230419 0 102
1231832 0 102
1233224 0 103
1234760 0 101
1236276 0 102
1237689 0 102
1239102 0 102
1240495 0 103
1241928 0 101
1243341 0 102
1244795 0 103
1246291 0 101
1247826 0 102
1249301 0 102
1250714 0 102
1252127 0 102
1253520 0 103
1254994 0 101
1256469 0 102
1257984 0 102
1259418 0 102
1260954 0 103
1262469 0 101
1263883 0 102
1265275 0 102
1266729 0 102
1268224 0 102
1269637 0 102
1271071 0 103
1272525 0 101
1273918 0 102
1275413 0 102
1276867 0 102
1278403 0 102
1279918 0 102
1281331 0 103
1282765 0 101
1284157 0 102
1285550 0 102
1287025 0 102
1288417 0 103
1289851 0 101
1291346 0 102
1292841 0 102
1294254 0 102
1295687 0 103
1297223 0 101
1298677 0 102
1300091 0 103
1301565 0 101
1302978 0 102
1304371 0 103
1305866 0 101
1307279 0 102
1308794 0 102
1310269 0 102
1311805 0 102
1313218 0 102
1314672 0 102
1316167 0 103
1317580 0 101
1319096 0 102
1320488 0 102
1321963 0 103
1323458 0 101
1324953 0 102
1326427 0 102
1327861 0 102
1329335 0 102
1330851 0 103
1332407 0 101
1333821 0 102
1335254 0 102
1336770 0 102
1338203 0 103
1339780 0 101
1341337 0 102
1342832 0 102
1344347 0 102
1345801 0 103
1347296 0 101
1348832 0 102
1350348 0 102
1351740 0 102
1353276 0 102
1354689 0 102
1356143 0 103
1357556 0 101
1359072 0 102
1360587 0 102
1362062 0 102
1363598 0 103
1365134 0 101
1366629 0 102
1368083 0 102
1369557 0 102
1370971 0 102
1372507 0 102
1374022 0 103
1375456 0 101
1376951 0 102
1378466 0 103
1379900 0 101
1381354 0 102
1382849 0 102
1384282 0 102
1385736 0 103
1387190 0 101
1388665 0 102
1390058 0 102
1391594 0 102
1393027 0 102
1394522 0 102
1395935 0 102
1397471 0 102
1399028 0 103
1400523 0 101
1401977 0 102
1403369 0 102
1404762 0 103
1406216 0 101
1407670 0 102
1409145 0 103
1410558 0 101
1411971 0 102
1413466 0 102
1414879 0 102
1416415 0 103
1417971 0 101
1419507 0 102
1420920 0 102
1422456 0 102
1423931 0 103
1425426 0 101
1426819 0 102
1428334 0 102
1429870 0 102
1431283 0 103
1432778 0 101
1434232 0 102
1435686 0 102
1437099 0 102
1438553 0 103
1440110 0 101
1441564 0 102
1442977 0 103
1444452 0 101
1445906 0 102
1447401 0 103
1448855 0 101
1450350 0 102
1451845 0 103
1453258 0 101
1454773 0 102
1456227 0 102
1457722 0 102
1459238 0 102
1460753 0 102
1462289 0 102
1463723 0 103
1465156 0 101
1466631 0 102
1468106 0 102
1469580 0 102
1471014 0 103
1472427 0 101
1473819 0 102
1475273 0 102
1476748 0 102
1478141 0 102
1479676 0 102
1481151 0 103
1482687 0 101
1484182 0 102
1485636 0 102
1487029 0 103
1488606 0 101
1490060 0 102
1491514 0 103
1492947 0 101
1494463 0 102
1495917 0 102
1497330 0 102
1498866 0 103
1500443 0 101
1501876 0 102
1503351 0 102
1504907 0 102
1506321 0 102
1507795 0 103
1509351 0 101
1510826 0 102
1512301 0 102
1513693 0 102
1515086 0 102
1516499 0 102
1517932 0 103
1519468 0 101
1520902 0 102
1522438 0 103
1523974 0 101
1525448 0 102
1526964 0 102
1528439 0 103
1529995 0 101
1531429 0 102
1532903 0 102
1534337 0 102
1535791 0 102
1537306 0 103
1538842 0 101
1540317 0 102
1541853 0 102
1543245 0 102
1544658 0 102
1546174 0 102
1547566 0 102
1549021 0 102
1550413 0 103
1551970 0 101
1553383 0 102
1554898 0 102
1556291 0 102
1557724 0 102
1559240 0 103
1560735 0 101
1562209 0 102
1563664 0 102
1565118 0 102
1566654 0 102
1568189 0 102
1569746 0 103
1571159 0 101
1572634 0 102
1574067 0 102
1575562 0 102
1577057 0 102
1578532 0 102
1579965 0 102
1581399 0 103
1582812 0 101
1584307 0 102
1585720 0 102
1587195 0 102
1588628 0 103
1590123 0 101
1591516 0 102
1593031 0 103
1594465 0 101
1595898 0 102
1597312 0 102
1598827 0 103
1600281 0 101
1601797 0 102
1603312 0 102
1604828 0 102
1606261 0 102
1607797 0 103
1609272 0 101
1610705 0 102
1612221 0 102
1613736 0 102
1615211 0 102
1616706 0 102
1618242 0 103
1619716 0 101
1621273 0 102
1622809 0 102
1624242 0 102
1625635 0 102
1627089 0 102
1628584 0 103
1630099 0 101
1631635 0 102
1633028 0 102
1634544 0 102
1635936 0 102
1637472 0 102
1638947 0 102
1640462 0 103
1641937 0 101
1643391 0 102
1644927 0 102
1646319 0 103
1647814 0 101
1649268 0 102
1650804 0 102
1652279 0 102
1653733 0 102
1655269 0 102
1656743 0 102
1658238 0 103
1659693 0 101
1661228 0 102
1662621 0 103
1664178 0 101
1665632 0 102
1667168 0 103
1668663 0 101
1670117 0 102
1671591 0 102
1673066 0 103
1674561 0 101
1675953 0 102
1677387 0 102
1678821 0 103
1680316 0 101
1681770 0 102
1683265 0 102
1684678 0 102
1686111 0 103
1687606 0 101
1689101 0 102
1690576 0 103
1692050 0 101
1693566 0 102
1695061 0 102
1696597 0 102
1698092 0 102
1699566 0 103
1701000 0 101
1702515 0 102
1704072 0 102
1705608 0 102
1707021 0 103
1708455 0 101
1709950 0 102
1711342 0 102
1712735 0 102
1714250 0 102
1715704 0 102
1717179 0 103
1718653 0 101
1720189 0 102
1721684 0 103
1723179 0 101
1724674 0 102
1726088 0 103
1727501 0 101
1729016 0 102
1730511 0 102
1732006 0 102
1733542 0 102
1735037 0 103
1736553 0 101
1738048 0 102
1739584 0 102
1741079 0 103
1742635 0 101
1744151 0 102
1745543 0 102
1747079 0 102
1748615 0 103
1750110 0 101
1751626 0 102
1753018 0 102
1754411 0 102
1755906 0 103
1757442 0 101
1758834 0 102
1760329 0 102
1761845 0 103
1763258 0 101
1764692 0 102
1766166 0 103
1767661 0 101
1769156 0 102
1770569 0 102
1772085 0 102
1773539 0 102
1774932 0 102
1776386 0 103
1777922 0 101
1779355 0 102
1780809 0 102
1782263 0 102
1783758 0 102
1785315 0 102
1786748 0 103
1788223 0 101
1789636 0 102
1791131 0 103
1792585 0 101
1794059 0 102
1795595 0 102
1797070 0 102
1798483 0 102
1799999 0 103
1801555 0 101
1803030 0 102
1804525 0 103
1806061 0 101
1807597 0 102
1809132 0 102
1810607 0 102
1812061 0 102
1813577 0 102
1815113 0 103
1816526 0 101
1817980 0 102
1819475 0 103
1821031 0 101
1822506 0 102
1824062 0 103
1825516 0 101
1827032 0 102
1828486 0 103
1830063 0 101
1831537 0 102
1832950 0 102
1834466 0 102
1835858 0 102
1837251 0 103
1838685 0 101
1840200 0 102
1841613 0 103
1843088 0 101
1844480 0 102
1846037 0 102
1847430 0 102
1848822 0 102
1850358 0 102
1851751 0 103
1853287 0 101
1854700 0 102
1856092 0 102
1857485 0 103
1859021 0 101
1860536 0 102
1862011 0 102
1863404 0 103
1864817 0 101
1866291 0 102
1867745 0 102
1869179 0 102
1870674 0 102
1872169 0 102
1873623 0 102
1875097 0 102
1876613 0 103
1878067 0 101
1879541 0 102
1881077 0 102
1882593 0 103
1884129 0 101
1885603 0 102
1887037 0 102
1888491 0 102
1889986 0 103
1891481 0 101
1892956 0 102
1894410 0 102
1895884 0 102
1897379 0 102
1898792 0 103
1900349 0 101
1901844 0 102
1903400 0 102
1904936 0 103
1906390 0 101
1907865 0 102
1909257 0 102
1910671 0 102
1912104 0 102
1913640 0 102
1915094 0 103
1916651 0 101
1918187 0 102
1919641 0 103
1921197 0 101
1922754 0 102
1939448 0 44
1940861 0 41
1942294 0 38
1943810 0 37
1945305 0 47
1946718 0 38
1948131 0 42
1949667 0 42
1951183 0 38
1952575 0 38
1954132 0 56
1955586 0 50
1957101 0 58
1958658 0 58
1960091 0 50
1961566 0 50
1963061 0 69
1964576 0 39
1966071 0 60
1967484 0 72
1968897 0 46
1970413 0 52
1971826 0 62
1973362 0 47
1974796 0 56
1976270 0 58
1977806 0 57
1979260 0 59
1980817 0 71
1982209 0 40
1983766 0 57
1985302 0 53
1986735 0 59
1988169 0 54
1989705 0 52
1991261 0 72
1992736 0 38
1994210 0 49
1995644 0 57
1997098 0 53
1998552 0 50
1999986 0 58
2001562 0 51
2003078 0 51
2004614 0 62
2006047 0 38
2007481 0 51
2009017 0 65
2010430 0 48
2011987 0 58
2013420 0 55
2014895 0 56
2016451 0 51
2017905 0 66
2019359 0 37
2020854 0 58
2022308 0 57
2023742 0 69
2025155 0 41
2026711 0 60
2028186 0 59
2029599 0 53
2031033 0 56
2032507 0 72
2033982 0 48
2035518 0 54
2037054 0 60
2038446 0 60
2039962 0 52
2041416 0 55
2042952 0 65
2044488 0 47
2045962 0 57
2047457 0 49
2048911 0 50
2050468 0 59
2051983 0 69
2053519 0 47
2055076 0 56
2056612 0 72
2058045 0 45
2059581 0 52
2061056 0 59
2062489 0 53
2063984 0 55
2065459 0 50
2066995 0 63
2068428 0 40
2069883 0 52
2071419 0 69
2072996 0 48
2074429 0 49
2075822 0 57
2077296 0 49
2078812 0 54
2080266 0 64
2081802 0 44
2083215 0 50
2084771 0 50
2086246 0 58
2087823 0 52
2089318 0 49
2090792 0 49
2092328 0 68
2093741 0 38
2095257 0 49
2096711 0 55
2098267 0 54
2099762 0 57
2101175 0 52
2102629 0 57
2104063 0 71
2105476 0 47
2106930 0 55
2108487 0 49
2109961 0 70
2111395 0 41
2112910 0 57
2114487 0 59
2115962 0 52
2117416 0 51
2118972 0 62
2120385 0 40
2121942 0 55
2123498 0 56
2124973 0 49
2126529 0 63
2128045 0 44
2129519 0 59
2130932 0 58
2132489 0 53
2133922 0 49
2135376 0 58
2136810 0 62
2138223 0 42
2139657 0 59
2141131 0 55
2142647 0 54
2144162 0 50
2145698 0 69
2147234 0 40
2148770 0 60
2150327 0 58
2151781 0 55
2153276 0 57
2154771 0 65
2156266 0 37
2157720 0 50
2159256 0 62
2160689 0 47
2162205 0 53
2163720 0 69
2165277 0 43
2166751 0 56
2168205 0 65
2169680 0 46
2171257 0 55
2172690 0 72
2174226 0 39
2175721 0 57
2177155 0 59
2178711 0 52
2180247 0 69
2181722 0 42
2183176 0 57
2184691 0 67
2186084 0 47
2187497 0 51
2189054 0 54
2190467 0 50
2191982 0 57
2193457 0 62
2194972 0 41
2196447 0 51
2197983 0 68
2199519 0 48
2200973 0 60
2202406 0 49
2203860 0 50
2205396 0 51
2206809 0 55
2208284 0 63
2209697 0 42
2211172 0 58
2212605 0 61
2214100 0 43
2215616 0 50
2217090 0 53
2218585 0 59
2220060 0 53
2221534 0 49
2223029 0 58
2224504 0 56
2226019 0 69
2227514 0 42
2229030 0 53
2230484 0 57
2231897 0 49
2233351 0 54
2234887 0 55
2236443 0 69
2237959 0 46
2239392 0 58
2240826 0 72
2242362 0 47
2243857 0 57
2245393 0 69
2246868 0 44
2248342 0 51
2249878 0 51
2251414 0 72
2252807 0 45
2254343 0 52
2255797 0 51
2257333 0 56
2258889 0 62
2260446 0 37
2261920 0 57
2263497 0 57
2264972 0 57
2266467 0 68
2268003 0 46
2269477 0 55
2270931 0 52
2272488 0 49
2274024 0 51
2275498 0 67
2276993 0 39
2278468 0 53
2279983 0 57
2281396 0 59
2282891 0 56
2284345 0 58
2285820 0 65
2287315 0 37
2288810 0 51
2290264 0 58
2291698 0 49
2293193 0 53
2294667 0 58
2296101 0 62
2297575 0 48
2299091 0 58
2300647 0 67
2302122 0 45
2303596 0 52
2305071 0 59
2306545 0 51
2308081 0 60
2309515 0 54
2310907 0 49
2312320 0 71
2313816 0 46
2315392 0 55
2316846 0 68
2318260 0 41
2319673 0 58
2321188 0 54
2322642 0 64
2324178 0 37
2325571 0 55
2326984 0 61
2328499 0 41
2329953 0 51
2331489 0 65
2332984 0 43
2334520 0 53
2335934 0 69
2337490 0 46
2339046 0 60
2340501 0 59
2342036 0 53
2343593 0 51
2345047 0 69
2346501 0 45
2348078 0 56
2349573 0 54
2351068 0 58
2352624 0 59
2354181 0 60
2355717 0 71
2357171 0 48
2358686 0 60
2360243 0 57
2361738 0 52
2363192 0 57
2364769 0 69
2366223 0 41
2367697 0 58
2369254 0 61
2370708 0 37
2372182 0 57
2373616 0 50
2375132 0 59
2376627 0 57
2378183 0 67
2379658 0 46
2381112 0 49
2382545 0 62
2384040 0 44
2385597 0 51
2387051 0 58
2388566 0 57
2390000 0 49
2391474 0 52
2392949 0 54
2394382 0 58
2395959 0 64
2397495 0 37
2398949 0 50
2400485 0 54
2401980 0 57
2403475 0 64
2405032 0 47
2406568 0 51
2408083 0 56
2409578 0 59
2411012 0 52
2412466 0 55
2413900 0 56
2415374 0 64
2416808 0 46
2418262 0 52
2419716 0 58
2421211 0 53
2422644 0 49
2424078 0 57
2425552 0 58
2427129 0 69
2428604 0 38
2430058 0 52
2431512 0 55
2433089 0 54
2434604 0 67
2436161 0 39
2437615 0 55
2439090 0 55
2440584 0 67
2442018 0 37
2443513 0 56
2444926 0 61
2446339 0 44
2447875 0 59
2449350 0 60
2450783 0 51
2452299 0 55
2453794 0 59
2455309 0 62
2456825 0 38
2458381 0 58
2459876 0 60
2461330 0 59
2462805 0 55
2464300 0 52
2465795 0 57
2467351 0 62
2468826 0 39
2470300 0 57
2471734 0 52
2473229 0 51
2474683 0 54
2476137 0 72
2477653 0 46
2479086 0 60
2480643 0 61
2482138 0 45
2483592 0 55
2485128 0 63
2486643 0 37
2488056 0 50
2489551 0 49
2491067 0 71
2492521 0 43
2493934 0 52
2495388 0 61
2496924 0 47
2498439 0 56
2499975 0 56
2501470 0 71
2502904 0 46
2504358 0 60
2505853 0 60
2507266 0 53
2508761 0 55
2510318 0 50
2511731 0 69
2513205 0 43
2514659 0 52
2516195 0 53
2517690 0 67
2519083 0 40
2520537 0 49
2521950 0 54
2523384 0 56
2524920 0 70
2526435 0 48
2527992 0 53
2529528 0 68
2531023 0 43
2532518 0 52
2533972 0 54
2535467 0 60
2536921 0 59
2538457 0 62
2540013 0 44
2541488 0 56
2542901 0 50
2544334 0 56
2545809 0 64
2547263 0 47
2548717 0 55
2550212 0 57
2551646 0 59
2553059 0 71
2554513 0 47
2556069 0 56
2557523 0 72
2558936 0 45
2560431 0 57
2561885 0 51
2563360 0 56
2564875 0 70
2566350 0 37
2567784 0 60
2569299 0 56
2570712 0 58
2572269 0 59
2573784 0 54
2575197 0 67
2576672 0 41
2578228 0 53
2579662 0 67
2581095 0 42
2582549 0 57
2583983 0 59
2585498 0 59
2586891 0 60
2588345 0 65
2589779 0 38
2591315 0 55
2592769 0 61
2594305 0 47
2595800 0 49
2597315 0 54
2598708 0 49
2600141 0 51
2601575 0 71
2603131 0 48
2604585 0 54
2606142 0 50
2607596 0 52
2609091 0 60
2610545 0 58
2612020 0 61
2613453 0 48
2614948 0 60
2616484 0 69
2617938 0 47
2619495 0 56
2620949 0 67
2622464 0 39
2623898 0 56
2625454 0 70
2626847 0 41
2628342 0 49
2629775 0 53
2631270 0 57
2632704 0 59
2634260 0 55
2635796 0 49
2637230 0 57
2638705 0 72
2640220 0 47
2641654 0 51
2643087 0 53
2644500 0 60
2645975 0 56
2647408 0 68
2648883 0 41
2650296 0 52
2651791 0 66
2653347 0 41
2654802 0 52
2656358 0 49
2657894 0 58
2659450 0 68
2660986 0 40
2662420 0 52
2663976 0 71
2665471 0 41
2666987 0 59
2668400 0 62
2669834 0 40
2671267 0 51
2672762 0 59
2674237 0 58
2675711 0 56
2677124 0 71
2678640 0 45
2680073 0 50
2681507 0 60
2683002 0 60
2684395 0 66
2685890 0 39
2687426 0 60
2688859 0 70
2690375 0 46
2691829 0 59
2693283 0 49
2694778 0 71
2696293 0 37
2697747 0 53
2699181 0 68
2700574 0 41
2702007 0 54
2703461 0 51
2704936 0 72
2706410 0 41
2707844 0 55
2709359 0 55
2710916 0 53
2712452 0 49
2713947 0 59
2715483 0 59
2716916 0 55
2718473 0 72
2719906 0 43
2721360 0 52
2722814 0 57
2724248 0 52
2725702 0 58
2727177 0 53
2728733 0 61
2730228 0 44
2731743 0 49
2733157 0 51
2734611 0 55
2736065 0 66
2737498 0 46
2739014 0 59
2740468 0 71
2741963 0 40
2743519 0 51
2745035 0 63
2746448 0 45
2748004 0 57
2749561 0 54
2750974 0 62
2752469 0 40
2753984 0 55
2755459 0 63
2756933 0 40
2758469 0 53
2759985 0 68
2761480 0 45
2762954 0 60
2764490 0 60
2766006 0 49
2767460 0 59
2768935 0 69
2770430 0 38
2771986 0 60
2773542 0 51
2774976 0 59
2776389 0 57
2777864 0 69
2779441 0 38
2780895 0 52
2782369 0 59
2783885 0 59
2785380 0 51
2786772 0 67
2788206 0 42
2789680 0 55
2791114 0 60
2792527 0 55
2793961 0 62
2795435 0 37
2796930 0 58
2798487 0 66
2799941 0 39
2801415 0 54
2802869 0 71
2804323 0 45
2805839 0 54
2807293 0 72
2808829 0 42
2810242 0 51
2811757 0 65
2813293 0 39
2814829 0 60
2816242 0 59
2817738 0 54
2819192 0 59
2820605 0 57
2822161 0 51
2823636 0 51
2825069 0 66
2826523 0 44
2828059 0 58
2829616 0 49
2831152 0 57
2832585 0 50
2834121 0 60
2835534 0 63
2837029 0 46
2838463 0 59
2840019 0 53
2841494 0 54
2842887 0 59
2859317 0 104
2860751 0 104
2862144 0 104
2863598 0 104
2864990 0 104
2866383 0 104
2867919 0 104
2869332 0 104
2870827 0 104
2872363 0 104
2873837 0 105
2875332 0 105
2876848 0 105
2878282 0 106
2879838 0 104
2881292 0 105
2882726 0 105
2884180 0 105
2885716 0 105
2887108 0 105
2888603 0 106
2890037 0 104
2891470 0 105
2892883 0 106
2894419 0 104
2895894 0 105
2897369 0 106
2898925 0 104
2900461 0 105
2901935 0 105
2903430 0 105
2904823 0 105
2906359 0 106
2907834 0 104
2909349 0 105
2910885 0 106
2912360 0 104
2913834 0 105
2915329 0 105
2916824 0 106
2918278 0 104
2919773 0 105
2921207 0 105
2922702 0 105
2924176 0 105
2925692 0 106
2927105 0 104
2928559 0 105
2929972 0 105
2931447 0 105
2932839 0 105
2934252 0 105
2935706 0 106
2937140 0 104
2938615 0 105
2940110 0 105
2941564 0 105
2942997 0 106
2944451 0 104
2945946 0 105
2947441 0 105
2948977 0 105
2950472 0 106
2951906 0 104
2953319 0 105
2954793 0 105
2956186 0 106
2957722 0 104
2959156 0 105
2960712 0 105
2962248 0 105
2963661 0 105
2965095 0 105
2966590 0 105
2968003 0 106
2969416 0 104
2970890 0 105
2972365 0 105
2973758 0 105
2975314 0 105
2976809 0 105
2978345 0 105
2979881 0 106
2981437 0 104
2982851 0 105
2984407 0 106
2985963 0 104
2987397 0 105
2988872 0 106
2990285 0 104
2991739 0 105
2993275 0 105
2994811 0 105
2996326 0 105
2997842 0 105
2999357 0 106
3000873 0 104
3002265 0 105
3003658 0 105
3005194 0 106
3006730 0 104
3008204 0 105
3009740 0 105
3011153 0 105
3012628 0 105
3014041 0 105
3015557 0 105
3017011 0 106
3018526 0 104
3020001 0 105
3021455 0 105
3022909 0 105
3024424 0 105
3025940 0 105
3027353 0 105
3028848 0 105
3030363 0 106
3031776 0 104
3033292 0 105
3034725 0 105
3036180 0 105
3037593 0 105
3039006 0 105
3040419 0 106
3041893 0 104
3043347 0 105
3044904 0 105
3046358 0 105
3047832 0 106
3049389 0 104
3050802 0 105
3052256 0 105
3053690 0 105
3055205 0 105
3056700 0 105
3058195 0 105
3059731 0 106
3061206 0 104
3062660 0 105
3064216 0 106
3065691 0 104
3067145 0 105
3068619 0 106
3070114 0 104
3071671 0 105
3073207 0 105
3074763 0 105
3076197 0 106
3077610 0 104
3079043 0 105
3080497 0 106
3081972 0 104
3083467 0 105
3084921 0 105
3086375 0 106
3087932 0 104
3089406 0 105
3090881 0 105
3092335 0 105
3093768 0 105
3095243 0 105
3096758 0 106
3098212 0 104
3099748 0 105
3101202 0 105
3102656 0 105
3104049 0 106
3105503 0 104
3106937 0 105
3108411 0 105
3109906 0 105
3111442 0 106
3112958 0 104
3114371 0 105
3115907 0 106
3117381 0 104
3118794 0 105
3120351 0 106
3121784 0 104
3123197 0 105
3124693 0 105
3126228 0 105
3127744 0 105
3129259 0 105
3130693 0 106
3132229 0 104
3133785 0 105
3135260 0 105
3136775 0 105
3138250 0 105
3139745 0 105
3141179 0 106
3142715 0 104
3144251 0 105
3145664 0 105
3147118 0 105
3148510 0 106
3150046 0 104
3151500 0 105
3153016 0 105
3154449 0 106
3155944 0 104
3157358 0 105
3158853 0 105
3160327 0 105
3161761 0 105
3163153 0 106
3164710 0 104
3166225 0 105
3167700 0 106
3169113 0 104
3170628 0 105
3172021 0 106
3173434 0 104
3174929 0 105
3176465 0 105
3177981 0 105
3179496 0 105
3180889 0 105
3182425 0 105
3183899 0 106
3185435 0 104
3186930 0 105
3188446 0 105
3189879 0 105
3191313 0 106
3192767 0 104
3194221 0 105
3195675 0 105
3197149 0 105
3198624 0 105
3200119 0 106
3201553 0 104
3202986 0 105
3204461 0 105
3205956 0 105
3207471 0 106
3209007 0 104
3210400 0 105
3211792 0 105
3213349 0 106
3214741 0 104
3216134 0 105
3217547 0 105
3219104 0 105
3220599 0 106
3222155 0 104
3223691 0 105
3225145 0 105
3226661 0 106
3228197 0 104
3229733 0 105
3231166 0 105
3232620 0 105
3234074 0 106
3235549 0 104
3237044 0 105
3238539 0 105
3240075 0 105
3241508 0 106
3243024 0 104
3244457 0 105
3245871 0 106
3247304 0 104
3248717 0 105
3250171 0 105
3251707 0 105
3253161 0 105
3254574 0 105
3256028 0 105
3257564 0 105
3259080 0 106
3260575 0 104
3262131 0 105
3263647 0 105
3265121 0 105
3266637 0 105
3268111 0 106
3269525 0 104
3270979 0 105
3272515 0 105
3273989 0 105
3275443 0 105
3276836 0 106
3278310 0 104
3279805 0 105
3281300 0 105
3282775 0 105
3284188 0 105
3285683 0 105
3287219 0 105
3288755 0 105
3290148 0 106
3291602 0 104
3293035 0 105
3294510 0 106
3296025 0 104
3297582 0 105
3299077 0 105
3300572 0 105
3302067 0 106
3303623 0 104
3305036 0 105
3306511 0 106
3307965 0 104
3309439 0 105
3310955 0 106
3312388 0 104
3313781 0 105
3315297 0 106
3316853 0 104
3318246 0 105
3319679 0 106
3321154 0 104
3322669 0 105
3324164 0 106
3325598 0 104
3327052 0 105
3328526 0 105
3330001 0 106
3331414 0 104
3332827 0 105
3334322 0 106
3335756 0 104
3337271 0 105
3338787 0 105
3340343 0 105
3341756 0 105
3343313 0 105
3344787 0 105
3346221 0 106
3347757 0 104
3349211 0 105
3350767 0 105
3352242 0 105
3353757 0 105
3355293 0 105
3356809 0 106
3358304 0 104
3359799 0 105
3361273 0 105
3362748 0 105
3364304 0 106
3365840 0 104
3367376 0 105
3368912 0 106
3370325 0 104
3371882 0 105
3373356 0 105
3374892 0 105
3376305 0 105
3377759 0 105
3379295 0 106
3380852 0 104
3382265 0 105
3383821 0 105
3385337 0 106
3386832 0 104
3388306 0 105
3389781 0 105
3391296 0 106
3392710 0 104
3394205 0 105
3395679 0 105
3397174 0 105
3398669 0 105
3400123 0 106
3401557 0 104
3403072 0 105
3404485 0 105
3405960 0 105
3407373 0 105
3408909 0 105
3410404 0 106
3411838 0 104
3413374 0 105
3414828 0 105
3416302 0 106
3417838 0 104
3419231 0 105
3420746 0 105
3422159 0 105
3423572 0 105
3425047 0 105
3426583 0 105
3428016 0 106
3429471 0 104
3430925 0 105
3432420 0 106
3433894 0 104
3435348 0 105
3436782 0 105
3438195 0 106
3439649 0 104
3441144 0 105
3442577 0 105
3444113 0 106
3445547 0 104
3447042 0 105
3448537 0 105
3450073 0 105
3451589 0 106
3453124 0 104
3454599 0 105
3456012 0 106
3457466 0 104
3458982 0 105
3460436 0 106
3461910 0 104
3463303 0 105
3464777 0 105
3466170 0 106
3467624 0 104
3469037 0 105
3470553 0 105
3471986 0 105
3473502 0 105
3474915 0 106
3476348 0 104
3477884 0 105
3479277 0 106
3480772 0 104
3482206 0 105
3483680 0 105
3485073 0 106
3486486 0 104
3487899 0 105
3489332 0 106
3490827 0 104
3492241 0 105
3493715 0 105
3495210 0 105
3496726 0 105
3498282 0 105
3499736 0 105
3501293 0 106
3502808 0 104
3504324 0 105
3505757 0 105
3507232 0 106
3508768 0 104
3510201 0 105
3511614 0 105
3513027 0 105
3514481 0 106
3515956 0 104
3517451 0 105
3518926 0 105
3520441 0 105
3521977 0 105
3523493 0 105
3524988 0 106
3526421 0 104
3527978 0 105
3529493 0 105
3530988 0 106
3532524 0 104
3533978 0 105
3535535 0 106
3537030 0 104
3538525 0 105
3539999 0 106
3541392 0 104
3542948 0 105
3544484 0 105
3545979 0 105
3547392 0 105
3548846 0 106
3550382 0 104
3551918 0 105
3553434 0 106
3554847 0 104
3556342 0 105
3557837 0 105
3559332 0 105
3560806 0 105
3562301 0 105
3563817 0 105
3565373 0 106
3566786 0 104
3568200 0 105
3569736 0 105
3571128 0 106
3572541 0 104
3574098 0 105
3575572 0 106
3577088 0 104
3578521 0 105
3580037 0 105
3581552 0 105
3583027 0 105
3584542 0 106
3586017 0 104
3587450 0 105
3588925 0 105
3590359 0 105
3591854 0 106
3593267 0 104
3594782 0 105
3596257 0 105
3597793 0 105
3599308 0 105
3600865 0 105
3602319 0 105
3603773 0 106
3605288 0 104
3606742 0 105
3608176 0 106
3609671 0 104
3611104 0 105
3612517 0 105
3613972 0 106
3615385 0 104
3616798 0 105
3618293 0 105
3619849 0 106
3621406 0 104
3622798 0 105
3624314 0 106
3625788 0 104
3627324 0 105
3628778 0 105
3630314 0 105
3631727 0 105
3633284 0 106
3634820 0 104
3636212 0 105
3637707 0 106
3639223 0 104
3640759 0 105
3642254 0 105
3643790 0 106
3645203 0 104
3646637 0 105
3648091 0 106
3649627 0 104
3651142 0 105
3652555 0 105
3653989 0 105
3655443 0 105
3656958 0 105
3658474 0 106
3660030 0 104
3661546 0 105
3662979 0 105
3664413 0 105
3665887 0 105
3667321 0 105
3668714 0 106
3670168 0 104
3671663 0 105
3673055 0 105
3674591 0 105
3676004 0 105
3677438 0 105
3678872 0 105
3680428 0 105
3681903 0 106
3683418 0 104
3684954 0 105
3686490 0 105
3688005 0 105
3689480 0 105
3690873 0 105
3692368 0 106
3693842 0 104
3695317 0 105
3696832 0 105
3698307 0 105
3699740 0 105
3701215 0 105
3702751 0 106
3704205 0 104
3705659 0 105
3707051 0 105
3708465 0 105
3709898 0 105
3711414 0 106
3712827 0 104
3714342 0 105
3715755 0 106
3717189 0 104
3718622 0 105
3720056 0 105
3721592 0 106
3723026 0 104
3724459 0 105
3725995 0 106
3727511 0 104
3729067 0 105
3730480 0 105
3731975 0 105
3733470 0 105
3734883 0 105
3736276 0 105
3737812 0 106
3739307 0 104
3740761 0 105
3742236 0 105
3743751 0 105
3745226 0 106
3746721 0 104
3748113 0 105
3749608 0 106
3751124 0 104
3752639 0 105
3754175 0 105
3755650 0 105
3757165 0 105
3758599 0 105
