50745 0 10
52240 0 3
53715 0 10
55169 0 11
56582 0 3
58056 0 7
59531 0 8
60964 0 2
62418 0 10
63893 0 7
65449 0 18
66965 0 21
68398 0 20
69955 0 22
71491 0 31
72986 0 9
74501 0 14
75915 0 17
77410 0 18
78986 0 33
80502 0 6
81976 0 17
83431 0 16
84926 0 24
86441 0 13
87957 0 18
89472 0 27
90988 0 5
92421 0 15
93937 0 22
95452 0 18
96886 0 30
98360 0 10
99814 0 21
101330 0 24
102804 0 17
104238 0 14
105733 0 16
107146 0 32
108661 0 5
110075 0 17
111508 0 22
113065 0 19
114641 0 15
116096 0 23
117570 0 33
119045 0 10
120560 0 16
121994 0 18
123468 0 34
124963 0 1
126479 0 13
127912 0 25
129469 0 5
130902 0 15
132315 0 20
133851 0 19
135326 0 17
136841 0 20
138377 0 14
139831 0 22
141326 0 27
142719 0 5
144112 0 20
145648 0 33
147061 0 10
148597 0 14
150112 0 27
151525 0 3
152918 0 15
154331 0 26
155744 0 9
157219 0 21
158652 0 19
160086 0 22
161519 0 17
163035 0 20
164591 0 35
166004 0 2
167479 0 13
168933 0 17
170448 0 36
171923 0 1
173418 0 14
174913 0 17
176306 0 13
177739 0 22
179275 0 29
180791 0 9
182327 0 23
183740 0 22
185296 0 16
186812 0 17
188204 0 28
189658 0 12
191215 0 23
192689 0 23
194102 0 23
195597 0 28
197052 0 5
198465 0 14
200001 0 30
201352 0 6
202909 0 19
204424 0 30
205796 0 2
207250 0 18
208766 0 14
210302 0 16
211797 0 18
213271 0 34
214787 0 3
216282 0 14
217674 0 24
219088 0 17
220521 0 33
221975 0 11
223470 0 14
224863 0 27
226399 0 6
227955 0 18
229430 0 29
230925 0 1
232358 0 19
233792 0 15
235246 0 17
236680 0 23
238093 0 27
239629 0 5
241021 0 20
242557 0 17
244032 0 35
245506 0 11
246940 0 13
248373 0 35
249909 0 7
251404 0 20
252920 0 14
254394 0 34
255869 0 10
257364 0 22
258839 0 23
260374 0 28
261808 0 5
263221 0 22
264737 0 16
266191 0 24
267747 0 34
269140 0 12
270594 0 21
272130 0 34
273604 0 8
275038 0 24
276574 0 35
278048 0 3
279461 0 13
280936 0 27
282329 0 9
283865 0 14
285360 0 14
286896 0 15
288350 0 13
289886 0 20
291463 0 36
292999 0 8
294494 0 16
296009 0 18
297525 0 35
298999 0 11
300453 0 13
301969 0 23
303423 0 34
304856 0 6
306351 0 20
307785 0 13
309341 0 18
310775 0 22
312311 0 14
313806 0 18
315321 0 26
316734 0 11
318229 0 24
319643 0 27
321178 0 2
322592 0 22
324025 0 17
325459 0 15
326892 0 33
328387 0 12
329923 0 20
331500 0 17
332954 0 19
334388 0 19
335924 0 32
337316 0 11
338832 0 20
340306 0 21
341761 0 21
343256 0 19
344771 0 15
346184 0 15
347659 0 18
349113 0 33
350587 0 6
352021 0 16
353495 0 14
354949 0 27
356444 0 12
357898 0 22
359434 0 16
360950 0 17
362363 0 27
363756 0 10
365210 0 22
366746 0 16
368179 0 13
369695 0 18
371169 0 13
372623 0 24
374057 0 18
375470 0 27
376944 0 10
378521 0 13
380037 0 22
381614 0 29
383129 0 4
384522 0 15
386058 0 20
387512 0 13
389007 0 13
390543 0 13
392018 0 17
393451 0 32
394987 0 9
396482 0 18
397957 0 14
399493 0 18
400906 0 17
402298 0 20
403752 0 20
405186 0 21
406763 0 30
408278 0 5
409753 0 14
411207 0 14
412620 0 19
414033 0 22
415590 0 23
417044 0 23
418559 0 28
420075 0 8
421529 0 24
423065 0 14
424498 0 24
426055 0 23
427591 0 14
429004 0 36
430540 0 6
431994 0 24
433468 0 28
435025 0 10
436561 0 23
438056 0 32
439592 0 7
441107 0 23
442643 0 25
444118 0 6
445531 0 20
447087 0 29
448480 0 1
449934 0 16
451306 0 14
452699 0 33
454214 0 5
455689 0 23
457245 0 21
458699 0 15
460112 0 22
461587 0 22
463061 0 13
464495 0 28
465928 0 10
467383 0 18
468837 0 24
470291 0 23
471745 0 15
473199 0 36
474632 0 8
476066 0 17
477581 0 24
479056 0 15
480592 0 13
482046 0 22
483541 0 33
485036 0 10
486592 0 13
488026 0 16
489439 0 14
490934 0 14
492450 0 25
494027 0 2
495481 0 23
496914 0 35
498389 0 8
499822 0 23
501379 0 14
502833 0 18
504328 0 15
505741 0 24
507236 0 30
508649 0 7
510205 0 16
511598 0 36
513114 0 2
514650 0 17
516063 0 36
517537 0 11
518991 0 23
520466 0 23
521981 0 24
523497 0 18
524971 0 14
526364 0 15
527879 0 34
529313 0 12
530808 0 24
532323 0 13
533798 0 18
535334 0 32
536849 0 10
538406 0 24
539839 0 35
541253 0 10
542789 0 17
544324 0 28
545738 0 11
547233 0 21
548810 0 23
550325 0 22
551881 0 17
553417 0 29
554871 0 11
556407 0 22
557923 0 31
559500 0 12
560954 0 13
562367 0 15
563801 0 22
565378 0 24
566852 0 30
568245 0 9
569678 0 19
571173 0 31
572668 0 2
574163 0 18
575658 0 13
577174 0 20
578751 0 18
580205 0 21
581659 0 36
583195 0 9
584669 0 24
586062 0 16
587455 0 23
588950 0 33
590424 0 5
591878 0 17
593414 0 30
594827 0 1
596220 0 18
597776 0 18
599312 0 16
600766 0 21
602302 0 13
603777 0 13
605211 0 15
606726 0 29
608119 0 11
609655 0 18
611150 0 35
612624 0 3
614078 0 17
615573 0 16
617068 0 22
618481 0 21
620058 0 21
621533 0 33
622946 0 8
624502 0 17
626018 0 32
627492 0 7
628946 0 19
630441 0 17
631834 0 21
633308 0 18
634722 0 27
636196 0 9
637691 0 24
639166 0 23
640640 0 22
642074 0 21
643528 0 21
645023 0 14
646518 0 32
647910 0 7
649467 0 20
651044 0 16
652539 0 13
654075 0 14
655447 0 14
656921 0 22
658478 0 19
659911 0 32
661284 0 12
662697 0 20
664274 0 21
665748 0 16
667284 0 18
668820 0 23
670356 0 33
671831 0 6
673387 0 16
674780 0 21
676213 0 29
677647 0 7
679142 0 22
680575 0 16
682029 0 13
683463 0 26
684876 0 12
686289 0 23
687805 0 28
689197 0 4
690713 0 21
692167 0 19
693641 0 20
695198 0 19
696734 0 26
698147 0 5
699662 0 19
701219 0 20
702652 0 18
704107 0 15
705520 0 19
706953 0 22
708448 0 25
709923 0 9
711397 0 17
712954 0 32
714449 0 8
715964 0 16
717418 0 35
718913 0 4
720429 0 13
721944 0 13
723337 0 23
724893 0 24
726368 0 17
727842 0 21
729399 0 30
730832 0 8
732368 0 23
733761 0 20
735277 0 28
736792 0 5
738348 0 15
739803 0 36
741339 0 12
742813 0 19
744267 0 23
745824 0 36
747339 0 9
748773 0 22
750247 0 27
751681 0 9
753237 0 22
754794 0 20
756330 0 25
757784 0 8
759238 0 20
760671 0 30
762125 0 10
763682 0 22
765136 0 29
766651 0 6
768105 0 21
769662 0 20
771116 0 18
772672 0 27
774208 0 5
775703 0 14
777198 0 23
778591 0 15
780086 0 16
781581 0 22
783015 0 15
784510 0 27
786046 0 11
787581 0 23
789077 0 35
790592 0 1
792107 0 13
793603 0 24
795077 0 26
796552 0 8
798026 0 14
799460 0 25
800996 0 10
802573 0 15
804088 0 26
805583 0 2
807078 0 20
808532 0 14
809966 0 14
811481 0 16
812935 0 16
814328 0 25
815802 0 7
817236 0 14
818751 0 25
820165 0 3
821619 0 23
823073 0 24
824588 0 21
826104 0 35
827599 0 7
829114 0 16
830507 0 16
832002 0 22
833538 0 14
835053 0 25
836610 0 12
838002 0 17
839415 0 21
840849 0 34
842324 0 3
843778 0 18
845273 0 33
846747 0 5
848140 0 19
849635 0 16
851048 0 24
852584 0 19
854079 0 36
855615 0 2
857028 0 20
858523 0 16
859997 0 23
861390 0 26
862783 0 2
864175 0 22
865691 0 15
867165 0 16
868619 0 20
870176 0 30
871548 0 7
873063 0 21
874497 0 22
876053 0 19
877549 0 30
878900 0 5
880293 0 23
881808 0 15
883201 0 18
884696 0 17
886211 0 15
887727 0 36
889283 0 7
890717 0 16
892191 0 26
893605 0 10
895079 0 18
896615 0 15
898090 0 19
899585 0 13
900998 0 16
902534 0 27
904008 0 2
905442 0 17
906916 0 14
908288 0 15
909742 0 23
911197 0 32
912630 0 2
914023 0 23
915518 0 28
916972 0 8
918446 0 16
919839 0 20
921436 0 34
922849 0 1
924385 0 16
925839 0 31
927416 0 4
928891 0 17
930406 0 21
931922 0 23
933376 0 21
934932 0 23
936489 0 24
937984 0 29
939479 0 6
941015 0 19
942489 0 21
943964 0 15
945398 0 17
946933 0 32
948367 0 12
949842 0 22
951419 0 22
1017550 0 101
1019065 0 101
1020499 0 101
1021912 0 101
1023386 0 101
1024922 0 101
1026356 0 101
1027851 0 101
1029367 0 101
1030902 0 101
1032336 0 102
1033749 0 102
1035285 0 102
1036739 0 102
1038255 0 102
1039791 0 103
1041204 0 101
1042678 0 102
1044132 0 102
1045545 0 102
1047081 0 102
1048597 0 103
1050092 0 101
1051628 0 102
1053082 0 102
1054475 0 102
1055970 0 102
1057362 0 103
1058837 0 101
1060352 0 102
1061827 0 102
1063219 0 102
1064755 0 102
1066230 0 103
1067684 0 101
1069199 0 102
1070592 0 103
1072005 0 101
1073459 0 102
1074872 0 102
1076265 0 102
1077760 0 103
1079234 0 101
1080627 0 102
1082163 0 102
1083678 0 102
1085112 0 102
1086546 0 102
1087959 0 103
1089454 0 101
1090867 0 102
1092259 0 103
1093673 0 101
1095188 0 102
1096724 0 102
1098178 0 103
1099755 0 101
1101209 0 102
1102704 0 102
1104117 0 102
1105592 0 102
1107128 0 102
1108623 0 102
1110159 0 102
1111613 0 103
1113149 0 101
1114685 0 102
1116180 0 103
1117695 0 101
1119129 0 102
1120583 0 103
1122016 0 101
1123491 0 102
1125027 0 102
1126563 0 102
1128099 0 103
1129655 0 101
1131150 0 102
1132543 0 102
1134058 0 102
1135533 0 102
1137069 0 102
1138564 0 103
1140120 0 101
1141636 0 102
1143110 0 102
1144564 0 102
1145957 0 102
1147473 0 102
1148968 0 102
1150503 0 102
1151917 0 103
1153371 0 101
1154825 0 102
1156299 0 103
1157753 0 101
1159269 0 102
1160805 0 103
1162361 0 101
1163836 0 102
1165269 0 103
1166826 0 101
1168259 0 102
1169795 0 102
1171188 0 102
1172663 0 102
1174137 0 102
1175632 0 102
1177066 0 103
1178581 0 101
1179974 0 102
1181448 0 103
1182902 0 101
1184315 0 102
1185851 0 102
1187367 0 102
1188862 0 103
1190357 0 101
1191790 0 102
1193265 0 102
1194821 0 102
1196235 0 102
1197689 0 103
1199245 0 101
1200658 0 102
1202051 0 102
1203566 0 102
1205041 0 102
1206474 0 103
1207908 0 101
1209423 0 102
1210898 0 102
1212413 0 102
1213806 0 103
1215219 0 101
1216632 0 102
1218107 0 102
1219602 0 103
1221015 0 101
1222448 0 102
1223841 0 102
1225254 0 102
1226667 0 103
1228101 0 101
1229616 0 102
1231111 0 102
1232586 0 102
1234019 0 103
1235433 0 101
1236866 0 102
1238361 0 102
1239754 0 102
1241269 0 102
1242764 0 103
1244259 0 101
1245754 0 102
1247249 0 102
1248662 0 102
1250157 0 102
1251652 0 103
1253147 0 101
1254581 0 102
1256015 0 102
1257551 0 103
1258984 0 101
1260397 0 102
1261933 0 102
1263428 0 103
1264862 0 101
1266316 0 102
1267708 0 103
1269265 0 101
1270780 0 102
1272275 0 103
1273709 0 101
1275224 0 102
1276638 0 102
1278133 0 102
1279628 0 103
1281184 0 101
1282699 0 102
1284174 0 102
1285649 0 102
1287103 0 102
1288577 0 102
1290052 0 103
1291588 0 101
1293062 0 102
1294537 0 102
1296032 0 102
1297506 0 103
1298960 0 101
1300435 0 102
1301909 0 102
1303404 0 103
1304858 0 101
1306292 0 102
1307726 0 102
1309221 0 102
1310716 0 102
1312252 0 103
1313706 0 101
1315242 0 102
1316655 0 103
1318109 0 101
1319645 0 102
1321160 0 102
1322635 0 102
1324089 0 103
1325543 0 101
1327079 0 102
1328533 0 102
1330048 0 103
1331543 0 101
1332957 0 102
1334452 0 102
1335967 0 103
1337442 0 101
1338937 0 102
1340432 0 102
1341947 0 103
1343422 0 101
1344855 0 102
1346289 0 102
1347825 0 102
1349340 0 102
1350856 0 102
1352330 0 103
1353764 0 101
1355177 0 102
1356692 0 102
1358126 0 102
1359539 0 102
1360993 0 102
1362427 0 102
1363860 0 103
1365396 0 101
1366850 0 102
1368284 0 103
1369799 0 101
1371335 0 102
1372871 0 102
1374284 0 102
1375800 0 102
1377213 0 102
1378626 0 102
1380162 0 103
1381596 0 101
1383070 0 102
1384627 0 102
1386122 0 103
1387555 0 101
1389091 0 102
1390545 0 103
1391958 0 101
1393474 0 102
1395030 0 103
1396484 0 101
1397918 0 102
1399311 0 102
1400744 0 103
1402198 0 101
1403591 0 102
1405045 0 102
1406478 0 102
1407973 0 102
1409407 0 103
1410861 0 101
1412397 0 102
1413953 0 103
1415469 0 101
1416923 0 102
1418398 0 103
1419852 0 101
1421244 0 102
1422657 0 102
1424050 0 102
1425504 0 102
1426979 0 103
1428453 0 101
1429989 0 102
1431525 0 103
1433061 0 101
1434556 0 102
1436030 0 103
1437587 0 101
1439061 0 102
1440556 0 102
1441990 0 103
1443546 0 101
1444980 0 102
1446475 0 103
1448032 0 101
1449547 0 102
1450960 0 103
1452414 0 101
1453889 0 102
1455384 0 102
1456920 0 103
1458456 0 101
1459848 0 102
1461282 0 103
1462756 0 101
1464149 0 102
1465644 0 102
1467180 0 102
1468675 0 102
1470170 0 102
1471563 0 103
1472976 0 101
1474368 0 102
1475904 0 103
1477399 0 101
1478935 0 102
1480430 0 103
1481905 0 101
1483338 0 102
1484874 0 102
1486369 0 102
1487803 0 102
1489318 0 102
1490752 0 102
1492247 0 103
1493742 0 101
1495196 0 102
1496691 0 102
1498227 0 102
1499681 0 102
1501197 0 102
1502610 0 103
1504084 0 101
1505600 0 102
1507136 0 103
1508610 0 101
1510105 0 102
1511600 0 103
1513054 0 101
1514467 0 102
1515901 0 102
1517314 0 103
1518809 0 101
1520202 0 102
1521656 0 102
1523069 0 102
1524523 0 102
1526059 0 102
1527533 0 103
1529090 0 101
1530564 0 102
1532039 0 102
1533514 0 102
1534988 0 102
1536504 0 103
1537917 0 101
1539371 0 102
1540845 0 102
1542340 0 103
1543897 0 101
1545289 0 102
1546723 0 102
1548218 0 102
1549754 0 103
1551167 0 101
1552580 0 102
1553973 0 103
1555386 0 101
1556922 0 102
1558376 0 102
1559912 0 103
1561468 0 101
1562984 0 102
1564438 0 103
1565994 0 101
1567469 0 102
1568861 0 102
1570377 0 102
1571831 0 102
1573367 0 102
1574903 0 103
1576398 0 101
1577852 0 102
1579388 0 102
1580842 0 102
1582235 0 102
1583627 0 102
1585143 0 103
1586597 0 101
1588010 0 102
1589525 0 102
1590918 0 102
1592454 0 102
1593908 0 103
1595382 0 101
1596837 0 102
1598393 0 102
1599806 0 103
1601383 0 101
1602878 0 102
1604414 0 102
1605970 0 102
1607363 0 102
1608899 0 103
1610353 0 101
1611787 0 102
1613343 0 102
1614756 0 102
1616272 0 103
1617767 0 101
1619262 0 102
1620654 0 102
1622149 0 102
1623583 0 103
1625078 0 101
1626573 0 102
1628007 0 103
1629440 0 101
1630874 0 102
1632287 0 102
1633802 0 102
1635318 0 102
1636772 0 102
1638185 0 102
1639578 0 103
1640991 0 101
1642404 0 102
1643940 0 102
1645455 0 102
1646991 0 102
1648425 0 102
1649961 0 102
1651497 0 103
1652971 0 101
1654507 0 102
1655961 0 103
1657436 0 101
1658849 0 102
1660241 0 103
1661675 0 101
1663109 0 102
1664563 0 102
1666099 0 102
1667594 0 102
1669068 0 103
1670563 0 101
1672079 0 102
1673492 0 102
1674966 0 103
1676461 0 101
1678018 0 102
1679492 0 102
1680905 0 102
1682441 0 103
1683998 0 101
1685513 0 102
1687008 0 102
1688401 0 102
1689916 0 102
1691411 0 102
1692845 0 103
1694381 0 101
1695774 0 102
1697248 0 103
1698723 0 101
1700136 0 102
1701610 0 103
1703187 0 101
1704723 0 102
1706177 0 102
1707631 0 102
1709188 0 102
1710642 0 102
1712055 0 102
1713550 0 103
1715065 0 101
1716560 0 102
1718076 0 102
1719591 0 102
1720984 0 102
1722397 0 102
1723790 0 102
1725305 0 103
1726739 0 101
1728213 0 102
1729647 0 102
1731081 0 103
1732514 0 101
1733907 0 102
1735361 0 103
1736917 0 101
1738474 0 102
1739948 0 103
1741423 0 101
1742877 0 102
1744413 0 102
1745949 0 102
1747403 0 102
1748795 0 102
1750270 0 102
1751724 0 103
1753158 0 101
1754632 0 102
1756189 0 102
1757724 0 103
1759179 0 101
1760653 0 102
1762066 0 103
1763623 0 101
1765036 0 102
1766572 0 102
1768046 0 103
1769521 0 101
1771036 0 102
1772470 0 102
1774026 0 102
1775439 0 103
1776873 0 101
1778368 0 102
1779904 0 102
1781358 0 102
1782894 0 102
1784409 0 102
1785863 0 102
1787359 0 103
1788813 0 101
1790349 0 102
1791803 0 102
1793277 0 102
1794752 0 102
1796288 0 102
1797824 0 102
1799237 0 102
1800691 0 103
1802165 0 101
1803558 0 102
1804951 0 102
1806486 0 102
1807982 0 103
1809477 0 101
1810992 0 102
1812507 0 103
1814084 0 101
1815498 0 102
1816911 0 102
1818344 0 102
1819860 0 103
1821334 0 101
1822727 0 102
1824160 0 102
1825553 0 102
1826966 0 102
1828420 0 102
1829895 0 102
1831390 0 102
1832782 0 103
1834298 0 101
1835772 0 102
1837226 0 102
1838721 0 102
1840155 0 103
1841691 0 101
1843084 0 102
1844579 0 103
1846012 0 101
1847446 0 102
1848859 0 102
1850251 0 103
1851787 0 101
1853303 0 102
1854716 0 103
1856170 0 101
1857706 0 102
1859099 0 102
1860553 0 102
1861945 0 103
1863522 0 101
1865017 0 102
1866492 0 102
1868007 0 102
1869420 0 102
1870915 0 102
1872451 0 102
1873885 0 102
1875400 0 103
1876854 0 101
1878329 0 102
1879844 0 102
1881299 0 102
1882773 0 102
1884248 0 102
1885661 0 102
1887053 0 103
1888569 0 101
1889961 0 102
1891477 0 102
1892972 0 103
1894406 0 101
1895901 0 102
1897293 0 102
1898788 0 102
1900242 0 102
1901778 0 102
1903314 0 103
1904768 0 101
1906243 0 102
1907676 0 102
1909130 0 102
1910544 0 102
1912059 0 102
1913472 0 102
1914988 0 102
1936535 0 43
1937948 0 40
1939422 0 38
1940917 0 44
1942474 0 40
1943989 0 42
1945443 0 45
1946938 0 37
1948393 0 37
1949847 0 41
1951342 0 53
1952857 0 56
1954270 0 59
1955724 0 49
1957178 0 53
1958632 0 57
1960148 0 49
1961663 0 65
1963158 0 37
1964653 0 53
1966189 0 53
1967705 0 66
1969138 0 44
1970613 0 60
1972067 0 52
1973623 0 52
1975159 0 55
1976716 0 53
1978252 0 53
1979665 0 61
1981160 0 44
1982696 0 55
1984129 0 57
1985604 0 72
1987099 0 43
1988615 0 50
1990028 0 57
1991502 0 71
1993059 0 37
1994451 0 58
1995946 0 65
1997462 0 44
1998875 0 59
2000329 0 54
2001783 0 51
2003319 0 65
2004732 0 47
2006186 0 53
2007722 0 56
2009237 0 51
2010773 0 52
2012248 0 54
2013641 0 53
2015136 0 66
2016672 0 40
2018208 0 58
2019744 0 53
2021177 0 58
2022652 0 54
2024147 0 67
2025683 0 40
2027116 0 58
2028632 0 56
2030106 0 62
2031540 0 41
2033014 0 55
2034571 0 57
2036086 0 50
2037622 0 56
2039179 0 53
2040653 0 60
2042169 0 60
2043725 0 69
2045261 0 45
2046797 0 57
2048374 0 49
2049849 0 53
2051344 0 54
2052777 0 59
2054272 0 65
2055829 0 41
2057242 0 59
2058716 0 67
2060150 0 39
2061604 0 54
2063140 0 59
2064573 0 65
2066068 0 42
2067523 0 57
2069079 0 72
2070513 0 47
2072069 0 57
2073585 0 70
2075059 0 47
2076575 0 60
2078070 0 51
2079524 0 51
2081080 0 68
2082534 0 44
2084070 0 57
2085565 0 60
2086978 0 68
2088412 0 48
2089866 0 56
2091361 0 70
2092733 0 39
2094146 0 53
2095580 0 50
2097116 0 68
2098631 0 46
2100085 0 53
2101498 0 63
2102932 0 47
2104447 0 51
2105983 0 56
2107396 0 59
2108809 0 62
2110243 0 37
2111697 0 50
2113213 0 57
2114646 0 54
2116080 0 62
2117534 0 43
2119029 0 51
2120524 0 56
2121937 0 51
2123350 0 57
2124906 0 71
2126422 0 48
2127855 0 49
2129310 0 72
2130743 0 40
2132197 0 52
2133631 0 56
2135126 0 53
2136621 0 54
2138054 0 64
2139508 0 38
2141065 0 56
2142580 0 71
2144034 0 42
2145570 0 53
2147086 0 63
2148601 0 40
2150055 0 56
2151550 0 59
2153045 0 54
2154520 0 54
2155995 0 52
2157469 0 54
2158944 0 70
2160336 0 42
2161831 0 54
2163244 0 58
2164698 0 69
2166255 0 44
2167791 0 59
2169306 0 57
2170719 0 51
2172173 0 60
2173730 0 55
2175225 0 65
2176699 0 48
2178154 0 60
2179648 0 56
2181205 0 67
2182618 0 45
2184154 0 55
2185567 0 65
2187103 0 45
2188619 0 55
2190073 0 60
2191486 0 49
2192981 0 61
2194394 0 48
2195909 0 52
2197466 0 59
2198879 0 54
2200333 0 52
2201869 0 54
2203262 0 55
2204716 0 69
2206149 0 45
2207562 0 56
2209037 0 57
2210532 0 57
2212109 0 69
2213624 0 40
2215181 0 60
2216737 0 50
2218212 0 60
2219666 0 55
2221120 0 49
2222656 0 70
2224089 0 45
2225625 0 52
2227161 0 59
2228574 0 56
2230049 0 49
2231523 0 69
2233018 0 42
2234493 0 58
2236029 0 71
2237585 0 42
2239060 0 58
2240534 0 56
2241988 0 57
2243524 0 56
2244958 0 54
2246494 0 50
2247989 0 62
2249525 0 39
2250938 0 54
2252474 0 65
2253969 0 47
2255382 0 56
2256795 0 49
2258249 0 62
2259703 0 38
2261178 0 49
2262693 0 50
2264188 0 57
2265683 0 72
2267158 0 45
2268735 0 60
2270148 0 51
2271704 0 59
2273179 0 60
2274694 0 50
2276108 0 63
2277644 0 47
2279180 0 50
2280715 0 58
2282251 0 58
2283808 0 51
2285262 0 53
2286757 0 69
2288334 0 43
2289870 0 60
2291426 0 63
2292983 0 46
2294416 0 56
2295829 0 53
2297324 0 57
2298779 0 54
2300253 0 52
2301768 0 70
2303223 0 43
2304697 0 59
2306192 0 71
2307687 0 46
2309162 0 54
2310698 0 65
2312172 0 38
2313606 0 56
2315080 0 68
2316514 0 37
2317906 0 60
2319320 0 59
2320794 0 53
2322310 0 58
2323723 0 58
2325177 0 56
2326610 0 56
2328085 0 61
2329580 0 47
2331136 0 54
2332693 0 55
2334167 0 65
2335580 0 38
2337137 0 55
2338632 0 60
2340168 0 60
2341581 0 68
2343076 0 37
2344489 0 60
2345984 0 55
2347438 0 50
2348974 0 58
2350428 0 64
2351903 0 45
2353459 0 59
2354893 0 52
2356326 0 50
2357883 0 68
2359316 0 47
2360750 0 52
2362286 0 62
2363740 0 47
2365276 0 56
2366689 0 56
2368204 0 49
2369597 0 58
2371051 0 59
2372526 0 56
2374082 0 56
2375516 0 69
2376990 0 41
2378485 0 49
2380021 0 55
2381475 0 64
2382909 0 43
2384424 0 50
2385940 0 50
2387476 0 53
2389012 0 60
2390507 0 70
2391899 0 45
2393353 0 52
2394767 0 53
2396241 0 65
2397716 0 47
2399170 0 49
2400644 0 54
2402119 0 53
2403655 0 53
2405129 0 63
2406645 0 47
2408119 0 59
2409676 0 55
2411212 0 70
2412645 0 41
2414161 0 58
2415594 0 51
2417007 0 59
2418523 0 53
2420018 0 62
2421533 0 40
2422987 0 55
2424482 0 51
2426039 0 54
2427472 0 65
2428927 0 39
2430422 0 51
2431957 0 52
2433493 0 50
2435050 0 52
2436606 0 57
2438081 0 50
2439514 0 67
2441030 0 39
2442484 0 59
2444040 0 51
2445556 0 57
2447092 0 57
2448526 0 58
2450061 0 69
2451597 0 48
2453072 0 49
2454628 0 71
2456042 0 42
2457598 0 56
2459113 0 65
2460527 0 37
2461919 0 55
2463414 0 65
2464889 0 42
2466445 0 56
2468002 0 57
2469435 0 56
2470869 0 63
2472282 0 37
2473777 0 50
2475333 0 64
2476746 0 39
2478262 0 50
2479716 0 72
2481231 0 48
2482726 0 50
2484140 0 68
2485655 0 47
2487130 0 49
2488584 0 49
2490038 0 60
2491451 0 49
2492946 0 64
2494400 0 48
2495936 0 60
2497369 0 64
2498762 0 38
2500175 0 51
2501732 0 51
2503206 0 59
2504619 0 68
2506135 0 42
2507548 0 51
2509063 0 51
2510497 0 50
2512033 0 57
2513487 0 60
2515023 0 57
2516456 0 69
2517972 0 38
2519385 0 50
2520860 0 62
2522334 0 46
2523891 0 52
2525304 0 69
2526799 0 43
2528273 0 49
2529809 0 50
2531263 0 66
2532676 0 46
2534192 0 51
2535748 0 71
2537223 0 41
2538779 0 50
2540295 0 55
2541831 0 52
2543285 0 55
2544841 0 57
2546295 0 50
2547852 0 61
2549285 0 40
2550698 0 51
2552112 0 52
2553647 0 56
2555163 0 61
2556637 0 37
2558092 0 51
2559607 0 52
2561082 0 57
2562577 0 70
2563969 0 37
2565362 0 53
2566775 0 63
2568311 0 38
2569806 0 60
2571219 0 55
2572632 0 52
2574127 0 53
2575581 0 63
2577138 0 42
2578592 0 58
2580066 0 60
2581541 0 49
2583077 0 64
2584551 0 44
2585944 0 50
2587500 0 57
2588934 0 60
2590490 0 71
2592006 0 43
2593521 0 52
2595078 0 57
2596614 0 59
2598068 0 54
2599542 0 61
2600935 0 38
2602471 0 50
2603925 0 59
2605399 0 52
2606894 0 56
2608410 0 53
2609946 0 57
2611461 0 66
2612916 0 48
2614390 0 57
2615906 0 63
2617441 0 39
2618896 0 53
2620370 0 51
2621783 0 56
2623217 0 49
2624630 0 50
2626104 0 59
2627599 0 56
2629033 0 71
2630487 0 39
2631900 0 59
2633313 0 50
2634788 0 54
2636283 0 50
2637778 0 60
2639273 0 63
2640727 0 39
2642263 0 54
2643737 0 55
2645150 0 57
2646645 0 55
2648140 0 60
2649635 0 68
2651171 0 47
2652687 0 57
2654223 0 59
2655657 0 51
2657192 0 54
2658728 0 59
2660244 0 53
2661677 0 67
2663111 0 40
2664586 0 58
2666163 0 70
2667637 0 47
2669132 0 57
2670545 0 52
2672040 0 61
2673453 0 48
2674969 0 50
2676382 0 60
2677897 0 53
2679413 0 64
2680928 0 40
2682485 0 56
2684000 0 72
2685413 0 39
2686847 0 58
2688403 0 51
2689878 0 59
2691414 0 67
2692909 0 47
2694322 0 56
2695837 0 65
2697333 0 38
2698766 0 60
2700302 0 53
2701859 0 49
2703292 0 55
2704746 0 49
2706303 0 68
2707818 0 47
2709272 0 53
2710767 0 60
2712201 0 50
2713737 0 70
2715170 0 41
2716583 0 60
2718017 0 58
2719491 0 55
2720946 0 60
2722441 0 66
2723895 0 45
2725431 0 55
2726864 0 66
2728298 0 48
2729711 0 56
2731144 0 51
2732701 0 54
2734155 0 53
2735588 0 68
2737124 0 41
2738640 0 56
2740094 0 59
2741589 0 71
2742982 0 37
2744497 0 54
2746013 0 55
2747508 0 50
2748982 0 65
2750498 0 44
2751931 0 59
2753426 0 54
2754962 0 49
2756498 0 50
2757993 0 59
2759468 0 59
2760942 0 69
2762437 0 46
2763973 0 56
2765530 0 68
2767045 0 45
2768622 0 58
2770097 0 69
2771530 0 43
2773005 0 56
2774479 0 60
2775995 0 49
2777469 0 60
2778903 0 52
2780398 0 55
2781872 0 71
2783388 0 45
2784965 0 54
2786460 0 60
2787996 0 60
2789491 0 66
2791006 0 40
2792460 0 57
2793976 0 58
2795430 0 66
2796843 0 42
2798297 0 60
2799854 0 53
2801287 0 72
2802782 0 48
2804216 0 60
2805752 0 58
2807329 0 63
2808885 0 43
2810298 0 52
2811732 0 50
2813206 0 60
2814619 0 57
2816155 0 64
2817671 0 39
2819227 0 52
2820681 0 55
2822254 0 59
2895545 0 104
2897060 0 104
2898555 0 104
2900071 0 104
2901464 0 104
2902959 0 104
2904474 0 104
2905969 0 104
2907403 0 104
2908918 0 104
2910352 0 105
2911867 0 105
2913280 0 105
2914734 0 106
2916250 0 104
2917683 0 105
2919219 0 105
2920714 0 105
2922148 0 105
2923602 0 105
2925138 0 105
2926633 0 106
2928046 0 104
2929562 0 105
2931016 0 106
2932470 0 104
2933985 0 105
2935460 0 106
2937016 0 104
2938552 0 105
2940109 0 105
2941501 0 106
2943058 0 104
2944512 0 105
2946048 0 106
2947604 0 104
2949017 0 105
2950451 0 106
2951925 0 104
2953379 0 105
2954792 0 106
2956206 0 104
2957680 0 105
2959155 0 106
2960691 0 104
2962247 0 105
2963722 0 105
2965258 0 105
2966814 0 105
2968309 0 105
2969825 0 105
2971340 0 106
2972794 0 104
2974330 0 105
2975825 0 105
2977279 0 105
2978692 0 105
2980146 0 105
2981641 0 106
2983054 0 104
2984549 0 105
2986065 0 105
2987539 0 105
2988932 0 105
2990386 0 106
2991861 0 104
2993253 0 105
2994769 0 106
2996202 0 104
2997738 0 105
2999233 0 105
3000646 0 105
3002141 0 105
3003575 0 105
3005029 0 105
3006565 0 106
3008019 0 104
3009514 0 105
3010927 0 105
3012443 0 105
3013876 0 105
3015392 0 106
3016907 0 104
3018382 0 105
3019856 0 105
3021392 0 105
3022847 0 105
3024363 0 106
3025899 0 104
3027394 0 105
3028889 0 106
3030404 0 104
3031818 0 105
3033231 0 105
3034684 0 105
3036220 0 105
3037757 0 105
3039292 0 106
3040849 0 104
3042302 0 105
3043798 0 105
3045333 0 105
3046829 0 105
3048283 0 105
3049696 0 105
3051109 0 106
3052605 0 104
3054079 0 105
3055616 0 105
3057171 0 105
3058585 0 106
3060037 0 104
3061513 0 105
3063048 0 105
3064503 0 105
3066059 0 105
3067452 0 106
3068906 0 104
3070299 0 105
3071691 0 105
3073227 0 106
3074743 0 104
3076197 0 105
3077650 0 106
3079207 0 104
3080765 0 105
3082300 0 106
3083857 0 104
3085310 0 105
3086764 0 105
3088280 0 105
3089754 0 105
3091208 0 105
3092621 0 106
3094178 0 104
3095652 0 105
3097106 0 106
3098663 0 104
3100056 0 105
3101509 0 105
3102944 0 105
3104438 0 106
3105933 0 104
3107326 0 105
3108759 0 106
3110234 0 104
3111770 0 105
3113265 0 105
3114718 0 106
3116274 0 104
3117730 0 105
3119245 0 105
3120761 0 105
3122173 0 106
3123668 0 104
3125081 0 105
3126617 0 105
3128133 0 105
3129689 0 105
3131164 0 105
3132598 0 106
3134010 0 104
3135505 0 105
3136981 0 105
3138394 0 105
3139908 0 106
3141445 0 104
3142960 0 105
3144455 0 106
3145868 0 104
3147384 0 105
3148796 0 105
3150210 0 105
3151644 0 106
3153119 0 104
3154552 0 105
3156006 0 105
3157542 0 106
3159017 0 104
3160532 0 105
3161986 0 105
3163379 0 105
3164832 0 105
3166287 0 106
3167802 0 104
3169216 0 105
3170731 0 105
3172245 0 105
3173803 0 106
3175236 0 104
3176690 0 105
3178164 0 106
3179618 0 104
3181156 0 105
3182609 0 105
3184165 0 105
3257376 0 104
3258892 0 104
3260387 0 104
3261800 0 104
3263193 0 104
3264585 0 104
3266019 0 104
3267411 0 104
3268824 0 104
3270320 0 104
3271794 0 105
3273207 0 105
3274743 0 105
3276156 0 105
3277672 0 105
3279208 0 105
3280662 0 106
3282218 0 104
3283631 0 105
3285147 0 105
3286621 0 105
3288075 0 106
3289488 0 104
3290881 0 105
3292397 0 106
3293933 0 104
3295448 0 105
3296923 0 105
3298336 0 105
3299872 0 106
3301408 0 104
3302923 0 105
3304336 0 105
3305790 0 105
3307203 0 106
3308739 0 104
3310296 0 105
3311770 0 106
3313245 0 104
3314658 0 105
3316153 0 106
3317709 0 104
3319163 0 105
3320720 0 106
3322174 0 104
3323669 0 105
3325123 0 105
3326577 0 105
3328031 0 105
3329444 0 105
3330939 0 106
3332332 0 104
3333786 0 105
3335301 0 106
3336755 0 104
3338250 0 105
3339766 0 105
3341179 0 105
3342654 0 105
3344067 0 105
3345480 0 105
3347016 0 106
3348449 0 104
3349944 0 105
3351378 0 105
3352812 0 105
3354368 0 105
3355842 0 105
3357358 0 105
3358853 0 105
3360266 0 106
3361822 0 104
3363338 0 105
3364833 0 105
3366287 0 105
3367823 0 105
3369216 0 105
3370649 0 106
3372103 0 104
3373557 0 105
3375114 0 105
3376527 0 106
3378022 0 104
3379455 0 105
3381012 0 106
3382445 0 104
3383961 0 105
3385435 0 106
3386910 0 104
3388344 0 105
3389798 0 105
3391272 0 105
3392808 0 105
3394303 0 105
3395778 0 105
3397191 0 106
3398604 0 104
3400119 0 105
3401533 0 105
3402946 0 105
3404482 0 106
3406018 0 104
3407451 0 105
3408905 0 106
3410380 0 104
3411854 0 105
3413329 0 105
3414824 0 105
3416257 0 106
3417732 0 104
3419186 0 105
3420579 0 105
3422074 0 106
3423589 0 104
3425084 0 105
3426538 0 106
3428033 0 104
3429446 0 105
3430962 0 105
3432498 0 105
3434013 0 105
3435570 0 106
3437106 0 104
3438601 0 105
3440116 0 105
3441591 0 105
3443086 0 105
3444622 0 105
3446014 0 105
3447571 0 105
3449004 0 106
3450417 0 104
3451892 0 105
3453448 0 105
3454861 0 106
3456275 0 104
3457729 0 105
3459244 0 105
3460739 0 105
3462214 0 106
3463729 0 104
3465286 0 105
3466678 0 106
3468091 0 104
3469566 0 105
3470958 0 105
3472433 0 106
3473989 0 104
3475464 0 105
3476877 0 105
3478331 0 105
3479785 0 106
3481342 0 104
3482837 0 105
3484291 0 106
3485847 0 104
3487342 0 105
3488858 0 105
3490332 0 105
3491807 0 106
3493261 0 104
3494776 0 105
3496333 0 106
3497869 0 104
3499425 0 105
3500961 0 105
3502497 0 105
3503951 0 105
3505405 0 105
3506900 0 105
3508334 0 105
3509767 0 106
3511283 0 104
3512778 0 105
3514273 0 106
3515829 0 104
3517242 0 105
3518697 0 106
3520253 0 104
3521789 0 105
3523263 0 106
3524779 0 104
3526274 0 105
3527748 0 105
3529264 0 106
3530657 0 104
3532070 0 105
3533503 0 105
3534916 0 105
3536473 0 106
3537947 0 104
3539483 0 105
3540958 0 105
3542494 0 105
3543907 0 105
3545422 0 105
3546876 0 106
3548330 0 104
3549825 0 105
3551320 0 105
3552815 0 105
3554290 0 105
3555724 0 105
3557198 0 106
3558734 0 104
3560250 0 105
3561663 0 105
3563076 0 105
3564571 0 105
3566004 0 105
3567520 0 106
3569076 0 104
3570469 0 105
3571902 0 106
3573398 0 104
3574831 0 105
3576285 0 105
3577760 0 106
3579234 0 104
3580750 0 105
3582163 0 105
3583699 0 106
3585194 0 104
3586668 0 105
3588163 0 106
3589720 0 104
3591174 0 105
3592587 0 105
3594102 0 105
3595618 0 105
3597174 0 105
3598567 0 105
3600103 0 105
3601639 0 106
3603072 0 104
3604567 0 105
3606124 0 106
3607557 0 104
3609093 0 105
3610507 0 105
3612063 0 105
3613558 0 105
3615012 0 106
3616466 0 104
3617900 0 105
3619354 0 105
3620849 0 105
3622385 0 105
3623880 0 106
3625354 0 104
3626788 0 105
3628201 0 105
3629696 0 105
3631089 0 106
3632625 0 104
3634079 0 105
3635574 0 105
3637130 0 105
3638523 0 105
3640059 0 105
3641554 0 106
3643049 0 104
3644564 0 105
3645957 0 105
3647390 0 106
3648885 0 104
3650421 0 105
3651916 0 105
3653309 0 105
3654824 0 105
3656360 0 105
3657876 0 105
3659371 0 106
3660886 0 104
3662279 0 105
3663713 0 106
3665167 0 104
3666703 0 105
3668136 0 105
3669549 0 105
3671065 0 105
3672621 0 105
3674157 0 105
3675591 0 106
3677086 0 104
3678499 0 105
3680055 0 105
3681591 0 106
3683025 0 104
3684499 0 105
3685974 0 106
3687510 0 104
3688944 0 105
3690500 0 105
3691934 0 105
3693347 0 105
3694821 0 106
3696316 0 104
3697811 0 105
3699347 0 105
3700883 0 105
3702317 0 106
3703832 0 104
3705286 0 105
3706761 0 105
3708174 0 106
3709669 0 104
3711205 0 105
3712720 0 105
3714154 0 105
3715649 0 106
3717144 0 104
3718680 0 105
3720195 0 106
3721629 0 104
3723042 0 105
3724435 0 105
3725909 0 106
3727302 0 104
3728838 0 105
3730292 0 106
3731705 0 104
3733180 0 105
3734716 0 106
3736211 0 104
3737767 0 105
3739180 0 105
3740655 0 105
3742109 0 105
3743542 0 105
3745037 0 105
3746532 0 106
3747986 0 104
3749461 0 105
3750915 0 105
3752369 0 105
3753925 0 106
3755379 0 104
3756915 0 105
3758451 0 105
3759844 0 105
3761298 0 105
3762773 0 105
3764206 0 106
3765722 0 104
3767258 0 105
3768732 0 106
3770268 0 104
3771722 0 105
3773238 0 105
3774753 0 105
3776289 0 106
3777846 0 104
3779320 0 105
3780795 0 105
3782249 0 105
3783744 0 105
3785259 0 106
3786795 0 104
3788331 0 105
3789847 0 105
3791362 0 105
3792857 0 105
3794393 0 105
3795888 0 105
3797301 0 106
3798755 0 104
3800271 0 105
3801663 0 105
3803199 0 105
3804633 0 106
3806046 0 104
3807562 0 105
3808995 0 105
3810490 0 105
3811965 0 106
3813460 0 104
3814955 0 105
3816388 0 106
3817842 0 104
3819399 0 105
3820812 0 105
3822327 0 106
3823802 0 104
3825297 0 105
3826710 0 106
3828205 0 104
3829618 0 105
3831134 0 106
3832608 0 104
3834021 0 105
3835557 0 105
3837073 0 106
3838527 0 104
3840083 0 105
3841599 0 105
3843012 0 105
3844445 0 105
3845981 0 105
3847415 0 105
3848848 0 106
3850262 0 104
3851818 0 105
3853374 0 105
3854788 0 105
3856303 0 105
3857737 0 105
3859232 0 106
3860665 0 104
3862058 0 105
3863573 0 105
3864986 0 105
3866440 0 105
3867874 0 105
3869349 0 105
3870885 0 106
3872421 0 104
3873854 0 105
3875329 0 105
3876742 0 105
3878257 0 105
3879670 0 105
3881165 0 106
3882619 0 104
3884032 0 105
3885466 0 105
3886941 0 105
3888395 0 105
3889951 0 105
3891446 0 105
3892900 0 106
3894436 0 104
3895870 0 105
3897426 0 105
3898962 0 105
3900396 0 105
3901932 0 105
3903386 0 106
3904942 0 104
3906376 0 105
3907912 0 106
3909427 0 104
3910840 0 105
3912335 0 105
3913769 0 105
3915203 0 106
3916656 0 104
3918070 0 105
3919524 0 105
3921080 0 105
3922575 0 106
3924132 0 104
3925586 0 105
3927122 0 105
3928658 0 105
3930153 0 105
3931586 0 106
3933020 0 104
3934453 0 105
3935948 0 105
3937382 0 106
3938856 0 104
3940413 0 105
3941867 0 105
3943300 0 105
3944796 0 105
3946250 0 105
3947806 0 106
3949342 0 104
3950776 0 105
3952209 0 105
3953622 0 106
3955179 0 104
3956592 0 105
3958005 0 105
3959418 0 105
3960831 0 105
3962244 0 105
3963780 0 106
3965214 0 104
3966709 0 105
3968265 0 106
3969719 0 104
3971153 0 105
3972689 0 106
3974225 0 104
3975679 0 105
3977153 0 105
3978710 0 105
3980143 0 105
3981557 0 105
3983010 0 105
3984403 0 106
3985919 0 104
3987373 0 105
3988806 0 105
3990342 0 105
3991837 0 105
3993353 0 105
3994848 0 106
3996343 0 104
3997735 0 105
3999128 0 105
4000562 0 105
4002097 0 105
4003633 0 105
4005088 0 106
4006542 0 104
4008078 0 105
4009491 0 106
4010945 0 104
4012337 0 105
4013812 0 106
4015286 0 104
4016761 0 105
4018194 0 105
4019751 0 106
4021246 0 104
4022700 0 105
4024175 0 105
4025608 0 105
4027165 0 105
4028598 0 106
4030155 0 104
4031568 0 105
4033083 0 105
4034496 0 105
4035909 0 105
4037425 0 105
4038961 0 106
4040394 0 104
4041889 0 105
4043425 0 105
4044982 0 105
4046415 0 106
4047890 0 104
4049385 0 105
4050798 0 105
4052232 0 106
4053727 0 104
4055140 0 105
4056532 0 106
4057945 0 104
4059481 0 105
4060976 0 105
4062390 0 105
4063864 0 105
4065257 0 106
4066813 0 104
4068226 0 105
4069680 0 105
4071196 0 106
4072629 0 104
4074186 0 105
4075599 0 105
4077053 0 105
4078487 0 105
4080002 0 105
4081456 0 106
4082931 0 104
4084344 0 105
4085757 0 105
4087211 0 106
4088665 0 104
4090058 0 105
4091593 0 106
4093088 0 104
4094645 0 105
4096038 0 106
4097533 0 104
4099048 0 105
4100584 0 106
4102079 0 104
4103595 0 105
4105130 0 105
4106626 0 105
4108059 0 105
4109513 0 105
4111029 0 105
4112483 0 106
4113896 0 104
4115309 0 105
4116783 0 106
4118197 0 104
4119671 0 105
4121187 0 105
4122682 0 105
4124074 0 106
4125487 0 104
4126880 0 105
4128416 0 105
4129952 0 105
4131365 0 105
4132921 0 105
4134375 0 105
4135870 0 106
4137365 0 104
4138819 0 105
4140335 0 106
4141850 0 104
4143366 0 105
4144779 0 105
4146213 0 105
4147667 0 105
4149080 0 106
4150595 0 104
4152029 0 105
4153462 0 106
4154896 0 104
4156350 0 105
