18662 0 5
20136 0 10
21561 0 3
23035 0 1
24533 0 8
26007 0 9
27531 0 1
29078 0 4
30528 0 6
32002 0 4
33402 0 14
34802 0 23
36202 0 28
37725 0 7
39273 0 18
40772 0 19
42270 0 21
43793 0 25
45292 0 2
46766 0 14
48289 0 24
49788 0 19
51237 0 25
52809 0 6
54259 0 17
55659 0 15
57108 0 20
58582 0 18
60105 0 20
61579 0 34
62955 0 2
64478 0 24
66026 0 15
67475 0 15
68998 0 35
70497 0 11
71922 0 21
73469 0 29
74919 0 4
76442 0 21
77891 0 34
79316 0 7
80815 0 21
82362 0 19
83886 0 19
85433 0 23
86858 0 17
88258 0 19
89781 0 14
91206 0 36
92729 0 2
94252 0 15
95800 0 22
97225 0 21
98699 0 15
100247 0 34
101745 0 4
103195 0 16
104644 0 19
106093 0 23
107641 0 13
109164 0 19
110638 0 28
112161 0 6
113635 0 14
115183 0 18
116731 0 22
118229 0 35
119654 0 1
121054 0 24
122602 0 15
124051 0 17
125476 0 13
126950 0 22
128424 0 15
129947 0 22
131397 0 33
132944 0 6
134443 0 16
135819 0 18
137342 0 21
138840 0 22
140290 0 13
141788 0 30
143262 0 1
144736 0 22
146259 0 20
147856 0 15
149355 0 13
150804 0 18
152327 0 23
153777 0 35
155251 0 12
156749 0 20
158248 0 34
159672 0 3
161220 0 18
162743 0 29
164193 0 9
165691 0 23
167239 0 21
168664 0 27
170089 0 11
171563 0 16
173061 0 17
174609 0 20
176156 0 34
177581 0 5
179055 0 19
180603 0 22
182102 0 29
183526 0 3
185074 0 19
186499 0 19
187924 0 16
189349 0 16
190798 0 21
192272 0 29
193795 0 1
195220 0 22
196718 0 22
198291 0 32
199789 0 6
201263 0 24
202762 0 22
204334 0 35
205783 0 10
207208 0 22
208658 0 23
210082 0 15
211556 0 24
213104 0 21
214578 0 34
215978 0 4
217379 0 21
218902 0 19
220400 0 21
221899 0 17
223324 0 35
224773 0 2
226272 0 22
227819 0 23
229244 0 27
230718 0 1
232217 0 22
233764 0 13
235238 0 20
236737 0 23
238285 0 33
239759 0 12
241257 0 18
242829 0 33
244254 0 12
245777 0 16
247227 0 22
248701 0 31
250175 0 4
251624 0 24
253049 0 34
254523 0 2
255899 0 23
257323 0 18
258847 0 16
260247 0 24
261770 0 26
263195 0 1
264620 0 23
266167 0 18
267592 0 33
269042 0 9
270638 0 13
272063 0 19
273537 0 18
275036 0 18
276559 0 14
277984 0 20
279556 0 31
281104 0 6
282627 0 16
284027 0 34
285525 0 11
286975 0 20
288449 0 15
289972 0 13
291471 0 25
292920 0 2
294345 0 19
295843 0 17
297317 0 22
298742 0 36
300290 0 9
301862 0 15
303361 0 18
304859 0 27
306333 0 9
307856 0 16
309330 0 21
310804 0 15
312254 0 19
313777 0 21
315324 0 13
316749 0 16
318297 0 28
319746 0 4
321269 0 13
322792 0 18
324266 0 28
325740 0 12
327165 0 23
328688 0 34
330089 0 6
331636 0 18
333110 0 30
334584 0 7
336083 0 20
337532 0 16
339055 0 20
340529 0 22
342102 0 13
343649 0 16
345050 0 28
346474 0 2
347998 0 21
349521 0 21
351068 0 19
352542 0 13
354065 0 26
355490 0 3
356915 0 23
358463 0 15
359937 0 18
361435 0 35
362983 0 4
364481 0 24
365980 0 28
367405 0 1
368879 0 13
370353 0 33
371900 0 2
373375 0 22
374799 0 28
376224 0 7
377723 0 17
379148 0 24
380671 0 15
382194 0 23
383643 0 33
385191 0 3
386714 0 13
388114 0 14
389514 0 13
391038 0 30
392536 0 12
394084 0 17
395558 0 23
397007 0 30
398432 0 12
399931 0 23
401380 0 13
402854 0 32
404402 0 6
405925 0 21
407448 0 27
408873 0 6
410322 0 15
411772 0 32
413319 0 7
414793 0 24
416218 0 32
417717 0 10
419264 0 19
420714 0 20
422188 0 23
423612 0 22
425111 0 23
426634 0 32
428108 0 1
429508 0 15
430982 0 16
432383 0 26
433758 0 3
435232 0 16
436682 0 18
438205 0 19
439728 0 35
441251 0 12
442799 0 15
444224 0 22
445747 0 18
447294 0 29
448793 0 9
450316 0 19
451790 0 18
453313 0 17
454713 0 21
456261 0 15
457686 0 36
459160 0 7
460683 0 21
462132 0 14
463631 0 14
465179 0 15
466653 0 33
468102 0 11
469601 0 14
471001 0 30
472426 0 1
473924 0 20
475447 0 31
476970 0 10
478469 0 22
480017 0 13
481540 0 13
482989 0 13
484389 0 15
485913 0 25
487436 0 6
489008 0 22
490531 0 35
491956 0 12
493479 0 14
494904 0 34
496403 0 11
497852 0 21
499375 0 20
500923 0 26
502347 0 8
503895 0 23
505369 0 29
506843 0 10
508317 0 22
509766 0 36
511265 0 3
512690 0 20
514188 0 18
515761 0 20
517284 0 20
518758 0 29
520182 0 4
521632 0 24
523180 0 13
524703 0 29
526078 0 11
527503 0 17
528977 0 22
530451 0 17
531925 0 19
533473 0 21
534922 0 29
536372 0 7
537846 0 13
539246 0 23
540769 0 18
542317 0 14
543840 0 16
545265 0 19
546788 0 13
548237 0 32
549662 0 4
551062 0 21
552487 0 23
553912 0 26
555361 0 8
556934 0 22
558506 0 15
559980 0 17
561478 0 15
563026 0 22
564475 0 19
566048 0 32
567497 0 9
568971 0 14
570470 0 32
571894 0 9
573393 0 23
574867 0 21
576390 0 21
577913 0 17
579363 0 22
580910 0 20
582433 0 14
583834 0 33
585259 0 11
586757 0 14
588256 0 15
589680 0 20
591130 0 17
592579 0 36
594127 0 2
595527 0 15
597075 0 25
598500 0 6
600047 0 24
601521 0 18
603045 0 23
604592 0 22
606042 0 20
607614 0 23
609063 0 26
610464 0 8
612060 0 22
613559 0 17
614984 0 16
616433 0 20
617883 0 15
619406 0 20
620831 0 15
622329 0 32
623729 0 10
625252 0 24
626751 0 27
628274 0 6
629699 0 14
631099 0 18
632598 0 20
634096 0 14
635570 0 23
637020 0 13
638567 0 28
640066 0 7
641614 0 21
643137 0 18
644611 0 16
646060 0 24
647583 0 16
649106 0 22
650654 0 36
652177 0 5
653676 0 21
655199 0 18
656771 0 14
658196 0 25
659743 0 5
661267 0 16
662667 0 15
664141 0 18
665639 0 31
667212 0 8
668808 0 14
670356 0 27
671781 0 9
673329 0 20
674925 0 15
676473 0 18
677947 0 26
679470 0 2
680969 0 18
682418 0 18
683843 0 27
685391 0 2
686889 0 18
688363 0 18
689862 0 14
691287 0 14
692785 0 32
694235 0 1
695635 0 16
697158 0 21
698681 0 15
700130 0 33
701580 0 11
703128 0 15
704552 0 26
706075 0 10
707599 0 17
709023 0 29
710497 0 8
711971 0 15
713421 0 31
714870 0 11
716344 0 18
717867 0 19
719292 0 20
720840 0 24
722387 0 20
723911 0 19
725458 0 18
726932 0 25
728455 0 2
729978 0 22
731428 0 25
732877 0 5
734425 0 13
735948 0 21
737520 0 15
739043 0 26
740567 0 5
742016 0 16
743441 0 36
744964 0 5
746413 0 18
747838 0 19
749386 0 20
750933 0 31
752506 0 5
753931 0 16
755405 0 30
756879 0 5
758279 0 20
759753 0 21
761178 0 19
762627 0 29
764076 0 9
765575 0 22
767098 0 17
768572 0 18
769997 0 29
771495 0 4
772920 0 13
774443 0 26
775868 0 6
777391 0 16
778816 0 16
780290 0 15
781789 0 15
783263 0 21
784761 0 13
786186 0 26
787685 0 9
789208 0 23
790755 0 35
792303 0 12
793802 0 19
795276 0 19
796700 0 24
798174 0 13
799698 0 14
801172 0 24
802596 0 30
803948 0 5
805421 0 23
806871 0 36
808345 0 9
809917 0 20
811514 0 31
812988 0 3
814462 0 19
815936 0 16
817459 0 22
818957 0 13
820358 0 18
821881 0 14
823306 0 31
824731 0 10
826155 0 22
827679 0 29
829054 0 9
830602 0 17
832125 0 25
833550 0 7
835122 0 15
836670 0 14
838095 0 24
839618 0 13
841092 0 24
842492 0 13
843966 0 32
845366 0 3
846816 0 17
848290 0 19
849788 0 30
851213 0 10
852662 0 24
854161 0 23
855660 0 30
857084 0 4
858509 0 20
860008 0 19
861531 0 15
862980 0 36
864430 0 3
865953 0 24
867378 0 13
868827 0 18
870350 0 19
871898 0 27
873323 0 1
874772 0 23
876197 0 27
877720 0 8
879169 0 16
880594 0 17
882068 0 20
883640 0 16
885114 0 18
886564 0 13
888112 0 26
889561 0 12
891059 0 17
892509 0 20
894081 0 14
895531 0 35
896980 0 9
898405 0 15
899928 0 17
901402 0 17
902950 0 18
904374 0 22
905947 0 22
907421 0 27
908968 0 5
910393 0 18
911867 0 15
913267 0 18
914692 0 32
916093 0 3
917542 0 24
918991 0 29
920539 0 3
922013 0 18
1193446 0 101
1194871 0 101
1196419 0 101
1197844 0 101
1199317 0 101
1200816 0 101
1202315 0 101
1203764 0 101
1205164 0 101
1206565 0 101
1208088 0 102
1209611 0 102
1211036 0 103
1212510 0 101
1214057 0 102
1215605 0 103
1217079 0 101
1218602 0 102
1220002 0 102
1221476 0 102
1222926 0 102
1224326 0 103
1225874 0 101
1227397 0 102
1228846 0 102
1230271 0 102
1231794 0 102
1233317 0 103
1234816 0 101
1236290 0 102
1237739 0 103
1239189 0 101
1240613 0 102
1242112 0 103
1243610 0 101
1245060 0 102
1246558 0 102
1247959 0 102
1249384 0 102
1250931 0 102
1252405 0 103
1253830 0 101
1255378 0 102
1256876 0 102
1258326 0 102
1259800 0 102
1261225 0 102
1262625 0 102
1264099 0 103
1265646 0 101
1267120 0 102
1268594 0 102
1270093 0 102
1271493 0 102
1273041 0 102
1274441 0 102
1275940 0 103
1277512 0 101
1278961 0 102
1280411 0 102
1281860 0 102
1283310 0 103
1284857 0 101
1286258 0 102
1287731 0 103
1289255 0 101
1290729 0 102
1292252 0 103
1293677 0 101
1295126 0 102
1296551 0 103
1298025 0 101
1299523 0 102
1301046 0 102
1302447 0 103
1303872 0 101
1305346 0 102
1306746 0 102
1308293 0 102
1309767 0 102
1311241 0 102
1312765 0 102
1314239 0 102
1315688 0 103
1317162 0 101
1318587 0 102
1319987 0 102
1321510 0 102
1322960 0 103
1324434 0 101
1325981 0 102
1327431 0 102
1328905 0 102
1330379 0 102
1331926 0 103
1333498 0 101
1334899 0 102
1336348 0 102
1337847 0 103
1339419 0 101
1340917 0 102
1342367 0 102
1343841 0 102
1345339 0 103
1346887 0 101
1348287 0 102
1349761 0 103
1351334 0 101
1352881 0 102
1354429 0 102
1355903 0 102
1357328 0 102
1358826 0 102
1360276 0 103
1361725 0 101
1363273 0 102
1364698 0 102
1366221 0 102
1367646 0 102
1369169 0 103
1370594 0 101
1372117 0 102
1373566 0 103
1375138 0 101
1376661 0 102
1378185 0 103
1379732 0 101
1381157 0 102
1382582 0 102
1383982 0 102
1385382 0 103
1386856 0 101
1388355 0 102
1389853 0 102
1391377 0 102
1392900 0 102
1394398 0 102
1395872 0 103
1397395 0 101
1398796 0 102
1400319 0 102
1401719 0 102
1403144 0 102
1404692 0 103
1406239 0 101
1407639 0 102
1409040 0 102
1410440 0 103
1411889 0 101
1413290 0 102
1414715 0 102
1416189 0 102
1417687 0 102
1419186 0 102
1420610 0 102
1422109 0 103
1423632 0 101
1425131 0 102
1426629 0 102
1428029 0 102
1429430 0 103
1430904 0 101
1432329 0 102
1433876 0 102
1435375 0 102
1436898 0 102
1438396 0 103
1439944 0 101
1441492 0 102
1442941 0 102
1444366 0 102
1445766 0 102
1447265 0 103
1448739 0 101
1450213 0 102
1451760 0 102
1453284 0 103
1454831 0 101
1456256 0 102
1457730 0 102
1459130 0 102
1460678 0 103
1462201 0 101
1463724 0 102
1465223 0 102
1466672 0 102
1468195 0 103
1469743 0 101
1471143 0 102
1472642 0 102
1474189 0 102
1475663 0 102
1477187 0 103
1478685 0 101
1480085 0 102
1481535 0 102
1482935 0 103
1484434 0 101
1485858 0 102
1487382 0 102
1488929 0 102
1490477 0 102
1491975 0 103
1493449 0 101
1494850 0 102
1496373 0 102
1497871 0 102
1499394 0 102
1500844 0 102
1502269 0 102
1503743 0 103
1505266 0 101
1506666 0 102
1508165 0 102
1509688 0 102
1511186 0 102
1512611 0 103
1514061 0 101
1515485 0 102
1516886 0 103
1518360 0 101
1519784 0 102
1521308 0 102
1522732 0 103
1524231 0 101
1525705 0 102
1527203 0 103
1528628 0 101
1530151 0 102
1531601 0 102
1533026 0 103
1534500 0 101
1535900 0 102
1537374 0 102
1538897 0 102
1540396 0 102
1541820 0 102
1543294 0 102
1544719 0 102
1546218 0 103
1547716 0 101
1549215 0 102
1550738 0 103
1552237 0 101
1553735 0 102
1555135 0 102
1556609 0 102
1558059 0 103
1559533 0 101
1560958 0 102
1562407 0 103
1563832 0 101
1565355 0 102
1566755 0 102
1568303 0 102
1569752 0 103
1571177 0 101
1572725 0 102
1574199 0 102
1575746 0 102
1577147 0 102
1578670 0 102
1580217 0 102
1581741 0 103
1583190 0 101
1584639 0 102
1586187 0 102
1587710 0 102
1589233 0 103
1590683 0 101
1592108 0 102
1593606 0 103
1595154 0 101
1596579 0 102
1598077 0 102
1599551 0 103
1601074 0 101
1602524 0 102
1603973 0 103
1605496 0 101
1607019 0 102
1608567 0 103
1610041 0 101
1611564 0 102
1612964 0 103
1614512 0 101
1615986 0 102
1617485 0 103
1618909 0 101
1620383 0 102
1621857 0 103
1623331 0 101
1624756 0 102
1626255 0 102
1627680 0 102
1629080 0 103
1630652 0 101
1632077 0 102
1633502 0 103
1634976 0 101
1636474 0 102
1637924 0 103
1639447 0 101
1640994 0 102
1642395 0 102
1643844 0 102
1645294 0 102
1646768 0 103
1648315 0 101
1649863 0 102
1651386 0 103
1652811 0 101
1654359 0 102
1655857 0 102
1657331 0 102
1658805 0 102
1660230 0 102
1661704 0 102
1663104 0 103
1664578 0 101
1666126 0 102
1667551 0 102
1669098 0 102
1670572 0 102
1672095 0 103
1673520 0 101
1674945 0 102
1676493 0 102
1678016 0 102
1679441 0 103
1680939 0 101
1682340 0 102
1683764 0 102
1685238 0 102
1686737 0 102
1688211 0 103
1689709 0 101
1691208 0 102
1692633 0 102
1694033 0 102
1695482 0 102
1697006 0 102
1698406 0 103
1699880 0 101
1701329 0 102
1702852 0 103
1704326 0 101
1705849 0 102
1707323 0 102
1708748 0 102
1710271 0 102
1711770 0 102
1713170 0 102
1714620 0 102
1716118 0 103
1717641 0 101
1719140 0 102
1720614 0 103
1722063 0 101
1723513 0 102
1724937 0 102
1726461 0 102
1727934 0 102
1729384 0 102
1730932 0 103
1732504 0 101
1734027 0 102
1735525 0 102
1737024 0 102
1738498 0 103
1740021 0 101
1741520 0 102
1742920 0 103
1744492 0 101
1746040 0 102
1747440 0 102
1748865 0 102
1750413 0 102
1751813 0 103
1753311 0 101
1754712 0 102
1756186 0 102
1757709 0 102
1759232 0 102
1760755 0 102
1762155 0 103
1763629 0 101
1765103 0 102
1766626 0 103
1768100 0 101
1769623 0 102
1771147 0 103
1772719 0 101
1774193 0 102
1775667 0 102
1777092 0 103
1778590 0 101
1780138 0 102
1781587 0 103
1783012 0 101
1784462 0 102
1785960 0 102
1787434 0 103
1788908 0 101
1790407 0 102
1791807 0 103
1793379 0 101
1794853 0 102
1796327 0 102
1797776 0 102
1799275 0 102
1800749 0 102
1802223 0 102
1803623 0 102
1805048 0 103
1806497 0 101
1807971 0 102
1809470 0 103
1810993 0 101
1812492 0 102
1813892 0 102
1815317 0 102
1816864 0 102
1818388 0 102
1819812 0 103
1821311 0 101
1822834 0 102
1824283 0 102
1825757 0 102
1827256 0 103
1828730 0 101
1830253 0 102
1831678 0 102
1833176 0 102
1834626 0 102
1836051 0 102
1837598 0 102
1839023 0 103
1840473 0 101
1841947 0 102
1843445 0 102
1844870 0 102
1846319 0 102
1847793 0 102
1849292 0 103
1850840 0 101
1852338 0 102
1853738 0 102
1855237 0 102
1856735 0 102
1858136 0 102
1859536 0 102
1860985 0 102
1862459 0 103
1864007 0 101
1865432 0 102
1866955 0 102
1868478 0 102
1869977 0 102
1871402 0 102
1872949 0 103
1874521 0 101
1875922 0 102
1877469 0 102
1878870 0 102
1880344 0 102
1881769 0 103
1883218 0 101
1884766 0 102
1886289 0 103
1887861 0 101
1889286 0 102
1890711 0 103
1892234 0 101
1893757 0 102
1895231 0 102
1896680 0 102
1898228 0 102
1899751 0 103
1901225 0 101
1902723 0 102
1904173 0 103
1905696 0 101
1907170 0 102
1908693 0 102
1910167 0 102
1911690 0 102
1913115 0 102
1914614 0 103
1916038 0 101
1917488 0 102
1918986 0 102
1920509 0 102
1922008 0 103
1923482 0 101
1925030 0 102
1926577 0 102
1928125 0 102
1929648 0 102
1931073 0 103
1932498 0 101
1934046 0 102
1935544 0 103
1937092 0 101
1938566 0 102
1940064 0 103
1941514 0 101
1943012 0 102
1944437 0 102
1945837 0 102
1947262 0 102
1948810 0 102
1950210 0 102
1951709 0 103
1953281 0 101
1954829 0 102
1956253 0 103
1957703 0 101
1959250 0 102
1960774 0 102
1962248 0 103
1963771 0 101
1965220 0 102
1966620 0 102
1968045 0 102
1969445 0 102
1970919 0 102
1972418 0 103
1973867 0 101
1975341 0 102
1976889 0 102
1978412 0 103
1979960 0 101
1981385 0 102
1982883 0 102
1984284 0 102
1985684 0 103
1987158 0 101
1988632 0 102
1990057 0 102
1991604 0 102
1993078 0 102
1994626 0 102
1996124 0 102
1997672 0 103
1999195 0 101
2000620 0 102
2002020 0 103
2003445 0 101
2004895 0 102
2006442 0 102
2007965 0 102
2009390 0 102
2010913 0 102
2012338 0 103
2013788 0 101
2015286 0 102
2016736 0 103
2018210 0 101
2019610 0 102
2021157 0 102
2022558 0 102
2024056 0 102
2025457 0 103
2026881 0 101
2028306 0 102
2029707 0 102
2031107 0 102
2032581 0 102
2034079 0 103
2035602 0 101
2037003 0 102
2038403 0 103
2039975 0 101
2041498 0 102
2043021 0 102
2044520 0 102
2045969 0 102
2047468 0 102
2048868 0 103
2050416 0 101
2051816 0 102
2053216 0 103
2054740 0 101
2056189 0 102
2057638 0 102
2059063 0 102
2060586 0 102
2062134 0 102
2063583 0 103
2065107 0 101
2066654 0 102
2068128 0 103
2069676 0 101
2071175 0 102
2072698 0 102
2074147 0 103
2075645 0 101
2077046 0 102
2078569 0 102
2080043 0 103
2081517 0 101
2082966 0 102
2084440 0 102
2085865 0 102
2087388 0 102
2088838 0 102
2090336 0 103
2091761 0 101
2093210 0 102
2129176 0 46
2130626 0 45
2132149 0 37
2133672 0 40
2135195 0 40
2136743 0 39
2138241 0 47
2139764 0 47
2141263 0 46
2142762 0 41
2144309 0 55
2145783 0 58
2147306 0 65
2148830 0 41
2150254 0 58
2151728 0 72
2153276 0 45
2154774 0 57
2156347 0 63
2157821 0 42
2159246 0 51
2160793 0 49
2162292 0 60
2163790 0 64
2165215 0 37
2166714 0 53
2168261 0 60
2169760 0 55
2171258 0 56
2172732 0 63
2174231 0 38
2175779 0 49
2177253 0 49
2178776 0 55
2180274 0 56
2181797 0 54
2183198 0 61
2184721 0 47
2186268 0 54
2187669 0 59
2189143 0 49
2190568 0 52
2192017 0 68
2193589 0 45
2195161 0 53
2196611 0 62
2198036 0 37
2199559 0 58
2201082 0 57
2202679 0 57
2204177 0 53
2205627 0 58
2207199 0 54
2208722 0 55
2210245 0 64
2211768 0 38
2213193 0 54
2214765 0 51
2216313 0 53
2217787 0 56
2219236 0 60
2220759 0 49
2222209 0 50
2223781 0 72
2225181 0 47
2226606 0 51
2228080 0 71
2229603 0 43
2231028 0 54
2232478 0 72
2233976 0 37
2235475 0 58
2237047 0 56
2238496 0 69
2239946 0 42
2241420 0 57
2242992 0 71
2244441 0 47
2245891 0 53
2247316 0 54
2248814 0 59
2250288 0 61
2251713 0 38
2253162 0 52
2254636 0 59
2256184 0 67
2257683 0 44
2259181 0 54
2260729 0 59
2262154 0 54
2263628 0 49
2265052 0 63
2266551 0 44
2268074 0 59
2269646 0 49
2271096 0 50
2272594 0 50
2274093 0 65
2275616 0 39
2277090 0 49
2278638 0 54
2280136 0 60
2281684 0 59
2283231 0 52
2284681 0 67
2286130 0 48
2287678 0 59
2289177 0 66
2290626 0 41
2292100 0 54
2293500 0 55
2295048 0 54
2296596 0 49
2298094 0 55
2299519 0 52
2300993 0 60
2302418 0 67
2303843 0 37
2305267 0 50
2306741 0 59
2308289 0 52
2309812 0 56
2311237 0 53
2312711 0 54
2314185 0 65
2315733 0 44
2317158 0 54
2318607 0 54
2320105 0 55
2321604 0 53
2323176 0 49
2324601 0 61
2326075 0 46
2327524 0 58
2328974 0 50
2330497 0 58
2332020 0 71
2333519 0 41
2334993 0 52
2336467 0 49
2338014 0 51
2339439 0 66
2340913 0 48
2342485 0 60
2344008 0 57
2345458 0 59
2346907 0 58
2348455 0 50
2349880 0 57
2351305 0 58
2352803 0 67
2354228 0 47
2355653 0 54
2357201 0 52
2358625 0 50
2360198 0 62
2361721 0 40
2363268 0 57
2364792 0 54
2366192 0 66
2367666 0 48
2369091 0 57
2370540 0 54
2371989 0 50
2373414 0 57
2374962 0 50
2376362 0 63
2377934 0 46
2379482 0 57
2380981 0 60
2382528 0 58
2384101 0 50
2385673 0 56
2387196 0 61
2388744 0 39
2390193 0 57
2391741 0 58
2393190 0 53
2394640 0 63
2396187 0 41
2397637 0 60
2399184 0 72
2400732 0 43
2402304 0 55
2403827 0 59
2405350 0 57
2406849 0 72
2408249 0 45
2409821 0 53
2411271 0 52
2412843 0 70
2414219 0 45
2415693 0 55
2417191 0 60
2418690 0 54
2420238 0 60
2421662 0 56
2423112 0 68
2424610 0 38
2426035 0 54
2427460 0 49
2429032 0 59
2430580 0 53
2432103 0 52
2433528 0 62
2435026 0 42
2436476 0 52
2437950 0 58
2439375 0 53
2440849 0 55
2442298 0 57
2443723 0 64
2445148 0 42
2446695 0 49
2448219 0 57
2449717 0 54
2451265 0 54
2452763 0 52
2454336 0 70
2455859 0 37
2457308 0 49
2458831 0 63
2460354 0 40
2461853 0 54
2463278 0 69
2464801 0 48
2466250 0 53
2467773 0 57
2469272 0 51
2470820 0 72
2472343 0 45
2473890 0 49
2475340 0 49
2476887 0 60
2478411 0 52
2479934 0 68
2481383 0 48
2482808 0 57
2484282 0 60
2485780 0 52
2487254 0 55
2488704 0 51
2490129 0 70
2491504 0 38
2493003 0 50
2494551 0 60
2496025 0 53
2497449 0 57
2498972 0 65
2500397 0 37
2501847 0 57
2503296 0 65
2504770 0 37
2506269 0 53
2507841 0 52
2509290 0 55
2510813 0 51
2512361 0 66
2513860 0 45
2515309 0 52
2516734 0 64
2518159 0 42
2519559 0 58
2521131 0 64
2522581 0 45
2524104 0 53
2525578 0 49
2527052 0 53
2528624 0 64
2530122 0 40
2531670 0 55
2533095 0 52
2534520 0 50
2535945 0 55
2537419 0 56
2538868 0 56
2540318 0 63
2541841 0 38
2543265 0 50
2544739 0 49
2546213 0 70
2547614 0 48
2549063 0 50
2550611 0 67
2552134 0 48
2553608 0 52
2555106 0 59
2556556 0 63
2557981 0 48
2559528 0 50
2561051 0 50
2562525 0 60
2563950 0 50
2565473 0 63
2566898 0 44
2568446 0 53
2570018 0 61
2571517 0 40
2573015 0 51
2574587 0 66
2576111 0 41
2577683 0 50
2579255 0 54
2580778 0 66
2582203 0 42
2583652 0 55
2585151 0 64
2586699 0 46
2588197 0 54
2589769 0 62
2591243 0 44
2592816 0 53
2594363 0 57
2595788 0 52
2597213 0 63
2598785 0 46
2600357 0 55
2601856 0 55
2603305 0 49
2604853 0 59
2606425 0 50
2607826 0 61
2609300 0 41
2610749 0 60
2612223 0 50
2613623 0 59
2615097 0 54
2616571 0 62
2618094 0 47
2619617 0 59
2621042 0 49
2622443 0 58
2624015 0 51
2625562 0 59
2627086 0 66
2628584 0 40
2630132 0 52
2631557 0 59
2632981 0 67
2634406 0 43
2635856 0 49
2637379 0 59
2638804 0 54
2640351 0 72
2641874 0 38
2643299 0 58
2644749 0 70
2646100 0 41
2647525 0 60
2648999 0 49
2650448 0 68
2651898 0 38
2653322 0 49
2654796 0 60
2656221 0 56
2657793 0 53
2659194 0 56
2660692 0 55
2662166 0 49
2663738 0 70
2665163 0 39
2666637 0 50
2668062 0 58
2669585 0 51
2671084 0 60
2672558 0 49
2674007 0 61
2675407 0 48
2676881 0 58
2678405 0 72
2679829 0 42
2681377 0 56
2682802 0 59
2684300 0 53
2685701 0 70
2687076 0 48
2688526 0 60
2690073 0 64
2691597 0 37
2693071 0 56
2694594 0 59
2696166 0 68
2697566 0 46
2699016 0 53
2700514 0 55
2702062 0 63
2703536 0 39
2705010 0 55
2706508 0 49
2708031 0 49
2709481 0 54
2710979 0 61
2712429 0 47
2713903 0 50
2715450 0 53
2716974 0 49
2718398 0 68
2719872 0 41
2721346 0 49
2722820 0 54
2724270 0 54
2725817 0 50
2727365 0 54
2728888 0 58
2730313 0 67
2731861 0 48
2733261 0 55
2734735 0 58
2736307 0 51
2737732 0 54
2739231 0 60
2740655 0 60
2742203 0 71
2743603 0 43
2745176 0 55
2746650 0 53
2748074 0 60
2749524 0 59
2750998 0 63
2752496 0 44
2754069 0 58
2755543 0 55
2756967 0 52
2758491 0 61
2760063 0 45
2761586 0 52
2763134 0 66
2764583 0 38
2766131 0 52
2767654 0 61
2769152 0 39
2770651 0 57
2772223 0 65
2773648 0 46
2775122 0 58
2776547 0 72
2778070 0 45
2779544 0 58
2781018 0 58
2782615 0 52
2784138 0 49
2785636 0 58
2787110 0 52
2788609 0 67
2790034 0 42
2791606 0 60
2793031 0 72
2794529 0 39
2796028 0 50
2797502 0 57
2798976 0 68
2800499 0 46
2801924 0 50
2803422 0 58
2804872 0 60
2806321 0 52
2807746 0 66
2809244 0 37
2810669 0 56
2812094 0 65
2813617 0 42
2815140 0 49
2816565 0 52
2818039 0 71
2819513 0 47
2820913 0 49
2822437 0 66
2823911 0 44
2825360 0 54
2826883 0 53
2828332 0 60
2829880 0 50
2831403 0 57
2832951 0 51
2834376 0 64
2835899 0 40
2837348 0 55
2838847 0 72
2840345 0 43
2841868 0 55
2843416 0 70
2844841 0 45
2846266 0 56
2847789 0 52
2849238 0 63
2850688 0 47
2852235 0 49
2853709 0 49
2855208 0 61
2856756 0 43
2858303 0 58
2859900 0 70
2861325 0 38
2862873 0 53
2864297 0 54
2865771 0 55
2867295 0 54
2868744 0 57
2870316 0 57
2871815 0 64
2873264 0 45
2874787 0 60
2876286 0 57
2877833 0 55
2879357 0 54
2880880 0 66
2882378 0 46
2883828 0 49
2885277 0 68
2886751 0 45
2888274 0 56
2889846 0 64
2891369 0 45
2892868 0 57
2894342 0 50
2895890 0 66
2897462 0 45
2899034 0 60
2900508 0 56
2901958 0 59
2903407 0 52
2904856 0 49
2906306 0 53
2907780 0 71
2909229 0 45
2910801 0 57
2912300 0 54
2913823 0 58
2915297 0 53
2916746 0 55
2918220 0 63
2919719 0 47
2921218 0 60
2922642 0 59
2924067 0 56
2925639 0 56
2927138 0 58
2928587 0 55
2930012 0 71
2931413 0 44
2932985 0 58
2934582 0 52
2936080 0 53
2937505 0 65
2938954 0 45
2940428 0 58
2941878 0 60
2943376 0 64
2944801 0 47
2946349 0 54
2947897 0 52
2949395 0 71
2950918 0 42
2952368 0 49
2953891 0 59
2955438 0 60
2956863 0 61
2958386 0 42
2959959 0 52
2961531 0 69
2963103 0 38
2964528 0 49
2966076 0 61
2967525 0 45
2968974 0 51
2970448 0 61
2971922 0 44
2973421 0 52
2974919 0 50
2976467 0 55
2978015 0 67
2979440 0 47
2980864 0 54
2982388 0 53
2983911 0 59
2985434 0 54
2986957 0 63
2988505 0 41
2989954 0 50
2991502 0 53
2993074 0 66
2994548 0 38
2996120 0 53
2997619 0 71
2999166 0 39
3000640 0 54
3002139 0 58
3003736 0 57
3005234 0 68
3006733 0 46
3008256 0 59
3009779 0 50
3011351 0 58
3012874 0 60
3014299 0 71
3015773 0 37
3017198 0 53
3018623 0 70
3020048 0 40
3021472 0 52
3023020 0 59
3024519 0 59
3025944 0 59
3027368 0 60
3028891 0 67
3030439 0 42
3031987 0 52
3033412 0 51
3034837 0 58
3036286 0 53
3052470 0 104
3053944 0 104
3055344 0 104
3056818 0 104
3058366 0 104
3059815 0 104
3061363 0 104
3062788 0 104
3064237 0 104
3065687 0 104
3067234 0 105
3068659 0 105
3070158 0 106
3071656 0 104
3073179 0 105
3074678 0 105
3076103 0 105
3077552 0 106
3079100 0 104
3080525 0 105
3081999 0 105
3083546 0 105
3085069 0 105
3086617 0 105
3088017 0 106
3089565 0 104
3091088 0 105
3092562 0 105
3093962 0 106
3095535 0 104
3097082 0 105
3098507 0 105
3099956 0 106
3101381 0 104
3102929 0 105
3104403 0 106
3105877 0 104
3107425 0 105
3108948 0 106
3110422 0 104
3111822 0 105
3113370 0 105
3114770 0 105
3116244 0 105
3117693 0 106
3119143 0 104
3120568 0 105
3122091 0 105
3123516 0 105
3125014 0 106
3126439 0 104
3127864 0 105
3129313 0 106
3130812 0 104
3132359 0 105
3133932 0 105
3135332 0 105
3136781 0 106
3138304 0 104
3139705 0 105
3141203 0 105
3142604 0 105
3144078 0 106
3145478 0 104
3146927 0 105
3148377 0 105
3149801 0 105
3151226 0 105
3152749 0 105
3154199 0 106
3155673 0 104
3157122 0 105
3158572 0 105
3160070 0 105
3161470 0 105
3163018 0 106
3164468 0 104
3166015 0 105
3167440 0 106
3169012 0 104
3170462 0 105
3171887 0 105
3173385 0 105
3174859 0 105
3176333 0 105
3177856 0 106
3179355 0 104
3180902 0 105
3182450 0 106
3183924 0 104
3185373 0 105
3186798 0 105
3188272 0 106
3189746 0 104
3191294 0 105
3192743 0 106
3194242 0 104
3195667 0 105
3197239 0 105
3198639 0 105
3200138 0 105
3201685 0 105
3203209 0 106
3204633 0 104
3206034 0 105
3207532 0 105
3209006 0 106
3210554 0 104
3212102 0 105
3213625 0 106
3215099 0 104
3216548 0 105
3218047 0 105
3219594 0 105
3221068 0 105
3222493 0 105
3223893 0 106
3225343 0 104
3226841 0 105
3228340 0 105
3229863 0 105
3231288 0 105
3232762 0 106
3234162 0 104
3235661 0 105
3237085 0 106
3238609 0 104
3240033 0 105
3241434 0 106
3242957 0 104
3244504 0 105
3245905 0 106
3247403 0 104
3248877 0 105
3250400 0 105
3251850 0 105
3253397 0 105
3254896 0 106
3256444 0 104
3257942 0 105
3259490 0 106
3260964 0 104
3262462 0 105
3264010 0 105
3265558 0 106
3267105 0 104
3268653 0 105
3270127 0 105
3271601 0 106
3273124 0 104
3274598 0 105
3276023 0 106
3277472 0 104
3278897 0 105
3280396 0 105
3281894 0 105
3283295 0 105
3284818 0 105
3286267 0 106
3287815 0 104
3289313 0 105
3290763 0 105
3292335 0 105
3293883 0 106
3295332 0 104
3296831 0 105
3298305 0 105
3299729 0 105
3301203 0 105
3302628 0 105
3304053 0 106
3305478 0 104
3307026 0 105
3308475 0 106
3309924 0 104
3311423 0 105
3312823 0 106
3314322 0 104
3315869 0 105
3317270 0 105
3318793 0 105
3320218 0 106
3321765 0 104
3323239 0 105
3324762 0 105
3326236 0 105
3327637 0 106
3329184 0 104
3330707 0 105
3332255 0 105
3333680 0 105
3335228 0 105
3336726 0 106
3338176 0 104
3339625 0 105
3341074 0 106
3342573 0 104
3344047 0 105
3345570 0 105
3347118 0 105
3348616 0 105
3350066 0 105
3351540 0 106
3353014 0 104
3354537 0 105
3356011 0 105
3357534 0 105
3358983 0 106
3360408 0 104
3361808 0 105
3363209 0 105
3364658 0 105
3366181 0 105
3367729 0 105
3369154 0 106
3370726 0 104
3372249 0 105
3373748 0 105
3375320 0 105
3376818 0 106
3378243 0 104
3379742 0 105
3381240 0 105
3382813 0 105
3384237 0 106
3385736 0 104
3387210 0 105
3388684 0 105
3390182 0 105
3391583 0 105
3393106 0 105
3394604 0 106
3396005 0 104
3397429 0 105
3398903 0 106
3400328 0 104
3401827 0 105
3403325 0 105
3404873 0 106
3406421 0 104
3407870 0 105
3409270 0 105
3410744 0 105
3412145 0 105
3413619 0 106
3415093 0 104
3416616 0 105
3418065 0 106
3419613 0 104
3421136 0 105
3422684 0 105
3424084 0 106
3425558 0 104
3427081 0 105
3428579 0 105
3430103 0 105
3431626 0 106
3433124 0 104
3434549 0 105
3435974 0 105
3437423 0 105
3438971 0 106
3440396 0 104
3441944 0 105
3443491 0 105
3444965 0 105
3446365 0 106
3447913 0 104
3449387 0 105
3450935 0 105
3452507 0 105
3454006 0 105
3455430 0 106
3456880 0 104
3458305 0 105
3459754 0 105
3461179 0 105
3462677 0 105
3464078 0 105
3465625 0 106
3467075 0 104
3468647 0 105
3470170 0 105
3471620 0 105
3473143 0 105
3474690 0 105
3476189 0 106
3477663 0 104
3479211 0 105
3480734 0 105
3482232 0 105
3483657 0 105
3485131 0 106
3486580 0 104
3488079 0 105
3489504 0 105
3491027 0 105
3492427 0 105
3493926 0 105
3495424 0 106
3496972 0 104
3498471 0 105
3500018 0 105
3501541 0 105
3503040 0 105
3504563 0 106
3506086 0 104
3507609 0 105
3509132 0 105
3510582 0 105
3512129 0 105
3513603 0 105
3515151 0 105
3516576 0 106
3518124 0 104
3519598 0 105
3520998 0 105
3522545 0 105
3523970 0 105
3525518 0 106
3526967 0 104
3528392 0 105
3529817 0 105
3531316 0 106
3532839 0 104
3534264 0 105
3535738 0 105
3537236 0 105
3538661 0 105
3540135 0 105
3541683 0 105
3543230 0 106
3544655 0 104
3546105 0 105
3547628 0 105
3549052 0 105
3550526 0 106
3551951 0 104
3553499 0 105
3555022 0 105
3556496 0 105
3557896 0 105
3559297 0 105
3560771 0 106
3562269 0 104
3563792 0 105
3565266 0 105
3566765 0 105
3568190 0 105
3569737 0 105
3571236 0 106
3572661 0 104
3574208 0 105
3575707 0 106
3577132 0 104
3578606 0 105
3580080 0 105
3581529 0 106
3582978 0 104
3584502 0 105
3585926 0 106
3587450 0 104
3588924 0 105
3590373 0 106
3591921 0 104
3593370 0 105
3594893 0 105
3596318 0 105
3597841 0 105
3599364 0 105
3600887 0 105
3602386 0 106
3603835 0 104
3605309 0 105
3606759 0 106
3608159 0 104
3609633 0 105
3611181 0 105
3612581 0 105
3614055 0 105
3615553 0 105
3616978 0 105
3618452 0 105
3619926 0 106
3621400 0 104
3622972 0 105
3624471 0 105
3625945 0 105
3627419 0 106
3628942 0 104
3630490 0 105
3631964 0 105
3633462 0 105
3634887 0 105
3636312 0 105
3637860 0 105
3639334 0 106
3640881 0 104
3642306 0 105
3643829 0 105
3645229 0 105
3646777 0 105
3648300 0 105
3649750 0 106
3651248 0 104
3652771 0 105
3654172 0 105
3655719 0 105
3657144 0 105
3658544 0 106
3660092 0 104
3661615 0 105
3663015 0 106
3664489 0 104
3665939 0 105
3667388 0 106
3668862 0 104
3670312 0 105
3671761 0 105
3673333 0 105
3674783 0 106
3676207 0 104
3677780 0 105
3679254 0 106
3680801 0 104
3682202 0 105
3683676 0 106
3685076 0 104
3686501 0 105
3688024 0 105
3689522 0 105
3690923 0 105
3692446 0 106
3693871 0 104
3695418 0 105
3696966 0 106
3698391 0 104
3699889 0 105
3701388 0 105
3702960 0 105
3704410 0 106
3705908 0 104
3707382 0 105
3708831 0 106
3710305 0 104
3711779 0 105
3713229 0 105
3714727 0 106
3716201 0 104
3717651 0 105
3719198 0 106
3720722 0 104
3722196 0 105
3723596 0 105
3725021 0 105
3726519 0 105
3727919 0 106
3729393 0 104
3730818 0 105
3732292 0 105
3733717 0 105
3735142 0 106
3736641 0 104
3738114 0 105
3739564 0 105
3741062 0 105
3742586 0 105
3744084 0 105
3745484 0 105
3746909 0 106
3748334 0 104
3749808 0 105
3751307 0 106
3752854 0 104
3754353 0 105
3755851 0 105
3757252 0 105
3758750 0 106
3760273 0 104
3761698 0 105
3763246 0 105
3764769 0 105
3766267 0 106
3767840 0 104
3769289 0 105
3770788 0 105
3772311 0 105
3773785 0 105
3775185 0 105
3776634 0 106
3778182 0 104
3779607 0 105
3781130 0 105
3782629 0 106
3784053 0 104
3785454 0 105
3786879 0 105
3788279 0 105
3789851 0 105
3791300 0 105
3792750 0 105
3794150 0 105
3795624 0 106
3797049 0 104
3798621 0 105
3800046 0 105
3801594 0 105
3803141 0 105
3804689 0 105
3806237 0 105
3807784 0 106
3809209 0 104
3810659 0 105
3812108 0 105
3813656 0 105
3815105 0 105
3816555 0 105
3818053 0 105
3819576 0 105
3821026 0 106
3822450 0 104
3823974 0 105
3825448 0 105
3826897 0 105
3828346 0 106
3829796 0 104
3831294 0 105
3832793 0 105
3834341 0 105
3835741 0 106
3837239 0 104
3838738 0 105
3840138 0 106
3841637 0 104
3843111 0 105
3844609 0 105
3846083 0 105
3847508 0 105
3849080 0 105
3850628 0 106
3852102 0 104
3853527 0 105
3854952 0 106
3856426 0 104
3857949 0 105
3859496 0 105
3861044 0 105
3862543 0 105
3864066 0 105
3865589 0 106
3867087 0 104
3868488 0 105
3870035 0 106
3871534 0 104
3872959 0 105
3874457 0 105
3875980 0 105
3877528 0 105
3878928 0 105
3880378 0 105
3881925 0 106
3883473 0 104
3885021 0 105
3886519 0 105
3887944 0 105
3889492 0 105
3891015 0 105
3892489 0 105
3893963 0 106
3895388 0 104
3896813 0 105
3898237 0 106
3899687 0 104
3901210 0 105
3902758 0 105
3904232 0 106
3905730 0 104
3907229 0 105
3908703 0 105
3910201 0 106
3911749 0 104
3913272 0 105
3914697 0 106
3916122 0 104
3917571 0 105
3919119 0 105
3920519 0 106
3922067 0 104
3923614 0 105
3925137 0 106
3926685 0 104
3928110 0 105
3929584 0 106
3930984 0 104
3932532 0 105
3933981 0 106
3935480 0 104
3936978 0 105
3938526 0 106
3939926 0 104
3941425 0 105
3942825 0 105
3944250 0 105
3945650 0 106
3947075 0 104
3948598 0 105
3950146 0 105
3951595 0 105
3953094 0 105
3954617 0 105
