30065 0 5
31612 0 1
33037 0 10
34609 0 4
36059 0 12
37557 0 5
39080 0 7
40628 0 7
42151 0 8
43625 0 6
45173 0 17
46647 0 22
48219 0 14
49718 0 29
51241 0 8
52715 0 17
54238 0 25
55736 0 11
57235 0 15
58733 0 24
60281 0 18
61755 0 19
63254 0 26
64654 0 9
66079 0 23
67553 0 31
69100 0 11
70550 0 13
72073 0 14
73449 0 17
74898 0 18
76372 0 17
77821 0 28
79295 0 4
80696 0 21
82219 0 28
83742 0 5
85191 0 13
86690 0 15
88139 0 17
89539 0 23
90989 0 16
92512 0 22
94084 0 26
95607 0 8
97180 0 21
98776 0 29
100300 0 3
101823 0 17
103370 0 30
104893 0 10
106392 0 16
107768 0 19
109340 0 24
110863 0 14
112386 0 20
113934 0 24
115359 0 19
116931 0 36
118356 0 10
119830 0 17
121304 0 23
122851 0 30
124276 0 9
125775 0 16
127175 0 32
128575 0 3
129976 0 23
131425 0 20
132973 0 16
134496 0 27
135970 0 7
137468 0 24
139016 0 30
140515 0 1
141939 0 23
143413 0 32
144887 0 1
146361 0 19
147884 0 26
149358 0 7
150931 0 23
152454 0 33
153879 0 2
155328 0 23
156777 0 33
158202 0 11
159652 0 23
161101 0 21
162526 0 15
163951 0 20
165449 0 34
166874 0 6
168373 0 23
169871 0 16
171370 0 33
172917 0 9
174490 0 15
175988 0 16
177511 0 16
179059 0 15
180508 0 36
182032 0 11
183604 0 19
185078 0 16
186552 0 16
188026 0 20
189573 0 36
191121 0 4
192620 0 14
194044 0 13
195494 0 13
196894 0 24
198368 0 28
199916 0 3
201463 0 14
202962 0 21
204436 0 19
205984 0 14
207433 0 13
208907 0 29
210381 0 8
211880 0 14
213427 0 31
214950 0 9
216424 0 20
217874 0 24
219299 0 13
220797 0 21
222246 0 13
223647 0 25
225170 0 9
226619 0 13
228044 0 21
229469 0 30
230943 0 2
232491 0 15
233915 0 35
235463 0 3
236986 0 18
238534 0 32
239959 0 4
241482 0 22
242980 0 29
244430 0 1
245978 0 20
247476 0 17
248901 0 17
250375 0 19
251923 0 25
253347 0 8
254944 0 15
256418 0 23
257917 0 17
259415 0 32
260816 0 3
262339 0 19
263837 0 21
265311 0 21
266761 0 13
268284 0 15
269709 0 32
271109 0 1
272656 0 14
274081 0 18
275555 0 21
277029 0 17
278528 0 19
280002 0 14
281500 0 21
283024 0 28
284448 0 11
285898 0 13
287347 0 30
288723 0 3
290172 0 16
291671 0 16
293194 0 14
294668 0 23
296191 0 20
297714 0 28
299164 0 8
300687 0 22
302210 0 21
303757 0 24
305281 0 14
306705 0 15
308179 0 25
309702 0 4
311103 0 20
312700 0 13
314124 0 13
315525 0 13
317048 0 35
318448 0 4
319947 0 15
321347 0 35
322895 0 11
324418 0 16
325793 0 18
327366 0 20
328889 0 21
330461 0 16
331886 0 33
333360 0 8
334809 0 17
336234 0 17
337634 0 14
339059 0 14
340484 0 18
341909 0 25
343457 0 7
345029 0 15
346552 0 27
348026 0 9
349598 0 18
351097 0 35
352620 0 11
354143 0 21
355641 0 30
357140 0 12
358688 0 21
360186 0 19
361734 0 22
363159 0 16
364559 0 13
366057 0 16
367531 0 14
368981 0 30
370357 0 2
371904 0 22
373452 0 19
375024 0 20
376474 0 23
377997 0 26
379471 0 10
381018 0 17
382468 0 16
383917 0 30
385391 0 7
386890 0 24
388364 0 15
389788 0 29
391287 0 4
392687 0 19
394210 0 34
395709 0 7
397232 0 17
398706 0 19
400278 0 35
401801 0 7
403349 0 21
404774 0 18
406272 0 17
407771 0 26
409294 0 3
410694 0 22
412267 0 18
413691 0 17
415141 0 22
416615 0 22
418089 0 35
419563 0 12
421111 0 17
422560 0 24
424083 0 23
425582 0 18
427105 0 19
428652 0 16
430077 0 29
431527 0 9
433099 0 14
434499 0 14
435998 0 33
437545 0 10
439044 0 14
440518 0 20
442066 0 13
443539 0 21
445013 0 15
446414 0 36
447962 0 6
449485 0 14
450909 0 16
452408 0 20
453980 0 24
455454 0 34
456904 0 11
458353 0 24
459802 0 16
461301 0 14
462775 0 22
464200 0 36
465625 0 4
467123 0 15
468646 0 33
470120 0 2
471570 0 17
473117 0 22
474616 0 31
476114 0 1
477564 0 19
479013 0 14
480536 0 29
482010 0 12
483435 0 17
484885 0 35
486309 0 7
487832 0 21
489306 0 29
490830 0 1
492230 0 13
493753 0 19
495301 0 24
496775 0 23
498273 0 32
499747 0 8
501319 0 18
502769 0 18
504292 0 19
505840 0 24
507264 0 18
508812 0 29
510286 0 8
511858 0 19
513381 0 17
514905 0 22
516501 0 13
518049 0 20
519572 0 13
521071 0 30
522545 0 6
524092 0 18
525542 0 19
526991 0 19
528539 0 17
530037 0 19
531511 0 18
533034 0 29
534558 0 8
536056 0 22
537506 0 32
538906 0 5
540429 0 21
541977 0 19
543500 0 31
544925 0 6
546497 0 23
547922 0 30
549297 0 2
550796 0 15
552221 0 26
553744 0 2
555291 0 18
556864 0 24
558411 0 18
559910 0 14
561433 0 33
562858 0 1
564406 0 15
565953 0 18
567525 0 14
569024 0 18
570572 0 14
572046 0 13
573569 0 33
575092 0 5
576492 0 21
577917 0 16
579366 0 32
580914 0 9
582462 0 24
583911 0 21
585361 0 35
586761 0 9
588284 0 22
589832 0 24
591330 0 19
592878 0 16
594278 0 22
595728 0 19
597152 0 30
598553 0 8
600076 0 15
601550 0 21
603073 0 16
604498 0 13
605923 0 34
607446 0 12
608871 0 22
610345 0 23
611745 0 24
613170 0 29
614693 0 8
616265 0 23
617764 0 23
619336 0 20
620859 0 23
622308 0 16
623831 0 30
625207 0 7
626681 0 15
628229 0 24
629703 0 17
631152 0 29
632577 0 4
633977 0 16
635427 0 14
636827 0 19
638276 0 20
639873 0 28
641298 0 8
642747 0 20
644344 0 21
645867 0 13
647415 0 24
648914 0 18
650363 0 19
651911 0 36
653483 0 3
655006 0 20
656578 0 36
658150 0 1
659624 0 15
661049 0 27
662597 0 2
664046 0 14
665447 0 19
666945 0 20
668468 0 23
669893 0 13
671416 0 24
672939 0 31
674389 0 12
675912 0 21
677386 0 18
678860 0 17
680408 0 23
681955 0 23
683503 0 22
684977 0 33
686377 0 11
687777 0 24
689276 0 18
690701 0 31
692175 0 10
693723 0 22
695221 0 15
696744 0 16
698169 0 27
699618 0 4
701141 0 22
702665 0 34
704065 0 11
705490 0 24
707037 0 23
708511 0 16
710010 0 25
711508 0 6
713007 0 21
714456 0 30
715930 0 5
717355 0 18
718805 0 13
720205 0 22
721703 0 30
723177 0 2
724676 0 15
726150 0 21
727698 0 15
729147 0 33
730646 0 3
732144 0 18
733593 0 26
734994 0 12
736394 0 20
737991 0 30
739391 0 3
740791 0 20
742241 0 22
743789 0 22
745336 0 28
746884 0 9
748382 0 16
749881 0 27
751404 0 3
752952 0 15
754450 0 24
755924 0 25
757374 0 12
758897 0 22
760346 0 24
761796 0 29
763270 0 7
764694 0 14
766218 0 17
767618 0 14
769165 0 13
770566 0 18
772040 0 34
773489 0 6
774963 0 22
776511 0 33
778009 0 2
779459 0 14
780908 0 35
782456 0 12
783881 0 17
785428 0 26
786927 0 7
788499 0 13
789899 0 23
791324 0 17
792725 0 16
794199 0 30
795672 0 7
797220 0 21
798694 0 15
800193 0 21
801667 0 24
803141 0 32
804565 0 10
806113 0 17
807636 0 24
809086 0 22
810609 0 35
812058 0 9
813508 0 18
814957 0 35
816406 0 9
817954 0 23
819404 0 19
820853 0 26
822376 0 7
823875 0 20
825324 0 31
826872 0 9
828395 0 13
829893 0 19
831392 0 20
832915 0 22
834487 0 27
835912 0 2
837435 0 19
838885 0 20
840359 0 18
841931 0 23
843478 0 14
844977 0 18
846451 0 19
847925 0 34
849374 0 7
850897 0 23
852421 0 29
853944 0 10
855369 0 13
856818 0 17
858218 0 24
859692 0 17
861092 0 29
862591 0 2
864114 0 16
865613 0 18
867160 0 24
868585 0 23
870108 0 24
871509 0 15
872983 0 36
874530 0 5
876053 0 15
877528 0 20
879026 0 16
880549 0 20
882048 0 24
883521 0 22
884971 0 33
886420 0 7
887894 0 18
889319 0 21
890793 0 18
892267 0 30
893643 0 11
895215 0 17
896640 0 19
898188 0 23
899686 0 13
901136 0 29
902560 0 7
904133 0 21
905557 0 14
907031 0 21
908530 0 17
910053 0 22
911478 0 16
912878 0 35
914352 0 12
915752 0 23
917202 0 18
918725 0 16
920199 0 13
921648 0 20
923221 0 28
924645 0 6
926144 0 18
927593 0 35
929067 0 2
930517 0 22
931966 0 26
933440 0 3
934865 0 16
953825 0 101
955348 0 101
956773 0 101
958197 0 101
959721 0 101
961268 0 101
962669 0 101
964143 0 101
965567 0 101
967017 0 101
968491 0 102
969965 0 102
971488 0 103
972937 0 101
974387 0 102
975836 0 103
977261 0 101
978809 0 102
980283 0 102
981806 0 102
983280 0 102
984680 0 103
986252 0 101
987775 0 102
989249 0 102
990772 0 102
992222 0 102
993769 0 103
995194 0 101
996742 0 102
998265 0 102
999788 0 102
1001188 0 102
1002662 0 102
1004210 0 103
1005758 0 101
1007281 0 102
1008804 0 102
1010204 0 103
1011678 0 101
1013128 0 102
1014528 0 102
1016002 0 102
1017451 0 102
1018852 0 102
1020276 0 102
1021750 0 103
1023175 0 101
1024649 0 102
1026074 0 102
1027499 0 102
1028948 0 103
1030496 0 101
1031995 0 102
1033469 0 102
1035016 0 102
1036441 0 102
1037841 0 103
1039266 0 101
1040740 0 102
1042190 0 103
1043639 0 101
1045039 0 102
1046562 0 103
1048135 0 101
1049682 0 102
1051107 0 102
1052655 0 102
1054129 0 102
1055529 0 103
1057028 0 101
1058477 0 102
1059951 0 103
1061474 0 101
1062899 0 102
1064299 0 102
1065798 0 102
1067198 0 102
1068672 0 102
1070072 0 102
1071522 0 103
1072947 0 101
1074347 0 102
1075772 0 102
1077197 0 102
1078646 0 102
1080095 0 103
1081520 0 101
1082920 0 102
1084444 0 102
1085942 0 102
1087367 0 103
1088792 0 101
1090217 0 102
1091715 0 102
1093140 0 103
1094712 0 101
1096260 0 102
1097685 0 102
1099085 0 103
1100584 0 101
1102082 0 102
1103482 0 103
1105055 0 101
1106578 0 102
1108027 0 102
1109452 0 102
1110975 0 103
1112425 0 101
1113874 0 102
1115397 0 103
1116920 0 101
1118394 0 102
1119819 0 103
1121391 0 101
1122865 0 102
1124413 0 102
1125813 0 102
1127312 0 102
1128786 0 102
1130186 0 102
1131611 0 103
1133085 0 101
1134583 0 102
1136033 0 102
1137507 0 103
1139030 0 101
1140553 0 102
1142027 0 102
1143452 0 102
1144999 0 103
1146572 0 101
1148070 0 102
1149618 0 102
1151166 0 102
1152615 0 102
1154163 0 103
1155710 0 101
1157135 0 102
1158535 0 102
1160009 0 102
1161533 0 102
1162982 0 102
1164505 0 102
1165954 0 103
1167502 0 101
1168902 0 102
1170376 0 102
1171850 0 102
1173251 0 102
1174700 0 103
1176174 0 101
1177574 0 102
1178975 0 103
1180522 0 101
1181923 0 102
1183470 0 103
1185042 0 101
1186566 0 102
1188113 0 103
1189587 0 101
1191110 0 102
1192633 0 102
1194083 0 102
1195532 0 102
1197031 0 103
1198456 0 101
1199930 0 102
1201354 0 103
1202902 0 101
1204401 0 102
1205948 0 102
1207349 0 102
1208749 0 102
1210297 0 103
1211721 0 101
1213146 0 102
1214596 0 103
1216021 0 101
1217544 0 102
1218968 0 103
1220541 0 101
1221990 0 102
1223538 0 102
1225061 0 102
1226535 0 103
1228083 0 101
1229557 0 102
1231104 0 102
1232652 0 102
1234077 0 103
1235624 0 101
1237148 0 102
1238548 0 102
1239948 0 102
1241496 0 102
1243043 0 103
1244493 0 101
1246041 0 102
1247441 0 102
1248866 0 102
1250290 0 103
1251740 0 101
1253189 0 102
1254639 0 102
1256113 0 103
1257636 0 101
1259159 0 102
1260584 0 102
1262009 0 103
1263507 0 101
1264907 0 102
1266381 0 102
1267880 0 102
1269329 0 102
1270828 0 103
1272326 0 101
1273776 0 102
1275299 0 102
1276797 0 103
1278296 0 101
1279795 0 102
1281293 0 102
1282792 0 102
1284290 0 102
1285813 0 103
1287263 0 101
1288688 0 102
1290235 0 103
1291807 0 101
1293208 0 102
1294731 0 102
1296156 0 102
1297556 0 102
1298981 0 102
1300455 0 102
1301904 0 102
1303403 0 103
1304950 0 101
1306474 0 102
1307972 0 103
1309520 0 101
1311018 0 102
1312541 0 103
1314114 0 101
1315612 0 102
1317037 0 102
1318486 0 103
1320010 0 101
1321484 0 102
1322958 0 102
1324431 0 102
1325832 0 102
1327306 0 103
1328804 0 101
1330352 0 102
1331752 0 103
1333325 0 101
1334725 0 102
1336248 0 102
1337722 0 103
1339196 0 101
1340670 0 102
1342217 0 103
1343765 0 101
1345165 0 102
1346639 0 102
1348089 0 102
1349563 0 102
1351086 0 102
1352486 0 102
1353911 0 103
1355434 0 101
1356982 0 102
1358505 0 102
1360053 0 103
1361502 0 101
1363001 0 102
1364450 0 103
1365924 0 101
1367373 0 102
1368921 0 103
1370346 0 101
1371795 0 102
1373245 0 103
1374768 0 101
1376266 0 102
1377814 0 102
1379362 0 102
1380885 0 102
1382310 0 102
1383808 0 103
1385282 0 101
1386682 0 102
1388230 0 102
1389630 0 102
1391080 0 102
1392554 0 103
1393979 0 101
1395453 0 102
1396877 0 102
1398278 0 102
1399727 0 103
1401226 0 101
1402749 0 102
1404296 0 102
1405820 0 102
1407343 0 102
1408866 0 102
1410266 0 103
1411765 0 101
1413239 0 102
1414688 0 103
1416236 0 101
1417636 0 102
1419134 0 103
1420682 0 101
1422230 0 102
1423778 0 102
1425227 0 102
1426701 0 102
1428199 0 102
1429723 0 102
1431172 0 102
1432597 0 103
1434169 0 101
1435717 0 102
1437191 0 102
1438689 0 102
1440139 0 102
1441539 0 102
1442988 0 102
1444511 0 102
1445961 0 103
1447435 0 101
1448958 0 102
1450383 0 103
1451857 0 101
1453380 0 102
1454805 0 103
1456303 0 101
1457753 0 102
1459251 0 102
1460774 0 102
1462175 0 102
1463575 0 102
1465000 0 102
1466449 0 103
1467874 0 101
1469274 0 102
1470822 0 102
1472271 0 102
1473745 0 102
1475146 0 103
1476595 0 101
1478069 0 102
1479518 0 102
1480919 0 102
1482344 0 102
1483842 0 103
1485390 0 101
1486864 0 102
1488289 0 102
1489689 0 102
1491089 0 102
1492563 0 102
1494013 0 103
1495536 0 101
1496936 0 102
1498410 0 103
1499835 0 101
1501309 0 102
1502807 0 103
1504306 0 101
1505853 0 102
1507401 0 103
1508900 0 101
1510398 0 102
1511897 0 103
1513444 0 101
1514869 0 102
1516319 0 102
1517768 0 102
1519316 0 103
1520888 0 101
1522387 0 102
1523910 0 102
1525433 0 102
1526833 0 102
1528381 0 103
1529904 0 101
1531451 0 102
1532876 0 102
1534301 0 102
1535775 0 103
1537298 0 101
1538797 0 102
1540271 0 103
1541818 0 101
1543342 0 102
1544766 0 102
1546265 0 103
1547813 0 101
1549213 0 102
1550687 0 102
1552161 0 102
1553610 0 102
1555109 0 103
1556558 0 101
1558032 0 102
1559482 0 102
1561005 0 102
1562503 0 102
1563977 0 103
1565525 0 101
1566950 0 102
1568448 0 102
1569849 0 102
1571298 0 102
1572698 0 102
1574246 0 103
1575744 0 101
1577169 0 102
1578717 0 103
1580240 0 101
1581640 0 102
1583065 0 102
1584515 0 102
1585915 0 102
1587340 0 102
1588814 0 103
1590386 0 101
1591885 0 102
1593309 0 103
1594783 0 101
1596233 0 102
1597682 0 103
1599205 0 101
1600606 0 102
1602030 0 103
1603504 0 101
1604978 0 102
1606526 0 103
1608074 0 101
1609548 0 102
1611046 0 102
1612496 0 102
1613970 0 102
1615468 0 102
1616942 0 102
1618367 0 102
1619767 0 103
1621339 0 101
1622863 0 102
1624312 0 103
1625761 0 101
1627285 0 102
1628685 0 102
1630159 0 102
1631706 0 102
1633205 0 102
1634704 0 103
1636251 0 101
1637701 0 102
1639248 0 102
1640796 0 102
1642319 0 103
1643744 0 101
1645144 0 102
1646667 0 102
1648141 0 102
1649664 0 102
1651163 0 103
1652612 0 101
1654111 0 102
1655659 0 102
1657133 0 103
1658656 0 101
1660056 0 102
1661554 0 102
1663028 0 102
1664453 0 102
1666001 0 102
1667475 0 102
1668973 0 103
1670447 0 101
1671872 0 102
1673322 0 103
1674747 0 101
1676147 0 102
1677695 0 102
1679242 0 102
1680667 0 102
1682215 0 102
1683615 0 102
1685138 0 103
1686686 0 101
1688209 0 102
1689732 0 102
1691231 0 103
1692754 0 101
1694154 0 102
1695677 0 102
1697176 0 102
1698576 0 102
1700099 0 102
1701499 0 103
1702998 0 101
1704398 0 102
1705847 0 102
1707395 0 103
1708894 0 101
1710441 0 102
1711940 0 102
1713389 0 102
1714814 0 103
1716386 0 101
1717860 0 102
1719334 0 103
1720882 0 101
1722405 0 102
1723805 0 103
1725353 0 101
1726753 0 102
1728203 0 103
1729652 0 101
1731126 0 102
1732551 0 102
1733976 0 102
1735499 0 103
1736998 0 101
1738398 0 102
1739896 0 102
1741444 0 102
1742992 0 102
1744539 0 102
1746038 0 102
1747586 0 102
1749084 0 103
1750509 0 101
1751934 0 102
1753432 0 103
1754906 0 101
1756405 0 102
1757953 0 102
1759426 0 102
1760950 0 102
1762399 0 102
1763898 0 102
1765445 0 103
1766968 0 101
1768516 0 102
1770039 0 103
1771538 0 101
1772963 0 102
1774412 0 102
1775812 0 102
1777286 0 103
1778711 0 101
1780210 0 102
1781659 0 102
1783133 0 102
1784607 0 102
1786081 0 103
1787653 0 101
1789078 0 102
1790552 0 102
1791977 0 102
1793426 0 102
1794827 0 102
1796276 0 103
1797774 0 101
1799322 0 102
1800870 0 102
1802270 0 102
1803720 0 102
1805120 0 102
1806569 0 102
1808068 0 103
1809517 0 101
1810991 0 102
1812391 0 102
1813915 0 102
1815413 0 102
1816838 0 102
1818386 0 102
1819835 0 102
1821309 0 103
1822857 0 101
1824404 0 102
1825854 0 102
1827279 0 102
1828802 0 102
1830227 0 102
1831627 0 102
1833101 0 103
1834599 0 101
1836098 0 102
1837547 0 102
1839070 0 102
1840495 0 102
1841895 0 102
1843369 0 103
1844942 0 101
1846391 0 102
1847914 0 103
1849339 0 101
1850887 0 102
1852287 0 102
1853761 0 102
1876396 0 42
1877894 0 42
1879417 0 44
1880916 0 38
1882390 0 45
1883888 0 45
1885362 0 41
1886763 0 40
1888261 0 45
1889784 0 37
1891283 0 50
1892781 0 50
1894280 0 51
1895754 0 50
1897228 0 69
1898776 0 37
1900225 0 57
1901748 0 54
1903296 0 56
1904794 0 62
1906317 0 45
1907890 0 58
1909339 0 55
1910862 0 50
1912312 0 56
1913884 0 49
1915432 0 59
1917004 0 61
1918429 0 48
1919952 0 60
1921401 0 59
1922851 0 72
1924349 0 45
1925848 0 50
1927297 0 62
1928845 0 40
1930270 0 54
1931670 0 56
1933095 0 60
1934618 0 53
1936018 0 61
1937492 0 43
1939040 0 57
1940489 0 52
1941988 0 52
1943413 0 52
1944837 0 60
1946336 0 55
1947908 0 71
1949382 0 39
1950881 0 56
1952428 0 59
1953927 0 49
1955401 0 62
1956924 0 47
1958349 0 49
1959798 0 59
1961346 0 65
1962795 0 44
1964318 0 49
1965842 0 71
1967242 0 48
1968765 0 59
1970239 0 49
1971639 0 53
1973187 0 55
1974685 0 52
1976135 0 51
1977707 0 71
1979132 0 40
1980630 0 56
1982104 0 50
1983603 0 56
1985151 0 50
1986698 0 57
1988197 0 52
1989695 0 49
1991243 0 68
1992791 0 42
1994338 0 57
1995788 0 53
1997335 0 52
1998859 0 49
2000308 0 62
2001782 0 45
2003281 0 52
2004853 0 55
2006327 0 49
2007850 0 54
2009373 0 57
2010896 0 67
2012395 0 48
2013942 0 54
2015367 0 68
2016890 0 45
2018462 0 58
2019936 0 63
2021386 0 38
2022934 0 55
2024432 0 70
2025857 0 48
2027331 0 55
2028780 0 58
2030230 0 71
2031655 0 37
2033202 0 55
2034725 0 49
2036175 0 58
2037673 0 52
2039123 0 53
2040670 0 58
2042144 0 49
2043643 0 64
2045141 0 40
2046615 0 58
2048065 0 55
2049637 0 70
2051062 0 43
2052560 0 58
2054108 0 72
2055607 0 41
2057154 0 50
2058677 0 50
2060152 0 54
2061650 0 61
2063099 0 40
2064549 0 49
2066047 0 59
2067595 0 58
2069094 0 67
2070617 0 38
2072140 0 50
2073565 0 50
2075063 0 60
2076513 0 57
2078085 0 63
2079657 0 48
2081156 0 60
2082679 0 49
2084153 0 70
2085627 0 37
2087101 0 53
2088575 0 53
2090049 0 52
2091547 0 52
2093046 0 55
2094495 0 50
2096018 0 59
2097468 0 68
2098942 0 43
2100440 0 57
2101939 0 61
2103413 0 37
2104813 0 58
2106238 0 58
2107761 0 49
2109284 0 52
2110733 0 60
2112207 0 69
2113632 0 44
2115057 0 53
2116506 0 65
2117980 0 43
2119454 0 55
2120978 0 59
2122550 0 63
2124024 0 45
2125473 0 55
2126923 0 49
2128323 0 67
2129797 0 48
2131271 0 56
2132745 0 49
2134292 0 50
2135840 0 55
2137265 0 65
2138714 0 41
2140139 0 59
2141589 0 61
2143112 0 43
2144610 0 59
2146183 0 56
2147706 0 51
2149253 0 60
2150678 0 55
2152103 0 69
2153528 0 38
2155026 0 53
2156476 0 64
2157999 0 38
2159547 0 49
2161045 0 59
2162617 0 50
2164091 0 57
2165688 0 68
2167187 0 38
2168710 0 56
2170184 0 61
2171633 0 48
2173107 0 50
2174557 0 53
2176055 0 56
2177480 0 71
2179028 0 38
2180477 0 60
2181976 0 68
2183450 0 44
2184973 0 55
2186545 0 49
2188043 0 57
2189616 0 51
2191163 0 59
2192662 0 62
2194087 0 41
2195634 0 56
2197158 0 61
2198582 0 45
2200007 0 55
2201580 0 64
2203078 0 48
2204601 0 60
2206026 0 56
2207500 0 52
2209072 0 58
2210571 0 69
2212118 0 47
2213642 0 49
2215091 0 55
2216540 0 65
2218039 0 48
2219537 0 50
2221011 0 57
2222535 0 60
2224058 0 51
2225482 0 52
2227006 0 49
2228480 0 60
2229978 0 68
2231526 0 48
2233098 0 58
2234547 0 50
2236120 0 61
2237667 0 46
2239215 0 50
2240738 0 53
2242188 0 49
2243760 0 67
2245258 0 39
2246757 0 49
2248231 0 49
2249754 0 53
2251326 0 55
2252898 0 64
2254471 0 39
2256018 0 55
2257517 0 50
2259089 0 53
2260612 0 57
2262037 0 52
2263609 0 72
2265157 0 45
2266729 0 49
2268203 0 54
2269677 0 57
2271200 0 56
2272650 0 63
2274148 0 43
2275598 0 60
2277121 0 49
2278668 0 60
2280118 0 54
2281518 0 69
2282992 0 46
2284491 0 52
2285989 0 54
2287512 0 55
2288962 0 49
2290387 0 51
2291836 0 62
2293335 0 38
2294858 0 59
2296430 0 49
2297904 0 57
2299452 0 50
2300999 0 56
2302449 0 59
2303947 0 61
2305446 0 46
2307018 0 56
2308492 0 69
2309941 0 47
2311415 0 55
2312840 0 62
2314290 0 42
2315764 0 52
2317336 0 64
2318883 0 39
2320407 0 53
2321954 0 59
2323477 0 55
2324976 0 53
2326499 0 52
2328047 0 62
2329471 0 40
2330921 0 54
2332346 0 52
2333795 0 52
2335245 0 72
2336768 0 42
2338193 0 60
2339691 0 68
2341239 0 44
2342713 0 59
2344187 0 61
2345661 0 47
2347159 0 51
2348658 0 72
2350083 0 39
2351606 0 59
2353104 0 55
2354578 0 49
2356101 0 57
2357526 0 52
2358951 0 65
2360376 0 42
2361924 0 55
2363398 0 57
2364896 0 58
2366321 0 65
2367869 0 43
2369343 0 60
2370792 0 58
2372389 0 49
2373863 0 53
2375337 0 59
2376762 0 56
2378236 0 67
2379759 0 42
2381208 0 55
2382633 0 68
2384107 0 40
2385655 0 60
2387202 0 56
2388701 0 52
2390199 0 49
2391624 0 61
2393024 0 47
2394572 0 59
2396095 0 55
2397668 0 52
2399141 0 59
2400689 0 51
2402114 0 71
2403613 0 47
2405111 0 60
2406560 0 61
2408059 0 45
2409508 0 52
2410933 0 61
2412505 0 39
2414029 0 55
2415527 0 70
2416927 0 37
2418352 0 53
2419851 0 53
2421374 0 53
2422922 0 69
2424396 0 41
2425870 0 55
2427319 0 53
2428793 0 52
2430218 0 49
2431618 0 64
2433141 0 48
2434566 0 59
2436138 0 51
2437686 0 58
2439258 0 62
2440683 0 48
2442231 0 60
2443754 0 56
2445154 0 53
2446603 0 58
2448200 0 66
2449674 0 40
2451124 0 54
2452598 0 61
2454145 0 40
2455595 0 49
2457069 0 60
2458592 0 58
2460164 0 53
2461638 0 58
2463087 0 57
2464586 0 67
2466035 0 46
2467559 0 55
2468983 0 52
2470482 0 62
2471980 0 43
2473528 0 49
2475100 0 53
2476623 0 50
2478048 0 54
2479473 0 50
2480873 0 49
2482421 0 70
2483797 0 38
2485345 0 50
2486769 0 50
2488243 0 52
2489693 0 51
2491118 0 69
2492616 0 40
2494139 0 53
2495662 0 69
2497136 0 39
2498684 0 53
2500109 0 69
2501681 0 37
2503081 0 57
2504629 0 64
2506128 0 40
2507700 0 57
2509272 0 49
2510721 0 59
2512245 0 56
2513768 0 54
2515193 0 55
2516617 0 69
2518165 0 45
2519639 0 49
2521162 0 58
2522734 0 49
2524258 0 51
2525756 0 57
2527255 0 58
2528778 0 72
2530325 0 41
2531848 0 54
2533372 0 64
2534796 0 43
2536369 0 58
2537941 0 58
2539513 0 70
2540987 0 41
2542510 0 52
2543935 0 69
2545384 0 46
2546932 0 54
2548357 0 52
2549905 0 55
2551379 0 49
2552877 0 50
2554449 0 62
2555973 0 44
2557422 0 50
2558945 0 54
2560444 0 55
2561868 0 52
2563342 0 72
2564816 0 43
2566340 0 52
2567838 0 57
2569337 0 66
2570835 0 40
2572358 0 58
2573808 0 51
2575232 0 55
2576731 0 57
2578156 0 58
2579728 0 70
2581178 0 37
2582652 0 57
2584224 0 68
2585673 0 48
2587147 0 53
2588670 0 62
2590169 0 48
2591594 0 60
2593117 0 62
2594640 0 37
2596089 0 55
2597637 0 67
2599185 0 42
2600634 0 59
2602133 0 59
2603557 0 70
2605031 0 40
2606481 0 52
2607906 0 60
2609330 0 49
2610804 0 49
2612278 0 50
2613802 0 69
2615349 0 39
2616897 0 50
2618371 0 57
2619869 0 67
2621368 0 45
2622940 0 53
2624365 0 49
2625790 0 58
2627215 0 67
2628615 0 44
2630040 0 50
2631563 0 50
2633012 0 57
2634585 0 60
2636108 0 69
2637606 0 41
2639007 0 60
2640505 0 55
2642053 0 51
2643551 0 64
2644976 0 37
2646426 0 53
2647875 0 55
2649300 0 55
2650847 0 50
2652272 0 60
2653771 0 50
2655220 0 69
2656645 0 42
2658095 0 52
2659569 0 53
2661042 0 50
2662590 0 54
2664089 0 60
2665489 0 54
2666938 0 70
2668314 0 46
2669837 0 49
2671311 0 55
2672834 0 49
2674333 0 53
2675758 0 72
2677158 0 39
2678706 0 52
2680130 0 68
2681629 0 47
2683152 0 51
2684626 0 68
2686149 0 48
2687648 0 58
2689097 0 66
2690620 0 39
2692070 0 52
2693495 0 54
2695018 0 60
2696541 0 72
2697990 0 47
2699390 0 56
2700840 0 68
2702388 0 48
2703935 0 57
2705385 0 60
2706859 0 53
2708259 0 70
2709635 0 44
2711084 0 58
2712607 0 59
2714106 0 50
2715653 0 50
2717201 0 72
2718724 0 37
2720149 0 56
2721574 0 65
2723072 0 48
2724595 0 50
2726045 0 51
2727494 0 57
2729042 0 57
2730467 0 56
2731892 0 58
2733366 0 64
2734790 0 38
2736240 0 54
2737763 0 53
2739311 0 50
2740785 0 59
2742332 0 60
2743806 0 50
2745231 0 50
2746779 0 71
2748326 0 37
2749874 0 53
2751446 0 57
2752969 0 52
2754419 0 52
2755967 0 68
2757391 0 42
2758890 0 57
2760389 0 53
2761862 0 65
2763336 0 45
2764860 0 50
2766334 0 70
2767758 0 47
2769281 0 60
2770829 0 69
2772303 0 39
2773753 0 52
2775202 0 72
2776701 0 44
2778273 0 53
2779820 0 63
2781319 0 37
2782793 0 54
2784292 0 55
2803900 0 104
2805424 0 104
2806873 0 104
2808371 0 104
2809845 0 104
2811369 0 104
2812916 0 104
2814415 0 104
2815889 0 104
2817387 0 104
2818812 0 105
2820335 0 105
2821883 0 106
2823406 0 104
2824831 0 105
2826256 0 105
2827754 0 105
2829228 0 106
2830678 0 104
2832201 0 105
2833650 0 106
2835100 0 104
2836574 0 105
2838097 0 105
2839669 0 105
2841094 0 105
2842617 0 105
2844066 0 106
2845565 0 104
2846990 0 105
2848537 0 106
2850085 0 104
2851534 0 105
2852935 0 105
2854335 0 105
2855784 0 106
2857308 0 104
2858781 0 105
2860231 0 106
2861754 0 104
2863179 0 105
2864628 0 105
2866102 0 105
2867552 0 105
2868952 0 105
2870352 0 106
2871924 0 104
2873398 0 105
2874799 0 105
2876322 0 105
2877869 0 105
2879270 0 105
2880817 0 105
2882291 0 106
2883839 0 104
2885239 0 105
2886738 0 105
2888261 0 106
2889686 0 104
2891234 0 105
2892732 0 105
2894157 0 105
2895655 0 105
2897179 0 105
2898628 0 105
2900151 0 106
2901625 0 104
2903074 0 105
2904598 0 105
2906145 0 105
2907619 0 105
2909093 0 105
2910641 0 106
2912115 0 104
2913564 0 105
2915112 0 105
2916537 0 105
2918011 0 105
2919436 0 105
2920983 0 105
2922433 0 105
2923858 0 106
2925282 0 104
2926732 0 105
2928181 0 106
2929631 0 104
2931031 0 105
2932480 0 105
2934028 0 105
2935576 0 105
2937050 0 105
2938474 0 105
2939924 0 106
2941324 0 104
2942847 0 105
2944272 0 105
2945795 0 105
2947195 0 105
2948645 0 105
2950094 0 106
2951593 0 104
2953042 0 105
2954590 0 105
2956039 0 105
2957489 0 106
2959061 0 104
2960609 0 105
2962034 0 105
2963508 0 106
2965006 0 104
2966480 0 105
2967954 0 105
2969403 0 105
2970951 0 105
2972474 0 105
2973924 0 105
2975373 0 105
2976921 0 106
2978444 0 104
2979942 0 105
2981490 0 105
2983062 0 106
2984561 0 104
2986084 0 105
2987582 0 105
2989007 0 106
2990580 0 104
2992127 0 105
2993527 0 105
2995001 0 106
2996500 0 104
2997974 0 105
2999399 0 105
3000922 0 105
3002371 0 105
3003919 0 105
3005442 0 106
3007014 0 104
3008562 0 105
3009987 0 105
3011436 0 105
3012959 0 105
3014458 0 106
3016030 0 104
3017480 0 105
3018978 0 106
3020378 0 104
3021902 0 105
3023351 0 106
3024825 0 104
3026348 0 105
3027748 0 106
3029198 0 104
3030623 0 105
3032023 0 105
3033571 0 105
3035094 0 105
3036518 0 105
3037968 0 105
3039466 0 106
3040940 0 104
3042439 0 105
3043839 0 106
3045313 0 104
3046738 0 105
3048212 0 105
3049760 0 106
3051307 0 104
3052830 0 105
3054354 0 106
3055901 0 104
3057449 0 105
3058874 0 105
3060323 0 105
3061723 0 105
3063124 0 106
3064549 0 104
3066047 0 105
3067497 0 106
3069020 0 104
3070543 0 105
3071968 0 105
3073368 0 105
3074842 0 105
3076242 0 105
3077741 0 106
3079239 0 104
3080787 0 105
3082236 0 105
3083661 0 105
3085160 0 105
3086707 0 106
3088280 0 104
3089778 0 105
3091277 0 106
3092800 0 104
3094274 0 105
3095748 0 106
3097173 0 104
3098622 0 105
3100096 0 105
3101595 0 105
3103118 0 105
3104641 0 105
3106139 0 105
3107687 0 105
3109210 0 106
3110733 0 104
3112256 0 105
3113779 0 105
3115180 0 105
3116678 0 105
3118078 0 106
3119626 0 104
3121174 0 105
3122623 0 105
3124122 0 106
3125547 0 104
3127070 0 105
3128617 0 105
3130042 0 105
3131590 0 106
3133088 0 104
3134636 0 105
3136184 0 105
3137658 0 105
3139132 0 105
3140704 0 106
3142178 0 104
3143603 0 105
3145126 0 105
3146649 0 105
3148197 0 105
3149695 0 106
3151194 0 104
3152741 0 105
3154166 0 105
3155714 0 105
3157114 0 106
3158588 0 104
3159989 0 105
3161536 0 106
3163035 0 104
3164509 0 105
3166007 0 105
3167432 0 105
3168980 0 105
3170527 0 105
3172051 0 105
3173574 0 105
3174999 0 106
3176546 0 104
3178118 0 105
3179568 0 106
3181066 0 104
3182540 0 105
3184063 0 105
3185587 0 105
3187011 0 106
3188535 0 104
3190009 0 105
3191409 0 105
3192883 0 105
3194430 0 105
3195880 0 105
3197305 0 106
3198779 0 104
3200228 0 105
3201678 0 105
3203176 0 105
3204601 0 105
3206099 0 105
3207524 0 106
3208998 0 104
3210472 0 105
3211995 0 106
3213420 0 104
3214968 0 105
3216417 0 105
3217916 0 105
3219414 0 105
3220888 0 105
3222362 0 106
3223910 0 104
3225409 0 105
3226833 0 105
3228283 0 105
3229757 0 106
3231231 0 104
3232656 0 105
3234203 0 106
3235628 0 104
3237078 0 105
3238478 0 105
3239903 0 106
3241377 0 104
3242826 0 105
3244226 0 105
3245725 0 105
3247150 0 106
3248673 0 104
3250073 0 105
3251547 0 105
3253046 0 106
3254569 0 104
3256043 0 105
3257566 0 106
3259089 0 104
3260637 0 105
3262209 0 106
3263683 0 104
3265157 0 105
3266655 0 105
3268178 0 105
3269628 0 105
3271102 0 105
3272600 0 106
3274123 0 104
3275622 0 105
3277022 0 105
3278472 0 106
3279897 0 104
3281370 0 105
3282869 0 105
3284368 0 105
3285891 0 105
3287340 0 106
3288765 0 104
3290165 0 105
3291639 0 105
3293187 0 105
3294587 0 105
3296012 0 106
3297511 0 104
3298936 0 105
3300409 0 106
3301859 0 104
3303382 0 105
3304856 0 105
3306305 0 105
3307853 0 105
3309327 0 105
3310727 0 106
3312299 0 104
3313773 0 105
3315247 0 105
3316721 0 105
3318220 0 106
3319669 0 104
3321094 0 105
3322519 0 106
3324042 0 104
3325541 0 105
3327064 0 105
3328489 0 105
3329987 0 106
3331387 0 104
3332886 0 105
3334335 0 105
3335760 0 105
3337234 0 105
3338708 0 105
3340108 0 106
3341607 0 104
3343106 0 105
3344604 0 105
3346054 0 105
3347528 0 105
3349026 0 106
3350574 0 104
3352023 0 105
3353423 0 105
3354897 0 105
3356322 0 105
3357821 0 105
3359319 0 105
3360744 0 106
3362169 0 104
3363667 0 105
3365141 0 105
3366665 0 105
3368188 0 105
3369711 0 106
3371234 0 104
3372782 0 105
3374231 0 105
3375656 0 106
3377105 0 104
3378555 0 105
3379955 0 105
3381429 0 105
3382903 0 105
3384303 0 106
3385728 0 104
3387153 0 105
3388676 0 105
3390101 0 106
3391599 0 104
3393049 0 105
3394572 0 106
3396120 0 104
3397569 0 105
3399092 0 105
3400566 0 106
3402138 0 104
3403686 0 105
3405135 0 105
3406634 0 105
3408059 0 105
3409459 0 106
3410933 0 104
3412481 0 105
3414053 0 105
3415502 0 105
3416976 0 105
3418377 0 105
3419900 0 105
3421423 0 106
3422848 0 104
3424395 0 105
3425796 0 106
3427245 0 104
3428744 0 105
3430193 0 106
3431642 0 104
3433165 0 105
3434615 0 105
3436113 0 105
3437637 0 106
3439111 0 104
3440560 0 105
3442108 0 105
3443606 0 105
3445154 0 105
3446677 0 106
3448126 0 104
3449649 0 105
3451197 0 106
3452647 0 104
3454071 0 105
3455545 0 106
3457118 0 104
3458592 0 105
3459992 0 105
3461417 0 105
3462866 0 106
3464316 0 104
3465863 0 105
3467386 0 105
3468885 0 105
3470359 0 105
3471759 0 105
3473209 0 105
3474633 0 106
3476156 0 104
3477581 0 105
3479129 0 106
3480578 0 104
3482003 0 105
3483477 0 105
3485000 0 105
3486548 0 105
3488071 0 106
3489643 0 104
3491093 0 105
3492518 0 105
3493992 0 105
3495466 0 105
3496964 0 105
3498414 0 105
3499888 0 105
3501288 0 106
3502860 0 104
3504334 0 105
3505808 0 106
3507356 0 104
3508903 0 105
3510451 0 105
3511950 0 105
3513423 0 106
3514996 0 104
3516543 0 105
3517993 0 106
3519418 0 104
3520892 0 105
3522341 0 106
3523864 0 104
3525264 0 105
3526714 0 106
3528163 0 104
3529711 0 105
3531136 0 106
3532659 0 104
3534108 0 105
3535656 0 105
3537179 0 105
3538653 0 105
3540127 0 106
3541626 0 104
3543050 0 105
3544598 0 105
3546072 0 105
3547497 0 105
3548971 0 105
3550396 0 105
3551821 0 106
3553344 0 104
3554867 0 105
3556316 0 105
3557864 0 105
3559436 0 105
3560959 0 105
3562384 0 106
3563907 0 104
3565406 0 105
3566880 0 105
3568378 0 105
3569901 0 106
3571302 0 104
3572726 0 105
3574250 0 106
3575724 0 104
3577271 0 105
3578819 0 106
3580268 0 104
3581742 0 105
3583192 0 105
3584739 0 106
3586287 0 104
3587761 0 105
3589210 0 106
3590783 0 104
3592355 0 105
3593878 0 106
3595303 0 104
3596851 0 105
3598374 0 105
3599921 0 105
3601395 0 106
3602869 0 104
3604343 0 105
3605768 0 106
3607291 0 104
3608741 0 105
3610215 0 105
3611762 0 105
3613310 0 105
3614735 0 106
3616184 0 104
3617732 0 105
3619280 0 105
3620680 0 105
3622129 0 105
3623530 0 106
3624979 0 104
3626527 0 105
3627976 0 106
3629450 0 104
3630875 0 105
3632275 0 105
3633700 0 105
3635174 0 105
3636697 0 106
3638171 0 104
3639694 0 105
3641094 0 105
3642593 0 105
3644092 0 105
3645541 0 105
3647064 0 106
3648538 0 104
3649938 0 105
3651363 0 105
3652862 0 105
3654336 0 106
3655834 0 104
3657382 0 105
3658905 0 106
3660428 0 104
3662000 0 105
3663499 0 106
3664948 0 104
3666398 0 105
3667970 0 105
3669518 0 105
3670967 0 106
3672392 0 104
3673817 0 105
3675315 0 106
3676814 0 104
3678361 0 105
3679909 0 105
3681408 0 105
3682808 0 106
3684306 0 104
3685756 0 105
3687279 0 105
3688827 0 105
3690325 0 106
3691824 0 104
3693347 0 105
3694772 0 105
3696270 0 105
3697818 0 105
3699292 0 105
3700815 0 105
3702338 0 106
3703763 0 104
3705311 0 105
3706785 0 105
