27405 0 9
28879 0 11
30304 0 10
31802 0 9
33350 0 2
34898 0 4
36274 0 11
37772 0 5
39197 0 4
40646 0 7
42120 0 16
43619 0 19
45068 0 24
46493 0 16
47992 0 18
49515 0 19
51062 0 31
52561 0 2
54010 0 14
55435 0 13
56860 0 22
58309 0 17
59783 0 21
61282 0 30
62756 0 6
64254 0 17
65655 0 16
67129 0 15
68554 0 29
70101 0 5
71551 0 20
73025 0 29
74523 0 8
76071 0 23
77594 0 31
79117 0 6
80566 0 16
81942 0 17
83416 0 28
84939 0 10
86462 0 16
87887 0 28
89410 0 11
90860 0 14
92383 0 23
93906 0 23
95331 0 19
96805 0 23
98328 0 21
99826 0 20
101350 0 34
102799 0 5
104248 0 22
105747 0 23
107270 0 20
108818 0 26
110341 0 4
111839 0 22
113412 0 15
114910 0 15
116433 0 31
118030 0 5
119455 0 16
120855 0 22
122305 0 36
123828 0 6
125375 0 24
126923 0 32
128397 0 4
129896 0 13
131443 0 23
132942 0 24
134465 0 17
136013 0 18
137585 0 20
139133 0 31
140582 0 5
142105 0 19
143579 0 17
145102 0 21
146576 0 33
148148 0 4
149696 0 13
151219 0 31
152791 0 9
154216 0 23
155764 0 17
157312 0 28
158761 0 2
160210 0 23
161660 0 34
163134 0 2
164608 0 17
166082 0 13
167556 0 24
169103 0 25
170602 0 3
172100 0 21
173624 0 23
175122 0 21
176670 0 22
178193 0 16
179691 0 20
181239 0 29
182688 0 11
184187 0 22
185735 0 29
187258 0 9
188732 0 13
190181 0 15
191631 0 21
193080 0 20
194652 0 18
196126 0 28
197600 0 12
199025 0 17
200474 0 32
201998 0 10
203472 0 16
204995 0 24
206493 0 24
207894 0 23
209417 0 29
210866 0 7
212414 0 20
213863 0 15
215362 0 14
216860 0 22
218285 0 24
219833 0 25
221282 0 10
222854 0 19
224279 0 14
225655 0 22
227104 0 17
228627 0 29
230028 0 6
231551 0 18
232976 0 13
234523 0 22
236096 0 20
237668 0 26
239044 0 3
240567 0 21
242041 0 27
243490 0 9
245062 0 23
246610 0 19
248182 0 21
249607 0 25
251179 0 6
252727 0 23
254201 0 26
255650 0 12
257173 0 15
258721 0 24
260269 0 23
261669 0 17
263094 0 32
264568 0 5
265968 0 18
267540 0 30
268965 0 6
270390 0 18
271938 0 34
273387 0 9
274959 0 14
276458 0 15
277907 0 17
279308 0 16
280683 0 17
282157 0 23
283582 0 34
285032 0 3
286432 0 22
288004 0 22
289454 0 19
290952 0 20
292426 0 17
293949 0 16
295325 0 36
296750 0 3
298150 0 17
299599 0 31
301147 0 9
302670 0 23
304144 0 31
305667 0 8
307264 0 23
308763 0 32
310286 0 6
311833 0 13
313283 0 22
314708 0 15
316206 0 23
317606 0 33
319031 0 2
320579 0 22
322078 0 22
323601 0 13
325124 0 20
326598 0 36
328072 0 2
329521 0 24
330971 0 23
332395 0 21
333894 0 14
335392 0 25
336842 0 3
338390 0 21
339937 0 35
341436 0 6
342934 0 24
344433 0 21
345907 0 15
347356 0 13
348830 0 31
350378 0 3
351852 0 13
353301 0 26
354726 0 9
356249 0 17
357649 0 25
359099 0 12
360622 0 16
362096 0 19
363668 0 33
365093 0 1
366592 0 14
368066 0 20
369490 0 29
371014 0 10
372512 0 14
374011 0 31
375460 0 9
376934 0 13
378334 0 20
379833 0 19
381405 0 18
382855 0 20
384328 0 14
385802 0 15
387350 0 30
388775 0 10
390200 0 21
391747 0 26
393197 0 6
394695 0 23
396145 0 24
397594 0 15
398995 0 18
400567 0 13
402065 0 33
403613 0 6
405161 0 16
406684 0 32
408207 0 12
409730 0 17
411130 0 15
412580 0 19
414103 0 32
415528 0 8
417002 0 23
418500 0 18
420023 0 23
421424 0 31
422971 0 12
424519 0 15
426067 0 19
427541 0 23
429088 0 14
430538 0 18
432085 0 26
433535 0 10
435107 0 18
436630 0 36
438055 0 8
439578 0 20
441150 0 19
442698 0 26
444147 0 10
445621 0 19
447120 0 14
448594 0 13
450092 0 24
451493 0 24
453016 0 33
454465 0 7
455964 0 23
457389 0 20
458912 0 22
460484 0 24
461958 0 15
463358 0 27
464857 0 9
466282 0 15
467829 0 14
469230 0 17
470728 0 13
472128 0 25
473627 0 10
475125 0 15
476673 0 20
478245 0 32
479670 0 11
481144 0 14
482643 0 28
484068 0 12
485591 0 22
487040 0 25
488465 0 7
489914 0 18
491339 0 18
492813 0 18
494361 0 15
495908 0 20
497382 0 21
498881 0 21
500404 0 30
501878 0 9
503426 0 17
504851 0 34
506300 0 4
507799 0 18
509223 0 13
510771 0 22
512319 0 15
513817 0 17
515365 0 15
516913 0 30
518337 0 1
519787 0 18
521261 0 31
522809 0 7
524258 0 16
525781 0 21
527255 0 14
528729 0 23
530252 0 17
531677 0 18
533102 0 35
534600 0 1
536074 0 15
537475 0 24
539022 0 20
540545 0 15
541970 0 29
543395 0 7
544845 0 21
546318 0 31
547792 0 12
549266 0 17
550740 0 17
552165 0 24
553639 0 16
555113 0 33
556587 0 3
558086 0 24
559609 0 18
561156 0 34
562557 0 6
564031 0 22
565456 0 17
566880 0 20
568330 0 28
569755 0 11
571229 0 19
572654 0 33
574103 0 3
575503 0 21
576953 0 13
578402 0 28
579827 0 4
581301 0 13
582799 0 28
584200 0 12
585723 0 17
587197 0 16
588622 0 15
590169 0 25
591692 0 9
593142 0 23
594542 0 33
596016 0 4
597515 0 16
598989 0 30
600389 0 4
601814 0 20
603337 0 17
604811 0 17
606334 0 18
607783 0 15
609208 0 22
610633 0 29
612058 0 8
613483 0 16
614883 0 22
616357 0 16
617806 0 24
619305 0 18
620803 0 35
622277 0 9
623850 0 24
625348 0 35
626896 0 8
628345 0 21
629893 0 17
631391 0 20
632841 0 22
634389 0 22
635863 0 29
637263 0 2
638688 0 19
640235 0 20
641808 0 22
643355 0 13
644903 0 24
646401 0 13
647900 0 34
649399 0 12
650873 0 19
652420 0 35
653919 0 12
655344 0 15
656793 0 15
658218 0 22
659766 0 22
661338 0 16
662713 0 20
664286 0 20
665809 0 26
667258 0 4
668634 0 13
670157 0 13
671631 0 21
673179 0 17
674628 0 21
676102 0 23
677650 0 29
679173 0 3
680721 0 24
682268 0 20
683791 0 24
685216 0 24
686617 0 28
688140 0 6
689712 0 23
691137 0 36
692586 0 2
694109 0 23
695608 0 22
697106 0 20
698629 0 22
700079 0 25
701504 0 4
703027 0 13
704501 0 24
705950 0 20
707498 0 14
708947 0 18
710495 0 26
711871 0 12
713271 0 15
714745 0 19
716194 0 19
717693 0 25
719191 0 7
720616 0 24
722090 0 22
723515 0 31
724964 0 11
726537 0 23
728060 0 32
729509 0 7
731008 0 19
732580 0 17
734029 0 36
735602 0 3
737125 0 13
738525 0 15
740024 0 28
741424 0 10
742972 0 13
744421 0 24
745895 0 22
747344 0 34
748745 0 12
750169 0 24
751693 0 24
753117 0 16
754542 0 31
756041 0 8
757588 0 19
759161 0 24
760659 0 13
762158 0 24
763583 0 17
765081 0 19
766555 0 14
767931 0 30
769405 0 1
770805 0 13
772353 0 24
773778 0 18
775350 0 19
776824 0 30
778200 0 7
779674 0 15
781197 0 13
782646 0 24
784169 0 18
785668 0 14
787068 0 25
788517 0 8
789991 0 16
791392 0 18
792964 0 25
794512 0 5
795912 0 24
797435 0 24
798933 0 18
800432 0 14
801931 0 13
803405 0 27
804805 0 12
806352 0 13
807826 0 25
809251 0 7
810676 0 24
812150 0 16
813575 0 19
815074 0 23
816523 0 17
817997 0 29
819397 0 3
820920 0 17
822394 0 25
823868 0 10
825342 0 23
826816 0 28
828266 0 7
829740 0 19
831214 0 22
832663 0 17
834112 0 15
835537 0 23
837011 0 16
838436 0 31
839885 0 11
841409 0 24
842809 0 19
844357 0 15
845904 0 17
847452 0 28
848926 0 5
850424 0 18
851997 0 32
853471 0 2
854994 0 18
856492 0 22
858064 0 19
859563 0 15
861037 0 23
862560 0 28
864083 0 5
865631 0 17
867031 0 19
868505 0 35
870004 0 1
871404 0 14
872829 0 27
874352 0 7
875777 0 21
877251 0 31
878700 0 1
880174 0 17
881624 0 25
883098 0 1
884547 0 14
885996 0 32
887495 0 1
888969 0 17
890517 0 22
891966 0 19
893538 0 24
895037 0 13
896511 0 17
897936 0 15
899483 0 35
901031 0 12
902554 0 19
904077 0 35
905625 0 2
907099 0 18
908573 0 24
910022 0 35
911496 0 11
912921 0 19
914469 0 17
915893 0 19
917417 0 14
918915 0 33
920365 0 1
921789 0 14
923313 0 19
924860 0 13
926383 0 18
927857 0 28
929307 0 11
930879 0 18
1287757 0 101
1289207 0 101
1290730 0 101
1292130 0 101
1293653 0 101
1295078 0 101
1296601 0 101
1298124 0 101
1299598 0 101
1301072 0 101
1302595 0 102
1304020 0 102
1305543 0 102
1306968 0 102
1308491 0 102
1310014 0 102
1311464 0 102
1313011 0 103
1314510 0 101
1315935 0 102
1317359 0 102
1318784 0 102
1320258 0 103
1321683 0 101
1323182 0 102
1324631 0 102
1326179 0 102
1327726 0 102
1329200 0 102
1330748 0 103
1332198 0 101
1333647 0 102
1335121 0 102
1336644 0 103
1338167 0 101
1339666 0 102
1341164 0 102
1342638 0 103
1344112 0 101
1345635 0 102
1347158 0 103
1348583 0 101
1349983 0 102
1351384 0 102
1352907 0 103
1354356 0 101
1355855 0 102
1357304 0 103
1358778 0 101
1360178 0 102
1361702 0 102
1363126 0 102
1364600 0 102
1366074 0 103
1367548 0 101
1368973 0 102
1370398 0 102
1371798 0 102
1373321 0 102
1374845 0 102
1376294 0 102
1377768 0 103
1379291 0 101
1380765 0 102
1382190 0 102
1383738 0 102
1385138 0 102
1386612 0 103
1388159 0 101
1389609 0 102
1391132 0 102
1392606 0 103
1394080 0 101
1395480 0 102
1396905 0 103
1398428 0 101
1399828 0 102
1401376 0 103
1402948 0 101
1404496 0 102
1405945 0 102
1407346 0 103
1408844 0 101
1410294 0 102
1411719 0 102
1413242 0 102
1414765 0 102
1416263 0 103
1417762 0 101
1419236 0 102
1420636 0 103
1422208 0 101
1423633 0 102
1425156 0 102
1426704 0 102
1428129 0 102
1429627 0 102
1431150 0 103
1432575 0 101
1433976 0 102
1435450 0 102
1436850 0 102
1438324 0 102
1439773 0 102
1441198 0 103
1442623 0 101
1444048 0 102
1445546 0 102
1446996 0 102
1448470 0 103
1449968 0 101
1451393 0 102
1452818 0 102
1454341 0 102
1455766 0 102
1457314 0 102
1458861 0 102
1460261 0 103
1461834 0 101
1463234 0 102
1464782 0 102
1466280 0 102
1467828 0 103
1469376 0 101
1470825 0 102
1472225 0 102
1473748 0 103
1475198 0 101
1476696 0 102
1478097 0 103
1479620 0 101
1481069 0 102
1482494 0 102
1484017 0 102
1485565 0 102
1487039 0 103
1488562 0 101
1490011 0 102
1491559 0 102
1492984 0 102
1494507 0 103
1496030 0 101
1497578 0 102
1499076 0 102
1500550 0 102
1502098 0 103
1503621 0 101
1505070 0 102
1506569 0 103
1508117 0 101
1509615 0 102
1511114 0 102
1512637 0 103
1514062 0 101
1515462 0 102
1516911 0 102
1518361 0 102
1519786 0 103
1521210 0 101
1522733 0 102
1524257 0 102
1525681 0 102
1527180 0 102
1528728 0 103
1530202 0 101
1531725 0 102
1533223 0 103
1534697 0 101
1536245 0 102
1537793 0 102
1539217 0 102
1540741 0 102
1542165 0 103
1543689 0 101
1545089 0 102
1546636 0 102
1548037 0 103
1549462 0 101
1550862 0 102
1552311 0 102
1553785 0 102
1555235 0 102
1556660 0 103
1558109 0 101
1559657 0 102
1561204 0 102
1562605 0 102
1564054 0 102
1565479 0 102
1566904 0 102
1568328 0 103
1569876 0 101
1571326 0 102
1572750 0 103
1574200 0 101
1575748 0 102
1577197 0 102
1578695 0 102
1580243 0 103
1581766 0 101
1583167 0 102
1584591 0 102
1585992 0 102
1587392 0 102
1588940 0 103
1590414 0 101
1591937 0 102
1593435 0 102
1594934 0 102
1596432 0 102
1597906 0 103
1599405 0 101
1600903 0 102
1602353 0 102
1603753 0 102
1605301 0 102
1606848 0 103
1608322 0 101
1609796 0 102
1611344 0 102
1612892 0 102
1614341 0 102
1615864 0 103
1617436 0 101
1618935 0 102
1620458 0 102
1621981 0 103
1623431 0 101
1624954 0 102
1626379 0 102
1627877 0 102
1629400 0 103
1630972 0 101
1632422 0 102
1633847 0 103
1635419 0 101
1636942 0 102
1638416 0 102
1639915 0 103
1641413 0 101
1642961 0 102
1644386 0 102
1645860 0 102
1647260 0 103
1648832 0 101
1650282 0 102
1651731 0 102
1653230 0 102
1654679 0 102
1656202 0 103
1657701 0 101
1659150 0 102
1660673 0 102
1662172 0 102
1663670 0 102
1665218 0 102
1666692 0 102
1668215 0 102
1669689 0 103
1671163 0 101
1672711 0 102
1674160 0 102
1675708 0 102
1677255 0 102
1678754 0 102
1680203 0 102
1681702 0 103
1683225 0 101
1684699 0 102
1686222 0 102
1687770 0 102
1689219 0 102
1690767 0 102
1692192 0 102
1693666 0 103
1695213 0 101
1696687 0 102
1698161 0 103
1699733 0 101
1701183 0 102
1702657 0 103
1704106 0 101
1705556 0 102
1706956 0 102
1708405 0 102
1709855 0 102
1711329 0 102
1712754 0 102
1714301 0 102
1715726 0 103
1717274 0 101
1718797 0 102
1720222 0 102
1721720 0 102
1723219 0 102
1724717 0 102
1726216 0 103
1727690 0 101
1729188 0 102
1730662 0 102
1732136 0 102
1733586 0 102
1734986 0 102
1736386 0 103
1737860 0 101
1739261 0 102
1740784 0 103
1742282 0 101
1743830 0 102
1745230 0 102
1746704 0 102
1748104 0 103
1749603 0 101
1751028 0 102
1752526 0 102
1753927 0 102
1755401 0 102
1756948 0 102
1758447 0 103
1759970 0 101
1761518 0 102
1763041 0 102
1764441 0 102
1765890 0 103
1767389 0 101
1768789 0 102
1770214 0 102
1771688 0 102
1773187 0 102
1774611 0 102
1776159 0 102
1777584 0 103
1779156 0 101
1780655 0 102
1782080 0 102
1783603 0 102
1785052 0 103
1786551 0 101
1787976 0 102
1789523 0 103
1790948 0 101
1792422 0 102
1793896 0 102
1795321 0 103
1796770 0 101
1798293 0 102
1799718 0 103
1801217 0 101
1802642 0 102
1804165 0 103
1805639 0 101
1807113 0 102
1808562 0 102
1810036 0 103
1811485 0 101
1813033 0 102
1814483 0 103
1816006 0 101
1817480 0 102
1818929 0 102
1820378 0 103
1821926 0 101
1823425 0 102
1824899 0 102
1826299 0 102
1827797 0 102
1829345 0 102
1830893 0 103
1832391 0 101
1833841 0 102
1835290 0 103
1836764 0 101
1838214 0 102
1839663 0 102
1841112 0 102
1842586 0 103
1844036 0 101
1845559 0 102
1846984 0 102
1848507 0 102
1850030 0 102
1851479 0 103
1853027 0 101
1854526 0 102
1856073 0 103
1857523 0 101
1859046 0 102
1860495 0 102
1862043 0 102
1863492 0 102
1864966 0 102
1866514 0 103
1868037 0 101
1869486 0 102
1870960 0 102
1872385 0 102
1873810 0 102
1875309 0 103
1876783 0 101
1878257 0 102
1879755 0 103
1881205 0 101
1882703 0 102
1884128 0 103
1885700 0 101
1887223 0 102
1888673 0 103
1890196 0 101
1891694 0 102
1893144 0 102
1894618 0 102
1896116 0 102
1897541 0 102
1898941 0 103
1900489 0 101
1901889 0 102
1903314 0 102
1904862 0 102
1906409 0 102
1907834 0 102
1909259 0 102
1910684 0 102
1912109 0 103
1913681 0 101
1915081 0 102
1916531 0 102
1918029 0 103
1919503 0 101
1920977 0 102
1922500 0 103
1923925 0 101
1925399 0 102
1926898 0 103
1928470 0 101
1929944 0 102
1931418 0 103
1932941 0 101
1934390 0 102
1935864 0 103
1937412 0 101
1938935 0 102
1940458 0 102
1942006 0 102
1943505 0 102
1944979 0 102
1946453 0 103
1947976 0 101
1949523 0 102
1951071 0 103
1952545 0 101
1953994 0 102
1955444 0 103
1956967 0 101
1958392 0 102
1959817 0 102
1961364 0 102
1962912 0 103
1964435 0 101
1965884 0 102
1967432 0 103
1968955 0 101
1970380 0 102
1971903 0 103
1973377 0 101
1974900 0 102
1976423 0 102
1977922 0 103
1979420 0 101
1980870 0 102
1982295 0 102
1983818 0 102
1985243 0 102
1986692 0 102
1988240 0 103
1989787 0 101
1991188 0 102
1992613 0 102
1994136 0 102
1995683 0 102
1997231 0 103
1998656 0 101
2000179 0 102
2001579 0 102
2003004 0 103
2004503 0 101
2006050 0 102
2007524 0 102
2008949 0 102
2010399 0 102
2011848 0 103
2013396 0 101
2014894 0 102
2016393 0 102
2017867 0 102
2019292 0 102
2020839 0 103
2022362 0 101
2023787 0 102
2025187 0 102
2026711 0 103
2028185 0 101
2029609 0 102
2031010 0 102
2032484 0 102
2034031 0 102
2035481 0 102
2037028 0 103
2038527 0 101
2039927 0 102
2041352 0 103
2042900 0 101
2044349 0 102
2045799 0 102
2047199 0 103
2048648 0 101
2050122 0 102
2051572 0 102
2052996 0 102
2054544 0 102
2055944 0 102
2057492 0 102
2058966 0 103
2060465 0 101
2061939 0 102
2063363 0 102
2064837 0 102
2066311 0 102
2067761 0 102
2069186 0 102
2070660 0 103
2072109 0 101
2073608 0 102
2075032 0 102
2076433 0 103
2077980 0 101
2079381 0 102
2080781 0 102
2082206 0 102
2083729 0 102
2085252 0 103
2086800 0 101
2088249 0 102
2089674 0 102
2091222 0 102
2092671 0 102
2094145 0 102
2095619 0 103
2097093 0 101
2098591 0 102
2100016 0 102
2101466 0 102
2102989 0 103
2104463 0 101
2105937 0 102
2107484 0 102
2109008 0 102
2110506 0 102
2111931 0 102
2113380 0 102
2114781 0 102
2116304 0 103
2117778 0 101
2119301 0 102
2120701 0 103
2122273 0 101
2123747 0 102
2125295 0 102
2126695 0 102
2128145 0 102
2129594 0 102
2131043 0 103
2132468 0 101
2133893 0 102
2135441 0 103
2136989 0 101
2138462 0 102
2139887 0 102
2141312 0 102
2142737 0 102
2144186 0 103
2145759 0 101
2147208 0 102
2148682 0 102
2150205 0 102
2151753 0 102
2153153 0 102
2154652 0 103
2156101 0 101
2157649 0 102
2159098 0 102
2160523 0 103
2162022 0 101
2163422 0 102
2164920 0 102
2166419 0 103
2167893 0 101
2169318 0 102
2170767 0 103
2172266 0 101
2173666 0 102
2175140 0 103
2176639 0 101
2178039 0 102
2179586 0 103
2181110 0 101
2182657 0 102
2184082 0 103
2185581 0 101
2187128 0 102
2188553 0 102
2443664 0 48
2445212 0 46
2446784 0 47
2448332 0 46
2449904 0 38
2451427 0 39
2452877 0 37
2454351 0 38
2455849 0 42
2457299 0 47
2458846 0 60
2460271 0 57
2461745 0 71
2463170 0 43
2464595 0 49
2466118 0 55
2467666 0 59
2469164 0 53
2470712 0 49
2472161 0 62
2473709 0 37
2475183 0 56
2476583 0 64
2478008 0 41
2479482 0 56
2481005 0 64
2482455 0 47
2483880 0 52
2485329 0 60
2486901 0 50
2488375 0 55
2489898 0 70
2491274 0 43
2492797 0 56
2494222 0 60
2495794 0 58
2497366 0 68
2498840 0 44
2500265 0 57
2501813 0 64
2503336 0 46
2504859 0 50
2506308 0 52
2507782 0 60
2509232 0 64
2510779 0 48
2512303 0 56
2513801 0 57
2515300 0 57
2516749 0 55
2518248 0 55
2519697 0 49
2521196 0 71
2522596 0 45
2524094 0 57
2525667 0 61
2527091 0 38
2528565 0 57
2530113 0 53
2531636 0 67
2533036 0 42
2534511 0 57
2535984 0 65
2537434 0 46
2538859 0 55
2540333 0 62
2541880 0 39
2543403 0 52
2544927 0 60
2546327 0 51
2547825 0 54
2549275 0 56
2550773 0 72
2552174 0 42
2553697 0 60
2555195 0 57
2556767 0 68
2558217 0 39
2559715 0 60
2561214 0 54
2562762 0 57
2564334 0 70
2565857 0 46
2567356 0 56
2568854 0 64
2570328 0 38
2571802 0 50
2573325 0 51
2574824 0 68
2576298 0 42
2577772 0 54
2579270 0 69
2580744 0 43
2582243 0 52
2583692 0 57
2585240 0 55
2586812 0 58
2588237 0 58
2589809 0 70
2591234 0 40
2592806 0 54
2594280 0 56
2595803 0 51
2597351 0 53
2598825 0 52
2600299 0 69
2601748 0 43
2603198 0 60
2604623 0 72
2606072 0 41
2607497 0 49
2608995 0 54
2610420 0 55
2611943 0 52
2613442 0 63
2614891 0 42
2616316 0 51
2617716 0 61
2619264 0 39
2620714 0 56
2622237 0 55
2623735 0 66
2625307 0 37
2626806 0 51
2628280 0 49
2629852 0 53
2631400 0 55
2632874 0 52
2634348 0 53
2635773 0 59
2637320 0 70
2638794 0 46
2640244 0 53
2641791 0 50
2643314 0 54
2644739 0 63
2646262 0 46
2647835 0 53
2649284 0 56
2650783 0 53
2652306 0 65
2653731 0 46
2655205 0 56
2656654 0 54
2658054 0 70
2659528 0 48
2661027 0 56
2662476 0 49
2663901 0 49
2665375 0 51
2666824 0 51
2668372 0 50
2669846 0 68
2671271 0 47
2672819 0 57
2674317 0 54
2675840 0 54
2677388 0 70
2678813 0 37
2680311 0 55
2681736 0 58
2683284 0 71
2684684 0 48
2686133 0 56
2687632 0 53
2689131 0 53
2690629 0 66
2692103 0 46
2693675 0 49
2695174 0 56
2696697 0 60
2698146 0 59
2699645 0 49
2701193 0 53
2702716 0 64
2704190 0 37
2705590 0 53
2707113 0 63
2708685 0 48
2710086 0 54
2711584 0 70
2713083 0 44
2714581 0 55
2716129 0 60
2717677 0 65
2719175 0 45
2720698 0 58
2722295 0 50
2723744 0 51
2725292 0 57
2726815 0 69
2728363 0 41
2729812 0 53
2731335 0 51
2732908 0 58
2734333 0 50
2735831 0 55
2737354 0 71
2738828 0 47
2740376 0 50
2741923 0 56
2743373 0 59
2744822 0 54
2746223 0 65
2747746 0 46
2749244 0 55
2750669 0 59
2752143 0 50
2753715 0 56
2755165 0 72
2756614 0 40
2758039 0 50
2759562 0 51
2761061 0 50
2762608 0 60
2764082 0 53
2765654 0 65
2767153 0 43
2768627 0 55
2770199 0 61
2771771 0 43
2773245 0 58
2774818 0 54
2776365 0 52
2777888 0 56
2779436 0 66
2780984 0 39
2782507 0 60
2783981 0 54
2785504 0 52
2787052 0 51
2788526 0 61
2789926 0 48
2791498 0 50
2792972 0 49
2794520 0 57
2796068 0 53
2797615 0 50
2799187 0 68
2800711 0 44
2802234 0 59
2803708 0 61
2805157 0 48
2806606 0 50
2808080 0 50
2809604 0 54
2811127 0 57
2812576 0 52
2814025 0 70
2815450 0 44
2816875 0 57
2818374 0 59
2819872 0 67
2821420 0 46
2822943 0 51
2824442 0 51
2825940 0 51
2827463 0 68
2829011 0 40
2830485 0 55
2831910 0 60
2833335 0 57
2834833 0 51
2836307 0 65
2837756 0 46
2839304 0 52
2840876 0 54
2842375 0 63
2843898 0 39
2845446 0 49
2846969 0 59
2848369 0 50
2849843 0 57
2851292 0 52
2852766 0 72
2854191 0 46
2855641 0 51
2857139 0 55
2858589 0 55
2860136 0 57
2861561 0 68
2863060 0 42
2864558 0 58
2866106 0 65
2867678 0 41
2869152 0 50
2870651 0 52
2872149 0 54
2873697 0 63
2875122 0 40
2876547 0 57
2878070 0 54
2879519 0 59
2881067 0 50
2882615 0 55
2884088 0 72
2885562 0 47
2886987 0 57
2888584 0 56
2890034 0 56
2891458 0 53
2892981 0 52
2894431 0 68
2895979 0 46
2897526 0 51
2898951 0 72
2900450 0 44
2901874 0 53
2903348 0 71
2904822 0 38
2906395 0 49
2907918 0 60
2909441 0 60
2910890 0 68
2912389 0 45
2913838 0 59
2915312 0 69
2916884 0 40
2918358 0 50
2919857 0 49
2921306 0 49
2922756 0 59
2924328 0 63
2925851 0 46
2927374 0 52
2928897 0 59
2930445 0 50
2931894 0 55
2933319 0 65
2934818 0 42
2936341 0 57
2937889 0 57
2939338 0 52
2940812 0 51
2942286 0 70
2943784 0 45
2945283 0 53
2946806 0 64
2948329 0 42
2949779 0 49
2951228 0 59
2952677 0 65
2954176 0 37
2955650 0 57
2957099 0 60
2958500 0 49
2959925 0 52
2961472 0 61
2963044 0 45
2964617 0 49
2966066 0 63
2967516 0 40
2968916 0 57
2970414 0 60
2971962 0 52
2973362 0 66
2974885 0 43
2976310 0 58
2977809 0 70
2979234 0 40
2980781 0 54
2982280 0 53
2983705 0 54
2985130 0 60
2986628 0 51
2988028 0 66
2989527 0 43
2991075 0 54
2992573 0 62
2994096 0 41
2995521 0 60
2996946 0 72
2998469 0 45
2999894 0 54
3001417 0 68
3002989 0 38
3004414 0 58
3005839 0 52
3007362 0 59
3008885 0 58
3010384 0 65
3011931 0 41
3013430 0 60
3014879 0 52
3016353 0 56
3017876 0 63
3019399 0 46
3020923 0 58
3022446 0 56
3023993 0 58
3025566 0 51
3027040 0 49
3028464 0 60
3029963 0 63
3031511 0 40
3032960 0 57
3034532 0 56
3036006 0 63
3037480 0 46
3038979 0 52
3040428 0 60
3041951 0 49
3043376 0 49
3044850 0 52
3046275 0 56
3047749 0 66
3049297 0 47
3050746 0 58
3052220 0 56
3053620 0 58
3055168 0 63
3056666 0 40
3058091 0 59
3059590 0 49
3061138 0 53
3062710 0 56
3064159 0 58
3065658 0 61
3067230 0 48
3068630 0 59
3070203 0 72
3071627 0 40
3073052 0 52
3074600 0 51
3076123 0 59
3077572 0 64
3079046 0 46
3080545 0 56
3081970 0 59
3083444 0 59
3084869 0 52
3086367 0 62
3087890 0 38
3089340 0 49
3090912 0 67
3092435 0 43
3094007 0 58
3095481 0 64
3096881 0 46
3098405 0 52
3099928 0 66
3101377 0 38
3102925 0 50
3104448 0 60
3105922 0 57
3107420 0 59
3108894 0 60
3110467 0 57
3111916 0 55
3113365 0 70
3114815 0 41
3116289 0 59
3117763 0 65
3119261 0 41
3120784 0 50
3122283 0 68
3123708 0 47
3125231 0 59
3126680 0 69
3128228 0 44
3129702 0 52
3131250 0 50
3132748 0 58
3134320 0 70
3135696 0 43
3137219 0 54
3138644 0 70
3140167 0 37
3141666 0 60
3143213 0 53
3144687 0 58
3146235 0 63
3147709 0 42
3149232 0 50
3150780 0 56
3152229 0 55
3153703 0 59
3155276 0 69
3156725 0 37
3158174 0 50
3159747 0 56
3161221 0 50
3162719 0 52
3164218 0 63
3165741 0 38
3167313 0 52
3168861 0 60
3170335 0 58
3171907 0 60
3173455 0 71
3174904 0 38
3176353 0 55
3177876 0 61
3179277 0 39
3180775 0 52
3182298 0 61
3183822 0 42
3185345 0 49
3186843 0 72
3188342 0 45
3189816 0 53
3191339 0 71
3192739 0 42
3194238 0 60
3195736 0 56
3197308 0 55
3198832 0 54
3200256 0 49
3201657 0 57
3203081 0 66
3204605 0 37
3206103 0 52
3207577 0 49
3209002 0 51
3210525 0 57
3212048 0 53
3213498 0 66
3215045 0 39
3216470 0 49
3217944 0 62
3219492 0 46
3220990 0 57
3222513 0 57
3223938 0 52
3225510 0 60
3227009 0 57
3228557 0 49
3230031 0 67
3231505 0 48
3233003 0 56
3234502 0 61
3235927 0 40
3237450 0 59
3238875 0 52
3240299 0 50
3241798 0 65
3243223 0 42
3244795 0 51
3246244 0 67
3247743 0 40
3249217 0 53
3250617 0 59
3252165 0 53
3253713 0 57
3255187 0 55
3256734 0 69
3258159 0 44
3259658 0 54
3261132 0 52
3262630 0 60
3264080 0 70
3265578 0 44
3267027 0 49
3268477 0 50
3270049 0 53
3271548 0 51
3272997 0 52
3274520 0 66
3276043 0 40
3277542 0 50
3279065 0 66
3280465 0 48
3281890 0 54
3283438 0 53
3284961 0 56
3286509 0 60
3287909 0 58
3289432 0 59
3290881 0 62
3292380 0 38
3293878 0 58
3295377 0 59
3296949 0 53
3298374 0 59
3299922 0 62
3301347 0 42
3302771 0 56
3304344 0 53
3305891 0 68
3307365 0 38
3308913 0 56
3310411 0 52
3311861 0 57
3313384 0 49
3314883 0 62
3316307 0 42
3317757 0 59
3319206 0 55
3320779 0 54
3322203 0 49
3323702 0 52
3325151 0 51
3326601 0 52
3328148 0 65
3329721 0 44
3331195 0 51
3332595 0 56
3334143 0 50
3335715 0 60
3337238 0 68
3338663 0 45
3340235 0 52
3341733 0 72
3343158 0 38
3344608 0 49
3346057 0 55
3347580 0 57
3349005 0 52
3350479 0 55
3352027 0 58
3367877 0 104
3369424 0 104
3370972 0 104
3372446 0 104
3373969 0 104
3375517 0 104
3376991 0 104
3378391 0 104
3379914 0 104
3381413 0 104
3382960 0 105
3384508 0 105
3385982 0 106
3387530 0 104
3389102 0 105
3390527 0 105
3392001 0 105
3393425 0 105
3394924 0 106
3396472 0 104
3397896 0 105
3399346 0 106
3400844 0 104
3402392 0 105
3403817 0 105
3405291 0 105
3406839 0 105
3408337 0 105
3409836 0 106
3411310 0 104
3412833 0 105
3414282 0 105
3415732 0 105
3417181 0 105
3418704 0 105
3420227 0 105
3421652 0 106
3423077 0 104
3424477 0 105
3425877 0 106
3427450 0 104
3428948 0 105
3430471 0 105
3431921 0 105
3433370 0 106
3434869 0 104
3436269 0 105
3437817 0 105
3439291 0 105
3440740 0 106
3442214 0 104
3443737 0 105
3445187 0 105
3446636 0 105
3448208 0 105
3449780 0 105
3451181 0 105
3452606 0 106
3454104 0 104
3455504 0 105
3456905 0 105
3458379 0 105
3459902 0 105
3461400 0 105
3462874 0 105
3464373 0 106
3465871 0 104
3467321 0 105
3468795 0 106
3470342 0 104
3471792 0 105
3473217 0 105
3474642 0 105
3476116 0 105
3477516 0 105
3479063 0 105
3480587 0 106
3482036 0 104
3483535 0 105
3485008 0 106
3486482 0 104
3487981 0 105
3489406 0 105
3490880 0 105
3492305 0 105
3493705 0 105
3495154 0 105
3496653 0 106
3498176 0 104
3499724 0 105
3501247 0 105
3502696 0 105
3504170 0 105
3505595 0 106
3507143 0 104
3508666 0 105
3510164 0 105
3511565 0 105
3513063 0 105
3514635 0 106
3516085 0 104
3517485 0 105
3518910 0 105
3520310 0 105
3521858 0 106
3523332 0 104
3524830 0 105
3526378 0 105
3527901 0 105
3529326 0 106
3530849 0 104
3532323 0 105
3533797 0 105
3535246 0 106
3536794 0 104
3538317 0 105
3539767 0 105
3541216 0 105
3542715 0 106
3544238 0 104
3545663 0 105
3547137 0 105
3548635 0 105
3550158 0 106
3551681 0 104
3553204 0 105
3554654 0 106
3556128 0 104
3557651 0 105
3559100 0 106
3560550 0 104
3562048 0 105
3563522 0 106
3564947 0 104
3566470 0 105
3567895 0 106
3569369 0 104
3570843 0 105
3572391 0 106
3573963 0 104
3575388 0 105
3576813 0 106
3578336 0 104
3579883 0 105
3581357 0 105
3582905 0 105
3584355 0 105
3585804 0 105
3587302 0 106
3588703 0 104
3590177 0 105
3591700 0 106
3593223 0 104
3594648 0 105
3596073 0 105
3597571 0 105
3599021 0 105
3600593 0 105
3602091 0 105
3603639 0 105
3605138 0 106
3606636 0 104
3608110 0 105
3609633 0 106
3611058 0 104
3612483 0 105
3614006 0 105
3615455 0 105
3617003 0 105
3618452 0 106
3619902 0 104
3621327 0 105
3622874 0 105
3624398 0 105
3625798 0 105
3627198 0 106
3628770 0 104
3630318 0 105
3631792 0 106
3633266 0 104
3634715 0 105
3636140 0 105
3637590 0 105
3639088 0 105
3640636 0 106
3642110 0 104
3643559 0 105
3644959 0 105
3646483 0 105
3647932 0 105
3649480 0 105
3650954 0 106
3652354 0 104
3653754 0 105
3655204 0 105
3656678 0 105
3658127 0 105
3659626 0 105
3661050 0 106
3662524 0 104
3664048 0 105
3665546 0 105
3667094 0 105
3668494 0 105
3669919 0 105
3671417 0 105
3672940 0 106
3674488 0 104
3675938 0 105
3677362 0 105
3678885 0 105
3680310 0 105
3681784 0 105
3683283 0 105
3684708 0 105
3686133 0 106
3687631 0 104
3689179 0 105
3690702 0 106
3692201 0 104
3693625 0 105
3695173 0 105
3696573 0 105
3697973 0 105
3699472 0 105
3700897 0 106
3702346 0 104
3703820 0 105
3705368 0 105
3706842 0 105
3708340 0 105
3709790 0 105
3711313 0 105
3712861 0 106
3714285 0 104
3715735 0 105
3717160 0 106
3718585 0 104
3720132 0 105
3721557 0 105
3723080 0 105
3724505 0 105
3725930 0 105
3727478 0 106
3728952 0 104
3730450 0 105
3731998 0 105
3733423 0 105
3734970 0 105
3736444 0 105
3737918 0 106
3739392 0 104
3740792 0 105
3742340 0 106
3743888 0 104
3745411 0 105
3746910 0 105
3748383 0 105
3749931 0 105
3751356 0 106
3752879 0 104
3754402 0 105
3755950 0 106
3757522 0 104
3758996 0 105
3760446 0 105
3761895 0 105
3763393 0 105
3764867 0 106
3766366 0 104
3767865 0 105
3769412 0 106
3770935 0 104
3772385 0 105
3773859 0 106
3775308 0 104
3776708 0 105
3778256 0 105
3779804 0 106
3781327 0 104
3782727 0 105
3784152 0 105
3785675 0 106
3787075 0 104
3788574 0 105
3789999 0 105
3791448 0 105
3792922 0 105
3794470 0 105
3795968 0 106
3797418 0 104
3798867 0 105
3800390 0 105
3801889 0 106
3803436 0 104
3804886 0 105
3806409 0 106
3807858 0 104
3809283 0 105
3810831 0 105
3812379 0 105
3813828 0 105
3815327 0 105
3816776 0 105
3818250 0 106
3819650 0 104
3821100 0 105
3822500 0 106
3823974 0 104
3825497 0 105
3827020 0 105
3828420 0 105
3829968 0 105
3831368 0 105
3832867 0 105
3834316 0 106
3835766 0 104
3837240 0 105
3838787 0 105
3840310 0 105
3841784 0 106
3843209 0 104
3844659 0 105
3846133 0 106
3847557 0 104
3849056 0 105
3850530 0 106
3852004 0 104
3853503 0 105
3855075 0 105
3856622 0 106
3858146 0 104
3859669 0 105
3861069 0 105
3862592 0 105
3864041 0 105
3865466 0 105
3866916 0 106
3868439 0 104
3869888 0 105
3871387 0 105
3872861 0 105
3874286 0 106
3875710 0 104
3877111 0 105
3878634 0 106
3880059 0 104
3881459 0 105
3882957 0 105
3884358 0 105
3885758 0 106
3887183 0 104
3888657 0 105
3890106 0 106
3891507 0 104
3892981 0 105
3894454 0 105
3895928 0 106
3897353 0 104
3898876 0 105
3900277 0 106
3901800 0 104
3903225 0 105
3904723 0 106
3906246 0 104
3907769 0 105
3909342 0 106
3910865 0 104
3912363 0 105
3913862 0 105
3915360 0 105
3916834 0 105
3918333 0 106
3919881 0 104
3921281 0 105
3922730 0 105
3924204 0 105
3925752 0 106
3927201 0 104
3928774 0 105
3930297 0 105
3931722 0 105
3933269 0 105
3934768 0 106
3936291 0 104
3937789 0 105
3939312 0 105
3940737 0 106
3942162 0 104
3943685 0 105
3945135 0 105
3946658 0 105
3948132 0 106
3949532 0 104
3950981 0 105
3952455 0 105
3953880 0 106
3955379 0 104
3956877 0 105
3958450 0 105
3959850 0 106
3961299 0 104
3962749 0 105
3964296 0 105
3965697 0 105
3967097 0 106
3968522 0 104
3969947 0 105
3971347 0 105
3972747 0 105
3974172 0 105
3975671 0 105
3977095 0 105
3978619 0 106
3980093 0 104
3981616 0 105
3983114 0 105
3984588 0 106
3985988 0 104
3987413 0 105
3988961 0 105
3990361 0 105
3991884 0 106
3993432 0 104
3994955 0 105
3996355 0 106
3997780 0 104
3999328 0 105
4000900 0 105
4002374 0 105
4003897 0 105
4005371 0 105
4006919 0 105
4008467 0 106
4009867 0 104
4011390 0 105
4012839 0 105
4014264 0 105
4015787 0 105
4017286 0 106
4018735 0 104
4020136 0 105
4021560 0 105
4023083 0 105
4024631 0 106
4026081 0 104
4027555 0 105
4029102 0 106
4030650 0 104
4032124 0 105
4033622 0 105
4035170 0 105
4036718 0 105
4038216 0 105
4039715 0 106
4041238 0 104
4042737 0 105
4044235 0 105
4045734 0 105
4047208 0 105
4048608 0 105
4050156 0 105
4051605 0 106
4053153 0 104
4054700 0 105
4056199 0 105
4057648 0 105
4059220 0 106
4060670 0 104
4062168 0 105
4063716 0 105
4065116 0 106
4066566 0 104
4068064 0 105
4069489 0 105
4071012 0 105
4072511 0 105
4073936 0 105
4075410 0 105
4076957 0 106
4078456 0 104
4079954 0 105
4081502 0 105
4082951 0 105
4084352 0 105
4085875 0 106
4087423 0 104
4088872 0 105
4090420 0 105
4091820 0 106
4093368 0 104
4094842 0 105
4096365 0 105
4097912 0 106
4099435 0 104
4100934 0 105
4102482 0 106
4103931 0 104
4105380 0 105
4106854 0 106
4108255 0 104
4109729 0 105
4111301 0 105
4112701 0 105
4114249 0 105
4115649 0 105
4117099 0 105
4118573 0 105
4120096 0 106
4121545 0 104
4123068 0 105
4124591 0 106
4126065 0 104
4127588 0 105
4129112 0 105
4130635 0 105
4132109 0 105
4133509 0 106
4134934 0 104
4136359 0 105
4137857 0 105
4139331 0 106
4140805 0 104
4142230 0 105
4143679 0 106
4145227 0 104
4146726 0 105
4148273 0 105
4149821 0 105
4151295 0 105
4152818 0 105
4154316 0 106
4155741 0 104
4157289 0 105
4158837 0 106
4160262 0 104
4161785 0 105
4163308 0 105
4164733 0 106
4166280 0 104
4167828 0 105
4169351 0 105
4170800 0 105
4172250 0 105
4173699 0 106
4175149 0 104
4176647 0 105
4178219 0 105
4179743 0 105
4181217 0 105
4182641 0 105
4184189 0 105
4185663 0 106
4187088 0 104
4188611 0 105
4190110 0 105
4191608 0 105
4193058 0 106
4194507 0 104
4196005 0 105
4197504 0 106
4198978 0 104
4200378 0 105
4201926 0 105
4203449 0 106
4205021 0 104
4206495 0 105
4208043 0 105
4209541 0 105
4211016 0 106
4212489 0 104
4213988 0 105
4215437 0 106
4216911 0 104
4218336 0 105
4219908 0 105
4221432 0 105
4222979 0 105
4224404 0 105
4225829 0 105
4227327 0 105
4228851 0 106
4230349 0 104
4231799 0 105
4233248 0 105
4234771 0 105
4236294 0 105
4237744 0 106
4239218 0 104
4240642 0 105
4242165 0 106
4243689 0 104
4245212 0 105
4246759 0 106
4248160 0 104
4249634 0 105
4251157 0 105
4252606 0 106
4254154 0 104
4255603 0 105
4257102 0 105
4258649 0 106
4260099 0 104
4261622 0 105
4263096 0 105
4264545 0 105
4265995 0 106
4267542 0 104
4268992 0 105
4270466 0 105
