26533 0 11
28032 0 3
29432 0 5
30857 0 5
32331 0 3
33854 0 10
35303 0 3
36704 0 3
38153 0 5
39676 0 2
41175 0 23
42624 0 22
44123 0 30
45523 0 1
46923 0 22
48446 0 27
49847 0 4
51247 0 21
52745 0 24
54244 0 16
55644 0 13
57143 0 18
58592 0 25
60115 0 11
61663 0 21
63137 0 15
64611 0 19
66183 0 19
67706 0 19
69156 0 25
70728 0 6
72227 0 20
73676 0 22
75125 0 21
76575 0 16
77975 0 18
79424 0 21
80874 0 19
82397 0 32
83871 0 1
85370 0 18
86843 0 16
88293 0 28
89816 0 2
91315 0 24
92788 0 34
94287 0 2
95712 0 24
97112 0 18
98684 0 26
100085 0 10
101583 0 20
103057 0 34
104605 0 8
106079 0 22
107651 0 20
109150 0 24
110673 0 17
112098 0 27
113645 0 7
115144 0 24
116642 0 20
118116 0 17
119541 0 19
120991 0 34
122440 0 6
123865 0 20
125363 0 18
126837 0 14
128360 0 26
129761 0 2
131235 0 13
132635 0 28
134158 0 3
135632 0 18
137204 0 14
138703 0 24
140128 0 14
141577 0 22
143149 0 31
144722 0 4
146245 0 23
147792 0 15
149242 0 20
150765 0 30
152165 0 7
153737 0 20
155285 0 15
156735 0 20
158233 0 23
159658 0 27
161083 0 10
162606 0 18
164055 0 24
165603 0 27
167126 0 3
168625 0 18
170123 0 36
171622 0 8
173120 0 13
174545 0 18
175994 0 35
177444 0 5
178844 0 13
180367 0 36
181915 0 3
183463 0 21
184986 0 33
186460 0 7
187983 0 14
189457 0 35
190882 0 9
192405 0 13
193903 0 18
195426 0 24
196974 0 26
198448 0 6
199996 0 19
201445 0 17
202993 0 23
204540 0 24
206014 0 22
207488 0 25
208987 0 3
210387 0 20
211960 0 17
213360 0 13
214785 0 34
216234 0 2
217733 0 14
219182 0 16
220558 0 15
222105 0 23
223604 0 31
225127 0 1
226626 0 16
228149 0 16
229573 0 19
231146 0 14
232521 0 13
234045 0 35
235543 0 6
237042 0 15
238442 0 33
239990 0 12
241537 0 14
242938 0 21
244510 0 20
246057 0 15
247531 0 24
249030 0 29
250430 0 3
251929 0 14
253403 0 33
254901 0 8
256424 0 13
257972 0 22
259544 0 15
261092 0 15
262591 0 23
264138 0 31
265612 0 8
267184 0 13
268708 0 16
270083 0 24
271582 0 26
273105 0 7
274677 0 22
276102 0 26
277527 0 5
279025 0 19
280499 0 13
281900 0 15
283398 0 19
284848 0 16
286297 0 28
287697 0 11
289098 0 18
290645 0 17
292095 0 19
293642 0 27
295141 0 8
296639 0 19
298212 0 30
299636 0 9
301135 0 18
302584 0 13
304009 0 17
305434 0 28
306908 0 8
308358 0 17
309881 0 24
311379 0 20
312878 0 19
314303 0 17
315850 0 32
317398 0 5
318896 0 19
320395 0 25
321844 0 7
323392 0 16
324866 0 15
326315 0 19
327888 0 13
329362 0 15
330811 0 15
332310 0 30
333833 0 9
335282 0 19
336781 0 18
338304 0 24
339802 0 13
341350 0 14
342799 0 20
344273 0 33
345821 0 11
347246 0 19
348744 0 17
350218 0 34
351717 0 4
353093 0 20
354591 0 24
356139 0 15
357638 0 13
359111 0 14
360512 0 23
362059 0 25
363484 0 9
365032 0 14
366481 0 27
367931 0 2
369356 0 17
370780 0 27
372328 0 10
373827 0 23
375350 0 36
376824 0 2
378273 0 18
379723 0 16
381147 0 24
382646 0 23
384046 0 18
385594 0 17
387117 0 27
388566 0 2
389967 0 14
391416 0 13
392841 0 18
394266 0 15
395715 0 35
397263 0 5
398737 0 18
400162 0 15
401709 0 13
403110 0 33
404608 0 12
406082 0 14
407581 0 23
409030 0 32
410578 0 10
412101 0 21
413526 0 18
414951 0 18
416400 0 34
417923 0 1
419397 0 21
420822 0 34
422222 0 7
423770 0 22
425268 0 13
426767 0 13
428290 0 24
429838 0 31
431287 0 11
432835 0 18
434333 0 33
435758 0 3
437232 0 23
438780 0 15
440278 0 23
441728 0 18
443275 0 15
444750 0 27
446150 0 4
447648 0 20
449196 0 16
450695 0 14
452119 0 16
453642 0 28
455043 0 6
456468 0 13
457917 0 15
459317 0 14
460791 0 32
462314 0 2
463715 0 17
465262 0 14
466761 0 16
468259 0 24
469807 0 19
471379 0 24
472829 0 30
474303 0 8
475801 0 18
477349 0 14
478872 0 30
480248 0 8
481795 0 13
483319 0 20
484891 0 18
486389 0 22
487962 0 20
489558 0 16
491057 0 32
492531 0 4
493956 0 17
495479 0 34
496928 0 12
498329 0 17
499876 0 23
501424 0 17
502922 0 30
504323 0 10
505895 0 16
507344 0 20
508892 0 14
510391 0 31
511963 0 9
513437 0 15
514911 0 17
516434 0 21
517908 0 19
519357 0 21
520831 0 30
522231 0 12
523755 0 16
525179 0 17
526580 0 33
528029 0 6
529601 0 24
531026 0 28
532525 0 2
534072 0 15
535497 0 19
536947 0 18
538470 0 23
540042 0 36
541467 0 5
542892 0 21
544366 0 21
545889 0 16
547363 0 28
548935 0 2
550384 0 18
551834 0 15
553308 0 15
554856 0 14
556305 0 30
557754 0 8
559327 0 14
560801 0 21
562225 0 24
563650 0 17
565075 0 13
566623 0 18
568146 0 34
569595 0 4
571069 0 23
572470 0 31
574017 0 1
575516 0 22
577088 0 28
578537 0 8
580061 0 20
581584 0 32
582984 0 3
584409 0 15
585907 0 21
587332 0 19
588757 0 23
590231 0 32
591729 0 12
593253 0 23
594702 0 16
596102 0 16
597625 0 20
599148 0 18
600622 0 16
602072 0 35
603521 0 9
605069 0 16
606494 0 15
607992 0 34
609540 0 8
611112 0 17
612537 0 16
613937 0 17
615387 0 13
616861 0 17
618359 0 13
619784 0 26
621160 0 5
622609 0 22
624083 0 23
625484 0 19
626958 0 26
628333 0 6
629905 0 24
631379 0 14
632927 0 20
634426 0 19
635924 0 32
637447 0 1
638970 0 15
640444 0 22
642017 0 13
643540 0 13
645087 0 13
646488 0 21
647986 0 31
649534 0 10
651106 0 23
652556 0 23
654079 0 32
655479 0 9
657002 0 20
658599 0 18
660122 0 20
661719 0 29
663119 0 2
664519 0 21
665944 0 23
667418 0 16
668818 0 18
670391 0 13
671791 0 29
673265 0 10
674788 0 17
676213 0 14
677711 0 29
679235 0 2
680635 0 16
682011 0 29
683435 0 8
684885 0 19
686359 0 34
687759 0 3
689233 0 13
690707 0 19
692132 0 13
693630 0 16
695129 0 18
696578 0 19
698028 0 36
699600 0 3
701074 0 19
702622 0 14
704120 0 34
705521 0 5
706945 0 15
708493 0 27
710041 0 5
711490 0 24
712915 0 32
714438 0 8
715986 0 20
717509 0 33
719056 0 4
720506 0 24
722054 0 14
723528 0 13
724928 0 34
726377 0 3
727876 0 18
729325 0 15
730848 0 21
732273 0 20
733845 0 27
735319 0 6
736892 0 22
738390 0 24
739864 0 29
741412 0 1
742886 0 17
744433 0 24
745834 0 17
747308 0 35
748782 0 3
750329 0 23
751779 0 33
753204 0 9
754702 0 18
756127 0 19
757699 0 24
759149 0 17
760647 0 15
762146 0 13
763693 0 25
765192 0 11
766592 0 13
767993 0 17
769393 0 22
770916 0 14
772316 0 34
773741 0 8
775338 0 19
776910 0 23
778384 0 15
779932 0 26
781357 0 6
782806 0 22
784305 0 27
785852 0 12
787351 0 16
788776 0 13
790225 0 24
791773 0 24
793247 0 22
794794 0 26
796317 0 4
797841 0 23
799315 0 27
800788 0 3
802312 0 20
803786 0 19
805210 0 28
806611 0 4
807986 0 16
809387 0 25
810812 0 2
812335 0 17
813882 0 34
815332 0 3
816781 0 17
818231 0 13
819705 0 14
821252 0 22
822702 0 22
824176 0 36
825723 0 9
827295 0 18
828819 0 23
830317 0 16
831767 0 15
833216 0 21
834739 0 20
836213 0 13
837736 0 34
839186 0 6
840758 0 17
842306 0 25
843804 0 10
845303 0 14
846850 0 17
848373 0 18
849847 0 21
851321 0 31
852844 0 1
854318 0 18
855817 0 25
857266 0 10
858790 0 14
860190 0 31
861688 0 7
863138 0 14
864636 0 14
866135 0 23
867658 0 30
869107 0 12
870655 0 14
872080 0 30
873480 0 10
875028 0 14
876502 0 35
878000 0 7
879425 0 14
880875 0 27
882349 0 6
883773 0 19
885198 0 20
886770 0 17
888294 0 29
889841 0 5
891242 0 20
892740 0 25
894239 0 12
895663 0 20
897113 0 17
898513 0 27
899987 0 12
901412 0 16
902861 0 13
904335 0 14
905736 0 21
907160 0 22
908708 0 21
910280 0 19
911803 0 27
913204 0 12
914604 0 14
916053 0 21
917503 0 16
918977 0 20
920426 0 18
921851 0 35
923251 0 4
924774 0 18
926298 0 13
927722 0 15
929172 0 20
973925 0 101
975349 0 101
976872 0 101
978420 0 101
979919 0 101
981319 0 101
982842 0 101
984291 0 101
985692 0 101
987190 0 101
988590 0 102
990114 0 102
991661 0 102
993111 0 103
994585 0 101
996108 0 102
997508 0 103
998933 0 101
1000407 0 102
1001930 0 102
1003355 0 102
1004878 0 103
1006450 0 101
1007973 0 102
1009472 0 102
1010872 0 102
1012272 0 102
1013673 0 102
1015122 0 102
1016571 0 103
1018021 0 101
1019544 0 102
1021043 0 102
1022467 0 102
1023966 0 102
1025366 0 102
1026914 0 102
1028437 0 102
1029886 0 103
1031410 0 101
1032908 0 102
1034382 0 103
1035856 0 101
1037355 0 102
1038829 0 102
1040253 0 102
1041703 0 102
1043201 0 103
1044651 0 101
1046051 0 102
1047525 0 102
1049024 0 102
1050522 0 102
1051996 0 102
1053396 0 103
1054895 0 101
1056418 0 102
1057892 0 103
1059464 0 101
1060889 0 102
1062289 0 103
1063837 0 101
1065336 0 102
1066834 0 102
1068308 0 103
1069831 0 101
1071256 0 102
1072804 0 103
1074327 0 101
1075825 0 102
1077226 0 102
1078724 0 102
1080223 0 102
1081721 0 103
1083220 0 101
1084694 0 102
1086143 0 103
1087715 0 101
1089214 0 102
1090688 0 102
1092088 0 102
1093538 0 103
1095036 0 101
1096486 0 102
1097935 0 103
1099483 0 101
1100957 0 102
1102406 0 102
1103905 0 103
1105452 0 101
1106975 0 102
1108425 0 103
1109850 0 101
1111274 0 102
1112675 0 102
1114075 0 102
1115500 0 102
1117048 0 102
1118571 0 102
1120094 0 103
1121641 0 101
1123165 0 102
1124614 0 102
1126137 0 102
1127562 0 102
1129110 0 102
1130657 0 102
1132058 0 103
1133581 0 101
1135030 0 102
1136479 0 103
1137929 0 101
1139329 0 102
1140852 0 103
1142351 0 101
1143825 0 102
1145299 0 102
1146822 0 102
1148320 0 102
1149844 0 103
1151367 0 101
1152841 0 102
1154339 0 102
1155813 0 102
1157263 0 103
1158786 0 101
1160235 0 102
1161684 0 102
1163232 0 103
1164804 0 101
1166254 0 102
1167654 0 102
1169177 0 102
1170577 0 103
1172002 0 101
1173403 0 102
1174803 0 102
1176228 0 102
1177775 0 103
1179274 0 101
1180748 0 102
1182148 0 102
1183573 0 102
1185022 0 103
1186546 0 101
1187946 0 102
1189371 0 102
1190894 0 102
1192319 0 102
1193743 0 102
1195144 0 103
1196569 0 101
1198116 0 102
1199664 0 102
1201064 0 102
1202587 0 103
1204110 0 101
1205584 0 102
1207108 0 102
1208631 0 102
1210178 0 103
1211701 0 101
1213175 0 102
1214625 0 102
1216099 0 102
1217573 0 102
1219096 0 102
1220545 0 103
1222044 0 101
1223469 0 102
1224918 0 102
1226343 0 103
1227915 0 101
1229463 0 102
1230912 0 102
1232435 0 102
1233909 0 103
1235432 0 101
1236980 0 102
1238430 0 102
1239953 0 102
1241377 0 102
1242851 0 102
1244350 0 103
1245922 0 101
1247445 0 102
1248895 0 102
1250393 0 102
1251941 0 103
1253489 0 101
1254889 0 102
1256412 0 102
1257935 0 102
1259385 0 103
1260908 0 101
1262406 0 102
1263856 0 103
1265403 0 101
1266877 0 102
1268327 0 103
1269850 0 101
1271397 0 102
1272798 0 103
1274247 0 101
1275746 0 102
1277269 0 102
1278816 0 102
1280340 0 102
1281887 0 102
1283410 0 102
1284933 0 103
1286383 0 101
1287906 0 102
1289306 0 102
1290780 0 102
1292303 0 102
1293826 0 102
1295325 0 102
1296873 0 103
1298420 0 101
1299919 0 102
1301393 0 102
1302891 0 102
1304316 0 103
1305815 0 101
1307215 0 102
1308664 0 103
1310212 0 101
1311686 0 102
1313136 0 102
1314585 0 102
1316084 0 102
1317631 0 102
1319105 0 102
1320653 0 102
1322127 0 103
1323552 0 101
1325050 0 102
1326500 0 102
1327949 0 102
1329374 0 103
1330823 0 101
1332248 0 102
1333771 0 103
1335221 0 101
1336621 0 102
1338169 0 102
1339593 0 102
1340994 0 102
1342443 0 103
1343942 0 101
1345416 0 102
1346939 0 102
1348339 0 102
1349862 0 103
1351410 0 101
1352884 0 102
1354358 0 102
1355807 0 102
1357281 0 102
1358804 0 102
1360327 0 103
1361875 0 101
1363349 0 102
1364823 0 103
1366322 0 101
1367722 0 102
1369220 0 103
1370768 0 101
1372168 0 102
1373691 0 102
1375092 0 102
1376615 0 102
1378040 0 103
1379489 0 101
1380914 0 102
1382339 0 102
1383862 0 102
1385360 0 103
1386908 0 101
1388456 0 102
1389979 0 102
1391453 0 103
1392927 0 101
1394401 0 102
1395850 0 103
1397422 0 101
1398921 0 102
1400321 0 103
1401820 0 101
1403294 0 102
1404768 0 103
1406315 0 101
1407765 0 102
1409313 0 103
1410737 0 101
1412236 0 102
1413759 0 102
1415159 0 102
1416633 0 102
1418156 0 102
1419557 0 102
1420957 0 103
1422431 0 101
1423856 0 102
1425256 0 102
1426681 0 103
1428130 0 101
1429653 0 102
1431177 0 102
1432651 0 102
1434174 0 103
1435623 0 101
1437023 0 102
1438448 0 102
1439996 0 102
1441445 0 102
1442993 0 103
1444467 0 101
1445892 0 102
1447415 0 102
1448889 0 102
1450412 0 102
1451886 0 102
1453335 0 102
1454883 0 102
1456332 0 103
1457782 0 101
1459280 0 102
1460705 0 102
1462228 0 103
1463801 0 101
1465275 0 102
1466822 0 103
1468296 0 101
1469696 0 102
1471220 0 102
1472620 0 102
1474143 0 103
1475568 0 101
1477017 0 102
1478565 0 102
1480039 0 102
1481464 0 102
1482889 0 102
1484387 0 103
1485836 0 101
1487286 0 102
1488760 0 102
1490258 0 102
1491732 0 102
1493157 0 102
1494656 0 103
1496154 0 101
1497653 0 102
1499053 0 103
1500576 0 101
1501977 0 102
1503475 0 103
1504998 0 101
1506497 0 102
1507897 0 102
1509346 0 103
1510796 0 101
1512344 0 102
1513817 0 103
1515218 0 101
1516741 0 102
1518141 0 102
1519615 0 103
1521065 0 101
1522612 0 102
1524012 0 102
1525413 0 102
1526911 0 102
1528336 0 103
1529884 0 101
1531358 0 102
1532783 0 102
1534330 0 102
1535755 0 102
1537205 0 102
1538728 0 102
1540251 0 103
1541700 0 101
1543223 0 102
1544697 0 102
1546122 0 102
1547547 0 103
1548972 0 101
1550397 0 102
1551944 0 102
1553467 0 102
1554941 0 103
1556391 0 101
1557914 0 102
1559462 0 102
1560985 0 102
1562508 0 103
1564031 0 101
1565456 0 102
1566979 0 102
1568502 0 102
1569951 0 102
1571376 0 103
1572850 0 101
1574275 0 102
1575749 0 102
1577174 0 102
1578623 0 103
1580122 0 101
1581596 0 102
1583021 0 103
1584568 0 101
1586067 0 102
1587541 0 103
1589113 0 101
1590538 0 102
1592012 0 103
1593584 0 101
1595107 0 102
1596532 0 102
1597932 0 103
1599357 0 101
1600856 0 102
1602281 0 103
1603828 0 101
1605253 0 102
1606752 0 103
1608177 0 101
1609601 0 102
1611075 0 102
1612549 0 102
1614023 0 102
1615571 0 102
1617119 0 103
1618642 0 101
1620067 0 102
1621614 0 102
1623088 0 103
1624587 0 101
1626012 0 102
1627559 0 102
1629058 0 102
1630507 0 102
1632006 0 103
1633504 0 101
1634905 0 102
1636330 0 102
1637828 0 102
1639327 0 103
1640874 0 101
1642299 0 102
1643749 0 102
1645198 0 103
1646721 0 101
1648269 0 102
1649792 0 103
1651217 0 101
1652642 0 102
1654165 0 102
1655565 0 103
1656990 0 101
1658488 0 102
1659913 0 102
1661461 0 102
1662984 0 102
1664507 0 102
1665981 0 102
1667381 0 103
1668929 0 101
1670354 0 102
1671877 0 102
1673326 0 102
1674825 0 102
1676250 0 102
1677797 0 102
1679271 0 103
1680721 0 101
1682244 0 102
1683669 0 103
1685094 0 101
1686543 0 102
1687992 0 102
1689540 0 102
1691088 0 102
1692488 0 102
1693987 0 102
1695436 0 103
1696959 0 101
1698482 0 102
1699981 0 102
1701381 0 103
1702880 0 101
1704403 0 102
1705950 0 102
1707498 0 103
1708948 0 101
1710471 0 102
1711994 0 102
1713541 0 102
1715015 0 102
1716416 0 102
1717865 0 103
1719314 0 101
1720813 0 102
1722213 0 102
1723663 0 102
1725210 0 102
1726635 0 102
1728060 0 103
1729534 0 101
1730983 0 102
1732457 0 102
1733980 0 102
1735454 0 103
1736879 0 101
1738304 0 102
1739803 0 103
1741252 0 101
1742677 0 102
1744200 0 102
1745625 0 102
1747099 0 102
1748597 0 103
1750170 0 101
1751668 0 102
1753093 0 102
1754518 0 102
1755992 0 103
1757540 0 101
1759038 0 102
1760586 0 102
1761986 0 102
1763534 0 102
1765008 0 102
1766457 0 103
1767980 0 101
1769528 0 102
1771076 0 103
1772550 0 101
1774023 0 102
1775424 0 103
1776898 0 101
1778323 0 102
1779747 0 103
1781197 0 101
1782671 0 102
1784219 0 102
1785717 0 102
1787142 0 102
1788640 0 102
1790139 0 102
1791564 0 103
1793087 0 101
1794536 0 102
1796010 0 103
1797435 0 101
1798860 0 102
1800285 0 102
1801833 0 102
1803257 0 102
1804780 0 102
1806205 0 103
1807728 0 101
1809202 0 102
1810701 0 102
1812249 0 102
1813673 0 102
1815197 0 102
1816720 0 102
1818169 0 103
1819594 0 101
1821019 0 102
1822419 0 102
1823967 0 102
1825490 0 103
1827013 0 101
1828512 0 102
1830035 0 103
1831533 0 101
1833056 0 102
1834481 0 102
1835980 0 102
1837429 0 102
1838977 0 102
1840524 0 103
1841949 0 101
1843497 0 102
1844946 0 102
1846469 0 102
1848017 0 102
1849442 0 103
1850990 0 101
1852488 0 102
1853913 0 102
1855338 0 102
1856738 0 102
1858286 0 102
1859809 0 102
1861283 0 103
1862831 0 101
1864378 0 102
1865828 0 103
1867375 0 101
1868899 0 102
1870299 0 102
1871797 0 102
1873345 0 102
1874745 0 102
1890551 0 48
1892000 0 40
1893425 0 42
1894924 0 45
1896447 0 40
1897970 0 37
1899469 0 40
1901016 0 48
1902466 0 43
1903940 0 42
1905438 0 60
1906961 0 60
1908386 0 60
1909909 0 51
1911408 0 71
1912906 0 46
1914429 0 49
1915928 0 69
1917377 0 45
1918925 0 53
1920374 0 63
1921898 0 42
1923445 0 51
1924895 0 71
1926344 0 46
1927867 0 49
1929317 0 59
1930766 0 68
1932289 0 44
1933714 0 58
1935139 0 49
1936613 0 49
1938111 0 71
1939536 0 40
1941010 0 52
1942484 0 71
1943983 0 41
1945407 0 50
1946832 0 70
1948331 0 37
1949879 0 49
1951279 0 60
1952753 0 58
1954300 0 50
1955799 0 56
1957224 0 60
1958747 0 69
1960196 0 38
1961744 0 51
1963316 0 51
1964766 0 60
1966191 0 54
1967763 0 67
1969261 0 41
1970662 0 59
1972136 0 55
1973634 0 67
1975182 0 47
1976754 0 54
1978203 0 63
1979653 0 46
1981102 0 51
1982527 0 51
1984075 0 55
1985622 0 71
1987072 0 48
1988595 0 58
1990044 0 60
1991494 0 69
1993066 0 47
1994565 0 53
1996137 0 64
1997660 0 45
1999183 0 53
2000608 0 64
2002156 0 41
2003654 0 49
2005177 0 57
2006676 0 55
2008199 0 63
2009648 0 45
2011147 0 60
2012694 0 55
2014119 0 52
2015569 0 55
2017116 0 56
2018640 0 54
2020089 0 62
2021563 0 48
2023037 0 49
2024462 0 72
2025936 0 39
2027483 0 53
2029031 0 49
2030579 0 52
2032028 0 58
2033600 0 66
2035124 0 48
2036647 0 54
2038121 0 57
2039545 0 51
2041093 0 69
2042592 0 42
2044090 0 54
2045540 0 52
2046989 0 56
2048463 0 69
2049937 0 43
2051386 0 54
2052860 0 72
2054359 0 39
2055857 0 55
2057331 0 67
2058855 0 45
2060402 0 58
2061876 0 59
2063350 0 55
2064849 0 60
2066372 0 61
2067821 0 47
2069246 0 54
2070794 0 51
2072366 0 64
2073914 0 44
2075339 0 52
2076812 0 53
2078385 0 52
2079957 0 56
2081480 0 72
2082905 0 47
2084453 0 53
2085877 0 62
2087327 0 39
2088752 0 54
2090201 0 54
2091700 0 60
2093247 0 54
2094746 0 54
2096269 0 70
2097718 0 43
2099192 0 49
2100740 0 50
2102288 0 64
2103835 0 46
2105358 0 54
2106882 0 62
2108454 0 39
2110026 0 59
2111451 0 72
2112900 0 42
2114350 0 51
2115799 0 52
2117347 0 65
2118796 0 46
2120246 0 58
2121671 0 51
2123095 0 51
2124496 0 49
2125994 0 64
2127444 0 43
2128918 0 59
2130441 0 55
2131964 0 60
2133462 0 51
2134887 0 63
2136361 0 48
2137811 0 58
2139285 0 58
2140857 0 62
2142306 0 38
2143731 0 60
2145205 0 59
2146654 0 55
2148153 0 58
2149651 0 62
2151052 0 39
2152477 0 59
2153877 0 53
2155449 0 60
2156997 0 52
2158495 0 65
2159920 0 43
2161492 0 52
2163016 0 53
2164514 0 59
2165939 0 57
2167388 0 51
2168911 0 58
2170385 0 71
2171786 0 39
2173333 0 53
2174758 0 69
2176281 0 44
2177854 0 59
2179401 0 55
2180900 0 52
2182447 0 55
2183946 0 51
2185346 0 51
2186869 0 66
2188343 0 45
2189793 0 49
2191316 0 70
2192716 0 44
2194264 0 49
2195689 0 68
2197212 0 38
2198710 0 57
2200307 0 50
2201855 0 52
2203378 0 55
2204827 0 61
2206277 0 37
2207751 0 50
2209176 0 64
2210600 0 40
2212074 0 59
2213499 0 69
2214924 0 39
2216423 0 51
2217847 0 51
2219248 0 50
2220795 0 58
2222343 0 58
2223915 0 62
2225389 0 42
2226839 0 50
2228313 0 51
2229738 0 60
2231212 0 54
2232661 0 50
2234159 0 64
2235683 0 42
2237181 0 49
2238582 0 70
2240006 0 48
2241480 0 50
2242979 0 54
2244428 0 51
2245853 0 58
2247401 0 66
2248899 0 45
2250398 0 50
2251921 0 55
2253370 0 56
2254918 0 52
2256441 0 62
2257940 0 44
2259389 0 50
2260863 0 60
2262362 0 66
2263885 0 44
2265334 0 53
2266882 0 56
2268380 0 59
2269903 0 61
2271476 0 37
2272925 0 58
2274350 0 59
2275873 0 55
2277347 0 58
2278944 0 56
2280393 0 58
2281965 0 50
2283513 0 68
2284987 0 38
2286486 0 52
2287910 0 67
2289434 0 37
2290957 0 57
2292480 0 58
2293929 0 56
2295477 0 56
2297000 0 50
2298474 0 58
2299997 0 55
2301496 0 71
2302945 0 41
2304419 0 56
2305942 0 72
2307441 0 47
2308866 0 58
2310315 0 60
2311813 0 56
2313263 0 51
2314786 0 62
2316334 0 44
2317832 0 49
2319331 0 58
2320903 0 49
2322328 0 51
2323777 0 53
2325276 0 54
2326799 0 65
2328347 0 47
2329771 0 53
2331172 0 49
2332621 0 50
2334071 0 53
2335594 0 52
2337092 0 51
2338566 0 63
2340016 0 44
2341588 0 60
2343111 0 51
2344609 0 53
2346059 0 53
2347557 0 60
2348958 0 61
2350383 0 47
2351832 0 58
2353330 0 58
2354854 0 49
2356278 0 49
2357703 0 61
2359226 0 45
2360799 0 52
2362273 0 58
2363845 0 57
2365393 0 55
2366867 0 61
2368341 0 41
2369913 0 49
2371460 0 59
2372910 0 54
2374335 0 61
2375833 0 40
2377233 0 57
2378683 0 67
2380132 0 44
2381655 0 52
2383228 0 57
2384726 0 50
2386176 0 72
2387699 0 41
2389099 0 52
2390598 0 57
2392096 0 49
2393644 0 55
2395167 0 60
2396665 0 71
2398090 0 48
2399564 0 58
2401087 0 55
2402610 0 50
2404158 0 67
2405657 0 47
2407180 0 57
2408752 0 69
2410251 0 37
2411749 0 54
2413223 0 50
2414623 0 54
2416122 0 56
2417547 0 53
2418996 0 70
2420470 0 44
2421920 0 54
2423344 0 61
2424745 0 48
2426170 0 60
2427668 0 62
2429068 0 40
2430567 0 57
2432041 0 50
2433589 0 57
2435038 0 70
2436438 0 46
2437986 0 50
2439460 0 67
2440958 0 42
2442383 0 49
2443857 0 58
2445429 0 54
2446879 0 69
2448353 0 45
2449925 0 55
2451448 0 51
2452971 0 72
2454519 0 48
2456042 0 53
2457565 0 61
2459039 0 41
2460513 0 53
2462036 0 50
2463535 0 51
2464984 0 60
2466532 0 65
2467981 0 41
2469406 0 60
2470978 0 66
2472551 0 43
2474074 0 51
2475572 0 55
2477095 0 66
2478545 0 41
2479970 0 51
2481444 0 53
2482893 0 57
2484392 0 50
2485816 0 69
2487266 0 42
2488740 0 56
2490238 0 60
2491761 0 51
2493260 0 52
2494709 0 57
2496233 0 67
2497633 0 44
2499058 0 54
2500556 0 62
2502030 0 42
2503504 0 60
2505052 0 49
2506501 0 49
2507926 0 57
2509351 0 57
2510800 0 56
2512250 0 65
2513797 0 47
2515345 0 53
2516795 0 53
2518367 0 59
2519890 0 61
2521339 0 41
2522912 0 49
2524336 0 50
2525835 0 49
2527284 0 67
2528734 0 37
2530232 0 59
2531657 0 71
2533180 0 39
2534605 0 59
2536079 0 58
2537553 0 55
2539076 0 58
2540575 0 72
2541975 0 42
2543473 0 58
2544997 0 61
2546520 0 40
2547945 0 56
2549419 0 54
2550819 0 56
2552268 0 59
2553767 0 70
2555265 0 46
2556838 0 56
2558312 0 53
2559761 0 54
2561186 0 52
2562684 0 63
2564158 0 46
2565731 0 51
2567303 0 50
2568752 0 57
2570251 0 52
2571749 0 60
2573272 0 70
2574771 0 41
2576245 0 57
2577670 0 62
2579193 0 44
2580642 0 56
2582116 0 52
2583566 0 59
2585015 0 59
2586538 0 52
2588012 0 58
2589511 0 67
2590985 0 45
2592410 0 49
2593933 0 67
2595480 0 39
2597053 0 60
2598600 0 67
2600123 0 39
2601548 0 58
2602998 0 72
2604447 0 45
2605896 0 55
2607395 0 70
2608893 0 44
2610392 0 57
2611841 0 54
2613340 0 53
2614888 0 70
2616313 0 45
2617836 0 58
2619383 0 49
2620808 0 60
2622307 0 58
2623854 0 53
2625353 0 55
2626802 0 65
2628227 0 45
2629701 0 59
2631224 0 50
2632674 0 72
2634123 0 46
2635572 0 59
2637071 0 67
2638496 0 40
2639921 0 51
2641395 0 58
2642942 0 56
2644441 0 60
2645989 0 53
2647438 0 54
2648863 0 71
2650263 0 40
2651811 0 59
2653383 0 51
2654931 0 68
2656503 0 40
2657952 0 50
2659402 0 61
2660974 0 38
2662448 0 53
2663971 0 71
2665421 0 41
2666845 0 58
2668418 0 53
2669892 0 55
2671439 0 56
2672962 0 51
2674510 0 59
2676033 0 71
2677532 0 37
2678932 0 49
2680381 0 54
2681806 0 49
2683354 0 67
2684828 0 43
2686351 0 60
2687776 0 57
2689274 0 54
2690773 0 56
2692222 0 66
2693745 0 44
2695293 0 58
2696743 0 72
2698216 0 42
2699690 0 59
2701164 0 51
2702688 0 53
2704211 0 60
2705660 0 55
2707159 0 68
2708682 0 46
2710156 0 49
2711581 0 53
2713079 0 54
2714553 0 49
2716076 0 50
2717526 0 61
2719024 0 40
2720498 0 49
2722046 0 67
2723471 0 39
2724895 0 50
2726345 0 49
2727770 0 57
2729293 0 67
2730718 0 41
2732216 0 52
2733690 0 61
2735238 0 39
2736687 0 53
2738161 0 60
2739611 0 56
2741035 0 50
2742559 0 58
2744033 0 50
2745605 0 56
2747054 0 66
2748504 0 43
2749978 0 59
2751427 0 49
2752999 0 57
2754522 0 57
2755996 0 59
2757495 0 50
2759043 0 59
2760566 0 62
2762064 0 41
2763612 0 56
2765135 0 55
2766658 0 56
2768132 0 57
2769606 0 57
2771055 0 59
2772480 0 57
2773979 0 68
2775379 0 42
2776804 0 52
2778327 0 50
2779850 0 63
2781373 0 48
2782921 0 60
2784420 0 66
2785844 0 46
2787318 0 55
2788743 0 52
2790242 0 58
2791789 0 49
2793313 0 49
2794737 0 56
2796260 0 49
2812009 0 104
2813557 0 104
2815056 0 104
2816579 0 104
2818028 0 104
2819527 0 104
2821074 0 104
2822499 0 104
2823998 0 104
2825398 0 104
2826921 0 105
2828469 0 105
2829943 0 106
2831368 0 104
2832842 0 105
2834389 0 106
2835912 0 104
2837313 0 105
2838762 0 106
2840285 0 104
2841833 0 105
2843233 0 105
2844634 0 106
2846034 0 104
2847483 0 105
2848933 0 105
2850382 0 105
2851831 0 105
2853305 0 105
2854853 0 105
2856253 0 106
2857703 0 104
2859177 0 105
2860675 0 105
2862223 0 106
2863771 0 104
2865220 0 105
2866694 0 106
2868143 0 104
2869617 0 105
2871091 0 105
2872492 0 106
2874039 0 104
2875587 0 105
2877036 0 105
2878560 0 105
2880009 0 106
2881458 0 104
2882957 0 105
2884505 0 106
2885929 0 104
2887453 0 105
2888853 0 106
2890302 0 104
2891850 0 105
2893324 0 105
2894798 0 106
2896247 0 104
2897795 0 105
2899343 0 106
2900767 0 104
2902291 0 105
2903789 0 105
2905361 0 105
2906835 0 105
2908285 0 105
2909832 0 105
2911306 0 105
2912780 0 106
2914328 0 104
2915876 0 105
2917301 0 105
2918775 0 105
2920298 0 106
2921845 0 104
2923246 0 105
2924646 0 105
2926194 0 105
2927618 0 105
2929043 0 105
2930566 0 106
2931967 0 104
2933441 0 105
2934841 0 106
2936389 0 104
2937863 0 105
2939337 0 106
2940761 0 104
2942211 0 105
2943660 0 105
2945060 0 105
2946534 0 105
2947984 0 105
2949409 0 105
2950907 0 106
2952381 0 104
2953781 0 105
2955305 0 105
2956729 0 105
2958253 0 105
2959776 0 105
2961299 0 106
2962846 0 104
2964419 0 105
2965942 0 105
2967465 0 105
2968890 0 105
2970315 0 105
2971838 0 105
2973238 0 106
2974712 0 104
2976260 0 105
2977783 0 105
2979306 0 105
2980731 0 105
2982131 0 106
2983679 0 104
2985202 0 105
2986627 0 106
2988174 0 104
2989599 0 105
2991147 0 105
2992670 0 105
2994144 0 105
2995692 0 105
2997166 0 105
2998689 0 106
3000212 0 104
3001759 0 105
3003233 0 106
3004806 0 104
3006230 0 105
3007803 0 105
3009301 0 106
3010726 0 104
3012200 0 105
3013650 0 106
3015148 0 104
3016671 0 105
3018121 0 105
3019521 0 105
3020970 0 106
3022420 0 104
3023845 0 105
3025269 0 105
3026768 0 106
3028316 0 104
3029765 0 105
3031264 0 106
3032811 0 104
3034310 0 105
3035858 0 105
3037282 0 105
3038732 0 105
3040304 0 105
3041753 0 105
3043301 0 105
3044824 0 106
3046298 0 104
3047846 0 105
3049344 0 105
3050892 0 105
3052391 0 106
3053963 0 104
3055461 0 105
3057009 0 105
3058581 0 105
3060104 0 105
3061529 0 105
3063077 0 105
3064502 0 105
3065951 0 106
3067474 0 104
3068899 0 105
3070324 0 106
3071872 0 104
3073419 0 105
3074967 0 105
3076392 0 105
3077915 0 105
3079487 0 106
3081035 0 104
3082484 0 105
3084032 0 105
3085481 0 105
3086882 0 105
3088429 0 105
3089830 0 106
3091254 0 104
3092679 0 105
3094153 0 106
3095553 0 104
3097027 0 105
3098526 0 105
3099951 0 105
3101425 0 106
3102899 0 104
3104348 0 105
3105822 0 106
3107272 0 104
3108770 0 105
3110220 0 106
3111718 0 104
3113266 0 105
3114715 0 106
3116263 0 104
3117663 0 105
3119137 0 105
3120660 0 105
3122085 0 106
3123584 0 104
3124984 0 105
3126458 0 105
3127858 0 105
3129357 0 105
3130855 0 106
3132403 0 104
3133901 0 105
3135351 0 105
3136874 0 106
3138446 0 104
3139920 0 105
3141443 0 105
3142868 0 105
3144416 0 106
3145914 0 104
3147315 0 105
3148813 0 105
3150361 0 105
3151909 0 105
3153456 0 106
3154955 0 104
3156355 0 105
3157755 0 106
3159180 0 104
3160654 0 105
3162054 0 105
3163577 0 105
3165076 0 105
3166501 0 105
3167926 0 105
3169449 0 106
3170972 0 104
3172520 0 105
3173944 0 105
3175369 0 105
3176794 0 105
3178244 0 105
3179693 0 105
3181192 0 105
3182715 0 106
3184287 0 104
3185761 0 105
3187186 0 105
3188611 0 106
3190035 0 104
3191583 0 105
3193032 0 106
3194506 0 104
3195931 0 105
3197381 0 105
3198953 0 105
3200427 0 106
3201975 0 104
3203424 0 105
3204947 0 105
3206495 0 105
3208018 0 105
3209418 0 105
3210917 0 106
3212464 0 104
3213938 0 105
3215363 0 105
3216862 0 105
3218360 0 105
3219859 0 106
3221284 0 104
3222831 0 105
3224305 0 105
3225804 0 105
3227352 0 105
3228875 0 106
3230398 0 104
3231872 0 105
3233321 0 105
3234721 0 105
3236122 0 105
3237522 0 105
3238947 0 106
3240421 0 104
3241895 0 105
3243344 0 105
3244769 0 106
3246268 0 104
3247791 0 105
3249265 0 106
3250812 0 104
3252335 0 105
3253785 0 106
3255283 0 104
3256708 0 105
3258207 0 105
3259730 0 106
3261204 0 104
3262752 0 105
3264275 0 105
3265700 0 105
3267247 0 105
3268672 0 106
3270171 0 104
3271595 0 105
3273020 0 105
3274568 0 105
3276067 0 105
3277516 0 105
3279039 0 106
3280488 0 104
3281962 0 105
3283510 0 105
3285058 0 105
3286532 0 106
3288006 0 104
3289480 0 105
3290880 0 105
3292280 0 106
3293680 0 104
3295204 0 105
3296751 0 105
3298152 0 106
3299675 0 104
3301173 0 105
3302721 0 105
3304269 0 105
3305792 0 105
3307315 0 105
3308862 0 106
3310361 0 104
3311835 0 105
3313284 0 105
3314807 0 106
3316355 0 104
3317879 0 105
3319426 0 105
3320949 0 106
3322423 0 104
3323897 0 105
3325396 0 105
3326943 0 105
3328442 0 105
3329867 0 105
3331291 0 105
3332790 0 105
3334215 0 106
3335738 0 104
3337163 0 105
3338612 0 105
3340086 0 105
3341659 0 105
3343182 0 106
3344631 0 104
3346179 0 105
3347677 0 105
3349176 0 105
3350650 0 105
3352124 0 105
3353524 0 105
3354949 0 106
3356423 0 104
3357921 0 105
3359444 0 105
3360943 0 105
3362392 0 105
3363866 0 105
3365316 0 105
3366863 0 105
3368264 0 106
3369836 0 104
3371310 0 105
3372710 0 105
3374111 0 105
3375634 0 105
3377157 0 106
3378557 0 104
3380056 0 105
3381505 0 106
3383077 0 104
3384625 0 105
3386099 0 106
3387622 0 104
3389145 0 105
3390619 0 105
3392044 0 106
3393493 0 104
3394943 0 105
3396343 0 105
3397866 0 105
3399316 0 105
3400765 0 105
3402263 0 105
3403688 0 105
3405211 0 106
3406759 0 104
3408258 0 105
3409756 0 105
3411304 0 105
3412852 0 105
3414399 0 106
3415947 0 104
3417372 0 105
3418895 0 106
3420443 0 104
3421843 0 105
3423341 0 106
3424840 0 104
3426289 0 105
3427812 0 106
3429237 0 104
3430637 0 105
3432062 0 106
3433610 0 104
3435133 0 105
3436607 0 106
3438081 0 104
3439604 0 105
3441029 0 105
3442429 0 105
3443952 0 105
3445402 0 105
3446950 0 106
3448473 0 104
3449947 0 105
3451445 0 106
3452993 0 104
3454540 0 105
3456064 0 105
3457562 0 105
3458962 0 106
3460461 0 104
3461886 0 105
3463335 0 105
3464883 0 106
3466381 0 104
3467855 0 105
3469403 0 105
3470902 0 105
3472449 0 105
3473850 0 106
3475250 0 104
3476675 0 105
3478173 0 105
3479598 0 105
3481072 0 105
3482620 0 106
3484045 0 104
3485469 0 105
3486968 0 105
3488540 0 105
3490014 0 105
3491464 0 105
3493011 0 105
3494534 0 106
3495984 0 104
3497507 0 105
3499055 0 106
3500553 0 104
3502125 0 105
3503624 0 106
3505122 0 104
3506621 0 105
3508070 0 106
3509618 0 104
3511117 0 105
3512664 0 106
3514138 0 104
3515686 0 105
3517184 0 105
3518634 0 105
3520059 0 106
3521508 0 104
3523031 0 105
3524505 0 106
3526053 0 104
3527601 0 105
3529025 0 106
3530573 0 104
3532023 0 105
3533570 0 105
3535044 0 106
3536567 0 104
3537968 0 105
3539442 0 105
3540842 0 105
3542291 0 105
3543839 0 106
3545288 0 104
3546787 0 105
3548236 0 105
3549735 0 106
3551160 0 104
3552609 0 105
3554083 0 105
3555606 0 105
3557154 0 106
3558628 0 104
3560077 0 105
3561576 0 105
3563025 0 105
3564524 0 105
3565924 0 105
3567447 0 106
3568872 0 104
3570395 0 105
3571844 0 105
3573245 0 105
3574670 0 105
3576217 0 105
3577765 0 105
3579313 0 106
3580811 0 104
3582359 0 105
3583857 0 106
3585380 0 104
3586904 0 105
3588451 0 106
3589901 0 104
3591424 0 105
3592824 0 105
3594298 0 105
3595747 0 105
3597221 0 105
3598745 0 105
3600268 0 106
3601840 0 104
3603363 0 105
3604862 0 106
3606385 0 104
3607908 0 105
3609431 0 105
3610929 0 105
3612453 0 105
3613951 0 105
3615376 0 105
3616801 0 105
3618226 0 106
3619650 0 104
3621124 0 105
3622648 0 105
3624097 0 105
3625645 0 105
3627192 0 106
3628666 0 104
3630189 0 105
3631688 0 105
3633137 0 105
3634562 0 105
3635987 0 105
3637510 0 105
3639009 0 106
3640483 0 104
3641981 0 105
3643406 0 105
3644855 0 105
3646379 0 105
3647951 0 105
3649351 0 105
3650874 0 105
3652299 0 106
3653748 0 104
3655222 0 105
3656672 0 105
3658195 0 105
3659718 0 105
3661266 0 106
3662838 0 104
3664337 0 105
3665786 0 106
3667309 0 104
3668759 0 105
3670306 0 106
3671805 0 104
3673328 0 105
3674875 0 106
3676349 0 104
3677774 0 105
3679322 0 106
3680820 0 104
3682245 0 105
3683719 0 105
3685144 0 105
3686569 0 106
3687994 0 104
3689492 0 105
3690917 0 105
3692416 0 105
3693963 0 105
3695462 0 105
3696887 0 106
3698459 0 104
3699859 0 105
3701382 0 106
3702906 0 104
3704453 0 105
3705854 0 105
3707254 0 105
3708703 0 106
3710202 0 104
3711627 0 105
3713174 0 105
3714697 0 105
3716196 0 105
