26788 0 12
28286 0 3
29810 0 5
31308 0 1
32782 0 1
34207 0 6
35681 0 1
37130 0 9
38604 0 8
40177 0 10
41724 0 16
43100 0 22
44648 0 34
46097 0 1
47620 0 17
49168 0 21
50642 0 21
52116 0 22
53541 0 16
55015 0 20
56513 0 31
58061 0 9
59535 0 20
61107 0 13
62532 0 24
63932 0 23
65480 0 18
66978 0 25
68477 0 2
70000 0 22
71597 0 15
73071 0 23
74569 0 18
76092 0 23
77591 0 25
79139 0 5
80563 0 22
82136 0 30
83585 0 9
85133 0 24
86607 0 21
88154 0 24
89702 0 32
91102 0 12
92576 0 16
94026 0 18
95451 0 34
96974 0 7
98521 0 14
99946 0 35
101445 0 5
102968 0 17
104368 0 17
105867 0 22
107292 0 22
108815 0 29
110240 0 5
111664 0 24
113187 0 15
114735 0 28
116283 0 11
117806 0 19
119231 0 22
120656 0 14
122130 0 21
123604 0 19
125078 0 18
126527 0 34
128026 0 11
129549 0 15
131023 0 25
132546 0 3
134044 0 24
135445 0 21
136894 0 18
138466 0 17
139989 0 16
141414 0 31
142986 0 4
144411 0 24
145836 0 17
147384 0 13
148809 0 14
150209 0 25
151634 0 11
153157 0 19
154631 0 20
156178 0 17
157677 0 15
159077 0 35
160600 0 8
162099 0 16
163475 0 33
164949 0 2
166349 0 16
167823 0 22
169346 0 24
170820 0 29
172220 0 12
173719 0 22
175217 0 24
176740 0 29
178214 0 3
179639 0 24
181138 0 14
182587 0 20
184184 0 18
185732 0 34
187279 0 7
188753 0 17
190227 0 23
191677 0 23
193151 0 24
194600 0 15
196000 0 29
197450 0 10
198948 0 15
200373 0 19
201872 0 27
203297 0 8
204869 0 19
206416 0 18
207964 0 13
209512 0 29
210986 0 3
212460 0 21
214007 0 20
215531 0 20
217054 0 21
218552 0 25
220124 0 12
221525 0 22
223048 0 18
224571 0 29
226094 0 10
227593 0 22
229017 0 31
230442 0 12
231965 0 13
233464 0 14
234962 0 14
236387 0 14
237935 0 28
239384 0 4
240785 0 22
242283 0 20
243806 0 16
245305 0 23
246779 0 23
248327 0 22
249874 0 33
251373 0 1
252920 0 15
254394 0 29
255917 0 1
257416 0 14
258841 0 18
260364 0 33
261789 0 8
263337 0 14
264761 0 21
266211 0 23
267734 0 34
269208 0 12
270682 0 23
272156 0 13
273556 0 17
275079 0 20
276676 0 34
278076 0 1
279526 0 21
281000 0 16
282449 0 21
283898 0 23
285323 0 20
286797 0 35
288198 0 2
289622 0 24
291146 0 33
292693 0 7
294143 0 13
295666 0 29
297140 0 6
298638 0 13
300186 0 26
301611 0 10
303183 0 17
304632 0 21
306082 0 15
307629 0 20
309079 0 16
310577 0 20
312101 0 31
313575 0 10
315122 0 17
316596 0 22
318046 0 32
319544 0 9
321067 0 18
322492 0 18
323966 0 25
325489 0 4
326963 0 16
328437 0 24
329862 0 33
331361 0 1
332761 0 24
334210 0 19
335635 0 24
337158 0 18
338583 0 18
340155 0 17
341703 0 35
343128 0 6
344577 0 15
346100 0 22
347550 0 22
349122 0 24
350645 0 15
352144 0 17
353618 0 32
355141 0 2
356541 0 21
358039 0 23
359538 0 31
361135 0 1
362560 0 17
363960 0 28
365459 0 8
367031 0 24
368456 0 31
370028 0 8
371502 0 14
372951 0 14
374376 0 20
375899 0 18
377373 0 19
378896 0 23
380395 0 25
381820 0 3
383367 0 21
384841 0 31
386291 0 3
387691 0 14
389116 0 19
390590 0 24
392113 0 15
393513 0 31
395036 0 6
396510 0 16
398009 0 36
399556 0 12
400981 0 22
402480 0 17
403954 0 25
405477 0 12
406926 0 21
408351 0 35
409751 0 3
411299 0 20
412749 0 30
414173 0 6
415623 0 24
417048 0 16
418522 0 22
419946 0 27
421470 0 2
422845 0 23
424393 0 18
425867 0 23
427365 0 28
428790 0 2
430215 0 16
431665 0 21
433114 0 29
434563 0 8
436062 0 14
437511 0 29
438985 0 7
440435 0 23
441884 0 22
443358 0 33
444783 0 3
446282 0 19
447829 0 24
449303 0 15
450777 0 23
452325 0 21
453774 0 32
455273 0 4
456747 0 14
458270 0 27
459719 0 11
461169 0 24
462667 0 19
464141 0 32
465541 0 2
467015 0 13
468563 0 33
470037 0 6
471585 0 23
473132 0 28
474533 0 4
476007 0 14
477432 0 23
478832 0 15
480379 0 31
481927 0 11
483426 0 22
484900 0 22
486447 0 24
487970 0 26
489420 0 7
490869 0 23
492319 0 17
493793 0 20
495267 0 16
496667 0 18
498116 0 13
499615 0 18
501064 0 26
502563 0 3
504012 0 22
505560 0 36
507058 0 9
508557 0 14
510006 0 36
511456 0 5
512954 0 18
514502 0 21
516001 0 21
517548 0 19
519120 0 15
520668 0 24
522118 0 28
523616 0 4
525115 0 18
526540 0 17
528013 0 19
529586 0 33
531035 0 6
532583 0 16
534008 0 25
535555 0 8
537103 0 18
538528 0 18
540002 0 36
541574 0 4
542999 0 21
544547 0 25
546021 0 10
547593 0 14
549116 0 14
550565 0 17
552064 0 15
553513 0 19
555036 0 26
556486 0 5
557960 0 14
559409 0 21
560834 0 18
562357 0 19
563880 0 34
565256 0 12
566730 0 21
568179 0 24
569678 0 13
571127 0 18
572601 0 16
574100 0 22
575549 0 17
576974 0 30
578350 0 4
579799 0 19
581249 0 21
582772 0 21
584246 0 28
585744 0 3
587218 0 22
588692 0 24
590117 0 27
591517 0 8
593016 0 24
594416 0 25
595841 0 1
597364 0 18
598887 0 23
600287 0 15
601737 0 24
603235 0 16
604660 0 27
606085 0 3
607584 0 22
609008 0 25
610507 0 12
611956 0 22
613430 0 18
614953 0 21
616403 0 17
617852 0 34
619375 0 11
620800 0 23
622250 0 20
623797 0 22
625296 0 17
626770 0 22
628318 0 14
629742 0 28
631290 0 11
632715 0 21
634238 0 15
635737 0 16
637235 0 31
638734 0 5
640183 0 21
641682 0 36
643131 0 2
644605 0 21
646079 0 25
647553 0 12
649051 0 21
650599 0 19
652171 0 22
653621 0 14
655144 0 16
656544 0 30
658018 0 12
659443 0 16
660942 0 21
662514 0 21
663988 0 24
665511 0 13
666960 0 16
668385 0 33
669810 0 5
671210 0 13
672758 0 24
674281 0 16
675706 0 14
677229 0 36
678801 0 7
680374 0 24
681774 0 14
683297 0 21
684722 0 29
686171 0 3
687719 0 20
689291 0 33
690765 0 7
692337 0 24
693738 0 14
695285 0 20
696759 0 22
698233 0 20
699732 0 13
701157 0 18
702729 0 25
704178 0 1
705603 0 20
707077 0 36
708649 0 1
710123 0 23
711597 0 19
713120 0 16
714545 0 15
715945 0 24
717493 0 30
719016 0 2
720441 0 23
721890 0 15
723315 0 16
724765 0 24
726239 0 20
727737 0 26
729260 0 7
730783 0 14
732257 0 32
733781 0 11
735328 0 24
736729 0 17
738153 0 20
739627 0 19
741200 0 17
742747 0 29
744197 0 2
745671 0 23
747145 0 16
748619 0 18
750142 0 26
751640 0 9
753139 0 14
754662 0 33
756136 0 8
757708 0 24
759133 0 15
760631 0 23
762105 0 22
763629 0 13
765127 0 22
766626 0 27
768149 0 3
769623 0 18
771195 0 26
772718 0 1
774143 0 14
775592 0 18
777017 0 22
778467 0 21
779891 0 24
781316 0 36
782889 0 9
784461 0 22
786008 0 25
787458 0 9
788981 0 16
790504 0 24
791929 0 32
793403 0 12
794877 0 18
796351 0 20
797923 0 24
799446 0 35
800969 0 7
802468 0 15
803991 0 25
805416 0 8
806890 0 17
808290 0 29
809813 0 1
811287 0 23
812761 0 32
814235 0 12
815635 0 24
817183 0 14
818559 0 20
820131 0 17
821531 0 16
822956 0 33
824406 0 12
825855 0 23
827329 0 23
828778 0 21
830351 0 24
831800 0 16
833176 0 24
834723 0 35
836197 0 6
837770 0 20
839366 0 20
840791 0 20
842388 0 28
843813 0 9
845287 0 14
846810 0 30
848309 0 5
849758 0 17
851281 0 25
852780 0 5
854303 0 17
855801 0 21
857324 0 15
858847 0 16
860297 0 15
861697 0 20
863196 0 26
864621 0 10
866193 0 13
867716 0 30
869239 0 3
870664 0 16
872064 0 35
873612 0 4
875061 0 23
876486 0 13
877960 0 19
879385 0 36
880908 0 5
882431 0 14
883880 0 21
885453 0 30
886853 0 8
888302 0 22
889752 0 21
891324 0 14
892847 0 22
894321 0 32
895771 0 8
897318 0 23
898792 0 18
900266 0 13
901765 0 22
903288 0 21
904737 0 17
906162 0 32
907611 0 7
909184 0 23
910707 0 14
912205 0 26
913679 0 9
915202 0 13
916603 0 15
918126 0 15
919575 0 19
921074 0 13
922523 0 34
924046 0 4
925496 0 24
926994 0 13
928542 0 20
930114 0 16
944334 0 101
945734 0 101
947134 0 101
948559 0 101
950033 0 101
951532 0 101
953030 0 101
954578 0 101
956076 0 101
957550 0 101
959000 0 102
960425 0 102
961972 0 102
963422 0 103
964847 0 101
966296 0 102
967745 0 102
969293 0 103
970792 0 101
972266 0 102
973690 0 103
975140 0 101
976663 0 102
978162 0 103
979660 0 101
981159 0 102
982633 0 102
984033 0 102
985556 0 103
987079 0 101
988627 0 102
990076 0 103
991501 0 101
993024 0 102
994547 0 103
995997 0 101
997471 0 102
999018 0 102
1000566 0 102
1001966 0 102
1003514 0 103
1004939 0 101
1006462 0 102
1007862 0 103
1009312 0 101
1010712 0 102
1012259 0 102
1013684 0 102
1015109 0 103
1016583 0 101
1018106 0 102
1019654 0 103
1021226 0 101
1022676 0 102
1024076 0 102
1025501 0 102
1026975 0 102
1028375 0 102
1029898 0 103
1031347 0 101
1032772 0 102
1034173 0 102
1035597 0 103
1037022 0 101
1038447 0 102
1039970 0 103
1041493 0 101
1043041 0 102
1044564 0 102
1046087 0 102
1047488 0 102
1048888 0 103
1050386 0 101
1051811 0 102
1053359 0 103
1054808 0 101
1056233 0 102
1057732 0 102
1059156 0 102
1060680 0 103
1062227 0 101
1063701 0 102
1065224 0 102
1066698 0 103
1068271 0 101
1069794 0 102
1071317 0 102
1072742 0 102
1074289 0 102
1075690 0 102
1077188 0 102
1078662 0 103
1080087 0 101
1081512 0 102
1082937 0 102
1084435 0 102
1085860 0 103
1087334 0 101
1088783 0 102
1090282 0 103
1091731 0 101
1093254 0 102
1094728 0 102
1096227 0 102
1097627 0 103
1099126 0 101
1100600 0 102
1102123 0 103
1103671 0 101
1105218 0 102
1106619 0 102
1108019 0 102
1109468 0 103
1110967 0 101
1112392 0 102
1113915 0 102
1115315 0 102
1116838 0 102
1118386 0 103
1119884 0 101
1121407 0 102
1122808 0 102
1124257 0 102
1125780 0 103
1127230 0 101
1128777 0 102
1130178 0 102
1131725 0 102
1133273 0 102
1134796 0 102
1136245 0 102
1137695 0 103
1139120 0 101
1140569 0 102
1142092 0 102
1143640 0 102
1145089 0 102
1146612 0 102
1148160 0 103
1149683 0 101
1151083 0 102
1152508 0 103
1153958 0 101
1155383 0 102
1156807 0 103
1158232 0 101
1159755 0 102
1161254 0 102
1162752 0 102
1164153 0 102
1165651 0 103
1167076 0 101
1168526 0 102
1170073 0 102
1171473 0 102
1173021 0 103
1174471 0 101
1175895 0 102
1177369 0 102
1178794 0 102
1180317 0 103
1181816 0 101
1183339 0 102
1184838 0 102
1186238 0 102
1187785 0 103
1189210 0 101
1190709 0 102
1192232 0 103
1193681 0 101
1195131 0 102
1196605 0 103
1198128 0 101
1199528 0 102
1200953 0 102
1202476 0 103
1203950 0 101
1205424 0 102
1206947 0 102
1208495 0 102
1209920 0 102
1211418 0 102
1212917 0 102
1214391 0 103
1215816 0 101
1217339 0 102
1218764 0 102
1220238 0 102
1221662 0 102
1223185 0 102
1224733 0 103
1226256 0 101
1227755 0 102
1229278 0 102
1230727 0 102
1232128 0 103
1233552 0 101
1234953 0 102
1236476 0 102
1237876 0 102
1239276 0 102
1240775 0 102
1242224 0 103
1243723 0 101
1245123 0 102
1246622 0 102
1248145 0 102
1249570 0 102
1250970 0 103
1252395 0 101
1253893 0 102
1255343 0 103
1256866 0 101
1258291 0 102
1259765 0 103
1261288 0 101
1262835 0 102
1264260 0 102
1265710 0 102
1267208 0 103
1268780 0 101
1270230 0 102
1271679 0 103
1273153 0 101
1274578 0 102
1276052 0 102
1277575 0 102
1279000 0 102
1280474 0 102
1282022 0 103
1283471 0 101
1284994 0 102
1286493 0 102
1287967 0 102
1289514 0 103
1291087 0 101
1292536 0 102
1293985 0 103
1295410 0 101
1296884 0 102
1298432 0 102
1299980 0 103
1301429 0 101
1302903 0 102
1304377 0 102
1305876 0 102
1307423 0 102
1308897 0 103
1310445 0 101
1311919 0 102
1313319 0 102
1314719 0 102
1316243 0 102
1317667 0 102
1319141 0 102
1320640 0 102
1322163 0 103
1323612 0 101
1325111 0 102
1326659 0 103
1328083 0 101
1329484 0 102
1330958 0 102
1332456 0 102
1333930 0 102
1335453 0 102
1336976 0 102
1338450 0 103
1340023 0 101
1341423 0 102
1342922 0 102
1344395 0 102
1345943 0 102
1347442 0 103
1348891 0 101
1350439 0 102
1351937 0 102
1353338 0 103
1354787 0 101
1356285 0 102
1357809 0 102
1359307 0 102
1360707 0 103
1362231 0 101
1363754 0 102
1365277 0 103
1366702 0 101
1368151 0 102
1369625 0 102
1371050 0 102
1372548 0 102
1374022 0 103
1375595 0 101
1377044 0 102
1378518 0 102
1379943 0 102
1381417 0 102
1382964 0 102
1384512 0 103
1386084 0 101
1387558 0 102
1389081 0 102
1390531 0 102
1391980 0 103
1393454 0 101
1394879 0 102
1396378 0 103
1397827 0 101
1399350 0 102
1400898 0 102
1402396 0 102
1403895 0 103
1405344 0 101
1406818 0 102
1408317 0 102
1409840 0 102
1411265 0 103
1412763 0 101
1414237 0 102
1415662 0 103
1417185 0 101
1418610 0 102
1420133 0 102
1421558 0 102
1423007 0 102
1424481 0 102
1425980 0 102
1427429 0 102
1428903 0 103
1430328 0 101
1431753 0 102
1433252 0 102
1434676 0 102
1436200 0 102
1437600 0 103
1439025 0 101
1440548 0 102
1441948 0 102
1443447 0 102
1444871 0 102
1446296 0 103
1447844 0 101
1449244 0 102
1450694 0 103
1452217 0 101
1453691 0 102
1455189 0 102
1456590 0 102
1458014 0 102
1459538 0 103
1460962 0 101
1462461 0 102
1463984 0 103
1465458 0 101
1467006 0 102
1468553 0 102
1469954 0 102
1471403 0 102
1472926 0 102
1474449 0 103
1475923 0 101
1477324 0 102
1478797 0 102
1480345 0 102
1481868 0 103
1483342 0 101
1484841 0 102
1486364 0 102
1487887 0 102
1489435 0 103
1491007 0 101
1492505 0 102
1493906 0 102
1495331 0 102
1496731 0 102
1498229 0 103
1499777 0 101
1501300 0 102
1502725 0 103
1504297 0 101
1505747 0 102
1507245 0 102
1508768 0 103
1510267 0 101
1511692 0 102
1513141 0 103
1514591 0 101
1516138 0 102
1517563 0 102
1518963 0 103
1520437 0 101
1521960 0 102
1523508 0 103
1524957 0 101
1526505 0 102
1528004 0 102
1529429 0 102
1530903 0 102
1532327 0 103
1533826 0 101
1535324 0 102
1536848 0 102
1538371 0 102
1539918 0 102
1541368 0 103
1542817 0 101
1544340 0 102
1545741 0 102
1547141 0 102
1548664 0 102
1550162 0 102
1551710 0 103
1553258 0 101
1554683 0 102
1556083 0 102
1557557 0 102
1559006 0 102
1560431 0 103
1561881 0 101
1563355 0 102
1564804 0 103
1566376 0 101
1567777 0 102
1569177 0 103
1570602 0 101
1572051 0 102
1573451 0 102
1574876 0 102
1576424 0 102
1577898 0 102
1579421 0 103
1580895 0 101
1582393 0 102
1583843 0 102
1585268 0 102
1586766 0 102
1588289 0 102
1589837 0 102
1591385 0 103
1592834 0 101
1594382 0 102
1595905 0 102
1597379 0 102
1598902 0 103
1600327 0 101
1601874 0 102
1603299 0 102
1604749 0 102
1606174 0 102
1607721 0 103
1609171 0 101
1610571 0 102
1612020 0 102
1613543 0 102
1615067 0 103
1616541 0 101
1618015 0 102
1619538 0 102
1621012 0 102
1622461 0 102
1623886 0 103
1625384 0 101
1626883 0 102
1628332 0 102
1629855 0 102
1631256 0 102
1632754 0 103
1634179 0 101
1635727 0 102
1637201 0 102
1638699 0 102
1640173 0 102
1641696 0 102
1643220 0 102
1644743 0 103
1646266 0 101
1647789 0 102
1649312 0 103
1650786 0 101
1652186 0 102
1653611 0 102
1655110 0 102
1656584 0 102
1658033 0 102
1659507 0 103
1660932 0 101
1662406 0 102
1663929 0 103
1665354 0 101
1666828 0 102
1668302 0 102
1669702 0 102
1671127 0 103
1672576 0 101
1674099 0 102
1675549 0 102
1677047 0 102
1678448 0 102
1679946 0 102
1681469 0 103
1682992 0 101
1684540 0 102
1686063 0 103
1687562 0 101
1689036 0 102
1690510 0 103
1692033 0 101
1693556 0 102
1694956 0 103
1696381 0 101
1697806 0 102
1699329 0 102
1700729 0 102
1702154 0 102
1703653 0 103
1705176 0 101
1706650 0 102
1708050 0 102
1709499 0 102
1710900 0 102
1712324 0 102
1713725 0 102
1715272 0 103
1716697 0 101
1718147 0 102
1719596 0 102
1720996 0 102
1722470 0 103
1723969 0 101
1725517 0 102
1726990 0 102
1728440 0 102
1729963 0 103
1731437 0 101
1732936 0 102
1734360 0 103
1735785 0 101
1737333 0 102
1738782 0 102
1740305 0 102
1741755 0 102
1743253 0 103
1744727 0 101
1746275 0 102
1747798 0 103
1749248 0 101
1750746 0 102
1752294 0 102
1753817 0 102
1755217 0 103
1756667 0 101
1758140 0 102
1759615 0 102
1761113 0 102
1762612 0 102
1764110 0 103
1765584 0 101
1767107 0 102
1768507 0 102
1770055 0 103
1771480 0 101
1772954 0 102
1774403 0 102
1775877 0 102
1777425 0 102
1778850 0 102
1780398 0 102
1781847 0 103
1783247 0 101
1784672 0 102
1786220 0 102
1787743 0 102
1789266 0 102
1790740 0 102
1792140 0 102
1793663 0 103
1795211 0 101
1796636 0 102
1798110 0 102
1799510 0 102
1800984 0 103
1802532 0 101
1804006 0 102
1805406 0 102
1806905 0 102
1808428 0 103
1809902 0 101
1811400 0 102
1812825 0 102
1814299 0 103
1815773 0 101
1817247 0 102
1818745 0 102
1820219 0 102
1821693 0 102
1823167 0 103
1824641 0 101
1826164 0 102
1827638 0 103
1829211 0 101
1830709 0 102
1832110 0 102
1833657 0 102
1835131 0 102
1836531 0 102
1837956 0 102
1839406 0 103
1840978 0 101
1842403 0 102
1843926 0 102
1858813 0 41
1860238 0 41
1861687 0 45
1863137 0 46
1864660 0 39
1866183 0 42
1867608 0 43
1869057 0 37
1870457 0 38
1871858 0 47
1873405 0 53
1874830 0 51
1876231 0 50
1877729 0 56
1879203 0 61
1880726 0 37
1882176 0 55
1883650 0 66
1885074 0 46
1886524 0 51
1887998 0 54
1889521 0 67
1890921 0 43
1892469 0 60
1894041 0 53
1895515 0 58
1897038 0 65
1898586 0 45
1900109 0 51
1901632 0 59
1903180 0 49
1904727 0 53
1906251 0 55
1907823 0 65
1909395 0 42
1910943 0 55
1912367 0 68
1913792 0 43
1915291 0 60
1916839 0 69
1918337 0 48
1919885 0 49
1921432 0 59
1922833 0 49
1924331 0 57
1925904 0 67
1927402 0 37
1928827 0 60
1930350 0 62
1931824 0 39
1933347 0 50
1934870 0 58
1936295 0 65
1937843 0 41
1939390 0 58
1940913 0 69
1942486 0 38
1944058 0 50
1945483 0 49
1947031 0 53
1948603 0 57
1950052 0 60
1951502 0 58
1952926 0 51
1954474 0 63
1956022 0 46
1957447 0 50
1958945 0 69
1960517 0 48
1961942 0 49
1963367 0 52
1964866 0 54
1966364 0 55
1967912 0 51
1969435 0 69
1970958 0 39
1972407 0 58
1974004 0 68
1975405 0 41
1976952 0 50
1978524 0 51
1979925 0 58
1981423 0 57
1982946 0 68
1984371 0 40
1985943 0 59
1987393 0 60
1988891 0 49
1990439 0 53
1992011 0 70
1993412 0 40
1994910 0 60
1996409 0 64
1997809 0 44
1999234 0 49
2000732 0 57
2002182 0 62
2003607 0 44
2005154 0 50
2006555 0 69
2008004 0 39
2009576 0 50
2010976 0 54
2012450 0 61
2013851 0 45
2015423 0 53
2016823 0 71
2018322 0 43
2019820 0 58
2021343 0 60
2022891 0 58
2024463 0 50
2026011 0 52
2027559 0 72
2028984 0 43
2030507 0 55
2031956 0 54
2033430 0 57
2034929 0 65
2036403 0 39
2037827 0 53
2039277 0 67
2040775 0 38
2042176 0 49
2043723 0 50
2045148 0 50
2046622 0 54
2048096 0 53
2049595 0 62
2051118 0 47
2052543 0 58
2054041 0 63
2055515 0 38
2057014 0 56
2058586 0 59
2060134 0 50
2061534 0 60
2063008 0 65
2064580 0 38
2066128 0 54
2067675 0 57
2069248 0 61
2070722 0 43
2072146 0 59
2073670 0 59
2075119 0 58
2076667 0 53
2078190 0 59
2079737 0 65
2081187 0 46
2082636 0 52
2084135 0 62
2085658 0 44
2087156 0 49
2088704 0 50
2090154 0 55
2091677 0 50
2093151 0 61
2094575 0 37
2096099 0 49
2097548 0 59
2099047 0 53
2100496 0 60
2101970 0 67
2103518 0 43
2104967 0 55
2106392 0 53
2107915 0 53
2109413 0 53
2110863 0 59
2112361 0 69
2113934 0 41
2115383 0 50
2116833 0 60
2118331 0 58
2119903 0 57
2121500 0 61
2123048 0 47
2124620 0 50
2126094 0 59
2127642 0 56
2129116 0 58
2130590 0 66
2132088 0 46
2133636 0 54
2135134 0 61
2136559 0 41
2138009 0 56
2139483 0 72
2141006 0 37
2142431 0 53
2143978 0 70
2145354 0 37
2146902 0 49
2148326 0 55
2149776 0 61
2151250 0 37
2152748 0 51
2154272 0 69
2155696 0 44
2157146 0 54
2158644 0 55
2160192 0 53
2161740 0 49
2163263 0 54
2164737 0 64
2166211 0 37
2167734 0 54
2169134 0 59
2170682 0 49
2172107 0 61
2173630 0 38
2175079 0 54
2176602 0 60
2178003 0 51
2179476 0 58
2181024 0 55
2182474 0 61
2184021 0 40
2185495 0 54
2187043 0 71
2188541 0 45
2190114 0 58
2191539 0 59
2192963 0 51
2194388 0 52
2195838 0 53
2197312 0 72
2198786 0 38
2200210 0 56
2201734 0 52
2203257 0 61
2204706 0 39
2206254 0 51
2207752 0 53
2209226 0 60
2210700 0 64
2212174 0 45
2213697 0 55
2215147 0 57
2216719 0 55
2218217 0 69
2219667 0 37
2221215 0 55
2222738 0 72
2224163 0 46
2225735 0 52
2227160 0 63
2228707 0 41
2230181 0 54
2231606 0 53
2233129 0 51
2234677 0 53
2236225 0 53
2237699 0 50
2239246 0 51
2240745 0 72
2242145 0 45
2243594 0 52
2245142 0 59
2246714 0 66
2248213 0 45
2249761 0 52
2251333 0 50
2252831 0 69
2254379 0 39
2255853 0 51
2257376 0 59
2258826 0 56
2260275 0 50
2261823 0 61
2263247 0 43
2264672 0 57
2266171 0 50
2267669 0 56
2269143 0 55
2270617 0 59
2272116 0 60
2273639 0 69
2275211 0 37
2276636 0 50
2278061 0 55
2279535 0 56
2281033 0 51
2282532 0 50
2283957 0 60
2285505 0 66
2286905 0 39
2288428 0 55
2289877 0 53
2291450 0 59
2292924 0 54
2294422 0 50
2295871 0 62
2297296 0 40
2298721 0 60
2300220 0 57
2301669 0 68
2303119 0 43
2304592 0 54
2305993 0 56
2307393 0 67
2308818 0 38
2310366 0 54
2311864 0 61
2313387 0 39
2314910 0 60
2316360 0 51
2317834 0 54
2319357 0 71
2320782 0 43
2322231 0 56
2323680 0 67
2325204 0 38
2326653 0 55
2328152 0 49
2329699 0 71
2331124 0 37
2332672 0 55
2334097 0 55
2335595 0 72
2336971 0 44
2338494 0 54
2340042 0 52
2341516 0 68
2343039 0 37
2344562 0 52
2345987 0 57
2347510 0 58
2349107 0 59
2350654 0 54
2352128 0 56
2353676 0 72
2355150 0 39
2356673 0 49
2358073 0 63
2359572 0 44
2361095 0 49
2362495 0 60
2363920 0 63
2365345 0 37
2366843 0 58
2368391 0 57
2369841 0 50
2371413 0 55
2372862 0 51
2374336 0 49
2375786 0 57
2377333 0 72
2378783 0 41
2380330 0 52
2381780 0 60
2383303 0 51
2384826 0 54
2386374 0 57
2387921 0 60
2389395 0 69
2390894 0 44
2392343 0 60
2393768 0 60
2395217 0 56
2396691 0 55
2398141 0 66
2399566 0 46
2401113 0 56
2402636 0 56
2404184 0 52
2405707 0 51
2407181 0 53
2408704 0 55
2410154 0 72
2411701 0 40
2413175 0 51
2414674 0 57
2416148 0 55
2417671 0 51
2419120 0 51
2420644 0 53
2422167 0 66
2423665 0 42
2425115 0 50
2426539 0 68
2428063 0 45
2429586 0 55
2431133 0 65
2432632 0 40
2434081 0 59
2435580 0 71
2437029 0 42
2438528 0 53
2439953 0 63
2441525 0 37
2442999 0 58
2444473 0 53
2446045 0 65
2447519 0 43
2449042 0 54
2450492 0 60
2451966 0 49
2453415 0 59
2454889 0 52
2456387 0 58
2457812 0 62
2459360 0 47
2460834 0 51
2462308 0 51
2463708 0 60
2465158 0 60
2466632 0 56
2468155 0 65
2469629 0 46
2471201 0 57
2472626 0 71
2474149 0 39
2475647 0 57
2477220 0 54
2478767 0 54
2480168 0 52
2481617 0 59
2483066 0 55
2484491 0 64
2486039 0 39
2487513 0 53
2489011 0 55
2490485 0 59
2491984 0 55
2493532 0 63
2494957 0 44
2496480 0 60
2497978 0 54
2499403 0 49
2500951 0 55
2502400 0 59
2503923 0 54
2505471 0 61
2506945 0 45
2508468 0 50
2509991 0 58
2511440 0 58
2512939 0 55
2514413 0 55
2515985 0 59
2517484 0 69
2518909 0 43
2520407 0 52
2521955 0 56
2523502 0 55
2525026 0 55
2526549 0 61
2528096 0 45
2529521 0 53
2530946 0 64
2532371 0 41
2533869 0 51
2535368 0 51
2536867 0 56
2538365 0 68
2539790 0 41
2541215 0 60
2542640 0 49
2544138 0 52
2545637 0 59
2547160 0 66
2548707 0 40
2550231 0 49
2551754 0 62
2553301 0 42
2554751 0 52
2556200 0 50
2557625 0 51
2559099 0 55
2560548 0 55
2562096 0 55
2563546 0 71
2564995 0 42
2566493 0 51
2567992 0 59
2569441 0 55
2570940 0 61
2572365 0 47
2573814 0 51
2575214 0 53
2576664 0 56
2578113 0 49
2579661 0 54
2581110 0 55
2582584 0 52
2584157 0 69
2585606 0 47
2587080 0 51
2588603 0 55
2590028 0 53
2591526 0 62
2592927 0 44
2594352 0 59
2595924 0 61
2597447 0 41
2598945 0 58
2600493 0 59
2601918 0 67
2603417 0 41
2604817 0 54
2606364 0 62
2607888 0 39
2609337 0 53
2610786 0 53
2612236 0 55
2613685 0 59
2615110 0 71
2616633 0 47
2618033 0 56
2619557 0 56
2621006 0 66
2622578 0 45
2624150 0 57
2625600 0 65
2627148 0 43
2628695 0 53
2630120 0 60
2631619 0 49
2633068 0 67
2634493 0 43
2636041 0 50
2637539 0 67
2639087 0 45
2640659 0 50
2642108 0 61
2643582 0 47
2645081 0 58
2646653 0 63
2648152 0 37
2649724 0 60
2651149 0 51
2652696 0 49
2654244 0 58
2655816 0 54
2657315 0 68
2658740 0 41
2660189 0 55
2661688 0 56
2663186 0 63
2664734 0 46
2666183 0 59
2667633 0 60
2669107 0 52
2670630 0 61
2672079 0 37
2673627 0 57
2675150 0 64
2676550 0 41
2678024 0 58
2679474 0 54
2680972 0 64
2682471 0 43
2683994 0 53
2685517 0 58
2686991 0 58
2688563 0 58
2690135 0 67
2691536 0 39
2693108 0 52
2694582 0 53
2696105 0 50
2697628 0 60
2699127 0 67
2700674 0 37
2702099 0 50
2703573 0 60
2705023 0 61
2706447 0 41
2707872 0 54
2709395 0 60
2710894 0 52
2712368 0 58
2713817 0 69
2715365 0 44
2716814 0 55
2718313 0 51
2719812 0 60
2721384 0 70
2722907 0 42
2724405 0 53
2725879 0 50
2727304 0 56
2728852 0 60
2730400 0 60
2731972 0 49
2733421 0 53
2734822 0 72
2736271 0 47
2737819 0 58
2739293 0 70
2740717 0 38
2742142 0 54
2743592 0 49
2745090 0 53
2746638 0 51
2748161 0 69
2749733 0 41
2751256 0 53
2752706 0 52
2754155 0 65
2755678 0 39
2757103 0 60
2758651 0 58
2760125 0 51
2761623 0 68
2763048 0 43
2764596 0 59
2766045 0 50
2781190 0 104
2782713 0 104
2784236 0 104
2785784 0 104
2787184 0 104
2788609 0 104
2790107 0 104
2791581 0 104
2793055 0 104
2794554 0 104
2795954 0 105
2797453 0 105
2798976 0 105
2800524 0 105
2802022 0 106
2803594 0 104
2805093 0 105
2806641 0 105
2808090 0 105
2809515 0 105
2811038 0 105
2812487 0 105
2813937 0 105
2815411 0 106
2816934 0 104
2818432 0 105
2819857 0 106
2821380 0 104
2822854 0 105
2824304 0 105
2825753 0 106
2827227 0 104
2828676 0 105
2830175 0 105
2831600 0 106
2833049 0 104
2834572 0 105
2835997 0 106
2837545 0 104
2839019 0 105
2840468 0 105
2841918 0 105
2843367 0 105
2844866 0 105
2846364 0 105
2847838 0 106
2849263 0 104
2850737 0 105
2852236 0 105
2853685 0 106
2855134 0 104
2856535 0 105
2858082 0 105
2859581 0 105
2861006 0 105
2862406 0 106
2863954 0 104
2865403 0 105
2866852 0 106
2868302 0 104
2869825 0 105
2871274 0 105
2872773 0 105
2874321 0 105
2875721 0 105
2877269 0 106
2878767 0 104
2880290 0 105
2881715 0 106
2883263 0 104
2884761 0 105
2886211 0 106
2887636 0 104
2889109 0 105
2890608 0 105
2892082 0 105
2893605 0 105
2895079 0 105
2896479 0 105
2898027 0 106
2899501 0 104
2900950 0 105
2902449 0 105
2903972 0 105
2905446 0 105
2906871 0 105
2908320 0 105
2909819 0 105
2911367 0 106
2912816 0 104
2914290 0 105
2915739 0 105
2917262 0 105
2918786 0 106
2920260 0 104
2921709 0 105
2923232 0 105
2924681 0 105
2926106 0 105
2927531 0 106
2929005 0 104
2930455 0 105
2932002 0 105
2933550 0 105
2934999 0 105
2936424 0 105
2937947 0 105
2939446 0 105
2940944 0 106
2942369 0 104
2943892 0 105
2945366 0 106
2946889 0 104
2948290 0 105
2949739 0 105
2951188 0 105
2952712 0 105
2954186 0 106
2955684 0 104
2957158 0 105
2958583 0 105
2960057 0 105
2961605 0 106
2963103 0 104
2964602 0 105
2966125 0 106
2967574 0 104
2969048 0 105
2970571 0 105
2972070 0 105
2973593 0 105
2975018 0 105
2976516 0 106
2977966 0 104
2979415 0 105
2980840 0 106
2982363 0 104
2983886 0 105
2985336 0 105
2986810 0 105
2988234 0 105
2989708 0 106
2991182 0 104
2992755 0 105
2994204 0 105
2995727 0 105
2997201 0 105
2998749 0 105
3000223 0 105
3001697 0 106
3003244 0 104
3004792 0 105
3006266 0 106
3007789 0 104
3009312 0 105
3010737 0 105
3012211 0 106
3013759 0 104
3015282 0 105
3016707 0 106
3018132 0 104
3019581 0 105
3021055 0 106
3022504 0 104
3024027 0 105
3025575 0 105
3027098 0 105
3028621 0 106
3030144 0 104
3031569 0 105
3033043 0 106
3034493 0 104
3036040 0 105
3037613 0 106
3039111 0 104
3040585 0 105
3042108 0 105
3043508 0 106
3045056 0 104
3046555 0 105
3048102 0 105
3049625 0 106
3051026 0 104
3052573 0 105
3054097 0 105
3055620 0 105
3057167 0 105
3058666 0 105
3060115 0 106
3061540 0 104
3062990 0 105
3064439 0 106
3065864 0 104
3067362 0 105
3068763 0 105
3070310 0 106
3071833 0 104
3073332 0 105
3074880 0 105
3076304 0 105
3077729 0 106
3079154 0 104
3080702 0 105
3082102 0 105
3083601 0 105
3085075 0 105
3086499 0 105
3087924 0 105
3089398 0 106
3090823 0 104
3092248 0 105
3093746 0 106
3095171 0 104
3096694 0 105
3098193 0 106
3099716 0 104
3101190 0 105
3102590 0 105
3104064 0 105
3105563 0 105
3106963 0 105
3108511 0 105
3109960 0 106
3111410 0 104
3112859 0 105
3114358 0 105
3115807 0 105
3117281 0 105
3118829 0 105
3120253 0 106
3121777 0 104
3123251 0 105
3124725 0 105
3126223 0 105
3127697 0 105
3129171 0 105
3130719 0 105
3132168 0 105
3133667 0 106
3135116 0 104
3136639 0 105
3138187 0 106
3139759 0 104
3141184 0 105
3142682 0 106
3144230 0 104
3145680 0 105
3147104 0 105
3148554 0 105
3150077 0 105
3151625 0 105
3153099 0 106
3154523 0 104
3156022 0 105
3157447 0 106
3158945 0 104
3160419 0 105
3161992 0 105
3163515 0 105
3164915 0 106
3166364 0 104
3167789 0 105
3169337 0 105
3170860 0 105
3172309 0 106
3173833 0 104
3175306 0 105
3176731 0 106
3178254 0 104
3179704 0 105
3181178 0 106
3182701 0 104
3184175 0 105
3185698 0 106
3187098 0 104
3188523 0 105
3189923 0 105
3191447 0 105
3192994 0 106
3194517 0 104
3195942 0 105
3197392 0 105
3198939 0 105
3200364 0 105
3201764 0 106
3203189 0 104
3204639 0 105
3206039 0 105
3207513 0 105
3208987 0 105
3210510 0 105
3212008 0 106
3213482 0 104
3215030 0 105
3216430 0 106
3217978 0 104
3219501 0 105
3221024 0 106
3222547 0 104
3224021 0 105
3225495 0 105
3226896 0 105
3228419 0 106
3229844 0 104
3231391 0 105
3232865 0 106
3234315 0 104
3235862 0 105
3237410 0 105
3238958 0 106
3240432 0 104
3241930 0 105
3243429 0 106
3244952 0 104
3246450 0 105
3247973 0 105
3249447 0 105
3250971 0 106
3252445 0 104
3253894 0 105
3255442 0 106
3256989 0 104
3258414 0 105
3259839 0 105
3261288 0 105
3262738 0 105
3264212 0 106
3265612 0 104
3267037 0 105
3268609 0 105
3270108 0 105
3271508 0 105
3272933 0 105
3274382 0 105
3275807 0 106
3277207 0 104
3278608 0 105
3280032 0 106
3281506 0 104
3282956 0 105
3284405 0 105
3285830 0 105
3287255 0 105
3288680 0 105
3290105 0 105
3291529 0 105
3292979 0 106
3294477 0 104
3296025 0 105
3297524 0 106
3299022 0 104
3300472 0 105
3301896 0 106
3303444 0 104
3304894 0 105
3306392 0 105
3307915 0 105
3309389 0 106
3310789 0 104
3312362 0 105
3313909 0 106
3315359 0 104
3316857 0 105
3318307 0 105
3319854 0 105
3321402 0 105
3322901 0 106
3324399 0 104
3325824 0 105
3327249 0 105
3328674 0 105
3330221 0 105
3331622 0 105
3333096 0 106
3334619 0 104
3336068 0 105
3337542 0 105
3339090 0 105
3340564 0 105
3342087 0 105
3343610 0 105
3345158 0 106
3346656 0 104
3348056 0 105
3349555 0 105
3350980 0 105
3352528 0 105
3353952 0 105
3355353 0 106
3356851 0 104
3358374 0 105
3359848 0 106
3361322 0 104
3362772 0 105
3364172 0 105
3365720 0 106
3367218 0 104
3368717 0 105
3370191 0 105
3371738 0 105
3373261 0 106
3374834 0 104
3376357 0 105
3377880 0 105
3379428 0 105
3380877 0 106
3382277 0 104
3383776 0 105
3385324 0 105
3386773 0 105
3388247 0 105
3389795 0 105
3391293 0 105
3392792 0 106
3394315 0 104
3395715 0 105
3397214 0 105
3398663 0 105
3400186 0 105
3401611 0 105
3403060 0 106
3404510 0 104
3405959 0 105
3407507 0 105
3409054 0 105
3410578 0 105
3412052 0 106
3413550 0 104
3415024 0 105
3416547 0 106
3418021 0 104
3419520 0 105
3421092 0 105
3422566 0 106
3424089 0 104
3425563 0 105
3427012 0 106
3428462 0 104
3429887 0 105
3431312 0 106
3432736 0 104
3434260 0 105
3435783 0 105
3437281 0 105
3438681 0 105
3440131 0 105
3441678 0 106
3443251 0 104
3444676 0 105
3446223 0 105
3447673 0 106
3449245 0 104
3450768 0 105
3452267 0 105
3453716 0 105
3455264 0 105
3456811 0 105
3458212 0 105
3459710 0 106
3461135 0 104
3462609 0 105
3464083 0 105
3465631 0 105
3467055 0 105
3468603 0 106
3470028 0 104
3471526 0 105
3472976 0 105
3474401 0 105
3475801 0 105
3477250 0 106
3478675 0 104
3480100 0 105
3481599 0 105
3483122 0 105
3484620 0 105
3486168 0 105
3487593 0 105
3489042 0 105
3490492 0 106
3492015 0 104
3493464 0 105
3495012 0 105
3496560 0 105
3497984 0 106
3499434 0 104
3500932 0 105
3502480 0 106
3504028 0 104
3505453 0 105
3506926 0 105
3508400 0 105
3509850 0 105
3511373 0 105
3512847 0 105
3514395 0 105
3515819 0 106
3517244 0 104
3518792 0 105
3520315 0 105
3521814 0 106
3523312 0 104
3524786 0 105
3526309 0 106
3527734 0 104
3529159 0 105
3530657 0 105
3532107 0 105
3533581 0 105
3535104 0 105
3536578 0 105
3538076 0 105
3539550 0 106
3541049 0 104
3542523 0 105
3543972 0 105
3545422 0 106
3546871 0 104
3548321 0 105
3549868 0 106
3551342 0 104
3552890 0 105
3554438 0 105
3555961 0 105
3557410 0 105
3558909 0 105
3560432 0 106
3561881 0 104
3563429 0 105
3564878 0 105
3566426 0 105
3567949 0 106
3569497 0 104
3571020 0 105
3572494 0 105
3573943 0 105
3575417 0 105
3576965 0 105
3578365 0 106
3579937 0 104
3581387 0 105
3582812 0 105
3584212 0 105
3585760 0 105
3587160 0 105
3588634 0 106
3590206 0 104
3591680 0 105
3593154 0 106
3594677 0 104
3596176 0 105
3597699 0 106
3599197 0 104
3600622 0 105
3602072 0 106
3603570 0 104
3604970 0 105
3606518 0 105
3607968 0 105
3609417 0 105
3610817 0 105
3612389 0 106
3613863 0 104
3615313 0 105
3616836 0 106
3618384 0 104
3619882 0 105
3621430 0 106
3622953 0 104
3624451 0 105
3625852 0 106
3627301 0 104
3628824 0 105
3630372 0 106
3631797 0 104
3633246 0 105
3634745 0 105
3636243 0 105
3637668 0 105
3639216 0 105
3640690 0 106
3642115 0 104
3643589 0 105
3645038 0 105
3646537 0 106
3647986 0 104
3649435 0 105
3650909 0 105
3652408 0 105
3653882 0 105
3655307 0 106
3656756 0 104
3658206 0 105
3659704 0 106
3661203 0 104
3662726 0 105
3664200 0 105
3665649 0 105
3667172 0 106
3668622 0 104
3670096 0 105
3671570 0 105
3672994 0 105
3674542 0 105
3676114 0 105
3677637 0 106
3679038 0 104
3680512 0 105
3682035 0 105
3683558 0 105
