44778 0 2
46153 0 11
47701 0 6
49175 0 11
50723 0 11
52147 0 7
53646 0 11
55046 0 5
56545 0 1
57994 0 2
59517 0 14
60967 0 14
62392 0 18
63964 0 14
65340 0 18
66863 0 20
68337 0 15
69811 0 28
71235 0 2
72759 0 16
74183 0 24
75633 0 17
77156 0 20
78679 0 21
80104 0 21
81553 0 27
83076 0 2
84600 0 15
86098 0 15
87621 0 18
89046 0 18
90520 0 15
92043 0 23
93493 0 27
94942 0 2
96342 0 15
97742 0 17
99290 0 22
100740 0 23
102312 0 20
103884 0 28
105333 0 1
106734 0 20
108281 0 36
109854 0 12
111279 0 24
112753 0 22
114226 0 22
115774 0 15
117174 0 32
118599 0 9
120073 0 13
121523 0 14
122997 0 13
124397 0 17
125797 0 13
127320 0 31
128893 0 3
130440 0 18
131939 0 20
133486 0 16
134985 0 13
136459 0 18
137908 0 18
139358 0 35
140881 0 12
142404 0 13
143804 0 16
145278 0 16
146703 0 18
148177 0 19
149749 0 34
151174 0 1
152624 0 15
154098 0 13
155621 0 23
157045 0 21
158593 0 23
160141 0 35
161664 0 11
163187 0 24
164587 0 19
166110 0 17
167511 0 13
168960 0 28
170385 0 6
171908 0 19
173358 0 13
174758 0 20
176330 0 30
177829 0 4
179253 0 17
180801 0 32
182226 0 5
183700 0 15
185248 0 18
186672 0 19
188196 0 25
189620 0 6
191070 0 16
192470 0 28
193969 0 8
195541 0 14
196941 0 18
198513 0 31
199938 0 9
201511 0 20
203009 0 19
204557 0 21
206055 0 29
207554 0 3
208979 0 14
210477 0 25
212025 0 8
213499 0 17
215046 0 34
216447 0 2
217994 0 16
219370 0 14
220795 0 29
222269 0 5
223743 0 22
225291 0 31
226863 0 5
228337 0 14
229713 0 23
231187 0 14
232587 0 13
234012 0 14
235412 0 23
236935 0 28
238458 0 5
239908 0 13
241332 0 27
242855 0 11
244354 0 19
245877 0 23
247376 0 33
248874 0 10
250299 0 18
251847 0 27
253345 0 3
254844 0 16
256269 0 23
257694 0 13
259217 0 14
260617 0 25
262066 0 2
263589 0 23
265088 0 33
266636 0 6
268060 0 23
269485 0 24
270935 0 23
272384 0 29
273784 0 8
275332 0 19
276855 0 16
278305 0 22
279779 0 19
281228 0 28
282751 0 2
284299 0 15
285773 0 19
287296 0 17
288770 0 21
290293 0 14
291792 0 29
293192 0 10
294690 0 14
296115 0 21
297565 0 17
299112 0 22
300586 0 22
302158 0 26
303583 0 12
305131 0 16
306531 0 19
308005 0 13
309479 0 36
310953 0 7
312501 0 24
314024 0 35
315498 0 1
316972 0 23
318520 0 14
319969 0 14
321394 0 18
322868 0 19
324440 0 17
325889 0 24
327437 0 31
328960 0 11
330434 0 24
331982 0 14
333530 0 18
335077 0 16
336527 0 19
337976 0 27
339401 0 5
340949 0 19
342398 0 33
343946 0 5
345444 0 16
346894 0 33
348368 0 12
349768 0 18
351340 0 20
352888 0 17
354337 0 36
355787 0 12
357261 0 24
358784 0 16
360258 0 16
361633 0 13
363157 0 30
364631 0 10
366203 0 18
367726 0 18
369298 0 15
370846 0 15
372393 0 20
373917 0 22
375489 0 28
377036 0 10
378510 0 22
380058 0 18
381557 0 27
383055 0 10
384505 0 16
386003 0 29
387502 0 6
389025 0 14
390548 0 22
392096 0 13
393594 0 13
395044 0 20
396567 0 22
398139 0 33
399637 0 6
401161 0 18
402610 0 27
404158 0 8
405607 0 24
407032 0 19
408457 0 22
409906 0 18
411380 0 28
412854 0 6
414279 0 20
415876 0 20
417448 0 31
418996 0 3
420543 0 24
422042 0 15
423467 0 36
425039 0 8
426538 0 15
428061 0 25
429535 0 6
431009 0 23
432507 0 33
433957 0 7
435406 0 22
436978 0 33
438428 0 12
439852 0 19
441326 0 20
442850 0 14
444324 0 19
445748 0 20
447198 0 13
448623 0 34
450047 0 10
451571 0 23
453045 0 14
454568 0 13
456091 0 23
457589 0 33
459014 0 12
460439 0 24
461962 0 31
463534 0 2
464935 0 15
466384 0 34
467809 0 6
469307 0 23
470880 0 21
472354 0 25
473828 0 5
475351 0 14
476898 0 36
478372 0 11
479895 0 23
481320 0 25
482868 0 11
484416 0 20
485914 0 28
487339 0 11
488862 0 23
490312 0 16
491786 0 21
493333 0 18
494807 0 21
496306 0 27
497755 0 6
499205 0 14
500703 0 34
502226 0 4
503651 0 23
505223 0 18
506771 0 22
508294 0 19
509817 0 18
511242 0 29
512691 0 5
514116 0 22
515639 0 23
517040 0 20
518637 0 28
520110 0 9
521634 0 16
523132 0 24
524631 0 19
526203 0 31
527775 0 5
529274 0 24
530699 0 34
532099 0 11
533647 0 24
535145 0 31
536668 0 12
538167 0 15
539690 0 26
541188 0 12
542638 0 24
544136 0 36
545561 0 8
547035 0 18
548485 0 24
549959 0 15
551482 0 21
553029 0 34
554528 0 2
556026 0 24
557549 0 32
559073 0 5
560473 0 14
561922 0 27
563396 0 5
564895 0 13
566418 0 18
567843 0 21
569268 0 30
570692 0 9
572117 0 23
573616 0 30
575065 0 10
576588 0 17
578062 0 28
579536 0 5
581010 0 14
582484 0 24
583885 0 16
585309 0 24
586710 0 28
588257 0 12
589780 0 18
591328 0 14
592802 0 14
594252 0 15
595750 0 21
597199 0 28
598747 0 4
600147 0 19
601671 0 18
603243 0 14
604692 0 35
606166 0 6
607591 0 21
609090 0 23
610490 0 20
611939 0 32
613364 0 10
614789 0 21
616263 0 16
617663 0 20
619113 0 33
620537 0 3
622011 0 22
623510 0 22
624959 0 19
626507 0 14
627932 0 32
629381 0 3
630880 0 15
632329 0 23
633754 0 17
635228 0 30
636604 0 12
638102 0 22
639527 0 13
640928 0 15
642377 0 17
643851 0 17
645300 0 28
646774 0 6
648248 0 23
649648 0 20
651172 0 18
652646 0 20
654144 0 32
655569 0 8
657067 0 15
658566 0 15
659991 0 15
661539 0 22
662963 0 27
664437 0 12
665985 0 18
667484 0 33
668982 0 10
670407 0 22
671881 0 19
673379 0 19
674952 0 23
676475 0 28
677900 0 10
679423 0 23
680946 0 24
682395 0 18
683918 0 34
685442 0 7
686989 0 19
688414 0 22
689839 0 25
691264 0 12
692713 0 15
694113 0 34
695612 0 6
697086 0 13
698535 0 23
700009 0 13
701410 0 13
702859 0 31
704382 0 1
705832 0 16
707355 0 34
708829 0 12
710253 0 14
711629 0 26
713054 0 2
714553 0 21
716076 0 15
717550 0 15
718975 0 22
720399 0 18
721849 0 32
723249 0 4
724698 0 17
726246 0 18
727696 0 16
729120 0 19
730693 0 19
732167 0 21
733714 0 22
735287 0 27
736760 0 10
738259 0 13
739807 0 35
741305 0 3
742706 0 21
744229 0 14
745703 0 16
747152 0 14
748651 0 17
750051 0 28
751476 0 7
752925 0 15
754399 0 25
755873 0 5
757372 0 18
758846 0 33
760418 0 1
761843 0 21
763415 0 22
764864 0 22
766338 0 23
767763 0 18
769188 0 23
770736 0 25
772210 0 1
773733 0 24
775256 0 24
776681 0 15
778204 0 24
779653 0 22
781103 0 23
782527 0 32
784026 0 4
785549 0 19
787048 0 18
788571 0 27
790069 0 1
791519 0 14
793042 0 19
794491 0 21
795990 0 21
797513 0 23
799011 0 25
800485 0 3
801886 0 21
803335 0 14
804711 0 21
806185 0 19
807683 0 19
809231 0 30
810656 0 6
812105 0 22
813579 0 24
815004 0 23
816453 0 15
817927 0 21
819401 0 36
820974 0 11
822497 0 23
824044 0 20
825617 0 24
827164 0 14
828638 0 34
830088 0 10
831611 0 18
833109 0 30
834534 0 4
835910 0 21
837335 0 24
838858 0 24
840406 0 21
841880 0 14
843403 0 32
844901 0 10
846351 0 15
847775 0 17
849323 0 20
850846 0 22
852369 0 22
853819 0 15
855342 0 29
856791 0 5
858265 0 14
859788 0 15
861311 0 24
862835 0 27
864235 0 4
865660 0 23
867109 0 29
868632 0 4
870155 0 19
871654 0 32
873079 0 4
874602 0 15
876100 0 15
877599 0 14
878999 0 24
880498 0 18
881923 0 24
883347 0 33
884920 0 3
886345 0 18
887917 0 27
889440 0 8
890865 0 23
892339 0 20
893911 0 14
895459 0 32
896957 0 3
898407 0 17
899881 0 14
901330 0 36
902804 0 10
904278 0 23
905727 0 16
907177 0 18
908749 0 32
910149 0 12
911550 0 13
913097 0 18
914645 0 18
916168 0 21
917740 0 26
919141 0 12
920541 0 13
921990 0 22
923464 0 19
924987 0 20
926510 0 15
927935 0 28
929458 0 11
930932 0 21
932505 0 22
934077 0 24
935624 0 29
937025 0 3
938450 0 22
939997 0 35
941398 0 1
942872 0 19
944444 0 25
945967 0 4
947343 0 23
1054799 0 101
1056224 0 101
1057673 0 101
1059073 0 101
1060572 0 101
1062046 0 101
1063544 0 101
1064945 0 101
1066443 0 101
1067893 0 101
1069391 0 102
1070841 0 102
1072241 0 102
1073739 0 102
1075287 0 103
1076761 0 101
1078309 0 102
1079832 0 102
1081306 0 103
1082878 0 101
1084327 0 102
1085850 0 102
1087374 0 102
1088872 0 102
1090395 0 102
1091820 0 103
1093319 0 101
1094743 0 102
1096144 0 102
1097569 0 102
1098993 0 102
1100418 0 102
1101966 0 103
1103489 0 101
1105037 0 102
1106437 0 102
1107911 0 102
1109410 0 102
1110933 0 103
1112431 0 101
1113831 0 102
1115355 0 102
1116829 0 102
1118352 0 103
1119850 0 101
1121373 0 102
1122774 0 102
1124272 0 102
1125795 0 103
1127269 0 101
1128743 0 102
1130168 0 102
1131667 0 103
1133141 0 101
1134541 0 102
1136089 0 102
1137538 0 102
1138938 0 103
1140412 0 101
1141911 0 102
1143336 0 103
1144859 0 101
1146259 0 102
1147733 0 103
1149158 0 101
1150705 0 102
1152155 0 102
1153629 0 102
1155078 0 102
1156479 0 102
1157879 0 103
1159451 0 101
1160876 0 102
1162374 0 103
1163824 0 101
1165224 0 102
1166649 0 102
1168074 0 102
1169523 0 102
1171022 0 102
1172447 0 102
1173847 0 103
1175419 0 101
1176918 0 102
1178318 0 103
1179890 0 101
1181340 0 102
1182764 0 102
1184165 0 102
1185688 0 102
1187137 0 102
1188611 0 102
1190134 0 103
1191608 0 101
1193033 0 102
1194556 0 102
1196104 0 102
1197553 0 103
1199003 0 101
1200501 0 102
1201926 0 102
1203425 0 102
1204850 0 102
1206274 0 103
1207798 0 101
1209247 0 102
1210672 0 102
1212170 0 102
1213718 0 103
1215167 0 101
1216666 0 102
1218115 0 103
1219638 0 101
1221162 0 102
1222586 0 102
1223987 0 102
1225436 0 102
1226836 0 103
1228286 0 101
1229760 0 102
1231283 0 102
1232831 0 102
1234329 0 103
1235754 0 101
1237154 0 102
1238579 0 102
1239979 0 102
1241478 0 102
1242903 0 103
1244352 0 101
1245875 0 102
1247374 0 103
1248946 0 101
1250395 0 102
1251796 0 102
1253343 0 103
1254768 0 101
1256242 0 102
1257790 0 102
1259190 0 102
1260615 0 102
1262138 0 102
1263612 0 103
1265012 0 101
1266560 0 102
1268034 0 102
1269557 0 102
1271056 0 102
1272554 0 103
1274004 0 101
1275428 0 102
1276853 0 103
1278401 0 101
1279949 0 102
1281472 0 102
1282921 0 102
1284346 0 102
1285845 0 103
1287294 0 101
1288694 0 102
1290119 0 102
1291519 0 102
1292920 0 102
1294443 0 102
1295843 0 102
1297366 0 103
1298938 0 101
1300486 0 102
1302034 0 102
1303434 0 102
1304982 0 102
1306505 0 103
1308028 0 101
1309453 0 102
1310927 0 102
1312450 0 102
1313948 0 103
1315398 0 101
1316945 0 102
1318395 0 103
1319943 0 101
1321466 0 102
1322866 0 102
1324266 0 102
1325765 0 102
1327214 0 102
1328664 0 102
1330088 0 102
1331587 0 103
1333159 0 101
1334707 0 102
1336230 0 103
1337753 0 101
1339276 0 102
1340726 0 102
1342126 0 102
1343624 0 103
1345172 0 101
1346572 0 102
1347973 0 103
1349397 0 101
1350822 0 102
1352223 0 102
1353721 0 102
1355146 0 102
1356669 0 102
1358168 0 103
1359691 0 101
1361116 0 102
1362565 0 102
1364039 0 102
1365488 0 103
1366962 0 101
1368486 0 102
1370009 0 103
1371532 0 101
1373079 0 102
1374553 0 103
1376101 0 101
1377526 0 102
1378951 0 102
1380400 0 102
1381825 0 102
1383324 0 103
1384798 0 101
1386321 0 102
1387795 0 103
1389367 0 101
1390890 0 102
1392339 0 102
1393887 0 103
1395386 0 101
1396860 0 102
1398284 0 103
1399832 0 101
1401380 0 102
1402878 0 102
1404377 0 102
1405924 0 103
1407349 0 101
1408897 0 102
1410322 0 102
1411722 0 103
1413172 0 101
1414719 0 102
1416144 0 102
1417544 0 102
1419092 0 102
1420492 0 103
1422040 0 101
1423489 0 102
1424963 0 103
1426388 0 101
1427789 0 102
1429238 0 103
1430687 0 101
1432137 0 102
1433684 0 102
1435134 0 103
1436632 0 101
1438106 0 102
1439605 0 103
1441103 0 101
1442577 0 102
1444101 0 102
1445550 0 103
1446950 0 101
1448424 0 102
1449874 0 103
1451397 0 101
1452846 0 102
1454320 0 102
1455745 0 103
1457268 0 101
1458717 0 102
1460142 0 102
1461592 0 102
1463139 0 103
1464687 0 101
1466087 0 102
1467537 0 102
1469060 0 103
1470485 0 101
1471934 0 102
1473384 0 102
1474907 0 103
1476405 0 101
1477805 0 102
1479206 0 102
1480729 0 102
1482129 0 103
1483677 0 101
1485077 0 102
1486526 0 103
1487951 0 101
1489376 0 102
1490826 0 102
1492300 0 103
1493749 0 101
1495272 0 102
1496697 0 102
1498195 0 102
1499596 0 103
1501021 0 101
1502421 0 102
1503944 0 102
1505344 0 102
1506745 0 102
1508292 0 102
1509692 0 102
1511166 0 103
1512591 0 101
1514016 0 102
1515539 0 102
1516989 0 102
1518463 0 102
1519937 0 102
1521435 0 102
1522885 0 103
1524383 0 101
1525808 0 102
1527233 0 102
1528633 0 103
1530058 0 101
1531556 0 102
1532957 0 103
1534480 0 101
1536003 0 102
1537403 0 102
1538951 0 102
1540474 0 103
1542046 0 101
1543520 0 102
1544970 0 103
1546419 0 101
1547844 0 102
1549342 0 102
1550841 0 102
1552364 0 102
1553813 0 102
1555287 0 103
1556761 0 101
1558211 0 102
1559759 0 102
1561282 0 102
1562682 0 102
1564107 0 103
1565630 0 101
1567153 0 102
1568602 0 102
1570076 0 103
1571575 0 101
1572975 0 102
1574474 0 103
1575923 0 101
1577446 0 102
1578920 0 103
1580394 0 101
1581819 0 102
1583268 0 102
1584767 0 102
1586192 0 103
1587715 0 101
1589115 0 102
1590589 0 102
1592088 0 102
1593562 0 102
1595036 0 102
1596461 0 102
1597910 0 103
1599335 0 101
1600833 0 102
1602381 0 102
1603904 0 102
1605403 0 102
1606926 0 102
1608375 0 103
1609800 0 101
1611200 0 102
1612674 0 102
1614197 0 102
1615696 0 103
1617194 0 101
1618619 0 102
1620044 0 103
1621567 0 101
1623017 0 102
1624466 0 102
1625989 0 102
1627537 0 102
1938330 0 101
1939853 0 101
1941327 0 101
1942801 0 101
1944348 0 101
1945822 0 101
1947321 0 101
1948721 0 101
1950171 0 101
1951595 0 101
1953020 0 102
1954470 0 102
1955870 0 102
1957295 0 102
1958842 0 102
1960341 0 102
1961889 0 103
1963461 0 101
1964935 0 102
1966433 0 102
1967858 0 102
1969406 0 103
1970880 0 101
1972428 0 102
1973951 0 102
1975474 0 102
1976874 0 102
1978348 0 102
1979871 0 103
1981370 0 101
1982893 0 102
1984367 0 103
1985816 0 101
1987339 0 102
1988838 0 102
1990263 0 102
1991761 0 102
1993211 0 102
1994611 0 103
1996036 0 101
1997510 0 102
1998935 0 103
2000384 0 101
2001833 0 102
2003234 0 103
2004683 0 101
2006182 0 102
2007705 0 103
2009203 0 101
2010653 0 102
2012176 0 102
2013699 0 102
2015222 0 102
2016647 0 103
2018170 0 101
2019595 0 102
2021093 0 102
2022641 0 102
2024115 0 102
2025564 0 103
2027063 0 101
2028611 0 102
2030060 0 103
2031485 0 101
2033033 0 102
2034531 0 102
2036079 0 103
2037602 0 101
2039150 0 102
2040697 0 102
2042220 0 102
2043694 0 103
2045242 0 101
2046667 0 102
2048141 0 102
2049639 0 102
2051162 0 102
2052587 0 102
2054110 0 102
2055560 0 103
2057132 0 101
2058557 0 102
2060006 0 103
2061431 0 101
2062881 0 102
2064404 0 103
2065829 0 101
2067352 0 102
2068752 0 102
2070300 0 102
2071798 0 102
2073321 0 102
2074869 0 103
2076392 0 101
2077915 0 102
2079438 0 103
2080937 0 101
2082362 0 102
2083885 0 103
2085359 0 101
2086882 0 102
2088405 0 102
2089928 0 102
2091328 0 102
2092827 0 103
2094325 0 101
2095848 0 102
2097322 0 102
2098723 0 102
2100197 0 103
2101671 0 101
2103071 0 102
2104520 0 102
2106044 0 102
2107567 0 102
2109114 0 102
2110564 0 103
2112013 0 101
2113463 0 102
2115010 0 103
2116435 0 101
2117958 0 102
2119383 0 102
2120931 0 102
2122405 0 102
2123928 0 102
2125353 0 102
2126777 0 103
2128350 0 101
2129775 0 102
2131273 0 103
2132747 0 101
2134221 0 102
2135670 0 102
2137194 0 102
2138668 0 102
2140068 0 103
2141493 0 101
2142991 0 102
2144416 0 103
2145939 0 101
2147487 0 102
2148887 0 102
2150312 0 103
2151835 0 101
2153309 0 102
2154734 0 102
2156208 0 102
2157682 0 102
2159082 0 102
2160482 0 102
2161883 0 103
2163332 0 101
2164732 0 102
2166157 0 102
2167680 0 102
2169105 0 102
2170628 0 103
2172053 0 101
2173527 0 102
2174976 0 102
2176524 0 102
2177949 0 103
2179448 0 101
2180922 0 102
2189752 0 45
2191275 0 46
2192823 0 43
2194370 0 43
2195844 0 38
2197367 0 41
2198841 0 45
2200266 0 46
2201740 0 47
2203288 0 42
2204762 0 49
2206309 0 51
2207808 0 55
2209233 0 57
2210658 0 51
2212181 0 66
2213655 0 47
2215129 0 60
2216627 0 54
2218077 0 54
2219649 0 52
2221098 0 61
2222572 0 44
2224022 0 59
2225471 0 50
2226945 0 54
2228394 0 63
2229868 0 47
2231318 0 60
2232816 0 51
2234364 0 60
2235813 0 68
2237287 0 39
2238761 0 52
2240235 0 57
2241710 0 62
2243208 0 40
2244657 0 52
2246156 0 54
2247581 0 54
2248981 0 59
2250455 0 60
2251978 0 67
2253526 0 40
2254975 0 57
2256425 0 49
2257972 0 71
2259495 0 40
2260945 0 49
2262370 0 64
2263844 0 38
2265367 0 60
2266816 0 55
2268339 0 50
2269838 0 67
2271312 0 41
2272810 0 56
2274309 0 55
2275734 0 56
2277183 0 68
2278633 0 48
2280106 0 56
2281580 0 60
2283128 0 54
2284578 0 59
2286125 0 50
2287673 0 57
2289221 0 70
2290596 0 39
2292046 0 60
2293471 0 63
2294920 0 43
2296418 0 59
2297966 0 66
2299514 0 44
2300988 0 50
2302437 0 55
2303862 0 63
2305262 0 44
2306835 0 57
2308284 0 57
2309758 0 57
2311183 0 57
2312706 0 56
2314106 0 59
2315605 0 67
2317079 0 42
2318553 0 49
2319978 0 62
2321427 0 43
2322876 0 53
2324301 0 49
2325800 0 62
2327323 0 40
2328821 0 56
2330320 0 59
2331818 0 57
2333391 0 58
2334840 0 51
2336314 0 57
2337788 0 62
2339213 0 41
2340785 0 51
2342210 0 56
2343659 0 55
2345084 0 55
2346632 0 56
2348106 0 55
2349531 0 72
2351078 0 40
2352602 0 52
2354051 0 54
2355574 0 68
2357122 0 44
2358620 0 59
2360143 0 69
2361716 0 42
2363190 0 54
2364590 0 55
2366064 0 60
2367513 0 65
2369036 0 48
2370609 0 52
2372083 0 68
2373581 0 40
2375104 0 49
2376627 0 71
2378101 0 44
2379624 0 56
2381148 0 53
2382646 0 52
2384145 0 57
2385692 0 55
2387166 0 64
2388714 0 42
2390237 0 57
2391809 0 51
2393259 0 58
2394782 0 55
2396231 0 68
2397632 0 44
2399056 0 50
2400555 0 49
2402053 0 67
2403454 0 45
2405001 0 58
2406525 0 58
2408097 0 53
2409522 0 54
2411069 0 53
2412592 0 62
2414066 0 46
2415516 0 56
2416916 0 53
2418415 0 52
2419864 0 63
2421264 0 39
2422689 0 53
2424261 0 56
2425735 0 60
2427160 0 72
2428560 0 44
2430010 0 54
2431533 0 50
2433032 0 53
2434579 0 57
2436053 0 52
2437576 0 60
2439075 0 68
2440549 0 43
2441974 0 57
2443546 0 56
2445094 0 65
2446641 0 38
2448042 0 60
2449540 0 63
2451014 0 37
2452513 0 53
2453962 0 70
2455387 0 46
2456885 0 53
2458335 0 68
2459809 0 41
2461332 0 51
2462781 0 63
2464231 0 41
2465656 0 52
2467154 0 57
2468726 0 65
2470151 0 43
2471699 0 49
2473222 0 52
2474671 0 51
2476170 0 62
2477668 0 43
2479192 0 51
2480641 0 65
2482189 0 38
2483712 0 52
2485235 0 57
2486733 0 58
2488183 0 52
2489608 0 71
2491032 0 44
2492605 0 57
2494079 0 51
2495553 0 56
2496978 0 54
2498476 0 60
2499975 0 58
2501473 0 69
2503045 0 46
2504544 0 57
2506018 0 56
2507443 0 54
2508941 0 59
2510415 0 53
2511840 0 52
2513388 0 64
2514813 0 48
2516360 0 51
2517834 0 65
2519259 0 45
2520709 0 57
2522232 0 53
2523730 0 60
2525229 0 72
2526776 0 37
2528177 0 54
2529700 0 72
2531247 0 40
2532721 0 51
2534294 0 51
2535768 0 56
2537291 0 53
2538765 0 54
2540312 0 63
2541737 0 44
2543187 0 57
2544661 0 51
2546135 0 49
2547609 0 59
2549083 0 67
2550532 0 46
2552104 0 59
2553554 0 58
2554978 0 60
2556403 0 61
2557853 0 45
2559351 0 59
2560776 0 59
2562275 0 50
2563675 0 51
2565173 0 58
2566721 0 56
2568220 0 71
2569718 0 38
2571192 0 55
2572666 0 57
2574165 0 57
2575614 0 59
2577137 0 53
2578611 0 53
2580036 0 50
2581486 0 72
2582959 0 46
2584483 0 50
2585932 0 50
2587381 0 69
2588905 0 41
2590378 0 52
2591852 0 52
2593302 0 55
2594825 0 59
2596250 0 57
2597675 0 54
2599247 0 52
2600647 0 61
2602121 0 39
2603644 0 52
2605217 0 55
2606715 0 51
2608238 0 52
2609810 0 50
2611383 0 50
2612906 0 54
2614355 0 68
2615805 0 39
2617254 0 53
2618753 0 56
2620202 0 52
2621701 0 51
2623199 0 62
2624698 0 47
2626172 0 56
2627719 0 57
2629242 0 71
2630716 0 39
2632289 0 51
2633738 0 54
2635261 0 57
2636833 0 57
2638258 0 62
2639781 0 48
2641206 0 55
2642729 0 49
2644277 0 71
2645825 0 45
2647397 0 56
2648944 0 63
2650468 0 44
2652040 0 54
2653440 0 65
2654914 0 39
2656437 0 51
2657887 0 51
2659385 0 53
2660835 0 58
2662284 0 50
2663807 0 59
2665281 0 55
2666804 0 62
2668278 0 43
2669777 0 50
2671300 0 63
2672872 0 40
2674321 0 59
2675746 0 62
2677269 0 46
2678768 0 50
2680316 0 63
2681888 0 48
2683362 0 51
2684836 0 52
2686285 0 54
2687784 0 52
2689282 0 69
2690732 0 41
2692206 0 56
2693704 0 57
2695129 0 66
2696628 0 48
2698126 0 55
2699600 0 52
2701074 0 57
2702622 0 56
2704047 0 65
2705619 0 44
2707191 0 56
2708616 0 56
2710139 0 54
2711687 0 58
2713259 0 61
2714782 0 40
2716256 0 59
2717755 0 64
2719302 0 41
2720825 0 52
2722275 0 54
2723675 0 69
2725149 0 47
2726697 0 52
2728269 0 56
2729669 0 70
2731119 0 39
2732666 0 55
2734165 0 71
2735639 0 42
2737162 0 58
2738710 0 60
2740233 0 50
2741682 0 69
2743156 0 38
2744655 0 49
2746153 0 59
2747725 0 51
2749199 0 51
2750649 0 54
2752123 0 53
2753621 0 61
2755022 0 42
2756496 0 60
2757994 0 55
2759542 0 71
2760967 0 42
2762490 0 52
2764062 0 62
2765610 0 47
2767084 0 54
2768533 0 59
2769983 0 49
2771481 0 57
2773053 0 54
2774552 0 58
2776026 0 70
2777402 0 44
2778900 0 58
2780399 0 51
2781946 0 72
2783445 0 41
2784919 0 49
2786442 0 63
2787990 0 45
2789439 0 55
2790864 0 55
2792412 0 57
2793935 0 59
2795507 0 71
2797005 0 46
2798553 0 50
2800027 0 55
2801599 0 56
2803024 0 51
2804523 0 64
2806070 0 37
2807618 0 56
2809043 0 51
2810443 0 49
2811991 0 61
2813465 0 41
2814890 0 55
2816339 0 63
2817789 0 37
2819312 0 52
2820736 0 50
2822284 0 62
2823807 0 38
2825257 0 59
2826706 0 49
2828278 0 61
2829728 0 45
2831202 0 55
2832725 0 51
2834125 0 61
2835550 0 40
2837048 0 52
2838572 0 54
2840046 0 55
2841520 0 56
2842994 0 55
2844418 0 70
2845843 0 38
2847293 0 58
2848767 0 52
2850339 0 52
2851813 0 66
2853238 0 40
2854662 0 59
2856161 0 55
2857709 0 70
2859158 0 42
2860632 0 56
2862155 0 51
2863654 0 54
2865177 0 54
2866651 0 55
2868174 0 72
2869599 0 47
2871122 0 50
2872620 0 49
2874144 0 56
2875544 0 70
2876920 0 41
2878344 0 53
2879818 0 71
2881292 0 47
2882791 0 51
2884240 0 52
2885665 0 60
2887188 0 53
2888687 0 67
2890112 0 42
2891635 0 56
2893133 0 60
2894607 0 55
2896032 0 72
2897432 0 47
2899005 0 60
2900429 0 54
2901953 0 59
2903525 0 49
2905023 0 58
2906522 0 52
2908020 0 55
2909544 0 71
2910968 0 43
2912491 0 50
2914039 0 57
2915513 0 59
2916987 0 50
2918387 0 71
2919935 0 39
2921384 0 51
2922883 0 72
2924308 0 41
2925831 0 52
2927330 0 60
2928803 0 57
2930351 0 58
2931923 0 55
2933397 0 65
2934945 0 40
2936370 0 53
2937868 0 60
2939392 0 60
2940816 0 63
2942364 0 37
2943912 0 58
2945386 0 62
2946811 0 37
2948260 0 51
2949783 0 49
2951331 0 68
2952854 0 37
2954254 0 54
2955704 0 70
2957128 0 41
2958529 0 59
2960003 0 71
2961501 0 46
2962975 0 60
2964547 0 55
2966021 0 49
2967446 0 49
2968871 0 58
2970345 0 53
2971844 0 64
2973268 0 48
2974816 0 55
2976290 0 72
2977690 0 48
2979091 0 56
2980638 0 60
2982063 0 58
2983537 0 52
2984962 0 68
2986436 0 47
2988008 0 57
2989458 0 70
2990932 0 46
2992381 0 59
2993880 0 56
2995378 0 59
2996827 0 65
2998277 0 38
2999751 0 52
3001176 0 69
3002625 0 42
3004124 0 57
3005573 0 65
3007121 0 39
3008546 0 57
3010020 0 59
3011592 0 55
3013115 0 68
3014589 0 47
3016087 0 55
3017586 0 51
3019011 0 53
3020534 0 50
3021934 0 56
3023334 0 56
3024759 0 65
3026209 0 41
3027732 0 56
3029157 0 69
3030655 0 42
3032203 0 55
3033726 0 51
3035151 0 57
3036723 0 65
3038295 0 38
3039843 0 54
3041268 0 66
3042717 0 40
3044216 0 49
3045739 0 72
3047237 0 37
3048761 0 55
3050235 0 72
3051635 0 39
3053158 0 59
3054583 0 72
3056057 0 46
3057629 0 54
3059152 0 55
3060602 0 57
3062076 0 60
3063500 0 66
3064974 0 44
3066399 0 53
3067849 0 49
3069323 0 54
3070821 0 61
3072295 0 44
3073818 0 57
3075390 0 57
3076840 0 59
3078289 0 49
3079837 0 54
3081360 0 57
3082834 0 65
3084357 0 42
3085905 0 51
3087354 0 50
3088902 0 56
3090425 0 57
3091874 0 52
3093422 0 59
3094970 0 54
3327768 0 104
3329315 0 104
3330863 0 104
3332288 0 104
3333836 0 104
3335359 0 104
3336759 0 104
3338159 0 104
3339707 0 104
3341107 0 104
3342581 0 105
3344031 0 105
3345554 0 105
3347101 0 106
3348502 0 104
3350000 0 105
3351548 0 105
3352997 0 106
3354471 0 104
3355896 0 105
3357296 0 105
3358770 0 105
3360195 0 106
3361694 0 104
3363143 0 105
3364691 0 105
3366214 0 105
3367712 0 105
3369113 0 106
3370636 0 104
3372061 0 105
3373535 0 106
3375058 0 104
3376556 0 105
3378006 0 105
3379406 0 105
3380905 0 106
3382428 0 104
3383902 0 105
3385449 0 105
3386874 0 105
3388422 0 105
3389920 0 105
3391370 0 105
3392917 0 106
3394342 0 104
3395767 0 105
3397167 0 105
3398666 0 105
3400214 0 105
3401761 0 105
3403284 0 106
3404783 0 104
3406208 0 105
3407756 0 106
3409254 0 104
3410826 0 105
3412300 0 106
3413823 0 104
3415322 0 105
3416870 0 105
3418319 0 105
3419744 0 106
3421267 0 104
3422667 0 105
3424141 0 106
3425591 0 104
3427138 0 105
3428661 0 105
3430062 0 105
3431462 0 105
3433010 0 105
3434582 0 106
3436031 0 104
3437456 0 105
3438930 0 105
3440330 0 105
3441878 0 105
3443377 0 106
3444900 0 104
3446325 0 105
3447872 0 106
3449297 0 104
3450697 0 105
3452245 0 105
3453645 0 105
3455193 0 105
3456642 0 106
3458165 0 104
3459640 0 105
3461064 0 105
3462587 0 105
3464111 0 105
3465585 0 105
3467132 0 106
3468680 0 104
3470129 0 105
3471628 0 106
3473077 0 104
3474502 0 105
3475951 0 105
3477450 0 105
3478899 0 106
3480373 0 104
3481872 0 105
3483420 0 105
3484967 0 105
3486417 0 106
3487866 0 104
3489340 0 105
3490814 0 105
3492313 0 105
3493860 0 105
3495408 0 106
3496808 0 104
3498356 0 105
3499879 0 105
3501402 0 105
3502901 0 105
3504350 0 105
3505849 0 106
3507347 0 104
3508870 0 105
3510320 0 105
3511794 0 105
3513292 0 105
3514815 0 105
3516314 0 106
3517788 0 104
3519237 0 105
3520760 0 105
3522234 0 105
3523708 0 105
3525231 0 105
3526656 0 105
3528130 0 106
3529604 0 104
3531152 0 105
3532601 0 106
3534124 0 104
3535672 0 105
3537195 0 105
3538595 0 105
3539996 0 105
3541519 0 106
3543067 0 104
3544467 0 105
3546014 0 105
3547562 0 105
3549012 0 105
3550461 0 105
3551910 0 105
3553335 0 105
3554858 0 106
3556431 0 104
3557929 0 105
3559354 0 106
3560902 0 104
3562400 0 105
3563899 0 105
3565422 0 106
3566920 0 104
3568321 0 105
3569868 0 105
3571391 0 105
3572890 0 106
3574438 0 104
3575961 0 105
3577361 0 105
3578860 0 105
3580383 0 106
3581930 0 104
3583331 0 105
3584829 0 105
3586279 0 105
3587802 0 105
3589276 0 105
3590725 0 105
3592248 0 106
3593747 0 104
3595294 0 105
3596695 0 105
3598242 0 105
3599790 0 105
3601338 0 105
3602885 0 106
3604310 0 104
3605735 0 105
3607184 0 105
3608732 0 106
3610157 0 104
3611631 0 105
3613179 0 105
3614653 0 105
3616176 0 105
3617699 0 105
3619124 0 106
3620696 0 104
3622244 0 105
3623644 0 105
3625118 0 105
3626543 0 106
3628066 0 104
3629589 0 105
3631063 0 106
3632561 0 104
3634085 0 105
3635583 0 105
3637057 0 105
3638506 0 105
3639931 0 106
3641504 0 104
3642928 0 105
3644353 0 106
3645852 0 104
3647375 0 105
3648824 0 105
3650347 0 106
3651772 0 104
3653320 0 105
3654818 0 105
3656243 0 105
3657791 0 105
3659240 0 106
3660714 0 104
3662287 0 105
3663687 0 106
3665087 0 104
3666537 0 105
3667961 0 106
3669411 0 104
3670811 0 105
3672261 0 105
3673808 0 105
3675331 0 105
3676756 0 105
3678255 0 105
3679729 0 106
3681154 0 104
3682652 0 105
3684101 0 105
3685551 0 105
3687074 0 105
3688573 0 106
3689973 0 104
3691520 0 105
3693019 0 105
3694567 0 105
3695992 0 105
3697416 0 106
3698890 0 104
3700340 0 105
3701887 0 106
3703386 0 104
3704909 0 105
3706432 0 106
3707882 0 104
3709331 0 105
3710756 0 106
3712254 0 104
3713753 0 105
3715202 0 106
3716750 0 104
3718175 0 105
3719649 0 106
3721197 0 104
3722671 0 105
3724194 0 105
3725668 0 105
3727092 0 105
3728566 0 105
3730114 0 106
3731613 0 104
3733136 0 105
3734659 0 106
3736182 0 104
3737656 0 105
3739204 0 105
3740751 0 105
3742250 0 106
3743675 0 104
3745198 0 105
3746672 0 105
3748097 0 105
3749571 0 105
3751118 0 106
3752543 0 104
3754042 0 105
3755565 0 105
3757088 0 105
3758586 0 105
3760011 0 105
3761436 0 106
3762861 0 104
3764310 0 105
3765735 0 105
3767234 0 105
3768757 0 105
3770206 0 106
3771754 0 104
3773154 0 105
3774579 0 105
3776028 0 105
3777453 0 105
3778878 0 106
3780401 0 104
3781826 0 105
3783276 0 105
3784823 0 105
3786371 0 105
3787894 0 105
3789417 0 106
3790989 0 104
3792439 0 105
3793986 0 105
3795485 0 106
3797057 0 104
3798556 0 105
3800079 0 105
3801553 0 105
3803027 0 106
3804574 0 104
3806073 0 105
3807572 0 105
3808996 0 106
3810520 0 104
3811920 0 105
3813320 0 106
3814794 0 104
3816293 0 105
3817816 0 105
3819265 0 105
3820690 0 105
3822238 0 105
3823687 0 105
3825161 0 106
3826635 0 104
3828084 0 105
3829608 0 105
3831057 0 105
3832605 0 105
3834079 0 105
3835602 0 106
3837125 0 104
3838574 0 105
3840146 0 105
3841670 0 105
3843144 0 106
3844593 0 104
3846042 0 105
3847467 0 105
3848941 0 105
3850391 0 105
3851865 0 105
3853314 0 105
3854812 0 106
3856237 0 104
3857810 0 105
3859333 0 106
3860905 0 104
3862403 0 105
3863828 0 106
3865376 0 104
3866825 0 105
3868275 0 105
3869700 0 106
3871149 0 104
3872549 0 105
3874122 0 105
3875620 0 105
3877119 0 106
3878568 0 104
3880067 0 105
3881516 0 106
3883039 0 104
3884464 0 105
3885938 0 106
3887338 0 104
3888763 0 105
3890262 0 105
3891785 0 105
3893308 0 105
3894757 0 106
3896280 0 104
3897705 0 105
3899179 0 106
3900678 0 104
3902103 0 105
3903527 0 106
3904952 0 104
3906402 0 105
3907949 0 105
3909399 0 105
3910848 0 105
3912322 0 105
3913845 0 106
3915393 0 104
3916793 0 105
3918292 0 106
3919790 0 104
3921313 0 105
3922787 0 105
3924261 0 105
3925662 0 105
3927062 0 105
3928610 0 106
3930157 0 104
3931680 0 105
3933105 0 105
3934604 0 106
3936078 0 104
3937601 0 105
3939026 0 106
3940500 0 104
3941924 0 105
3943472 0 105
3944946 0 106
3946494 0 104
3947943 0 105
3949393 0 105
3950793 0 106
3952316 0 104
3953765 0 105
3955166 0 106
3956615 0 104
3958163 0 105
3959637 0 105
3961160 0 105
3962683 0 105
3964182 0 106
3965655 0 104
3967105 0 105
3968628 0 105
3970077 0 105
3971576 0 105
3973124 0 105
3974598 0 105
3976096 0 106
3977546 0 104
3979069 0 105
3980543 0 105
3981992 0 105
3983515 0 106
3985038 0 104
3986586 0 105
3988060 0 105
3989608 0 106
3991032 0 104
3992556 0 105
3994054 0 106
3995479 0 104
3996879 0 105
3998378 0 105
3999803 0 105
4001277 0 105
4002800 0 105
4004298 0 106
4005870 0 104
4007369 0 105
4008892 0 106
4010440 0 104
4011889 0 105
4013412 0 106
4014985 0 104
4016483 0 105
4017982 0 105
4019505 0 105
4021052 0 106
4022551 0 104
4024000 0 105
4025425 0 105
4026924 0 106
4028447 0 104
4029921 0 105
4031346 0 105
4032820 0 105
4034269 0 106
4035768 0 104
4037315 0 105
4038814 0 105
4040312 0 106
4041811 0 104
4043285 0 105
4044734 0 106
4046135 0 104
4047633 0 105
4049058 0 105
4050483 0 105
4051981 0 105
4053406 0 105
4054856 0 106
4056403 0 104
4057902 0 105
4059302 0 105
4060702 0 106
4062226 0 104
4063626 0 105
4065124 0 105
4066647 0 105
4068171 0 105
4069669 0 105
4071168 0 106
4072642 0 104
4074189 0 105
4075639 0 105
4077162 0 105
4078636 0 105
4080159 0 105
4081633 0 105
4083181 0 105
4084679 0 106
4086202 0 104
4087750 0 105
4089175 0 105
4090600 0 105
4092049 0 105
4093449 0 106
4094948 0 104
4096446 0 105
4097920 0 106
4099321 0 104
4100819 0 105
4102244 0 105
4103792 0 105
4105192 0 105
4106715 0 105
4108140 0 105
4109638 0 105
4111063 0 106
4112513 0 104
4114036 0 105
4115510 0 106
4116984 0 104
4118482 0 105
4120030 0 106
4121504 0 104
4123052 0 105
4124575 0 105
4126073 0 105
4127572 0 106
4129021 0 104
4130495 0 105
4131969 0 105
4133492 0 105
4134991 0 105
4136514 0 106
4137988 0 104
4139413 0 105
4140838 0 105
4142312 0 105
4143712 0 105
4145235 0 106
4146733 0 104
4148158 0 105
4149608 0 105
4151131 0 106
4152629 0 104
4154054 0 105
4155504 0 105
4156928 0 105
4158476 0 105
4159950 0 106
4161522 0 104
4163045 0 105
4164618 0 105
4166141 0 106
4167713 0 104
4169163 0 105
4170710 0 106
4172209 0 104
4173658 0 105
4175108 0 106
4176532 0 104
4178006 0 105
4179505 0 105
4180979 0 106
4182453 0 104
4183878 0 105
4185303 0 106
4186752 0 104
4188275 0 105
4189774 0 105
4191321 0 105
4192844 0 105
4194245 0 106
4195817 0 104
4197242 0 105
4198740 0 106
4200239 0 104
4201737 0 105
4203162 0 105
4204685 0 105
4206086 0 105
4207510 0 105
4209058 0 105
4210483 0 105
4212031 0 106
4213554 0 104
4215126 0 105
4216575 0 105
4218025 0 105
4219425 0 105
4220973 0 105
4222496 0 106
4223994 0 104
4225444 0 105
4226918 0 105
4228367 0 105
4229915 0 105
4231463 0 105
4339796 0 47
4341294 0 47
4342719 0 46
4344168 0 46
4345691 0 46
4347116 0 37
4348639 0 48
4350163 0 41
4351563 0 44
4353037 0 48
4354486 0 51
4356034 0 58
4357508 0 54
4358957 0 64
4360456 0 43
4362028 0 52
4363576 0 55
4365099 0 51
4366548 0 62
4367998 0 39
4369472 0 52
4370946 0 51
4372420 0 59
4373869 0 72
4375269 0 47
4376694 0 51
4378119 0 57
4379642 0 67
4381141 0 40
4382615 0 58
4384089 0 56
4385563 0 60
4387012 0 54
4388437 0 70
4389886 0 44
4391336 0 53
4392883 0 60
4394308 0 60
4395733 0 60
4397182 0 54
4398632 0 57
4400081 0 53
4401604 0 62
4403103 0 48
4404626 0 55
4406100 0 57
4407599 0 52
4409072 0 52
4410497 0 63
4412070 0 41
4413494 0 51
4415042 0 49
4416516 0 52
4417990 0 57
4419415 0 62
4420938 0 48
4422363 0 60
4423861 0 67
4425384 0 48
4426883 0 49
4428308 0 55
4429806 0 54
4431330 0 63
4432803 0 37
4434327 0 49
4435899 0 53
4437348 0 59
4438822 0 50
4440272 0 53
4441746 0 51
4443220 0 71
4444718 0 47
4446241 0 59
4447813 0 52
4449337 0 61
4450786 0 44
4452285 0 52
4453709 0 51
4455233 0 51
4456657 0 71
4458082 0 37
4459507 0 58
4461006 0 56
4462529 0 57
4464052 0 54
4465575 0 49
4467123 0 59
4468523 0 67
4469948 0 42
4471446 0 57
4472920 0 70
4474419 0 42
4475844 0 51
4477318 0 63
4478865 0 42
4480364 0 56
4481789 0 57
4483287 0 50
4484835 0 53
4486358 0 59
4487857 0 54
4489404 0 64
4490927 0 45
4492475 0 58
4494023 0 59
4495448 0 49
4496897 0 56
4498371 0 57
4499919 0 70
4501294 0 47
4502842 0 59
4504242 0 64
4505667 0 45
4507239 0 52
4508762 0 57
4510261 0 53
4511759 0 50
4513283 0 57
4514732 0 65
4516231 0 43
