25758 0 11
27208 0 8
28780 0 11
30279 0 9
31777 0 5
33325 0 3
34725 0 11
36174 0 4
37599 0 4
39073 0 3
40523 0 22
42095 0 15
43569 0 27
45067 0 9
46541 0 16
47991 0 32
49489 0 10
51012 0 19
52536 0 21
53985 0 22
55459 0 22
57031 0 24
58431 0 33
59881 0 2
61306 0 19
62878 0 32
64377 0 3
65850 0 13
67374 0 27
68897 0 2
70420 0 23
71845 0 28
73270 0 9
74719 0 15
76267 0 32
77765 0 1
79215 0 15
80762 0 20
82334 0 23
83858 0 18
85307 0 20
86806 0 33
88255 0 5
89778 0 23
91252 0 15
92751 0 28
94298 0 1
95723 0 16
97173 0 16
98671 0 23
100071 0 18
101545 0 16
103044 0 15
104592 0 27
106041 0 4
107564 0 24
109087 0 27
110561 0 11
112035 0 21
113583 0 16
115106 0 24
116506 0 22
118078 0 13
119602 0 16
121100 0 29
122476 0 1
123974 0 22
125473 0 29
126947 0 1
128347 0 24
129846 0 13
131369 0 13
132916 0 15
134390 0 20
135938 0 25
137412 0 8
138935 0 16
140385 0 33
141883 0 1
143382 0 16
144856 0 14
146256 0 22
147705 0 18
149228 0 18
150776 0 31
152324 0 6
153822 0 16
155247 0 13
156672 0 17
158220 0 20
159718 0 26
161119 0 2
162666 0 15
164116 0 13
165516 0 23
166990 0 23
168538 0 20
169987 0 13
171436 0 27
172861 0 11
174409 0 23
175834 0 33
177406 0 4
178929 0 23
180452 0 19
181951 0 19
183523 0 21
185095 0 29
186594 0 10
188019 0 14
189443 0 23
190917 0 23
192342 0 21
193816 0 18
195241 0 21
196691 0 29
198189 0 8
199638 0 22
201112 0 22
202586 0 28
204036 0 3
205461 0 15
206910 0 20
208384 0 30
209784 0 10
211307 0 16
212781 0 31
214206 0 2
215754 0 20
217252 0 32
218800 0 11
220225 0 18
221797 0 23
223198 0 34
224745 0 11
226195 0 13
227595 0 15
229020 0 17
230445 0 29
231894 0 2
233368 0 22
234793 0 14
236316 0 24
237741 0 15
239166 0 14
240689 0 26
242236 0 7
243710 0 20
245135 0 28
246683 0 9
248108 0 14
249631 0 19
251179 0 15
252677 0 16
254126 0 24
255650 0 35
257222 0 10
258720 0 21
260219 0 24
261644 0 18
263093 0 29
264641 0 1
266115 0 14
267638 0 18
269161 0 16
270635 0 31
272109 0 12
273509 0 22
274983 0 14
276384 0 23
277907 0 20
279405 0 16
280805 0 30
282304 0 6
283753 0 20
285326 0 33
286873 0 2
288347 0 23
289895 0 14
291320 0 33
292868 0 1
294341 0 20
295840 0 26
297216 0 7
298763 0 15
300188 0 24
301638 0 22
303185 0 22
304733 0 25
306182 0 2
307681 0 17
309180 0 20
310727 0 24
312250 0 20
313700 0 35
315149 0 2
316599 0 15
318048 0 24
319497 0 24
321020 0 30
322372 0 3
323821 0 16
325246 0 35
326769 0 8
328341 0 17
329864 0 18
331338 0 30
332714 0 2
334237 0 19
335785 0 24
337234 0 22
338806 0 21
340330 0 22
341779 0 21
343302 0 28
344801 0 4
346299 0 16
347699 0 20
349223 0 17
350770 0 16
352195 0 21
353644 0 36
355217 0 9
356715 0 21
358189 0 35
359688 0 12
361211 0 22
362660 0 21
364110 0 22
365608 0 21
367082 0 24
368556 0 34
370055 0 4
371480 0 24
372978 0 33
374501 0 7
376024 0 15
377425 0 15
378948 0 21
380373 0 26
381748 0 5
383198 0 17
384745 0 27
386219 0 4
387742 0 20
389192 0 23
390666 0 32
392164 0 7
393638 0 15
395112 0 15
396660 0 19
398134 0 22
399633 0 18
401205 0 17
402605 0 29
404104 0 1
405553 0 23
407027 0 13
408427 0 21
409877 0 15
411302 0 25
412751 0 1
414200 0 23
415723 0 18
417222 0 15
418696 0 23
420145 0 17
421619 0 26
423093 0 9
424616 0 20
426164 0 29
427564 0 11
429014 0 22
430561 0 23
432109 0 16
433583 0 14
435033 0 25
436482 0 5
437956 0 15
439454 0 24
440928 0 23
442452 0 21
443975 0 32
445522 0 11
447021 0 24
448495 0 17
449920 0 15
451394 0 19
452819 0 19
454342 0 27
455889 0 3
457437 0 20
459009 0 25
460434 0 9
461908 0 14
463382 0 19
464905 0 27
466453 0 9
468001 0 16
469474 0 14
470850 0 15
472250 0 17
473749 0 29
475125 0 10
476550 0 24
477950 0 20
479498 0 16
480922 0 25
482372 0 5
483919 0 14
485467 0 13
486917 0 27
488440 0 6
489914 0 19
491412 0 32
492935 0 2
494409 0 15
495908 0 31
497382 0 3
498782 0 20
500281 0 17
501779 0 16
503302 0 21
504850 0 13
506398 0 27
507798 0 10
509370 0 21
510893 0 17
512294 0 15
513792 0 19
515217 0 32
516617 0 5
518042 0 18
519590 0 27
520990 0 4
522366 0 17
523815 0 20
525289 0 13
526812 0 18
528335 0 16
529809 0 15
531332 0 13
532782 0 25
534280 0 9
535754 0 17
537228 0 23
538653 0 28
540053 0 10
541626 0 17
543149 0 36
544672 0 10
546170 0 17
547694 0 19
549192 0 19
550740 0 23
552263 0 15
553737 0 16
555162 0 14
556660 0 34
558208 0 4
559706 0 24
561180 0 19
562728 0 16
564153 0 31
565602 0 9
567175 0 17
568575 0 18
570147 0 13
571670 0 20
573144 0 34
574544 0 9
576117 0 16
577542 0 26
579040 0 7
580563 0 17
582086 0 13
583536 0 14
585010 0 24
586459 0 20
587958 0 29
589505 0 5
591053 0 19
592625 0 28
594148 0 11
595647 0 18
597219 0 32
598644 0 8
600118 0 20
601592 0 36
603140 0 5
604687 0 21
606161 0 20
607709 0 20
609281 0 20
610731 0 21
612278 0 31
613826 0 6
615349 0 24
616774 0 33
618297 0 4
619746 0 16
621147 0 22
622719 0 36
624144 0 6
625667 0 21
627092 0 18
628541 0 23
629941 0 13
631440 0 34
632865 0 7
634437 0 21
635960 0 36
637434 0 4
638859 0 15
640382 0 20
641930 0 21
643502 0 24
645050 0 20
646524 0 29
648047 0 11
649447 0 21
650872 0 20
652346 0 18
653869 0 15
655417 0 20
657014 0 34
658487 0 9
659986 0 15
661460 0 23
663032 0 18
664555 0 36
665980 0 12
667430 0 22
668953 0 20
670451 0 24
671999 0 17
673497 0 33
675070 0 6
676544 0 18
678067 0 34
679541 0 7
680990 0 16
682415 0 16
683815 0 20
685388 0 17
686788 0 29
688262 0 2
689711 0 17
691111 0 16
692512 0 15
694059 0 18
695558 0 22
697057 0 31
698604 0 9
700152 0 22
701626 0 31
703174 0 2
704672 0 24
706072 0 23
707473 0 24
708947 0 24
710396 0 13
711895 0 16
713344 0 34
714818 0 4
716267 0 21
717692 0 14
719215 0 19
720640 0 23
722163 0 18
723662 0 25
725111 0 9
726659 0 14
728182 0 17
729730 0 22
731277 0 15
732727 0 32
734201 0 8
735699 0 22
737272 0 22
738819 0 34
740293 0 7
741816 0 19
743290 0 15
744838 0 26
746336 0 4
747835 0 19
749383 0 21
750832 0 16
752282 0 29
753805 0 3
755254 0 14
756753 0 26
758276 0 12
759701 0 16
761125 0 25
762575 0 12
764098 0 23
765646 0 23
767095 0 14
768495 0 18
770018 0 36
771443 0 11
772942 0 18
774489 0 14
775939 0 23
777364 0 25
778862 0 9
780435 0 20
782007 0 26
783456 0 8
784979 0 24
786527 0 29
787952 0 3
789401 0 15
790875 0 15
792325 0 19
793774 0 15
795273 0 19
796722 0 15
798245 0 28
799744 0 11
801168 0 13
802593 0 28
804092 0 7
805517 0 23
807040 0 33
808489 0 8
810086 0 20
811535 0 32
813009 0 11
814508 0 15
815957 0 16
817382 0 23
818905 0 18
820379 0 15
821902 0 22
823352 0 32
824826 0 10
826324 0 13
827798 0 16
829297 0 34
830820 0 7
832245 0 13
833645 0 16
835045 0 15
836446 0 19
837944 0 16
839369 0 13
840917 0 29
842464 0 6
843889 0 17
845388 0 17
846935 0 23
848409 0 20
849908 0 14
851308 0 20
852831 0 29
854207 0 9
855656 0 20
857229 0 21
858801 0 20
860250 0 13
861675 0 18
863125 0 31
864574 0 7
866023 0 18
867522 0 34
869045 0 9
870544 0 22
872018 0 21
873541 0 18
875015 0 24
876415 0 29
877913 0 5
879387 0 24
880911 0 33
882434 0 10
883981 0 24
885455 0 33
886880 0 7
888354 0 16
889779 0 19
891253 0 13
892678 0 33
894127 0 1
895650 0 15
897173 0 19
898623 0 17
900171 0 24
901694 0 23
903217 0 28
904740 0 9
906263 0 20
907811 0 24
909260 0 35
910734 0 6
912257 0 15
913756 0 36
915254 0 1
916777 0 22
918374 0 18
919897 0 18
921445 0 23
922968 0 24
924368 0 21
925867 0 25
927365 0 3
928889 0 23
930338 0 22
1085664 0 101
1087064 0 101
1088513 0 101
1090012 0 101
1091560 0 101
1093034 0 101
1094483 0 101
1095908 0 101
1097308 0 101
1098807 0 101
1100281 0 102
1101779 0 102
1103302 0 102
1104801 0 102
1106275 0 102
1107724 0 102
1109198 0 102
1110623 0 103
1112146 0 101
1113669 0 102
1115119 0 102
1116666 0 102
1118165 0 102
1119663 0 102
1121211 0 102
1122636 0 102
1124184 0 103
1125658 0 101
1127205 0 102
1128753 0 103
1130202 0 101
1131652 0 102
1133199 0 103
1134698 0 101
1136221 0 102
1137769 0 102
1139243 0 103
1140766 0 101
1142289 0 102
1143738 0 102
1145188 0 103
1146662 0 101
1148136 0 102
1149683 0 102
1151231 0 102
1152705 0 102
1154204 0 102
1155628 0 103
1157078 0 101
1158625 0 102
1160124 0 102
1161598 0 102
1163121 0 102
1164571 0 102
1166044 0 102
1167494 0 103
1169066 0 101
1170466 0 102
1172014 0 102
1173513 0 102
1174938 0 102
1176387 0 103
1177910 0 101
1179409 0 102
1180833 0 102
1182307 0 102
1183855 0 102
1185378 0 103
1186926 0 101
1188424 0 102
1189825 0 102
1191250 0 103
1192723 0 101
1194148 0 102
1195549 0 102
1196949 0 102
1198472 0 102
1199971 0 102
1201395 0 102
1202820 0 102
1204245 0 103
1205793 0 101
1207242 0 102
1208741 0 102
1210141 0 102
1211590 0 102
1212991 0 102
1214538 0 102
1216012 0 102
1217511 0 103
1219059 0 101
1220606 0 102
1222129 0 102
1223530 0 102
1224955 0 102
1226404 0 102
1227829 0 102
1229352 0 103
1230801 0 101
1232226 0 102
1233626 0 102
1235076 0 102
1236574 0 102
1238024 0 102
1239498 0 103
1240923 0 101
1242323 0 102
1243846 0 102
1245271 0 102
1246794 0 103
1248342 0 101
1249791 0 102
1251216 0 102
1252763 0 102
1254164 0 103
1255736 0 101
1257185 0 102
1258733 0 103
1260305 0 101
1261706 0 102
1263180 0 102
1264580 0 102
1265980 0 102
1267479 0 102
1268904 0 102
1270451 0 103
1272023 0 101
1273571 0 102
1275119 0 103
1276642 0 101
1278116 0 102
1279590 0 102
1281039 0 102
1282440 0 102
1283840 0 102
1285314 0 102
1286837 0 103
1288286 0 101
1289736 0 102
1291259 0 103
1292733 0 101
1294158 0 102
1295583 0 102
1297130 0 102
1298678 0 103
1300127 0 101
1301650 0 102
1303173 0 103
1304697 0 101
1306244 0 102
1307792 0 103
1309364 0 101
1310764 0 102
1312288 0 102
1313811 0 103
1315236 0 101
1316734 0 102
1318134 0 103
1319559 0 101
1321009 0 102
1322556 0 103
1324104 0 101
1325652 0 102
1327175 0 102
1328575 0 102
1330098 0 102
1331597 0 103
1333120 0 101
1334618 0 102
1336117 0 102
1337615 0 103
1339139 0 101
1340613 0 102
1342037 0 102
1343536 0 102
1344985 0 103
1346533 0 101
1347933 0 102
1349432 0 103
1350906 0 101
1352380 0 102
1353780 0 102
1355180 0 102
1356703 0 102
1358153 0 103
1359602 0 101
1361150 0 102
1362648 0 102
1364122 0 102
1365596 0 102
1367021 0 102
1368471 0 103
1369920 0 101
1371394 0 102
1372942 0 103
1374489 0 101
1375890 0 102
1377290 0 102
1378764 0 102
1380287 0 103
1381761 0 101
1383210 0 102
1384611 0 102
1386060 0 102
1387485 0 103
1389057 0 101
1390507 0 102
1391956 0 102
1393455 0 103
1394929 0 101
1396329 0 102
1397778 0 103
1399228 0 101
1400652 0 102
1402102 0 102
1403600 0 102
1405148 0 102
1406622 0 103
1408145 0 101
1409644 0 102
1411142 0 102
1412592 0 103
1414066 0 101
1415540 0 102
1417038 0 102
1418586 0 102
1420011 0 103
1421460 0 101
1422910 0 102
1424310 0 103
1425784 0 101
1427209 0 102
1428683 0 103
1430107 0 101
1431508 0 102
1433006 0 102
1434554 0 102
1436077 0 102
1437576 0 102
1439000 0 103
1440401 0 101
1441801 0 102
1443300 0 102
1444700 0 102
1446125 0 103
1447599 0 101
1449024 0 102
1450497 0 103
1451922 0 101
1453421 0 102
1454969 0 103
1456516 0 101
1458064 0 102
1459562 0 102
1461061 0 102
1462510 0 102
1464009 0 102
1465458 0 102
1466908 0 102
1468406 0 103
1469979 0 101
1471502 0 102
1473049 0 102
1474548 0 102
1476022 0 102
1477471 0 102
1478994 0 103
1480419 0 101
1481918 0 102
1483416 0 102
1484890 0 102
1486340 0 102
1487740 0 102
1489165 0 102
1490614 0 102
1492014 0 103
1493439 0 101
1494913 0 102
1496338 0 102
1497812 0 103
1499237 0 101
1500686 0 102
1502111 0 103
1503634 0 101
1505108 0 102
1506631 0 102
1508081 0 102
1509530 0 102
1511053 0 102
1512503 0 102
1514001 0 103
1515500 0 101
1516900 0 102
1518399 0 103
1519897 0 101
1521371 0 102
1522796 0 102
1524245 0 102
1525769 0 102
1527243 0 102
1528643 0 102
1530117 0 103
1531689 0 101
1533089 0 102
1534490 0 102
1535964 0 102
1537388 0 103
1538887 0 101
1540361 0 102
1541761 0 102
1543284 0 103
1544832 0 101
1546355 0 102
1547755 0 102
1549303 0 102
1550802 0 103
1552374 0 101
1553799 0 102
1555273 0 102
1556747 0 103
1558196 0 101
1559695 0 102
1561193 0 103
1562716 0 101
1564215 0 102
1565615 0 102
1567040 0 102
1568514 0 102
1570062 0 103
1571511 0 101
1573034 0 102
1574434 0 102
1575859 0 102
1577333 0 102
1578856 0 102
1580306 0 102
1581829 0 103
1583327 0 101
1584801 0 102
1586324 0 102
1587774 0 102
1589248 0 103
1590796 0 101
1592245 0 102
1593719 0 102
1595168 0 102
1596593 0 103
1598043 0 101
1599443 0 102
1600892 0 102
1602317 0 102
1603816 0 102
1605363 0 102
1606788 0 102
1608188 0 103
1609613 0 101
1611063 0 102
1612610 0 103
1614109 0 101
1615534 0 102
1617081 0 102
1618506 0 102
1620005 0 102
1621405 0 102
1622904 0 103
1624451 0 101
1625901 0 102
1627375 0 102
1628800 0 102
1630274 0 102
1631723 0 102
1633148 0 102
1634597 0 103
1636120 0 101
1637619 0 102
1639117 0 102
1640518 0 102
1641918 0 103
1643343 0 101
1644768 0 102
1646168 0 102
1647568 0 102
1648968 0 102
1650442 0 103
1651990 0 101
1653538 0 102
1655036 0 102
1656510 0 102
1657935 0 102
1659458 0 103
1661006 0 101
1662455 0 102
1663880 0 102
1665280 0 102
1666828 0 102
1668278 0 103
1669850 0 101
1671348 0 102
1672871 0 102
1674395 0 103
1675869 0 101
1677318 0 102
1678743 0 102
1680241 0 102
1681764 0 102
1683288 0 102
1684737 0 103
1686211 0 101
1687685 0 102
1689134 0 102
1690559 0 102
1692107 0 103
1693630 0 101
1695153 0 102
1696676 0 102
1698126 0 103
1699649 0 101
1701049 0 102
1702548 0 103
1704071 0 101
1705520 0 102
1706945 0 102
1708419 0 103
1709868 0 101
1711416 0 102
1712841 0 103
1714339 0 101
1715740 0 102
1717238 0 102
1718663 0 103
1720112 0 101
1721636 0 102
1723110 0 103
1724583 0 101
1726107 0 102
1727531 0 103
1729030 0 101
1730455 0 102
1731953 0 102
1733354 0 102
1734901 0 102
1736400 0 102
1737874 0 103
1739348 0 101
1740895 0 102
1742296 0 102
1743770 0 102
1745317 0 103
1746865 0 101
1748339 0 102
1749813 0 103
1751361 0 101
1752884 0 102
1754358 0 102
1755832 0 103
1757257 0 101
1758657 0 102
1760156 0 103
1761629 0 101
1763153 0 102
1764602 0 103
1766076 0 101
1767550 0 102
1768975 0 102
1770424 0 102
1771874 0 102
1773397 0 102
1774920 0 102
1776345 0 102
1777868 0 103
1779415 0 101
1780816 0 102
1782339 0 102
1783788 0 102
1785262 0 102
1786687 0 103
1788210 0 101
1789758 0 102
1791232 0 103
1792657 0 101
1794081 0 102
1795482 0 103
1797029 0 101
1798479 0 102
1799928 0 102
1801427 0 102
1802925 0 102
1804448 0 103
1805947 0 101
1807470 0 102
1808993 0 103
1810492 0 101
1811917 0 102
1813464 0 102
1814963 0 102
1816486 0 102
1817960 0 102
1819409 0 103
1820834 0 101
1822284 0 102
1823782 0 103
1825305 0 101
1826804 0 102
1828204 0 102
1829703 0 103
1831275 0 101
1832749 0 102
1834223 0 103
1835672 0 101
1837220 0 102
1838645 0 103
1840168 0 101
1841617 0 102
1843067 0 102
1844467 0 103
1845941 0 101
1847415 0 102
1848914 0 103
1850486 0 101
1851984 0 102
1853507 0 102
1855055 0 102
1856504 0 102
1858028 0 103
1859502 0 101
1861025 0 102
1862499 0 102
1864022 0 102
1865496 0 102
1866945 0 103
1868394 0 101
1869844 0 102
1871392 0 103
1872915 0 101
1874315 0 102
1875740 0 102
1877263 0 102
1878811 0 102
1880358 0 103
1881783 0 101
1883306 0 102
1884731 0 103
1886230 0 101
1887753 0 102
1889153 0 102
1890652 0 102
1892101 0 102
1893526 0 102
1894951 0 103
1896400 0 101
1897874 0 102
1899397 0 103
1900847 0 101
1902296 0 102
1903770 0 102
1905268 0 102
1906718 0 103
1908167 0 101
1909568 0 102
1911091 0 102
1912540 0 103
1914088 0 101
1915611 0 102
1917036 0 103
1918510 0 101
1919910 0 102
1921384 0 102
1922784 0 102
1924209 0 102
1925708 0 103
1927206 0 101
1928729 0 102
1930203 0 103
1931677 0 101
1933151 0 102
1934674 0 103
1936173 0 101
1937573 0 102
1939072 0 102
1940521 0 102
1942044 0 102
1943445 0 103
1944869 0 101
1946392 0 102
1947866 0 102
1949316 0 102
1950741 0 102
1952288 0 102
1953689 0 102
1955236 0 103
1956661 0 101
1958135 0 102
1959658 0 103
1961108 0 101
1962631 0 102
1964080 0 102
1965554 0 102
1967028 0 103
1968551 0 101
1969976 0 102
1971524 0 102
1972949 0 102
1974423 0 103
1975946 0 101
1977420 0 102
1978894 0 102
1980368 0 102
1981792 0 102
1983193 0 102
1984667 0 102
2255628 0 44
2257053 0 43
2258527 0 37
2259927 0 39
2261450 0 40
2263023 0 43
2264595 0 47
2266044 0 37
2267444 0 37
2268992 0 37
2270515 0 53
2271989 0 49
2273537 0 50
2275085 0 64
2276632 0 47
2278082 0 53
2279556 0 60
2281128 0 57
2282700 0 65
2284150 0 40
2285673 0 55
2287171 0 64
2288571 0 37
2289996 0 51
2291446 0 50
2292895 0 49
2294345 0 59
2295769 0 55
2297317 0 60
2298889 0 72
2300437 0 40
2301886 0 50
2303311 0 58
2304761 0 50
2306259 0 56
2307807 0 57
2309305 0 55
2310755 0 57
2312302 0 69
2313850 0 48
2315398 0 59
2316847 0 71
2318370 0 45
2319820 0 49
2321220 0 57
2322743 0 64
2324168 0 47
2325691 0 52
2327190 0 53
2328639 0 59
2330211 0 58
2331734 0 53
2333282 0 68
2334731 0 37
2336206 0 59
2337630 0 58
2339080 0 49
2340505 0 55
2342052 0 58
2343502 0 59
2345049 0 60
2346548 0 69
2348120 0 47
2349570 0 55
2351019 0 71
2352517 0 46
2353991 0 55
2355515 0 67
2357013 0 48
2358462 0 50
2359912 0 57
2361337 0 53
2362909 0 58
2364457 0 52
2365882 0 53
2367405 0 72
2368829 0 47
2370353 0 54
2371851 0 56
2373301 0 59
2374824 0 57
2376396 0 68
2377968 0 42
2379491 0 59
2381039 0 55
2382537 0 66
2383962 0 44
2385485 0 58
2386935 0 65
2388384 0 45
2389858 0 59
2391258 0 49
2392659 0 53
2394108 0 62
2395607 0 44
2397105 0 56
2398555 0 53
2400004 0 56
2401552 0 59
2403050 0 71
2404475 0 48
2405974 0 53
2407521 0 52
2409069 0 49
2410641 0 60
2412213 0 49
2413712 0 60
2415112 0 61
2416635 0 38
2418085 0 52
2419510 0 67
2420910 0 46
2422359 0 50
2423932 0 67
2425356 0 45
2426880 0 52
2428427 0 53
2429975 0 58
2431523 0 52
2433070 0 50
2434495 0 65
2436043 0 43
2437517 0 58
2439040 0 62
2440563 0 37
2442062 0 52
2443609 0 49
2445157 0 64
2446705 0 41
2448129 0 55
2449653 0 61
2451176 0 46
2452748 0 53
2454197 0 61
2455647 0 38
2457145 0 53
2458570 0 58
2460093 0 51
2461543 0 52
2463041 0 51
2464613 0 55
2466136 0 71
2467586 0 41
2469060 0 54
2470485 0 54
2472008 0 58
2473605 0 71
2475029 0 40
2476430 0 54
2477953 0 49
2479378 0 59
2480827 0 49
2482252 0 55
2483701 0 69
2485274 0 42
2486821 0 59
2488222 0 49
2489794 0 49
2491317 0 55
2492889 0 57
2494339 0 61
2495763 0 43
2497311 0 49
2498736 0 58
2500185 0 50
2501733 0 63
2503232 0 44
2504755 0 51
2506278 0 63
2507776 0 37
2509275 0 58
2510823 0 55
2512370 0 59
2513844 0 68
2515318 0 39
2516866 0 56
2518389 0 70
2519863 0 40
2521312 0 53
2522811 0 54
2524309 0 57
2525808 0 49
2527331 0 56
2528830 0 70
2530230 0 39
2531655 0 57
2533202 0 50
2534701 0 53
2536199 0 49
2537747 0 52
2539172 0 72
2540621 0 44
2542071 0 54
2543569 0 59
2544994 0 50
2546419 0 51
2547819 0 60
2549244 0 68
2550767 0 39
2552192 0 52
2553764 0 57
2555238 0 65
2556712 0 38
2558285 0 59
2559808 0 54
2561257 0 71
2562682 0 42
2564230 0 55
2565753 0 59
2567325 0 50
2568799 0 58
2570322 0 52
2571821 0 58
2573295 0 72
2574818 0 43
2576292 0 58
2577766 0 60
2579190 0 58
2580689 0 71
2582237 0 41
2583760 0 51
2585185 0 64
2586659 0 43
2588157 0 49
2589582 0 49
2591130 0 56
2592579 0 52
2594029 0 59
2595453 0 54
2596927 0 67
2598475 0 38
2600023 0 50
2601570 0 53
2603069 0 55
2604592 0 49
2606091 0 52
2607638 0 64
2609186 0 44
2610635 0 59
2612158 0 58
2613657 0 57
2615229 0 64
2616679 0 44
2618177 0 50
2619627 0 55
2621174 0 55
2622673 0 69
2624196 0 42
2625670 0 60
2627095 0 56
2628642 0 52
2630215 0 70
2631713 0 41
2633285 0 52
2634858 0 49
2636356 0 54
2637855 0 51
2639353 0 67
2640876 0 40
2642301 0 56
2643726 0 64
2645225 0 44
2646723 0 59
2648197 0 52
2649745 0 61
2651219 0 39
2652742 0 59
2654290 0 65
2655764 0 43
2657213 0 51
2658687 0 57
2660210 0 69
2661782 0 48
2663281 0 50
2664829 0 56
2666253 0 52
2667727 0 60
2669177 0 69
2670749 0 38
2672321 0 49
2673820 0 60
2675245 0 59
2676817 0 57
2678365 0 52
2679863 0 55
2681435 0 60
2682983 0 68
2684457 0 48
2685956 0 50
2687454 0 67
2688953 0 46
2690451 0 55
2691925 0 57
2693473 0 55
2694898 0 52
2696347 0 56
2697870 0 49
2699344 0 49
2700818 0 64
2702366 0 37
2703791 0 58
2705363 0 52
2706837 0 53
2708360 0 60
2709883 0 50
2711357 0 61
2712856 0 46
2714379 0 59
2715877 0 63
2717302 0 44
2718727 0 49
2720152 0 54
2721626 0 66
2723124 0 38
2724672 0 54
2726146 0 55
2727620 0 51
2729143 0 55
2730691 0 50
2732116 0 72
2733663 0 40
2735186 0 59
2736660 0 59
2738110 0 63
2739633 0 45
2741205 0 50
2742753 0 59
2744202 0 59
2745774 0 62
2747298 0 44
2748845 0 59
2750295 0 51
2751818 0 69
2753365 0 45
2754839 0 51
2756362 0 55
2757886 0 56
2759458 0 58
2760932 0 50
2762480 0 72
2763929 0 42
2765427 0 51
2766951 0 65
2768400 0 48
2769899 0 59
2771446 0 50
2772945 0 53
2774394 0 53
2775844 0 60
2777391 0 65
2778816 0 44
2780339 0 60
2781813 0 59
2783312 0 61
2784835 0 37
2786358 0 50
2787906 0 54
2789453 0 63
2790903 0 41
2792377 0 52
2793826 0 65
2795300 0 44
2796725 0 59
2798224 0 49
2799771 0 53
2801294 0 72
2802695 0 47
2804218 0 54
2805692 0 61
2807166 0 38
2808640 0 59
2810089 0 51
2811637 0 69
2813086 0 44
2814609 0 56
2816181 0 54
2817705 0 72
2819154 0 47
2820579 0 59
2822126 0 57
2823551 0 58
2825099 0 59
2826671 0 67
2828219 0 45
2829644 0 52
2831118 0 70
2832592 0 38
2834017 0 56
2835589 0 65
2837063 0 38
2838610 0 57
2840109 0 68
2841607 0 45
2843106 0 59
2844654 0 65
2846177 0 38
2847626 0 59
2849125 0 61
2850623 0 44
2852097 0 52
2853620 0 53
2855045 0 49
2856544 0 56
2857993 0 52
2859516 0 51
2860966 0 56
2862391 0 67
2863938 0 37
2865461 0 54
2866886 0 68
2868385 0 42
2869908 0 58
2871382 0 51
2872905 0 63
2874453 0 47
2876000 0 57
2877523 0 57
2879022 0 60
2880496 0 62
2882044 0 40
2883567 0 53
2885065 0 51
2886613 0 56
2888136 0 72
2889659 0 40
2891182 0 51
2892607 0 51
2894106 0 62
2895604 0 41
2897054 0 52
2898552 0 56
2900002 0 50
2901500 0 61
2903023 0 45
2904546 0 55
2906045 0 50
2907568 0 64
2909066 0 42
2910467 0 58
2911965 0 51
2913439 0 54
2914987 0 53
2916485 0 54
2917910 0 69
2919335 0 46
2920858 0 53
2922332 0 58
2923757 0 49
2925256 0 70
2926730 0 41
2928154 0 59
2929628 0 62
2931176 0 39
2932576 0 59
2934026 0 53
2935500 0 53
2936974 0 66
2938497 0 41
2940020 0 51
2941543 0 51
2943066 0 53
2944589 0 58
2946162 0 50
2947611 0 71
2949060 0 39
2950485 0 59
2952008 0 71
2953531 0 43
2955055 0 60
2956479 0 66
2957929 0 48
2959452 0 56
2961024 0 62
2962474 0 47
2964021 0 53
2965446 0 55
2966920 0 58
2968468 0 50
2969991 0 60
2971465 0 69
2972939 0 42
2974413 0 56
2975985 0 55
2977557 0 66
2979007 0 45
2980432 0 51
2981955 0 49
2983404 0 52
2984903 0 69
2986475 0 39
2987973 0 55
2989546 0 51
2991020 0 52
2992444 0 57
2994017 0 67
2995442 0 39
2996842 0 49
2998365 0 66
2999814 0 38
3001288 0 52
3002787 0 58
3004359 0 60
3005858 0 57
3007381 0 53
3008928 0 56
3010452 0 50
3011999 0 71
3013498 0 37
3015045 0 58
3016544 0 70
3017969 0 47
3019443 0 52
3020917 0 55
3022440 0 51
3023938 0 72
3025339 0 45
3026788 0 53
3028188 0 67
3029711 0 39
3031161 0 59
3032586 0 49
3034084 0 54
3035509 0 67
3036959 0 42
3038408 0 56
3039956 0 58
3041528 0 49
3043026 0 61
3044525 0 43
3046023 0 49
3047547 0 68
3048971 0 41
3050396 0 53
3051944 0 56
3053369 0 71
3054916 0 37
3056317 0 59
3057840 0 49
3059363 0 54
3060812 0 49
3062286 0 52
3063760 0 68
3065234 0 44
3066807 0 55
3068281 0 52
3069705 0 54
3071253 0 68
3072801 0 40
3074324 0 55
3075847 0 50
3077370 0 55
3078795 0 52
3080195 0 56
3081645 0 69
3083192 0 43
3084715 0 52
3086214 0 64
3087688 0 46
3089137 0 49
3090562 0 63
3091987 0 47
3093559 0 50
3095082 0 71
3096606 0 37
3098006 0 59
3099529 0 53
3101003 0 49
3102428 0 53
3103853 0 61
3105277 0 46
3106751 0 59
3108324 0 57
3109847 0 49
3111272 0 72
3112770 0 41
3114244 0 59
3115718 0 56
3117192 0 52
3118666 0 58
3120189 0 57
3121614 0 71
3123014 0 45
3124586 0 51
3126134 0 60
3127559 0 53
3129033 0 53
3130458 0 57
3131907 0 52
3133455 0 63
3135003 0 46
3136452 0 59
3137877 0 56
3139302 0 49
3140776 0 58
3142348 0 51
3143773 0 67
3145345 0 43
3146893 0 54
3148465 0 52
3149988 0 51
3151413 0 52
3152911 0 49
3154434 0 53
3155908 0 71
3157309 0 43
3158881 0 58
3160429 0 69
3161903 0 40
3163352 0 58
3164900 0 54
3180201 0 104
3181626 0 104
3183051 0 104
3184598 0 104
3186048 0 104
3187473 0 104
3189020 0 104
3190543 0 104
3192066 0 104
3193565 0 104
3195088 0 105
3196636 0 105
3198208 0 106
3199657 0 104
3201131 0 105
3202630 0 105
3204104 0 105
3205627 0 105
3207027 0 106
3208526 0 104
3210049 0 105
3211597 0 105
3213071 0 106
3214520 0 104
3215994 0 105
3217443 0 105
3218893 0 106
3220342 0 104
3221767 0 105
3223315 0 106
3224862 0 104
3226410 0 105
3227860 0 105
3229334 0 105
3230734 0 105
3232159 0 106
3233706 0 104
3235156 0 105
3236605 0 106
3238128 0 104
3239602 0 105
3241052 0 105
3242550 0 105
3243950 0 105
3245449 0 105
3247021 0 106
3248520 0 104
3249969 0 105
3251443 0 105
3252893 0 106
3254317 0 104
3255816 0 105
3257265 0 105
3258666 0 105
3260140 0 105
3261540 0 106
3263038 0 104
3264586 0 105
3266134 0 105
3267682 0 105
3269106 0 106
3270654 0 104
3272153 0 105
3273651 0 105
3275125 0 106
3276673 0 104
3278073 0 105
3279498 0 106
3280947 0 104
3282421 0 105
3283895 0 105
3285369 0 105
3286843 0 106
3288342 0 104
3289816 0 105
3291314 0 106
3292788 0 104
3294213 0 105
3295638 0 106
3297087 0 104
3298512 0 105
3299986 0 106
3301509 0 104
3303008 0 105
3304506 0 106
3305980 0 104
3307405 0 105
3308830 0 105
3310329 0 105
3311852 0 105
3313326 0 105
3314775 0 106
3316298 0 104
3317723 0 105
3319172 0 105
3320671 0 105
3322096 0 105
3323619 0 105
3325191 0 105
3326641 0 106
3328188 0 104
3329736 0 105
3331185 0 105
3332733 0 105
3334256 0 105
3335681 0 105
3337155 0 106
3338703 0 104
3340177 0 105
3341724 0 105
3343174 0 105
3344721 0 105
3346244 0 105
3347817 0 106
3349266 0 104
3350691 0 105
3352239 0 105
3353762 0 106
3355187 0 104
3356611 0 105
3358135 0 106
3359658 0 104
3361205 0 105
3362753 0 106
3364325 0 104
3365726 0 105
3367199 0 105
3368673 0 105
3370172 0 106
3371671 0 104
3373145 0 105
3374668 0 105
3376142 0 105
3377714 0 106
3379139 0 104
3380564 0 105
3382013 0 106
3383561 0 104
3385084 0 105
3386558 0 105
3388007 0 105
3389530 0 105
3390955 0 105
3392478 0 105
3393928 0 105
3395352 0 106
3396851 0 104
3398251 0 105
3399676 0 105
3401224 0 105
3402722 0 105
3404221 0 105
3405646 0 105
3407144 0 105
3408667 0 106
3410215 0 104
3411714 0 105
3413138 0 106
3414612 0 104
3416136 0 105
3417609 0 105
3419083 0 105
3420631 0 105
3422081 0 105
3423653 0 105
3425102 0 105
3426625 0 106
3428099 0 104
3429524 0 105
3431072 0 105
3432570 0 105
3434093 0 106
3435543 0 104
3437091 0 105
3438638 0 106
3440112 0 104
3441537 0 105
3442962 0 106
3444387 0 104
3445812 0 105
3447261 0 105
3448661 0 105
3450160 0 105
3451634 0 105
3453181 0 105
3454729 0 106
3456252 0 104
3457702 0 105
3459127 0 106
3460650 0 104
3462099 0 105
3463647 0 105
3465096 0 106
3466546 0 104
3467995 0 105
3469518 0 106
3471066 0 104
3472466 0 105
3473989 0 105
3475512 0 105
3476986 0 106
3478436 0 104
3479910 0 105
3481384 0 105
3482882 0 106
3484381 0 104
3485830 0 105
3487279 0 106
3488704 0 104
3490277 0 105
3491751 0 106
3493200 0 104
3494674 0 105
3496099 0 105
3497573 0 105
3499096 0 105
3500570 0 105
3502044 0 106
3503518 0 104
3504992 0 105
3506539 0 105
3507940 0 105
3509365 0 105
3510839 0 105
3512337 0 106
3513860 0 104
3515408 0 105
3516956 0 105
3518380 0 105
3519805 0 105
3521353 0 106
3522778 0 104
3524301 0 105
3525824 0 106
3527323 0 104
3528796 0 105
3530197 0 106
3531597 0 104
3533046 0 105
3534545 0 105
3536019 0 105
3537468 0 105
3538893 0 106
3540441 0 104
3541989 0 105
3543487 0 105
3544937 0 105
3546460 0 105
3548007 0 106
3549432 0 104
3550931 0 105
3552429 0 106
3553928 0 104
3555426 0 105
3556974 0 105
3558473 0 105
3559996 0 105
3561470 0 105
3562919 0 106
3564344 0 104
3565892 0 105
3567316 0 105
3568864 0 105
3570313 0 105
3571714 0 105
3573139 0 106
3574613 0 104
3576111 0 105
3577585 0 105
3579133 0 105
3580533 0 106
3582032 0 104
3583555 0 105
3585004 0 105
3586429 0 106
3587927 0 104
3589401 0 105
3590974 0 106
3592399 0 104
3593922 0 105
3595445 0 105
3597017 0 105
3598565 0 105
3599990 0 106
3601464 0 104
3602937 0 105
3604411 0 105
3605885 0 106
3607359 0 104
3608833 0 105
3610234 0 105
3611732 0 106
3613280 0 104
3614828 0 105
3616351 0 105
3617874 0 105
3619397 0 106
3620797 0 104
3622222 0 105
3623671 0 105
3625195 0 105
3626669 0 105
3628093 0 106
3629518 0 104
3630992 0 105
3632442 0 105
3633866 0 105
3635365 0 106
3636864 0 104
3638288 0 105
3639762 0 106
3641236 0 104
3642710 0 105
3644258 0 105
3645732 0 105
3647157 0 106
3648680 0 104
3650129 0 105
3651579 0 105
3653028 0 105
3654576 0 105
3656001 0 106
3657499 0 104
3658998 0 105
3660447 0 105
3661995 0 105
3663420 0 105
3664918 0 106
3666343 0 104
3667866 0 105
3669389 0 105
3670888 0 105
3672386 0 105
3673811 0 105
3675211 0 106
3676759 0 104
3678233 0 105
3679781 0 105
3681304 0 105
3682778 0 106
3684276 0 104
3685701 0 105
3687224 0 105
3688625 0 106
3690050 0 104
3691597 0 105
3693096 0 105
3694643 0 105
3696142 0 105
3697567 0 105
3699016 0 106
3700588 0 104
3702112 0 105
3703659 0 105
3705231 0 105
3706755 0 105
3708253 0 106
3709752 0 104
3711275 0 105
3712724 0 105
3714174 0 105
3715672 0 105
3717122 0 105
3718620 0 105
3720045 0 106
3721519 0 104
3723067 0 105
3724541 0 105
3726064 0 105
3727587 0 105
3729036 0 106
3730535 0 104
3732082 0 105
3733507 0 105
3734957 0 105
3736357 0 105
3737880 0 105
3739329 0 105
3740803 0 106
3742253 0 104
3743678 0 105
3745103 0 105
3746626 0 105
3748100 0 105
3749549 0 105
3751072 0 106
3752497 0 104
3753996 0 105
3755543 0 106
3756968 0 104
3758467 0 105
3759965 0 106
3761415 0 104
3762839 0 105
3764363 0 106
3765861 0 104
3767335 0 105
3768809 0 106
3770332 0 104
3771904 0 105
3773403 0 106
3774951 0 104
3776474 0 105
3777972 0 105
3779495 0 105
3781018 0 105
3782542 0 105
3784114 0 106
3785612 0 104
3787037 0 105
3788487 0 106
3790010 0 104
3791459 0 105
3792982 0 106
3794481 0 104
3796053 0 105
3797576 0 105
3799050 0 105
3800573 0 105
3801998 0 105
3803447 0 105
3804971 0 106
3806494 0 104
3808066 0 105
3809515 0 105
3811014 0 105
3812488 0 105
3813888 0 105
3815338 0 105
3816861 0 106
3818359 0 104
3819907 0 105
3821356 0 105
3822904 0 105
3824427 0 105
3825852 0 106
3827424 0 104
3828874 0 105
3830372 0 106
3831895 0 104
3833443 0 105
3834941 0 105
3836415 0 105
3837865 0 105
3839413 0 106
3840862 0 104
3842287 0 105
3843712 0 105
3845259 0 105
3846782 0 106
3848330 0 104
3849853 0 105
3851278 0 106
3852777 0 104
3854226 0 105
3855651 0 106
3857076 0 104
3858476 0 105
3859974 0 105
3861522 0 105
3862922 0 105
3864396 0 105
3865920 0 106
3867467 0 104
3868966 0 105
3870464 0 105
3872012 0 105
3873511 0 106
3874911 0 104
3876385 0 105
3877859 0 105
3879382 0 105
3880831 0 106
3882404 0 104
3883902 0 105
3885376 0 105
3886850 0 105
3888250 0 105
3889675 0 105
3891125 0 105
3892574 0 105
3894048 0 106
3895497 0 104
3896922 0 105
3898470 0 105
3899944 0 105
3901418 0 106
3902892 0 104
3904440 0 105
3905840 0 105
3907314 0 105
3908714 0 105
3910139 0 105
3911613 0 106
3913038 0 104
3914462 0 105
3915961 0 105
3917509 0 105
3918958 0 105
3920432 0 105
3921882 0 105
3923331 0 106
3924780 0 104
3926254 0 105
3927728 0 105
3929251 0 105
3930701 0 105
3932224 0 105
3933698 0 105
3935196 0 105
3936720 0 106
3938120 0 104
3939618 0 105
3941141 0 105
3942566 0 105
3944065 0 105
3945539 0 106
3947037 0 104
3948462 0 105
3949887 0 105
3951410 0 106
3952835 0 104
3954260 0 105
3955758 0 105
3957282 0 105
3958731 0 106
3960156 0 104
3961605 0 105
3963055 0 105
3964529 0 105
3966003 0 106
3967501 0 104
3969024 0 105
3970523 0 106
3972021 0 104
3973520 0 105
3974945 0 105
3976370 0 105
3977770 0 105
3979219 0 105
3980742 0 105
3982167 0 106
3983617 0 104
3985066 0 105
3986565 0 105
3988039 0 105
3989512 0 106
3991060 0 104
3992510 0 105
3994008 0 106
3995458 0 104
3997005 0 105
3998455 0 105
4000002 0 105
4001501 0 105
4003073 0 105
4004547 0 106
4006095 0 104
4007618 0 105
4009067 0 106
4010566 0 104
4012040 0 105
4013514 0 106
4014939 0 104
4016413 0 105
4017837 0 106
4019262 0 104
4020785 0 105
4022259 0 106
4023758 0 104
4025256 0 105
4026730 0 105
4028180 0 106
4029629 0 104
4031152 0 105
4032553 0 106
4034100 0 104
4035550 0 105
4037024 0 105
4038473 0 106
4040021 0 104
4041495 0 105
4042944 0 105
4044467 0 105
4045892 0 105
4047440 0 105
4048865 0 106
4050339 0 104
4051886 0 105
4053336 0 105
4054761 0 105
4056333 0 106
4057831 0 104
4059305 0 105
4060853 0 106
4062401 0 104
4063825 0 105
4065373 0 105
4066896 0 105
4068370 0 106
4069942 0 104
4071343 0 105
4072743 0 105
4074168 0 105
4075568 0 106
4077018 0 104
4078541 0 105
4080015 0 105
4081489 0 105
4082913 0 105
