45501 0 10
47024 0 9
48572 0 12
49972 0 4
51397 0 6
52945 0 4
54345 0 10
55770 0 12
57244 0 12
58669 0 9
60192 0 13
61690 0 23
63189 0 21
64761 0 26
66235 0 5
67635 0 15
69036 0 19
70461 0 17
71885 0 28
73409 0 11
74882 0 17
76307 0 33
77757 0 2
79132 0 20
80680 0 22
82154 0 19
83653 0 19
85200 0 19
86773 0 21
88296 0 27
89745 0 10
91293 0 24
92693 0 15
94192 0 24
95592 0 13
97115 0 25
98638 0 11
100063 0 18
101586 0 33
103035 0 4
104411 0 20
105934 0 21
107482 0 13
109030 0 21
110577 0 18
112100 0 35
113501 0 10
115024 0 19
116522 0 20
118119 0 13
119519 0 19
120993 0 16
122418 0 29
123892 0 11
125317 0 15
126742 0 15
128142 0 22
129616 0 21
131066 0 27
132466 0 10
134038 0 15
135586 0 13
137035 0 21
138583 0 22
140081 0 29
141555 0 3
143103 0 16
144577 0 20
146149 0 14
147672 0 36
149195 0 12
150596 0 22
152119 0 16
153495 0 33
154968 0 11
156467 0 15
157892 0 34
159317 0 5
160815 0 24
162289 0 15
163837 0 18
165311 0 21
166760 0 36
168308 0 11
169733 0 24
171133 0 13
172583 0 19
174155 0 30
175604 0 4
177078 0 18
178577 0 20
180124 0 31
181598 0 8
183097 0 19
184669 0 33
186217 0 7
187691 0 13
189165 0 16
190614 0 23
192162 0 35
193636 0 5
195085 0 15
196535 0 28
198009 0 1
199556 0 19
201055 0 14
202504 0 20
204076 0 25
205550 0 4
207049 0 24
208498 0 33
210022 0 11
211569 0 24
213019 0 32
214517 0 10
216065 0 22
217563 0 34
218964 0 12
220364 0 17
221887 0 16
223386 0 32
224835 0 11
226260 0 24
227660 0 22
229110 0 33
230584 0 11
232131 0 18
233605 0 16
235104 0 18
236578 0 21
238101 0 19
239550 0 16
241024 0 30
242474 0 12
243874 0 13
245323 0 17
246822 0 16
248320 0 18
249868 0 18
251342 0 34
252890 0 6
254339 0 22
255911 0 13
257361 0 22
258835 0 33
260358 0 4
261807 0 13
263330 0 24
264853 0 21
266327 0 17
267801 0 26
269202 0 6
270676 0 24
272125 0 20
273599 0 13
275048 0 22
276473 0 24
277947 0 31
279421 0 6
280994 0 19
282468 0 31
283991 0 9
285489 0 24
286889 0 21
288388 0 21
289911 0 13
291459 0 22
293056 0 28
294530 0 10
295979 0 23
297404 0 15
298853 0 14
300352 0 20
301801 0 33
303324 0 2
304725 0 18
306223 0 35
307648 0 4
309171 0 16
310694 0 23
312144 0 31
313642 0 11
315165 0 13
316615 0 21
318064 0 16
319538 0 17
321086 0 23
322609 0 23
324181 0 30
325655 0 10
327129 0 13
328628 0 13
330126 0 24
331674 0 13
333074 0 25
334499 0 2
335948 0 13
337471 0 16
338921 0 31
340370 0 3
341795 0 22
343244 0 29
344620 0 2
346119 0 22
347691 0 35
349116 0 12
350639 0 15
352137 0 22
353710 0 30
355085 0 10
356535 0 14
357984 0 35
359532 0 6
361080 0 14
362578 0 28
364052 0 10
365502 0 17
366976 0 15
368523 0 14
369997 0 20
371545 0 16
373019 0 28
374444 0 9
375942 0 20
377539 0 24
379062 0 23
380561 0 24
381985 0 22
383558 0 16
385032 0 15
386506 0 28
387906 0 6
389405 0 17
390879 0 15
392402 0 19
393974 0 17
395423 0 28
396848 0 4
398224 0 24
399649 0 13
401147 0 18
402572 0 20
404120 0 32
405643 0 8
407117 0 17
408591 0 23
410040 0 32
411490 0 9
413062 0 24
414487 0 27
415961 0 9
417508 0 13
418933 0 33
420383 0 9
421906 0 22
423429 0 17
424878 0 16
426278 0 24
427777 0 13
429226 0 24
430700 0 28
432150 0 12
433673 0 13
435147 0 32
436670 0 3
438095 0 19
439618 0 16
441117 0 35
442664 0 1
444064 0 16
445588 0 18
447037 0 32
448585 0 2
450108 0 17
451606 0 23
453080 0 26
454554 0 2
456004 0 17
457478 0 27
458878 0 4
460278 0 16
461679 0 15
463103 0 24
464528 0 33
466002 0 10
467476 0 16
468926 0 22
470400 0 28
471898 0 4
473298 0 24
474772 0 33
476222 0 4
477647 0 13
479096 0 14
480521 0 13
482019 0 26
483420 0 5
484845 0 13
486269 0 16
487792 0 21
489340 0 23
490814 0 23
492362 0 28
493909 0 6
495408 0 19
496931 0 17
498381 0 20
499977 0 15
501476 0 20
503048 0 14
504473 0 28
506045 0 12
507445 0 21
508993 0 33
510467 0 11
511966 0 18
513464 0 33
514889 0 12
516412 0 13
517862 0 17
519360 0 24
520883 0 17
522382 0 14
523856 0 13
525354 0 31
526828 0 1
528376 0 22
529874 0 20
531299 0 27
532749 0 5
534296 0 14
535795 0 36
537269 0 9
538743 0 23
540168 0 15
541593 0 18
543116 0 23
544639 0 25
546064 0 7
547538 0 18
549061 0 35
550510 0 5
551984 0 18
553507 0 15
554932 0 30
556406 0 7
557978 0 22
559452 0 24
560975 0 23
562425 0 30
563801 0 8
565299 0 16
566773 0 22
568296 0 17
569795 0 19
571244 0 21
572816 0 14
574266 0 33
575813 0 2
577361 0 22
578811 0 13
580309 0 23
581783 0 13
583232 0 21
584731 0 13
586156 0 36
587728 0 6
589177 0 18
590701 0 16
592150 0 26
593649 0 6
595098 0 15
596646 0 30
598021 0 9
599471 0 16
600871 0 19
602443 0 13
603868 0 15
605293 0 32
606693 0 4
608094 0 22
609617 0 18
611140 0 24
612663 0 35
614137 0 7
615684 0 21
617232 0 29
618755 0 9
620229 0 18
621777 0 34
623226 0 9
624700 0 13
626101 0 14
627624 0 18
629073 0 14
630547 0 20
632046 0 29
633569 0 1
635018 0 23
636492 0 25
637991 0 8
639489 0 18
641061 0 35
642511 0 10
644034 0 15
645557 0 23
647031 0 16
648456 0 20
649881 0 19
651428 0 14
652878 0 36
654303 0 6
655850 0 17
657373 0 20
658970 0 17
660444 0 24
661943 0 27
663368 0 7
664866 0 18
666340 0 17
667839 0 16
669362 0 32
670787 0 3
672212 0 16
673587 0 34
675135 0 9
676658 0 21
678230 0 32
679655 0 6
681129 0 22
682677 0 36
684249 0 1
685797 0 19
687295 0 14
688843 0 30
690292 0 3
691815 0 17
693363 0 18
694911 0 22
696458 0 21
697908 0 17
699431 0 13
700856 0 33
702379 0 5
703927 0 21
705376 0 34
706875 0 9
708299 0 17
709773 0 31
711296 0 9
712820 0 18
714392 0 19
715866 0 24
717315 0 13
718814 0 32
720361 0 4
721811 0 17
723285 0 24
724783 0 31
726356 0 9
727805 0 17
729304 0 17
730802 0 33
732276 0 1
733750 0 18
735322 0 21
736747 0 17
738270 0 13
739818 0 22
741292 0 16
742717 0 27
744191 0 9
745738 0 13
747237 0 13
748662 0 22
750209 0 14
751683 0 22
753133 0 20
754705 0 24
756154 0 36
757579 0 5
759127 0 15
760650 0 20
762222 0 24
763745 0 29
765293 0 8
766816 0 14
768290 0 24
769715 0 27
771140 0 3
772688 0 17
774235 0 35
775783 0 11
777306 0 18
778780 0 16
780229 0 13
781630 0 30
782981 0 3
784479 0 23
785978 0 16
787501 0 23
789024 0 34
790424 0 2
791923 0 13
793397 0 35
794945 0 9
796369 0 15
797868 0 15
799317 0 15
800865 0 23
802388 0 21
803960 0 35
805385 0 4
806908 0 13
808456 0 13
809955 0 16
811404 0 24
812829 0 32
814327 0 12
815728 0 18
817251 0 15
818725 0 22
820199 0 15
821722 0 31
823220 0 4
824621 0 20
826168 0 23
827716 0 19
829264 0 34
830738 0 2
832138 0 19
833686 0 36
835184 0 2
836658 0 13
838206 0 14
839631 0 31
841129 0 12
842677 0 22
844249 0 15
845723 0 23
847222 0 21
848745 0 15
850145 0 33
851570 0 2
852995 0 14
854420 0 17
855943 0 17
857417 0 17
858842 0 17
860316 0 22
861790 0 36
863337 0 6
864860 0 22
866408 0 28
867882 0 6
869307 0 21
870781 0 22
872304 0 32
873802 0 12
875276 0 24
876701 0 20
878224 0 23
879772 0 13
881221 0 17
882745 0 22
884317 0 30
885766 0 6
887289 0 22
888714 0 19
890139 0 24
891687 0 14
893210 0 35
894610 0 9
896158 0 21
897583 0 13
899057 0 20
900629 0 31
902201 0 1
903700 0 20
905272 0 13
906820 0 13
908244 0 24
909792 0 24
911266 0 20
912789 0 19
914263 0 32
915737 0 5
917236 0 24
918759 0 35
920257 0 12
921780 0 17
923181 0 13
924605 0 13
926153 0 19
927603 0 20
929052 0 34
930575 0 2
931975 0 23
933548 0 22
935046 0 19
936594 0 21
938068 0 13
939615 0 24
941089 0 21
942613 0 27
944087 0 1
945511 0 21
946936 0 22
948533 0 13
950056 0 22
1261582 0 101
1263031 0 101
1264530 0 101
1265979 0 101
1267379 0 101
1268853 0 101
1270352 0 101
1271875 0 101
1273349 0 101
1274749 0 101
1276199 0 102
1277599 0 102
1279098 0 103
1280522 0 101
1281947 0 102
1283470 0 102
1284993 0 102
1286467 0 103
1288015 0 101
1289514 0 102
1291037 0 102
1292486 0 103
1293960 0 101
1295360 0 102
1296761 0 103
1298210 0 101
1299709 0 102
1301232 0 102
1302632 0 102
1304081 0 102
1305605 0 103
1307103 0 101
1308503 0 102
1309977 0 102
1311427 0 102
1312852 0 102
1314399 0 103
1315824 0 101
1317347 0 102
1318747 0 103
1320320 0 101
1321745 0 102
1323219 0 102
1324668 0 102
1326167 0 102
1327567 0 103
1329114 0 101
1330515 0 102
1332013 0 102
1333438 0 102
1334863 0 102
1336288 0 102
1337811 0 102
1339260 0 103
1340783 0 101
1342307 0 102
1343731 0 103
1345255 0 101
1346753 0 102
1348202 0 102
1349652 0 102
1351052 0 102
1352575 0 102
1354098 0 102
1355597 0 103
1357022 0 101
1358545 0 102
1360068 0 102
1361542 0 102
1363065 0 102
1364514 0 102
1365915 0 102
1367340 0 102
1368740 0 103
1370263 0 101
1371762 0 102
1373285 0 102
1374808 0 102
1376233 0 102
1377707 0 102
1379230 0 103
1380777 0 101
1382276 0 102
1383750 0 102
1385150 0 103
1386649 0 101
1388074 0 102
1389498 0 103
1391071 0 101
1392520 0 102
1393945 0 102
1395345 0 103
1396844 0 101
1398367 0 102
1399865 0 102
1401388 0 102
1402838 0 103
1404386 0 101
1405884 0 102
1407333 0 103
1408783 0 101
1410183 0 102
1411682 0 102
1413229 0 102
1414777 0 102
1416325 0 102
1417799 0 103
1419273 0 101
1420747 0 102
1422172 0 102
1423596 0 102
1425046 0 103
1426569 0 101
1428092 0 102
1429541 0 102
1431089 0 102
1432489 0 102
1433914 0 102
1435437 0 102
1436936 0 103
1438385 0 101
1439859 0 102
1441358 0 102
1442807 0 102
1444207 0 102
1445632 0 102
1447057 0 102
1448457 0 103
1449956 0 101
1451479 0 102
1452879 0 103
1454403 0 101
1455876 0 102
1457375 0 102
1458849 0 102
1460249 0 102
1461772 0 102
1463271 0 103
1464819 0 101
1466366 0 102
1467889 0 103
1469412 0 101
1470862 0 102
1472385 0 102
1473785 0 102
1475235 0 102
1476758 0 102
1478305 0 103
1479804 0 101
1481204 0 102
1482727 0 102
1484152 0 102
1485577 0 103
1487051 0 101
1488476 0 102
1489901 0 103
1491473 0 101
1493021 0 102
1494446 0 102
1495895 0 102
1497443 0 102
1498941 0 103
1500464 0 101
1502012 0 102
1503560 0 102
1504984 0 103
1506434 0 101
1507883 0 102
1509308 0 102
1510758 0 102
1512182 0 102
1513681 0 102
1515106 0 103
1516678 0 101
1518201 0 102
1519749 0 103
1521247 0 101
1522697 0 102
1524146 0 102
1525669 0 102
1527168 0 103
1528642 0 101
1530067 0 102
1531565 0 103
1532990 0 101
1534439 0 102
1535963 0 102
1537486 0 102
1538984 0 102
1540409 0 102
1541883 0 103
1543455 0 101
1544880 0 102
1546329 0 103
1547779 0 101
1549253 0 102
1550678 0 102
1552176 0 102
1553601 0 103
1555026 0 101
1556500 0 102
1558023 0 103
1559497 0 101
1560922 0 102
1562347 0 103
1563821 0 101
1565221 0 102
1566670 0 103
1568169 0 101
1569569 0 102
1571092 0 102
1572615 0 102
1574114 0 102
1575539 0 102
1577037 0 103
1578536 0 101
1580084 0 102
1581607 0 102
1583130 0 102
1584677 0 102
1586176 0 103
1587748 0 101
1589173 0 102
1590598 0 103
1592096 0 101
1593595 0 102
1595118 0 102
1596568 0 103
1597992 0 101
1599417 0 102
1600842 0 102
1602316 0 102
1603765 0 102
1605313 0 102
1606763 0 102
1608236 0 103
1609760 0 101
1611160 0 102
1612560 0 103
1614010 0 101
1615410 0 102
1616884 0 102
1618358 0 102
1619905 0 102
1621453 0 102
1622903 0 103
1624450 0 101
1625949 0 102
1627374 0 102
1628872 0 102
1630297 0 102
1631820 0 102
1633294 0 102
1634719 0 103
1636193 0 101
1637667 0 102
1639116 0 102
1640664 0 102
1642064 0 102
1643489 0 103
1644914 0 101
1646413 0 102
1647960 0 102
1649434 0 102
1650834 0 102
1652333 0 102
1653782 0 102
1655305 0 103
1656755 0 101
1658253 0 102
1659678 0 103
1661226 0 101
1662651 0 102
1664125 0 103
1665550 0 101
1666999 0 102
1668498 0 102
1669922 0 102
1671347 0 103
1672797 0 101
1674246 0 102
1675769 0 102
1677219 0 102
1678693 0 102
1680142 0 102
1681665 0 103
1683139 0 101
1684539 0 102
1686038 0 102
1687512 0 102
1688961 0 103
1690509 0 101
1692007 0 102
1693555 0 103
1695078 0 101
1696552 0 102
1698002 0 103
1699574 0 101
1701023 0 102
1702571 0 103
1704094 0 101
1705494 0 102
1706968 0 102
1708442 0 102
1709867 0 102
1711267 0 103
1712741 0 101
1714240 0 102
1715689 0 102
1717213 0 102
1718662 0 103
1720210 0 101
1721659 0 102
1723059 0 102
1724533 0 102
1726081 0 102
1727629 0 102
1729029 0 102
1730454 0 102
1731977 0 103
1733475 0 101
1734974 0 102
1736423 0 102
1737922 0 102
1739420 0 102
1740870 0 103
1742368 0 101
1743818 0 102
1745218 0 103
1746643 0 101
1748117 0 102
1749615 0 103
1751040 0 101
1752465 0 102
1753915 0 103
1755438 0 101
1756985 0 102
1758508 0 102
1759909 0 102
1761309 0 102
1762758 0 102
1764232 0 103
1765682 0 101
1767156 0 102
1768556 0 102
1770055 0 102
1771553 0 102
1773101 0 102
1774501 0 102
1775901 0 103
1777474 0 101
1778898 0 102
1780348 0 102
1781871 0 102
1783296 0 102
1784819 0 103
1786317 0 101
1787742 0 102
1789241 0 102
1790690 0 102
1792115 0 102
1793614 0 102
1795137 0 103
1796611 0 101
1798036 0 102
1799436 0 103
1800910 0 101
1802310 0 102
1803809 0 102
1805307 0 102
1806732 0 103
1808181 0 101
1809606 0 102
1811007 0 103
1812554 0 101
1813954 0 102
1815478 0 102
1817001 0 102
1818450 0 102
1819949 0 102
1821349 0 103
1822774 0 101
1824223 0 102
1825771 0 102
1827294 0 102
1828719 0 102
1830168 0 102
1831667 0 102
1833141 0 103
1834688 0 101
1836187 0 102
1837710 0 102
1839159 0 102
1840683 0 102
1842107 0 102
1843581 0 102
1845105 0 103
1846529 0 101
1848077 0 102
1849477 0 102
1850878 0 102
1852352 0 102
1853850 0 102
1855373 0 102
1856872 0 103
1858370 0 101
1859771 0 102
1861195 0 103
1862768 0 101
1864217 0 102
1865716 0 103
1867214 0 101
1868664 0 102
1870064 0 102
1871513 0 102
1872987 0 103
1874486 0 101
1876009 0 102
1877557 0 103
1879080 0 101
1880578 0 102
1882052 0 102
1883477 0 102
1885000 0 103
1886499 0 101
1887973 0 102
1889373 0 103
1890798 0 101
1892272 0 102
1893721 0 102
1895195 0 102
1896620 0 102
1898143 0 102
1899543 0 102
1900944 0 103
1902491 0 101
1903941 0 102
1905366 0 102
1906840 0 102
1908289 0 102
1909788 0 102
1911262 0 103
1912735 0 101
1914136 0 102
1915659 0 103
1917182 0 101
1918631 0 102
1920179 0 103
1921751 0 101
1923250 0 102
1924748 0 103
1926173 0 101
1927696 0 102
1929170 0 103
1930620 0 101
1932118 0 102
1933543 0 103
1935066 0 101
1936467 0 102
1937990 0 103
1939537 0 101
1940987 0 102
1942510 0 102
1944033 0 102
1945458 0 103
1946883 0 101
1948307 0 102
1949806 0 102
1951206 0 102
1952754 0 102
1954228 0 102
1955677 0 102
1957176 0 103
1958699 0 101
1960222 0 102
1961770 0 102
1963268 0 103
1964693 0 101
1966192 0 102
1967617 0 103
1969115 0 101
1970565 0 102
1972088 0 103
1973537 0 101
1974987 0 102
1976534 0 103
1978033 0 101
1979457 0 102
1980956 0 102
1982455 0 103
1983929 0 101
1985452 0 102
1986926 0 103
1988424 0 101
1989947 0 102
1991348 0 103
1992871 0 101
1994296 0 102
1995770 0 102
1997170 0 102
1998595 0 102
2000118 0 102
2001592 0 103
2003066 0 101
2004589 0 102
2006136 0 102
2007537 0 103
2009084 0 101
2010608 0 102
2012032 0 102
2013506 0 103
2014956 0 101
2016479 0 102
2017904 0 102
2019427 0 102
2020901 0 103
2022424 0 101
2023947 0 102
2025446 0 103
2026871 0 101
2028295 0 102
2029720 0 102
2031120 0 102
2032668 0 102
2034142 0 102
2035591 0 103
2037164 0 101
2038589 0 102
2039989 0 102
2041463 0 102
2042961 0 102
2044484 0 102
2045885 0 102
2047285 0 103
2048857 0 101
2050307 0 102
2051781 0 102
2053181 0 102
2054581 0 102
2056080 0 103
2057578 0 101
2059028 0 102
2060428 0 103
2061976 0 101
2063474 0 102
2065022 0 102
2066422 0 102
2067847 0 102
2069370 0 102
2070893 0 103
2072367 0 101
2073866 0 102
2075340 0 102
2076814 0 102
2078312 0 103
2079835 0 101
2081285 0 102
2082685 0 103
2084233 0 101
2085658 0 102
2087156 0 102
2088630 0 102
2090030 0 102
2091578 0 102
2093101 0 102
2094575 0 103
2096024 0 101
2097474 0 102
2098948 0 102
2100422 0 103
2101847 0 101
2103296 0 102
2104721 0 102
2106146 0 102
2107546 0 102
2109069 0 102
2110494 0 102
2112042 0 103
2113516 0 101
2114965 0 102
2116513 0 102
2117913 0 102
2119362 0 102
2120910 0 103
2122335 0 101
2123735 0 102
2125136 0 103
2126585 0 101
2128133 0 102
2129582 0 102
2131056 0 102
2132481 0 103
2133955 0 101
2135380 0 102
2136927 0 103
2138450 0 101
2139851 0 102
2141276 0 102
2142774 0 103
2144322 0 101
2145820 0 102
2147221 0 102
2148768 0 102
2150193 0 102
2151741 0 102
2153166 0 103
2154713 0 101
2156114 0 102
2157661 0 102
2159135 0 102
2177078 0 46
2178601 0 44
2180026 0 39
2181573 0 48
2183023 0 37
2184546 0 47
2186069 0 41
2187592 0 37
2188992 0 37
2190442 0 47
2191965 0 51
2193439 0 58
2194986 0 54
2196411 0 49
2197836 0 56
2199384 0 52
2200956 0 65
2202381 0 48
2203855 0 49
2205329 0 53
2206803 0 53
2208203 0 51
2209702 0 60
2211176 0 51
2212674 0 72
2214173 0 42
2215720 0 52
2217293 0 68
2218717 0 41
2220142 0 51
2221567 0 54
2223090 0 49
2224491 0 54
2225915 0 52
2227340 0 55
2228863 0 65
2230411 0 43
2231934 0 60
2233384 0 62
2234808 0 44
2236307 0 57
2237732 0 54
2239181 0 54
2240631 0 60
2242203 0 57
2243726 0 50
2245175 0 72
2246674 0 43
2248123 0 49
2249622 0 62
2251022 0 45
2252447 0 49
2253872 0 66
2255419 0 44
2256967 0 51
2258417 0 54
2259964 0 59
2261463 0 58
2263010 0 60
2264460 0 49
2265934 0 59
2267408 0 62
2268833 0 38
2270331 0 54
2271830 0 64
2273377 0 42
2274827 0 57
2276276 0 67
2277726 0 43
2279249 0 51
2280772 0 53
2282270 0 59
2283769 0 63
2285194 0 44
2286619 0 58
2288117 0 63
2289591 0 46
2291163 0 57
2292613 0 57
2294111 0 52
2295635 0 64
2297059 0 47
2298509 0 58
2300081 0 69
2301629 0 44
2303103 0 51
2304650 0 52
2306173 0 56
2307746 0 55
2309195 0 65
2310669 0 39
2312118 0 60
2313691 0 52
2315140 0 55
2316712 0 61
2318260 0 38
2319734 0 50
2321159 0 63
2322657 0 42
2324180 0 54
2325605 0 55
2327055 0 60
2328480 0 65
2329929 0 43
2331477 0 55
2332975 0 52
2334498 0 60
2336046 0 71
2337446 0 48
2338871 0 50
2340271 0 68
2341696 0 39
2343219 0 56
2344742 0 71
2346266 0 41
2347838 0 50
2349410 0 60
2350835 0 60
2352358 0 62
2353906 0 47
2355355 0 60
2356780 0 63
2358303 0 39
2359703 0 49
2361202 0 51
2362725 0 70
2364174 0 40
2365575 0 51
2367024 0 50
2368473 0 59
2369997 0 49
2371421 0 63
2372969 0 46
2374419 0 59
2375966 0 61
2377440 0 37
2378988 0 60
2380536 0 67
2381985 0 48
2383484 0 60
2385056 0 66
2386530 0 40
2387955 0 49
2389379 0 64
2390952 0 44
2392401 0 58
2393826 0 58
2395374 0 59
2396823 0 60
2398248 0 57
2399771 0 56
2401220 0 64
2402645 0 42
2404193 0 54
2405618 0 62
2407141 0 43
2408615 0 50
2410089 0 51
2411563 0 51
2413135 0 64
2414609 0 40
2416034 0 54
2417581 0 58
2419154 0 59
2420652 0 49
2422175 0 53
2423698 0 59
2425148 0 60
2426646 0 63
2428194 0 46
2429619 0 57
2431142 0 57
2432591 0 51
2434090 0 54
2435539 0 56
2437112 0 63
2438684 0 38
2440133 0 52
2441607 0 60
2443081 0 55
2444654 0 57
2446226 0 67
2447749 0 42
2449247 0 58
2450746 0 55
2452318 0 51
2453866 0 54
2455315 0 51
2456716 0 72
2458239 0 40
2459664 0 55
2461138 0 68
2462611 0 42
2464012 0 56
2465535 0 53
2466984 0 72
2468409 0 42
2469908 0 56
2471431 0 68
2472905 0 45
2474502 0 60
2475951 0 64
2477450 0 40
2478948 0 57
2480496 0 49
2482043 0 58
2483542 0 70
2485065 0 39
2486490 0 57
2488087 0 56
2489487 0 55
2490961 0 54
2492509 0 55
2494032 0 65
2495506 0 46
2497004 0 52
2498478 0 67
2500001 0 44
2501426 0 49
2502925 0 65
2504497 0 38
2505946 0 59
2507396 0 63
2508845 0 45
2510344 0 55
2511793 0 72
2513292 0 41
2514717 0 57
2516191 0 55
2517738 0 54
2519286 0 57
2520809 0 55
2522234 0 49
2523708 0 63
2525157 0 42
2526656 0 54
2528179 0 63
2529702 0 38
2531151 0 52
2532650 0 59
2534124 0 72
2535647 0 38
2537096 0 51
2538595 0 59
2540020 0 63
2541469 0 38
2542968 0 53
2544491 0 59
2545965 0 66
2547488 0 42
2548888 0 51
2550436 0 63
2551910 0 40
2553433 0 49
2554981 0 52
2556381 0 57
2557855 0 50
2559427 0 68
2560926 0 38
2562449 0 55
2564021 0 62
2565520 0 44
2567018 0 51
2568468 0 70
2569966 0 45
2571416 0 54
2572865 0 56
2574363 0 62
2575813 0 43
2577361 0 51
2578835 0 67
2580382 0 39
2581881 0 57
2583355 0 63
2584927 0 45
2586450 0 56
2587899 0 53
2589423 0 50
2590872 0 57
2592420 0 66
2593820 0 38
2595343 0 51
2596768 0 56
2598291 0 57
2599863 0 49
2601313 0 52
2602836 0 49
2604383 0 60
2605931 0 62
2607405 0 42
2608830 0 49
2610353 0 52
2611827 0 52
2613301 0 67
2614726 0 41
2616298 0 58
2617870 0 55
2619295 0 54
2620794 0 57
2622341 0 51
2623791 0 54
2625240 0 68
2626763 0 37
2628262 0 57
2629785 0 49
2631234 0 62
2632659 0 43
2634158 0 59
2635681 0 64
2637130 0 37
2638629 0 58
2640201 0 50
2641675 0 67
2643174 0 44
2644721 0 57
2646269 0 66
2647792 0 44
2649291 0 58
2650887 0 49
2652288 0 64
2653737 0 37
2655187 0 56
2656710 0 56
2658282 0 71
2659756 0 38
2661328 0 57
2662851 0 53
2664399 0 58
2665922 0 69
2667421 0 39
2668845 0 57
2670344 0 59
2671842 0 54
2673243 0 60
2674766 0 63
2676240 0 46
2677665 0 53
2679212 0 53
2680662 0 68
2682185 0 43
2683757 0 53
2685231 0 59
2686754 0 57
2688277 0 54
2689800 0 53
2691225 0 67
2692724 0 45
2694222 0 56
2695770 0 57
2697219 0 51
2698620 0 49
2700045 0 50
2701543 0 52
2703066 0 65
2704516 0 42
2705940 0 57
2707390 0 58
2708987 0 53
2710461 0 69
2711910 0 46
2713458 0 56
2714956 0 54
2716357 0 59
2717831 0 52
2719329 0 58
2720901 0 70
2722302 0 37
2723776 0 53
2725299 0 50
2726822 0 64
2728370 0 43
2729868 0 55
2731342 0 59
2732767 0 51
2734192 0 63
2735690 0 42
2737115 0 56
2738540 0 54
2740063 0 53
2741488 0 51
2742913 0 61
2744411 0 46
2745934 0 52
2747384 0 59
2748907 0 51
2750381 0 69
2751929 0 37
2753353 0 51
2754852 0 72
2756252 0 42
2757824 0 55
2759249 0 59
2760797 0 52
2762295 0 51
2763720 0 50
2765268 0 63
2766816 0 41
2768265 0 56
2769788 0 54
2771188 0 70
2772662 0 45
2774136 0 52
2775660 0 59
2777109 0 54
2778558 0 53
2780106 0 55
2781531 0 69
2782980 0 37
2784479 0 52
2785953 0 59
2787378 0 55
2788925 0 52
2790350 0 63
2791873 0 47
2793421 0 59
2794969 0 56
2796443 0 59
2797941 0 58
2799513 0 70
2800938 0 42
2802412 0 60
2803960 0 55
2805508 0 58
2807006 0 55
2808578 0 53
2810028 0 69
2811551 0 44
2813025 0 57
2814450 0 65
2815924 0 45
2817447 0 58
2818945 0 50
2820370 0 63
2821820 0 46
2823416 0 54
2824915 0 70
2826438 0 42
2827937 0 59
2829435 0 58
2830909 0 60
2832383 0 59
2833931 0 51
2835405 0 62
2836830 0 45
2838328 0 53
2839851 0 52
2841423 0 52
2842848 0 59
2844322 0 57
2845845 0 56
2847393 0 66
2848818 0 41
2850341 0 59
2851790 0 70
2853240 0 43
2854689 0 50
2856139 0 50
2857637 0 55
2859037 0 57
2860511 0 50
2861985 0 68
2863459 0 44
2864958 0 53
2866530 0 57
2868053 0 51
2869552 0 60
2871050 0 57
2872500 0 52
2873925 0 70
2875423 0 48
2876922 0 52
2878420 0 53
2879943 0 51
2881467 0 50
2882891 0 68
2884316 0 44
2885864 0 54
2887289 0 62
2888836 0 41
2890286 0 52
2891809 0 49
2893357 0 51
2894831 0 66
2896305 0 38
2897828 0 59
2899252 0 56
2900751 0 54
2902200 0 60
2903601 0 68
2905148 0 39
2906622 0 50
2908170 0 58
2909718 0 54
2911265 0 59
2912715 0 57
2914164 0 55
2915638 0 66
2917186 0 41
2918635 0 52
2920208 0 69
2921780 0 48
2923205 0 57
2924629 0 60
2926128 0 69
2927676 0 46
2929199 0 58
2930624 0 54
2932073 0 50
2933621 0 65
2935046 0 39
2936470 0 59
2937969 0 66
2939394 0 44
2940892 0 52
2942415 0 52
2943840 0 53
2945290 0 60
2946837 0 55
2948311 0 66
2949859 0 40
2951407 0 54
2952807 0 50
2954306 0 60
2955730 0 53
2957155 0 55
2958654 0 50
2960152 0 57
2961626 0 61
2963174 0 37
2964722 0 57
2966147 0 53
2967645 0 70
2969021 0 38
2970446 0 52
2971870 0 64
2973394 0 38
2974818 0 55
2976243 0 51
2977643 0 49
2979118 0 54
2980591 0 67
2982041 0 38
2983539 0 49
2984940 0 55
2986340 0 57
2987863 0 57
2989386 0 50
2990860 0 64
2992285 0 37
2993710 0 54
2995135 0 51
2996633 0 54
2998181 0 51
2999753 0 59
3001227 0 50
3002652 0 56
3004126 0 67
3005649 0 38
3007098 0 54
3008523 0 57
3009973 0 59
3011520 0 49
3013019 0 64
3014493 0 46
3016041 0 51
3017539 0 58
3018989 0 59
3020438 0 52
3021863 0 54
3023288 0 56
3024712 0 63
3026260 0 41
3027759 0 52
3029282 0 58
3030707 0 57
3032254 0 56
3033704 0 49
3035227 0 65
3036774 0 48
3038298 0 57
3039870 0 59
3041393 0 61
3042842 0 37
3044390 0 49
3045938 0 58
3047387 0 56
3048812 0 67
3050212 0 48
3051686 0 60
3053111 0 60
3054610 0 61
3056182 0 41
3057582 0 56
3059105 0 49
3060530 0 55
3062102 0 66
3063576 0 48
3065099 0 60
3066623 0 51
3068023 0 65
3069546 0 37
3071069 0 58
3072641 0 68
3074140 0 43
3075614 0 57
3077137 0 60
3078685 0 54
3080257 0 57
3081731 0 50
3083229 0 50
3346961 0 104
3348484 0 104
3349909 0 104
3351358 0 104
3352857 0 104
3354404 0 104
3355903 0 104
3357328 0 104
3358851 0 104
3360251 0 104
3361676 0 105
3363125 0 105
3364575 0 105
3366000 0 106
3367473 0 104
3368898 0 105
3370471 0 106
3372018 0 104
3373468 0 105
3374917 0 106
3376342 0 104
3377865 0 105
3379413 0 105
3380838 0 105
3382385 0 106
3383835 0 104
3385382 0 105
3386783 0 106
3388281 0 104
3389731 0 105
3391278 0 106
3392678 0 104
3394128 0 105
3395577 0 105
3397125 0 105
3398550 0 106
3400097 0 104
3401547 0 105
3403021 0 105
3404519 0 106
3405944 0 104
3407443 0 105
3408941 0 105
3410366 0 105
3411914 0 106
3413462 0 104
3414936 0 105
3416409 0 106
3417883 0 104
3419357 0 105
3420831 0 105
3422330 0 105
3423779 0 105
3425253 0 105
3426801 0 106
3428324 0 104
3429872 0 105
3431346 0 105
3432820 0 105
3434367 0 105
3435841 0 105
3437291 0 105
3438740 0 106
3440190 0 104
3441639 0 105
3443187 0 105
3444661 0 105
3446086 0 105
3447535 0 105
3448984 0 106
3450434 0 104
3451859 0 105
3453406 0 106
3454880 0 104
3456428 0 105
3457976 0 106
3459474 0 104
3460899 0 105
3462422 0 105
3463970 0 106
3465395 0 104
3466795 0 105
3468293 0 105
3469841 0 105
3471340 0 106
3472814 0 104
3474337 0 105
3475884 0 106
3477432 0 104
3478882 0 105
3480282 0 105
3481731 0 106
3483132 0 104
3484532 0 105
3486030 0 105
3487529 0 105
3488954 0 106
3490452 0 104
3491975 0 105
3493400 0 105
3494850 0 105
3496397 0 105
3497896 0 106
3499394 0 104
3500868 0 105
3502367 0 106
3503939 0 104
3505413 0 105
3506863 0 106
3508435 0 104
3509933 0 105
3511407 0 106
3512808 0 104
3514306 0 105
3515805 0 105
3517352 0 105
3518777 0 105
3520202 0 105
3521676 0 106
3523101 0 104
3524575 0 105
3526024 0 105
3527547 0 106
3529021 0 104
3530569 0 105
3532043 0 105
3533517 0 105
3534991 0 105
3536489 0 106
3537963 0 104
3539462 0 105
3540911 0 106
3542410 0 104
3543958 0 105
3545481 0 105
3546955 0 105
3548404 0 105
3549927 0 105
3551475 0 105
3552924 0 106
3554472 0 104
3556020 0 105
3557469 0 105
3559017 0 106
3560466 0 104
3561989 0 105
3563439 0 105
3564937 0 105
3566436 0 105
3567983 0 106
3569384 0 104
3570931 0 105
3572430 0 105
3573855 0 105
3575280 0 105
3576704 0 106
3578228 0 104
3579677 0 105
3581175 0 105
3582723 0 105
3584173 0 105
3585720 0 105
3587268 0 106
3588766 0 104
3590191 0 105
3591714 0 106
3593213 0 104
3594736 0 105
3596185 0 106
3597733 0 104
3599158 0 105
3600558 0 106
3601983 0 104
3603531 0 105
3604956 0 105
3606381 0 106
3607879 0 104
3609451 0 105
3610901 0 105
3612326 0 105
3613750 0 105
3615298 0 106
3616821 0 104
3618344 0 105
3619843 0 105
3621268 0 105
3622791 0 106
3624265 0 104
3625714 0 105
3627139 0 106
3628564 0 104
3630062 0 105
3631610 0 105
3633059 0 105
3634558 0 105
3635958 0 105
3637481 0 106
3638955 0 104
3640454 0 105
3641953 0 105
3643377 0 105
3644827 0 105
3646227 0 105
3647676 0 106
3649101 0 104
3650649 0 105
3652172 0 106
3653695 0 104
3655095 0 105
3656569 0 106
3658043 0 104
3659542 0 105
3661065 0 106
3662490 0 104
3663988 0 105
3665512 0 105
3667035 0 105
3668533 0 105
3670032 0 106
3671432 0 104
3672980 0 105
3674478 0 106
3675928 0 104
3677377 0 105
3678851 0 106
3680350 0 104
3681873 0 105
3683273 0 105
3684722 0 105
3686147 0 106
3687597 0 104
3689095 0 105
3690569 0 106
3692068 0 104
3693517 0 105
3695065 0 105
3696514 0 106
3697939 0 104
3699462 0 105
3700985 0 105
3702410 0 105
3703810 0 105
3705284 0 105
3706734 0 106
3708183 0 104
3709706 0 105
3711254 0 105
3712703 0 105
3714153 0 105
3715651 0 106
3717125 0 104
3718673 0 105
3720171 0 105
3721695 0 106
3723120 0 104
3724544 0 105
3725969 0 105
3727517 0 105
3728991 0 106
3730465 0 104
3731963 0 105
3733437 0 105
3734985 0 105
3736533 0 105
3737957 0 106
3739382 0 104
3740905 0 105
3742379 0 105
3743927 0 105
3745426 0 105
3746900 0 105
3748324 0 105
3749798 0 105
3751248 0 106
3752771 0 104
3754245 0 105
3755719 0 105
3757193 0 106
3758667 0 104
3760190 0 105
3761615 0 106
3763113 0 104
3764636 0 105
3766061 0 105
3767535 0 105
3769083 0 105
3770581 0 105
3772006 0 106
3773431 0 104
3774881 0 105
3776404 0 105
3777927 0 105
3779450 0 105
3780875 0 105
3782324 0 105
3783798 0 106
3785321 0 104
3786795 0 105
3788220 0 105
3789645 0 105
3791070 0 105
3792544 0 105
3793969 0 105
3795443 0 106
3796966 0 104
3798513 0 105
3800036 0 106
3801486 0 104
3803009 0 105
3804458 0 106
3806031 0 104
3807480 0 105
3808929 0 106
3810453 0 104
3811976 0 105
3813474 0 105
3814997 0 105
3816545 0 105
3817970 0 105
3819542 0 106
3821041 0 104
3822589 0 105
3824087 0 105
3825635 0 105
3827182 0 105
3828582 0 106
3830081 0 104
3831530 0 105
3832980 0 106
3834478 0 104
3835977 0 105
3837402 0 105
3838925 0 105
3840448 0 105
3841873 0 105
3843298 0 106
3844821 0 104
3846246 0 105
3847793 0 105
3849218 0 105
3850668 0 105
3852215 0 105
3853714 0 105
3855261 0 105
3856735 0 106
3858234 0 104
3859659 0 105
3861157 0 106
3862730 0 104
3864154 0 105
3865604 0 105
3867152 0 105
3868675 0 105
3870099 0 106
3871623 0 104
3873146 0 105
3874546 0 106
3875995 0 104
3877494 0 105
3878919 0 105
3880491 0 105
3882039 0 106
3883513 0 104
3884987 0 105
3886411 0 105
3887935 0 106
3889482 0 104
3891005 0 105
3892504 0 105
3893929 0 105
3895378 0 105
3896828 0 106
3898277 0 104
3899776 0 105
3901299 0 105
3902699 0 105
3904099 0 105
3905524 0 105
3906998 0 105
3908472 0 106
3909995 0 104
3911518 0 105
3912943 0 105
3914417 0 105
3915891 0 106
3917390 0 104
3918888 0 105
3920337 0 105
3921861 0 105
3923359 0 106
3924833 0 104
3926356 0 105
3927806 0 106
3929353 0 104
3930901 0 105
3932449 0 106
3933972 0 104
3935421 0 105
3936846 0 105
3938246 0 105
3939769 0 106
3941219 0 104
3942668 0 105
3944167 0 105
3945665 0 105
3947139 0 105
3948613 0 105
3950112 0 106
3951610 0 104
3953035 0 105
3954534 0 106
3956057 0 104
3957457 0 105
3958956 0 105
3960479 0 105
3961953 0 105
3963378 0 105
3964876 0 106
3966375 0 104
3967873 0 105
3969396 0 106
3970944 0 104
3972344 0 105
3973892 0 105
3975341 0 105
3976889 0 106
3978437 0 104
3979886 0 105
3981336 0 105
3982810 0 105
3984333 0 105
3985757 0 105
3987158 0 105
3988656 0 106
3990179 0 104
3991727 0 105
3993275 0 105
3994724 0 106
3996174 0 104
3997574 0 105
3999072 0 105
4000522 0 105
4002070 0 105
4003519 0 106
4005067 0 104
4006565 0 105
4007990 0 106
4009464 0 104
4010913 0 105
4012363 0 106
4013935 0 104
4015409 0 105
4016981 0 105
4018431 0 105
4019954 0 105
4021452 0 105
4022877 0 106
4024449 0 104
4025948 0 105
4027348 0 105
4028773 0 105
4030272 0 105
4031844 0 105
4033342 0 105
4034743 0 106
4036266 0 104
4037764 0 105
4039189 0 105
4040614 0 105
4042162 0 105
4043636 0 105
4045159 0 106
4046608 0 104
4048082 0 105
4049605 0 106
4051153 0 104
4052627 0 105
4054027 0 105
4055526 0 106
4057073 0 104
4058621 0 105
4060169 0 105
4061716 0 105
4063166 0 105
4064664 0 105
4066163 0 106
4067612 0 104
4069037 0 105
4070437 0 106
4071887 0 104
4073385 0 105
4074933 0 105
4076481 0 105
4078004 0 105
4079527 0 105
4081075 0 105
4082573 0 106
4084145 0 104
4085644 0 105
4087142 0 105
4088616 0 105
4090164 0 106
4091589 0 104
4093014 0 105
4094512 0 105
4095913 0 105
4097337 0 105
4098836 0 105
4100359 0 105
4101809 0 105
4103356 0 106
4104806 0 104
4106280 0 105
4107754 0 105
4109228 0 105
4110751 0 106
4112249 0 104
4113723 0 105
4115124 0 105
4116622 0 106
4118145 0 104
4119644 0 105
4121191 0 105
4122690 0 106
4124188 0 104
4125638 0 105
4127186 0 105
4128610 0 105
4130035 0 105
4131435 0 106
4132860 0 104
4134261 0 105
4135735 0 105
4137258 0 106
4138781 0 104
4140255 0 105
4141778 0 105
4143252 0 105
4144726 0 105
4146249 0 105
4147674 0 106
4149197 0 104
4150720 0 105
4152194 0 105
4153717 0 105
4155191 0 106
4156714 0 104
4158188 0 105
4159588 0 106
4161013 0 104
4162536 0 105
4164060 0 105
4165583 0 105
4167057 0 105
4168531 0 105
4170054 0 105
4171479 0 106
4172903 0 104
4174426 0 105
4175827 0 106
4177252 0 104
4178676 0 105
4180224 0 105
4181674 0 105
4183221 0 105
4184695 0 105
4186243 0 105
4187815 0 106
4189338 0 104
4190837 0 105
4192262 0 106
4193686 0 104
4195210 0 105
4196659 0 105
4198207 0 106
4199730 0 104
4201155 0 105
4202678 0 105
4204103 0 105
4205552 0 105
4207075 0 106
4208549 0 104
4209998 0 105
4211497 0 105
4213045 0 105
4214494 0 105
4215944 0 105
4217393 0 106
4218842 0 104
4220316 0 105
4221766 0 105
4223289 0 106
4224714 0 104
4226261 0 105
4227809 0 105
4229332 0 105
4230855 0 105
4232305 0 105
4233754 0 105
4235154 0 106
4236579 0 104
4238053 0 105
4239527 0 105
4240952 0 105
4242475 0 105
4244023 0 106
4245448 0 104
4246872 0 105
4248445 0 105
4249943 0 105
