32682 0 1
34156 0 1
35672 0 4
37105 0 3
38519 0 1
40055 0 4
41427 0 3
42860 0 8
44396 0 3
45932 0 6
47345 0 16
48758 0 18
50274 0 19
51810 0 21
53264 0 16
54800 0 17
56233 0 16
57688 0 21
59264 0 28
60739 0 1
62254 0 14
63668 0 27
65081 0 8
66637 0 14
68132 0 24
69545 0 31
71020 0 10
72556 0 15
74030 0 20
75484 0 20
77000 0 34
78474 0 7
80010 0 15
81423 0 20
82857 0 22
84270 0 18
85745 0 20
87301 0 34
88837 0 2
90230 0 17
91745 0 24
93138 0 20
94715 0 30
96107 0 12
97602 0 19
99036 0 31
100510 0 11
101985 0 22
103521 0 25
105016 0 12
106490 0 18
108026 0 19
109521 0 24
111016 0 19
112532 0 18
114006 0 20
115604 0 21
117140 0 27
118635 0 10
120171 0 16
121666 0 33
123161 0 12
124615 0 17
126151 0 28
127646 0 12
129161 0 13
130677 0 29
132151 0 2
133565 0 16
135039 0 23
136596 0 13
137988 0 32
139442 0 4
140917 0 18
142473 0 24
143968 0 30
145463 0 12
146938 0 20
148453 0 14
149907 0 21
151361 0 20
152856 0 17
154351 0 24
155826 0 31
157403 0 11
158836 0 22
160352 0 35
161806 0 12
163240 0 22
164735 0 24
166148 0 17
167602 0 14
169056 0 28
170510 0 5
171984 0 13
173377 0 13
174790 0 16
176224 0 20
177780 0 34
179173 0 11
180668 0 22
182101 0 36
183678 0 11
185173 0 14
186627 0 19
188163 0 23
189679 0 35
191174 0 3
192669 0 17
194102 0 20
195618 0 24
197154 0 19
198608 0 14
200123 0 18
201577 0 29
203031 0 7
204465 0 20
205919 0 21
207373 0 15
208786 0 23
210302 0 22
211776 0 31
213292 0 8
214725 0 15
216261 0 19
217756 0 19
219251 0 17
220685 0 21
222241 0 34
223634 0 12
225190 0 18
226665 0 19
228180 0 21
229716 0 19
231252 0 15
232768 0 32
234181 0 7
235594 0 13
237007 0 16
238379 0 20
239874 0 15
241328 0 35
242803 0 11
244339 0 16
245875 0 18
247390 0 13
248906 0 20
250503 0 32
251937 0 3
253391 0 13
254927 0 14
256360 0 32
257876 0 12
259330 0 14
260764 0 17
262197 0 22
263672 0 18
265167 0 35
266621 0 7
268136 0 16
269508 0 27
270942 0 10
272519 0 15
274055 0 36
275529 0 6
277065 0 13
278458 0 28
279891 0 5
281448 0 17
282984 0 22
284499 0 21
286035 0 29
287510 0 8
289046 0 16
290479 0 21
292036 0 14
293572 0 28
295046 0 1
296439 0 14
297873 0 14
299306 0 13
300781 0 19
302255 0 32
303750 0 9
305266 0 21
306679 0 14
308071 0 13
309485 0 14
311021 0 17
312454 0 34
313929 0 8
315424 0 16
316837 0 24
318229 0 23
319704 0 24
321117 0 25
322653 0 9
324066 0 20
325561 0 28
327097 0 11
328551 0 18
330046 0 24
331500 0 14
332954 0 20
334470 0 19
335903 0 14
337419 0 29
338893 0 5
340327 0 14
341822 0 19
343358 0 29
344771 0 12
346286 0 21
347822 0 32
349215 0 6
350690 0 22
352103 0 17
353557 0 21
355031 0 22
356506 0 16
357939 0 32
359332 0 6
360909 0 13
362404 0 15
363837 0 24
365251 0 13
366787 0 19
368241 0 31
369777 0 5
371231 0 17
372664 0 25
374221 0 9
375777 0 17
377252 0 28
378706 0 9
380262 0 13
381675 0 25
383129 0 2
384542 0 18
386017 0 18
387491 0 34
388905 0 11
390400 0 22
391977 0 20
393451 0 14
394926 0 21
396462 0 36
398038 0 12
399493 0 23
400926 0 30
402360 0 3
403855 0 21
405288 0 13
406722 0 35
408135 0 3
409589 0 18
411166 0 20
412640 0 28
414197 0 7
415712 0 18
417146 0 28
418702 0 9
420197 0 24
421631 0 23
423126 0 24
424560 0 17
425973 0 36
427509 0 4
428963 0 17
430458 0 25
431912 0 2
433427 0 22
435004 0 30
436479 0 9
438035 0 14
439510 0 14
441046 0 16
442438 0 33
443954 0 10
445510 0 17
446903 0 30
448336 0 10
449791 0 18
451224 0 15
452719 0 15
454173 0 22
455689 0 29
457204 0 12
458740 0 15
460174 0 18
461710 0 16
463164 0 20
464638 0 17
466092 0 26
467546 0 10
469000 0 13
470536 0 19
472093 0 13
473567 0 26
475042 0 9
476516 0 20
477950 0 19
479404 0 31
480920 0 5
482353 0 14
483746 0 24
485282 0 15
486674 0 20
488149 0 20
489644 0 31
491200 0 3
492613 0 19
494067 0 24
495562 0 15
497057 0 27
498532 0 8
500027 0 19
501563 0 19
503099 0 21
504614 0 17
506150 0 13
507666 0 19
509079 0 15
510574 0 30
512049 0 5
513564 0 18
514977 0 36
516411 0 5
517824 0 21
519298 0 25
520773 0 12
522206 0 18
523701 0 19
525176 0 23
526651 0 27
528207 0 2
529620 0 14
531013 0 17
532549 0 16
534064 0 18
535580 0 26
537013 0 7
538488 0 19
539983 0 19
541416 0 21
542993 0 22
544550 0 26
545942 0 2
547458 0 22
548953 0 17
550448 0 15
551861 0 22
553376 0 35
554769 0 3
556162 0 22
557739 0 21
559254 0 17
560667 0 36
562162 0 8
563678 0 16
565132 0 24
566606 0 33
568101 0 6
569596 0 20
571091 0 21
572648 0 16
574122 0 16
575535 0 24
576928 0 13
578464 0 30
579918 0 4
581290 0 19
582847 0 16
584280 0 19
585693 0 23
587229 0 17
588683 0 33
590137 0 3
591653 0 19
593086 0 24
594561 0 22
595995 0 20
597490 0 21
598944 0 22
600398 0 30
601872 0 7
603285 0 14
604698 0 16
606091 0 19
607668 0 24
609204 0 32
610597 0 12
611989 0 17
613423 0 34
614877 0 3
616290 0 24
617805 0 26
619198 0 10
620754 0 21
622311 0 23
623847 0 13
625260 0 15
626653 0 29
628168 0 12
629663 0 20
631240 0 15
632633 0 33
634128 0 2
635582 0 20
637097 0 23
638613 0 20
640149 0 18
641644 0 23
643118 0 14
644634 0 25
646108 0 10
647644 0 16
649078 0 14
650593 0 22
652109 0 32
653501 0 12
654955 0 22
656512 0 32
657925 0 6
659379 0 21
660874 0 24
662328 0 16
663782 0 16
665277 0 31
666711 0 12
668103 0 13
669639 0 32
671052 0 1
672527 0 18
673981 0 17
675476 0 22
676910 0 18
678405 0 14
679859 0 18
681395 0 27
682849 0 10
684262 0 21
685757 0 14
687170 0 25
688603 0 3
689996 0 16
691430 0 16
692822 0 36
694317 0 8
695874 0 21
697328 0 17
698843 0 16
700318 0 26
701813 0 1
703205 0 20
704660 0 23
706195 0 23
707629 0 13
709063 0 32
710558 0 5
712094 0 14
713548 0 15
714981 0 14
716394 0 16
717828 0 32
719364 0 8
720900 0 21
722374 0 20
723849 0 33
725282 0 9
726818 0 15
728375 0 15
729829 0 18
731242 0 23
732799 0 33
734294 0 10
735870 0 17
737284 0 25
738758 0 12
740274 0 15
741830 0 34
743305 0 5
744800 0 22
746233 0 13
747708 0 33
749182 0 5
750616 0 21
752111 0 15
753524 0 13
754978 0 27
756493 0 11
758050 0 21
759586 0 20
761081 0 18
762596 0 17
764071 0 34
765607 0 11
767000 0 21
768474 0 14
769928 0 13
771382 0 30
772898 0 4
774290 0 20
775826 0 20
777321 0 23
778837 0 22
780393 0 31
781970 0 8
783486 0 21
784940 0 13
786476 0 21
787950 0 24
789425 0 16
790899 0 13
792394 0 28
793951 0 10
795487 0 23
796879 0 35
798354 0 9
799828 0 24
801241 0 29
802757 0 6
804170 0 24
805583 0 28
806976 0 12
808471 0 18
809986 0 34
811502 0 12
812894 0 23
814410 0 13
815802 0 28
817359 0 6
818895 0 23
820390 0 21
821905 0 23
823339 0 29
824711 0 9
826288 0 24
827681 0 17
829135 0 15
830671 0 24
832227 0 26
833722 0 2
835156 0 16
836528 0 15
837941 0 33
839436 0 2
840829 0 23
842385 0 32
843860 0 10
845314 0 14
846747 0 18
848304 0 25
849799 0 5
851314 0 23
852748 0 20
854304 0 14
855717 0 33
857192 0 8
858646 0 16
860161 0 20
861636 0 14
863172 0 35
864667 0 9
866244 0 19
867718 0 30
869152 0 6
870667 0 17
872080 0 14
873576 0 14
874948 0 20
876463 0 26
877979 0 2
879494 0 17
880989 0 32
882423 0 11
883918 0 24
885372 0 24
886805 0 17
888218 0 15
889632 0 21
891168 0 35
892622 0 2
894158 0 18
895591 0 27
897066 0 10
898581 0 20
900097 0 19
901633 0 17
903025 0 19
904438 0 31
905933 0 9
907449 0 13
908985 0 21
910459 0 23
911872 0 22
913429 0 20
915006 0 26
916542 0 9
917996 0 24
919450 0 21
920924 0 30
922317 0 3
923833 0 24
925287 0 15
926782 0 23
928338 0 13
929813 0 21
931287 0 24
932823 0 24
1314160 0 101
1315573 0 101
1317089 0 101
1318625 0 101
1320038 0 101
1321431 0 101
1322926 0 101
1324318 0 101
1325772 0 101
1327247 0 101
1328721 0 102
1330155 0 102
1331589 0 103
1333165 0 101
1334640 0 102
1336094 0 102
1337487 0 102
1338941 0 102
1340436 0 102
1341890 0 102
1343364 0 103
1344798 0 101
1346354 0 102
1347890 0 102
1349283 0 102
1350819 0 103
1352293 0 101
1353707 0 102
1355202 0 102
1356656 0 102
1358110 0 102
1359564 0 102
1360997 0 102
1362533 0 103
1364090 0 101
1365605 0 102
1367018 0 102
1368431 0 102
1369844 0 103
1371360 0 101
1372896 0 102
1374411 0 102
1375865 0 102
1377340 0 102
1378876 0 102
1380330 0 102
1381743 0 103
1383279 0 101
1384795 0 102
1386290 0 102
1387703 0 102
1389157 0 103
1390590 0 101
1392003 0 102
1393396 0 102
1394789 0 102
1396181 0 102
1397594 0 103
1399110 0 101
1400605 0 102
1402059 0 102
1403513 0 103
1404967 0 101
1406442 0 102
1407875 0 102
1409411 0 102
1410824 0 102
1412299 0 102
1413753 0 102
1415227 0 103
1416722 0 101
1418197 0 102
1419610 0 102
1421166 0 103
1422723 0 101
1424279 0 102
1425815 0 103
1427269 0 101
1428805 0 102
1430341 0 103
1431877 0 101
1433290 0 102
1434765 0 102
1436260 0 102
1437775 0 102
1439270 0 102
1440806 0 103
1442260 0 101
1443755 0 102
1445271 0 103
1446684 0 101
1448159 0 102
1449674 0 102
1451149 0 102
1452541 0 102
1454077 0 103
1455531 0 101
1456944 0 102
1458419 0 102
1459811 0 103
1461347 0 101
1462740 0 102
1464153 0 103
1465669 0 101
1467225 0 102
1468618 0 103
1470031 0 101
1471505 0 102
1473021 0 103
1474454 0 101
1475847 0 102
1477363 0 103
1478898 0 101
1480434 0 102
1481848 0 102
1483384 0 102
1484919 0 102
1486394 0 102
1487869 0 102
1489405 0 103
1490838 0 101
1492313 0 102
1493808 0 103
1495323 0 101
1496777 0 102
1498211 0 102
1499747 0 103
1501160 0 101
1502593 0 102
1504129 0 102
1505686 0 102
1507078 0 102
1508471 0 103
1509946 0 101
1511379 0 102
1512854 0 102
1514287 0 102
1515680 0 102
1517134 0 102
1518690 0 102
1520103 0 103
1521578 0 101
1523114 0 102
1524609 0 102
1526125 0 102
1527640 0 103
1529074 0 101
1530589 0 102
1532023 0 102
1533477 0 103
1535013 0 101
1536446 0 102
1537941 0 103
1539498 0 101
1541034 0 102
1542426 0 102
1543962 0 102
1545498 0 102
1547014 0 103
1548509 0 101
1549963 0 102
1551417 0 102
1552912 0 102
1554345 0 102
1555881 0 103
1557458 0 101
1558871 0 102
1560264 0 103
1561718 0 101
1563111 0 102
1564544 0 102
1565937 0 102
1567452 0 102
1568988 0 102
1570381 0 103
1571876 0 101
1573269 0 102
1574743 0 102
1576197 0 102
1577713 0 102
1579208 0 102
1580641 0 103
1582177 0 101
1583570 0 102
1585085 0 102
1586519 0 102
1587973 0 102
1589407 0 102
1590820 0 102
1592294 0 103
1593748 0 101
1595182 0 102
1596656 0 102
1598192 0 102
1599585 0 102
1601121 0 102
1602575 0 102
1604049 0 102
1605565 0 103
1607121 0 101
1608596 0 102
1610132 0 102
1611627 0 102
1613122 0 102
1614596 0 103
1616173 0 101
1617689 0 102
1619204 0 102
1620597 0 102
1622133 0 102
1623648 0 102
1625123 0 103
1626598 0 101
1628052 0 102
1629567 0 103
1631083 0 101
1632516 0 102
1634052 0 103
1635568 0 101
1637042 0 102
1638476 0 102
1639950 0 102
1641466 0 102
1643002 0 102
1644394 0 103
1645930 0 101
1647323 0 102
1648818 0 103
1650252 0 101
1651787 0 102
1653242 0 102
1654634 0 102
1656027 0 102
1657419 0 102
1658914 0 102
1660430 0 103
1661904 0 101
1663358 0 102
1664874 0 102
1666348 0 103
1667762 0 101
1669257 0 102
1670649 0 103
1672144 0 101
1673537 0 102
1674991 0 103
1676465 0 101
1677899 0 102
1679292 0 102
1680766 0 102
1682282 0 102
1683736 0 102
1685149 0 103
1686582 0 101
1687995 0 102
1689511 0 102
1690904 0 102
1692358 0 102
1693853 0 103
1695348 0 101
1696761 0 102
1698153 0 102
1699607 0 102
1701123 0 102
1702536 0 103
1703970 0 101
1705362 0 102
1706775 0 102
1708250 0 102
1709745 0 102
1711240 0 102
1712776 0 103
1714230 0 101
1715643 0 102
1717056 0 103
1718469 0 101
1719944 0 102
1721418 0 102
1722811 0 102
1724285 0 102
1725780 0 102
1727234 0 102
1728627 0 103
1730122 0 101
1731535 0 102
1733071 0 102
1734587 0 103
1736061 0 101
1737577 0 102
1738990 0 102
1740403 0 103
1741816 0 101
1743311 0 102
1744745 0 102
1746240 0 102
1747755 0 102
1749271 0 102
1750786 0 103
1752301 0 101
1753756 0 102
1755169 0 103
1756664 0 101
1758159 0 102
1759695 0 102
1761190 0 102
1762726 0 102
1764159 0 102
1765634 0 102
1767026 0 103
1768562 0 101
1769975 0 102
1771511 0 102
1772924 0 102
1774460 0 102
1775955 0 102
1777430 0 102
1778945 0 102
1780461 0 103
1781976 0 101
1783471 0 102
1784987 0 102
1786502 0 102
1787895 0 102
1789390 0 103
1790885 0 101
1792442 0 102
1793937 0 102
1795350 0 102
1796906 0 102
1798360 0 102
1799917 0 103
1801432 0 101
1802886 0 102
1804361 0 102
1805815 0 102
1807228 0 102
1808702 0 103
1810218 0 101
1811713 0 102
1813249 0 102
1814723 0 102
1816157 0 102
1817652 0 103
1819065 0 101
1820458 0 102
1821912 0 102
1823366 0 103
1824840 0 101
1826315 0 102
1827728 0 102
1829162 0 102
1830616 0 102
1832152 0 102
1833585 0 102
1834998 0 103
1836411 0 101
1837824 0 102
1839238 0 103
1840733 0 101
1842146 0 102
1843579 0 102
1845033 0 102
1846446 0 103
1847941 0 101
1849354 0 102
1850829 0 102
1852344 0 102
1853901 0 102
1855355 0 102
1856748 0 102
1858243 0 103
1859799 0 101
1861192 0 102
1862687 0 103
1864223 0 101
1865677 0 102
1867090 0 102
1868605 0 102
1870080 0 102
1871513 0 102
1872927 0 102
1874340 0 103
1875753 0 101
1877145 0 102
1878579 0 103
1880053 0 101
1881589 0 102
1883002 0 102
1884436 0 102
1885911 0 103
1887467 0 101
1888860 0 102
1890355 0 102
1891747 0 102
1893160 0 102
1894676 0 102
1896171 0 103
1897584 0 101
1899018 0 102
1900492 0 103
1901967 0 101
1903462 0 102
1904875 0 102
1906370 0 103
1907844 0 101
1909339 0 102
1910875 0 102
1912391 0 103
1913927 0 101
1915401 0 102
1916814 0 103
1918391 0 101
1919784 0 102
1921176 0 102
1922590 0 102
1924085 0 102
1925477 0 102
1926870 0 103
1928303 0 101
1929737 0 102
1931150 0 102
1932604 0 102
1933997 0 103
1935410 0 101
1936946 0 102
1938420 0 103
1939854 0 101
1941287 0 102
1942701 0 102
1944237 0 102
1945629 0 102
1947083 0 103
1948619 0 101
1950114 0 102
1951568 0 103
1952981 0 101
1954517 0 102
1956033 0 102
1957589 0 102
1959125 0 102
1960620 0 103
1962156 0 101
1963651 0 102
1965126 0 103
1966641 0 101
1968034 0 102
1969529 0 103
1970983 0 101
1972519 0 102
1973973 0 103
1975529 0 101
1976922 0 102
1978356 0 102
1979748 0 102
1981264 0 103
1982738 0 101
1984233 0 102
1985626 0 103
1987162 0 101
1988575 0 102
1990049 0 103
1991483 0 101
1992999 0 102
1994535 0 103
1996070 0 101
1997525 0 102
1999061 0 103
2000617 0 101
2002010 0 102
2003484 0 102
2004918 0 103
2006433 0 101
2007949 0 102
2009423 0 102
2010857 0 102
2012331 0 103
2013888 0 101
2015383 0 102
2016775 0 103
2018209 0 101
2019765 0 102
2021199 0 102
2022714 0 102
2024210 0 103
2025745 0 101
2027302 0 102
2028797 0 103
2030271 0 101
2031746 0 102
2033282 0 103
2034777 0 101
2036170 0 102
2037706 0 102
2039139 0 102
2040614 0 102
2042150 0 102
2043563 0 103
2045078 0 101
2046573 0 102
2048007 0 102
2049461 0 102
2050853 0 102
2052349 0 103
2053864 0 101
2055298 0 102
2056793 0 102
2058247 0 102
2059701 0 102
2061196 0 103
2062732 0 101
2064247 0 102
2065701 0 102
2067135 0 102
2068691 0 102
2070227 0 102
2071661 0 103
2073094 0 101
2074610 0 102
2076105 0 102
2077641 0 102
2079095 0 102
2080610 0 103
2082023 0 101
2083559 0 102
2084973 0 103
2086488 0 101
2087963 0 102
2089437 0 103
2090953 0 101
2092468 0 102
2094025 0 102
2095417 0 103
2096933 0 101
2098325 0 102
2099738 0 103
2101151 0 101
2102626 0 102
2104121 0 102
2105555 0 102
2106968 0 102
2108422 0 103
2109917 0 101
2111432 0 102
2112886 0 103
2114340 0 101
2115856 0 102
2117310 0 102
2118805 0 102
2120218 0 102
2121693 0 102
2123229 0 102
2124662 0 103
2126137 0 101
2127693 0 102
2129188 0 103
2130642 0 101
2132117 0 102
2133509 0 103
2134963 0 101
2136479 0 102
2137912 0 102
2139366 0 102
2140841 0 102
2142377 0 102
2143851 0 103
2145367 0 101
2146821 0 102
2148357 0 103
2149832 0 101
2151265 0 102
2152781 0 102
2154296 0 103
2155853 0 101
2157348 0 102
2158884 0 102
2160399 0 102
2161812 0 102
2163266 0 103
2164741 0 101
2166174 0 102
2167587 0 102
2169082 0 102
2170557 0 102
2172031 0 102
2173445 0 103
2174858 0 101
2176291 0 102
2177827 0 102
2179220 0 102
2180694 0 103
2182189 0 101
2183664 0 102
2185077 0 102
2186613 0 103
2188128 0 101
2189542 0 102
2190975 0 103
2192511 0 101
2193945 0 102
2195399 0 102
2196894 0 102
2198307 0 102
2199720 0 103
2201235 0 101
2202649 0 102
2204184 0 103
2205700 0 101
2207195 0 102
2208629 0 102
2210124 0 102
2326925 0 43
2328338 0 48
2329792 0 46
2331267 0 48
2332803 0 46
2334277 0 42
2335813 0 45
2337370 0 42
2338824 0 40
2340278 0 43
2341712 0 54
2343247 0 54
2344763 0 60
2346238 0 51
2347651 0 66
2349105 0 39
2350559 0 60
2352013 0 70
2353405 0 40
2354880 0 55
2356395 0 51
2357809 0 61
2359324 0 39
2360778 0 53
2362232 0 71
2363789 0 41
2365284 0 56
2366758 0 57
2368335 0 54
2369769 0 59
2371243 0 63
2372656 0 43
2374172 0 54
2375687 0 68
2377223 0 43
2378780 0 60
2380254 0 54
2381708 0 49
2383101 0 62
2384657 0 45
2386091 0 59
2387524 0 52
2388938 0 50
2390371 0 60
2391846 0 52
2393341 0 57
2394918 0 72
2396392 0 38
2397949 0 50
2399362 0 58
2400918 0 57
2402352 0 58
2403847 0 59
2405280 0 67
2406693 0 37
2408250 0 60
2409786 0 49
2411240 0 59
2412653 0 71
2414066 0 37
2415561 0 50
2417036 0 56
2418592 0 61
2420128 0 43
2421562 0 54
2422954 0 56
2424429 0 59
2425985 0 54
2427419 0 58
2428893 0 50
2430306 0 49
2431822 0 70
2433317 0 40
2434791 0 52
2436307 0 56
2437761 0 51
2439215 0 51
2440628 0 63
2442185 0 42
2443741 0 59
2445257 0 55
2446792 0 56
2448247 0 52
2449783 0 59
2451339 0 62
2452854 0 43
2454370 0 53
2455926 0 66
2457442 0 39
2458875 0 50
2460411 0 49
2461825 0 61
2463238 0 40
2464712 0 53
2466187 0 60
2467702 0 54
2469177 0 65
2470733 0 38
2472269 0 53
2473682 0 51
2475177 0 62
2476590 0 46
2478106 0 54
2479601 0 58
2481096 0 58
2482529 0 64
2483943 0 41
2485479 0 54
2487014 0 57
2488469 0 60
2490025 0 71
2491540 0 41
2493035 0 60
2494428 0 58
2496005 0 58
2497521 0 71
2498954 0 37
2500511 0 49
2501924 0 50
2503439 0 52
2504955 0 56
2506388 0 49
2507822 0 60
2509255 0 70
2510771 0 46
2512307 0 57
2513822 0 49
2515358 0 51
2516812 0 55
2518225 0 50
2519700 0 61
2521256 0 47
2522731 0 54
2524205 0 56
2525660 0 52
2527196 0 51
2528711 0 56
2530145 0 68
2531701 0 47
2533257 0 57
2534732 0 56
2536207 0 59
2537722 0 55
2539258 0 61
2540774 0 43
2542289 0 51
2543723 0 67
2545156 0 38
2546610 0 54
2548044 0 52
2549477 0 58
2550931 0 62
2552344 0 45
2553860 0 58
2555375 0 61
2556850 0 41
2558243 0 53
2559676 0 63
2561212 0 43
2562666 0 59
2564202 0 67
2565738 0 46
2567254 0 53
2568667 0 62
2570059 0 39
2571554 0 56
2573070 0 59
2574544 0 49
2575978 0 49
2577514 0 70
2578886 0 37
2580279 0 56
2581815 0 58
2583371 0 53
2584846 0 51
2586320 0 53
2587836 0 66
2589269 0 47
2590785 0 59
2592321 0 49
2593754 0 53
2595229 0 71
2596724 0 44
2598280 0 49
2599775 0 62
2601229 0 37
2602683 0 57
2604260 0 53
2605714 0 56
2607127 0 67
2608643 0 37
2610118 0 56
2611654 0 51
2613087 0 52
2614500 0 66
2616036 0 42
2617552 0 55
2619067 0 50
2620624 0 60
2622037 0 59
2623593 0 57
2625088 0 61
2626624 0 48
2628119 0 59
2629553 0 62
2631068 0 38
2632604 0 55
2634140 0 55
2635656 0 59
2637089 0 54
2638543 0 52
2639956 0 59
2641390 0 68
2642885 0 44
2644339 0 56
2645814 0 59
2647268 0 51
2648804 0 51
2650319 0 66
2651814 0 45
2653350 0 59
2654743 0 69
2656299 0 46
2657815 0 57
2659248 0 55
2660661 0 64
2662156 0 37
2663610 0 49
2665044 0 57
2666539 0 51
2668075 0 58
2669508 0 58
2671085 0 51
2672642 0 72
2674096 0 45
2675529 0 57
2677045 0 70
2678417 0 38
2679912 0 51
2681305 0 56
2682861 0 60
2684377 0 57
2685851 0 63
2687346 0 47
2688821 0 49
2690295 0 54
2691790 0 55
2693244 0 55
2694739 0 66
2696234 0 46
2697791 0 60
2699286 0 55
2700801 0 54
2702296 0 59
2703832 0 70
2705245 0 42
2706720 0 60
2708194 0 49
2709730 0 66
2711246 0 45
2712802 0 58
2714297 0 52
2715772 0 52
2717246 0 49
2718700 0 54
2720257 0 51
2721670 0 64
2723104 0 46
2724640 0 57
2726217 0 54
2727691 0 62
2729166 0 41
2730681 0 52
2732094 0 59
2733569 0 59
2735002 0 51
2736559 0 63
2738033 0 44
2739467 0 51
2740962 0 53
2742395 0 54
2743911 0 58
2745426 0 59
2746962 0 67
2748437 0 42
2749850 0 52
2751345 0 65
2752799 0 38
2754192 0 53
2755687 0 55
2757141 0 58
2758656 0 71
2760151 0 44
2761605 0 51
2763141 0 53
2764554 0 50
2766049 0 52
2767503 0 51
2768917 0 57
2770412 0 68
2771948 0 41
2773443 0 53
2774856 0 53
2776392 0 50
2777907 0 61
2779361 0 40
2780877 0 53
2782331 0 58
2783744 0 56
2785239 0 53
2786631 0 68
2788147 0 45
2789621 0 51
2791014 0 67
2792468 0 48
2793902 0 58
2795438 0 49
2796974 0 58
2798551 0 51
2799964 0 49
2801377 0 70
2802810 0 39
2804346 0 50
2805821 0 53
2807357 0 72
2808811 0 48
2810244 0 55
2811739 0 49
2813275 0 60
2814750 0 50
2816306 0 54
2817760 0 59
2819174 0 65
2820689 0 41
2822082 0 59
2823638 0 49
2825174 0 54
2826669 0 55
2828103 0 65
2829557 0 39
2831052 0 52
2832465 0 49
2833980 0 60
2835496 0 50
2836991 0 59
2838486 0 72
2839899 0 47
2841353 0 56
2842828 0 52
2844343 0 50
2845879 0 65
2847354 0 47
2848910 0 53
2850466 0 57
2851982 0 55
2853395 0 58
2854870 0 51
2856385 0 49
2857798 0 64
2859252 0 48
2860645 0 60
2862078 0 65
2863512 0 43
2864986 0 50
2866481 0 52
2867977 0 65
2869410 0 48
2870885 0 60
2872441 0 51
2873977 0 56
2875431 0 62
2876988 0 41
2878421 0 55
2879957 0 66
2881473 0 40
2882988 0 55
2884565 0 70
2885958 0 37
2887350 0 51
2888886 0 62
2890320 0 46
2891897 0 53
2893392 0 54
2894866 0 59
2896300 0 64
2897754 0 42
2899167 0 50
2900642 0 53
2902157 0 60
2903693 0 60
2905188 0 58
2906622 0 54
2908178 0 53
2909694 0 70
2911066 0 45
2912540 0 59
2914056 0 56
2915530 0 54
2916964 0 72
2918479 0 47
2919913 0 53
2921408 0 56
2922944 0 56
2924357 0 64
2925831 0 47
2927265 0 60
2928740 0 60
2930173 0 50
2931709 0 59
2933102 0 53
2934535 0 55
2935969 0 63
2937464 0 39
2939020 0 60
2940474 0 65
2941908 0 46
2943423 0 58
2944878 0 53
2946332 0 68
2947724 0 39
2949260 0 57
2950776 0 56
2952230 0 58
2953745 0 69
2955261 0 40
2956776 0 60
2958230 0 62
2959664 0 45
2961241 0 49
2962633 0 53
2964190 0 66
2965726 0 37
2967221 0 49
2968695 0 67
2970170 0 46
2971706 0 54
2973119 0 58
2974655 0 54
2976211 0 64
2977686 0 42
2979078 0 55
2980635 0 59
2982069 0 57
2983543 0 54
2984936 0 53
2986349 0 61
2987844 0 39
2989257 0 60
2990711 0 72
2992185 0 37
2993660 0 58
2995155 0 57
2996670 0 52
2998206 0 58
2999640 0 51
3001176 0 56
3002712 0 67
3004187 0 39
3005641 0 55
3007197 0 62
3008651 0 42
3010064 0 49
3011559 0 55
3012972 0 57
3014426 0 52
3015901 0 67
3017416 0 45
3018993 0 49
3020468 0 67
3021922 0 38
3023437 0 59
3024850 0 63
3026345 0 43
3027840 0 56
3029315 0 69
3030871 0 41
3032387 0 55
3033902 0 54
3035418 0 49
3036933 0 59
3038367 0 64
3039821 0 38
3041316 0 49
3042750 0 59
3044163 0 49
3045658 0 58
3047194 0 51
3048586 0 62
3050020 0 39
3051433 0 54
3052887 0 63
3054341 0 43
3055898 0 55
3057372 0 57
3058847 0 61
3060260 0 46
3061734 0 53
3063168 0 57
3064642 0 52
3066055 0 53
3067591 0 64
3069025 0 43
3070438 0 55
3071995 0 62
3073408 0 47
3074903 0 59
3076439 0 55
3077934 0 50
3079388 0 60
3080801 0 59
3082214 0 64
3083709 0 38
3085204 0 56
3086658 0 56
3088133 0 51
3089668 0 72
3091082 0 37
3092597 0 56
3094153 0 55
3095587 0 59
3097103 0 55
3098679 0 60
3100134 0 51
3101608 0 59
3103103 0 67
3104537 0 37
3106011 0 52
3107465 0 58
3108878 0 49
3110373 0 68
3111889 0 39
3113302 0 57
3114776 0 61
3116312 0 38
3117726 0 54
3119180 0 65
3120613 0 37
3122088 0 54
3123501 0 51
3124996 0 60
3126450 0 53
3127986 0 67
3129440 0 40
3130873 0 50
3132348 0 54
3133802 0 51
3135318 0 71
3136854 0 37
3138349 0 55
3139823 0 65
3141359 0 46
3142834 0 58
3144267 0 65
3145824 0 46
3147257 0 51
3148711 0 67
3150145 0 40
3151558 0 57
3153053 0 54
3154568 0 52
3155981 0 56
3157517 0 50
3159012 0 49
3160446 0 63
3161900 0 41
3163416 0 57
3164911 0 68
3166344 0 42
3167839 0 54
3169375 0 51
3170911 0 71
3172406 0 41
3173942 0 57
3175458 0 70
3176953 0 46
3178468 0 51
3179984 0 71
3181479 0 37
3182974 0 53
3184387 0 66
3185882 0 41
3187356 0 60
3188872 0 50
3190346 0 50
3191759 0 58
3193193 0 62
3194606 0 40
3196163 0 51
3197678 0 60
3199214 0 70
3200668 0 40
3202204 0 49
3203699 0 51
3205215 0 53
3206750 0 57
3208164 0 52
3209700 0 57
3211215 0 61
3212731 0 39
3214287 0 52
3215843 0 55
3217298 0 56
3218793 0 53
3220226 0 50
3221783 0 68
3223237 0 46
3224711 0 57
3226186 0 61
3227742 0 42
3229135 0 49
3246058 0 104
3247512 0 104
3248905 0 104
3250359 0 104
3251854 0 104
3253370 0 104
3254803 0 104
3256196 0 104
3257650 0 104
3259042 0 104
3260497 0 105
3261971 0 105
3263466 0 105
3265002 0 105
3266497 0 105
3268053 0 106
3269508 0 104
3270962 0 105
3272457 0 105
3273972 0 106
3275385 0 104
3276860 0 105
3278396 0 106
3279952 0 104
3281345 0 105
3282778 0 106
3284191 0 104
3285707 0 105
3287141 0 105
3288595 0 105
3290069 0 106
3291605 0 104
3293100 0 105
3294554 0 106
3296070 0 104
3297503 0 105
3298896 0 105
3300370 0 105
3301804 0 105
3303299 0 106
3304835 0 104
3306248 0 105
3307661 0 106
3309197 0 104
3310713 0 105
3312105 0 106
3313498 0 104
3314931 0 105
3316385 0 105
3317839 0 105
3319396 0 105
3320891 0 106
3322386 0 104
3323840 0 105
3325274 0 105
3326728 0 106
3328264 0 104
3329697 0 105
3331233 0 105
3332749 0 106
3334203 0 104
3335759 0 105
3337193 0 106
3338667 0 104
3340142 0 105
3341616 0 106
3343029 0 104
3344443 0 105
3345897 0 105
3347371 0 105
3348846 0 105
3350300 0 105
3351815 0 105
3353331 0 105
3354785 0 106
3356259 0 104
3357816 0 105
3359352 0 105
3360765 0 106
3362178 0 104
3363570 0 105
3365065 0 105
3366499 0 106
3367912 0 104
3369448 0 105
3370923 0 106
3372336 0 104
3373831 0 105
3375264 0 106
3376739 0 104
3378295 0 105
3379688 0 106
3381142 0 104
3382576 0 105
3384050 0 105
3385463 0 105
3386938 0 106
3388392 0 104
3389846 0 105
3391300 0 105
3392815 0 105
3394249 0 105
3395662 0 106
3397096 0 104
3398529 0 105
3400045 0 105
3401519 0 105
3403055 0 105
3404530 0 105
3405963 0 105
3407397 0 105
3408892 0 106
3410407 0 104
3411820 0 105
3413254 0 106
3414811 0 104
3416244 0 105
3417698 0 105
3419173 0 105
3420627 0 106
3422060 0 104
3423453 0 105
3424907 0 105
3426443 0 105
3427999 0 105
3429515 0 105
3430928 0 105
3432321 0 106
3433836 0 104
3435229 0 105
3436703 0 106
3438178 0 104
3439714 0 105
3441229 0 105
3442765 0 105
3444199 0 105
3445653 0 105
3447189 0 105
3448663 0 105
3450138 0 106
3451551 0 104
3453005 0 105
3454439 0 105
3455995 0 105
3457511 0 105
3458985 0 105
3460378 0 106
3461893 0 104
3463388 0 105
3464822 0 105
3466214 0 105
3467730 0 105
3469143 0 106
3470658 0 104
3472092 0 105
3473485 0 105
3474898 0 105
3476311 0 106
3477847 0 104
3479301 0 105
3480755 0 106
3482291 0 104
3483745 0 105
3485240 0 105
3486633 0 105
3488189 0 105
3489725 0 106
3491159 0 104
3492572 0 105
3494026 0 105
3495418 0 105
3496954 0 105
3498449 0 106
3499903 0 104
3501337 0 105
3502791 0 106
3504286 0 104
3505822 0 105
3507276 0 105
3508710 0 105
3510246 0 105
3511761 0 106
3513277 0 104
3514710 0 105
3516267 0 106
3517659 0 104
3519072 0 105
3520608 0 105
3522062 0 105
3523619 0 105
3525134 0 105
3526650 0 105
3528124 0 106
3529619 0 104
3531053 0 105
3532609 0 106
3534063 0 104
3535558 0 105
3537053 0 105
3538466 0 106
3539982 0 104
3541416 0 105
3542829 0 105
3544303 0 105
3545716 0 105
3547252 0 105
3548788 0 105
3550345 0 106
3551860 0 104
3553253 0 105
3554789 0 105
3556202 0 106
3557656 0 104
3559212 0 105
3560728 0 105
3562284 0 105
3563779 0 106
3565295 0 104
3566810 0 105
3568244 0 105
3569780 0 105
3571172 0 105
3572729 0 105
3574204 0 105
3575658 0 106
3577173 0 104
3578688 0 105
3580183 0 105
3581719 0 106
3583255 0 104
3584689 0 105
3586225 0 105
3587700 0 106
3589235 0 104
3590669 0 105
3592082 0 105
3593557 0 105
3595052 0 105
3596465 0 106
3597919 0 104
3599352 0 105
3600766 0 106
3602261 0 104
3603797 0 105
3605312 0 105
3606787 0 105
3608282 0 105
3609674 0 105
3611169 0 106
3612685 0 104
3614139 0 105
3615634 0 105
3617108 0 105
3618583 0 105
3619996 0 106
3621450 0 104
3622904 0 105
3624419 0 105
3625894 0 105
3627430 0 105
3628823 0 105
3630318 0 105
3631751 0 106
3633308 0 104
3634741 0 105
3636257 0 105
3637670 0 106
3639103 0 104
3640516 0 105
3642052 0 106
3643466 0 104
3644940 0 105
3646456 0 105
3647889 0 105
3649364 0 105
3650920 0 105
3652456 0 105
3653972 0 105
3655528 0 106
3657085 0 104
3658477 0 105
3660013 0 105
3661549 0 105
3663085 0 106
3664560 0 104
3666055 0 105
3667447 0 105
3668922 0 105
3670314 0 105
3671748 0 106
3673304 0 104
3674861 0 105
3676397 0 106
3677851 0 104
3679387 0 105
3680861 0 106
3682356 0 104
3683892 0 105
3685305 0 105
3686780 0 105
3688336 0 105
3689831 0 105
3691224 0 105
3692719 0 106
3694235 0 104
3695689 0 105
3697225 0 106
3698720 0 104
3700256 0 105
3701669 0 105
3703102 0 105
3704577 0 105
3706031 0 106
3707464 0 104
3708877 0 105
3710332 0 105
3711806 0 105
3713260 0 106
3714776 0 104
3716271 0 105
3717663 0 105
3719179 0 106
3720715 0 104
3722148 0 105
3723602 0 105
3725036 0 105
3726429 0 105
3727821 0 105
3729214 0 105
3730770 0 106
3732306 0 104
3733822 0 105
3735358 0 105
3736873 0 105
3738327 0 106
3739802 0 104
3741235 0 105
3742710 0 105
3744246 0 106
3745802 0 104
3747195 0 105
3748649 0 106
3750144 0 104
3751598 0 105
3753093 0 105
3754629 0 105
3756083 0 105
3757578 0 105
3759073 0 105
3760507 0 106
3762043 0 104
3763476 0 105
3764971 0 105
3766466 0 105
3767859 0 105
3769333 0 105
3770828 0 106
3772282 0 104
3773777 0 105
3775211 0 105
3776665 0 106
3778078 0 104
3779491 0 105
3781048 0 106
3782502 0 104
3784038 0 105
3785533 0 106
3787048 0 104
3788564 0 105
3790059 0 105
3791554 0 106
3793069 0 104
3794605 0 105
3796121 0 105
3797616 0 105
3799090 0 105
3800585 0 105
3802019 0 106
3803555 0 104
3804968 0 105
3806504 0 106
3807917 0 104
3809310 0 105
3810702 0 105
3812238 0 106
3813692 0 104
3815167 0 105
3816682 0 106
3818177 0 104
3819672 0 105
3821065 0 105
3822539 0 106
3824034 0 104
3825509 0 105
3826943 0 105
3828397 0 105
3829912 0 105
3831366 0 105
3832759 0 105
3834274 0 106
3835687 0 104
3837080 0 105
3838514 0 105
3839968 0 106
3841401 0 104
3842917 0 105
3844330 0 105
3845886 0 105
3847422 0 106
3848917 0 104
3850412 0 105
3851907 0 106
3853382 0 104
3854836 0 105
3856392 0 105
3857949 0 105
3859444 0 106
3860898 0 104
3862311 0 105
3863867 0 105
3865342 0 105
3866878 0 105
3868434 0 106
3869827 0 104
3871260 0 105
3872694 0 105
3874148 0 105
3875664 0 105
3877056 0 105
3878572 0 106
3880046 0 104
3881541 0 105
3883036 0 105
3884470 0 105
3885944 0 105
3887501 0 105
3889016 0 106
3890429 0 104
3891842 0 105
3893256 0 106
3894771 0 104
3896327 0 105
3897843 0 105
3899236 0 106
3900751 0 104
3902185 0 105
3903639 0 105
3905195 0 105
3906690 0 106
3908226 0 104
3909660 0 105
3911114 0 106
3912547 0 104
3913960 0 105
3915476 0 105
3916910 0 105
3918364 0 106
3919859 0 104
3921374 0 105
3922828 0 105
3924385 0 105
3925941 0 105
3927375 0 105
3928829 0 105
3930221 0 106
3931778 0 104
3933273 0 105
3934747 0 106
3936304 0 104
3937737 0 105
3939171 0 106
3940686 0 104
3942202 0 105
3943717 0 106
3945253 0 104
3946789 0 105
3948223 0 105
3949677 0 105
3951192 0 106
3952646 0 104
3954182 0 105
3955637 0 105
3957050 0 106
3958463 0 104
3959896 0 105
3961412 0 106
3962948 0 104
3964463 0 105
3965958 0 105
3967392 0 105
3968784 0 105
3970259 0 105
3971815 0 105
3973331 0 106
3974764 0 104
3976157 0 105
3977652 0 105
3979168 0 105
3980704 0 105
3982158 0 106
3983571 0 104
3985045 0 105
3986581 0 105
3988117 0 105
3989674 0 105
3991087 0 105
3992561 0 106
3993995 0 104
3995469 0 105
3996862 0 105
3998275 0 105
3999750 0 105
4001224 0 105
4002617 0 105
4004132 0 106
4005648 0 104
4007122 0 105
4008638 0 106
4010030 0 104
4011587 0 105
4013061 0 106
4014495 0 104
4016051 0 105
4017464 0 105
4018919 0 106
4020373 0 104
4021786 0 105
4023281 0 106
4024694 0 104
4026189 0 105
4027704 0 105
4029117 0 105
4030571 0 105
4032046 0 105
4033582 0 105
4034995 0 105
4036511 0 106
4038026 0 104
4039439 0 105
4040914 0 105
4042429 0 105
4043822 0 105
4045276 0 105
4046791 0 105
4048184 0 105
4049577 0 106
4051092 0 104
4052628 0 105
4054143 0 105
4055700 0 105
4057236 0 105
4058792 0 106
4060267 0 104
4061741 0 105
4063155 0 106
4064609 0 104
4066145 0 105
4067578 0 105
4069012 0 105
4070466 0 105
4071981 0 105
4073517 0 106
4074971 0 104
4076425 0 105
4077838 0 105
4079272 0 105
4080685 0 105
4082119 0 105
4083552 0 105
4085068 0 106
4086563 0 104
4088017 0 105
4089532 0 105
4091007 0 105
4092502 0 106
4093956 0 104
4095410 0 105
4096803 0 105
4098277 0 105
4099834 0 105
4101267 0 106
4102742 0 104
4104196 0 105
4105609 0 105
4107104 0 105
4108599 0 106
4110114 0 104
4111568 0 105
4113002 0 106
4114558 0 104
4116115 0 105
4117528 0 106
4119064 0 104
4120497 0 105
4121952 0 106
4123385 0 104
4124921 0 105
4126396 0 105
4127932 0 105
4129386 0 106
4130860 0 104
4132314 0 105
4133830 0 106
4135243 0 104
4136758 0 105
4138253 0 105
4139707 0 105
4141243 0 105
4142656 0 105
4144131 0 105
