22575 0 2
24090 0 2
25606 0 10
27060 0 8
28555 0 5
30070 0 12
31565 0 5
33019 0 4
34412 0 6
35886 0 6
37300 0 14
38795 0 13
40228 0 32
41744 0 4
43136 0 20
44590 0 33
46085 0 5
47498 0 21
49034 0 23
50447 0 19
51942 0 21
53376 0 22
54912 0 20
56346 0 32
57800 0 12
59254 0 22
60769 0 13
62305 0 13
63759 0 18
65275 0 15
66790 0 13
68224 0 26
69657 0 5
71152 0 24
72586 0 21
73999 0 36
75494 0 1
77030 0 20
78586 0 19
80102 0 31
81536 0 2
82969 0 19
84526 0 20
85959 0 29
87495 0 1
88990 0 24
90526 0 27
91980 0 2
93496 0 22
94950 0 19
96486 0 19
98001 0 23
99435 0 35
100889 0 6
102404 0 13
103940 0 16
105333 0 14
106848 0 13
108343 0 18
109756 0 27
111251 0 9
112828 0 21
114385 0 29
115880 0 6
117354 0 24
118849 0 24
120263 0 35
121758 0 5
123212 0 23
124666 0 19
126202 0 21
127635 0 16
129028 0 25
130543 0 4
132059 0 22
133574 0 21
135069 0 34
136605 0 8
138182 0 21
139739 0 16
141111 0 16
142647 0 23
144039 0 21
145473 0 34
146907 0 2
148443 0 20
149978 0 19
151453 0 24
152866 0 23
154300 0 20
155795 0 25
157351 0 12
158785 0 19
160280 0 23
161836 0 24
163352 0 23
164908 0 17
166362 0 20
167939 0 18
169414 0 26
170806 0 11
172342 0 23
173796 0 14
175189 0 25
176704 0 7
178138 0 17
179531 0 34
180944 0 10
182418 0 24
183811 0 21
185326 0 16
186739 0 15
188153 0 13
189688 0 24
191204 0 31
192719 0 11
194235 0 13
195689 0 19
197225 0 24
198618 0 35
200031 0 7
201526 0 22
203021 0 16
204475 0 15
206011 0 16
207403 0 35
208796 0 11
210352 0 13
211745 0 24
213240 0 15
214633 0 25
216046 0 4
217459 0 23
218954 0 29
220408 0 5
221862 0 15
223275 0 19
224852 0 24
226286 0 23
227822 0 20
229337 0 25
230750 0 6
232245 0 14
233781 0 29
235235 0 1
236792 0 17
238307 0 20
239782 0 13
241297 0 28
242751 0 8
244246 0 14
245721 0 18
247175 0 30
248649 0 3
250103 0 23
251619 0 23
253175 0 14
254588 0 31
256104 0 8
257701 0 19
259176 0 15
260630 0 23
262063 0 21
263518 0 26
264972 0 11
266385 0 22
267921 0 23
269354 0 24
270829 0 13
272324 0 29
273778 0 6
275314 0 22
276850 0 26
278345 0 2
279758 0 13
281191 0 17
282605 0 18
284141 0 27
285676 0 9
287192 0 20
288687 0 36
290223 0 11
291657 0 19
293111 0 26
294626 0 2
296019 0 16
297555 0 16
299029 0 14
300545 0 22
301999 0 29
303453 0 11
304866 0 17
306361 0 20
307835 0 32
309330 0 11
310744 0 14
312177 0 35
313652 0 5
315188 0 20
316621 0 15
318178 0 29
319591 0 2
321086 0 20
322519 0 17
323973 0 21
325427 0 16
326943 0 24
328479 0 16
329913 0 33
331469 0 6
333046 0 23
334459 0 24
336015 0 24
337572 0 21
339046 0 17
340439 0 27
341955 0 7
343470 0 15
344986 0 20
346521 0 22
348078 0 14
349471 0 29
350884 0 11
352358 0 18
353915 0 19
355430 0 17
356864 0 16
358359 0 16
359813 0 17
361246 0 36
362680 0 5
364216 0 14
365629 0 16
367124 0 19
368619 0 18
370155 0 15
371650 0 34
373145 0 7
374558 0 21
376094 0 16
377569 0 17
379002 0 32
380456 0 2
381951 0 21
383508 0 13
384900 0 21
386313 0 22
387849 0 24
389262 0 34
390717 0 6
392171 0 23
393686 0 21
395099 0 23
396656 0 14
398171 0 35
399625 0 1
401120 0 22
402554 0 33
404008 0 6
405441 0 16
406916 0 19
408349 0 23
409763 0 20
411196 0 36
412712 0 2
414145 0 13
415579 0 20
417053 0 28
418610 0 11
420043 0 13
421538 0 18
423074 0 16
424467 0 35
425982 0 9
427416 0 17
428891 0 17
430304 0 34
431717 0 3
433273 0 23
434830 0 24
436263 0 20
437799 0 14
439192 0 15
440687 0 14
442161 0 25
443718 0 9
445172 0 14
446626 0 14
448162 0 14
449555 0 18
451090 0 34
452483 0 8
453999 0 17
455473 0 20
456989 0 23
458525 0 32
460020 0 8
461535 0 19
463092 0 35
464566 0 2
466020 0 24
467515 0 17
468969 0 34
470362 0 9
471836 0 18
473270 0 16
474683 0 19
476198 0 20
477796 0 13
479189 0 26
480725 0 5
482260 0 20
483796 0 13
485353 0 23
486766 0 21
488241 0 14
489695 0 22
491149 0 32
492644 0 3
494118 0 18
495593 0 26
497108 0 11
498624 0 20
500139 0 21
501675 0 18
503150 0 24
504604 0 13
506037 0 35
507450 0 6
509027 0 23
510522 0 18
511976 0 30
513430 0 6
514946 0 14
516420 0 20
517875 0 20
519308 0 18
520844 0 20
522319 0 30
523670 0 11
525165 0 20
526619 0 22
528094 0 18
529650 0 18
531186 0 13
532681 0 24
534217 0 22
535774 0 30
537187 0 5
538620 0 17
540156 0 29
541631 0 7
543044 0 21
544621 0 34
546116 0 3
547570 0 22
549086 0 31
550519 0 1
552035 0 14
553550 0 13
554943 0 21
556417 0 34
557933 0 12
559489 0 19
561066 0 14
562602 0 20
564118 0 16
565633 0 31
567067 0 3
568623 0 22
570139 0 34
571634 0 2
573067 0 16
574460 0 20
575975 0 31
577470 0 10
578945 0 14
580358 0 15
581832 0 16
583307 0 20
584884 0 20
586358 0 25
587915 0 6
589369 0 24
590782 0 22
592338 0 24
593793 0 23
595206 0 14
596721 0 19
598237 0 30
599711 0 12
601124 0 24
602619 0 31
604073 0 1
605527 0 19
606981 0 20
608517 0 18
610012 0 20
611528 0 24
613064 0 34
614497 0 7
615911 0 17
617406 0 18
618880 0 25
620314 0 8
621788 0 13
623263 0 13
624655 0 16
626089 0 27
627625 0 4
628997 0 21
630533 0 34
631946 0 8
633462 0 20
634977 0 18
636452 0 14
637926 0 17
639442 0 18
640896 0 27
642288 0 7
643804 0 24
645196 0 30
646589 0 6
648145 0 19
649600 0 17
651095 0 17
652631 0 33
654126 0 4
655518 0 18
657075 0 22
658652 0 14
660085 0 20
661580 0 32
663116 0 1
664529 0 22
666106 0 13
667581 0 17
668973 0 16
670345 0 14
671840 0 13
673315 0 27
674749 0 10
676325 0 22
677841 0 24
679336 0 15
680872 0 20
682428 0 17
683964 0 34
685480 0 3
686893 0 16
688347 0 21
689781 0 32
691214 0 9
692709 0 17
694266 0 33
695679 0 5
697133 0 21
698566 0 18
700020 0 13
701556 0 13
702969 0 28
704383 0 9
705878 0 16
707291 0 17
708827 0 21
710363 0 16
711899 0 16
713373 0 23
714909 0 34
716425 0 4
717838 0 18
719394 0 30
720848 0 9
722261 0 17
723695 0 22
725190 0 19
726664 0 35
728139 0 12
729695 0 18
731231 0 24
732706 0 14
734119 0 16
735532 0 23
737007 0 17
738502 0 24
739956 0 36
741471 0 1
742987 0 19
744420 0 16
745895 0 23
747369 0 18
748823 0 25
750257 0 7
751690 0 18
753247 0 17
754783 0 24
756298 0 14
757732 0 15
759227 0 34
760722 0 4
762176 0 23
763651 0 34
765084 0 7
766518 0 20
768074 0 29
769508 0 1
771003 0 18
772498 0 14
774013 0 22
775529 0 18
777003 0 33
778478 0 12
779973 0 13
781427 0 23
782840 0 33
784335 0 5
785810 0 18
787366 0 21
788902 0 22
790336 0 19
791892 0 23
793408 0 35
794882 0 8
796336 0 13
797729 0 36
799203 0 3
800678 0 16
802173 0 35
803606 0 6
805060 0 21
806576 0 13
808112 0 16
809505 0 19
811020 0 26
812535 0 9
813990 0 22
815423 0 36
817000 0 12
818536 0 15
819970 0 29
821465 0 5
822960 0 23
824496 0 14
826032 0 13
827486 0 17
828919 0 30
830312 0 12
831828 0 15
833281 0 33
834715 0 6
836251 0 23
837664 0 13
839179 0 32
840674 0 6
842251 0 13
843705 0 21
845200 0 18
846757 0 19
848293 0 17
849829 0 31
851365 0 3
852819 0 16
854293 0 35
855727 0 1
857181 0 20
858615 0 25
860110 0 11
861564 0 24
862977 0 22
864492 0 20
865987 0 18
867421 0 15
868936 0 33
870452 0 7
871947 0 23
873483 0 31
874957 0 10
876473 0 13
877886 0 36
879320 0 3
880856 0 24
882269 0 24
883784 0 30
885218 0 9
886692 0 24
888085 0 36
889559 0 5
891013 0 19
892488 0 25
893963 0 5
895498 0 17
896912 0 15
898386 0 19
899840 0 16
901356 0 26
902871 0 12
904387 0 20
905820 0 34
907315 0 9
908749 0 13
910223 0 29
911636 0 8
913172 0 19
914708 0 34
916203 0 6
917637 0 17
919173 0 13
920607 0 33
922081 0 10
923658 0 24
938922 0 101
940397 0 101
941851 0 101
943243 0 101
944718 0 101
946213 0 101
947667 0 101
949080 0 101
950595 0 101
951988 0 101
953401 0 102
954794 0 102
956227 0 102
957702 0 102
959135 0 102
960692 0 102
962187 0 102
963580 0 103
965136 0 101
966570 0 102
968085 0 102
969621 0 102
971034 0 102
972488 0 102
974004 0 103
975458 0 101
976891 0 102
978284 0 103
979861 0 101
981376 0 102
982769 0 102
984203 0 102
985595 0 102
987029 0 102
988421 0 102
989875 0 103
991432 0 101
992886 0 102
994422 0 103
995937 0 101
997350 0 102
998784 0 102
1000320 0 102
1001733 0 102
1003269 0 102
1004805 0 102
1006218 0 103
1007754 0 101
1009147 0 102
1010621 0 102
1012157 0 102
1013693 0 102
1015209 0 102
1016683 0 103
1018178 0 101
1019694 0 102
1021127 0 103
1022622 0 101
1024015 0 102
1025469 0 102
1026903 0 102
1028295 0 102
1029688 0 103
1031162 0 101
1032657 0 102
1034152 0 103
1035606 0 101
1037019 0 102
1038514 0 102
1039948 0 103
1041402 0 101
1042795 0 102
1044208 0 103
1045723 0 101
1047239 0 102
1048734 0 102
1050147 0 102
1051683 0 102
1053219 0 102
1054734 0 102
1056291 0 103
1057806 0 101
1059219 0 102
1060633 0 102
1062169 0 102
1063663 0 103
1065199 0 101
1066756 0 102
1068189 0 103
1069684 0 101
1071200 0 102
1072715 0 102
1074231 0 102
1075706 0 102
1077201 0 102
1078614 0 103
1080150 0 101
1081686 0 102
1083099 0 102
1084635 0 103
1086150 0 101
1087686 0 102
1089222 0 102
1090717 0 102
1092233 0 103
1093789 0 101
1095264 0 102
1096759 0 103
1098274 0 101
1099687 0 102
1101141 0 103
1102698 0 101
1104234 0 102
1105749 0 102
1107183 0 102
1108678 0 103
1110152 0 101
1111606 0 102
1113019 0 103
1114433 0 101
1115825 0 102
1117382 0 102
1118897 0 102
1120392 0 102
1121928 0 102
1123382 0 102
1124816 0 103
1126372 0 101
1127785 0 102
1129178 0 102
1130632 0 102
1132127 0 102
1133642 0 102
1135137 0 102
1136694 0 103
1138148 0 101
1139643 0 102
1141158 0 102
1142592 0 102
1144087 0 102
1145500 0 102
1146975 0 102
1148490 0 103
1149985 0 101
1151480 0 102
1152975 0 102
1154511 0 102
1155945 0 102
1157481 0 103
1158955 0 101
1160450 0 102
1161986 0 102
1163399 0 102
1164792 0 102
1166246 0 103
1167803 0 101
1169318 0 102
1170833 0 102
1172267 0 103
1173803 0 101
1175237 0 102
1176752 0 102
1178186 0 102
1179619 0 103
1181073 0 101
1182466 0 102
1183981 0 102
1185415 0 103
1186869 0 101
1188405 0 102
1189900 0 103
1191436 0 101
1192992 0 102
1194385 0 102
1195798 0 102
1197211 0 103
1198665 0 101
1200140 0 102
1201532 0 103
1203007 0 101
1204461 0 102
1205915 0 102
1207328 0 102
1208741 0 102
1210277 0 103
1211813 0 101
1213288 0 102
1214701 0 103
1216196 0 101
1217711 0 102
1219206 0 103
1220742 0 101
1222258 0 102
1223732 0 102
1225145 0 103
1226579 0 101
1228115 0 102
1229589 0 103
1231105 0 101
1232559 0 102
1234013 0 102
1235447 0 102
1236962 0 102
1238396 0 103
1239952 0 101
1241468 0 102
1242963 0 102
1244478 0 102
1245953 0 102
1247468 0 102
1248881 0 102
1250397 0 102
1251851 0 103
1253366 0 101
1254902 0 102
1256315 0 103
1257769 0 101
1259264 0 102
1260739 0 103
1262275 0 101
1263749 0 102
1265244 0 102
1266780 0 102
1268296 0 102
1269832 0 103
1271368 0 101
1272781 0 102
1274174 0 102
1275607 0 102
1277123 0 102
1278618 0 103
1280113 0 101
1281526 0 102
1283062 0 102
1284516 0 102
1286052 0 103
1287588 0 101
1289103 0 102
1290598 0 102
1292011 0 102
1293486 0 102
1294940 0 103
1296476 0 101
1297869 0 102
1299343 0 102
1300777 0 102
1302210 0 102
1303644 0 102
1305180 0 103
1306654 0 101
1308088 0 102
1309583 0 103
1311016 0 101
1312471 0 102
1313904 0 102
1315358 0 102
1316812 0 102
1318348 0 103
1319905 0 101
1321318 0 102
1322792 0 103
1324226 0 101
1325700 0 102
1327236 0 102
1328629 0 102
1330104 0 102
1331619 0 102
1333012 0 102
1334548 0 103
1336104 0 101
1337538 0 102
1338930 0 103
1340425 0 101
1341859 0 102
1343333 0 102
1344808 0 103
1346262 0 101
1347695 0 102
1349109 0 102
1350542 0 102
1352078 0 103
1353635 0 101
1355089 0 102
1356502 0 103
1357997 0 101
1359451 0 102
1360843 0 102
1362359 0 102
1363833 0 103
1365410 0 101
1366926 0 102
1368380 0 102
1369854 0 102
1371349 0 102
1372804 0 103
1374258 0 101
1375650 0 102
1377084 0 103
1378517 0 101
1380033 0 102
1381507 0 102
1382941 0 102
1384456 0 102
1385931 0 103
1387467 0 101
1388921 0 102
1390416 0 103
1391870 0 101
1393345 0 102
1394860 0 102
1396294 0 102
1397727 0 102
1399181 0 102
1400676 0 102
1402110 0 103
1403564 0 101
1405038 0 102
1406574 0 102
1408090 0 102
1409483 0 103
1410978 0 101
1412514 0 102
1414049 0 102
1415524 0 102
1416978 0 102
1418371 0 102
1419784 0 102
1421238 0 102
1422774 0 103
1424207 0 101
1425723 0 102
1427115 0 102
1428651 0 103
1430146 0 101
1431682 0 102
1433157 0 103
1434611 0 101
1436065 0 102
1437478 0 103
1439014 0 101
1440550 0 102
1441984 0 103
1443520 0 101
1444994 0 102
1446510 0 103
1448005 0 101
1449459 0 102
1450995 0 102
1452531 0 102
1454087 0 102
1455480 0 103
1456934 0 101
1458470 0 102
1459944 0 103
1461480 0 101
1462996 0 102
1464409 0 102
1465945 0 103
1467419 0 101
1468812 0 102
1470266 0 102
1471741 0 103
1473236 0 101
1474669 0 102
1476123 0 102
1477598 0 102
1479134 0 102
1480690 0 102
1482165 0 103
1483721 0 101
1485114 0 102
1486609 0 103
1488022 0 101
1489537 0 102
1491032 0 103
1492466 0 101
1493900 0 102
1495333 0 102
1496746 0 102
1498262 0 103
1499798 0 101
1501313 0 102
1502767 0 103
1504201 0 101
1505696 0 102
1507109 0 103
1508645 0 101
1510119 0 102
1511594 0 102
1513130 0 102
1514584 0 102
1516038 0 102
1517472 0 102
1518905 0 103
1520380 0 101
1521834 0 102
1523247 0 102
1524721 0 103
1526237 0 101
1527650 0 102
1529063 0 103
1530558 0 101
1532074 0 102
1533610 0 102
1535105 0 102
1536538 0 102
1538074 0 102
1539487 0 102
1540982 0 103
1542498 0 101
1544054 0 102
1545549 0 102
1547085 0 102
1548621 0 102
1550096 0 102
1551529 0 102
1552922 0 103
1554376 0 101
1555789 0 102
1557202 0 102
1558595 0 102
1560008 0 102
1561482 0 102
1562998 0 103
1564411 0 101
1565967 0 102
1567360 0 103
1568835 0 101
1570227 0 102
1571640 0 102
1573033 0 103
1574528 0 101
1576043 0 102
1577477 0 102
1578870 0 102
1580303 0 102
1581819 0 103
1583334 0 101
1584727 0 102
1586263 0 102
1587758 0 102
1589191 0 102
1590707 0 102
1592202 0 103
1593697 0 101
1595110 0 102
1596584 0 102
1598059 0 102
1599472 0 102
1600865 0 102
1602298 0 102
1603732 0 102
1605145 0 103
1606558 0 101
1608012 0 102
1609507 0 103
1611084 0 101
1612579 0 102
1614095 0 102
1615590 0 102
1617085 0 102
1618539 0 102
1619931 0 103
1621447 0 101
1622880 0 102
1624375 0 102
1625870 0 102
1627406 0 102
1628799 0 102
1630233 0 103
1631727 0 101
1633202 0 102
1634636 0 102
1636151 0 102
1637605 0 103
1639018 0 101
1640452 0 102
1641926 0 102
1643319 0 102
1644773 0 102
1646227 0 102
1647722 0 103
1649238 0 101
1650651 0 102
1652084 0 103
1653497 0 101
1654992 0 102
1656487 0 102
1658023 0 103
1659477 0 101
1660870 0 102
1662304 0 102
1663737 0 103
1665150 0 101
1666584 0 102
1668099 0 102
1669615 0 102
1671130 0 102
1672543 0 103
1674038 0 101
1675533 0 102
1676987 0 103
1678401 0 101
1679855 0 102
1681370 0 102
1682865 0 102
1684340 0 102
1685753 0 102
1687186 0 102
1688661 0 102
1690074 0 103
1691508 0 101
1692962 0 102
1694416 0 103
1695931 0 101
1697467 0 102
1698880 0 103
1700314 0 101
1701829 0 102
1703263 0 103
1704717 0 101
1706191 0 102
1707727 0 103
1709202 0 101
1710636 0 102
1712069 0 103
1713482 0 101
1714977 0 102
1716411 0 102
1717865 0 102
1719319 0 102
1720834 0 103
1722370 0 101
1723763 0 102
1725278 0 102
1726671 0 102
1728166 0 103
1729723 0 101
1731156 0 102
1732651 0 103
1734085 0 101
1735621 0 102
1737034 0 103
1738549 0 101
1740024 0 102
1741519 0 102
1743055 0 102
1744447 0 102
1745860 0 102
1747294 0 102
1748748 0 103
1750284 0 101
1751677 0 102
1753151 0 103
1754585 0 101
1756018 0 102
1757431 0 102
1758845 0 102
1760258 0 102
1761671 0 102
1763145 0 102
1764538 0 103
1766012 0 101
1767466 0 102
1768921 0 102
1770313 0 102
1771726 0 102
1773160 0 102
1774696 0 103
1776252 0 101
1777747 0 102
1779160 0 103
1780574 0 101
1782069 0 102
1783461 0 102
1784977 0 102
1786431 0 103
1787926 0 101
1789359 0 102
1790895 0 103
1792329 0 101
1793824 0 102
1795216 0 103
1796711 0 101
1798124 0 102
1799660 0 102
1801155 0 102
1802610 0 102
1804084 0 103
1805518 0 101
1806931 0 102
1808446 0 102
1809921 0 102
1811457 0 102
1812952 0 103
1814508 0 101
1815962 0 102
1817498 0 102
1819034 0 102
1820427 0 102
1821942 0 102
1823355 0 103
1824830 0 101
1826284 0 102
1827697 0 102
1829090 0 102
1830503 0 102
1832018 0 102
1833411 0 102
1834865 0 102
1854466 0 39
1856002 0 47
1857436 0 44
1858890 0 48
1860446 0 39
1861941 0 44
1863354 0 37
1864829 0 39
1866283 0 47
1867696 0 37
1869109 0 58
1870543 0 51
1872079 0 55
1873615 0 70
1874966 0 44
1876400 0 60
1877834 0 50
1879308 0 72
1880721 0 41
1882134 0 59
1883588 0 53
1885063 0 69
1886558 0 47
1887971 0 60
1889384 0 49
1890818 0 65
1892374 0 46
1893910 0 57
1895426 0 69
1896900 0 45
1898395 0 52
1899890 0 52
1901344 0 58
1902819 0 63
1904355 0 39
1905809 0 52
1907304 0 66
1908717 0 39
1910232 0 57
1911809 0 53
1913366 0 59
1914799 0 68
1916253 0 41
1917687 0 59
1919121 0 58
1920656 0 60
1922172 0 55
1923626 0 56
1925121 0 66
1926657 0 47
1928172 0 60
1929729 0 64
1931183 0 48
1932739 0 54
1934193 0 49
1935750 0 51
1937306 0 54
1938760 0 55
1940194 0 58
1941750 0 70
1943123 0 44
1944536 0 54
1946031 0 57
1947546 0 49
1948959 0 56
1950475 0 66
1951990 0 40
1953485 0 54
1954919 0 69
1956434 0 38
1957950 0 53
1959404 0 63
1960899 0 42
1962394 0 59
1963868 0 59
1965323 0 49
1966777 0 58
1968292 0 54
1969767 0 50
1971200 0 54
1972675 0 67
1974108 0 45
1975562 0 52
1977057 0 57
1978532 0 59
1979965 0 54
1981481 0 49
1983037 0 49
1984491 0 59
1985925 0 64
1987420 0 38
1988956 0 50
1990410 0 67
1991926 0 46
1993441 0 60
1994854 0 69
1996329 0 47
1997742 0 60
1999175 0 53
2000711 0 67
2002206 0 48
2003763 0 51
2005319 0 58
2006855 0 60
2008248 0 52
2009722 0 65
2011136 0 48
2012610 0 56
2014044 0 65
2015539 0 37
2017013 0 55
2018529 0 57
2020024 0 71
2021580 0 38
2023075 0 56
2024591 0 58
2026045 0 59
2027499 0 64
2029035 0 47
2030448 0 50
2031963 0 59
2033397 0 59
2034933 0 57
2036387 0 60
2037882 0 59
2039397 0 55
2040872 0 66
2042285 0 41
2043800 0 57
2045234 0 50
2046647 0 63
2048183 0 40
2049740 0 59
2051194 0 62
2052586 0 40
2054143 0 52
2055576 0 68
2056969 0 37
2058423 0 50
2059959 0 53
2061474 0 55
2062990 0 58
2064444 0 52
2065857 0 64
2067352 0 40
2068786 0 59
2070281 0 51
2071694 0 60
2073230 0 59
2074786 0 67
2076240 0 38
2077756 0 53
2079189 0 50
2080746 0 50
2082179 0 51
2083654 0 53
2085210 0 52
2086726 0 69
2088221 0 44
2089675 0 56
2091149 0 68
2092644 0 41
2094180 0 58
2095696 0 51
2097191 0 62
2098604 0 43
2100017 0 54
2101553 0 61
2103028 0 42
2104461 0 58
2105956 0 62
2107451 0 41
2108926 0 58
2110359 0 72
2111895 0 39
2113390 0 56
2114947 0 72
2116442 0 37
2117916 0 50
2119391 0 64
2120865 0 45
2122299 0 56
2123794 0 53
2125350 0 49
2126886 0 67
2128443 0 39
2129979 0 60
2131494 0 53
2133051 0 66
2134505 0 39
2135979 0 60
2137372 0 64
2138887 0 43
2140444 0 49
2141877 0 58
2143434 0 69
2144908 0 43
2146444 0 49
2147858 0 68
2149291 0 46
2150704 0 51
2152261 0 49
2153653 0 53
2155128 0 65
2156561 0 44
2158118 0 59
2159592 0 51
2161046 0 62
2162541 0 42
2164098 0 56
2165511 0 57
2167006 0 51
2168480 0 60
2170016 0 52
2171573 0 50
2173109 0 68
2174563 0 45
2176058 0 59
2177573 0 71
2179130 0 39
2180604 0 52
2182140 0 71
2183574 0 44
2185008 0 57
2186523 0 58
2187998 0 50
2189452 0 59
2190885 0 51
2192360 0 55
2193834 0 71
2195350 0 45
2196927 0 52
2198463 0 57
2200040 0 58
2201473 0 70
2202948 0 40
2204422 0 53
2205958 0 60
2207392 0 50
2208866 0 55
2210320 0 49
2211856 0 52
2213351 0 65
2214887 0 39
2216300 0 58
2217754 0 66
2219311 0 43
2220826 0 51
2222383 0 53
2223775 0 58
2225270 0 65
2226786 0 48
2228261 0 55
2229756 0 54
2231210 0 55
2232746 0 55
2234179 0 64
2235654 0 44
2237128 0 59
2238644 0 53
2240180 0 57
2241716 0 56
2243129 0 67
2244521 0 43
2246016 0 60
2247491 0 61
2249006 0 46
2250440 0 50
2251976 0 54
2253410 0 49
2254823 0 53
2256379 0 57
2257895 0 65
2259431 0 37
2260966 0 55
2262523 0 67
2264079 0 43
2265554 0 58
2267090 0 72
2268585 0 37
2270018 0 60
2271432 0 55
2272947 0 57
2274442 0 59
2275937 0 50
2277350 0 66
2278825 0 47
2280320 0 53
2281733 0 50
2283187 0 56
2284723 0 54
2286218 0 54
2287754 0 49
2289228 0 53
2290785 0 64
2292321 0 37
2293754 0 55
2295167 0 50
2296601 0 52
2298117 0 50
2299653 0 58
2301148 0 50
2302622 0 72
2304076 0 40
2305592 0 60
2307025 0 52
2308500 0 57
2310015 0 69
2311510 0 41
2312964 0 49
2314418 0 59
2315934 0 50
2317470 0 63
2318924 0 43
2320480 0 54
2321934 0 55
2323450 0 57
2325027 0 51
2326542 0 67
2327996 0 45
2329430 0 49
2330904 0 49
2332440 0 57
2333935 0 51
2335471 0 63
2336946 0 43
2338482 0 57
2339997 0 53
2341492 0 52
2342967 0 49
2344400 0 60
2345936 0 50
2347452 0 61
2348927 0 45
2350483 0 53
2352019 0 56
2353534 0 59
2355070 0 69
2356627 0 41
2358183 0 52
2359637 0 60
2361050 0 53
2362505 0 57
2364061 0 57
2365576 0 63
2367031 0 38
2368587 0 50
2370021 0 55
2371434 0 56
2372908 0 70
2374403 0 37
2375837 0 58
2377352 0 58
2378868 0 49
2380383 0 51
2381878 0 53
2383312 0 51
2384868 0 67
2386322 0 44
2387858 0 54
2389374 0 67
2390787 0 39
2392220 0 54
2393674 0 53
2395129 0 52
2396542 0 52
2397975 0 69
2399388 0 41
2400945 0 54
2402440 0 53
2403914 0 53
2405327 0 63
2406863 0 43
2408276 0 53
2409710 0 52
2411144 0 57
2412680 0 54
2414236 0 58
2415731 0 71
2417185 0 46
2418701 0 52
2420257 0 54
2421814 0 49
2423349 0 50
2424763 0 50
2426176 0 60
2427650 0 72
2429145 0 44
2430599 0 58
2432156 0 57
2433692 0 51
2435105 0 66
2436641 0 46
2438177 0 50
2439733 0 58
2441208 0 69
2442682 0 40
2444198 0 56
2445611 0 66
2447126 0 46
2448683 0 57
2450239 0 55
2451734 0 56
2453168 0 50
2454663 0 51
2456199 0 56
2457653 0 50
2459148 0 66
2460602 0 46
2462138 0 51
2463633 0 50
2465087 0 59
2466602 0 50
2468057 0 62
2469552 0 45
2471006 0 56
2472562 0 52
2474098 0 55
2475511 0 59
2476986 0 51
2478481 0 56
2480037 0 63
2481532 0 41
2482966 0 54
2484358 0 49
2485894 0 69
2487348 0 43
2488823 0 57
2490359 0 59
2491874 0 56
2493431 0 61
2494844 0 47
2496400 0 53
2497875 0 53
2499411 0 55
2500967 0 49
2502503 0 58
2504019 0 54
2505411 0 53
2506968 0 71
2508360 0 48
2509876 0 54
2511289 0 61
2512845 0 39
2514279 0 56
2515815 0 51
2517330 0 58
2518826 0 55
2520280 0 68
2521754 0 45
2523331 0 54
2524744 0 56
2526239 0 52
2527714 0 59
2529209 0 61
2530663 0 41
2532055 0 51
2533550 0 63
2534963 0 40
2536397 0 50
2537831 0 57
2539264 0 54
2540759 0 58
2542234 0 58
2543708 0 49
2545265 0 62
2546760 0 37
2548173 0 57
2549750 0 54
2551142 0 70
2552637 0 43
2554153 0 60
2555648 0 50
2557081 0 54
2558556 0 50
2560092 0 56
2561505 0 68
2563041 0 39
2564454 0 59
2565888 0 57
2567383 0 58
2568837 0 66
2570250 0 45
2571724 0 49
2573240 0 57
2574694 0 54
2576189 0 49
2577623 0 54
2579118 0 67
2580674 0 46
2582128 0 60
2583684 0 55
2585180 0 54
2586634 0 71
2588108 0 37
2589501 0 58
2590975 0 61
2592470 0 47
2593945 0 55
2595501 0 58
2596935 0 53
2598450 0 49
2599925 0 61
2601420 0 43
2602997 0 55
2604553 0 61
2606069 0 43
2607584 0 56
2609018 0 70
2610390 0 39
2611864 0 60
2613298 0 53
2614773 0 57
2616206 0 52
2617619 0 57
2619053 0 72
2620466 0 48
2621961 0 59
2623436 0 59
2624992 0 64
2626548 0 45
2628023 0 59
2629518 0 66
2631074 0 37
2632508 0 55
2634064 0 57
2635559 0 56
2637054 0 72
2638570 0 38
2640106 0 60
2641642 0 70
2643157 0 41
2644591 0 53
2646147 0 53
2647622 0 58
2649178 0 57
2650632 0 69
2652148 0 38
2653561 0 60
2655117 0 50
2656572 0 59
2658005 0 55
2659500 0 70
2660913 0 40
2662347 0 55
2663801 0 68
2665255 0 38
2666791 0 52
2668306 0 63
2669801 0 44
2671337 0 52
2672853 0 56
2674409 0 50
2675863 0 49
2677379 0 68
2678853 0 48
2680266 0 55
2681741 0 60
2683195 0 50
2684711 0 63
2686144 0 44
2687578 0 58
2689134 0 68
2690547 0 48
2692042 0 52
2693496 0 61
2695032 0 38
2696548 0 57
2698063 0 51
2699476 0 49
2700910 0 70
2702282 0 47
2703777 0 56
2705211 0 68
2706706 0 42
2708201 0 52
2709614 0 56
2711129 0 56
2712624 0 64
2714078 0 39
2715512 0 50
2716945 0 68
2718440 0 38
2719976 0 49
2721451 0 60
2722966 0 49
2724400 0 69
2725813 0 42
2727267 0 49
2728680 0 65
2730134 0 48
2731670 0 52
2733124 0 66
2734599 0 48
2736114 0 55
2737609 0 53
2739084 0 56
2740599 0 60
2742156 0 60
2743589 0 71
2745125 0 37
2746559 0 49
2748095 0 69
2749610 0 44
2751065 0 52
2752580 0 56
2753993 0 50
2755550 0 54
2757024 0 52
2758560 0 54
2773501 0 104
2774894 0 104
2776409 0 104
2777945 0 104
2779399 0 104
2780956 0 104
2782471 0 104
2783966 0 104
2785461 0 104
2786874 0 104
2788328 0 105
2789864 0 105
2791277 0 105
2792691 0 105
2794145 0 105
2795660 0 106
2797114 0 104
2798630 0 105
2800186 0 105
2801579 0 105
2803135 0 105
2804569 0 106
2806064 0 104
2807477 0 105
2808951 0 105
2810487 0 106
2811962 0 104
2813375 0 105
2814891 0 105
2816304 0 105
2817758 0 105
2819294 0 105
2820748 0 105
2822202 0 106
2823697 0 104
2825233 0 105
2826666 0 105
2828161 0 105
2829677 0 106
2831090 0 104
2832626 0 105
2834059 0 105
2835554 0 105
2837049 0 105
2838463 0 105
2839937 0 105
2841432 0 106
2842907 0 104
2844443 0 105
2845979 0 106
2847474 0 104
2848866 0 105
2850402 0 106
2851836 0 104
2853249 0 105
2854744 0 105
2856198 0 106
2857672 0 104
2859167 0 105
2860683 0 105
2862239 0 105
2863632 0 105
2865086 0 106
2866602 0 104
2868056 0 105
2869530 0 105
2871046 0 105
2872438 0 106
2873851 0 104
2875387 0 105
2876780 0 106
2878316 0 104
2879749 0 105
2881204 0 106
2882637 0 104
2884173 0 105
2885627 0 106
2887061 0 104
2888494 0 105
2889907 0 105
2891464 0 105
2892938 0 105
2894372 0 106
2895846 0 104
2897362 0 105
2898775 0 106
2900332 0 104
2901827 0 105
2903219 0 106
2904735 0 104
2906127 0 105
2907643 0 105
2909138 0 105
2910592 0 105
2912107 0 105
2913602 0 106
2915077 0 104
2916490 0 105
2918005 0 105
2919562 0 105
2921016 0 106
2922429 0 104
2923883 0 105
2925317 0 105
2926750 0 106
2928286 0 104
2929699 0 105
2931133 0 105
2932546 0 105
2934000 0 105
2935495 0 105
2936970 0 105
2938403 0 106
2939939 0 104
2941455 0 105
2942970 0 105
2944383 0 105
2945899 0 105
2947455 0 105
2948930 0 106
2950425 0 104
2951981 0 105
2953476 0 106
2954889 0 104
2956405 0 105
2957941 0 106
2959354 0 104
2960828 0 105
2962364 0 105
2963839 0 105
2965272 0 106
2966788 0 104
2968201 0 105
2969696 0 106
2971109 0 104
2972625 0 105
2974058 0 105
2975553 0 105
2976987 0 105
2978502 0 105
2979936 0 106
2981369 0 104
2982885 0 105
2984360 0 105
2985854 0 105
2987288 0 105
2988722 0 105
2990196 0 106
2991732 0 104
2993145 0 105
2994620 0 105
2996156 0 105
2997671 0 105
2999084 0 106
3000641 0 104
3002197 0 105
3003692 0 105
3005208 0 105
3006744 0 105
3008157 0 106
3009693 0 104
3011167 0 105
3012560 0 105
3014096 0 105
3015488 0 105
3016922 0 105
3018376 0 106
3019871 0 104
3021284 0 105
3022841 0 106
3024356 0 104
3025831 0 105
3027264 0 105
3028739 0 105
3030152 0 105
3031647 0 105
3033142 0 106
3034637 0 104
3036050 0 105
3037525 0 105
3039020 0 105
3040494 0 105
3041948 0 105
3043505 0 105
3045061 0 106
3046536 0 104
3048051 0 105
3049546 0 106
3051000 0 104
3052413 0 105
3053847 0 106
3055321 0 104
3056816 0 105
3058332 0 106
3059888 0 104
3061363 0 105
3062817 0 105
3064230 0 105
3065705 0 106
3067179 0 104
3068654 0 105
3070190 0 105
3071623 0 105
3073036 0 105
3074449 0 105
3075883 0 105
3077439 0 105
3078955 0 106
3080429 0 104
3081842 0 105
3083317 0 105
3084751 0 105
3086246 0 105
3087679 0 105
3089195 0 106
3090751 0 104
3092205 0 105
3093741 0 106
3095154 0 104
3096567 0 105
3098083 0 105
3099639 0 105
3101052 0 106
3102568 0 104
3104042 0 105
3105537 0 105
3107032 0 105
3108446 0 105
3109920 0 106
3111415 0 104
3112951 0 105
3114364 0 106
3115900 0 104
3117457 0 105
3119013 0 105
3120528 0 105
3121921 0 106
3123355 0 104
3124870 0 105
3126263 0 105
3127737 0 105
3129253 0 105
3130686 0 105
3132243 0 106
3133738 0 104
3135212 0 105
3136605 0 105
3138141 0 106
3139656 0 104
3141172 0 105
3142606 0 105
3144101 0 105
3145534 0 105
3146988 0 105
3148463 0 106
3150019 0 104
3151494 0 105
3153050 0 105
3154586 0 106
3156102 0 104
3157617 0 105
3159051 0 106
3160464 0 104
3161877 0 105
3163331 0 105
3164887 0 106
3166300 0 104
3167816 0 105
3169352 0 105
3170847 0 105
3172321 0 105
3173776 0 105
3175250 0 106
3176663 0 104
3178117 0 105
3179612 0 106
3181025 0 104
3182582 0 105
3184097 0 105
3185572 0 106
3187046 0 104
3188521 0 105
3189934 0 106
3191368 0 104
3192822 0 105
3194378 0 105
3195914 0 105
3197450 0 106
3198863 0 104
3200399 0 105
3201935 0 105
3203410 0 105
3204925 0 105
3206400 0 105
3207874 0 105
3209431 0 106
3210864 0 104
3212400 0 105
3213875 0 106
3215308 0 104
3216762 0 105
3218216 0 105
3219609 0 105
3221043 0 106
3222456 0 104
3223889 0 105
3225343 0 106
3226756 0 104
3228251 0 105
3229644 0 105
3231078 0 106
3232491 0 104
3233986 0 105
3235399 0 105
3236832 0 105
3238286 0 105
3239679 0 105
3241154 0 105
3242669 0 105
3244082 0 106
3245536 0 104
3246990 0 105
3248424 0 105
3249898 0 105
3251332 0 105
3252827 0 105
3254260 0 105
3255817 0 105
3257312 0 106
3258807 0 104
3260302 0 105
3261797 0 105
3263272 0 105
3264787 0 105
3266241 0 106
3267654 0 104
3269108 0 105
3270624 0 105
3272119 0 105
3273593 0 105
3275027 0 106
3276501 0 104
3277914 0 105
3279348 0 105
3280884 0 105
3282440 0 106
3283976 0 104
3285492 0 105
3286905 0 105
3288421 0 106
3289977 0 104
3291411 0 105
3292885 0 105
3294441 0 105
3295916 0 106
3297452 0 104
3298947 0 105
3300422 0 105
3301876 0 106
3303289 0 104
3304722 0 105
3306279 0 106
3307815 0 104
3309269 0 105
3310743 0 106
3312136 0 104
3313529 0 105
3315003 0 106
3316560 0 104
3318014 0 105
3319488 0 105
3320983 0 105
3322540 0 106
3324096 0 104
3325632 0 105
3327045 0 105
3328499 0 106
3329933 0 104
3331489 0 105
3332882 0 106
3334356 0 104
3335831 0 105
3337346 0 105
3338800 0 105
3340357 0 105
3341913 0 105
3343449 0 105
3344965 0 106
3346521 0 104
3347955 0 105
3349388 0 105
3350924 0 106
3352358 0 104
3353812 0 105
3355246 0 106
3356802 0 104
3358317 0 105
3359751 0 105
3361144 0 105
3362577 0 105
3364134 0 105
3365629 0 105
3367165 0 106
3368680 0 104
3370093 0 105
3371588 0 106
3373104 0 104
3374599 0 105
3376114 0 105
3377507 0 105
3379022 0 105
3380415 0 105
3381828 0 106
3383344 0 104
3384859 0 105
3386395 0 105
3387911 0 106
3389406 0 104
3390860 0 105
3392375 0 105
3393788 0 106
3395242 0 104
3396717 0 105
3398171 0 105
3399625 0 106
3401181 0 104
3402594 0 105
3404069 0 105
3405584 0 105
3407079 0 105
3408534 0 106
3409967 0 104
3411380 0 105
3412855 0 105
3414288 0 105
3415824 0 106
3417360 0 104
3418855 0 105
3420268 0 105
3421804 0 105
3423238 0 105
3424671 0 105
3426126 0 106
3427559 0 104
3428972 0 105
3430508 0 105
3432024 0 105
3433519 0 105
3434932 0 106
3436427 0 104
3437881 0 105
3439355 0 105
3440912 0 105
3442304 0 105
3443840 0 106
3445294 0 104
3446830 0 105
3448305 0 106
3449718 0 104
3451254 0 105
3452729 0 106
3454244 0 104
3455637 0 105
3457132 0 105
3458627 0 105
3460101 0 106
3461658 0 104
3463112 0 105
3464668 0 105
3466102 0 105
3467658 0 106
3469174 0 104
3470710 0 105
3472184 0 106
3473700 0 104
3475174 0 105
3476567 0 105
3477980 0 106
3479516 0 104
3480990 0 105
3482424 0 105
3483878 0 105
3485394 0 105
3486848 0 105
3488240 0 105
3489797 0 105
3491230 0 106
3492725 0 104
3494220 0 105
3495633 0 105
3497128 0 105
3498624 0 106
3500037 0 104
3501511 0 105
3503047 0 105
3504542 0 105
3506037 0 105
3507532 0 106
3509068 0 104
3510522 0 105
3512079 0 105
3513594 0 105
3515007 0 106
3516461 0 104
3517977 0 105
3519533 0 105
3521028 0 105
3522585 0 105
3524018 0 105
3525472 0 106
3527029 0 104
3528462 0 105
3529978 0 105
3531514 0 105
3532947 0 105
3534401 0 105
3535917 0 106
3537453 0 104
3538907 0 105
3540381 0 105
3541815 0 106
3543351 0 104
3544826 0 105
3546361 0 105
3547815 0 106
3549249 0 104
3550765 0 105
3552157 0 105
3553693 0 105
3555147 0 105
3556622 0 106
3558035 0 104
3559591 0 105
3561148 0 106
3562684 0 104
3564097 0 105
3565612 0 105
3567148 0 105
3568602 0 105
3570077 0 106
3571510 0 104
3573067 0 105
3574480 0 105
3575893 0 105
3577409 0 106
3578904 0 104
3580399 0 105
3581873 0 105
3583266 0 105
3584699 0 105
3586153 0 105
3587689 0 106
3589082 0 104
3590556 0 105
3591990 0 106
3593506 0 104
3594939 0 105
3596455 0 105
3597929 0 105
3599363 0 106
3600858 0 104
3602353 0 105
3603827 0 106
3605281 0 104
3606797 0 105
3608210 0 105
3609664 0 105
3611179 0 106
3612695 0 104
3614231 0 105
3615685 0 105
3617221 0 106
3618634 0 104
3620129 0 105
3621522 0 105
3622976 0 105
3624368 0 105
3625843 0 105
3627317 0 105
3628874 0 106
3630307 0 104
3631864 0 105
3633359 0 105
3634752 0 105
3636287 0 106
3637762 0 104
3639298 0 105
3640772 0 105
3642165 0 105
3643640 0 105
3645135 0 106
3646527 0 104
3648002 0 105
3649558 0 106
3651115 0 104
3652528 0 105
3653920 0 105
3655374 0 105
3656767 0 105
3658180 0 106
3659634 0 104
3661129 0 105
3662522 0 105
3663996 0 106
3665491 0 104
3667048 0 105
3668461 0 105
3669976 0 106
3671369 0 104
3672844 0 105
