0        3567.0
1       13263.0
10         18.0
104         1.0
11         12.0
112         2.0
12      44920.0
127       304.0
13     120790.0
14       8649.0
15       6600.0
16         13.0
17         13.0
18         93.0
19         75.0
2      357282.0
20         15.0
201         2.0
202         2.0
203         2.0
204         2.0
205         2.0
206         2.0
208         2.0
209         2.0
21         10.0
210         2.0
211         2.0
255         2.0
26          1.0
27          1.0
3      878840.0
31          1.0
33        614.0
35          1.0
36          2.0
4       72045.0
40         12.0
41          4.0
45          1.0
48         18.0
49         10.0
5       55476.0
55      44602.0
58          5.0
6          12.0
60          9.0
65          5.0
66      91848.0
7          12.0
72          4.0
73          7.0
77       8969.0
8          13.0
80         62.0
81         31.0
82          8.0
88       6894.0
9          12.0
99      28749.0
dtype: float64