1.052000000000000000e+03 9.525670166015625000e+02
1.224000000000000000e+03 9.139867553710937500e+02
6.940000000000000000e+02 6.714084472656250000e+02
8.700000000000000000e+02 7.555020751953125000e+02
3.470000000000000000e+02 5.729048461914062500e+02
1.052000000000000000e+03 9.590021972656250000e+02
8.720000000000000000e+02 7.956944580078125000e+02
1.239000000000000000e+03 9.906760864257812500e+02
1.051000000000000000e+03 8.761630859375000000e+02
7.000000000000000000e+02 7.317323608398437500e+02
3.250000000000000000e+02 5.381781616210937500e+02
5.150000000000000000e+02 7.772906494140625000e+02
8.780000000000000000e+02 8.590579223632812500e+02
1.052000000000000000e+03 1.014054748535156250e+03
1.418000000000000000e+03 1.012605407714843750e+03
1.052000000000000000e+03 9.533425292968750000e+02
6.850000000000000000e+02 8.900505371093750000e+02
1.057000000000000000e+03 6.724675903320312500e+02
5.140000000000000000e+02 5.777979125976562500e+02
3.260000000000000000e+02 5.807937622070312500e+02
1.418000000000000000e+03 1.005812377929687500e+03
6.930000000000000000e+02 7.561487426757812500e+02
7.000000000000000000e+02 5.687229614257812500e+02
3.380000000000000000e+02 5.927723388671875000e+02
5.090000000000000000e+02 5.057142028808593750e+02
1.050000000000000000e+03 8.228101806640625000e+02
3.270000000000000000e+02 5.966838989257812500e+02
3.250000000000000000e+02 5.818415527343750000e+02
3.290000000000000000e+02 5.544159545898437500e+02
8.800000000000000000e+02 7.974531860351562500e+02
5.050000000000000000e+02 5.713206787109375000e+02
1.051000000000000000e+03 9.751458129882812500e+02
1.069000000000000000e+03 8.650137329101562500e+02
8.680000000000000000e+02 8.575361328125000000e+02
3.300000000000000000e+02 5.186374511718750000e+02
6.980000000000000000e+02 9.424153442382812500e+02
1.049000000000000000e+03 5.240844116210937500e+02
6.930000000000000000e+02 9.724912719726562500e+02
1.049000000000000000e+03 1.005368041992187500e+03
3.260000000000000000e+02 5.048759155273437500e+02
1.045000000000000000e+03 1.003937377929687500e+03
1.419000000000000000e+03 8.683596801757812500e+02
1.058000000000000000e+03 7.545636596679687500e+02
3.300000000000000000e+02 5.389357910156250000e+02
1.235000000000000000e+03 8.626228027343750000e+02
3.300000000000000000e+02 4.923020324707031250e+02
8.700000000000000000e+02 9.869631347656250000e+02
7.030000000000000000e+02 8.176622924804687500e+02
3.260000000000000000e+02 5.061907043457031250e+02
6.880000000000000000e+02 6.111279296875000000e+02
6.970000000000000000e+02 6.423279418945312500e+02
6.870000000000000000e+02 5.700422363281250000e+02
5.080000000000000000e+02 5.686706542968750000e+02
1.044000000000000000e+03 9.124827270507812500e+02
5.080000000000000000e+02 6.402659301757812500e+02
5.110000000000000000e+02 7.466736450195312500e+02
5.190000000000000000e+02 6.305294189453125000e+02
8.600000000000000000e+02 8.395899658203125000e+02
1.046000000000000000e+03 9.691460571289062500e+02
8.720000000000000000e+02 6.789591674804687500e+02
8.730000000000000000e+02 9.607689819335937500e+02
6.890000000000000000e+02 9.162000732421875000e+02
8.660000000000000000e+02 9.474283447265625000e+02
1.227000000000000000e+03 7.106498413085937500e+02
8.870000000000000000e+02 5.650297241210937500e+02
8.660000000000000000e+02 8.933285522460937500e+02
5.130000000000000000e+02 7.989539184570312500e+02
1.403000000000000000e+03 8.138923339843750000e+02
1.225000000000000000e+03 8.255008544921875000e+02
3.330000000000000000e+02 5.480191040039062500e+02
1.228000000000000000e+03 6.359179077148437500e+02
3.300000000000000000e+02 5.357531738281250000e+02
8.770000000000000000e+02 7.743865356445312500e+02
6.930000000000000000e+02 8.875640258789062500e+02
1.051000000000000000e+03 9.934568481445312500e+02
3.330000000000000000e+02 5.838984375000000000e+02
9.070000000000000000e+02 6.292240600585937500e+02
3.270000000000000000e+02 5.071740112304687500e+02
1.231000000000000000e+03 6.565389404296875000e+02
3.330000000000000000e+02 5.561787109375000000e+02
1.056000000000000000e+03 1.000300537109375000e+03
3.310000000000000000e+02 5.886027832031250000e+02
3.340000000000000000e+02 6.580537109375000000e+02
8.710000000000000000e+02 9.151989135742187500e+02
8.950000000000000000e+02 8.487322387695312500e+02
3.310000000000000000e+02 5.301836547851562500e+02
8.840000000000000000e+02 9.672398681640625000e+02
8.720000000000000000e+02 8.051052856445312500e+02
5.090000000000000000e+02 6.514721069335937500e+02
1.226000000000000000e+03 9.212921142578125000e+02
5.290000000000000000e+02 5.284967651367187500e+02
6.940000000000000000e+02 9.157490234375000000e+02
3.330000000000000000e+02 5.018466491699218750e+02
1.051000000000000000e+03 8.255853881835937500e+02
1.048000000000000000e+03 1.000350891113281250e+03
8.890000000000000000e+02 7.680227050781250000e+02
6.870000000000000000e+02 9.252479248046875000e+02
6.900000000000000000e+02 7.337042236328125000e+02
3.240000000000000000e+02 6.863294067382812500e+02
8.650000000000000000e+02 1.001831909179687500e+03
8.730000000000000000e+02 7.887328491210937500e+02
1.049000000000000000e+03 8.769239501953125000e+02
7.020000000000000000e+02 8.070100097656250000e+02
1.048000000000000000e+03 7.902614135742187500e+02
6.990000000000000000e+02 7.110736694335937500e+02
5.280000000000000000e+02 7.394954833984375000e+02
8.700000000000000000e+02 5.594314575195312500e+02
5.090000000000000000e+02 6.339515991210937500e+02
