1.051000000000000000e+03 8.743894042968750000e+02
1.049000000000000000e+03 9.197756347656250000e+02
1.230000000000000000e+03 7.237642211914062500e+02
6.920000000000000000e+02 8.182124633789062500e+02
1.055000000000000000e+03 8.953837280273437500e+02
8.660000000000000000e+02 9.268897705078125000e+02
6.870000000000000000e+02 5.362946777343750000e+02
8.650000000000000000e+02 8.420220336914062500e+02
6.810000000000000000e+02 8.514862060546875000e+02
3.350000000000000000e+02 5.209519653320312500e+02
5.130000000000000000e+02 6.837815551757812500e+02
3.450000000000000000e+02 6.311112670898437500e+02
1.422000000000000000e+03 9.266889038085937500e+02
6.840000000000000000e+02 9.167373046875000000e+02
5.120000000000000000e+02 7.401835937500000000e+02
5.100000000000000000e+02 6.508301391601562500e+02
1.050000000000000000e+03 8.606085205078125000e+02
1.044000000000000000e+03 8.215877685546875000e+02
1.047000000000000000e+03 7.576300048828125000e+02
3.290000000000000000e+02 7.427011718750000000e+02
3.290000000000000000e+02 5.672697753906250000e+02
3.430000000000000000e+02 7.484993286132812500e+02
1.036000000000000000e+03 8.675742187500000000e+02
5.110000000000000000e+02 8.179100952148437500e+02
3.290000000000000000e+02 7.869443969726562500e+02
3.210000000000000000e+02 6.495717163085937500e+02
8.680000000000000000e+02 9.121836547851562500e+02
8.790000000000000000e+02 6.559873046875000000e+02
5.180000000000000000e+02 7.996232299804687500e+02
1.057000000000000000e+03 7.541934814453125000e+02
8.730000000000000000e+02 8.531392211914062500e+02
6.900000000000000000e+02 8.058063964843750000e+02
7.000000000000000000e+02 7.251735839843750000e+02
6.850000000000000000e+02 7.991758422851562500e+02
6.920000000000000000e+02 5.974940185546875000e+02
6.910000000000000000e+02 8.704586791992187500e+02
1.048000000000000000e+03 9.869928588867187500e+02
1.055000000000000000e+03 9.317664794921875000e+02
3.370000000000000000e+02 6.366410522460937500e+02
1.057000000000000000e+03 7.356771850585937500e+02
8.700000000000000000e+02 8.551599121093750000e+02
1.422000000000000000e+03 8.890968627929687500e+02
1.044000000000000000e+03 9.117313842773437500e+02
8.670000000000000000e+02 5.254833374023437500e+02
8.660000000000000000e+02 8.881488037109375000e+02
6.930000000000000000e+02 8.885225830078125000e+02
1.235000000000000000e+03 8.207553100585937500e+02
3.390000000000000000e+02 6.181495361328125000e+02
8.680000000000000000e+02 8.176780395507812500e+02
6.780000000000000000e+02 7.721173706054687500e+02
5.250000000000000000e+02 6.785583496093750000e+02
3.250000000000000000e+02 6.770051269531250000e+02
3.340000000000000000e+02 7.706253662109375000e+02
6.930000000000000000e+02 8.902174682617187500e+02
6.930000000000000000e+02 7.587539062500000000e+02
6.940000000000000000e+02 8.662165527343750000e+02
6.970000000000000000e+02 7.022902832031250000e+02
1.418000000000000000e+03 9.045562744140625000e+02
1.042000000000000000e+03 6.970988769531250000e+02
1.043000000000000000e+03 8.901320190429687500e+02
8.710000000000000000e+02 7.610097656250000000e+02
8.700000000000000000e+02 7.202656250000000000e+02
8.800000000000000000e+02 9.694857788085937500e+02
6.820000000000000000e+02 8.747540283203125000e+02
5.140000000000000000e+02 6.361065673828125000e+02
8.780000000000000000e+02 8.168309936523437500e+02
6.950000000000000000e+02 8.456639404296875000e+02
1.235000000000000000e+03 9.708389892578125000e+02
8.620000000000000000e+02 8.402636718750000000e+02
1.065000000000000000e+03 9.259623413085937500e+02
6.900000000000000000e+02 7.232218017578125000e+02
6.950000000000000000e+02 8.594475097656250000e+02
1.230000000000000000e+03 9.497003784179687500e+02
8.690000000000000000e+02 8.224844970703125000e+02
1.224000000000000000e+03 9.504714965820312500e+02
8.800000000000000000e+02 9.175471191406250000e+02
3.320000000000000000e+02 6.057312011718750000e+02
1.239000000000000000e+03 8.628986206054687500e+02
5.190000000000000000e+02 7.360315551757812500e+02
6.880000000000000000e+02 8.389171142578125000e+02
3.300000000000000000e+02 6.173284912109375000e+02
3.290000000000000000e+02 6.204577026367187500e+02
3.250000000000000000e+02 7.191115722656250000e+02
1.235000000000000000e+03 9.496825561523437500e+02
6.990000000000000000e+02 8.528449707031250000e+02
7.010000000000000000e+02 7.454531860351562500e+02
3.300000000000000000e+02 6.590789794921875000e+02
5.100000000000000000e+02 7.332814941406250000e+02
6.890000000000000000e+02 8.057587280273437500e+02
3.330000000000000000e+02 8.094945678710937500e+02
8.680000000000000000e+02 9.360783081054687500e+02
3.280000000000000000e+02 7.554351196289062500e+02
8.800000000000000000e+02 8.683593139648437500e+02
8.700000000000000000e+02 9.443915405273437500e+02
6.890000000000000000e+02 6.605584106445312500e+02
1.052000000000000000e+03 9.491362915039062500e+02
3.310000000000000000e+02 6.000557250976562500e+02
5.270000000000000000e+02 9.203505249023437500e+02
8.730000000000000000e+02 9.008092651367187500e+02
1.055000000000000000e+03 9.013217163085937500e+02
5.020000000000000000e+02 7.018085937500000000e+02
6.890000000000000000e+02 7.760664672851562500e+02
8.890000000000000000e+02 7.817239379882812500e+02
1.044000000000000000e+03 8.918599853515625000e+02
