6.230000000000000000e+02 7.671242675781250000e+02
7.120000000000000000e+02 7.877935791015625000e+02
6.200000000000000000e+02 7.695899047851562500e+02
7.070000000000000000e+02 7.602600097656250000e+02
7.280000000000000000e+02 6.985377807617187500e+02
5.520000000000000000e+02 7.360531616210937500e+02
6.300000000000000000e+02 7.539231567382812500e+02
5.140000000000000000e+02 6.434335937500000000e+02
6.960000000000000000e+02 6.849031982421875000e+02
4.910000000000000000e+02 7.293630981445312500e+02
6.100000000000000000e+02 7.651066284179687500e+02
7.450000000000000000e+02 8.320540771484375000e+02
5.400000000000000000e+02 8.079885864257812500e+02
6.170000000000000000e+02 7.610272216796875000e+02
6.180000000000000000e+02 7.216033935546875000e+02
7.460000000000000000e+02 7.749415283203125000e+02
5.310000000000000000e+02 6.925153198242187500e+02
5.690000000000000000e+02 7.332806396484375000e+02
6.650000000000000000e+02 7.472325439453125000e+02
6.180000000000000000e+02 7.578686523437500000e+02
7.440000000000000000e+02 8.251920166015625000e+02
4.930000000000000000e+02 5.840745849609375000e+02
5.810000000000000000e+02 7.437829589843750000e+02
6.170000000000000000e+02 6.714381103515625000e+02
6.950000000000000000e+02 6.772609252929687500e+02
4.940000000000000000e+02 6.595567626953125000e+02
4.890000000000000000e+02 6.417598876953125000e+02
6.000000000000000000e+02 7.450227661132812500e+02
4.870000000000000000e+02 6.529902954101562500e+02
4.870000000000000000e+02 7.820070190429687500e+02
7.330000000000000000e+02 8.344520263671875000e+02
6.230000000000000000e+02 7.632633056640625000e+02
5.890000000000000000e+02 7.528750000000000000e+02
6.790000000000000000e+02 7.954034423828125000e+02
5.620000000000000000e+02 8.054781494140625000e+02
6.740000000000000000e+02 7.423899536132812500e+02
5.910000000000000000e+02 7.200247192382812500e+02
6.260000000000000000e+02 7.885679931640625000e+02
7.560000000000000000e+02 8.020991210937500000e+02
6.610000000000000000e+02 7.967503051757812500e+02
6.970000000000000000e+02 7.720538330078125000e+02
7.130000000000000000e+02 8.058304443359375000e+02
5.810000000000000000e+02 6.724147338867187500e+02
6.840000000000000000e+02 7.069290771484375000e+02
5.810000000000000000e+02 6.758683471679687500e+02
7.330000000000000000e+02 7.567792968750000000e+02
5.340000000000000000e+02 5.936636962890625000e+02
6.390000000000000000e+02 6.952206420898437500e+02
7.230000000000000000e+02 7.845880126953125000e+02
5.170000000000000000e+02 7.955734252929687500e+02
6.200000000000000000e+02 7.071232299804687500e+02
6.170000000000000000e+02 7.744339599609375000e+02
5.620000000000000000e+02 7.012028198242187500e+02
6.440000000000000000e+02 7.134633789062500000e+02
6.230000000000000000e+02 7.195543823242187500e+02
5.730000000000000000e+02 7.096693115234375000e+02
6.660000000000000000e+02 7.423682861328125000e+02
5.690000000000000000e+02 7.544008789062500000e+02
6.650000000000000000e+02 7.807247924804687500e+02
5.460000000000000000e+02 7.990822753906250000e+02
6.260000000000000000e+02 7.703457641601562500e+02
5.510000000000000000e+02 7.279185791015625000e+02
6.300000000000000000e+02 7.081969604492187500e+02
5.980000000000000000e+02 7.845035400390625000e+02
6.740000000000000000e+02 6.963066406250000000e+02
6.090000000000000000e+02 6.563494262695312500e+02
7.070000000000000000e+02 6.526132812500000000e+02
6.110000000000000000e+02 7.617070312500000000e+02
7.000000000000000000e+02 7.746868286132812500e+02
4.980000000000000000e+02 6.395055541992187500e+02
5.830000000000000000e+02 7.140891113281250000e+02
5.380000000000000000e+02 7.941900634765625000e+02
6.150000000000000000e+02 8.400986328125000000e+02
5.030000000000000000e+02 7.508639526367187500e+02
5.880000000000000000e+02 7.677308349609375000e+02
5.460000000000000000e+02 7.391182861328125000e+02
6.260000000000000000e+02 7.634868164062500000e+02
5.330000000000000000e+02 8.084896240234375000e+02
6.080000000000000000e+02 8.237996826171875000e+02
5.380000000000000000e+02 7.308106689453125000e+02
6.640000000000000000e+02 7.643479614257812500e+02
6.020000000000000000e+02 7.359920654296875000e+02
6.920000000000000000e+02 5.990555419921875000e+02
6.480000000000000000e+02 7.332682495117187500e+02
5.760000000000000000e+02 5.587230224609375000e+02
6.960000000000000000e+02 7.538899536132812500e+02
5.990000000000000000e+02 8.179993896484375000e+02
5.010000000000000000e+02 7.571777954101562500e+02
5.860000000000000000e+02 7.155070190429687500e+02
5.450000000000000000e+02 5.531347045898437500e+02
5.150000000000000000e+02 6.801324462890625000e+02
6.270000000000000000e+02 7.126693725585937500e+02
5.230000000000000000e+02 7.410682373046875000e+02
6.010000000000000000e+02 7.756183471679687500e+02
5.930000000000000000e+02 7.549654541015625000e+02
5.100000000000000000e+02 6.832872924804687500e+02
5.990000000000000000e+02 7.499779663085937500e+02
5.410000000000000000e+02 7.922690429687500000e+02
5.670000000000000000e+02 7.785695190429687500e+02
6.430000000000000000e+02 7.394890747070312500e+02
4.970000000000000000e+02 7.801419067382812500e+02
5.840000000000000000e+02 7.665010986328125000e+02
5.060000000000000000e+02 6.821630859375000000e+02
5.900000000000000000e+02 7.063183593750000000e+02
4.910000000000000000e+02 6.908077392578125000e+02
5.790000000000000000e+02 6.798441772460937500e+02
5.190000000000000000e+02 6.939430541992187500e+02
6.150000000000000000e+02 6.993413085937500000e+02
5.860000000000000000e+02 7.010471191406250000e+02
6.670000000000000000e+02 7.666988525390625000e+02
5.830000000000000000e+02 7.433153686523437500e+02
6.000000000000000000e+02 7.524705810546875000e+02
5.760000000000000000e+02 6.293307495117187500e+02
6.750000000000000000e+02 7.827836914062500000e+02
5.790000000000000000e+02 6.922326660156250000e+02
6.520000000000000000e+02 7.686284179687500000e+02
5.350000000000000000e+02 7.171168212890625000e+02
6.110000000000000000e+02 7.227499389648437500e+02
6.070000000000000000e+02 7.007628173828125000e+02
6.950000000000000000e+02 7.390524291992187500e+02
6.740000000000000000e+02 7.719515380859375000e+02
5.270000000000000000e+02 6.983781127929687500e+02
5.610000000000000000e+02 6.099813842773437500e+02
5.270000000000000000e+02 7.018912353515625000e+02
6.170000000000000000e+02 7.197102661132812500e+02
5.660000000000000000e+02 7.475664062500000000e+02
6.510000000000000000e+02 6.905559692382812500e+02
5.500000000000000000e+02 6.502599487304687500e+02
6.260000000000000000e+02 7.393796997070312500e+02
5.820000000000000000e+02 7.354359741210937500e+02
6.810000000000000000e+02 7.683753051757812500e+02
5.940000000000000000e+02 6.620405273437500000e+02
6.790000000000000000e+02 7.447147827148437500e+02
5.750000000000000000e+02 7.740265502929687500e+02
6.660000000000000000e+02 7.583873901367187500e+02
5.530000000000000000e+02 7.437743530273437500e+02
6.540000000000000000e+02 7.300322875976562500e+02
5.190000000000000000e+02 6.982379150390625000e+02
5.830000000000000000e+02 7.573671264648437500e+02
6.720000000000000000e+02 7.972740478515625000e+02
5.300000000000000000e+02 8.230833129882812500e+02
6.240000000000000000e+02 7.750425415039062500e+02
7.160000000000000000e+02 5.659788818359375000e+02
4.940000000000000000e+02 7.955706176757812500e+02
5.960000000000000000e+02 7.268485107421875000e+02
6.300000000000000000e+02 6.752435913085937500e+02
4.970000000000000000e+02 7.301458740234375000e+02
5.880000000000000000e+02 7.412039794921875000e+02
5.480000000000000000e+02 8.080388183593750000e+02
6.350000000000000000e+02 7.785310058593750000e+02
5.120000000000000000e+02 7.865428466796875000e+02
6.050000000000000000e+02 7.196721191406250000e+02
5.570000000000000000e+02 7.874456787109375000e+02
6.400000000000000000e+02 8.042143554687500000e+02
5.100000000000000000e+02 7.141630859375000000e+02
6.010000000000000000e+02 7.795988159179687500e+02
7.080000000000000000e+02 7.682708129882812500e+02
5.860000000000000000e+02 7.156008911132812500e+02
6.830000000000000000e+02 7.257229614257812500e+02
4.900000000000000000e+02 7.806201171875000000e+02
5.710000000000000000e+02 6.984586181640625000e+02
5.500000000000000000e+02 7.167848510742187500e+02
6.330000000000000000e+02 7.086187744140625000e+02
5.500000000000000000e+02 8.316526489257812500e+02
6.700000000000000000e+02 7.983829956054687500e+02
5.480000000000000000e+02 6.188631591796875000e+02
5.470000000000000000e+02 7.432599487304687500e+02
6.340000000000000000e+02 7.806012573242187500e+02
5.560000000000000000e+02 6.931151733398437500e+02
6.310000000000000000e+02 7.456782226562500000e+02
5.690000000000000000e+02 7.283016357421875000e+02
6.890000000000000000e+02 7.361602783203125000e+02
5.580000000000000000e+02 7.237868652343750000e+02
6.780000000000000000e+02 7.385640869140625000e+02
7.100000000000000000e+02 8.207060546875000000e+02
5.770000000000000000e+02 7.239048461914062500e+02
5.690000000000000000e+02 7.125291748046875000e+02
5.530000000000000000e+02 7.561700439453125000e+02
6.730000000000000000e+02 7.818132324218750000e+02
5.810000000000000000e+02 7.036338500976562500e+02
7.010000000000000000e+02 6.802747802734375000e+02
6.190000000000000000e+02 7.182330932617187500e+02
5.840000000000000000e+02 7.033515625000000000e+02
7.040000000000000000e+02 7.071859741210937500e+02
5.940000000000000000e+02 6.169446411132812500e+02
6.170000000000000000e+02 7.134731445312500000e+02
