5.530000000000000000e+02 5.992296752929687500e+02
5.620000000000000000e+02 6.025543212890625000e+02
6.100000000000000000e+02 6.036838989257812500e+02
5.810000000000000000e+02 5.909406127929687500e+02
5.810000000000000000e+02 5.859965209960937500e+02
6.110000000000000000e+02 6.041218872070312500e+02
4.940000000000000000e+02 6.040773315429687500e+02
5.060000000000000000e+02 5.916875000000000000e+02
5.620000000000000000e+02 6.013589477539062500e+02
5.860000000000000000e+02 5.912069091796875000e+02
5.400000000000000000e+02 6.080887451171875000e+02
6.730000000000000000e+02 6.022269287109375000e+02
6.740000000000000000e+02 5.989736938476562500e+02
7.450000000000000000e+02 6.100806274414062500e+02
7.010000000000000000e+02 5.972098999023437500e+02
6.840000000000000000e+02 5.994824829101562500e+02
7.000000000000000000e+02 6.037730712890625000e+02
5.960000000000000000e+02 6.002655639648437500e+02
5.900000000000000000e+02 5.940433349609375000e+02
6.440000000000000000e+02 5.945773315429687500e+02
6.670000000000000000e+02 6.046168823242187500e+02
6.170000000000000000e+02 6.028696899414062500e+02
6.300000000000000000e+02 5.885892944335937500e+02
4.870000000000000000e+02 6.091865234375000000e+02
5.810000000000000000e+02 6.021648559570312500e+02
5.410000000000000000e+02 6.086458129882812500e+02
6.720000000000000000e+02 6.051812744140625000e+02
5.830000000000000000e+02 6.043257446289062500e+02
7.230000000000000000e+02 6.068567504882812500e+02
5.990000000000000000e+02 6.054337158203125000e+02
