7.230000000000000000e+02 8.215070190429687500e+02
6.930000000000000000e+02 8.421531982421875000e+02
1.052000000000000000e+03 9.053535766601562500e+02
1.055000000000000000e+03 9.403345947265625000e+02
6.890000000000000000e+02 6.886718139648437500e+02
1.048000000000000000e+03 9.078366088867187500e+02
1.422000000000000000e+03 9.697311401367187500e+02
1.044000000000000000e+03 9.322992553710937500e+02
5.020000000000000000e+02 6.002785034179687500e+02
1.053000000000000000e+03 9.469494628906250000e+02
1.060000000000000000e+03 8.451591796875000000e+02
8.730000000000000000e+02 8.438523559570312500e+02
5.260000000000000000e+02 5.238076782226562500e+02
6.990000000000000000e+02 8.854525146484375000e+02
1.046000000000000000e+03 9.084874877929687500e+02
3.350000000000000000e+02 5.682343139648437500e+02
1.412000000000000000e+03 9.320982055664062500e+02
1.044000000000000000e+03 9.266102294921875000e+02
1.055000000000000000e+03 9.137241821289062500e+02
8.730000000000000000e+02 9.072490234375000000e+02
3.600000000000000000e+02 5.769020385742187500e+02
5.150000000000000000e+02 6.199171142578125000e+02
1.043000000000000000e+03 9.078288574218750000e+02
1.232000000000000000e+03 9.560362548828125000e+02
6.890000000000000000e+02 6.069428100585937500e+02
1.059000000000000000e+03 8.884971313476562500e+02
1.048000000000000000e+03 9.549125366210937500e+02
1.047000000000000000e+03 9.905343627929687500e+02
1.234000000000000000e+03 9.418459472656250000e+02
3.290000000000000000e+02 5.034983215332031250e+02
1.227000000000000000e+03 7.235023193359375000e+02
1.045000000000000000e+03 9.909073486328125000e+02
1.235000000000000000e+03 9.816573486328125000e+02
1.046000000000000000e+03 8.719091186523437500e+02
1.049000000000000000e+03 9.893468627929687500e+02
5.120000000000000000e+02 4.962704162597656250e+02
8.710000000000000000e+02 7.428958129882812500e+02
5.110000000000000000e+02 6.186312255859375000e+02
1.049000000000000000e+03 9.217781372070312500e+02
1.063000000000000000e+03 9.144207763671875000e+02
3.410000000000000000e+02 5.687288818359375000e+02
1.065000000000000000e+03 9.645207519531250000e+02
5.030000000000000000e+02 7.296154785156250000e+02
3.330000000000000000e+02 6.420420532226562500e+02
3.450000000000000000e+02 5.403522338867187500e+02
3.390000000000000000e+02 5.270902099609375000e+02
3.430000000000000000e+02 5.774890136718750000e+02
1.230000000000000000e+03 6.332443237304687500e+02
8.680000000000000000e+02 6.840965576171875000e+02
5.110000000000000000e+02 7.784143676757812500e+02
1.226000000000000000e+03 8.032744140625000000e+02
5.100000000000000000e+02 5.322876586914062500e+02
8.680000000000000000e+02 9.454334106445312500e+02
1.049000000000000000e+03 5.573521728515625000e+02
3.300000000000000000e+02 5.591294555664062500e+02
6.980000000000000000e+02 9.401392822265625000e+02
6.880000000000000000e+02 5.975458984375000000e+02
5.120000000000000000e+02 5.592648315429687500e+02
8.650000000000000000e+02 9.031524047851562500e+02
1.229000000000000000e+03 9.708697509765625000e+02
6.930000000000000000e+02 7.896820678710937500e+02
8.700000000000000000e+02 5.895969238281250000e+02
6.900000000000000000e+02 7.693827514648437500e+02
8.380000000000000000e+02 9.498173217773437500e+02
8.610000000000000000e+02 6.806874389648437500e+02
6.910000000000000000e+02 6.939811401367187500e+02
6.860000000000000000e+02 8.386621093750000000e+02
8.690000000000000000e+02 7.913584594726562500e+02
8.570000000000000000e+02 8.107459716796875000e+02
8.740000000000000000e+02 8.527835083007812500e+02
3.300000000000000000e+02 5.411158447265625000e+02
1.412000000000000000e+03 9.417028808593750000e+02
3.290000000000000000e+02 4.995582580566406250e+02
3.270000000000000000e+02 5.702871093750000000e+02
8.680000000000000000e+02 8.080681152343750000e+02
1.055000000000000000e+03 6.585887451171875000e+02
1.230000000000000000e+03 8.415041503906250000e+02
1.224000000000000000e+03 9.643946533203125000e+02
5.240000000000000000e+02 5.906428833007812500e+02
3.260000000000000000e+02 6.787855224609375000e+02
6.950000000000000000e+02 9.059627075195312500e+02
8.700000000000000000e+02 8.315314331054687500e+02
3.290000000000000000e+02 5.366585693359375000e+02
6.870000000000000000e+02 9.061646118164062500e+02
1.055000000000000000e+03 8.845254516601562500e+02
5.100000000000000000e+02 5.032528686523437500e+02
1.412000000000000000e+03 8.581771850585937500e+02
8.600000000000000000e+02 7.595790405273437500e+02
6.850000000000000000e+02 5.660046386718750000e+02
6.870000000000000000e+02 8.666221313476562500e+02
1.231000000000000000e+03 9.855046386718750000e+02
8.700000000000000000e+02 8.926616821289062500e+02
6.910000000000000000e+02 7.889951782226562500e+02
3.370000000000000000e+02 7.385416259765625000e+02
6.770000000000000000e+02 8.461441650390625000e+02
1.403000000000000000e+03 5.927967529296875000e+02
6.940000000000000000e+02 9.290304565429687500e+02
6.810000000000000000e+02 6.495738525390625000e+02
6.910000000000000000e+02 8.838984375000000000e+02
8.620000000000000000e+02 8.688435668945312500e+02
8.840000000000000000e+02 9.199619140625000000e+02
8.790000000000000000e+02 6.483942871093750000e+02
7.150000000000000000e+02 8.467434692382812500e+02
3.260000000000000000e+02 6.860162353515625000e+02
5.110000000000000000e+02 6.621109008789062500e+02
6.940000000000000000e+02 6.998325805664062500e+02
3.270000000000000000e+02 7.123748168945312500e+02
1.045000000000000000e+03 9.825447998046875000e+02
5.250000000000000000e+02 7.138811035156250000e+02
3.300000000000000000e+02 4.778021545410156250e+02
5.080000000000000000e+02 7.137691040039062500e+02
