6.230000000000000000e+02 6.468947753906250000e+02
7.120000000000000000e+02 6.195272216796875000e+02
6.200000000000000000e+02 6.522997436523437500e+02
7.070000000000000000e+02 6.302644653320312500e+02
7.280000000000000000e+02 6.078544311523437500e+02
5.520000000000000000e+02 6.331756591796875000e+02
6.300000000000000000e+02 6.004830932617187500e+02
5.140000000000000000e+02 5.542145996093750000e+02
6.960000000000000000e+02 6.006124267578125000e+02
4.910000000000000000e+02 5.913467407226562500e+02
6.100000000000000000e+02 6.238027343750000000e+02
7.450000000000000000e+02 5.867999877929687500e+02
5.400000000000000000e+02 5.738480224609375000e+02
6.170000000000000000e+02 6.131566162109375000e+02
6.180000000000000000e+02 6.207994995117187500e+02
7.460000000000000000e+02 6.115993041992187500e+02
5.310000000000000000e+02 6.042203369140625000e+02
5.690000000000000000e+02 6.165869140625000000e+02
6.650000000000000000e+02 5.720567626953125000e+02
6.180000000000000000e+02 5.658439941406250000e+02
7.440000000000000000e+02 6.174835815429687500e+02
4.930000000000000000e+02 7.746672973632812500e+02
5.810000000000000000e+02 6.178845825195312500e+02
6.170000000000000000e+02 5.584089965820312500e+02
6.950000000000000000e+02 5.731787719726562500e+02
4.940000000000000000e+02 5.870205688476562500e+02
4.890000000000000000e+02 6.303107910156250000e+02
6.000000000000000000e+02 6.466651000976562500e+02
4.870000000000000000e+02 5.755139160156250000e+02
4.870000000000000000e+02 6.556283569335937500e+02
7.330000000000000000e+02 6.652928466796875000e+02
6.230000000000000000e+02 5.935654296875000000e+02
5.890000000000000000e+02 6.368560180664062500e+02
6.790000000000000000e+02 6.468026733398437500e+02
5.620000000000000000e+02 6.159685058593750000e+02
6.740000000000000000e+02 5.587839965820312500e+02
5.910000000000000000e+02 5.955858154296875000e+02
6.260000000000000000e+02 5.970837402343750000e+02
7.560000000000000000e+02 5.735584106445312500e+02
6.610000000000000000e+02 6.100285644531250000e+02
6.970000000000000000e+02 6.354237670898437500e+02
7.130000000000000000e+02 6.399036254882812500e+02
5.810000000000000000e+02 6.221525878906250000e+02
6.840000000000000000e+02 6.416253662109375000e+02
5.810000000000000000e+02 6.133210449218750000e+02
7.330000000000000000e+02 6.600799560546875000e+02
5.340000000000000000e+02 6.541262207031250000e+02
6.390000000000000000e+02 6.703533935546875000e+02
7.230000000000000000e+02 5.903855590820312500e+02
5.170000000000000000e+02 6.690472412109375000e+02
6.200000000000000000e+02 6.041995849609375000e+02
6.170000000000000000e+02 6.394015502929687500e+02
5.620000000000000000e+02 6.112920532226562500e+02
6.440000000000000000e+02 6.564375000000000000e+02
6.230000000000000000e+02 6.172188720703125000e+02
5.730000000000000000e+02 6.511196899414062500e+02
6.660000000000000000e+02 6.117541503906250000e+02
5.690000000000000000e+02 6.336402587890625000e+02
6.650000000000000000e+02 6.226833496093750000e+02
5.460000000000000000e+02 6.846224975585937500e+02
6.260000000000000000e+02 6.312941894531250000e+02
5.510000000000000000e+02 6.016121215820312500e+02
6.300000000000000000e+02 6.238336181640625000e+02
5.980000000000000000e+02 6.526854248046875000e+02
6.740000000000000000e+02 5.678718872070312500e+02
6.090000000000000000e+02 5.951954345703125000e+02
7.070000000000000000e+02 6.048385620117187500e+02
6.110000000000000000e+02 5.504099731445312500e+02
7.000000000000000000e+02 5.845374145507812500e+02
4.980000000000000000e+02 5.653890380859375000e+02
5.830000000000000000e+02 6.206495971679687500e+02
5.380000000000000000e+02 6.483337402343750000e+02
6.150000000000000000e+02 5.919806518554687500e+02
5.030000000000000000e+02 6.318210449218750000e+02
5.880000000000000000e+02 6.006198730468750000e+02
5.460000000000000000e+02 6.088285522460937500e+02
6.260000000000000000e+02 5.949113159179687500e+02
5.330000000000000000e+02 6.077825317382812500e+02
6.080000000000000000e+02 6.383015747070312500e+02
5.380000000000000000e+02 6.207531127929687500e+02
6.640000000000000000e+02 5.924843750000000000e+02
6.020000000000000000e+02 5.622682495117187500e+02
6.920000000000000000e+02 5.570011596679687500e+02
6.480000000000000000e+02 6.092390136718750000e+02
5.760000000000000000e+02 5.203005371093750000e+02
6.960000000000000000e+02 6.776721191406250000e+02
5.990000000000000000e+02 5.952726440429687500e+02
5.010000000000000000e+02 6.112556152343750000e+02
5.860000000000000000e+02 6.210056152343750000e+02
5.450000000000000000e+02 5.641553955078125000e+02
5.150000000000000000e+02 6.293890380859375000e+02
6.270000000000000000e+02 5.832500000000000000e+02
5.230000000000000000e+02 5.604544677734375000e+02
6.010000000000000000e+02 5.610694580078125000e+02
5.930000000000000000e+02 5.653433227539062500e+02
5.100000000000000000e+02 6.219684448242187500e+02
5.990000000000000000e+02 6.580142822265625000e+02
5.410000000000000000e+02 6.611858520507812500e+02
5.670000000000000000e+02 6.262896118164062500e+02
6.430000000000000000e+02 6.072069702148437500e+02
4.970000000000000000e+02 6.060325317382812500e+02
5.840000000000000000e+02 5.880169067382812500e+02
5.060000000000000000e+02 5.907810058593750000e+02
5.900000000000000000e+02 6.434781494140625000e+02
4.910000000000000000e+02 6.205447387695312500e+02
5.790000000000000000e+02 6.052294921875000000e+02
5.190000000000000000e+02 5.938625488281250000e+02
6.150000000000000000e+02 5.824165649414062500e+02
5.860000000000000000e+02 5.998328247070312500e+02
6.670000000000000000e+02 6.456037597656250000e+02
5.830000000000000000e+02 6.204280395507812500e+02
6.000000000000000000e+02 5.854140625000000000e+02
5.760000000000000000e+02 5.703263549804687500e+02
6.750000000000000000e+02 6.530175170898437500e+02
5.790000000000000000e+02 5.655312500000000000e+02
6.520000000000000000e+02 6.056756591796875000e+02
5.350000000000000000e+02 6.591504516601562500e+02
6.110000000000000000e+02 5.664484252929687500e+02
6.070000000000000000e+02 6.488244628906250000e+02
6.950000000000000000e+02 6.423234252929687500e+02
6.740000000000000000e+02 6.546368408203125000e+02
5.270000000000000000e+02 6.450427246093750000e+02
5.610000000000000000e+02 6.177162475585937500e+02
5.270000000000000000e+02 6.360398559570312500e+02
6.170000000000000000e+02 5.943510131835937500e+02
5.660000000000000000e+02 6.229414062500000000e+02
6.510000000000000000e+02 5.704153442382812500e+02
5.500000000000000000e+02 5.634549560546875000e+02
6.260000000000000000e+02 5.898535766601562500e+02
5.820000000000000000e+02 6.340114746093750000e+02
6.810000000000000000e+02 6.176603393554687500e+02
5.940000000000000000e+02 5.998459472656250000e+02
6.790000000000000000e+02 6.215056152343750000e+02
5.750000000000000000e+02 5.960368041992187500e+02
6.660000000000000000e+02 5.869642333984375000e+02
5.530000000000000000e+02 6.028928833007812500e+02
6.540000000000000000e+02 5.988812255859375000e+02
5.190000000000000000e+02 6.157236328125000000e+02
5.830000000000000000e+02 6.270027465820312500e+02
6.720000000000000000e+02 6.095568847656250000e+02
5.300000000000000000e+02 6.516127319335937500e+02
6.240000000000000000e+02 6.781027221679687500e+02
7.160000000000000000e+02 6.007953491210937500e+02
4.940000000000000000e+02 6.215057373046875000e+02
5.960000000000000000e+02 6.289719848632812500e+02
6.300000000000000000e+02 5.874419555664062500e+02
4.970000000000000000e+02 5.985244750976562500e+02
5.880000000000000000e+02 6.254056396484375000e+02
5.480000000000000000e+02 6.406279296875000000e+02
6.350000000000000000e+02 6.010732421875000000e+02
5.120000000000000000e+02 6.388912963867187500e+02
6.050000000000000000e+02 6.240574340820312500e+02
5.570000000000000000e+02 6.375816650390625000e+02
6.400000000000000000e+02 6.464488525390625000e+02
5.100000000000000000e+02 5.802374877929687500e+02
6.010000000000000000e+02 6.180509033203125000e+02
7.080000000000000000e+02 5.764156494140625000e+02
5.860000000000000000e+02 6.142734985351562500e+02
6.830000000000000000e+02 6.176597900390625000e+02
4.900000000000000000e+02 5.901771850585937500e+02
5.710000000000000000e+02 5.815651855468750000e+02
5.500000000000000000e+02 6.597457275390625000e+02
6.330000000000000000e+02 6.086939697265625000e+02
5.500000000000000000e+02 6.047589721679687500e+02
6.700000000000000000e+02 6.109548339843750000e+02
5.480000000000000000e+02 5.710657348632812500e+02
5.470000000000000000e+02 6.211008911132812500e+02
6.340000000000000000e+02 6.231854858398437500e+02
5.560000000000000000e+02 6.364587402343750000e+02
6.310000000000000000e+02 6.891113281250000000e+02
5.690000000000000000e+02 6.028426513671875000e+02
6.890000000000000000e+02 5.796940917968750000e+02
5.580000000000000000e+02 5.876252441406250000e+02
6.780000000000000000e+02 5.876978149414062500e+02
7.100000000000000000e+02 6.588447265625000000e+02
5.770000000000000000e+02 6.127119750976562500e+02
5.690000000000000000e+02 6.437583618164062500e+02
5.530000000000000000e+02 6.093212890625000000e+02
6.730000000000000000e+02 5.553108520507812500e+02
5.810000000000000000e+02 6.694268188476562500e+02
7.010000000000000000e+02 6.111066284179687500e+02
6.190000000000000000e+02 6.038846435546875000e+02
5.840000000000000000e+02 6.357252807617187500e+02
7.040000000000000000e+02 6.149416503906250000e+02
5.940000000000000000e+02 6.372067260742187500e+02
6.170000000000000000e+02 6.025117797851562500e+02
