6.260000000000000000e+02 6.006674194335937500e+02
5.570000000000000000e+02 6.014662475585937500e+02
5.340000000000000000e+02 5.935017089843750000e+02
4.970000000000000000e+02 6.020145263671875000e+02
5.150000000000000000e+02 5.974817504882812500e+02
6.020000000000000000e+02 6.004631958007812500e+02
4.940000000000000000e+02 5.991101074218750000e+02
5.560000000000000000e+02 5.990260620117187500e+02
5.690000000000000000e+02 5.981885375976562500e+02
5.100000000000000000e+02 5.996912841796875000e+02
5.190000000000000000e+02 5.972150878906250000e+02
7.560000000000000000e+02 6.016729736328125000e+02
6.400000000000000000e+02 6.019035034179687500e+02
6.390000000000000000e+02 5.941363525390625000e+02
5.840000000000000000e+02 6.017266235351562500e+02
6.270000000000000000e+02 5.980226440429687500e+02
6.920000000000000000e+02 5.946496582031250000e+02
5.960000000000000000e+02 5.982788696289062500e+02
6.310000000000000000e+02 5.997712402343750000e+02
6.890000000000000000e+02 6.009842529296875000e+02
5.990000000000000000e+02 6.005958251953125000e+02
6.150000000000000000e+02 6.008218383789062500e+02
6.230000000000000000e+02 6.027722778320312500e+02
5.940000000000000000e+02 5.966673583984375000e+02
5.610000000000000000e+02 5.900735473632812500e+02
5.810000000000000000e+02 5.999822998046875000e+02
6.960000000000000000e+02 5.959651489257812500e+02
6.190000000000000000e+02 5.997639160156250000e+02
6.610000000000000000e+02 6.006006469726562500e+02
6.740000000000000000e+02 5.975046997070312500e+02
