8.750000000000000000e+02 6.593585815429687500e+02
5.110000000000000000e+02 6.320933837890625000e+02
6.860000000000000000e+02 8.959545288085937500e+02
6.880000000000000000e+02 8.399578247070312500e+02
5.120000000000000000e+02 5.405338134765625000e+02
1.401000000000000000e+03 9.608936767578125000e+02
8.710000000000000000e+02 9.190591430664062500e+02
5.090000000000000000e+02 8.025772705078125000e+02
1.047000000000000000e+03 9.447892456054687500e+02
6.870000000000000000e+02 8.197383422851562500e+02
1.055000000000000000e+03 9.163170166015625000e+02
3.270000000000000000e+02 5.519861450195312500e+02
1.228000000000000000e+03 6.290089111328125000e+02
3.290000000000000000e+02 5.309086914062500000e+02
6.940000000000000000e+02 7.022797241210937500e+02
1.045000000000000000e+03 7.505496215820312500e+02
3.300000000000000000e+02 7.230765991210937500e+02
1.046000000000000000e+03 5.856828002929687500e+02
8.630000000000000000e+02 7.518965454101562500e+02
8.710000000000000000e+02 6.817141723632812500e+02
6.890000000000000000e+02 6.945963745117187500e+02
8.720000000000000000e+02 7.935385131835937500e+02
3.290000000000000000e+02 7.024105224609375000e+02
8.730000000000000000e+02 8.047333984375000000e+02
5.110000000000000000e+02 8.192531738281250000e+02
5.250000000000000000e+02 6.899325561523437500e+02
8.600000000000000000e+02 5.775270385742187500e+02
8.780000000000000000e+02 5.813997192382812500e+02
1.062000000000000000e+03 9.073770751953125000e+02
8.800000000000000000e+02 9.198603515625000000e+02
5.080000000000000000e+02 8.714560546875000000e+02
8.770000000000000000e+02 7.710072021484375000e+02
8.800000000000000000e+02 9.384861450195312500e+02
1.055000000000000000e+03 7.362537231445312500e+02
1.046000000000000000e+03 9.122891235351562500e+02
1.043000000000000000e+03 8.591973876953125000e+02
8.740000000000000000e+02 8.405500488281250000e+02
1.052000000000000000e+03 9.210625000000000000e+02
3.270000000000000000e+02 8.758961791992187500e+02
5.240000000000000000e+02 5.953416748046875000e+02
8.710000000000000000e+02 6.620336303710937500e+02
6.890000000000000000e+02 9.051319580078125000e+02
3.290000000000000000e+02 6.796663818359375000e+02
3.230000000000000000e+02 5.536322021484375000e+02
1.058000000000000000e+03 6.801782836914062500e+02
6.900000000000000000e+02 7.639016113281250000e+02
1.055000000000000000e+03 9.519335937500000000e+02
6.850000000000000000e+02 7.927421875000000000e+02
6.810000000000000000e+02 7.549714355468750000e+02
8.660000000000000000e+02 9.039821166992187500e+02
6.920000000000000000e+02 7.254813842773437500e+02
1.418000000000000000e+03 8.797203369140625000e+02
3.340000000000000000e+02 6.225773315429687500e+02
1.046000000000000000e+03 9.307585449218750000e+02
6.980000000000000000e+02 9.290175781250000000e+02
3.450000000000000000e+02 6.081569824218750000e+02
1.231000000000000000e+03 9.474822387695312500e+02
3.260000000000000000e+02 6.365009765625000000e+02
1.233000000000000000e+03 9.307365112304687500e+02
5.050000000000000000e+02 6.365323486328125000e+02
6.890000000000000000e+02 6.681744995117187500e+02
5.020000000000000000e+02 8.315127563476562500e+02
3.320000000000000000e+02 6.499201660156250000e+02
1.231000000000000000e+03 9.485842895507812500e+02
5.150000000000000000e+02 6.038093872070312500e+02
3.340000000000000000e+02 5.717296142578125000e+02
8.740000000000000000e+02 9.140921020507812500e+02
1.403000000000000000e+03 7.684576416015625000e+02
6.900000000000000000e+02 6.141805419921875000e+02
8.660000000000000000e+02 9.318590087890625000e+02
3.300000000000000000e+02 6.031762084960937500e+02
6.870000000000000000e+02 9.125723876953125000e+02
6.940000000000000000e+02 7.975093383789062500e+02
5.140000000000000000e+02 6.448783569335937500e+02
1.051000000000000000e+03 8.995349121093750000e+02
1.418000000000000000e+03 9.069025878906250000e+02
1.050000000000000000e+03 8.786428222656250000e+02
1.048000000000000000e+03 9.131641845703125000e+02
5.040000000000000000e+02 4.803292541503906250e+02
1.422000000000000000e+03 9.543046264648437500e+02
3.300000000000000000e+02 6.115061035156250000e+02
7.030000000000000000e+02 7.876836547851562500e+02
1.056000000000000000e+03 9.602689208984375000e+02
1.055000000000000000e+03 6.089140625000000000e+02
6.830000000000000000e+02 6.785545654296875000e+02
1.407000000000000000e+03 9.246445922851562500e+02
1.063000000000000000e+03 8.982946777343750000e+02
1.055000000000000000e+03 9.322138061523437500e+02
6.930000000000000000e+02 8.538840942382812500e+02
1.227000000000000000e+03 9.500191650390625000e+02
1.422000000000000000e+03 8.985292968750000000e+02
8.380000000000000000e+02 9.507467041015625000e+02
8.700000000000000000e+02 8.057714843750000000e+02
6.870000000000000000e+02 9.059622192382812500e+02
6.930000000000000000e+02 7.427867431640625000e+02
6.910000000000000000e+02 8.524675292968750000e+02
5.030000000000000000e+02 6.995159301757812500e+02
8.680000000000000000e+02 8.082183227539062500e+02
6.950000000000000000e+02 9.199805908203125000e+02
8.780000000000000000e+02 8.121949462890625000e+02
3.260000000000000000e+02 5.801201782226562500e+02
8.700000000000000000e+02 8.625040283203125000e+02
1.060000000000000000e+03 9.119462280273437500e+02
8.690000000000000000e+02 7.729234008789062500e+02
1.047000000000000000e+03 7.266995849609375000e+02
1.224000000000000000e+03 9.492009887695312500e+02
5.090000000000000000e+02 6.431311645507812500e+02
8.620000000000000000e+02 8.318983154296875000e+02
