6.920000000000000000e+02 7.426437377929687500e+02
1.051000000000000000e+03 7.997459106445312500e+02
7.010000000000000000e+02 7.315519409179687500e+02
8.800000000000000000e+02 8.461348876953125000e+02
3.260000000000000000e+02 6.031610717773437500e+02
5.030000000000000000e+02 6.934100341796875000e+02
1.045000000000000000e+03 6.638262939453125000e+02
1.055000000000000000e+03 8.554631958007812500e+02
6.910000000000000000e+02 7.057810668945312500e+02
8.740000000000000000e+02 8.207650146484375000e+02
8.690000000000000000e+02 7.843522338867187500e+02
1.040000000000000000e+03 8.615773315429687500e+02
3.300000000000000000e+02 6.333211669921875000e+02
3.470000000000000000e+02 6.052546997070312500e+02
6.810000000000000000e+02 7.779845581054687500e+02
6.930000000000000000e+02 5.832944946289062500e+02
6.900000000000000000e+02 7.546036376953125000e+02
8.680000000000000000e+02 7.518796997070312500e+02
1.048000000000000000e+03 8.900427856445312500e+02
6.940000000000000000e+02 8.653673095703125000e+02
3.290000000000000000e+02 5.585225219726562500e+02
8.660000000000000000e+02 8.114364624023437500e+02
1.047000000000000000e+03 9.284502563476562500e+02
8.380000000000000000e+02 9.308752441406250000e+02
5.120000000000000000e+02 5.520642700195312500e+02
8.710000000000000000e+02 7.306038818359375000e+02
1.046000000000000000e+03 8.284567260742187500e+02
1.042000000000000000e+03 7.057830200195312500e+02
1.046000000000000000e+03 9.179133911132812500e+02
6.910000000000000000e+02 7.561693725585937500e+02
7.030000000000000000e+02 8.444602661132812500e+02
8.650000000000000000e+02 8.209606933593750000e+02
1.043000000000000000e+03 7.117948608398437500e+02
5.250000000000000000e+02 6.268794555664062500e+02
1.227000000000000000e+03 7.338595581054687500e+02
8.800000000000000000e+02 7.003479614257812500e+02
8.700000000000000000e+02 7.718955078125000000e+02
3.300000000000000000e+02 5.337994384765625000e+02
3.310000000000000000e+02 6.308387451171875000e+02
8.710000000000000000e+02 7.876725463867187500e+02
1.049000000000000000e+03 7.129263305664062500e+02
5.180000000000000000e+02 8.597717285156250000e+02
1.049000000000000000e+03 8.743494873046875000e+02
1.230000000000000000e+03 9.291601562500000000e+02
6.920000000000000000e+02 6.513416137695312500e+02
3.300000000000000000e+02 5.204109497070312500e+02
3.320000000000000000e+02 6.496229248046875000e+02
6.870000000000000000e+02 8.615325927734375000e+02
3.320000000000000000e+02 6.045554809570312500e+02
1.223000000000000000e+03 8.756196899414062500e+02
1.054000000000000000e+03 8.825692749023437500e+02
3.310000000000000000e+02 5.506428222656250000e+02
8.700000000000000000e+02 7.990430908203125000e+02
3.340000000000000000e+02 5.264841308593750000e+02
3.290000000000000000e+02 5.979779663085937500e+02
6.870000000000000000e+02 8.515805053710937500e+02
5.140000000000000000e+02 6.380310058593750000e+02
8.700000000000000000e+02 9.167704467773437500e+02
1.048000000000000000e+03 8.217870483398437500e+02
5.070000000000000000e+02 6.700116577148437500e+02
6.920000000000000000e+02 6.002666015625000000e+02
5.140000000000000000e+02 6.874365844726562500e+02
1.231000000000000000e+03 8.061812744140625000e+02
1.055000000000000000e+03 8.881878662109375000e+02
1.064000000000000000e+03 9.344492797851562500e+02
8.840000000000000000e+02 8.635443115234375000e+02
1.052000000000000000e+03 9.526387939453125000e+02
8.730000000000000000e+02 8.002192993164062500e+02
1.049000000000000000e+03 8.268435058593750000e+02
1.050000000000000000e+03 8.013053588867187500e+02
6.900000000000000000e+02 6.418524780273437500e+02
6.930000000000000000e+02 8.119501342773437500e+02
6.870000000000000000e+02 8.124589843750000000e+02
6.900000000000000000e+02 7.723609008789062500e+02
5.160000000000000000e+02 7.410812988281250000e+02
6.830000000000000000e+02 6.748992309570312500e+02
1.045000000000000000e+03 7.611469116210937500e+02
8.750000000000000000e+02 5.994848022460937500e+02
8.700000000000000000e+02 6.740499267578125000e+02
1.058000000000000000e+03 9.873999633789062500e+02
3.370000000000000000e+02 7.438258666992187500e+02
3.290000000000000000e+02 6.474953002929687500e+02
5.110000000000000000e+02 7.467438964843750000e+02
6.860000000000000000e+02 6.530178222656250000e+02
8.780000000000000000e+02 7.502089233398437500e+02
6.980000000000000000e+02 8.777442626953125000e+02
8.720000000000000000e+02 7.216237182617187500e+02
8.580000000000000000e+02 7.108499755859375000e+02
6.980000000000000000e+02 7.769525146484375000e+02
8.700000000000000000e+02 7.677665405273437500e+02
3.260000000000000000e+02 6.049869384765625000e+02
3.370000000000000000e+02 5.373713989257812500e+02
8.670000000000000000e+02 9.293732910156250000e+02
8.620000000000000000e+02 8.555204467773437500e+02
3.300000000000000000e+02 5.943070068359375000e+02
5.100000000000000000e+02 5.410323486328125000e+02
3.300000000000000000e+02 5.620954589843750000e+02
6.900000000000000000e+02 6.920211791992187500e+02
5.180000000000000000e+02 6.602821044921875000e+02
7.150000000000000000e+02 7.859800415039062500e+02
1.045000000000000000e+03 8.325707397460937500e+02
8.650000000000000000e+02 9.044696655273437500e+02
6.950000000000000000e+02 8.071838989257812500e+02
