8.690000000000000000e+02 8.115808715820312500e+02
6.880000000000000000e+02 5.795578002929687500e+02
1.412000000000000000e+03 8.989627685546875000e+02
3.270000000000000000e+02 5.759827880859375000e+02
1.233000000000000000e+03 8.748875732421875000e+02
6.930000000000000000e+02 9.139589233398437500e+02
1.230000000000000000e+03 7.745940551757812500e+02
3.290000000000000000e+02 6.386141967773437500e+02
6.900000000000000000e+02 8.019406127929687500e+02
8.700000000000000000e+02 7.950443115234375000e+02
3.290000000000000000e+02 5.106204528808593750e+02
8.660000000000000000e+02 7.997737426757812500e+02
8.610000000000000000e+02 6.592863159179687500e+02
5.050000000000000000e+02 6.358896484375000000e+02
3.260000000000000000e+02 6.032535400390625000e+02
1.064000000000000000e+03 9.437350463867187500e+02
1.045000000000000000e+03 9.123565673828125000e+02
3.280000000000000000e+02 5.462619628906250000e+02
1.050000000000000000e+03 9.477556762695312500e+02
4.940000000000000000e+02 5.049813842773437500e+02
5.160000000000000000e+02 6.184729003906250000e+02
1.418000000000000000e+03 9.369485473632812500e+02
3.310000000000000000e+02 5.757008056640625000e+02
1.061000000000000000e+03 6.317939453125000000e+02
3.290000000000000000e+02 6.570634765625000000e+02
1.047000000000000000e+03 8.478011474609375000e+02
3.330000000000000000e+02 6.386032104492187500e+02
1.048000000000000000e+03 8.594328002929687500e+02
8.800000000000000000e+02 9.155219116210937500e+02
6.870000000000000000e+02 7.531968383789062500e+02
6.810000000000000000e+02 7.763955688476562500e+02
3.260000000000000000e+02 6.054110107421875000e+02
8.570000000000000000e+02 8.263804321289062500e+02
5.260000000000000000e+02 5.243156127929687500e+02
5.090000000000000000e+02 6.836580200195312500e+02
6.880000000000000000e+02 8.997228393554687500e+02
5.140000000000000000e+02 6.094366455078125000e+02
5.100000000000000000e+02 6.487850952148437500e+02
1.045000000000000000e+03 9.448663940429687500e+02
3.290000000000000000e+02 7.167758178710937500e+02
3.290000000000000000e+02 4.982040100097656250e+02
1.054000000000000000e+03 8.972975463867187500e+02
3.310000000000000000e+02 6.306976928710937500e+02
8.680000000000000000e+02 8.582154541015625000e+02
5.250000000000000000e+02 7.102203979492187500e+02
8.600000000000000000e+02 6.361619873046875000e+02
6.900000000000000000e+02 7.274225463867187500e+02
6.920000000000000000e+02 8.587448120117187500e+02
1.047000000000000000e+03 7.986868896484375000e+02
3.300000000000000000e+02 5.267667846679687500e+02
1.231000000000000000e+03 6.487384033203125000e+02
1.230000000000000000e+03 5.527860717773437500e+02
1.224000000000000000e+03 8.500791625976562500e+02
1.051000000000000000e+03 9.431817016601562500e+02
1.234000000000000000e+03 8.841168212890625000e+02
1.412000000000000000e+03 9.365925903320312500e+02
3.270000000000000000e+02 5.681332397460937500e+02
8.690000000000000000e+02 8.234733276367187500e+02
1.042000000000000000e+03 9.280225219726562500e+02
6.970000000000000000e+02 8.002819213867187500e+02
6.980000000000000000e+02 9.255675048828125000e+02
8.610000000000000000e+02 8.315006713867187500e+02
7.200000000000000000e+02 5.925811767578125000e+02
3.330000000000000000e+02 6.077911376953125000e+02
5.140000000000000000e+02 5.627175903320312500e+02
6.920000000000000000e+02 8.435650024414062500e+02
3.290000000000000000e+02 4.916233215332031250e+02
8.760000000000000000e+02 8.310404052734375000e+02
3.380000000000000000e+02 6.626369018554687500e+02
3.300000000000000000e+02 5.412988891601562500e+02
8.720000000000000000e+02 6.324341430664062500e+02
8.730000000000000000e+02 5.983357543945312500e+02
1.053000000000000000e+03 9.051813354492187500e+02
8.700000000000000000e+02 9.175985717773437500e+02
6.900000000000000000e+02 7.498436279296875000e+02
6.950000000000000000e+02 6.080100708007812500e+02
8.710000000000000000e+02 6.449130249023437500e+02
1.055000000000000000e+03 9.114208374023437500e+02
1.058000000000000000e+03 9.327918090820312500e+02
1.052000000000000000e+03 9.081624755859375000e+02
1.224000000000000000e+03 9.133846435546875000e+02
5.090000000000000000e+02 5.724425659179687500e+02
7.000000000000000000e+02 8.423933715820312500e+02
1.059000000000000000e+03 8.848112792968750000e+02
8.650000000000000000e+02 9.144378662109375000e+02
6.900000000000000000e+02 6.798580322265625000e+02
8.790000000000000000e+02 8.391560058593750000e+02
8.680000000000000000e+02 9.064882812500000000e+02
8.770000000000000000e+02 9.387351684570312500e+02
1.232000000000000000e+03 8.966624755859375000e+02
5.150000000000000000e+02 6.256849975585937500e+02
3.300000000000000000e+02 6.442343750000000000e+02
1.236000000000000000e+03 8.947930908203125000e+02
1.051000000000000000e+03 8.889205932617187500e+02
6.920000000000000000e+02 6.891660156250000000e+02
8.630000000000000000e+02 7.176340332031250000e+02
8.700000000000000000e+02 8.792781372070312500e+02
1.058000000000000000e+03 6.837048339843750000e+02
8.690000000000000000e+02 9.423699340820312500e+02
6.950000000000000000e+02 8.725966186523437500e+02
1.412000000000000000e+03 9.329843750000000000e+02
8.730000000000000000e+02 8.620042114257812500e+02
8.720000000000000000e+02 6.894778442382812500e+02
5.100000000000000000e+02 5.062738952636718750e+02
5.290000000000000000e+02 5.564989624023437500e+02
6.990000000000000000e+02 6.610138549804687500e+02
