6.230000000000000000e+02 7.658692016601562500e+02
7.120000000000000000e+02 7.508610839843750000e+02
6.200000000000000000e+02 7.214881591796875000e+02
7.070000000000000000e+02 7.200043334960937500e+02
7.280000000000000000e+02 7.087937622070312500e+02
5.520000000000000000e+02 7.027561645507812500e+02
6.300000000000000000e+02 6.921962280273437500e+02
5.140000000000000000e+02 6.081158447265625000e+02
6.960000000000000000e+02 6.842863769531250000e+02
4.910000000000000000e+02 6.858151245117187500e+02
6.100000000000000000e+02 7.556756591796875000e+02
7.450000000000000000e+02 7.817242431640625000e+02
5.400000000000000000e+02 7.745507812500000000e+02
6.170000000000000000e+02 7.429151611328125000e+02
6.180000000000000000e+02 6.903757934570312500e+02
7.460000000000000000e+02 7.273466186523437500e+02
5.310000000000000000e+02 6.824480590820312500e+02
5.690000000000000000e+02 6.987337036132812500e+02
6.650000000000000000e+02 6.888718872070312500e+02
6.180000000000000000e+02 7.101584472656250000e+02
7.440000000000000000e+02 7.667474975585937500e+02
4.930000000000000000e+02 6.900195312500000000e+02
5.810000000000000000e+02 6.942669677734375000e+02
6.170000000000000000e+02 7.000850219726562500e+02
6.950000000000000000e+02 6.978078002929687500e+02
4.940000000000000000e+02 6.579177246093750000e+02
4.890000000000000000e+02 6.554624633789062500e+02
6.000000000000000000e+02 7.363320312500000000e+02
4.870000000000000000e+02 6.599363403320312500e+02
4.870000000000000000e+02 7.619837646484375000e+02
7.330000000000000000e+02 7.748137817382812500e+02
6.230000000000000000e+02 7.205897827148437500e+02
5.890000000000000000e+02 7.418282470703125000e+02
6.790000000000000000e+02 7.772879028320312500e+02
5.620000000000000000e+02 7.401262817382812500e+02
6.740000000000000000e+02 6.907039184570312500e+02
5.910000000000000000e+02 7.077700805664062500e+02
6.260000000000000000e+02 7.281787719726562500e+02
7.560000000000000000e+02 7.294913330078125000e+02
6.610000000000000000e+02 7.500665283203125000e+02
6.970000000000000000e+02 7.352474975585937500e+02
7.130000000000000000e+02 7.436024780273437500e+02
5.810000000000000000e+02 6.650671997070312500e+02
6.840000000000000000e+02 7.221526489257812500e+02
5.810000000000000000e+02 6.706070556640625000e+02
7.330000000000000000e+02 7.132920532226562500e+02
5.340000000000000000e+02 6.387565307617187500e+02
6.390000000000000000e+02 6.489763183593750000e+02
7.230000000000000000e+02 7.648463134765625000e+02
5.170000000000000000e+02 7.587228393554687500e+02
6.200000000000000000e+02 7.150426025390625000e+02
6.170000000000000000e+02 7.059710693359375000e+02
5.620000000000000000e+02 7.271351928710937500e+02
6.440000000000000000e+02 7.356095581054687500e+02
6.230000000000000000e+02 6.848239135742187500e+02
5.730000000000000000e+02 7.219944458007812500e+02
6.660000000000000000e+02 7.345388183593750000e+02
5.690000000000000000e+02 7.402537231445312500e+02
6.650000000000000000e+02 7.253109130859375000e+02
5.460000000000000000e+02 7.787108764648437500e+02
6.260000000000000000e+02 7.391576538085937500e+02
5.510000000000000000e+02 7.022244873046875000e+02
6.300000000000000000e+02 6.938027343750000000e+02
5.980000000000000000e+02 7.483963623046875000e+02
6.740000000000000000e+02 6.734700317382812500e+02
6.090000000000000000e+02 6.735820312500000000e+02
7.070000000000000000e+02 6.444052734375000000e+02
6.110000000000000000e+02 7.420184936523437500e+02
7.000000000000000000e+02 7.272476196289062500e+02
4.980000000000000000e+02 5.921267089843750000e+02
5.830000000000000000e+02 6.915973510742187500e+02
5.380000000000000000e+02 7.477539062500000000e+02
6.150000000000000000e+02 7.698493652343750000e+02
5.030000000000000000e+02 7.104909057617187500e+02
5.880000000000000000e+02 7.170829467773437500e+02
5.460000000000000000e+02 7.091929931640625000e+02
6.260000000000000000e+02 7.291865844726562500e+02
5.330000000000000000e+02 7.202620849609375000e+02
6.080000000000000000e+02 7.536414184570312500e+02
5.380000000000000000e+02 7.105876464843750000e+02
6.640000000000000000e+02 7.145217895507812500e+02
6.020000000000000000e+02 6.939127197265625000e+02
6.920000000000000000e+02 5.852197875976562500e+02
6.480000000000000000e+02 7.107810058593750000e+02
5.760000000000000000e+02 5.347733764648437500e+02
6.960000000000000000e+02 7.304006958007812500e+02
5.990000000000000000e+02 7.252893066406250000e+02
5.010000000000000000e+02 7.189728393554687500e+02
5.860000000000000000e+02 6.944302978515625000e+02
5.450000000000000000e+02 5.665012817382812500e+02
5.150000000000000000e+02 6.833875122070312500e+02
6.270000000000000000e+02 6.849890747070312500e+02
5.230000000000000000e+02 7.150363159179687500e+02
6.010000000000000000e+02 7.332472534179687500e+02
5.930000000000000000e+02 7.054100952148437500e+02
5.100000000000000000e+02 6.706744384765625000e+02
5.990000000000000000e+02 7.472859497070312500e+02
5.410000000000000000e+02 7.518976440429687500e+02
5.670000000000000000e+02 7.338363647460937500e+02
6.430000000000000000e+02 7.441792602539062500e+02
4.970000000000000000e+02 7.336014404296875000e+02
5.840000000000000000e+02 7.565847778320312500e+02
5.060000000000000000e+02 6.673460693359375000e+02
5.900000000000000000e+02 7.034566650390625000e+02
4.910000000000000000e+02 6.841234741210937500e+02
5.790000000000000000e+02 6.707922973632812500e+02
5.190000000000000000e+02 6.502092285156250000e+02
6.150000000000000000e+02 6.980125122070312500e+02
5.860000000000000000e+02 7.038062744140625000e+02
6.670000000000000000e+02 7.460929565429687500e+02
5.830000000000000000e+02 7.270487060546875000e+02
6.000000000000000000e+02 7.140579833984375000e+02
5.760000000000000000e+02 6.465117187500000000e+02
6.750000000000000000e+02 7.665051269531250000e+02
5.790000000000000000e+02 6.523626098632812500e+02
6.520000000000000000e+02 7.141354370117187500e+02
5.350000000000000000e+02 7.528580932617187500e+02
6.110000000000000000e+02 7.033606567382812500e+02
6.070000000000000000e+02 6.689656982421875000e+02
6.950000000000000000e+02 7.158723754882812500e+02
6.740000000000000000e+02 7.387726440429687500e+02
5.270000000000000000e+02 7.103743286132812500e+02
5.610000000000000000e+02 6.226543579101562500e+02
5.270000000000000000e+02 7.025108032226562500e+02
6.170000000000000000e+02 7.077271118164062500e+02
5.660000000000000000e+02 7.004605712890625000e+02
6.510000000000000000e+02 6.511347045898437500e+02
5.500000000000000000e+02 6.186884155273437500e+02
6.260000000000000000e+02 6.855472412109375000e+02
5.820000000000000000e+02 7.112842407226562500e+02
6.810000000000000000e+02 7.380518798828125000e+02
5.940000000000000000e+02 6.465876464843750000e+02
6.790000000000000000e+02 6.997824096679687500e+02
5.750000000000000000e+02 7.510014038085937500e+02
6.660000000000000000e+02 7.058218383789062500e+02
5.530000000000000000e+02 6.997586059570312500e+02
6.540000000000000000e+02 7.352672119140625000e+02
5.190000000000000000e+02 6.607765502929687500e+02
5.830000000000000000e+02 7.396985473632812500e+02
6.720000000000000000e+02 7.364130249023437500e+02
5.300000000000000000e+02 7.690783691406250000e+02
6.240000000000000000e+02 7.529822998046875000e+02
7.160000000000000000e+02 5.594064941406250000e+02
4.940000000000000000e+02 7.382077636718750000e+02
5.960000000000000000e+02 7.445506591796875000e+02
6.300000000000000000e+02 6.610800781250000000e+02
4.970000000000000000e+02 6.995700073242187500e+02
5.880000000000000000e+02 7.254400024414062500e+02
5.480000000000000000e+02 7.576074829101562500e+02
6.350000000000000000e+02 7.697967529296875000e+02
5.120000000000000000e+02 7.441348266601562500e+02
6.050000000000000000e+02 7.046601562500000000e+02
5.570000000000000000e+02 7.418761596679687500e+02
6.400000000000000000e+02 7.802805175781250000e+02
5.100000000000000000e+02 6.959987792968750000e+02
6.010000000000000000e+02 7.728139038085937500e+02
7.080000000000000000e+02 7.267586059570312500e+02
5.860000000000000000e+02 7.055838012695312500e+02
6.830000000000000000e+02 7.133717651367187500e+02
4.900000000000000000e+02 7.427083740234375000e+02
5.710000000000000000e+02 6.613906860351562500e+02
5.500000000000000000e+02 6.753973999023437500e+02
6.330000000000000000e+02 6.839343872070312500e+02
5.500000000000000000e+02 7.886303100585937500e+02
6.700000000000000000e+02 7.720419311523437500e+02
5.480000000000000000e+02 6.097180786132812500e+02
5.470000000000000000e+02 7.208145141601562500e+02
6.340000000000000000e+02 7.340328369140625000e+02
5.560000000000000000e+02 7.052628173828125000e+02
6.310000000000000000e+02 7.315921630859375000e+02
5.690000000000000000e+02 6.847715454101562500e+02
6.890000000000000000e+02 6.789512329101562500e+02
5.580000000000000000e+02 6.813662719726562500e+02
6.780000000000000000e+02 7.007480468750000000e+02
7.100000000000000000e+02 7.542169189453125000e+02
5.770000000000000000e+02 6.796434936523437500e+02
5.690000000000000000e+02 7.298919067382812500e+02
5.530000000000000000e+02 7.267449340820312500e+02
6.730000000000000000e+02 7.331903686523437500e+02
5.810000000000000000e+02 7.106988525390625000e+02
7.010000000000000000e+02 6.798236083984375000e+02
6.190000000000000000e+02 6.990527343750000000e+02
5.840000000000000000e+02 7.205415649414062500e+02
7.040000000000000000e+02 6.648529663085937500e+02
5.940000000000000000e+02 6.144889526367187500e+02
6.170000000000000000e+02 6.928803100585937500e+02
