5.140000000000000000e+02 5.729788208007812500e+02
3.240000000000000000e+02 5.223543701171875000e+02
3.270000000000000000e+02 6.130457153320312500e+02
1.227000000000000000e+03 9.946182861328125000e+02
1.047000000000000000e+03 6.608826293945312500e+02
8.620000000000000000e+02 8.927396240234375000e+02
8.750000000000000000e+02 6.414364624023437500e+02
1.227000000000000000e+03 8.085699462890625000e+02
6.930000000000000000e+02 8.337813110351562500e+02
3.300000000000000000e+02 4.368802490234375000e+02
3.320000000000000000e+02 5.604444580078125000e+02
1.233000000000000000e+03 7.590882568359375000e+02
7.020000000000000000e+02 7.944600219726562500e+02
1.052000000000000000e+03 8.661834106445312500e+02
1.059000000000000000e+03 9.014697875976562500e+02
3.300000000000000000e+02 5.388692626953125000e+02
3.310000000000000000e+02 5.104606323242187500e+02
5.120000000000000000e+02 5.475882568359375000e+02
3.290000000000000000e+02 5.048945312500000000e+02
1.419000000000000000e+03 8.533155517578125000e+02
1.230000000000000000e+03 9.683120727539062500e+02
5.100000000000000000e+02 5.059558410644531250e+02
1.227000000000000000e+03 6.785266113281250000e+02
8.710000000000000000e+02 7.715816040039062500e+02
6.870000000000000000e+02 9.377671508789062500e+02
6.770000000000000000e+02 8.840728149414062500e+02
5.130000000000000000e+02 7.207420654296875000e+02
3.270000000000000000e+02 6.191675415039062500e+02
8.730000000000000000e+02 9.287449340820312500e+02
3.340000000000000000e+02 5.473920288085937500e+02
1.061000000000000000e+03 6.700140991210937500e+02
3.330000000000000000e+02 6.185220947265625000e+02
1.051000000000000000e+03 8.367286376953125000e+02
6.870000000000000000e+02 6.664544677734375000e+02
3.280000000000000000e+02 6.642078247070312500e+02
3.300000000000000000e+02 4.926976318359375000e+02
6.950000000000000000e+02 9.503992919921875000e+02
8.690000000000000000e+02 8.670989379882812500e+02
1.055000000000000000e+03 6.808383178710937500e+02
1.055000000000000000e+03 9.689066772460937500e+02
1.050000000000000000e+03 8.903964843750000000e+02
3.290000000000000000e+02 5.186904907226562500e+02
8.760000000000000000e+02 8.248839721679687500e+02
8.710000000000000000e+02 6.188496093750000000e+02
1.048000000000000000e+03 8.745949707031250000e+02
3.240000000000000000e+02 5.867780761718750000e+02
8.700000000000000000e+02 8.769949951171875000e+02
1.062000000000000000e+03 9.320118408203125000e+02
1.055000000000000000e+03 9.588837280273437500e+02
1.051000000000000000e+03 9.557864379882812500e+02
3.300000000000000000e+02 4.990410156250000000e+02
1.414000000000000000e+03 9.878533325195312500e+02
5.130000000000000000e+02 7.297392578125000000e+02
8.720000000000000000e+02 7.953142700195312500e+02
6.950000000000000000e+02 5.696507568359375000e+02
3.380000000000000000e+02 5.934764404296875000e+02
1.403000000000000000e+03 6.001750488281250000e+02
1.065000000000000000e+03 9.766483764648437500e+02
8.760000000000000000e+02 8.404875488281250000e+02
3.250000000000000000e+02 4.860657958984375000e+02
3.470000000000000000e+02 5.619340209960937500e+02
5.240000000000000000e+02 6.106353759765625000e+02
1.239000000000000000e+03 9.934542236328125000e+02
6.990000000000000000e+02 8.629658813476562500e+02
1.051000000000000000e+03 9.516148681640625000e+02
8.700000000000000000e+02 9.539917602539062500e+02
6.890000000000000000e+02 8.544266357421875000e+02
1.048000000000000000e+03 1.023173522949218750e+03
1.230000000000000000e+03 6.562752075195312500e+02
1.230000000000000000e+03 6.916803588867187500e+02
5.140000000000000000e+02 5.218121337890625000e+02
3.300000000000000000e+02 5.182719726562500000e+02
5.030000000000000000e+02 6.804124755859375000e+02
8.700000000000000000e+02 8.295585327148437500e+02
6.900000000000000000e+02 6.947351074218750000e+02
6.940000000000000000e+02 8.475775756835937500e+02
8.710000000000000000e+02 8.733161010742187500e+02
1.225000000000000000e+03 8.583238525390625000e+02
5.280000000000000000e+02 7.050028076171875000e+02
6.800000000000000000e+02 6.397307128906250000e+02
1.046000000000000000e+03 9.787439575195312500e+02
5.090000000000000000e+02 5.678306274414062500e+02
5.100000000000000000e+02 4.934797973632812500e+02
3.290000000000000000e+02 4.844770812988281250e+02
1.233000000000000000e+03 9.304284667968750000e+02
8.690000000000000000e+02 8.111650390625000000e+02
6.870000000000000000e+02 9.114163818359375000e+02
1.231000000000000000e+03 6.365412597656250000e+02
8.710000000000000000e+02 9.313794555664062500e+02
1.055000000000000000e+03 8.786835937500000000e+02
3.390000000000000000e+02 5.602023925781250000e+02
7.200000000000000000e+02 5.706386718750000000e+02
3.290000000000000000e+02 6.337521362304687500e+02
1.049000000000000000e+03 8.255502319335937500e+02
5.020000000000000000e+02 7.936809692382812500e+02
3.410000000000000000e+02 5.257301025390625000e+02
8.700000000000000000e+02 7.717401733398437500e+02
4.940000000000000000e+02 4.655118103027343750e+02
8.720000000000000000e+02 5.810569458007812500e+02
1.042000000000000000e+03 8.830971069335937500e+02
5.250000000000000000e+02 6.388726806640625000e+02
1.422000000000000000e+03 9.398651733398437500e+02
6.950000000000000000e+02 9.001013183593750000e+02
3.380000000000000000e+02 5.388331909179687500e+02
6.920000000000000000e+02 6.751679077148437500e+02
1.060000000000000000e+03 8.260752563476562500e+02
