6.920000000000000000e+02 9.819841918945312500e+02
1.051000000000000000e+03 9.819843139648437500e+02
7.010000000000000000e+02 9.819841918945312500e+02
8.800000000000000000e+02 9.819849243164062500e+02
3.260000000000000000e+02 9.819835815429687500e+02
5.030000000000000000e+02 9.819844970703125000e+02
1.045000000000000000e+03 9.819835205078125000e+02
1.055000000000000000e+03 9.819844360351562500e+02
6.910000000000000000e+02 9.819833984375000000e+02
8.740000000000000000e+02 9.819846801757812500e+02
8.690000000000000000e+02 9.819841308593750000e+02
1.040000000000000000e+03 9.819847412109375000e+02
3.300000000000000000e+02 9.819829711914062500e+02
3.470000000000000000e+02 9.819827270507812500e+02
6.810000000000000000e+02 9.819847412109375000e+02
6.930000000000000000e+02 9.819822387695312500e+02
6.900000000000000000e+02 9.819846191406250000e+02
8.680000000000000000e+02 9.819841918945312500e+02
1.048000000000000000e+03 9.819844360351562500e+02
6.940000000000000000e+02 9.819843139648437500e+02
3.290000000000000000e+02 9.819810180664062500e+02
8.660000000000000000e+02 9.819844970703125000e+02
1.047000000000000000e+03 9.819865722656250000e+02
8.380000000000000000e+02 9.819852294921875000e+02
5.120000000000000000e+02 9.819852294921875000e+02
8.710000000000000000e+02 9.819846191406250000e+02
1.046000000000000000e+03 9.819847412109375000e+02
1.042000000000000000e+03 9.819828491210937500e+02
1.046000000000000000e+03 9.819854125976562500e+02
6.910000000000000000e+02 9.819837646484375000e+02
7.030000000000000000e+02 9.819859008789062500e+02
8.650000000000000000e+02 9.819841308593750000e+02
1.043000000000000000e+03 9.819849243164062500e+02
5.250000000000000000e+02 9.819837036132812500e+02
1.227000000000000000e+03 9.819849853515625000e+02
8.800000000000000000e+02 9.819840698242187500e+02
8.700000000000000000e+02 9.819841918945312500e+02
3.300000000000000000e+02 9.819842529296875000e+02
3.310000000000000000e+02 9.819837036132812500e+02
8.710000000000000000e+02 9.819846191406250000e+02
1.049000000000000000e+03 9.819843750000000000e+02
5.180000000000000000e+02 9.819860839843750000e+02
1.049000000000000000e+03 9.819847412109375000e+02
1.230000000000000000e+03 9.819859008789062500e+02
6.920000000000000000e+02 9.819831542968750000e+02
3.300000000000000000e+02 9.819844970703125000e+02
3.320000000000000000e+02 9.819843750000000000e+02
6.870000000000000000e+02 9.819852294921875000e+02
3.320000000000000000e+02 9.819836425781250000e+02
1.223000000000000000e+03 9.819853515625000000e+02
1.054000000000000000e+03 9.819846801757812500e+02
3.310000000000000000e+02 9.819829711914062500e+02
8.700000000000000000e+02 9.819848022460937500e+02
3.340000000000000000e+02 9.819821166992187500e+02
3.290000000000000000e+02 9.819826049804687500e+02
6.870000000000000000e+02 9.819850463867187500e+02
5.140000000000000000e+02 9.819833984375000000e+02
8.700000000000000000e+02 9.819848022460937500e+02
1.048000000000000000e+03 9.819846191406250000e+02
5.070000000000000000e+02 9.819828491210937500e+02
6.920000000000000000e+02 9.819851074218750000e+02
5.140000000000000000e+02 9.819843750000000000e+02
1.231000000000000000e+03 9.819846801757812500e+02
1.055000000000000000e+03 9.819854125976562500e+02
1.064000000000000000e+03 9.819854736328125000e+02
8.840000000000000000e+02 9.819849853515625000e+02
1.052000000000000000e+03 9.819859008789062500e+02
8.730000000000000000e+02 9.819841308593750000e+02
1.049000000000000000e+03 9.819849853515625000e+02
1.050000000000000000e+03 9.819839477539062500e+02
6.900000000000000000e+02 9.819840698242187500e+02
6.930000000000000000e+02 9.819842529296875000e+02
6.870000000000000000e+02 9.819843139648437500e+02
6.900000000000000000e+02 9.819846191406250000e+02
5.160000000000000000e+02 9.819848022460937500e+02
6.830000000000000000e+02 9.819838256835937500e+02
1.045000000000000000e+03 9.819850463867187500e+02
8.750000000000000000e+02 9.819852905273437500e+02
8.700000000000000000e+02 9.819820556640625000e+02
1.058000000000000000e+03 9.819854125976562500e+02
3.370000000000000000e+02 9.819844360351562500e+02
3.290000000000000000e+02 9.819848022460937500e+02
5.110000000000000000e+02 9.819844970703125000e+02
6.860000000000000000e+02 9.819846801757812500e+02
8.780000000000000000e+02 9.819854125976562500e+02
6.980000000000000000e+02 9.819855346679687500e+02
8.720000000000000000e+02 9.819836425781250000e+02
8.580000000000000000e+02 9.819833374023437500e+02
6.980000000000000000e+02 9.819844970703125000e+02
8.700000000000000000e+02 9.819852905273437500e+02
3.260000000000000000e+02 9.819833984375000000e+02
3.370000000000000000e+02 9.819832153320312500e+02
8.670000000000000000e+02 9.819854125976562500e+02
8.620000000000000000e+02 9.819862060546875000e+02
3.300000000000000000e+02 9.819833984375000000e+02
5.100000000000000000e+02 9.819815063476562500e+02
3.300000000000000000e+02 9.819844360351562500e+02
6.900000000000000000e+02 9.819844360351562500e+02
5.180000000000000000e+02 9.819830322265625000e+02
7.150000000000000000e+02 9.819844970703125000e+02
1.045000000000000000e+03 9.819843750000000000e+02
8.650000000000000000e+02 9.819854125976562500e+02
6.950000000000000000e+02 9.819845581054687500e+02
