6.230000000000000000e+02 6.787177124023437500e+02
7.120000000000000000e+02 6.779278564453125000e+02
6.200000000000000000e+02 7.182037963867187500e+02
7.070000000000000000e+02 6.941666259765625000e+02
7.280000000000000000e+02 6.701532592773437500e+02
5.520000000000000000e+02 6.471900024414062500e+02
6.300000000000000000e+02 6.686348876953125000e+02
5.140000000000000000e+02 5.944040527343750000e+02
6.960000000000000000e+02 6.559931030273437500e+02
4.910000000000000000e+02 6.309840087890625000e+02
6.100000000000000000e+02 6.946509399414062500e+02
7.450000000000000000e+02 6.614489135742187500e+02
5.400000000000000000e+02 6.273225097656250000e+02
6.170000000000000000e+02 6.748283691406250000e+02
6.180000000000000000e+02 6.352013549804687500e+02
7.460000000000000000e+02 6.119990234375000000e+02
5.310000000000000000e+02 6.885996093750000000e+02
5.690000000000000000e+02 6.145941162109375000e+02
6.650000000000000000e+02 5.873843383789062500e+02
6.180000000000000000e+02 6.116405029296875000e+02
7.440000000000000000e+02 6.700606079101562500e+02
4.930000000000000000e+02 7.639269409179687500e+02
5.810000000000000000e+02 6.241585693359375000e+02
6.170000000000000000e+02 5.918885498046875000e+02
6.950000000000000000e+02 5.991919555664062500e+02
4.940000000000000000e+02 6.110957031250000000e+02
4.890000000000000000e+02 6.655111694335937500e+02
6.000000000000000000e+02 6.802517089843750000e+02
4.870000000000000000e+02 6.211708374023437500e+02
4.870000000000000000e+02 6.881525268554687500e+02
7.330000000000000000e+02 6.997091064453125000e+02
6.230000000000000000e+02 6.329957275390625000e+02
5.890000000000000000e+02 6.739217529296875000e+02
6.790000000000000000e+02 6.675607910156250000e+02
5.620000000000000000e+02 6.860753784179687500e+02
6.740000000000000000e+02 6.006028442382812500e+02
5.910000000000000000e+02 6.279954223632812500e+02
6.260000000000000000e+02 6.560869750976562500e+02
7.560000000000000000e+02 6.396545410156250000e+02
6.610000000000000000e+02 6.697233276367187500e+02
6.970000000000000000e+02 6.349816284179687500e+02
7.130000000000000000e+02 6.441181640625000000e+02
5.810000000000000000e+02 6.430983886718750000e+02
6.840000000000000000e+02 6.623663940429687500e+02
5.810000000000000000e+02 6.597476806640625000e+02
7.330000000000000000e+02 6.617012939453125000e+02
5.340000000000000000e+02 6.928574218750000000e+02
6.390000000000000000e+02 6.645820922851562500e+02
7.230000000000000000e+02 6.114093017578125000e+02
5.170000000000000000e+02 6.889563598632812500e+02
6.200000000000000000e+02 6.032574462890625000e+02
6.170000000000000000e+02 7.313842163085937500e+02
5.620000000000000000e+02 6.516292114257812500e+02
6.440000000000000000e+02 6.697342529296875000e+02
6.230000000000000000e+02 6.528790283203125000e+02
5.730000000000000000e+02 6.793402709960937500e+02
6.660000000000000000e+02 6.705960083007812500e+02
5.690000000000000000e+02 6.397435913085937500e+02
6.650000000000000000e+02 6.564465942382812500e+02
5.460000000000000000e+02 7.071730346679687500e+02
6.260000000000000000e+02 6.513937988281250000e+02
5.510000000000000000e+02 6.781838989257812500e+02
6.300000000000000000e+02 6.669484252929687500e+02
5.980000000000000000e+02 6.869225463867187500e+02
6.740000000000000000e+02 6.223294677734375000e+02
6.090000000000000000e+02 6.228317871093750000e+02
7.070000000000000000e+02 6.326672973632812500e+02
6.110000000000000000e+02 6.435256347656250000e+02
7.000000000000000000e+02 6.609977416992187500e+02
4.980000000000000000e+02 5.775503540039062500e+02
5.830000000000000000e+02 6.470448608398437500e+02
5.380000000000000000e+02 6.470162353515625000e+02
6.150000000000000000e+02 6.216132202148437500e+02
5.030000000000000000e+02 6.798733520507812500e+02
5.880000000000000000e+02 6.377941894531250000e+02
5.460000000000000000e+02 6.627402343750000000e+02
6.260000000000000000e+02 6.469037475585937500e+02
5.330000000000000000e+02 6.497691650390625000e+02
6.080000000000000000e+02 6.792003784179687500e+02
5.380000000000000000e+02 6.554225463867187500e+02
6.640000000000000000e+02 6.352113037109375000e+02
6.020000000000000000e+02 6.517131347656250000e+02
6.920000000000000000e+02 6.102797241210937500e+02
6.480000000000000000e+02 6.414761352539062500e+02
5.760000000000000000e+02 5.774043579101562500e+02
6.960000000000000000e+02 7.031817626953125000e+02
5.990000000000000000e+02 6.459031372070312500e+02
5.010000000000000000e+02 6.375238647460937500e+02
5.860000000000000000e+02 6.650728149414062500e+02
5.450000000000000000e+02 6.114755859375000000e+02
5.150000000000000000e+02 6.449601440429687500e+02
6.270000000000000000e+02 6.400703125000000000e+02
5.230000000000000000e+02 5.993962402343750000e+02
6.010000000000000000e+02 6.229849243164062500e+02
5.930000000000000000e+02 6.306848754882812500e+02
5.100000000000000000e+02 6.140697021484375000e+02
5.990000000000000000e+02 6.704332885742187500e+02
5.410000000000000000e+02 6.820135498046875000e+02
5.670000000000000000e+02 6.461194458007812500e+02
6.430000000000000000e+02 6.525244750976562500e+02
4.970000000000000000e+02 6.296761474609375000e+02
5.840000000000000000e+02 6.632197875976562500e+02
5.060000000000000000e+02 6.463114624023437500e+02
5.900000000000000000e+02 6.505679321289062500e+02
4.910000000000000000e+02 6.556964721679687500e+02
5.790000000000000000e+02 6.173004760742187500e+02
5.190000000000000000e+02 5.979923095703125000e+02
6.150000000000000000e+02 6.241317749023437500e+02
5.860000000000000000e+02 6.351583862304687500e+02
6.670000000000000000e+02 6.750731811523437500e+02
5.830000000000000000e+02 6.414389038085937500e+02
6.000000000000000000e+02 6.434989624023437500e+02
5.760000000000000000e+02 6.143989868164062500e+02
6.750000000000000000e+02 7.127446899414062500e+02
5.790000000000000000e+02 6.065163574218750000e+02
6.520000000000000000e+02 6.336112060546875000e+02
5.350000000000000000e+02 6.956033325195312500e+02
6.110000000000000000e+02 6.304012451171875000e+02
6.070000000000000000e+02 6.582420654296875000e+02
6.950000000000000000e+02 6.918904418945312500e+02
6.740000000000000000e+02 6.790369262695312500e+02
5.270000000000000000e+02 6.491428222656250000e+02
5.610000000000000000e+02 6.314436035156250000e+02
5.270000000000000000e+02 6.471616821289062500e+02
6.170000000000000000e+02 6.226202392578125000e+02
5.660000000000000000e+02 6.223511962890625000e+02
6.510000000000000000e+02 5.885880737304687500e+02
5.500000000000000000e+02 6.058078002929687500e+02
6.260000000000000000e+02 6.543189086914062500e+02
5.820000000000000000e+02 6.385021362304687500e+02
6.810000000000000000e+02 6.840784912109375000e+02
5.940000000000000000e+02 6.471647338867187500e+02
6.790000000000000000e+02 6.391611938476562500e+02
5.750000000000000000e+02 6.550660400390625000e+02
6.660000000000000000e+02 6.358875122070312500e+02
5.530000000000000000e+02 6.572100830078125000e+02
6.540000000000000000e+02 6.570304565429687500e+02
5.190000000000000000e+02 6.550526733398437500e+02
5.830000000000000000e+02 6.508056030273437500e+02
6.720000000000000000e+02 6.319869384765625000e+02
5.300000000000000000e+02 6.693626098632812500e+02
6.240000000000000000e+02 7.057248535156250000e+02
7.160000000000000000e+02 6.052456665039062500e+02
4.940000000000000000e+02 6.689093627929687500e+02
5.960000000000000000e+02 6.620959472656250000e+02
6.300000000000000000e+02 6.271140747070312500e+02
4.970000000000000000e+02 6.269862060546875000e+02
5.880000000000000000e+02 6.796506347656250000e+02
5.480000000000000000e+02 7.061754760742187500e+02
6.350000000000000000e+02 6.570215454101562500e+02
5.120000000000000000e+02 6.816965942382812500e+02
6.050000000000000000e+02 6.971763305664062500e+02
5.570000000000000000e+02 6.294598999023437500e+02
6.400000000000000000e+02 6.978660278320312500e+02
5.100000000000000000e+02 6.146969604492187500e+02
6.010000000000000000e+02 6.627474975585937500e+02
7.080000000000000000e+02 6.233826293945312500e+02
5.860000000000000000e+02 6.616072387695312500e+02
6.830000000000000000e+02 6.421011962890625000e+02
4.900000000000000000e+02 6.209559326171875000e+02
5.710000000000000000e+02 6.114802856445312500e+02
5.500000000000000000e+02 6.612825927734375000e+02
6.330000000000000000e+02 6.341757812500000000e+02
5.500000000000000000e+02 6.341051635742187500e+02
6.700000000000000000e+02 6.500778808593750000e+02
5.480000000000000000e+02 6.029406738281250000e+02
5.470000000000000000e+02 6.659934082031250000e+02
6.340000000000000000e+02 6.960447998046875000e+02
5.560000000000000000e+02 6.672868041992187500e+02
6.310000000000000000e+02 7.236738281250000000e+02
5.690000000000000000e+02 6.212492675781250000e+02
6.890000000000000000e+02 6.330231933593750000e+02
5.580000000000000000e+02 6.811959228515625000e+02
6.780000000000000000e+02 6.881306762695312500e+02
7.100000000000000000e+02 7.000889282226562500e+02
5.770000000000000000e+02 6.538801879882812500e+02
5.690000000000000000e+02 6.666478881835937500e+02
5.530000000000000000e+02 6.505032958984375000e+02
6.730000000000000000e+02 6.662698974609375000e+02
5.810000000000000000e+02 7.080630493164062500e+02
7.010000000000000000e+02 6.935645751953125000e+02
6.190000000000000000e+02 6.392263183593750000e+02
5.840000000000000000e+02 6.880568847656250000e+02
7.040000000000000000e+02 6.224282836914062500e+02
5.940000000000000000e+02 6.422005004882812500e+02
6.170000000000000000e+02 6.396570434570312500e+02
