6.920000000000000000e+02 7.955657348632812500e+02
1.051000000000000000e+03 8.540554809570312500e+02
7.010000000000000000e+02 7.939814453125000000e+02
8.800000000000000000e+02 8.527498779296875000e+02
3.260000000000000000e+02 5.227266845703125000e+02
5.030000000000000000e+02 6.563920288085937500e+02
1.045000000000000000e+03 6.628828125000000000e+02
1.055000000000000000e+03 9.189259033203125000e+02
6.910000000000000000e+02 8.020239868164062500e+02
8.740000000000000000e+02 8.336868286132812500e+02
8.690000000000000000e+02 8.572669067382812500e+02
1.040000000000000000e+03 9.154945068359375000e+02
3.300000000000000000e+02 5.803388671875000000e+02
3.470000000000000000e+02 5.623854980468750000e+02
6.810000000000000000e+02 7.765086669921875000e+02
6.930000000000000000e+02 6.163140258789062500e+02
6.900000000000000000e+02 7.821793212890625000e+02
8.680000000000000000e+02 8.266535034179687500e+02
1.048000000000000000e+03 9.596587524414062500e+02
6.940000000000000000e+02 9.538170776367187500e+02
3.290000000000000000e+02 4.996803894042968750e+02
8.660000000000000000e+02 8.437684326171875000e+02
1.047000000000000000e+03 1.007766174316406250e+03
8.380000000000000000e+02 9.250083618164062500e+02
5.120000000000000000e+02 6.216036376953125000e+02
8.710000000000000000e+02 7.657411499023437500e+02
1.046000000000000000e+03 9.452691650390625000e+02
1.042000000000000000e+03 7.050120849609375000e+02
1.046000000000000000e+03 9.305054931640625000e+02
6.910000000000000000e+02 8.645764770507812500e+02
7.030000000000000000e+02 8.846845092773437500e+02
8.650000000000000000e+02 8.885350952148437500e+02
1.043000000000000000e+03 7.294415893554687500e+02
5.250000000000000000e+02 7.388666381835937500e+02
1.227000000000000000e+03 7.583681030273437500e+02
8.800000000000000000e+02 8.714646606445312500e+02
8.700000000000000000e+02 9.063688354492187500e+02
3.300000000000000000e+02 5.294071655273437500e+02
3.310000000000000000e+02 5.376383056640625000e+02
8.710000000000000000e+02 8.523825683593750000e+02
1.049000000000000000e+03 6.901082763671875000e+02
5.180000000000000000e+02 9.330165405273437500e+02
1.049000000000000000e+03 1.002003295898437500e+03
1.230000000000000000e+03 9.886246337890625000e+02
6.920000000000000000e+02 5.986888427734375000e+02
3.300000000000000000e+02 5.497976684570312500e+02
3.320000000000000000e+02 5.465137329101562500e+02
6.870000000000000000e+02 8.486690063476562500e+02
3.320000000000000000e+02 5.592236328125000000e+02
1.223000000000000000e+03 8.863994750976562500e+02
1.054000000000000000e+03 9.170097656250000000e+02
3.310000000000000000e+02 5.261043701171875000e+02
8.700000000000000000e+02 9.139314575195312500e+02
3.340000000000000000e+02 5.202464599609375000e+02
3.290000000000000000e+02 5.297745971679687500e+02
6.870000000000000000e+02 8.513269042968750000e+02
5.140000000000000000e+02 5.816638183593750000e+02
8.700000000000000000e+02 9.353186035156250000e+02
1.048000000000000000e+03 8.189992675781250000e+02
5.070000000000000000e+02 5.843460083007812500e+02
6.920000000000000000e+02 6.789119262695312500e+02
5.140000000000000000e+02 6.292156982421875000e+02
1.231000000000000000e+03 8.209403686523437500e+02
1.055000000000000000e+03 8.822318115234375000e+02
1.064000000000000000e+03 9.717492065429687500e+02
8.840000000000000000e+02 9.571947021484375000e+02
1.052000000000000000e+03 1.009114562988281250e+03
8.730000000000000000e+02 8.480549926757812500e+02
1.049000000000000000e+03 9.027714233398437500e+02
1.050000000000000000e+03 8.921205444335937500e+02
6.900000000000000000e+02 6.869266967773437500e+02
6.930000000000000000e+02 8.522038574218750000e+02
6.870000000000000000e+02 8.854841918945312500e+02
6.900000000000000000e+02 7.952418212890625000e+02
5.160000000000000000e+02 7.341607055664062500e+02
6.830000000000000000e+02 5.704561157226562500e+02
1.045000000000000000e+03 7.780514526367187500e+02
8.750000000000000000e+02 5.590986938476562500e+02
8.700000000000000000e+02 6.657871704101562500e+02
1.058000000000000000e+03 1.003410278320312500e+03
3.370000000000000000e+02 7.202984008789062500e+02
3.290000000000000000e+02 6.847914428710937500e+02
5.110000000000000000e+02 7.293001708984375000e+02
6.860000000000000000e+02 7.485565185546875000e+02
8.780000000000000000e+02 8.555043334960937500e+02
6.980000000000000000e+02 9.279000244140625000e+02
8.720000000000000000e+02 6.425774536132812500e+02
8.580000000000000000e+02 6.831585693359375000e+02
6.980000000000000000e+02 7.949473266601562500e+02
8.700000000000000000e+02 8.708443603515625000e+02
3.260000000000000000e+02 6.068513183593750000e+02
3.370000000000000000e+02 5.426360473632812500e+02
8.670000000000000000e+02 9.707316894531250000e+02
8.620000000000000000e+02 8.608148193359375000e+02
3.300000000000000000e+02 5.278880004882812500e+02
5.100000000000000000e+02 5.306762695312500000e+02
3.300000000000000000e+02 5.087655029296875000e+02
6.900000000000000000e+02 6.441074829101562500e+02
5.180000000000000000e+02 5.997883911132812500e+02
7.150000000000000000e+02 8.462664794921875000e+02
1.045000000000000000e+03 9.339851074218750000e+02
8.650000000000000000e+02 9.664649658203125000e+02
6.950000000000000000e+02 9.373152465820312500e+02
