6.230000000000000000e+02 6.866715698242187500e+02
7.120000000000000000e+02 6.379293212890625000e+02
6.200000000000000000e+02 6.922847900390625000e+02
7.070000000000000000e+02 6.499893188476562500e+02
7.280000000000000000e+02 6.241345214843750000e+02
5.520000000000000000e+02 6.758084716796875000e+02
6.300000000000000000e+02 6.543786621093750000e+02
5.140000000000000000e+02 5.919436035156250000e+02
6.960000000000000000e+02 6.334766845703125000e+02
4.910000000000000000e+02 6.467554931640625000e+02
6.100000000000000000e+02 6.726830444335937500e+02
7.450000000000000000e+02 6.364989624023437500e+02
5.400000000000000000e+02 6.176137084960937500e+02
6.170000000000000000e+02 6.516023559570312500e+02
6.180000000000000000e+02 6.296328125000000000e+02
7.460000000000000000e+02 6.305741577148437500e+02
5.310000000000000000e+02 6.537428588867187500e+02
5.690000000000000000e+02 6.426336059570312500e+02
6.650000000000000000e+02 6.110231323242187500e+02
6.180000000000000000e+02 5.825956420898437500e+02
7.440000000000000000e+02 6.275821533203125000e+02
4.930000000000000000e+02 7.776934814453125000e+02
5.810000000000000000e+02 6.304992065429687500e+02
6.170000000000000000e+02 5.950773315429687500e+02
6.950000000000000000e+02 6.274658813476562500e+02
4.940000000000000000e+02 6.035233154296875000e+02
4.890000000000000000e+02 6.843998413085937500e+02
6.000000000000000000e+02 6.685708618164062500e+02
4.870000000000000000e+02 5.694752807617187500e+02
4.870000000000000000e+02 6.976771850585937500e+02
7.330000000000000000e+02 7.114891967773437500e+02
6.230000000000000000e+02 6.095446166992187500e+02
5.890000000000000000e+02 6.467008056640625000e+02
6.790000000000000000e+02 6.926980590820312500e+02
5.620000000000000000e+02 6.627570190429687500e+02
6.740000000000000000e+02 5.966153564453125000e+02
5.910000000000000000e+02 6.271817626953125000e+02
6.260000000000000000e+02 6.467907714843750000e+02
7.560000000000000000e+02 6.059835815429687500e+02
6.610000000000000000e+02 6.362399291992187500e+02
6.970000000000000000e+02 6.527205810546875000e+02
7.130000000000000000e+02 6.688500366210937500e+02
5.810000000000000000e+02 6.148143310546875000e+02
6.840000000000000000e+02 6.489424438476562500e+02
5.810000000000000000e+02 6.213062744140625000e+02
7.330000000000000000e+02 6.395195312500000000e+02
5.340000000000000000e+02 6.694821777343750000e+02
6.390000000000000000e+02 7.111785888671875000e+02
7.230000000000000000e+02 5.964824218750000000e+02
5.170000000000000000e+02 6.688997192382812500e+02
6.200000000000000000e+02 6.218843994140625000e+02
6.170000000000000000e+02 6.937222900390625000e+02
5.620000000000000000e+02 6.257458496093750000e+02
6.440000000000000000e+02 6.818376464843750000e+02
6.230000000000000000e+02 6.417705688476562500e+02
5.730000000000000000e+02 6.646631469726562500e+02
6.660000000000000000e+02 6.610852661132812500e+02
5.690000000000000000e+02 6.585126342773437500e+02
6.650000000000000000e+02 6.674979248046875000e+02
5.460000000000000000e+02 6.744755249023437500e+02
6.260000000000000000e+02 6.435959472656250000e+02
5.510000000000000000e+02 6.709088134765625000e+02
6.300000000000000000e+02 6.510070190429687500e+02
5.980000000000000000e+02 7.066248168945312500e+02
6.740000000000000000e+02 6.018355712890625000e+02
6.090000000000000000e+02 6.267285156250000000e+02
7.070000000000000000e+02 6.433728027343750000e+02
6.110000000000000000e+02 6.332521972656250000e+02
7.000000000000000000e+02 6.341852416992187500e+02
4.980000000000000000e+02 6.004546508789062500e+02
5.830000000000000000e+02 6.592542114257812500e+02
5.380000000000000000e+02 6.761433715820312500e+02
6.150000000000000000e+02 6.231427001953125000e+02
5.030000000000000000e+02 6.694264526367187500e+02
5.880000000000000000e+02 6.348640747070312500e+02
5.460000000000000000e+02 6.705666503906250000e+02
6.260000000000000000e+02 6.709315795898437500e+02
5.330000000000000000e+02 6.236651611328125000e+02
6.080000000000000000e+02 6.506267089843750000e+02
5.380000000000000000e+02 6.359856567382812500e+02
6.640000000000000000e+02 6.032788696289062500e+02
6.020000000000000000e+02 6.398024291992187500e+02
6.920000000000000000e+02 6.295348510742187500e+02
6.480000000000000000e+02 6.243170166015625000e+02
5.760000000000000000e+02 5.674362182617187500e+02
6.960000000000000000e+02 6.905492553710937500e+02
5.990000000000000000e+02 6.337197875976562500e+02
5.010000000000000000e+02 6.548154296875000000e+02
5.860000000000000000e+02 6.366781005859375000e+02
5.450000000000000000e+02 6.037435302734375000e+02
5.150000000000000000e+02 6.589814453125000000e+02
6.270000000000000000e+02 6.514279785156250000e+02
5.230000000000000000e+02 5.725338745117187500e+02
6.010000000000000000e+02 5.785116577148437500e+02
5.930000000000000000e+02 5.969080810546875000e+02
5.100000000000000000e+02 6.317647094726562500e+02
5.990000000000000000e+02 6.810380249023437500e+02
5.410000000000000000e+02 6.765114746093750000e+02
5.670000000000000000e+02 6.494757690429687500e+02
6.430000000000000000e+02 6.568446655273437500e+02
4.970000000000000000e+02 6.165341796875000000e+02
5.840000000000000000e+02 6.322352905273437500e+02
5.060000000000000000e+02 6.219285278320312500e+02
5.900000000000000000e+02 6.931567993164062500e+02
4.910000000000000000e+02 6.664920654296875000e+02
5.790000000000000000e+02 6.080916137695312500e+02
5.190000000000000000e+02 5.972988891601562500e+02
6.150000000000000000e+02 6.048402099609375000e+02
5.860000000000000000e+02 6.544177856445312500e+02
6.670000000000000000e+02 6.789182739257812500e+02
5.830000000000000000e+02 6.428871459960937500e+02
6.000000000000000000e+02 6.446446533203125000e+02
5.760000000000000000e+02 5.989827270507812500e+02
6.750000000000000000e+02 7.090907592773437500e+02
5.790000000000000000e+02 6.146827392578125000e+02
6.520000000000000000e+02 5.891741943359375000e+02
5.350000000000000000e+02 6.837077026367187500e+02
6.110000000000000000e+02 5.980748901367187500e+02
6.070000000000000000e+02 6.822385864257812500e+02
6.950000000000000000e+02 6.736865234375000000e+02
6.740000000000000000e+02 7.108135375976562500e+02
5.270000000000000000e+02 6.537712402343750000e+02
5.610000000000000000e+02 6.544094848632812500e+02
5.270000000000000000e+02 6.431795654296875000e+02
6.170000000000000000e+02 6.614876708984375000e+02
5.660000000000000000e+02 6.497849121093750000e+02
6.510000000000000000e+02 5.859310913085937500e+02
5.500000000000000000e+02 6.218748168945312500e+02
6.260000000000000000e+02 6.276079711914062500e+02
5.820000000000000000e+02 6.639842529296875000e+02
6.810000000000000000e+02 6.598046875000000000e+02
5.940000000000000000e+02 6.272568969726562500e+02
6.790000000000000000e+02 6.531004028320312500e+02
5.750000000000000000e+02 6.422764282226562500e+02
6.660000000000000000e+02 6.183281250000000000e+02
5.530000000000000000e+02 6.299696655273437500e+02
6.540000000000000000e+02 6.477164306640625000e+02
5.190000000000000000e+02 6.634112548828125000e+02
5.830000000000000000e+02 6.221085815429687500e+02
6.720000000000000000e+02 6.303110961914062500e+02
5.300000000000000000e+02 6.811591186523437500e+02
6.240000000000000000e+02 6.895898437500000000e+02
7.160000000000000000e+02 6.386029663085937500e+02
4.940000000000000000e+02 6.468765869140625000e+02
5.960000000000000000e+02 6.365321655273437500e+02
6.300000000000000000e+02 6.142194824218750000e+02
4.970000000000000000e+02 6.339524536132812500e+02
5.880000000000000000e+02 6.681921386718750000e+02
5.480000000000000000e+02 6.673747558593750000e+02
6.350000000000000000e+02 6.480870971679687500e+02
5.120000000000000000e+02 6.960189819335937500e+02
6.050000000000000000e+02 6.891379394531250000e+02
5.570000000000000000e+02 6.665733642578125000e+02
6.400000000000000000e+02 6.828372192382812500e+02
5.100000000000000000e+02 6.568830566406250000e+02
6.010000000000000000e+02 6.636829223632812500e+02
7.080000000000000000e+02 6.163604125976562500e+02
5.860000000000000000e+02 6.535250244140625000e+02
6.830000000000000000e+02 6.126060180664062500e+02
4.900000000000000000e+02 6.026895141601562500e+02
5.710000000000000000e+02 5.774684448242187500e+02
5.500000000000000000e+02 6.593144531250000000e+02
6.330000000000000000e+02 6.181101684570312500e+02
5.500000000000000000e+02 6.358366088867187500e+02
6.700000000000000000e+02 6.638284912109375000e+02
5.480000000000000000e+02 6.169100952148437500e+02
5.470000000000000000e+02 6.755251464843750000e+02
6.340000000000000000e+02 6.685656127929687500e+02
5.560000000000000000e+02 6.336957397460937500e+02
6.310000000000000000e+02 6.930836181640625000e+02
5.690000000000000000e+02 6.286596069335937500e+02
6.890000000000000000e+02 6.503915405273437500e+02
5.580000000000000000e+02 6.529425659179687500e+02
6.780000000000000000e+02 6.109794311523437500e+02
7.100000000000000000e+02 6.573977661132812500e+02
5.770000000000000000e+02 6.620731201171875000e+02
5.690000000000000000e+02 6.764393920898437500e+02
5.530000000000000000e+02 6.534558715820312500e+02
6.730000000000000000e+02 6.092317504882812500e+02
5.810000000000000000e+02 6.929494018554687500e+02
7.010000000000000000e+02 6.567109985351562500e+02
6.190000000000000000e+02 6.206798095703125000e+02
5.840000000000000000e+02 6.761737060546875000e+02
7.040000000000000000e+02 6.368024902343750000e+02
5.940000000000000000e+02 6.732310180664062500e+02
6.170000000000000000e+02 6.258524169921875000e+02
