6.940000000000000000e+02 7.594674682617187500e+02
3.350000000000000000e+02 6.562443847656250000e+02
3.260000000000000000e+02 4.442340087890625000e+02
3.370000000000000000e+02 6.173212280273437500e+02
1.055000000000000000e+03 9.809750366210937500e+02
8.680000000000000000e+02 8.953119506835937500e+02
8.680000000000000000e+02 7.144748535156250000e+02
3.600000000000000000e+02 5.472189941406250000e+02
5.180000000000000000e+02 9.680590209960937500e+02
1.414000000000000000e+03 1.015859313964843750e+03
8.750000000000000000e+02 6.325452880859375000e+02
1.056000000000000000e+03 9.898024902343750000e+02
1.062000000000000000e+03 8.939005126953125000e+02
1.045000000000000000e+03 1.023730285644531250e+03
8.720000000000000000e+02 7.254737548828125000e+02
6.850000000000000000e+02 7.716083984375000000e+02
6.920000000000000000e+02 8.889847412109375000e+02
7.030000000000000000e+02 8.976119995117187500e+02
3.210000000000000000e+02 5.626685180664062500e+02
1.048000000000000000e+03 1.033894775390625000e+03
6.890000000000000000e+02 5.925684204101562500e+02
8.740000000000000000e+02 9.200928955078125000e+02
8.740000000000000000e+02 9.121065063476562500e+02
5.110000000000000000e+02 6.252416381835937500e+02
8.720000000000000000e+02 9.442805786132812500e+02
8.660000000000000000e+02 8.330370483398437500e+02
5.260000000000000000e+02 4.393835144042968750e+02
5.180000000000000000e+02 8.085322265625000000e+02
1.227000000000000000e+03 1.028477172851562500e+03
1.418000000000000000e+03 1.023305297851562500e+03
1.052000000000000000e+03 9.295878906250000000e+02
1.229000000000000000e+03 9.089840698242187500e+02
8.800000000000000000e+02 8.004626464843750000e+02
1.227000000000000000e+03 1.048588500976562500e+03
3.280000000000000000e+02 4.556213684082031250e+02
8.630000000000000000e+02 8.927893066406250000e+02
1.232000000000000000e+03 1.000308837890625000e+03
1.051000000000000000e+03 9.100955200195312500e+02
3.340000000000000000e+02 5.552390136718750000e+02
7.010000000000000000e+02 6.574124755859375000e+02
3.320000000000000000e+02 6.473542480468750000e+02
8.720000000000000000e+02 8.462600708007812500e+02
3.400000000000000000e+02 4.800923461914062500e+02
8.700000000000000000e+02 8.760184936523437500e+02
8.750000000000000000e+02 8.556053466796875000e+02
1.060000000000000000e+03 8.100462646484375000e+02
8.680000000000000000e+02 8.664666137695312500e+02
5.150000000000000000e+02 4.776512451171875000e+02
3.350000000000000000e+02 5.318576049804687500e+02
1.043000000000000000e+03 1.038193725585937500e+03
5.240000000000000000e+02 6.079078369140625000e+02
5.100000000000000000e+02 7.388529052734375000e+02
5.160000000000000000e+02 6.103585815429687500e+02
1.236000000000000000e+03 9.373692626953125000e+02
8.570000000000000000e+02 7.980897216796875000e+02
5.110000000000000000e+02 5.512587280273437500e+02
1.227000000000000000e+03 8.691679687500000000e+02
1.236000000000000000e+03 1.043120483398437500e+03
1.230000000000000000e+03 1.019494384765625000e+03
1.224000000000000000e+03 1.006628051757812500e+03
3.270000000000000000e+02 4.598374938964843750e+02
6.870000000000000000e+02 9.093985595703125000e+02
1.231000000000000000e+03 7.687352905273437500e+02
5.090000000000000000e+02 7.103392333984375000e+02
3.330000000000000000e+02 5.856878051757812500e+02
6.870000000000000000e+02 8.806799926757812500e+02
5.080000000000000000e+02 5.727658691406250000e+02
5.070000000000000000e+02 4.892896423339843750e+02
6.920000000000000000e+02 6.038086547851562500e+02
3.250000000000000000e+02 4.892129516601562500e+02
5.290000000000000000e+02 4.752433166503906250e+02
7.230000000000000000e+02 7.322391967773437500e+02
1.055000000000000000e+03 9.409550170898437500e+02
7.010000000000000000e+02 8.696839599609375000e+02
3.270000000000000000e+02 4.799559936523437500e+02
1.233000000000000000e+03 1.028830200195312500e+03
1.081000000000000000e+03 9.506710205078125000e+02
1.055000000000000000e+03 6.582410278320312500e+02
1.047000000000000000e+03 8.611396484375000000e+02
1.045000000000000000e+03 8.091380615234375000e+02
3.260000000000000000e+02 4.663468322753906250e+02
1.046000000000000000e+03 9.656625366210937500e+02
1.051000000000000000e+03 1.007260986328125000e+03
1.396000000000000000e+03 9.278556518554687500e+02
8.730000000000000000e+02 8.671188964843750000e+02
8.700000000000000000e+02 7.801278076171875000e+02
5.100000000000000000e+02 4.957781677246093750e+02
8.950000000000000000e+02 8.438101806640625000e+02
5.020000000000000000e+02 7.527286987304687500e+02
6.930000000000000000e+02 6.757894287109375000e+02
8.780000000000000000e+02 8.173702392578125000e+02
6.970000000000000000e+02 7.601491699218750000e+02
1.227000000000000000e+03 9.921348876953125000e+02
6.880000000000000000e+02 7.377453002929687500e+02
3.280000000000000000e+02 5.363983764648437500e+02
6.840000000000000000e+02 7.797377319335937500e+02
8.700000000000000000e+02 8.551620483398437500e+02
1.046000000000000000e+03 1.011028015136718750e+03
3.230000000000000000e+02 5.489788818359375000e+02
1.232000000000000000e+03 1.002364624023437500e+03
8.720000000000000000e+02 9.428488769531250000e+02
6.870000000000000000e+02 1.019260375976562500e+03
3.290000000000000000e+02 4.381249084472656250e+02
1.043000000000000000e+03 8.167058715820312500e+02
1.221000000000000000e+03 1.041161743164062500e+03
1.230000000000000000e+03 9.515655517578125000e+02
