6.230000000000000000e+02 7.615326538085937500e+02
7.120000000000000000e+02 7.303954467773437500e+02
6.200000000000000000e+02 7.253530883789062500e+02
7.070000000000000000e+02 6.567614746093750000e+02
7.280000000000000000e+02 6.653724975585937500e+02
5.520000000000000000e+02 6.990963745117187500e+02
6.300000000000000000e+02 6.950729980468750000e+02
5.140000000000000000e+02 6.170910034179687500e+02
6.960000000000000000e+02 6.544677734375000000e+02
4.910000000000000000e+02 6.955244750976562500e+02
6.100000000000000000e+02 7.506207275390625000e+02
7.450000000000000000e+02 7.037722167968750000e+02
5.400000000000000000e+02 7.426940307617187500e+02
6.170000000000000000e+02 6.845831909179687500e+02
6.180000000000000000e+02 6.646164550781250000e+02
7.460000000000000000e+02 6.871571655273437500e+02
5.310000000000000000e+02 6.963303833007812500e+02
5.690000000000000000e+02 6.781685180664062500e+02
6.650000000000000000e+02 6.474157714843750000e+02
6.180000000000000000e+02 6.575968017578125000e+02
7.440000000000000000e+02 7.421428222656250000e+02
4.930000000000000000e+02 6.206882934570312500e+02
5.810000000000000000e+02 6.991981201171875000e+02
6.170000000000000000e+02 6.312742309570312500e+02
6.950000000000000000e+02 6.548906250000000000e+02
4.940000000000000000e+02 6.024472656250000000e+02
4.890000000000000000e+02 6.602553100585937500e+02
6.000000000000000000e+02 7.303267211914062500e+02
4.870000000000000000e+02 6.305189819335937500e+02
4.870000000000000000e+02 7.461156005859375000e+02
7.330000000000000000e+02 7.179791259765625000e+02
6.230000000000000000e+02 6.951557006835937500e+02
5.890000000000000000e+02 7.123924560546875000e+02
6.790000000000000000e+02 7.644566650390625000e+02
5.620000000000000000e+02 7.240267333984375000e+02
6.740000000000000000e+02 6.435634155273437500e+02
5.910000000000000000e+02 6.907819213867187500e+02
6.260000000000000000e+02 7.050200805664062500e+02
7.560000000000000000e+02 6.738449096679687500e+02
6.610000000000000000e+02 7.484726562500000000e+02
6.970000000000000000e+02 6.735407714843750000e+02
7.130000000000000000e+02 7.729530639648437500e+02
5.810000000000000000e+02 6.720735473632812500e+02
6.840000000000000000e+02 6.825214843750000000e+02
5.810000000000000000e+02 6.701065063476562500e+02
7.330000000000000000e+02 6.680767211914062500e+02
5.340000000000000000e+02 6.894505615234375000e+02
6.390000000000000000e+02 7.038335571289062500e+02
7.230000000000000000e+02 6.953350219726562500e+02
5.170000000000000000e+02 7.537216186523437500e+02
6.200000000000000000e+02 6.707059326171875000e+02
6.170000000000000000e+02 7.318442993164062500e+02
5.620000000000000000e+02 6.867356567382812500e+02
6.440000000000000000e+02 7.336961669921875000e+02
6.230000000000000000e+02 6.930658569335937500e+02
5.730000000000000000e+02 7.033861694335937500e+02
6.660000000000000000e+02 7.219958496093750000e+02
5.690000000000000000e+02 7.184201660156250000e+02
6.650000000000000000e+02 7.138689575195312500e+02
5.460000000000000000e+02 7.452357788085937500e+02
6.260000000000000000e+02 6.935691528320312500e+02
5.510000000000000000e+02 6.917277221679687500e+02
6.300000000000000000e+02 6.745709838867187500e+02
5.980000000000000000e+02 7.311277465820312500e+02
6.740000000000000000e+02 6.670712280273437500e+02
6.090000000000000000e+02 6.339117431640625000e+02
7.070000000000000000e+02 6.313619995117187500e+02
6.110000000000000000e+02 6.660194091796875000e+02
7.000000000000000000e+02 6.589776611328125000e+02
4.980000000000000000e+02 6.181286621093750000e+02
5.830000000000000000e+02 6.753504028320312500e+02
5.380000000000000000e+02 7.276985473632812500e+02
6.150000000000000000e+02 7.133810424804687500e+02
5.030000000000000000e+02 7.051914062500000000e+02
5.880000000000000000e+02 7.242229614257812500e+02
5.460000000000000000e+02 7.395236206054687500e+02
6.260000000000000000e+02 7.441262817382812500e+02
5.330000000000000000e+02 7.165501098632812500e+02
6.080000000000000000e+02 7.542645874023437500e+02
5.380000000000000000e+02 7.037036743164062500e+02
6.640000000000000000e+02 6.905783081054687500e+02
6.020000000000000000e+02 6.779086303710937500e+02
6.920000000000000000e+02 6.315822753906250000e+02
6.480000000000000000e+02 6.744126586914062500e+02
5.760000000000000000e+02 5.347650756835937500e+02
6.960000000000000000e+02 7.530538940429687500e+02
5.990000000000000000e+02 7.196309204101562500e+02
5.010000000000000000e+02 7.094010620117187500e+02
5.860000000000000000e+02 6.839407348632812500e+02
5.450000000000000000e+02 6.071923828125000000e+02
5.150000000000000000e+02 7.058426513671875000e+02
6.270000000000000000e+02 6.462718505859375000e+02
5.230000000000000000e+02 6.278110961914062500e+02
6.010000000000000000e+02 6.695935058593750000e+02
5.930000000000000000e+02 6.847211303710937500e+02
5.100000000000000000e+02 5.989524536132812500e+02
5.990000000000000000e+02 7.257330932617187500e+02
5.410000000000000000e+02 7.621412963867187500e+02
5.670000000000000000e+02 7.001263427734375000e+02
6.430000000000000000e+02 6.990799560546875000e+02
4.970000000000000000e+02 7.382433471679687500e+02
5.840000000000000000e+02 7.240518798828125000e+02
5.060000000000000000e+02 6.013026123046875000e+02
5.900000000000000000e+02 7.164697875976562500e+02
4.910000000000000000e+02 6.787719116210937500e+02
5.790000000000000000e+02 6.694837036132812500e+02
5.190000000000000000e+02 6.252527465820312500e+02
6.150000000000000000e+02 6.502136230468750000e+02
5.860000000000000000e+02 6.986351928710937500e+02
6.670000000000000000e+02 7.105889282226562500e+02
5.830000000000000000e+02 6.927786254882812500e+02
6.000000000000000000e+02 6.841923217773437500e+02
5.760000000000000000e+02 6.136539916992187500e+02
6.750000000000000000e+02 7.938625488281250000e+02
5.790000000000000000e+02 6.519300537109375000e+02
6.520000000000000000e+02 6.713854370117187500e+02
5.350000000000000000e+02 7.060964965820312500e+02
6.110000000000000000e+02 6.100540161132812500e+02
6.070000000000000000e+02 6.666244506835937500e+02
6.950000000000000000e+02 6.893947753906250000e+02
6.740000000000000000e+02 7.483907470703125000e+02
5.270000000000000000e+02 6.642343750000000000e+02
5.610000000000000000e+02 6.707699584960937500e+02
5.270000000000000000e+02 7.039299316406250000e+02
6.170000000000000000e+02 6.680576171875000000e+02
5.660000000000000000e+02 6.773649902343750000e+02
6.510000000000000000e+02 6.322575683593750000e+02
5.500000000000000000e+02 6.415037841796875000e+02
6.260000000000000000e+02 6.809362182617187500e+02
5.820000000000000000e+02 6.564187622070312500e+02
6.810000000000000000e+02 7.343972778320312500e+02
5.940000000000000000e+02 6.665186767578125000e+02
6.790000000000000000e+02 6.464090576171875000e+02
5.750000000000000000e+02 7.204151000976562500e+02
6.660000000000000000e+02 6.877048339843750000e+02
5.530000000000000000e+02 6.841943359375000000e+02
6.540000000000000000e+02 6.689655151367187500e+02
5.190000000000000000e+02 6.747261962890625000e+02
5.830000000000000000e+02 6.675046997070312500e+02
6.720000000000000000e+02 6.940915527343750000e+02
5.300000000000000000e+02 7.378808593750000000e+02
6.240000000000000000e+02 7.454389038085937500e+02
7.160000000000000000e+02 5.926432495117187500e+02
4.940000000000000000e+02 7.146075439453125000e+02
5.960000000000000000e+02 6.993740844726562500e+02
6.300000000000000000e+02 6.258143310546875000e+02
4.970000000000000000e+02 6.718438720703125000e+02
5.880000000000000000e+02 7.318944091796875000e+02
5.480000000000000000e+02 7.390713500976562500e+02
6.350000000000000000e+02 7.081924438476562500e+02
5.120000000000000000e+02 7.388256225585937500e+02
6.050000000000000000e+02 6.762300415039062500e+02
5.570000000000000000e+02 6.951972045898437500e+02
6.400000000000000000e+02 7.356929321289062500e+02
5.100000000000000000e+02 6.754365844726562500e+02
6.010000000000000000e+02 7.085971069335937500e+02
7.080000000000000000e+02 6.628262329101562500e+02
5.860000000000000000e+02 6.770690917968750000e+02
6.830000000000000000e+02 7.077481079101562500e+02
4.900000000000000000e+02 7.155604248046875000e+02
5.710000000000000000e+02 6.591161499023437500e+02
5.500000000000000000e+02 6.940152587890625000e+02
6.330000000000000000e+02 6.775723876953125000e+02
5.500000000000000000e+02 7.201968383789062500e+02
6.700000000000000000e+02 7.332810058593750000e+02
5.480000000000000000e+02 6.401378784179687500e+02
5.470000000000000000e+02 7.291423339843750000e+02
6.340000000000000000e+02 6.969362792968750000e+02
5.560000000000000000e+02 6.904248657226562500e+02
6.310000000000000000e+02 7.096437377929687500e+02
5.690000000000000000e+02 6.799286499023437500e+02
6.890000000000000000e+02 6.855075683593750000e+02
5.580000000000000000e+02 6.779620971679687500e+02
6.780000000000000000e+02 6.747092285156250000e+02
7.100000000000000000e+02 6.899033813476562500e+02
5.770000000000000000e+02 6.933447875976562500e+02
5.690000000000000000e+02 7.093540649414062500e+02
5.530000000000000000e+02 7.261032714843750000e+02
6.730000000000000000e+02 7.004733276367187500e+02
5.810000000000000000e+02 6.678275756835937500e+02
7.010000000000000000e+02 6.861738281250000000e+02
6.190000000000000000e+02 6.624525146484375000e+02
5.840000000000000000e+02 7.154894409179687500e+02
7.040000000000000000e+02 6.385583496093750000e+02
5.940000000000000000e+02 6.179587402343750000e+02
6.170000000000000000e+02 6.794254150390625000e+02
