6.960000000000000000e+02 8.241051635742187500e+02
8.660000000000000000e+02 8.983224487304687500e+02
8.650000000000000000e+02 8.515205688476562500e+02
1.225000000000000000e+03 8.734248657226562500e+02
6.870000000000000000e+02 5.810415649414062500e+02
1.229000000000000000e+03 9.237580566406250000e+02
8.870000000000000000e+02 6.406184692382812500e+02
8.700000000000000000e+02 6.172567749023437500e+02
3.300000000000000000e+02 7.796880493164062500e+02
8.770000000000000000e+02 8.536260986328125000e+02
1.049000000000000000e+03 8.602806396484375000e+02
8.680000000000000000e+02 8.380292968750000000e+02
1.080000000000000000e+03 8.911957397460937500e+02
1.052000000000000000e+03 8.390958251953125000e+02
1.054000000000000000e+03 8.374757690429687500e+02
8.690000000000000000e+02 8.154850463867187500e+02
3.280000000000000000e+02 6.422968139648437500e+02
3.310000000000000000e+02 5.317459716796875000e+02
1.047000000000000000e+03 8.845031127929687500e+02
5.190000000000000000e+02 8.534505004882812500e+02
1.081000000000000000e+03 8.440069580078125000e+02
3.380000000000000000e+02 7.119016723632812500e+02
5.090000000000000000e+02 7.045971069335937500e+02
1.046000000000000000e+03 8.522175292968750000e+02
6.990000000000000000e+02 7.655046386718750000e+02
3.350000000000000000e+02 5.418940429687500000e+02
8.670000000000000000e+02 5.619114379882812500e+02
6.850000000000000000e+02 8.256224365234375000e+02
3.310000000000000000e+02 7.472740478515625000e+02
1.227000000000000000e+03 9.028269042968750000e+02
3.230000000000000000e+02 6.384642944335937500e+02
8.670000000000000000e+02 8.571671142578125000e+02
8.620000000000000000e+02 8.482274780273437500e+02
8.710000000000000000e+02 8.408807373046875000e+02
3.250000000000000000e+02 6.999276123046875000e+02
3.300000000000000000e+02 7.072031250000000000e+02
3.400000000000000000e+02 6.411481933593750000e+02
6.880000000000000000e+02 8.263413696289062500e+02
1.056000000000000000e+03 9.087279052734375000e+02
1.066000000000000000e+03 8.873737182617187500e+02
8.680000000000000000e+02 8.446688232421875000e+02
7.150000000000000000e+02 8.279048461914062500e+02
8.790000000000000000e+02 8.692982788085937500e+02
1.043000000000000000e+03 8.331890258789062500e+02
6.880000000000000000e+02 7.574571533203125000e+02
5.090000000000000000e+02 7.223141479492187500e+02
1.232000000000000000e+03 8.703975219726562500e+02
8.700000000000000000e+02 8.439646606445312500e+02
1.058000000000000000e+03 7.986912841796875000e+02
8.650000000000000000e+02 8.429539794921875000e+02
5.190000000000000000e+02 7.124121093750000000e+02
8.750000000000000000e+02 7.723179321289062500e+02
3.240000000000000000e+02 6.279141235351562500e+02
3.330000000000000000e+02 5.397376098632812500e+02
5.030000000000000000e+02 7.684390258789062500e+02
5.100000000000000000e+02 7.654335327148437500e+02
3.260000000000000000e+02 6.482332763671875000e+02
5.110000000000000000e+02 8.178960571289062500e+02
3.290000000000000000e+02 6.044266967773437500e+02
1.044000000000000000e+03 8.628166503906250000e+02
1.055000000000000000e+03 8.785675048828125000e+02
1.048000000000000000e+03 7.999862670898437500e+02
3.310000000000000000e+02 6.455241088867187500e+02
5.070000000000000000e+02 6.872521972656250000e+02
6.910000000000000000e+02 8.427864379882812500e+02
3.260000000000000000e+02 6.774600830078125000e+02
3.330000000000000000e+02 6.171058959960937500e+02
6.840000000000000000e+02 8.477633056640625000e+02
3.260000000000000000e+02 6.320154418945312500e+02
6.940000000000000000e+02 7.176185913085937500e+02
6.990000000000000000e+02 6.787474365234375000e+02
8.660000000000000000e+02 8.813405761718750000e+02
6.850000000000000000e+02 8.336976318359375000e+02
8.690000000000000000e+02 7.886141967773437500e+02
3.260000000000000000e+02 7.616243286132812500e+02
6.920000000000000000e+02 5.877861328125000000e+02
3.260000000000000000e+02 6.764581909179687500e+02
1.412000000000000000e+03 8.623460083007812500e+02
8.780000000000000000e+02 8.259479980468750000e+02
3.330000000000000000e+02 5.021607666015625000e+02
5.110000000000000000e+02 6.952054443359375000e+02
6.870000000000000000e+02 8.162545166015625000e+02
1.046000000000000000e+03 8.448511962890625000e+02
1.227000000000000000e+03 7.717979125976562500e+02
8.800000000000000000e+02 7.949783935546875000e+02
3.310000000000000000e+02 6.168771972656250000e+02
5.020000000000000000e+02 6.571301879882812500e+02
6.890000000000000000e+02 7.575761718750000000e+02
5.150000000000000000e+02 5.967145996093750000e+02
1.050000000000000000e+03 8.149380493164062500e+02
5.080000000000000000e+02 6.143854370117187500e+02
6.910000000000000000e+02 6.282431030273437500e+02
6.870000000000000000e+02 6.327653808593750000e+02
8.660000000000000000e+02 8.747736816406250000e+02
8.630000000000000000e+02 7.571057739257812500e+02
6.920000000000000000e+02 7.624747314453125000e+02
6.870000000000000000e+02 8.201972045898437500e+02
7.200000000000000000e+02 6.569852905273437500e+02
6.890000000000000000e+02 6.660554199218750000e+02
6.890000000000000000e+02 6.296599121093750000e+02
6.970000000000000000e+02 7.849708862304687500e+02
1.049000000000000000e+03 7.832617187500000000e+02
5.160000000000000000e+02 6.876672973632812500e+02
6.910000000000000000e+02 7.688619384765625000e+02
5.100000000000000000e+02 7.591506958007812500e+02
1.046000000000000000e+03 8.295921020507812500e+02
6.940000000000000000e+02 8.028275756835937500e+02
3.400000000000000000e+02 7.105524902343750000e+02
6.840000000000000000e+02 6.141742553710937500e+02
8.630000000000000000e+02 8.555625000000000000e+02
1.228000000000000000e+03 8.460587158203125000e+02
